00005   0.2  0.0  0.0 11.0 v   0.12
00011   0.5  0.0  0.0  9.0 v   0.38
00012   1.2  0.5  0.0  8.0 v   0.52
00016   1.2  0.5  0.0  8.5 v   0.23
00020   2.5  0.5  0.0  8.5 v   0.70
00022   0.8  0.8  0.0  9.0 v   0.49
00029   0.5  1.1  0.0  9.0 v   0.90
00045   0.9  0.0  0.0  7.5 v   0.44
00047   4.8  1.4  0.0  6.5 v   3.40
00059   4.8  1.4  0.0  6.0 v   4.50
00060   0.8  0.0  0.0  8.0 v   0.46
00118   2.0  2.0  0.0  6.0 v   1.80
00163   9.0  1.5  0.0  5.0 v   8.00
00192   9.0  1.5  0.0  6.5 v  11.00
00202   0.8  1.1  0.0  9.5 v   2.10
00204   4.8  1.4  0.0  7.0 v   3.30
00271   9.0  1.5  0.0  6.0 v  10.00
00340   0.9  0.0  0.0  8.5 v   0.48
00424   0.9  1.1  0.0  7.0 v   1.50
00426   6.0  1.5  0.0  6.0 v   7.90
00447   4.8  1.4  0.0  6.0 v   4.70
00574   9.0  1.5  0.0  5.0 v  13.00
00622   9.0  1.5  0.0  5.0 v   9.40
00669   4.8  1.4  0.0  6.5 v   4.10
00671   2.5  0.0  0.0  8.0 v   1.70
00694   8.6  3.0  0.0  3.5 v  12.00
00703   4.8  1.4  0.0  7.0 v   4.60
00727   6.0  1.5  0.0  6.0 v   7.80
00733   8.0  1.5  0.0  5.0 v   5.50
00741   6.0  1.5  0.0  6.0 v   5.70
00746   1.2  0.8  0.0  6.5 v   3.10
00801   1.5  0.5  0.0  8.5 v   1.30
00809   0.3  0.5  0.0  9.5 v   0.34
00815   8.0  1.5  0.0  7.0 v   5.80
00829   1.2  0.8  0.0  6.5 v   3.00
00876   3.0  1.5  0.0  5.0 v   4.60
00877   3.8  2.6  0.0  5.0 v   6.20
00893   4.8  1.4  0.0  6.5 v   4.70
00953   4.8  1.4  0.0  7.0 v   4.00
01000   2.6  0.0  0.0  6.0 v   3.10
01001   6.0  3.0  0.0  5.0 v  11.00
01245   6.0  1.5  0.0  6.0 v   5.90
01314  11.6  1.5  0.0  5.5 v   5.80
01316   1.3  0.0  0.0  7.5 v   1.10
01359   6.0  3.0  0.0  5.0 v  16.00
01389   1.1  0.0  0.0  7.5 v   0.72
01428   4.8  1.4  0.0  7.0 v   3.90
01510   1.3  1.0  0.0  9.0 v   2.50
01575   6.0  2.4  0.0  5.5 v   5.90
01589   6.0  2.4  0.0  6.0 v   5.60
01613   1.0  0.5  0.0  8.5 v   0.51
01616   2.0  0.7  0.0  8.0 v   1.10
01642   2.0  0.0  0.0  7.0 v   2.70
01646   1.7  0.0  0.0  7.0 v   1.70
01668   2.0  2.0  0.0  7.5 v   3.70
01680   2.0  0.0  0.0  7.5 v   2.70
01684   1.4  0.0  0.0  8.0 v   1.30
01716   2.0  0.0  0.0  8.0 v   2.10
01804   0.9  1.1  0.0  8.5 v   1.00
01807   4.0  1.5  0.0  5.5 v   4.40
01982   0.6  1.1  0.0  7.5 v   0.73
02121   1.0  0.5  0.0  8.5 v   0.53
02122   1.2  0.7  0.0  8.5 v   1.20
02123   2.0  0.7  0.0  8.0 v   1.10
02124   2.0  0.7  0.0  8.0 v   1.20
02142   3.0  2.2  0.0  6.0 v  10.00
02144   6.0  1.5  0.0  6.0 v   6.70
02173   3.0  1.5  0.0  6.5 v   2.10
02174   5.0  1.5  0.0  5.5 v   4.80
02253   2.8  0.0  0.0  6.5 v   2.00
02255   5.0  1.5  0.0  5.0 v   7.60
02328   1.5  0.7  0.0  8.5 v   1.00
02403   8.0  1.5  0.0  5.0 v  10.00
02422   1.3  0.9  0.0  7.0 v   1.90
02481   8.0  1.5  0.0  4.5 v  21.00
02741   1.3  0.9  0.0  8.5 v   1.90
02801   1.4  2.0  0.0  7.0 v   2.30
02802   6.0  2.4  0.0  5.5 v   4.80
02825   5.0  1.5  0.0  5.5 v   5.50
02826   0.5  0.0  0.0  8.0 v   0.40
03047   1.4  2.0  0.0  6.0 v   2.80
03048   4.0  2.0  0.0  6.5 v   4.80
03081   2.0  1.5  0.0  7.0 v   2.30
03129   2.0  2.0  0.0  6.0 v   3.10
03131   4.0  2.0  0.0  6.5 v   5.50
03158   2.0  2.0  0.0  7.5 v   2.20
03229   1.4  2.0  0.0  7.5 v   3.80
03230   4.0  2.0  0.0  6.0 v   4.60
03271   2.0  0.9  0.0  7.5 v   1.80
03307   5.8  0.0  0.0  5.0 v  13.00
03504   3.0  0.0  0.0  7.0 v   4.80
03530   2.5  0.0  0.0  7.5 v   4.70
03577   4.0  2.0  0.0  7.0 v   4.80
03597   3.0  2.2  0.0  6.5 v   2.70
03598   8.6  3.0  0.0  5.0 v  14.00
03615   0.5  1.1  0.0  8.4 d   0.84
03616   4.9  1.4  0.0  6.5 v   5.60
03669   1.1  1.3  0.0  9.0 v   2.30
03819   4.0  2.0  0.0  6.5 v   5.40
03835   5.0  1.5  0.0  6.0 v   4.70
03890   3.0  1.5  0.0  8.0 v   2.80
03892   6.0  1.5  0.0  6.0 v   6.60
04070   2.0  1.0  0.0  7.5 v   2.40
04071   4.0  2.0  0.0  5.5 v   4.60
04138   2.0  1.0  0.0  6.5 v   2.00
04139   4.0  2.0  0.0  5.5 v   4.50
04159   5.0  1.5  0.0  5.0 v   4.70
04216   2.0  1.5  0.0  7.0 v   3.10
04254   1.6  0.0  0.0  5.5 v   3.70
04255   6.0  2.4  0.0  7.5 v   5.40
04322   4.9  1.4  0.0  5.0 v   5.80
04327   7.6  1.5  0.0  6.5 v   5.20
04362   3.0  1.5  0.0  6.9 d   3.20
04369   2.0  1.0  0.0  7.5 v   3.60
04370   6.0  2.4  0.0  5.5 v   4.70
04391   6.0  2.4  0.0  7.5 v   5.90
04394   2.8  2.6  0.0  5.0 v   7.30
04419   5.0  1.5  0.0  6.5 v   4.60
04420   2.8  2.6  0.0  5.5 v   8.20
04564   2.0  2.0  0.0  7.0 v   2.70
04578   2.0  1.0  0.0  7.0 v   2.80
04579   6.0  2.4  0.0  5.0 v   4.90
04588   2.0  1.0  0.0  8.0 v   3.70
04589   6.0  2.4  0.0  5.5 v   4.70
04597   8.0  2.5  0.0  6.5 v   5.50
04598   4.0  2.0  0.0  6.5 v   6.00
04603   3.1  0.0  0.0  7.0 v   5.60
04614   3.0  0.0  0.0  6.0 v   0.70
04675   2.5  0.0  0.0  6.4 d   3.30
04719   2.0  0.0  0.0  7.5 v   0.74
04783   1.4  2.0  0.0  7.0 v   4.70
04784   6.0  2.4  0.0  5.5 v   5.40
04786   7.6  0.0  0.0  5.0 v  21.00
04793   1.3  1.0  0.0  8.0 d   3.60
04794   4.9  1.4  0.0  5.0 v   6.20
04799   1.4  2.0  0.0  6.5 v   4.80
04800   6.0  2.4  0.0  6.5 v   4.90
04814   2.8  2.6  0.0  5.0 v   7.10
04922   4.0  2.0  0.0  9.0 v   1.30
04964   4.0  2.0  0.0  6.5 v   6.60
05051   6.0  2.4  0.0  7.0 v   4.80
05105   2.0  2.0  0.0  7.0 v   3.50
05117   5.0  1.5  0.0  5.5 v   6.00
05118   2.8  2.6  0.0  5.0 v   6.90
05174   2.0  1.0  0.0  7.0 v   2.30
05175   6.0  2.4  0.0  5.0 v   5.10
05181   6.0  2.4  0.0  7.5 v   4.70
05204   4.0  2.0  0.0  5.5 d  10.00
05218   6.0  2.4  0.0  7.0 v   6.30
05239   6.0  2.4  0.0  5.5 v   4.30
05398   1.1  0.0  0.0  7.0 v   0.90
05555   6.0  2.4  0.0  8.0 v   6.80
05557   1.6  1.2  0.0  7.5 v   1.30
05560   9.6  1.5  0.0  5.0 v  10.00
05580   0.7  1.1  0.0  7.5 v   1.00
05581   1.4  0.7  0.0  8.0 v   0.78
05614   1.6  0.0  0.0  8.5 v   3.70
05615   6.0  2.4  0.0  6.0 v   4.50
05678   0.3  0.9  0.9  9.5 v   1.00
05679   6.0  1.5  0.0  5.0 v   8.00
05680   0.3  0.9  0.9  8.5 v   1.00
05681   0.3  0.9  0.9  8.5 v   1.00
05682   0.3  0.9  0.9  8.5 v   1.00
05683   1.4  2.0  0.0  7.5 v   3.80
05685   6.0  2.4  0.0  5.5 v   5.20
05705   2.0  1.0  0.0  6.0 v   3.20
05707   6.0  2.4  0.0  5.5 v   4.40
05721   2.0  2.0  0.0  6.0 v   3.00
05729   1.8  1.5  0.0  7.0 v   2.20
05730   6.0  2.4  0.0  5.0 v   7.40
05731   5.0  1.5  0.0  6.0 v   8.20
05732   2.8  2.6  0.0  5.5 v   4.30
05846   1.4  2.0  0.0  7.0 v   2.30
05847   6.0  2.4  0.0  6.5 v   4.60
05851   4.0  2.0  0.0  5.5 d  10.00
05907   6.0  2.4  0.0  7.0 v   4.90
05917   5.0  1.5  0.0  5.5 v   4.70
05918   2.8  2.6  0.0  5.0 v   6.80
06019   1.4  2.0  0.0  7.0 v   1.80
06020   6.0  2.4  0.0  5.5 v   4.50
06059   2.0  1.0  0.0  7.0 v   2.30
06061   6.0  2.4  0.0  5.5 v   4.50
06073   3.0  0.0  0.0  6.5 v   0.76
06079   5.0  1.5  0.0  6.0 v   5.20
06080   2.8  2.6  0.0  5.5 v   7.30
06125   6.0  2.4  0.0  7.5 v   6.50
06126   3.0  1.5  0.0  6.5 v   2.80
06127   3.5  0.0  0.0  7.0 v   4.60
06149   6.0  2.4  0.0  6.0 v   4.40
06153   3.0  2.2  0.0  6.0 v  11.00
06154   2.0  2.0  0.0  6.5 v   3.50
06155   8.6  3.0  0.0  5.0 v  16.00
06207   6.0  2.4  0.0  5.5 v   5.10
06212  12.2  3.0  0.0  6.0 v   2.10
06217   1.7  0.0  0.0  7.0 v   1.50
06218   1.3  0.9  0.0  8.0 v   2.70
06235   1.3  1.0  0.0  7.5 v   3.20
06237   4.9  1.4  0.0  7.0 v   5.20
06256   5.0  1.5  0.0  6.0 v   4.70
06257   2.8  2.6  0.0  5.5 v   6.30
06271   6.0  2.4  0.0  7.0 v   6.90
06275   1.6  1.2  0.0  6.5 v   2.10
06305   3.0  1.5  0.0  6.9 d   3.90
06306   6.4  2.0  0.0  7.0 v   5.10
06320   6.0  2.4  0.0  6.5 v   4.90
06323   2.0  1.0  0.0  7.0 v   2.20
06324   6.0  2.4  0.0  5.0 v   4.80
06350   2.0  0.0  0.0  7.0 v   1.80
06392   5.0  1.5  0.0  6.0 v   4.70
06393   2.8  2.6  0.0  5.5 v   7.70
06659   5.0  1.5  0.0  6.5 v   4.20
06660   2.8  2.6  0.0  5.5 v   7.20
06683   6.0  2.4  0.0  7.5 v   6.20
06691   4.0  0.0  0.0  5.5 v   8.00
06708   6.0  2.4  0.0  6.0 v   5.10
06779   8.6  3.0  0.0  3.5 v  21.00
06826   6.0  2.4  0.0  5.5 v   5.30
06829   6.0  2.4  0.0  6.0 v   7.10
06853   6.0  2.4  0.0  5.5 v   5.90
06921   2.0  1.5  0.0  6.0 d   3.50
06965   2.0  1.0  0.0  7.0 v   2.10
06966   6.0  2.4  0.0  5.5 v   5.30
06993   6.0  2.4  0.0  5.5 v   7.70
07003   1.8  1.5  0.0  7.0 v   2.10
07004   6.0  2.4  0.0  5.0 v   6.00
07005   2.0  2.0  0.0  7.0 v   4.50
07009   6.0  2.4  0.0  6.0 v   4.70
07017   2.7  0.0  0.0  6.5 v   5.60
07025   2.0  0.0  0.0  6.8 d   0.31
07032   2.3  0.0  0.0  7.0 v   3.70
07095   6.0  2.4  0.0  8.0 v   4.70
07209   5.0  1.5  0.0  6.0 v   4.10
07210   2.8  2.6  0.0  5.5 v   7.30
07273   6.0  2.4  0.0  7.5 v   6.50
07274   5.0  1.5  0.0  6.0 v   4.50
07275   2.8  2.6  0.0  6.0 v   7.90
07284   6.0  2.4  0.0  7.0 v   5.50
07291   2.0  2.0  0.0  6.0 v   1.90
07297   2.0  2.0  0.0  6.5 v   3.60
07318   4.0  2.0  0.0  5.5 d   5.50
07337   2.0  0.0  0.0  8.0 v   3.00
07338   6.0  2.4  0.0  5.0 v   5.70
07350   6.0  2.4  0.0  6.5 v   4.60
07363   5.0  1.5  0.0  6.0 v   5.10
07364   2.8  2.6  0.0  5.5 v   8.90
07411   1.6  1.2  0.0  6.5 v   2.10
07426   6.0  2.4  0.0  6.5 v   5.60
07433   2.0  1.0  0.0  7.5 v   2.10
07434   6.0  2.4  0.0  5.5 v   4.60
07443   6.0  2.4  0.0  6.5 v   5.90
07477   6.0  2.4  0.0  5.5 v   4.70
07490   5.0  1.5  0.0  6.0 v   4.90
07493   2.8  2.6  0.0  5.5 v   8.20
07529   3.0  1.5  0.0  7.5 v   4.90
07574   5.0  1.5  0.0  6.0 v   4.10
07575   2.8  2.6  0.0  5.5 v   7.60
07578   2.0  2.0  0.0  6.5 d   1.10
07594   6.0  2.4  0.0  6.0 v   4.80
07615   3.0  1.5  0.0  8.0 v   3.20
07616   3.4  0.0  0.0  6.5 v   5.40
07647   1.6  0.6  0.0  8.5 v   1.00
07665   6.0  2.4  0.0  7.0 v   5.40
07686   6.0  2.4  0.0  7.5 v   6.70
07714   5.0  1.5  0.0  5.5 v   4.90
07715   2.8  2.6  0.0  5.5 v   7.60
07718   2.0  2.0  0.0  7.0 v   3.10
07727   2.0  2.0  0.0  5.5 v   3.20
07734   1.1  1.2  0.0  7.0 v   1.20
07735   6.4  2.0  0.0  5.0 v   5.50
07737   6.0  2.4  0.0  6.0 v   4.80
07769   6.0  2.4  0.0  6.5 v   5.20
07816   1.6  1.2  0.0  7.0 v   2.00
07831   6.0  2.4  0.0  7.0 v   6.30
07924   3.0  1.5  0.0  6.9 d   3.90
07946   6.0  1.4  0.0  6.5 v   5.90
08026   5.0  1.5  0.0  6.0 v   6.20
08027   2.8  2.6  0.0  5.5 v   6.80
08063   6.0  1.4  0.0  5.5 v   8.30
08073   6.0  2.4  0.0  6.5 v   5.30
08132   1.5  1.5  0.0  7.0 d   0.90
08133   6.4  2.0  0.0  5.0 v  11.00
08293   5.0  1.5  0.0  6.0 v   5.30
08294   2.8  2.6  0.0  5.5 v   8.60
08295   6.0  2.4  0.0  7.5 v   6.70
08311   4.0  1.0  0.0  7.5 v   3.00
08326   6.0  2.4  0.0  7.0 v   6.00
08343   2.0  1.0  0.0  6.5 v   3.30
08344   6.0  2.4  0.0  5.5 v   4.40
08421   6.0  2.4  0.0  6.0 v   4.80
08458   2.0  1.0  0.0  7.5 v   2.30
08459   6.0  2.4  0.0  6.0 v   4.80
08473   2.0  2.0  0.0  6.0 v   3.00
08482   4.0  2.0  0.0  6.0 v   8.00
08519   5.0  1.5  0.0  6.0 v   4.20
08520   2.8  2.6  0.0  5.5 v   6.20
08597   6.0  2.4  0.0  5.5 v   5.70
08615   6.0  2.4  0.0  7.0 v   6.30
08646   6.0  2.4  0.0  7.5 v   4.50
08688   4.0  2.0  0.0  8.0 v   1.30
08709   0.8  0.9  0.0  5.5 v   1.70
08744   2.0  0.0  0.0  7.0 v   3.10
08746   3.0  0.0  0.0  6.5 v   1.00
08774   3.0  2.0  0.0  6.5 d   2.40
08799   5.0  1.5  0.0  6.0 v   3.60
08800   2.8  2.6  0.0  5.0 v   8.60
08818   0.3  0.9  0.9  7.5 v   2.00
08835   0.3  0.9  0.9  7.5 v   1.00
08836   0.3  0.9  0.9  7.5 v   1.00
08845   5.0  1.5  0.0  7.0 v   4.20
08846   2.8  2.6  0.0  5.5 v   5.70
08874   6.0  2.4  0.0  5.5 v   5.20
08884   0.3  0.9  0.9  8.0 v   1.50
08897   6.0  2.4  0.0  7.5 v   6.20
08916   4.0  2.0  0.0  5.0 d  10.00
08923   2.0  1.0  0.0  7.5 v   2.10
08924   6.0  2.4  0.0  6.0 v   4.50
08956   1.5  1.5  0.0  6.0 v   2.30
09013   6.0  2.4  0.0  5.0 v   6.00
09022   2.0  1.0  0.0  6.5 v   2.20
09023   6.0  2.4  0.0  5.0 v   4.70
09044   6.0  2.4  0.0  6.0 v   4.60
09057   1.3  1.0  0.0  9.0 v   1.90
09062   6.0  2.4  0.0  6.5 v   4.90
09063   3.0  0.0  0.0  6.5 v   6.00
09415   6.4  1.7  0.0  6.5 v   7.00
09443   2.0  1.0  0.0  6.5 v   2.20
09444   6.0  2.4  0.0  6.0 v   4.90
09468   1.0  0.0  0.0  8.3 d   0.22
09481   5.0  1.5  0.0  6.5 v   4.30
09482   2.8  2.6  0.0  5.5 v   8.30
09486   2.0  2.0  0.0  6.0 v   3.20
09494   2.0  2.0  0.0  7.0 v   3.10
09510   6.0  2.4  0.0  5.5 v   5.20
09598   6.0  2.4  0.0  5.0 v   6.50
09613   6.0  2.4  0.0  5.5 v   4.60
09634   3.0  0.0  0.0  7.0 v   4.90
09638   6.0  2.4  0.0  7.5 v   4.30
09661   5.0  1.5  0.0  6.0 v   5.80
09662   2.8  2.6  0.0  5.5 v   6.30
09738   6.0  2.4  0.0  5.5 v   4.90
09786   5.9  2.4  0.0  5.5 v  12.00
09803   4.0  2.0  0.0  5.5 v  10.00
09848   6.0  2.4  0.0  6.0 v   5.00
09903   5.0  1.5  0.0  5.5 v   4.60
09904   2.8  2.6  0.0  5.0 v   8.40
10011   6.0  2.4  0.0  5.0 v   5.10
10020   6.0  2.4  0.0  7.0 v   4.90
10025   8.6  3.0  0.0  3.5 v  20.00
10033   6.4  1.7  0.0  6.5 v   7.00
10062   6.0  1.4  0.0  5.0 v   9.20
10095   2.0  0.0  0.0  7.0 v   3.50
10096   2.6  2.2  0.0  5.0 v   3.70
10114   2.8  2.6  0.0  5.5 v   5.90
10120   2.0  1.0  0.0  7.5 v   2.00
10121   6.0  2.4  0.0  5.5 v   4.90
10138   6.0  2.4  0.0  6.0 v   4.70
10142   6.0  2.4  0.0  6.5 v   5.30
10144   2.5  0.0  0.0  6.5 v   5.20
10184   3.3  0.0  0.0  6.5 v   4.50
10234   1.2  0.0  0.0  7.5 v   1.30
10246   1.2  0.0  0.0  8.0 v   1.00
10293   6.0  2.4  0.0  5.5 v   6.20
10295   6.4  2.0  0.0  6.5 v  10.00
10309   1.2  0.0  0.0  8.0 v   0.89
10355   6.0  2.4  0.0  6.0 v   4.50
10358   2.0  2.0  0.0  6.0 v   2.90
10461   6.0  2.4  0.0  5.5 v   6.20
10490   6.0  1.4  0.0  5.0 v  10.00
10492   6.0  2.4  0.0  5.5 v   5.10
10502   0.3  0.9  0.9  7.5 v   2.00
10513   6.0  2.4  0.0  5.5 v   5.70
10514   5.0  1.5  0.0  6.0 v   4.80
10515   2.8  2.6  0.0  5.0 v   5.20
10517   6.4  2.0  0.0  5.0 v   8.80
10520   2.0  1.0  0.0  7.0 v   2.00
10521   6.0  2.4  0.0  5.0 v   4.60
10529   0.3  0.9  0.9  7.5 v   1.00
10531   3.0  0.0  0.0  6.5 v   4.30
10537   6.0  2.4  0.0  5.5 v   5.10
10539   2.0  2.0  0.0  6.0 v   2.80
10541   2.6  2.2  0.0  5.5 v   5.70
10544   0.3  0.9  0.9  7.5 v   1.00
10582   2.8  2.6  0.0  5.0 v   5.40
10591   6.0  2.4  0.0  7.0 v   6.80
10594   0.3  0.9  0.9  7.5 v   1.00
10600   6.0  2.4  0.0  6.0 v   6.00
10637   4.3  1.3  0.0  6.0 d   7.60
10669   3.0  2.0  0.0  6.0 d   2.50
10674   1.7  1.6  0.0  8.0 v   1.50
10675   0.8  0.9  0.0  6.5 v   1.50
10676   2.0  1.0  0.0  7.0 v   2.30
10677   6.0  2.4  0.0  5.5 v   4.70
10693   6.0  2.4  0.0  5.5 v   4.50
10702   3.0  1.5  0.0  6.5 v   3.00
10704   3.0  2.0  0.0  7.0 v   5.10
10732   6.0  2.4  0.0  6.0 v   4.40
10745   6.0  2.4  0.0  6.0 v   5.60
10777   6.0  2.4  0.0  5.5 v   4.70
10778   4.0  2.0  0.0  6.0 d  10.00
10793   6.0  1.4  0.0  5.0 v  10.00
10820   6.4  1.7  0.0  6.0 v   6.30
10856   6.4  2.0  0.0  6.0 v  11.00
10861   2.8  2.6  0.0  5.0 v   6.20
10918   6.0  2.4  0.0  6.0 v   6.40
10938   6.0  2.4  0.0  7.5 v   6.30
10941   4.0  2.0  0.0  3.5 v  10.00
10954   6.0  1.4  0.0  5.5 v  10.00
10961   2.0  1.0  0.0  7.0 v   4.00
10962   6.0  2.4  0.0  6.0 v   4.60
10967  21.0  1.5  0.0  4.0 v  10.00
10974   2.6  2.2  0.0  5.0 v   5.10
10992   6.0  2.4  0.0  5.5 v   4.50
11051   6.0  2.4  0.0  7.0 v   6.10
11057   4.0  2.0  0.0  6.0 v  15.00
11060   3.7  1.9  0.0  6.5 v   5.50
11080   3.0  2.0  0.0  6.0 v   4.00
11081   6.0  1.4  0.0  5.5 v   8.60
11084   3.0  0.0  0.0  6.0 v   4.50
11087   2.6  2.2  0.0  6.0 v   5.70
11111   2.0  1.0  0.0  7.0 v   2.20
11112   6.0  2.4  0.0  5.5 v   5.80
11136   6.0  2.4  0.0  7.5 v   6.70
11165   5.0  1.5  0.0  6.0 v   5.20
11166   2.8  2.6  0.0  5.5 v   6.10
11170   6.0  2.4  0.0  5.5 v   8.10
11239   6.0  2.4  0.0  5.5 v   4.70
11251   5.0  1.5  0.0  5.5 v   7.30
11267   2.6  2.2  0.0  5.5 v   4.90
11288   5.0  1.5  0.0  6.0 v   4.80
11289   2.8  2.6  0.0  5.0 v   6.20
11304   6.0  2.4  0.0  7.5 v   6.40
11309   6.0  2.4  0.0  6.0 v   5.30
11321   6.0  2.4  0.0  8.0 v   4.90
11327   6.0  2.4  0.0  5.0 v   9.00
11379   6.0  2.4  0.0  6.0 v   4.60
11389   6.4  1.7  0.0  7.0 v   7.00
11397   5.0  2.0  0.0  5.5 v  10.00
11416   3.7  1.9  0.0  5.5 v   5.50
11425   2.0  1.0  0.0  7.0 v   2.30
11427   6.0  2.4  0.0  5.5 v   4.90
11510   2.0  1.0  0.0  7.0 v   2.30
11511   6.0  2.4  0.0  5.0 v   5.00
11546   6.0  2.4  0.0  7.5 v   6.20
11558   4.0  2.0  0.0  4.0 v  10.00
11573   2.0  1.0  0.0  7.5 v   2.10
11574   6.0  2.4  0.0  5.0 v   5.80
11586   6.0  2.4  0.0  6.5 v   5.90
11601   2.8  2.6  0.0  5.5 v   5.90
11605   5.0  1.5  0.0  6.0 v   5.50
11608   2.8  2.6  0.0  5.0 v   6.10
11636   6.0  1.4  0.0  5.5 v  10.00
11668   6.0  2.4  0.0  6.0 v   9.40
11669   3.0  2.0  0.0  6.5 v   8.10
11671   3.0  1.1  0.0  5.0 v   8.00
11672   2.6  2.2  0.0  5.0 v   4.60
11681   6.0  2.4  0.0  5.5 v   6.10
11683   2.8  2.6  0.0  5.0 v   7.30
11699   6.0  2.4  0.0  7.0 v   8.90
11720   0.3  0.9  0.9  7.5 v   2.00
11731   0.3  0.9  0.9  7.5 v   1.00
11732   0.3  0.9  0.9  7.5 v   1.00
11736   6.0  2.4  0.0  6.0 v   4.80
11745   0.3  0.9  0.9  7.5 v   1.00
11751   6.0  2.4  0.0  5.5 v   5.10
11765   2.0  0.0  0.0  6.0 v   4.20
11788   2.0  2.0  0.0  7.0 v   2.80
11804   6.0  2.4  0.0  5.5 v   4.70
11822   2.8  2.6  0.0  5.5 v   5.80
11841   3.0  0.0  0.0  6.5 v   4.00
11849   2.8  2.6  0.0  5.5 v   6.20
11852   0.8  0.5  0.0  9.5 v   2.00
11869   2.0  1.0  0.0  7.0 v   2.10
11870   6.0  2.4  0.0  5.5 v   4.60
11883   6.0  2.4  0.0  7.5 v   6.10
11933   2.8  2.6  0.0  5.0 v   5.80
11962   5.0  1.5  0.0  6.0 v   5.60
11963   2.8  2.6  0.0  5.5 v   6.40
12046   5.0  2.0  0.0  6.5 v  30.00
12054   6.0  0.0  0.0  4.0 v  13.00
12069   8.6  3.0  0.0  3.5 v  21.00
12071   5.0  1.5  0.0  5.5 v   8.80
12072   2.8  2.6  0.0  5.0 v   5.10
12088   6.0  2.4  0.0  6.0 v   4.90
12089   4.0  2.0  0.0  6.0 d   7.50
12092   6.0  2.4  0.0  6.5 v   4.70
12115   6.0  2.4  0.0  7.0 v   6.40
12138   1.8  1.5  0.0  7.0 v   3.00
12139   6.0  2.4  0.0  5.0 v   9.10
12150   6.0  2.4  0.0  5.5 v   5.20
12154   5.0  1.5  0.0  5.5 v   8.80
12155   2.8  2.6  0.0  5.0 v   5.10
12156   4.0  2.0  0.0  5.5 d  16.00
12298   6.0  2.4  0.0  5.5 v   4.80
12319   2.0  2.0  0.0  6.5 v   4.50
12328   6.0  2.4  0.0  7.5 v   5.90
12339   4.0  2.0  0.0  5.5 v  10.00
12363   8.6  3.0  0.0  3.5 v  21.00
12388   1.8  1.5  0.0  7.0 v   3.10
12389   6.0  2.4  0.0  4.5 v   7.40
12409   2.0  2.0  0.0  6.5 v   3.50
12442   2.0  1.0  0.0  7.0 v   2.20
12443   6.0  2.4  0.0  5.5 v   4.60
12445   8.6  3.0  0.0  5.0 v  20.00
12456   5.0  1.5  0.0  6.5 v   5.70
12457   2.8  2.6  0.0  6.0 v   6.90
12464   5.0  1.5  0.0  5.5 v   8.10
12465   2.8  2.6  0.0  5.0 v   6.00
12474   4.0  2.0  0.0  7.0 v   4.00
12497   8.6  3.0  0.0  4.0 v  21.00
12508   6.0  2.4  0.0  5.0 v   5.10
12532   3.4  0.0  0.0  5.7 d   7.20
12545   2.0  1.0  0.0  7.5 v   3.80
12553   3.7  1.9  0.0  7.0 v   3.80
12585   5.0  1.5  0.0  6.0 v   4.90
12586   2.8  2.6  0.0  5.0 v   7.90
12618   4.0  2.0  0.0  5.5 d   6.30
12644   6.0  2.4  0.0  7.5 v   5.70
12645   3.0  0.0  0.0  5.5 v   5.70
12646   2.8  2.6  0.0  5.5 v   5.90
12682   6.0  2.4  0.0  5.5 v   8.90
12783   2.0  2.0  0.0  7.0 v   2.80
12785   6.0  2.0  0.0  5.0 v   7.60
12786   2.6  2.2  0.0  5.5 v   4.00
12791   2.0  1.0  0.0  7.5 v   2.20
12792   6.0  2.4  0.0  5.5 v   8.70
12804   6.0  2.4  0.0  6.0 v   4.80
12836   6.0  2.4  0.0  6.0 v   4.50
12848   2.8  2.0  0.0  5.5 v   8.30
12849   2.6  2.2  0.0  5.0 v   5.10
12854   0.9  0.0  0.0  8.6 d   0.19
12879   3.0  2.0  0.0  5.0 v  10.00
12880   2.6  2.2  0.0  6.0 v   5.40
12889   6.0  1.4  0.0  5.0 v   8.40
12903   5.0  1.5  0.0  5.5 v   8.40
12904   2.8  2.6  0.0  5.0 v   6.20
12930   4.0  2.0  0.0  5.0 d   8.00
12983   6.0  2.4  0.0  5.0 v   6.50
12987   6.0  2.0  0.0  6.0 v  10.00
12988   2.6  2.2  0.0  5.5 v   4.70
13003   6.0  2.4  0.0  5.0 v   6.80
13007   8.6  3.0  0.0  4.5 v  21.00
13012   4.0  2.0  0.0  6.5 v  16.00
13027   2.0  1.0  0.0  7.5 v   2.80
13028   6.0  2.4  0.0  5.5 v   4.40
13034   6.0  2.4  0.0  5.5 v   4.90
13066   6.0  2.4  0.0  5.5 v   4.30
13067   5.0  1.5  0.0  5.0 v   6.90
13068   2.8  2.6  0.0  5.0 v   5.60
13070   4.0  2.0  0.0  6.0 v  15.00
13080   4.0  2.0  0.0  6.5 v   9.30
13083   5.0  2.0  0.0  5.5 d   4.40
13086   4.0  2.0  0.0  6.5 v  10.00
13092   3.0  0.0  0.0  6.0 d   1.90
13111   6.0  2.4  0.0  6.5 v   5.40
13113   5.0  1.5  0.0  6.0 v   6.00
13114   2.6  2.2  0.0  5.5 v   5.80
13120   5.0  1.5  0.0  6.0 v   8.80
13121   2.8  2.6  0.0  5.0 v   6.00
13128   6.0  2.4  0.0  7.0 v   4.90
13148   2.0  1.0  0.0  7.5 v   2.10
13149   6.0  2.4  0.0  5.5 v   6.60
13153   5.0  1.5  0.0  6.0 v  10.00
13154   2.8  2.6  0.0  5.5 v   5.90
13168   6.0  2.4  0.0  5.0 v   6.60
13172   0.3  0.9  0.0  8.5 v   0.50
13175   2.0  2.0  0.0  6.0 v   2.20
13241   2.0  1.0  0.0  7.0 v   2.20
13242   6.0  2.4  0.0  5.5 v   5.00
13243   2.0  2.0  0.0  6.5 v   3.10
13260   6.0  2.4  0.0  5.5 v   7.60
13271   6.0  2.0  0.0  5.5 v   8.90
13272   2.6  2.2  0.0  5.5 v   4.50
13301   2.1  2.0  0.0  7.0 v   3.80
13302   6.0  2.4  0.0  5.5 v   5.10
13354   6.0  2.4  0.0  5.5 v   4.80
13367   4.0  2.0  3.7  6.0 v  10.00
13386   6.0  2.4  0.0  7.5 v   6.00
13402   5.0  1.5  0.0  6.0 v   9.00
13403   2.8  2.6  0.0  5.0 v   7.20
13552   6.0  2.0  0.0  5.0 v   8.30
13553   2.6  2.2  0.0  5.5 v   5.10
13589   3.0  2.0  0.0  6.0 v  12.00
13590   2.6  2.2  0.0  5.5 v   4.80
13600   2.0  2.0  0.0  7.0 v   2.50
13606   4.0  2.0  0.0  5.5 d   6.30
13618   6.0  2.4  0.0  5.5 v   4.60
13624   3.0  0.0  0.0  6.0 d   2.40
13648   2.0  1.0  0.0  8.0 v   2.80
13649   6.0  2.4  0.0  5.5 v   5.00
13669   4.0  2.0  0.0  6.5 v  28.00
13718   5.0  1.5  0.0  6.0 v   5.10
13719   2.6  2.0  0.0  5.5 v   5.90
13736   6.4  1.7  0.0  6.5 v   5.60
13758   6.0  2.4  0.0  5.5 v   5.10
13769   6.0  2.4  0.0  5.5 v   6.20
13770   5.0  1.5  0.0  5.5 v   8.30
13771   2.8  2.6  0.0  5.0 v   6.60
13777   3.6  2.0  0.0  6.0 v   3.30
13778   6.4  2.0  0.0  5.5 v   8.00
13791   0.3  0.9  0.9  7.5 v   2.00
13818   5.0  1.5  0.0  5.5 v   9.10
13819   2.8  2.6  0.0  5.5 v   5.40
13844   0.3  0.9  0.9  7.5 v   1.00
13845   0.3  0.9  0.9  7.5 v   1.00
13874   0.3  0.9  0.9  7.5 v   1.00
13916   2.1  2.0  0.0  7.0 v   2.20
13917   6.0  2.4  0.0  5.5 v   5.50
13923   3.7  1.9  0.0  6.5 v   6.80
13950   6.0  2.4  0.0  6.5 v   4.80
13991   2.0  1.0  0.0  7.0 v   2.20
13992   6.0  2.4  0.0  5.0 v   5.70
14032   6.0  2.0  0.0  4.5 v   6.20
14033   2.6  2.2  0.0  5.0 v   5.10
14051   5.9  2.4  0.0  5.0 v  10.00
14059   6.0  2.4  0.0  5.0 v   5.00
14064   6.0  2.0  0.0  5.0 v  11.00
14077   5.0  2.0  0.0  6.5 v   4.90
14085   6.0  2.4  0.0  5.0 v   8.10
14096   7.0  2.4  0.0  5.0 v   9.40
14112   0.3  0.9  0.9  7.0 v   2.00
14128   3.0  2.0  0.0  5.5 d   6.10
14139   0.8  0.5  0.0  9.0 v   0.50
14143   0.3  0.9  0.9  7.0 v   1.00
14144   0.3  0.9  0.9  7.5 v   1.00
14147   6.0  2.0  0.0  5.0 v   8.50
14148   2.6  2.2  0.0  5.5 v   5.40
14160   3.0  0.0  0.0  6.5 v   1.40
14179   6.0  2.4  0.0  5.0 v   7.10
14180   0.3  0.9  0.9  7.5 v   1.00
14207   6.0  1.4  0.0  5.5 v   6.20
14208   2.8  2.6  0.0  5.0 v   6.50
14240   2.0  1.0  0.0  6.5 v   2.10
14241   6.0  2.4  0.0  5.5 v   4.60
14328   4.0  2.0  0.0  5.5 d   5.70
14372   3.0  1.1  0.0  5.5 v  11.00
14373   2.6  2.2  0.0  5.5 v   5.30
14401   2.0  1.0  0.0  7.0 v   2.20
14402   6.0  2.4  0.0  5.5 v   5.50
14451   6.0  2.4  0.0  6.0 v   4.50
14452   5.0  1.5  0.0  5.5 v   6.10
14453   3.8  2.6  0.0  5.0 v   6.10
14483   1.8  1.5  0.0  7.5 v   3.10
14484   6.0  2.4  0.0  5.0 v   4.90
14506   6.4  1.7  0.0  5.5 v   5.70
14521   3.0  2.0  0.0  5.0 v   9.10
14522   2.6  2.2  0.0  6.0 v   4.90
14532   3.0  0.0  0.0  6.0 d   1.80
14547   6.0  2.4  0.0  5.5 v   5.10
14551   6.0  2.0  0.0  6.0 v   8.20
14552   2.6  2.2  0.0  5.5 v   5.00
14619   6.0  2.4  0.0  7.0 v   6.60
14625   6.0  2.4  0.0  5.5 v   5.10
14670   2.4  2.0  0.0  7.0 v   4.00
14675   4.0  2.0  0.0  5.0 v   8.00
14680   6.0  2.4  0.0  5.5 v   4.40
14690   0.3  0.9  0.9  7.0 v   2.00
14694   2.0  1.0  0.0  7.0 v   2.20
14699   6.0  2.0  0.0  5.0 v   7.70
14700   2.6  2.2  0.0  5.5 v   4.50
14728   0.3  0.9  0.9  7.5 v   1.00
14729   0.3  0.9  0.9  7.5 v   1.00
14759   2.1  2.0  0.0  7.0 v   2.10
14760   6.0  2.4  0.0  5.5 v   4.80
14780   4.0  2.0  3.7  5.5 v  10.00
14781   0.6  0.4  0.4  9.0 v   0.49
14786   3.0  2.0  0.0  6.0 d   3.10
14795   0.3  0.9  0.9  7.5 v   1.00
14819   6.0  2.0  0.0  5.5 v   8.90
14820   2.6  2.2  0.0  5.5 v   4.10
14821   3.0  2.0  0.0  6.0 d   4.50
14930   4.0  0.0  0.0  6.0 v   8.00
14966   6.0  2.4  0.0  5.5 v   5.50
14974   6.0  2.4  0.0  5.0 v   5.50
14985   1.8  1.4  1.4  6.5 v  12.00
15006   6.0  2.4  0.0  5.0 v   6.30
15031   2.0  1.0  0.0  7.0 v   2.10
15032   6.0  2.4  0.0  5.5 v   5.70
15055   2.1  2.0  0.0  7.0 v   3.00
15056   6.0  2.4  0.0  5.5 v   4.80
15071   0.3  0.9  0.0  7.0 v   0.50
15078   6.0  2.4  0.0  6.0 v   4.80
15085   2.0  2.0  0.0  6.5 v   2.50
15099   5.0  1.5  0.0  6.0 v   5.30
15100   2.6  2.2  0.0  5.5 v   4.80
15171   3.0  2.0  0.0  5.0 v  11.00
15172   2.6  2.2  0.0  6.0 v   5.40
15202   7.0  1.4  0.0  5.5 v  11.00
15214   4.0  2.0  0.0  5.5 d  15.00
15244   2.5  1.5  0.0  7.0 v   3.30
15293   6.0  2.4  0.0  5.5 v   4.70
15331   3.0  1.1  0.0  6.0 v  11.00
15332   2.6  2.2  0.0  5.5 v   5.20
15333   6.0  2.0  0.0  5.0 v   7.10
15334   5.5  4.0  0.0  6.0 v  14.00
15354   4.4  1.5  0.0  5.0 v   6.20
15360   6.0  2.4  0.0  5.0 v   7.50
15369   6.0  2.0  0.0  5.0 v   8.20
15370   2.6  2.2  0.0  5.5 v   4.30
15378   2.0  2.0  0.0  5.0 v   2.70
15385   4.0  2.0  0.0  5.5 v   7.20
15392   6.4  2.0  0.0  5.0 v  11.00
15399   6.0  2.4  0.0  5.5 v   4.80
15427   3.7  1.9  0.0  6.0 v   6.80
15429   4.0  2.0  0.0  5.5 d  15.00
15453   4.0  2.0  0.0  5.5 d  10.00
15475   2.6  2.2  0.0  5.5 v   6.50
15482   2.0  1.0  0.0  7.0 v   2.30
15483   6.0  2.4  0.0  5.5 v   5.10
15494   6.0  2.0  0.0  4.5 v   6.50
15495   2.6  2.2  0.0  5.5 v   4.20
15506   6.0  2.4  0.0  5.5 v   5.10
15516   5.0  1.5  0.0  6.0 v   6.30
15517   2.6  2.2  0.0  5.5 v   4.80
15543   4.0  2.0  0.0  5.5 d  10.00
15560   4.0  2.0  0.0  5.5 d   6.60
15592   6.0  2.0  0.0  5.0 v   7.60
15593   2.6  2.2  0.0  5.0 v   4.50
15595   3.0  2.0  0.0  5.5 v  10.00
15596   2.0  1.5  0.0  7.0 v   2.30
15598   6.0  2.4  0.0  5.0 v   4.40
15625   6.0  2.4  0.0  5.0 v   6.30
15629   5.0  2.0  0.0  6.5 v   3.60
15677   4.0  2.0  0.0  6.5 v   1.60
15698   3.0  2.0  0.0  7.0 v   1.40
15752   6.0  2.4  0.0  5.0 v   6.00
15755   6.0  2.0  0.0  5.0 v  14.00
15772   5.5  4.0  0.0  5.0 v  15.00
15821   3.0  2.0  0.0  5.0 v  10.00
15822   2.6  2.2  0.0  6.0 v   5.10
15889   6.0  2.0  0.0  5.0 v   8.70
15890   2.6  2.2  0.0  5.5 v   5.00
15930   2.0  2.0  0.0  6.0 v   3.00
15944   6.0  2.0  0.0  5.0 v  10.00
15945   2.6  2.2  0.0  5.5 v   5.30
15946   4.0  2.0  0.0  5.5 d   6.10
15986   2.0  2.0  0.0  6.5 v   2.70
15994   3.0  0.0  0.0  7.0 v   3.80
16011   2.0  1.0  0.0  7.0 v   2.20
16012   6.0  2.4  0.0  5.0 v   9.10
16101   4.0  0.0  0.0  5.5 v   5.90
16111   2.8  2.6  0.0  5.0 v   5.80
16144   2.6  2.2  0.0  5.5 v   7.80
16181   3.0  2.0  0.0  7.0 v   3.90
16182  10.4  3.9  0.0  4.0 v  12.00
16191   4.2  1.4  0.0  6.5 v   5.90
16194   2.6  2.2  0.0  6.0 v   5.20
16262   3.0  2.0  0.0  5.5 v   6.10
16263   2.6  2.2  0.0  5.5 v   5.40
16292   6.0  2.4  0.0  6.0 v   4.80
16326   6.0  2.0  0.0  5.0 v   8.00
16327   2.6  2.2  0.0  5.5 v   4.70
16369   6.0  2.4  0.0  5.0 v   4.60
16393   4.0  2.0  0.0  6.0 v  15.00
16408   5.0  1.5  0.0  6.0 v   5.70
16409   2.6  2.2  0.0  5.5 v   4.70
16457   6.0  2.4  0.0  5.5 v   7.20
16494   6.0  2.4  0.0  5.0 v   4.50
16495   6.0  2.0  0.0  4.5 v  10.00
16496   2.6  2.2  0.0  5.5 v   4.20
16511   6.0  2.4  0.0  5.0 v   4.60
16591   0.3  0.9  0.9  7.5 v   2.00
16593   3.0  2.0  0.0  6.0 v  10.00
16594   2.6  2.2  0.0  6.0 v   5.50
16611   6.0  2.0  0.0  5.5 v  10.00
16612   2.6  2.2  0.0  5.0 v   5.00
16613   4.7  1.8  1.8  6.0 v  10.00
16614   1.8  0.5  0.0  7.5 v   3.70
16615   4.7  0.0  0.0  5.0 v   7.10
16623   0.3  0.9  0.9  7.0 v   1.00
16624   0.3  0.9  0.9  7.0 v   1.00
16631   0.3  0.9  0.9  7.0 v   1.00
16647   2.0  2.0  0.0  7.0 v   3.20
16681   2.0  1.0  0.0  7.0 v   2.20
16682   6.0  2.4  0.0  5.5 v   4.80
16719   6.0  2.0  0.0  5.0 v  10.00
16720   2.6  2.2  0.0  5.5 v   3.50
16728   6.0  2.4  0.0  5.0 v   8.40
16735   5.0  1.5  0.0  6.0 v   4.90
16736   2.6  2.2  0.0  5.5 v   4.90
16766   6.0  2.4  0.0  6.0 v   6.40
16769   3.0  0.0  0.0  6.0 d   4.40
16791   6.0  2.0  0.0  5.5 v   8.40
16792   2.6  2.2  0.0  5.5 v   4.90
16799   6.0  2.4  0.0  6.5 v   5.20
16860   2.0  1.0  0.0  7.0 v   2.40
16864   6.0  2.4  0.0  5.0 v   4.90
16865   4.0  2.0  0.0  6.5 v   6.70
16866   3.0  2.0  0.0  6.5 v   3.70
16881   3.0  1.1  0.0  5.5 v  10.00
16882   2.6  2.2  0.0  5.5 v   5.10
16908   2.2  0.0  0.0  5.0 v   4.10
16910  13.5  2.5  0.0  5.0 v  11.00
16917   2.0  2.0  0.0  6.5 v   3.90
16952   2.0  1.0  0.0  6.5 v   2.00
16953   6.0  2.4  0.0  5.5 v   8.70
16969   3.7  1.9  0.0  7.5 v   5.50
16986   6.0  2.0  0.0  5.0 v  10.00
16987   2.6  2.2  0.0  5.5 v   4.80
17046   4.0  2.0  0.0  5.5 d   5.50
17067   6.0  2.4  0.0  6.0 v   4.90
17083   3.0  0.0  0.0  6.5 v   2.20
17122   1.5  0.0  0.0  6.5 v   0.82
17129   3.6  0.0  0.0  5.6 d   5.50
17146   6.0  2.4  0.0  5.0 v   8.10
17160   6.0  2.4  0.0  5.0 v   5.10
17177   3.0  2.0  0.0  4.5 v  10.00
17178   2.6  2.2  0.0  6.0 v   4.80
17191   6.0  2.0  0.0  5.5 v   8.70
17192   2.6  2.2  0.0  5.5 v   4.80
17240   6.0  2.4  0.0  5.5 v   5.20
17241   5.0  1.5  0.0  6.0 v   8.10
17242   2.6  2.2  0.0  5.5 v   5.10
17290   5.0  1.5  0.0  5.5 v   5.00
17291   2.6  2.2  0.0  5.5 v   4.70
17295   6.0  2.0  0.0  5.0 v   7.60
17296   2.6  2.2  0.0  5.5 v   4.60
17303   2.0  1.0  0.0  7.0 v   2.20
17304   6.0  2.4  0.0  5.5 v   5.30
17360   6.0  2.4  0.0  5.5 v   4.60
17369   6.0  2.0  0.0  5.0 v   7.50
17526   6.0  2.4  0.0  5.0 v   4.60
17527   2.4  1.5  1.3  5.5 v   3.70
17528  10.3  2.5  0.0  5.0 v  10.00
17535   3.0  2.0  0.0  5.0 v  14.00
17536   2.6  2.2  0.0  5.5 v   6.40
17566   6.0  2.0  0.0  4.5 v   9.20
17567   2.6  2.2  0.0  5.5 v   4.90
17588   2.6  2.2  0.0  6.0 v   5.50
17589   6.0  2.0  0.0  5.5 v   5.10
17590  10.4  3.9  0.0  4.0 v  12.00
17911   6.0  2.0  0.0  5.5 v  10.00
17912   2.6  2.2  0.0  5.5 v   5.30
17969   3.0  0.0  0.0  5.5 v   3.50
17973   6.0  2.0  0.0  5.0 v  16.00
17974  10.4  3.9  0.0  4.0 v  10.00
17997   3.0  1.5  0.0  7.0 v   3.00
18009   0.3  0.9  0.9  7.0 v   1.00
18010   0.3  0.9  0.9  7.0 v   1.00
18025   0.3  0.9  0.9  7.0 v   1.00
18095   2.0  1.0  0.0  7.0 v   2.10
18096   6.0  2.4  0.0  5.5 v   8.70
18121   6.0  2.4  0.0  7.0 v   6.60
18122   2.0  2.0  0.0  6.0 v   3.00
18123   6.4  1.7  0.0  6.5 v   3.60
18129   2.1  2.0  0.0  7.0 v   2.00
18130   6.0  2.4  0.0  5.5 v   5.20
18152   6.0  2.0  0.0  5.5 v  11.00
18153   2.6  2.2  0.0  5.5 v   4.80
18161   6.0  2.4  0.0  5.5 v   5.10
18187   6.0  2.0  0.0  5.0 v   7.20
18214   6.0  2.0  0.0  5.5 v  11.00
18215   2.6  2.2  0.0  5.5 v   4.30
18312   5.0  1.5  0.0  6.0 v   4.40
18313   2.6  2.2  0.0  5.5 v   5.00
18340   2.6  2.2  0.0  6.0 v   8.60
18351   3.0  2.0  0.0  3.5 v   5.00
18403   6.0  2.4  0.0  5.5 v   4.80
18421   6.0  2.0  0.0  5.0 v   7.80
18422   2.6  2.2  0.0  5.5 v   4.80
18570   4.0  0.0  0.0  6.5 v   3.60
18583   4.0  2.0  0.0  5.5 v  10.00
18585   2.0  1.0  0.0  6.5 v   2.30
18586   6.0  2.4  0.0  5.0 v   4.80
18631   4.0  2.0  0.0  5.5 d   4.30
18665   2.2  2.0  0.0  6.0 v   3.80
18710   6.0  2.4  0.0  5.5 v   8.10
18748   6.0  2.0  0.0  5.5 v   8.50
18749   2.6  2.2  0.0  5.5 v   4.90
18794   2.6  2.2  0.0  6.0 v   4.80
18820   5.0  1.5  0.0  6.5 v   6.00
18821   2.6  2.2  0.0  5.5 v   4.70
18822   6.4  1.7  0.0  6.5 v   5.60
18945   6.0  2.4  0.0  7.5 v   6.50
18951   4.0  2.0  0.0  5.5 v   4.50
18952   4.0  2.0  0.0  5.5 d   3.00
18957   4.0  2.0  0.0  5.5 v   2.40
18958   6.0  2.0  0.0  5.5 v   8.60
18959   2.6  2.2  0.0  5.5 v   4.40
18960   3.0  2.0  2.0  6.0 v   4.50
18961   2.8  2.6  0.0  5.5 v   5.20
18986   6.0  2.4  0.0  5.0 v   4.80
19017   3.0  0.0  0.0  5.5 v   2.70
19038   2.0  1.0  0.0  6.5 v   3.00
19039   6.0  2.4  0.0  5.0 v   8.40
19045   6.0  1.4  0.0  5.5 v   6.00
19046   2.8  2.6  0.0  5.0 v   7.00
19073   3.0  2.0  0.0  6.0 d   4.00
19090   3.0  2.0  0.0  6.0 d   6.30
19119   6.0  2.0  0.0  4.5 v  14.00
19120  10.4  3.9  0.0  3.5 v  11.00
19195   3.0  2.0  0.0  4.5 v  11.00
19196   2.6  2.2  0.0  6.0 v   5.60
19210   6.0  2.0  0.0  4.5 v  12.00
19211   2.6  2.2  0.0  5.5 v   4.90
19217   3.0  2.0  0.0  6.0 d  10.00
19256   2.0  1.0  0.0  7.0 v   2.20
19257   6.0  2.4  0.0  5.5 v   4.70
19274   3.0  1.1  0.0  5.5 v  11.00
19275   2.6  2.2  0.0  5.0 v   5.40
19325   6.0  2.4  0.0  5.5 v   9.00
19331   3.0  2.0  0.0  6.5 v   6.70
19336   4.2  1.4  0.0  5.5 v   6.30
19337   2.6  2.2  0.0  6.0 v   5.20
19397   3.0  0.0  0.0  6.5 v   5.10
19460   6.0  3.0  0.0  5.5 v   3.00
19467   5.0  1.3  0.0  6.0 v   2.90
19468   6.0  2.0  0.0  5.5 v  10.00
19483   4.0  2.0  0.0  6.5 v  10.00
19531   3.7  1.9  0.0  5.5 v   5.20
19573   6.0  2.0  0.0  5.0 v   5.00
19574   2.6  2.2  0.0  5.0 v   5.20
19621   4.0  0.0  0.0  6.5 v  22.00
19649   6.0  2.0  0.0  5.0 v  12.00
19650  10.4  3.9  0.0  3.5 v  14.00
19750   3.0  2.0  0.0  7.0 v   0.84
19765   3.0  0.0  0.0  6.5 v   4.60
19769   2.0  1.0  0.0  7.0 v   2.20
19770   6.0  2.4  0.0  5.5 v   4.40
19791   2.6  2.2  0.0  5.5 v   4.80
19822   1.0  0.0  0.0  7.5 v   3.30
19827   6.0  2.4  0.0  5.5 v   5.10
19851   5.0  1.5  0.0  6.0 v   5.30
19852   2.6  2.2  0.0  6.0 v   5.30
19910   6.0  2.4  0.0  5.0 v   8.60
19919   2.5  1.9  2.2  3.5 v   4.10
19922   6.0  2.4  0.0  5.0 v   5.50
19976   4.0  2.0  0.0  5.0 d   8.00
20040   2.4  2.6  2.2  6.5 v   3.70
20046   6.0  2.4  0.0  5.0 v   5.20
20066   4.0  2.0  0.0  6.5 v   8.00
20083   4.0  2.0  0.0  5.5 d   1.50
20103   2.1  2.0  0.0  7.0 v   2.50
20104   6.0  2.4  0.0  5.0 v   5.50
20107   3.0  0.0  0.0  6.0 d   4.50
20122   4.0  2.0  0.0  6.5 v   4.50
20150   6.0  2.4  0.0  5.0 v   4.80
20168   4.0  0.0  0.0  6.0 d  10.00
20169   4.5  3.0  0.0  6.5 v   8.90
20196   3.0  2.0  0.0  4.5 v  10.00
20197   2.6  2.2  0.0  5.5 v   5.60
20238   2.6  2.2  0.0  5.5 v   6.90
20253   3.0  2.0  0.0  6.0 d  20.00
20261   4.0  0.0  0.0  6.0 v   7.50
20262   2.6  2.2  0.0  6.5 v   6.00
20263   3.0  0.0  0.0  6.0 d   4.50
20303   5.9  2.4  0.0  5.0 v  11.00
20305   4.2  1.4  0.0  6.0 v   7.60
20306   2.6  2.2  0.0  5.5 v   5.20
20322   4.9  8.5  0.0  6.0 v  17.00
20323   7.0  2.4  0.0  5.5 v  10.00
20344   4.0  2.0  0.0  6.5 v  10.00
20355   4.0  2.0  0.0  5.5 d  10.00
20362   5.9  2.4  0.0  5.5 v  10.00
20432   2.0  1.0  0.0  7.0 v   2.20
20433   6.0  2.4  0.0  5.0 v   6.70
20436   4.7  1.8  1.8  6.0 v   7.20
20439   0.2  0.2  0.2 11.3 d   0.12
20440   0.2  0.2  0.2 11.3 d   0.16
20441   0.2  0.2  0.2 11.3 d   0.12
20442   0.2  0.2  0.2 11.3 d   0.16
20443   9.9  2.6  0.0  5.0 v  10.00
20453   5.9  2.4  0.0  5.5 v  11.00
20465   6.0  2.0  0.0  5.0 v   9.30
20466   2.6  2.2  0.0  5.0 v   5.20
20478   2.4  1.5  1.3  5.5 v   3.50
20479   1.9  0.5  0.0  8.0 v   0.54
20480   0.5  0.4  0.0  8.0 v   0.30
20491  10.3  2.5  0.0  5.0 v   8.10
20508   2.1  2.0  0.0  6.5 v   2.70
20509   6.0  2.4  0.0  5.5 v   9.40
20510   3.0  1.1  0.0  5.5 v  11.00
20511   2.6  2.2  0.0  5.0 v   4.60
20528   6.0  2.4  0.0  5.0 v   9.20
20547   0.3  0.0  0.0 10.0 v   0.18
20557   6.0  2.4  0.0  5.5 v   6.40
20571   5.9  2.4  0.0  5.0 v  11.00
20578   6.0  2.4  0.0  5.0 v   4.80
20580  13.3  4.3  0.0  3.0 v  36.00
20607   0.4  0.6  0.0  9.5 v   0.39
20608   0.4  0.6  0.0  9.0 v   0.56
20624   6.0  2.0  0.0  5.0 v  12.00
20625  10.4  3.9  0.0  3.5 v  17.00
20638   4.8  2.3  4.4  6.0 v   7.70
20641   3.0  2.0  0.0  6.5 v   6.00
20642   3.0  2.0  0.0  5.5 v   5.00
20663   3.4  1.6  0.0  5.5 v   9.00
20666   2.8  2.6  0.0  5.5 v   4.50
20670   5.0  1.5  0.0  6.5 v   4.80
20671   2.6  2.2  0.0  5.5 v   5.40
20691   3.0  2.0  0.0  5.5 v   5.00
20692   3.0  2.0  0.0  5.5 v   5.00
20705   4.0  0.0  0.0  4.5 v   2.80
20720   3.0  2.0  0.0  5.0 v  11.00
20721   2.6  2.2  0.0  5.0 v   5.90
20741   2.6  2.2  0.0  5.5 v   6.20
20763   6.4  2.5  0.0  5.5 v  10.00
20771   5.0  2.0  0.0  4.5 v   1.40
20774   1.8  1.5  0.0  7.0 v   3.10
20775   6.0  2.4  0.0  5.0 v  10.00
20777   3.0  2.0  0.0  6.5 v   5.20
20788   5.0  1.3  0.0  6.0 v   3.30
20791   4.0  2.0  0.0  6.5 v   7.90
20805   6.0  2.4  0.0  5.0 v   7.00
20826   5.0  1.5  0.0  5.5 v   4.80
20827   2.6  2.2  0.0  5.5 v   5.20
20847   2.5  1.0  0.0  5.5 v   2.20
20849   2.4  1.5  0.0  7.0 v   1.30
20855   3.8  2.0  0.0  5.5 v   8.40
20923   3.0  2.0  0.0  6.5 v   2.30
20945   4.0  2.0  0.0  5.5 d   8.00
20946   4.0  2.0  0.0  6.5 v   7.20
20963   4.0  2.0  0.0  5.5 d   8.00
20978   6.4  1.7  0.0  6.5 v   5.00
21014   2.0  1.0  0.0  7.0 v   2.20
21015   6.0  2.4  0.0  5.5 v   9.10
21016   4.0  2.0  0.0  5.5 d   4.00
21034   2.6  2.2  0.0  6.0 v   4.80
21048   5.9  2.4  0.0  5.0 v  12.00
21055   3.0  2.0  0.0  6.5 v   4.20
21087   2.1  2.0  0.0  6.5 v   2.20
21088   6.0  2.4  0.0  5.0 v   5.20
21089   2.1  2.0  0.0  6.5 v   2.10
21090   6.0  2.4  0.0  5.0 v   4.90
21108   6.0  2.4  0.0  5.0 v   5.60
21131   6.0  2.4  0.0  6.0 v  10.00
21132   4.0  2.0  0.0  5.5 d   4.10
21147  18.0  4.5  0.0  3.5 v  20.00
21152   2.1  2.0  0.0  7.0 v   2.90
21153   6.0  2.4  0.0  5.0 v   7.50
21222   4.0  0.0  0.0  5.5 d   6.70
21228   5.9  2.4  0.0  5.0 v  12.00
21231   6.0  2.4  0.0  5.5 v   9.30
21232   4.2  1.4  0.0  6.0 v   9.00
21233   2.6  2.2  0.0  5.5 v   4.90
21263   3.7  1.9  0.0  5.5 v   3.10
21305   2.6  2.2  0.0  5.5 v   5.30
21392   4.0  1.5  0.0  6.0 d   5.90
21393   5.9  2.4  0.0  4.5 v  11.00
21397   3.0  1.1  0.0  5.5 v  10.00
21398   2.6  2.2  0.0  5.5 v   5.20
21418   2.0  1.0  0.0  6.5 v   2.10
21419   6.0  2.4  0.0  5.5 v   4.60
21422   6.0  2.0  0.0  5.0 v  11.00
21423   2.6  2.2  0.0  5.5 v   5.00
21533   3.0  0.0  0.0  5.5 v   3.80
21574   3.5  2.0  2.0  6.0 v  15.00
21575   0.2  0.0  0.0 11.8 d   0.34
21610   9.9  2.6  0.0  4.5 v  19.00
21655   4.2  1.4  0.0  6.0 v   6.90
21656   2.6  2.2  0.0  5.5 v   5.10
21667   6.0  2.4  0.0  5.0 v   5.10
21668   5.0  2.0  0.0  6.0 v   2.40
21688   3.0  2.0  2.0  6.0 v   4.80
21689   2.8  2.6  0.0  6.0 v   5.70
21695   3.0  1.4  0.0  5.5 v   3.20
21701   9.8  4.6  0.0  3.5 v  32.00
21734   2.6  2.2  0.0  5.0 v   7.50
21759   3.0  0.0  0.0  7.0 v   3.60
21775   3.0  2.0  0.0  6.0 v   6.00
21785   2.6  2.2  0.0  6.0 v   5.20
21789   4.0  0.0  0.0  6.5 v   5.60
21797   6.0  2.4  0.0  5.0 v   4.80
21798   6.4  1.7  0.0  6.5 v   5.10
21799   3.0  2.0  0.0  5.5 v   5.00
21805   4.0  2.0  0.0  6.0 d   8.00
21808   3.0  2.0  0.0  5.5 v   5.00
21809   3.0  2.0  0.0  5.5 v   5.00
21813   4.0  2.0  0.0  5.5 d  13.00
21819   3.0  0.0  0.0  5.5 v   8.60
21820   2.6  2.2  0.0  5.5 v   5.40
21876   6.0  2.4  0.0  5.5 v  10.00
21891   5.9  2.4  0.0  5.0 v  11.00
21893   2.4  2.6  2.2  6.5 v  10.00
21903   6.0  2.4  0.0  5.0 v   8.30
21922   3.0  0.0  0.0  6.0 d   6.30
21931   5.9  2.4  0.0  5.0 v  12.00
21938   6.0  2.4  0.0  5.0 v   4.20
21949   6.0  3.0  0.0  5.5 v   5.00
21965   5.9  2.4  0.0  5.0 v  12.00
21984   6.0  2.4  0.0  5.5 v   7.80
21989   4.0  2.0  0.0  6.5 d   9.20
22007   6.0  2.4  0.0  5.5 v   6.80
22012   2.0  1.0  0.0  8.5 v   0.70
22015   5.9  2.4  0.0  5.0 v   8.00
22040   2.6  2.2  0.0  5.5 v   4.70
22041   3.0  0.0  0.0  6.0 d   8.20
22076   3.0  0.0  0.0  5.0 v   9.10
22077   0.5  0.0  0.0  9.8 d   0.32
22079   9.9  2.6  0.0  4.5 v  17.00
22080   2.0  1.0  0.0  7.0 v   2.00
22081   6.0  2.4  0.0  5.5 v  10.00
22096   4.0  2.0  0.0  5.5 d   7.00
22097   5.9  2.4  0.0  5.0 v  12.00
22109   5.9  2.4  0.0  5.0 v   9.10
22161   2.0  0.0  0.0  7.0 v   2.20
22176   5.9  2.4  0.0  5.5 v  11.00
22178   4.0  2.0  0.0  6.0 v  16.00
22188   2.6  2.2  0.0  5.5 v   6.50
22189   4.0  2.0  0.0  6.0 v  10.00
22196   2.0  1.5  0.0  7.0 v   2.80
22205   4.0  2.0  0.0  4.0 v   6.30
22208   6.0  2.4  0.0  5.0 v  10.00
22219   6.0  2.0  0.0  4.5 v   7.90
22220  10.4  3.9  0.0  3.5 v  16.00
22232   5.9  2.4  0.0  5.0 v  12.00
22236   6.0  2.0  0.0  4.5 v   7.70
22237   2.6  2.2  0.0  5.5 v   4.90
22245   3.0  0.0  0.0  6.5 v  10.00
22276   5.9  2.4  0.0  5.0 v  12.00
22277   3.0  1.5  0.0  6.5 v   2.70
22282   3.0  2.0  0.0  4.5 v   9.00
22283   2.6  2.2  0.0  5.5 v   5.70
22284   6.0  2.0  0.0  5.5 v   7.60
22285  10.4  3.9  0.0  3.5 v   9.40
22286   6.0  2.0  0.0  5.0 v   6.80
22287   2.6  2.2  0.0  5.0 v   5.00
22307   2.0  2.0  0.0  7.5 v   1.80
22308   6.0  2.4  0.0  5.5 v   5.90
22371   3.0  0.0  0.0  8.5 v   3.20
22447   5.9  2.4  0.0  5.5 v  10.00
22487   2.0  2.0  0.0  6.5 v   2.30
22488   6.0  2.4  0.0  5.0 v   4.40
22519   4.0  2.0  0.0  5.5 v  10.00
22561   2.5  1.5  0.0  6.5 v   2.70
22562   2.0  1.0  0.0  7.5 v   1.50
22565   6.0  2.0  0.0  5.5 v  11.00
22566  10.4  3.9  0.0  3.5 v  10.00
22590   2.2  2.2  0.0  6.0 v   2.40
22591   6.0  2.4  0.0  5.5 v   9.20
22626   6.0  2.0  0.0  5.0 v   8.70
22627   2.6  2.2  0.0  5.5 v   5.30
22638   1.0  0.0  0.0  8.0 v   1.00
22639   3.0  1.0  0.0  7.5 v   3.00
22651   2.6  2.2  0.0  5.0 v   7.10
22675   2.0  1.0  0.0  6.5 v   2.20
22676   6.0  2.4  0.0  5.0 v   4.60
22693   2.6  2.2  0.0  5.5 v   6.00
22698   1.0  0.0  0.0  9.5 v   0.62
22723   4.0  2.0  0.0  5.0 d  18.00
22724   4.0  2.0  0.0  5.0 d   3.20
22739   4.2  1.9  0.0  6.0 v   7.20
22782   5.0  1.5  0.0  5.5 v   5.10
22784   2.6  2.2  0.0  5.5 v   4.90
22787   4.0  2.0  0.0  5.5 v  10.00
22788   8.0  3.0  0.0  3.5 v  22.00
22802   6.0  2.0  0.0  5.5 v   8.70
22803  10.4  3.9  0.0  3.5 v  11.00
22823   4.7  1.8  1.8  6.0 v   9.40
22825   1.0  0.0  0.0  8.3 d   0.20
22826   1.0  0.0  0.0  8.3 d   0.13
22827   1.0  0.0  0.0  8.3 d   0.34
22829   1.0  0.0  0.0 10.0 v   0.39
22830   9.9  2.6  0.0  5.0 v  11.00
22889   6.0  2.4  0.0  5.0 v   6.40
22907   3.0  0.0  0.0  7.5 v   5.00
22915   4.0  2.0  0.0  5.0 d   8.00
22927   4.0  2.0  0.0  3.5 v  19.00
22969   4.2  1.4  0.0  6.0 v   7.30
22970   2.6  2.2  0.0  6.0 v   5.30
22971   0.5  0.0  0.0  9.8 d   0.42
22988  10.0  3.0  0.0  3.5 v  30.00
23005   2.6  2.2  0.0  5.0 v   5.60
23016   3.0  2.0  0.0  6.0 v   3.20
23031   1.5  0.0  0.0  6.5 v   2.00
23087   6.0  2.0  0.0  5.0 v  13.00
23088  10.4  3.9  0.0  3.5 v  11.00
23093   6.0  2.4  0.0  5.0 v   9.00
23105   1.0  0.0  0.0  7.5 v   2.30
23106   1.0  0.0  0.0  8.0 v   0.09
23108   3.0  0.0  0.0  6.0 d   4.20
23132   4.0  2.0  0.0  6.0 d  18.00
23168   4.0  0.0  0.0  6.5 v  13.00
23179   2.1  2.0  0.0  7.0 v   2.50
23180   6.0  2.4  0.0  5.0 v   9.10
23189   1.0  0.0  0.0  6.0 v   2.10
23190   6.0  2.4  0.0  5.0 v   6.50
23191   3.0  0.0  0.0  5.5 v   2.90
23198   1.0  0.0  0.0  8.5 v   1.30
23223   5.0  3.0  0.0  3.5 v  15.00
23230   6.0  0.0  0.0  4.0 v  44.00
23233   6.4  1.7  0.0  6.0 v   3.70
23267   3.0  0.0  0.0  7.5 v   5.60
23278   3.0  0.0  0.0  7.0 v   3.00
23279   6.0  2.4  0.0  5.5 v   6.90
23317   3.0  1.1  0.0  5.0 v  12.00
23318   2.6  2.2  0.0  5.5 v   4.90
23323   3.0  2.0  2.0  6.5 v   5.20
23324   2.6  2.0  0.0  6.0 v   6.80
23342   6.0  1.4  0.0  5.5 v   6.30
23343  10.4  3.9  0.0  3.5 v   8.90
23404   6.0  2.0  0.0  5.0 v   8.40
23405  10.4  3.9  0.0  3.5 v  10.00
23411   5.0  2.5  0.0  4.5 v  11.00
23412   2.6  2.2  0.0  5.0 v   6.60
23413   4.0  2.0  0.0  5.0 v  10.00
23415   4.0  2.0  0.0  5.5 d   3.30
23420   4.0  2.0  0.0  6.0 v  18.00
23426   4.0  3.0  0.0  4.5 v  10.00
23431   2.0  1.0  0.0  6.5 v   2.30
23432   6.0  2.4  0.0  5.5 v  10.00
23435   4.0  2.0  0.0  6.0 d   8.00
23439   1.0  0.0  0.0  7.5 v   0.61
23440   2.0  2.5  0.0  4.5 v   6.30
23447   2.6  2.2  0.0  5.0 v   6.70
23455   4.2  1.9  0.0  6.0 v   4.40
23461   4.0  2.0  0.0  5.5 d  13.00
23464   1.0  0.0  0.0  7.5 v   0.48
23465   1.0  0.0  0.0  9.0 v   0.71
23466   6.0  2.4  0.0  5.0 v   8.40
23467   4.0  2.0  0.0  6.0 v  10.00
23527   6.0  2.4  0.0  5.5 v   4.90
23533   6.4  1.7  0.0  6.0 v   4.10
23545   0.5  1.0  0.0  9.0 v   1.20
23546   0.5  1.0  0.0  8.5 v   1.00
23547   1.0  0.0  0.0  8.0 v   0.79
23548   1.3  1.0  0.0  7.5 v   1.70
23560   3.5  2.0  2.0  4.5 v  10.00
23561   9.9  2.6  0.0  4.5 v  13.00
23589   4.0  2.0  0.0  5.0 v  33.00
23604   6.0  2.4  0.0  5.0 v   5.60
23605   4.0  3.0  0.0  4.9 d   7.90
23608   9.0  2.6  0.0  5.0 v  12.00
23640   5.9  2.4  0.0  5.0 v  12.00
23657   3.0  1.1  0.0  5.0 v  13.00
23659   2.6  2.2  0.0  5.5 v   4.90
23670   4.0  2.0  0.0  3.5 v  16.00
23696   4.0  2.0  0.0  6.0 v  10.00
23704   6.0  2.0  0.0  5.0 v  17.00
23705  10.4  3.9  0.0  3.5 v  11.00
23710   8.0  0.0  0.0  6.0 v   5.60
23711   5.9  2.4  0.0  5.0 v   9.20
23712  30.0  0.0  0.0  3.0 v  30.00
23731   4.0  2.0  0.0  5.0 d   7.30
23751   3.0  2.0  2.0  5.5 v   4.70
23752   1.0  0.0  0.0  8.5 v   0.74
23753   2.8  2.6  0.0  5.5 v   4.50
23757   5.0  2.5  0.0  6.0 v   7.90
23769   5.9  2.4  0.0  5.5 v  12.00
23773   2.1  2.0  0.0  6.0 v   2.60
23774   6.0  2.4  0.0  5.5 v   9.10
23775   3.0  0.0  0.0  6.0 d  13.00
23781   5.0  2.0  0.0  5.5 d  13.00
23793   2.6  2.2  0.0  5.5 v   5.10
23814   1.0  0.0  0.0  8.0 v   0.66
23815   2.0  0.0  0.0  7.5 v   1.90
23827   3.5  2.0  0.0  5.5 v   3.00
23828   2.6  2.0  0.0  6.0 v   8.50
23851   4.6  1.5  1.5  5.0 v   8.20
23855   8.0  3.0  0.0  3.5 v  30.00
23859   1.0  0.1  0.0  9.5 v   0.25
23862   3.0  2.0  0.0  5.5 v   5.00
23893   3.0  2.0  0.0  6.0 v   6.00
23908   3.0  2.0  0.0  5.5 v   5.00
23936   3.0  2.0  0.0  5.5 v   5.00
23940   2.0  0.0  0.0  6.8 d   1.90
23945   5.0  2.0  0.0  5.0 v  10.00
23947   3.5  2.0  0.0  6.0 v  10.00
23948   4.0  2.0  0.0  5.5 d  24.00
23967   3.0  2.0  0.0  6.0 d  29.00
24208   3.0  2.0  0.0  6.5 v   5.00
24277   3.5  3.5  4.0  5.0 v  25.00
24278   0.5  0.0  0.0 10.5 v   0.25
24279  13.5  2.5  0.0  4.0 v  23.00
24285   1.0  0.0  0.0  7.5 v   1.40
24286   2.0  0.0  0.0  7.0 v   1.60
24297   6.0  2.0  0.0  5.5 v   7.30
24298  10.4  3.9  0.0  3.5 v   8.80
24304   2.1  2.0  0.0  6.5 v   2.40
24305   1.0  0.0  0.0  8.3 d   0.17
24306   6.0  2.4  0.0  5.5 v   5.90
24677   2.1  2.0  0.0  6.5 v   2.30
24678   6.0  2.4  0.0  5.5 v   8.90
24680   5.0  3.0  0.0  5.5 v  15.00
24731   2.6  2.2  0.0  5.0 v   5.90
24737   4.0  2.0  0.0  5.5 v   8.00
24748   4.0  2.0  0.0  5.5 v  22.00
24753   6.4  1.7  0.0  6.0 v   4.20
24772   2.1  2.0  0.0  6.0 v   2.30
24773   6.0  2.4  0.0  5.0 v   6.90
24792   4.0  1.8  0.0  7.5 v   4.20
24793   4.0  1.8  0.0  7.0 v   4.30
24794   4.0  1.8  0.0  7.0 v   4.50
24795   4.0  1.8  0.0  7.0 v   4.10
24796   4.0  1.8  0.0  7.0 v   4.80
24797   5.9  2.4  0.0  5.0 v  11.00
24800   4.0  2.0  0.0  6.0 v   7.40
24809   5.9  2.4  0.0  5.0 v  10.00
24820   4.0  2.0  0.0  6.5 v   8.30
24822   6.0  2.0  0.0  5.0 v  13.00
24827   7.0  3.0  0.0  4.0 v  20.00
24829   5.5  3.7  0.0  5.0 v  21.00
24836   4.0  1.8  0.0  7.5 v   7.70
24837   4.0  1.8  0.0  7.0 v   3.60
24839   4.0  1.8  0.0  7.0 v   4.50
24840   4.0  1.8  0.0  7.0 v   4.50
24841   4.0  1.8  0.0  7.0 v   5.00
24842   4.0  1.8  0.0  7.0 v   7.00
24869   4.0  1.8  0.0  7.5 v   4.40
24870   4.0  1.8  0.0  7.0 v   4.70
24871   4.0  1.8  0.0  7.0 v   6.70
24872   4.0  1.8  0.0  7.0 v   4.50
24873   4.0  1.8  0.0  7.0 v   5.80
24883   4.0  2.0  0.0  6.0 d   5.50
24903   4.0  1.8  0.0  7.0 v   4.60
24904   4.0  1.8  0.0  7.0 v   3.80
24905   4.0  1.8  0.0  7.0 v   4.30
24906   4.0  1.8  0.0  7.0 v   3.90
24907   4.0  1.8  0.0  7.0 v   4.30
24914   2.0  1.0  0.0  7.0 v   0.89
24920   1.0  0.0  0.0  8.5 v   1.30
24921   1.3  1.0  0.0  7.5 v   1.40
24925   2.0  1.0  0.0  7.0 v   1.50
24926   2.0  1.0  0.0  7.0 v   1.50
24944   4.0  1.8  0.0  7.0 v   4.20
24945   4.0  1.8  0.0  7.0 v   3.70
24946   4.0  1.8  0.0  7.0 v   4.40
24948   4.0  1.8  0.0  7.0 v   4.20
24949   4.0  1.8  0.0  7.0 v   4.70
24950   4.0  1.8  0.0  7.0 v   4.30
24953   2.1  2.0  0.0  7.0 v   2.20
24954   1.0  0.0  0.0  8.0 v   0.94
24955   6.0  2.4  0.0  5.5 v  10.00
24965   4.0  1.8  0.0  7.5 v   4.40
24966   4.0  1.8  0.0  6.5 v   4.50
24967   4.0  1.8  0.0  7.0 v   4.10
24968   4.0  1.8  0.0  7.0 v   5.10
24969   4.0  1.8  0.0  7.5 v   4.40
24971   3.0  2.0  2.0  5.0 v   3.90
25017  18.0  4.5  0.0  4.0 v  20.00
25039   4.0  1.8  0.0  7.0 v   4.00
25040   4.0  1.8  0.0  7.0 v   4.60
25041   4.0  1.8  0.0  7.5 v   4.70
25042   4.0  1.8  0.0  7.5 v   4.30
25043   4.0  1.8  0.0  7.0 v   5.90
25063   5.0  4.0  0.0  4.5 v  12.00
25064   4.0  3.0  0.0  5.0 v  13.00
25077   4.0  1.8  0.0  7.0 v   4.10
25078   4.0  1.8  0.0  6.5 v   4.90
25104   4.0  1.8  0.0  7.0 v   4.20
25105   4.0  1.8  0.0  7.0 v   5.40
25106   4.0  1.8  0.0  6.5 v   4.70
25108   4.0  1.8  0.0  7.5 v   5.70
25112   0.5  1.0  0.0  9.5 v   0.75
25113   0.5  1.0  0.0  9.0 v   0.56
25114   0.5  1.0  0.0  8.5 v   1.00
25115   0.5  1.0  0.0  8.5 v   1.00
25116   0.5  1.0  0.0 10.0 v   1.00
25117   0.5  1.0  0.0  9.5 v   1.10
25118   0.5  1.0  0.0 10.0 v   0.60
25119   0.5  1.0  0.0  9.0 v   0.66
25135   5.9  2.4  0.0  5.0 v   7.30
25148   5.0  2.0  0.0  5.0 v  10.00
25158   0.5  1.0  0.0  9.0 v   0.94
25159   0.5  1.0  0.0  9.5 v   1.10
25160   3.0  1.0  0.0  6.0 v   3.90
25161   2.0  0.0  0.0  8.5 v   1.40
25162   4.0  2.0  0.0  6.0 v   2.70
25163   4.0  2.0  0.0  6.0 v   2.50
25164   4.0  2.0  0.0  6.0 v   1.90
25165   4.0  2.0  0.0  6.0 v   2.60
25169   4.0  1.8  0.0  7.5 v   4.00
25170   4.0  1.8  0.0  7.0 v   4.10
25171   4.0  1.8  0.0  7.0 v   4.60
25172   4.0  1.8  0.0  7.5 v   4.80
25173   4.0  1.8  0.0  7.0 v   4.20
25175  10.0  2.0  0.0  4.5 v  37.00
25260   5.0  3.0  0.0  5.5 v   6.60
25261  10.0  3.0  0.0  5.5 v  17.00
25262   4.0  1.8  0.0  6.5 v   4.70
25263   4.0  1.8  0.0  7.5 v   4.60
25272   4.0  1.8  0.0  7.5 v   4.90
25273   4.0  1.8  0.0  7.0 v   4.90
25274   4.0  1.8  0.0  7.0 v   4.10
25275   4.0  1.8  0.0  6.5 v   4.30
25276   4.0  1.8  0.0  7.0 v   4.70
25280   2.0  1.0  0.0  7.0 v   1.60
25281   1.3  1.0  0.0  7.5 v   1.40
25285   4.0  1.8  0.0  7.3 v   3.70
25286   4.0  1.8  0.0  7.0 v   3.90
25287   4.0  1.8  0.0  7.0 v   4.50
25288   4.0  1.8  0.0  7.0 v   3.80
25289   4.0  1.8  0.0  7.5 v   4.60
25290   4.0  1.8  0.0  7.0 v   4.00
25291   4.0  1.8  0.0  7.5 v   4.30
25306   4.0  2.0  0.0  6.0 v   2.80
25307   4.0  2.0  0.0  5.5 v   3.00
25308   4.0  2.0  0.0  6.0 v   2.50
25309   4.0  2.0  0.0  6.0 v   2.70
25312   4.0  2.0  0.0  6.0 d   5.00
25319   4.0  1.8  0.0  7.0 v   6.80
25320   4.0  1.8  0.0  7.0 v   4.80
25336  10.0  5.0  0.0  3.0 v  50.00
25338   6.0  2.0  0.0  6.0 v   5.60
25342   4.0  1.8  0.0  7.0 v   4.00
25343   4.0  1.8  0.0  7.0 v   4.20
25344   4.0  1.8  0.0  6.5 v   5.30
25345   4.0  1.8  0.0  6.5 v   4.10
25346   4.0  1.8  0.0  7.5 v   4.70
25359   5.9  2.4  0.0  5.0 v  10.00
25369   2.6  2.2  0.0  5.5 v   6.50
25379   4.0  2.0  0.0  5.0 v  19.00
25391   3.0  2.0  0.0  6.0 v   4.00
25394   6.0  1.4  0.0  6.5 v   9.10
25395   0.7  0.4  0.4  8.5 d   0.45
25396   0.5  0.5  0.0 10.5 v   0.52
25397   0.5  0.5  0.0 10.0 v   0.18
25398   0.3  0.0  0.0  9.5 v   0.16
25399   0.5  0.5  0.0  9.5 v   0.35
25400  10.4  3.9  0.0  3.5 v  18.00
25406   6.0  2.0  0.0  5.5 v   8.50
25407  10.4  3.9  0.0  3.5 v  12.00
25413   0.5  1.0  0.0  9.5 v   0.74
25414   0.5  1.0  0.0  9.0 v   0.76
25415   0.5  1.0  0.0 10.0 v   0.74
25416   0.5  1.0  0.0  9.0 v   0.69
25417   0.5  1.0  0.0  9.5 v   0.69
25418   0.5  1.0  0.0  9.5 v   0.73
25419   0.5  1.0  0.0  9.0 v   0.68
25420   0.5  1.0  0.0  9.5 v   0.78
25431   4.0  1.8  0.0  7.0 v   4.90
25432   4.0  1.8  0.0  7.0 v   4.70
25467   4.0  1.8  0.0  7.0 v   4.30
25468   4.0  1.8  0.0  7.0 v   4.60
25469   4.0  1.8  0.0  7.5 v   3.50
25471   4.0  1.8  0.0  7.0 v   4.30
25475   0.5  1.0  0.0  8.5 v   0.88
25476   0.5  1.0  0.0  9.0 v   0.77
25477   0.5  1.0  0.0  9.5 v   0.75
25478   0.5  1.0  0.0  9.0 v   0.67
25479   0.5  1.0  0.0  8.5 v   0.78
25480   0.5  1.0  0.0  9.0 v   1.10
25481   0.5  1.0  0.0  8.5 v   0.78
25482   0.5  1.0  0.0  9.0 v   1.40
25484   1.3  1.0  0.0  7.5 v   0.68
25489   1.0  1.0  0.0  8.5 v   0.60
25490   3.0  1.5  0.0  7.0 v   2.60
25493   8.0  3.0  0.0  4.5 v  28.00
25501   4.0  2.0  0.0  5.5 d  13.00
25504   1.0  1.0  0.0  8.5 v   0.55
25506   1.3  1.0  0.0  7.5 v   1.80
25509   0.5  0.5  0.0  9.5 v   0.34
25510   5.9  2.4  0.0  5.0 v  10.00
25520   0.5  0.5  0.0 10.0 v   0.30
25527   4.0  1.8  0.0  6.0 v   4.20
25528   4.0  1.8  0.0  7.0 v   4.70
25530   4.0  1.8  0.0  7.0 v   4.20
25531   4.0  1.8  0.0  6.5 v   4.40
25544  30.0 20.0  0.0 -0.5 v 404.00
25560   2.0  0.0  0.0  6.5 v   2.00
25561   1.3  1.0  0.0  7.0 v   1.60
25567   2.1  2.0  0.0  6.0 v   2.30
25568   1.5  0.0  0.0  8.5 v   0.58
25569   6.0  2.4  0.0  5.5 v  10.00
25577   4.0  1.8  0.0  7.0 v   5.10
25578   4.0  1.8  0.0  7.0 v   3.90
25590   2.1  2.0  0.0  6.0 v   3.50
25592   6.0  2.4  0.0  5.5 v   8.10
25615   3.0  0.0  0.0  6.5 v   5.00
25616   4.0  0.0  0.0  7.0 v   2.90
25619   7.0  2.4  0.0  5.5 v  11.00
25621   4.0  2.0  0.0  5.5 v   3.40
25622   4.0  2.0  0.0  5.5 v   2.50
25623   4.0  2.0  0.0  5.0 v   3.00
25624   4.0  2.0  0.0  5.5 v   2.40
25634   2.8  2.5  4.7  4.5 v   7.60
25635   0.8  0.3  0.5  9.0 v   0.28
25636   0.5  0.5  0.5 10.0 v   0.51
25637   7.0  2.4  0.0  5.5 v  10.00
25646   4.0  2.0  0.0  7.5 v   1.00
25649   4.0  2.0  0.0  5.5 v   2.70
25650   4.0  2.0  0.0  5.5 v   2.50
25651   4.0  2.0  0.0  5.5 v   2.60
25652   4.0  2.0  0.0  6.0 v   2.50
25669   4.0  2.0  0.0  5.5 v   8.00
25676   4.0  2.0  0.0  6.0 v   2.60
25677   4.0  2.0  0.0  5.5 v   2.10
25678   4.0  2.0  0.0  5.5 v   2.60
25679   4.0  2.0  0.0  5.5 v   2.60
25682   4.3  2.8  0.0  5.5 v   5.10
25693   1.0  0.7  0.0  9.0 v   1.30
25695   5.0  2.0  0.0  6.0 v  10.00
25721   3.0  1.0  0.0  5.5 v   2.80
25723   6.0  2.4  0.0  5.0 v   5.40
25724  15.0  4.5  4.5  3.5 v  30.00
25725  10.0  2.5  0.0  3.5 v  20.00
25727   4.0  3.0  0.0  6.0 v  14.00
25730   3.0  1.5  0.0  6.0 v   2.70
25731   2.0  1.0  0.0  6.5 v   1.80
25732   6.0  2.5  0.0  5.0 v   7.80
25733   5.0  2.0  0.0  5.5 v   6.50
25735   1.0  0.5  0.0  8.0 v   0.51
25736   0.2  1.0  0.0  8.5 v   1.00
25746  10.0  4.0  0.0  3.5 v  20.00
25756   1.0  0.0  0.0  8.5 d   0.60
25757   0.5  0.0  0.0  9.8 d   0.26
25758   3.0  2.0  0.0  6.0 d   3.80
25759   2.6  2.0  0.0  5.5 d   6.20
25770   4.0  2.0  0.0  6.0 v   2.50
25771   4.0  2.0  0.0  5.5 v   2.50
25772   4.0  2.0  0.0  5.5 v   2.60
25773   4.0  2.0  0.0  5.5 v   2.50
25774   7.0  2.4  0.0  5.5 v  11.00
25777   4.0  1.8  0.0  7.5 v   4.50
25778   4.0  1.8  0.0  7.0 v   4.30
25789   3.0  0.0  0.0  7.0 v   3.40
25791   7.0  3.0  3.0  5.5 v   6.10
25851   4.0  2.0  0.0  5.5 v   2.50
25852   4.0  2.0  0.0  5.5 v   2.80
25853   4.0  2.0  0.0  5.5 v   2.30
25854   4.0  2.0  0.0  5.5 v   2.70
25860   6.0  3.0  0.0  4.5 v  23.00
25861  10.4  3.9  0.0  3.5 v  16.00
25867   7.0  3.0  0.0  4.0 v  20.00
25868   5.0  2.5  0.0  4.0 v  11.00
25872   4.0  2.0  0.0  5.5 v   2.60
25873   4.0  2.0  0.0  5.5 v   2.80
25874   4.0  2.0  0.0  6.0 v   2.50
25875   4.0  2.0  0.0  6.0 v   2.70
25876   7.0  2.0  0.0  5.0 v  10.00
25883   4.0  2.0  0.0  6.0 v   2.50
25884   4.0  2.0  0.0  6.0 v   2.90
25885   4.0  2.0  0.0  5.5 v   2.80
25886   4.0  2.0  0.0  6.0 v   2.70
25892   2.1  2.0  0.0  6.0 v   2.40
25893   6.0  2.4  0.0  5.0 v   9.10
25907   4.0  2.0  0.0  5.5 v   3.20
25908   4.0  2.0  0.0  6.0 v   2.70
25909   4.0  2.0  0.0  5.5 v   2.70
25910   4.0  2.0  0.0  5.5 v   3.00
25919   3.0  0.0  0.0  6.5 v   4.80
25935   2.0  2.0  0.0  7.0 v   2.70
25940   3.0  2.0  2.0  5.5 v   4.20
25941   1.0  0.0  0.0  7.0 d   0.66
25942   3.0  2.0  0.0  6.0 v   7.60
25943   4.0  2.0  0.0  6.0 v   2.70
25944   4.0  2.0  0.0  6.2 v   2.70
25945   4.0  2.0  0.0  6.2 v   2.40
25946   4.0  2.0  0.0  6.0 v   2.90
25961   4.0  2.0  0.0  5.5 v   2.70
25962   4.0  2.0  0.0  5.5 v   2.50
25963   4.0  2.0  0.0  6.5 v   2.80
25964   4.0  2.0  0.0  5.5 v   3.10
25967   4.0  2.0  0.0  5.5 d  10.00
25977   4.0  3.0  0.0  5.5 d   7.90
25978   1.0  0.0  0.0  8.5 v   0.79
25979   8.0  3.0  0.0  4.5 v  12.00
25980   0.5  1.0  0.0  9.5 v   0.80
25981   0.5  1.0  0.0 10.5 v   0.77
25982   0.5  1.0  0.0 10.5 v   0.75
25983   0.5  1.0  0.0  9.5 v   0.87
25984   0.5  1.0  0.0 10.0 v   0.64
25985   0.5  1.0  0.0  9.0 v   0.69
25986   0.5  1.0  0.0  9.5 v   0.73
25989   6.0  3.0  0.0  5.0 v  20.00
25991   6.4  1.7  0.0  6.5 v   4.70
25994   7.0  3.0  0.0  3.5 v  14.00
26032   1.5  1.0  0.0  7.0 d   1.70
26033   0.7  0.8  0.0  8.5 d   0.61
26034   3.0  2.0  0.0  8.5 v   1.40
26035   0.7  1.3  0.0  8.0 d   3.00
26063   0.3  0.5  0.0  9.0 v   0.20
26064   0.5  0.5  0.5 10.5 v   0.44
26066   1.6  1.0  0.0  7.5 v   1.70
26069   6.0  2.0  0.0  5.0 v   8.00
26070  10.4  3.9  0.0  3.5 v  18.00
26081   4.0  2.0  0.0  5.5 v   2.50
26082   4.0  2.0  0.0  6.0 v   2.90
26083   4.0  2.0  0.0  6.0 v   3.00
26084   4.0  2.0  0.0  6.0 v   2.50
26086   2.0  1.5  0.0  7.0 v   1.60
26102   5.0  2.0  0.0  6.5 v   4.00
26103   2.0  1.5  0.0  7.5 v   2.20
26106   3.0  1.5  0.0  6.0 v   8.80
26113   2.5  1.5  0.0  6.5 v   3.50
26121   3.0  2.0  0.0  6.5 v   4.20
26141   2.0  1.0  0.0  7.0 v   1.70
26186   2.0  1.0  0.0  8.0 v   2.10
26220   3.0  1.0  0.0  7.0 v   4.00
26222   3.0  2.0  0.0  6.5 v   5.00
26362   2.0  2.0  0.0  7.0 v   3.00
26365   2.0  1.0  0.0  7.0 v   1.50
26366   2.0  1.0  0.0  7.0 v   1.60
26374   2.3  2.0  0.0  6.0 v   2.40
26375   1.3  1.0  0.0  8.0 v   1.50
26384   2.0  2.0  0.0  7.5 v   2.10
26385   0.5  0.5  0.5 10.0 d   0.45
26386   0.3  0.0  0.0 10.5 d   0.13
26387   6.0  2.4  0.0  5.5 v  10.00
26405   2.0  1.0  0.5  7.5 v   1.40
26415   1.6  1.0  0.0  8.5 v   1.70
26473  18.0  4.5  0.0  3.5 v  30.00
26474   8.0  3.0  0.0  3.5 v  24.00
26481   4.0  2.0  0.0  5.5 v   6.30
26536   5.0  2.0  0.0  5.5 d   5.90
26545   0.2  0.2  0.2 10.5 d   0.09
26546   0.5  0.5  0.5 10.0 v   0.22
26547   0.3  0.3  0.3 10.5 d   0.11
26548   0.5  0.5  0.5  9.5 v   0.29
26549   0.2  0.2  0.2 10.5 d   0.09
26550   5.0  2.0  0.0  5.5 v  10.00
26551   2.0  1.0  0.0  8.0 v   2.50
26561   3.0  2.0  0.0  6.0 d   3.10
26562   2.0  1.5  0.0  8.0 d   0.79
26575   5.0  2.0  0.0  5.0 d  10.00
26619   3.0  1.5  0.0  7.5 v   1.90
26620   4.0  2.0  0.0  7.0 v   3.80
26621   0.5  0.0  0.0  9.0 d   0.17
26622   7.0  2.0  0.0  5.5 v  14.00
26623   3.0  2.0  0.0  5.5 v   4.40
26631   2.0  1.0  0.0  7.5 v   1.10
26635   4.0  2.0  0.0  5.5 d   8.00
26702   3.0  1.0  0.0  7.5 v   1.60
26703   3.0  1.0  0.0  7.0 v   2.60
26715   8.0  3.0  0.0  3.5 v  24.00
26737   2.6  4.3  0.0  5.0 v   7.90
26745   3.0  2.0  0.0  5.5 d   6.40
26818   2.1  2.0  0.0  6.5 v   2.10
26819   6.0  2.4  0.0  5.5 v  10.00
26857   5.0  2.0  0.0  5.0 v  48.00
26858  10.0  3.0  0.0  3.5 v  28.00
26874   2.6  2.2  0.0  4.5 v   5.10
26880   6.0  3.0  0.0  3.0 c  20.00
26898   0.5  0.0  0.0  8.5 v   0.43
26905   4.0  2.0  0.0  4.5 v  10.00
26906   8.0  3.0  0.0  3.5 v  25.00
26907   4.0  2.0  0.0  4.5 v  10.00
26930   0.2  0.1  0.1 10.5 v   0.38
26931   0.2  0.1  0.1 11.0 v   0.20
26932   0.5  0.5  0.5  9.5 d   0.27
26934   5.0  3.0  0.0  4.5 v  15.00
26948   4.0  2.0  0.0  4.5 d  10.00
26953   3.0  2.0  0.0  6.5 d   4.50
26957   3.0  2.0  0.0  6.5 d   3.30
26958   0.6  0.6  0.8 10.0 d   0.24
26959   0.4  0.0  0.0  8.5 d   0.39
26960   2.6  2.0  0.0  6.0 v   5.60
26997   3.0  2.0  0.0  5.5 v   3.50
26998   2.7  1.6  1.2  6.5 v   2.80
27000   3.0  2.0  0.0  5.5 v   7.00
27001   3.0  2.0  0.0  6.0 v   7.10
27002   0.7  0.7  0.0  9.0 v   0.53
27003   0.7  0.7  0.0  9.5 v   0.28
27004   0.7  0.7  0.0  9.5 v   0.34
27005   0.6  0.6  0.0  9.5 v   0.24
27006  10.4  3.9  0.0  3.5 v  14.00
27055   1.0  0.8  0.0  8.0 v   1.10
27056   1.0  0.8  0.0  8.2 v   0.94
27057   1.0  0.8  0.0  8.0 v   1.00
27058   1.0  0.8  0.0  8.0 v   1.00
27059   1.0  0.8  0.0  8.0 v   1.10
27060   1.0  0.8  0.0  8.0 v   1.20
27061   2.6  2.2  0.0  5.5 v   5.70
27168   8.0  3.0  0.0  3.0 v  24.00
27169   8.0  3.0  0.0  3.5 v  25.00
27367   3.0  1.5  0.0  7.0 v   3.40
27368   5.0  3.0  0.0  4.5 v  15.00
27369  13.5  2.5  0.0  3.5 v  23.00
27370   2.0  1.0  0.0  8.0 v   2.70
27371   1.3  1.0  0.0  7.5 v   1.00
27372   4.0  1.8  0.0  7.0 v   3.70
27373   4.0  1.8  0.0  7.0 v   4.50
27374   4.0  1.8  0.0  7.0 v   4.30
27375   4.0  1.8  0.0  7.0 v   4.10
27376   4.0  1.8  0.0  7.0 v   4.00
27386   6.0  2.0  0.0  4.5 v  23.00
27387  10.0  2.5  0.0  4.0 v  17.00
27391   4.0  1.5  1.0  7.0 v   0.74
27392   4.0  1.5  1.0  7.0 v   0.62
27409   4.0  2.0  0.0  5.0 v  11.00
27421   5.0  3.0  0.0  4.5 v   8.20
27422   8.0  2.5  0.0  4.0 v  10.00
27424   8.0  4.0  2.5  4.0 d  10.00
27430   1.5  1.0  0.0  7.5 v   1.80
27431   4.0  2.0  0.0  5.5 v   2.70
27432   7.0  2.5  0.0  4.5 v   9.10
27433   2.0  2.0  0.0  5.5 v   4.60
27434   2.3  1.2  0.0  7.5 v   0.92
27436   2.1  2.0  0.0  6.0 v   2.20
27437   6.0  2.4  0.0  5.5 v  10.00
27450   4.0  1.8  0.0  7.5 v   3.80
27451   4.0  1.8  0.0  7.0 v   4.10
27453   4.5  2.0  0.0  6.5 v   5.40
27464   1.0  1.0  0.0  8.0 v   0.94
27465   1.0  1.0  0.0  8.5 v   1.00
27466   6.0  2.4  0.0  5.0 v  11.00
27470   7.0  3.0  0.0  5.0 v  20.00
27473   5.5  3.7  0.0  4.5 v  19.00
27534   2.1  2.0  0.0  7.0 v   2.20
27535   6.0  2.4  0.0  5.5 v  10.00
27540   5.0  0.0  0.0  4.0 v   7.50
27550   6.0  2.0  0.0  5.5 v   5.80
27559   0.5  0.5  0.5  9.0 d   0.30
27560   0.4  0.4  0.0  9.0 v   1.10
27561   6.0  2.4  0.0  5.0 v  11.00
27597   4.0  4.0  4.0  3.5 v  25.00
27598   0.6  0.6  0.6 10.5 v   0.26
27599   0.5  0.5  0.5  9.5 d   0.34
27600   0.4  0.3  0.3 10.0 d   0.45
27601  13.5  2.5  0.0  3.5 v  31.00
27605   0.5  0.5  0.5  9.5 v   0.24
27606   0.3  0.3  0.5 10.5 d   0.03
27607   0.2  0.2  0.2 10.5 d   0.07
27608   0.3  0.3  0.3  9.0 v   0.18
27609   2.0  1.0  0.0  6.5 v   1.50
27610   5.0  2.0  0.0  5.5 v   8.20
27611   3.0  2.0  0.0  7.0 v   3.50
27612   0.3  0.3  0.5 10.5 d   0.04
27640   6.0  3.0  0.0  5.5 v   6.10
27642   3.5  2.0  0.0  6.5 v   3.90
27643   1.0  0.5  0.5 10.0 v   0.30
27644   3.0  2.0  0.0  5.5 v   6.10
27646   2.6  4.3  0.0  5.0 v   8.10
27651   2.0  1.0  1.0  8.0 v   1.90
27652   1.3  1.0  0.0  7.5 v   1.50
27664   0.2  0.2  0.2 10.5 v   0.21
27665   7.0  2.0  0.0  5.5 v  12.00
27691   5.0  2.0  0.0  4.0 d  10.00
27698   4.0  2.0  0.0  4.5 v   7.80
27699   5.0  2.0  0.0  4.0 v   5.90
27700  13.5  2.5  0.0  3.5 v  17.00
27711   8.0  3.0  0.0  3.5 v  24.00
27712   8.0  3.0  0.0  3.5 v  25.00
27775   3.0  2.0  0.0  6.0 d  13.00
27783   2.0  1.5  0.0  7.5 v   1.20
27784   1.5  1.5  0.0  7.5 v   1.50
27818   2.1  2.0  0.0  6.5 v   2.40
27819   6.0  2.4  0.0  5.5 v   8.50
27821   2.6  4.3  0.0  4.5 v   7.40
27838   2.0  1.5  0.0  7.0 d   1.00
27840   2.0  2.5  0.0  5.5 v   7.30
27841   0.5  0.5  0.0  9.0 d   0.13
27842   0.4  0.4  0.0  9.5 d   0.06
27843   0.5  0.5  0.0  9.0 d   0.31
27844   0.3  0.3  0.0 10.0 d   0.07
27845   0.5  0.5  0.0 10.0 d   0.22
27846   0.3  0.3  0.0 10.0 d   0.02
27847   0.3  0.3  0.0 10.0 d   0.02
27848   0.5  0.5  0.0 10.0 d   0.03
27858   1.5  1.5  0.0  9.5 v   0.77
27859   1.5  1.5  0.0  7.0 v   1.70
27868   1.0  1.0  0.0  7.5 v   1.20
27869   1.0  1.0  0.0  7.5 v   1.20
27870   6.0  2.4  0.0  5.5 v  10.00
27875   6.0  2.0  0.0  4.5 v  12.00
27937   6.0  2.0  0.0  3.0 d  12.00
27938   8.0  3.0  0.0  3.5 v  20.00
27939   0.3  0.4  0.0  9.0 d   0.88
27940   6.0  2.0  0.0  5.5 v  11.00
27941   0.2  0.2  0.2 10.5 d   0.31
27942   0.3  0.3  0.3 10.0 d   0.32
27943   0.4  0.4  0.3 10.0 d   0.55
27944   0.2  0.0  0.0 10.5 d   0.13
27945   0.4  0.2  0.2 10.0 d   0.52
28050   2.6  2.0  0.0  6.0 v   6.60
28051   4.0  2.0  0.0  6.5 v   6.40
28054   6.4  1.7  0.0  6.5 v   5.30
28057   3.0  2.0  2.0  7.5 v   2.30
28058   0.5  0.5  0.0  8.5 v   0.35
28059   5.0  2.5  0.0  5.5 v   7.30
28060   2.3  2.0  2.0  7.0 v   2.90
28061   2.0  2.5  0.0  5.5 v   6.80
28083   8.0  3.0  0.0  3.5 v  17.00
28095   4.0  2.0  0.0  4.5 v  10.00
28096   8.0  3.0  0.0  3.5 v  25.00
28097   4.0  2.0  0.0  4.5 v  10.00
28098   2.0  0.0  0.0  7.5 v   0.94
28099   4.0  2.0  0.0  6.0 v   4.00
28116   2.6  4.3  0.0  4.5 v   7.20
28117   4.0  2.0  0.0  5.5 d  10.00
28131   2.0  2.0  0.0  6.5 v   2.70
28158   6.0  3.0  0.0  3.0 c  20.00
28188   2.6  4.3  0.0  5.0 v   7.40
28220   1.0  0.0  0.0  8.0 v   1.50
28221   0.5  0.0  0.0  8.5 d   0.31
28222   8.0  2.5  0.0  5.0 v  14.00
28230   3.0  0.0  0.0  5.0 v  13.00
28234   5.0  2.0  0.0  2.5 v   7.90
28237   4.0  2.0  0.0  6.5 v   1.00
28243   4.0  2.0  0.0  6.0 v   6.70
28254   2.0  1.0  0.0  7.0 v   3.10
28255   3.0  2.0  0.0  7.0 v   2.60
28352   6.0  2.0  0.0  4.5 v  13.00
28353  10.4  3.9  0.0  3.5 v  10.00
28359   2.6  4.3  0.0  4.5 v   7.40
28363   2.0  2.0  0.0  7.0 v   2.70
28366   0.3  0.3  0.5 10.0 d   0.06
28367   5.0  2.0  0.0  6.5 v   7.70
28368   0.6  0.6  0.8  9.0 v   0.90
28369   0.2  0.2  0.2 10.5 d   0.05
28370   0.2  0.2  0.2 10.5 d   0.07
28371   0.2  0.2  0.2 10.5 d   0.26
28372   0.3  0.3  0.5 10.0 d   0.06
28373   0.3  0.3  0.3  9.0 v   0.10
28374   1.0  1.0  0.0  6.5 v   1.10
28375   0.4  0.4  0.2 10.0 d   0.07
28376   5.0  3.0  3.0  5.0 d  10.00
28380   2.1  2.0  0.0  7.5 v   2.10
28381   6.0  2.4  0.0  5.5 v   7.10
28385   8.0  3.0  0.0  4.0 v  20.00
28395   2.6  4.3  0.0  5.0 v   6.50
28413   2.0  2.0  0.0  8.5 v   1.40
28414   2.0  2.0  0.0  6.5 v   2.90
28415   5.0  2.0  0.0  5.0 v   5.80
28416   3.0  3.0  0.0  6.0 v   6.10
28419   1.1  1.0  0.0  7.5 v   1.00
28420   1.1  1.0  0.0  7.5 v   1.10
28421   6.0  2.4  0.0  5.5 v   6.20
28454   0.2  0.0  0.0  9.5 d   0.02
28455   0.2  0.0  0.0  9.5 d   0.01
28470   3.0  2.5  0.0  5.5 d   5.50
28471   5.0  2.5  0.0  5.5 v   7.30
28477   2.6  4.3  0.0  4.5 v   7.40
28479   2.0  1.0  0.0  7.0 v   1.50
28480   7.0  2.5  0.0  4.5 v  17.00
28485   4.0  2.0  0.0  4.5 v   8.10
28492   4.0  3.0  0.0  5.5 d   8.00
28493   0.5  0.5  0.5  9.5 d   0.25
28494   0.7  0.7  0.7  8.5 d   0.85
28495   0.7  0.7  0.7  8.5 d   0.86
28496   0.7  0.7  0.7  8.5 d   0.78
28497   0.7  0.7  0.7  8.5 d   0.81
28498   0.5  0.5  0.5  8.5 d   0.65
28499   8.0  3.0  0.0  4.5 d  18.00
28500   4.0  2.0  0.0  5.5 v  10.00
28521   2.1  2.0  0.0  7.0 v   1.80
28522   6.0  2.4  0.0  5.5 v   8.00
28523   1.0  1.0  1.0  8.5 v   0.34
28528   2.6  4.3  0.0  5.0 v   6.70
28537   4.0  2.0  0.0  5.0 v  10.00
28538   8.0  3.0  0.0  3.5 v  25.00
28541   4.0  2.0  0.0  5.0 v  10.00
28546   6.0  2.0  0.0  4.0 v  12.00
28637   1.3  1.1  0.0  7.6 v   1.70
28642   1.0  1.0  0.0  8.5 v   1.20
28643   1.0  1.0  0.0  8.5 v   1.00
28646  18.0  4.5  0.0  3.5 v  30.00
28647   8.0  3.0  0.0  3.5 v  20.00
28649   2.0  2.0  0.0  5.5 v   4.80
28650   0.5  0.5  0.0  9.0 d   0.36
28651   4.0  2.0  0.0  5.5 v   6.40
28654   4.5  2.0  0.0  5.5 d   5.10
28661   2.6  4.3  0.0  4.5 v   6.40
28737   4.0  2.0  0.0  5.5 d   3.60
28738   8.0  3.0  0.0  4.0 d  10.00
28773   4.0  2.5  0.0  5.0 v   4.00
28809   2.0  1.0  0.0  6.5 d   1.90
28810   1.0  1.0  0.0  8.0 d   0.61
28811   5.0  2.0  0.0  6.5 v   7.10
28812   1.0  1.0  0.0  7.5 d   1.10
28813   3.0  2.0  0.0  6.0 d   7.40
28822   4.0  2.0  0.0  7.0 v   2.70
28870   2.6  4.3  0.0  4.5 v   6.90
28888   5.0  3.0  0.0  5.5 v  15.00
28890   0.5  0.5  0.0  8.0 d   0.30
28891   1.5  1.5  0.0  7.0 d   0.43
28892   0.2  0.2  0.3 10.5 d   0.05
28893   0.8  1.3  1.6  7.5 d   1.00
28894   1.0  1.0  0.0  7.5 d   0.46
28895   0.2  0.2  0.2 10.0 d   0.02
28898   3.0  2.0  0.0  5.5 v   7.10
28908   2.1  2.0  0.0  6.8 v   1.60
28909   2.1  2.0  0.0  6.8 v   1.60
28910   6.0  2.4  0.0  5.5 v   7.00
28926   2.6  4.3  0.0  4.5 v   5.40
28931   5.0  2.0  0.0  4.0 v  12.00
28932  13.5  2.5  0.0  4.5 v  16.00
28939   4.0  2.0  0.0  5.5 d   3.40
28942   4.0  2.0  0.0  6.0 v   7.60
28944   4.0  2.0  0.0  5.0 v  11.00
28980   0.5  0.5  0.0  9.0 d   0.30
28981   0.5  0.5  0.0  9.0 d   0.28
28982   0.5  0.5  0.0  9.0 d   0.28
28983   1.5  1.2  0.0  7.0 d   2.00
29047   0.3  1.0  0.0  8.5 v   0.58
29048   0.3  1.0  0.0  9.5 v   0.62
29049   0.3  1.0  0.0  9.0 d   0.68
29050   0.3  1.0  0.0  9.5 v   0.59
29051   0.3  1.0  0.0  9.5 v   0.60
29052   0.3  1.0  0.0  9.5 v   0.67
29053   1.5  1.2  0.0  7.5 v   1.50
29079   2.0  1.0  0.0  7.5 d   0.67
29080   2.0  2.0  0.0  7.5 d   2.00
29092   3.0  2.0  0.0  4.5 v   3.90
29093   4.0  2.0  0.0  4.0 v   7.40
29107   2.0  2.0  0.0  6.5 d   3.90
29108   2.0  1.5  0.0  7.0 d   3.60
29110   3.0  2.0  0.0  6.0 d   3.70
29157   0.7  0.7  0.0  8.0 v   0.57
29159   4.0  2.0  0.0  7.0 v   2.60
29228   6.0  3.0  0.0  4.5 v   8.20
29230   4.0  2.0  0.0  5.5 d  13.00
29240   3.0  2.0  0.0  5.5 d   6.00
29241   3.0  2.0  0.0  5.5 d   6.00
29242   4.0  2.0  0.0  5.0 d   8.00
29247   5.0  3.0  0.0  4.0 v   8.70
29249   4.0  3.0  0.0  3.5 v  12.00
29250   4.0  2.0  0.0  4.0 v  10.00
29252   4.0  3.0  0.0  5.5 v   4.60
29253   3.0  2.0  0.0  7.0 v   8.50
29256   3.0  2.0  0.0  7.5 v   7.30
29268   3.0  1.5  0.0  7.0 d   2.70
29269   3.0  2.0  0.0  6.0 d   4.60
29271   2.6  4.3  0.0  4.5 v   6.20
29393   4.0  2.0  0.0  4.5 d   6.70
29394  13.5  2.5  0.0  4.2 v  16.00
29479   3.0  2.0  0.0  7.0 v   6.50
29499   7.0  2.0  0.0  5.5 v  16.00
29505   2.0  2.0  0.0  8.0 v   1.00
29506   2.0  2.0  0.0  7.0 v   2.10
29507   8.0  3.0  0.0  3.5 v   5.60
29508   2.0  2.0  0.0  5.5 v   5.30
29522   3.0  2.0  0.0  6.0 d   5.30
29528   2.6  4.3  0.0  4.5 v   8.20
29649   2.6  4.3  0.0  4.5 v   6.90
29653   3.0  1.5  0.0  8.0 v   2.50
29654   1.5  1.5  0.0  8.0 v   1.10
29655   0.5  0.5  0.0  9.5 d   0.05
29658   2.0  2.0  0.0  6.5 v   2.20
29659   6.0  2.4  0.0  5.5 v   4.10
29678   2.0  2.0  0.0  7.5 v   2.20
29709   0.2  0.2  0.0  9.5 d   0.35
29710   2.0  2.0  0.0  8.0 v   2.40
29712   0.5  0.5  0.0  8.5 v   2.00
29713   4.0  2.0  0.0  5.5 v   9.30
30586   4.0  2.0  0.0  5.5 d  10.00
30587   4.0  2.0  0.0  5.5 d  10.00
30588   4.0  2.0  0.0  5.0 d  16.00
30589   2.0  2.0  0.0  6.5 d   3.40
30590   4.0  2.0  0.0  5.0 d  11.00
30591   4.0  2.0  0.0  5.0 d   1.40
30772   3.0  2.0  0.0  7.0 v   1.50
30773   1.5  1.0  0.0 10.0 v   0.38
30774   3.0  2.0  0.0  7.0 v   3.70
30775   1.5  1.0  0.0  9.0 v   1.20
30776   0.5  0.5  0.0  8.5 d   0.38
30777   1.5  1.0  0.0  8.0 v   1.40
30778   7.0  2.0  0.0  4.0 v   9.40
31103   2.6  4.3  0.0  5.0 v   6.50
31113   1.5  1.0  0.0  6.5 d   1.30
31114   8.0  3.0  0.0  4.0 v   8.40
31117   2.5  1.5  0.0  6.0 d   0.88
31118   0.5  0.5  0.5  9.5 d   0.52
31119   0.2  0.2  0.2 10.5 d   0.08
31121   0.2  0.2  0.2 10.5 d   0.07
31122   0.2  0.2  0.2 10.5 d   0.03
31123   4.0  2.0  0.0  6.0 v   4.70
31124   0.2  0.2  0.2 10.5 d   0.05
31125   0.2  0.2  0.2 10.5 d   0.08
31126   0.2  0.2  0.2 10.5 d   0.06
31127   0.2  0.2  0.2 10.5 d   0.07
31128   0.2  0.2  0.2 10.5 d   0.04
31129   0.2  0.2  0.2 10.5 d   0.05
31130   0.2  0.2  0.2 10.5 d   0.04
31132   0.2  0.2  0.2 10.5 d   0.03
31133   0.2  0.2  0.2 10.5 d   0.01
31134   0.5  1.0  0.0  8.0 v   0.54
31140   2.0  1.0  0.0  7.0 v   0.90
31304   2.0  1.5  0.0  7.0 d   2.10
31305   1.5  1.2  0.0  7.0 d   1.50
31490   3.0  2.0  0.0  6.5 d   3.30
31571   4.0  2.0  0.0  6.0 v   2.20
31573   4.0  2.0  0.0  6.0 v   1.80
31574   4.0  2.0  0.0  6.0 v   2.30
31576   4.0  2.0  0.0  6.0 v   2.10
31598   3.0  2.0  0.0  4.5 v   6.30
31601   2.3  1.2  0.0  7.5 v   0.71
31698   2.0  2.0  0.0  8.0 v   2.80
31699   3.0  2.0  0.0  6.0 d   5.00
31700   1.5  1.5  0.0  8.0 v   7.90
31701   4.0  2.0  0.0  4.5 v  10.00
31702   8.0  3.0  0.0  3.5 v  25.00
31708   4.0  2.0  0.0  4.5 v  10.00
31789   4.0  3.0  0.0  6.5 v   4.10
31790   3.0  2.0  0.0  7.0 v   8.40
31791   3.0  2.0  0.0  7.5 v   5.60
31792   5.0  3.0  0.0  4.0 v   6.50
31793   8.0  3.0  0.0  3.5 v  10.00
31797   2.0  2.0  0.0  7.5 v   2.30
31798   6.0  2.4  0.0  5.5 v   4.00
31863   2.6  4.3  0.0  4.5 v   6.30
32007   7.0  2.0  0.0  4.5 v   8.60
32052   2.1  2.0  0.0  6.0 v   1.60
32053   6.0  2.4  0.0  5.5 v  10.00
32060   3.0  2.0  0.0  6.5 d   7.00
32062   2.5  1.5  0.0  7.0 d   2.60
32063   6.0  2.0  0.0  5.5 d   7.30
32263   4.0  2.0  0.0  5.8 v   2.10
32264   4.0  2.0  0.0  5.8 v   2.30
32265   4.0  2.0  0.0  5.8 v   1.70
32266   4.0  2.0  0.0  5.8 v   1.70
32283   2.0  2.0  0.0  7.0 v   3.70
32284   6.0  2.4  0.0  5.5 v   4.20
32287   4.0  2.0  0.0  6.5 v  20.00
32288   4.0  2.0  0.0  3.5 v  20.00
32289   3.0  2.0  0.0  6.5 v   6.60
32290   4.0  2.5  0.0  5.5 v   7.30
32300   2.6  4.3  0.0  4.5 v   6.10
32373   3.0  2.0  0.0  5.5 d   6.00
32376   3.0  2.0  0.0  5.5 v   6.90
32378   4.0  2.0  0.0  4.5 v  10.00
32379   3.5  2.0  0.0  4.0 v   7.00
32382   3.7  1.4  1.4  6.0 d  10.00
32476   4.0  2.0  0.0  7.5 v   1.60
32477   4.0  2.0  0.0  6.0 v   6.90
32706   4.0  3.0  0.0  3.7 v  12.00
32750   2.0  2.0  0.0  8.0 v   2.90
32751   6.0  2.4  0.0  6.0 v   4.10
32765   2.0  1.5  0.0  7.0 d   2.50
32766   1.5  1.2  0.0  7.0 d   1.10
32783   2.0  2.0  0.0  7.5 v   2.30
32784   0.3  0.3  0.0  9.5 d   0.19
32785   0.4  0.4  0.0  9.5 d   0.09
32786   0.6  0.6  0.0  9.5 d   0.44
32787   0.3  0.3  0.0  9.5 d   0.09
32788   0.2  0.2  0.0  9.5 d   0.03
32789   0.3  0.3  0.0  9.5 d   0.12
32790   0.3  0.3  0.0  9.5 d   0.05
32791   0.2  0.2  0.0  9.5 d   0.05
32792   4.0  2.0  0.0  6.5 v   5.40
32953   0.5  0.5  0.0  9.5 d   0.42
32954   1.0  0.8  0.0  8.0 v   0.93
32955   1.0  0.8  0.0  8.5 d   0.83
32956   1.0  0.8  0.0  8.5 d   0.91
32957   3.0  2.0  0.0  5.5 v   6.60
32958   3.0  2.0  0.0  5.0 v   5.60
32959   6.0  2.0  0.0  5.0 v   7.20
33053   5.0  2.0  0.0  6.0 v   4.70
33060   1.0  1.0  0.0  9.0 v   0.83
33061   1.0  1.0  0.0  9.5 v   1.20
33062   1.0  1.0  0.0  9.5 v   0.62
33063   1.0  1.0  0.0  9.0 d   0.75
33064   1.0  1.0  0.0  9.5 v   1.00
33065   1.0  1.0  0.0  9.5 v   1.10
33066   4.0  2.0  0.0  5.0 v   5.10
33105   3.0  2.0  0.0  6.0 v   4.00
33106   4.0  2.0  0.0  5.5 v  12.00
33244   3.0  2.0  0.0  7.5 v   3.30
33245   4.0  2.4  0.0  5.5 v   4.10
33272   4.0  2.0  0.0  4.5 d  20.00
33312   0.7  0.5  0.0  9.0 d   0.41
33313   0.7  0.5  0.0  9.0 d   0.40
33314   0.7  0.5  0.0  9.0 d   0.43
33315   0.7  0.5  0.0  9.0 d   0.37
33316   0.7  0.5  0.0  9.0 d   0.41
33317   1.5  0.5  0.0  8.0 d   1.40
33318   2.0  2.0  0.0  7.5 d   5.80
33319   4.0  2.0  0.0  5.5 d   6.30
33320   1.5  1.0  0.0  7.5 d   1.30
33321   1.5  1.0  0.0  7.5 d   1.20
33322   4.0  2.0  0.0  4.5 d   7.70
33323   2.0  2.0  0.0  6.0 d   4.70
33331   3.0  1.5  0.0  6.0 d   4.80
33393   2.0  1.0  0.0  7.5 d   2.60
33394   3.0  2.0  0.0  5.5 v   2.80
33396   2.0  2.0  0.0  7.0 d   3.10
33397   3.0  2.0  0.0  6.0 d   5.60
33398   3.0  2.0  0.0  6.0 d   5.70
33406   4.0  2.0  0.0  6.5 d  10.00
33408   1.5  1.0  0.0  7.0 v   1.40
33409   1.5  1.0  0.0  6.0 v   2.10
33410   4.0  3.0  0.0  4.0 d   5.60
33411   3.0  2.0  0.0  5.5 v   5.50
33412   2.5  1.5  0.0  6.5 v   3.20
33433   1.0  1.0  0.0  8.0 v   0.78
33434   1.0  1.0  0.0  7.5 v   0.50
33435   4.0  3.0  0.0  4.0 v   9.10
33437   2.6  4.3  0.0  5.0 d   5.70
33445   0.4  0.3  0.0  9.5 d   0.12
33446   3.0  2.0  0.0  6.0 d   4.00
33454   2.6  4.3  0.0  5.0 d   3.90
33456   3.0  2.0  0.0  6.0 d   5.30
33457   4.0  2.5  0.0  5.0 d   7.60
33491   4.0  2.0  0.0  4.5 c   8.00
33492   3.0  1.5  0.0  6.0 d   4.40
33493   0.4  0.3  0.0  9.5 d   0.10
33494   0.6  0.5  0.0  9.0 d   0.28
33495   0.5  0.4  0.0  9.5 d   0.21
33496   0.5  0.4  0.0  9.5 d   0.25
33497   1.0  1.0  0.0  7.5 d   0.66
33498   0.5  0.4  0.0  9.5 d   0.12
33499   0.5  0.4  0.0  9.5 d   0.09
33500   8.0  3.0  0.0  3.5 d  17.00
33504   3.0  2.0  0.0  6.0 d   3.40
33505   3.0  2.0  0.0  5.5 v   3.30
33591   2.5  2.0  0.0  6.0 d   4.90
33597   2.6  4.3  0.0  5.0 d   4.20
33777   1.0  1.0  0.0  6.5 d   0.58
34602   2.0  2.0  0.0  6.5 d   2.60
34713   4.0  2.0  0.0  4.5 v  10.00
34807   1.5  1.5  0.0  7.0 d   1.70
34808   1.0  1.0  0.0  9.0 d   0.40
34809   2.6  2.0  0.0  6.3 d   4.30
34839   3.0  2.0  0.0  6.5 d   2.80
34840   4.0  2.5  0.0  5.5 d   8.30
34871   8.0  3.0  0.0  4.0 d  34.00
34903   3.0  2.0  0.0  6.0 d   6.00
34943   2.6  4.3  0.0  5.0 d   6.80
35001   2.0  2.0  0.0  6.0 d   2.40
35002   0.2  0.2  0.0  9.5 d   0.02
35003   1.0  1.0  0.0  7.5 d   0.85
35004   0.3  0.2  0.0  9.5 d   0.05
35005   0.2  0.1  0.0  9.5 d   0.03
35006   1.5  1.0  0.0  7.5 d   1.20
35495   2.6  4.3  0.0  5.0 v   5.70
35498   2.0  1.0  0.0  7.0 d   1.00
35499   2.0  1.0  0.0  7.0 d   1.70
35500   2.0  1.0  0.0  7.0 d   1.00
35501   5.0  2.0  0.0  5.5 d   6.90
35635   2.0  1.0  0.0  7.0 d   1.50
35636   1.0  0.7  0.0  7.0 d   0.62
35637   5.0  2.0  0.0  5.5 d   4.30
35681   0.5  0.5  0.0  9.5 d   0.26
35682   0.5  0.5  0.0  9.5 d   1.10
35683   0.5  0.5  0.0  9.5 d   0.32
35684   0.5  0.5  0.0  9.5 d   0.11
35685   0.5  0.5  0.0  9.5 d   0.29
35686   0.5  0.5  0.0  9.5 d   0.11
35687   2.0  1.0  0.0  7.0 d   1.40
35688   3.5  2.0  0.0  6.5 d   7.10
35689   2.0  2.0  0.0  7.0 d   4.40
35690   0.2  0.2  0.0  9.5 d   0.04
35691   0.5  0.5  0.0  9.5 d   0.62
35693   0.5  0.0  0.0  9.5 d   0.28
35694   0.5  0.0  0.0  9.5 d   0.28
35695   0.5  0.5  0.0  9.5 d   0.20
35698   2.6  4.3  0.0  4.5 v   4.30
35815   6.0  3.0  0.0  5.0 d  20.00
35931   3.0  2.0  0.0  6.0 d   3.70
35932   0.2  0.2  0.2  9.5 d   0.06
35933   0.2  0.2  0.2  9.5 d   0.05
35934   0.2  0.2  0.2  9.5 d   0.03
35935   0.2  0.2  0.2  9.5 d   0.03
35936   3.0  2.0  0.0  5.5 d   5.70
35937   3.0  2.0  0.0  6.0 d   6.00
35938   3.0  2.0  0.0  6.0 d   6.00
35939   5.0  2.0  0.0  5.0 d  10.00
35940   6.0  3.0  0.0  4.5 d   6.30
35946   3.0  2.0  0.0  6.5 d   9.00
35947   7.0  2.0  0.0  4.5 v   4.20
35951   5.0  2.0  0.0  6.0 v   4.00
36036   1.5  1.0  0.0  7.0 d   1.60
36037   2.0  2.0  0.0  6.0 d   0.87
36038   1.0  0.5  0.0  7.5 d   0.73
36039   2.5  2.0  0.0  6.0 d   4.40
36086   2.0  2.0  0.0  6.0 d  11.00
36088   2.0  1.5  0.0  6.5 d   2.50
36089   7.0  2.0  0.0  3.5 d  18.00
36095   5.0  3.0  0.0  3.5 d  21.00
36096   4.0  2.0  0.0  5.5 d   9.20
36103   2.6  4.3  0.0  5.0 d   5.70
36110   2.5  1.5  0.0  6.5 d   3.50
36119   2.5  1.5  0.0  6.5 d   2.40
36120   4.0  2.0  0.0  5.5 d   7.60
36121   3.0  2.0  0.0  6.0 d   5.60
36122   1.0  0.7  0.0  8.0 d   0.78
36123   4.0  2.0  0.0  5.5 d   7.70
36129   3.0  2.0  0.0  5.5 d   6.00
90004   4.0  2.0  0.0  3.5 v   8.00
90005   7.0  3.0  0.0  3.5 v  20.00
90006   4.0  2.0  0.0  5.5 v   8.00
90007   4.0  2.0  0.0  5.0 v  10.00
90008   7.0  3.0  0.0  3.5 v  20.00
90020   4.0  2.0  0.0  3.5 v   8.00
90022   3.0  2.0  0.0  6.5 v   6.00
90030   7.0  3.0  0.0  4.0 v  20.00
90032   5.0  2.0  0.0  5.0 v  10.00
90039   4.0  0.0  0.0  4.0 d  10.00
90040   7.0  2.0  0.0  4.5 v  14.00
90046   6.0  3.0  0.0  4.0 v  20.00
90047   4.0  2.0  0.0  5.0 v  10.00
90048   6.0  2.5  0.0  3.5 v  15.00
90049   6.0  2.5  0.0  4.0 v  15.00
90057   0.0  0.0  0.0  5.0 v   0.00
90059   0.0  0.0  0.0  4.5 v   0.00
90061   5.0  2.0  0.0  4.5 v  10.00
90062   3.0  2.0  0.0  3.5 v   6.00
90066   0.0  0.0  0.0  3.5 v   0.00
90070   5.0  2.0  0.0  4.0 v  10.00
90073   4.0  2.0  0.0  6.5 v   8.00
90074   4.0  2.0  0.0  5.5 v  10.00
90075   3.0  2.0  0.0  5.5 v   6.00
90076   4.0  2.0  0.0  6.5 v  15.00
90077   3.0  2.0  0.0  5.0 v   6.00
90080   0.0  0.0  0.0  7.0 v   0.00
90081   0.0  0.0  0.0  4.0 v   0.00
90085   0.0  0.0  0.0  3.5 v   0.00
96012   0.0  0.0  0.0  5.0 v   0.00
96028   0.0  0.0  0.0  4.0 v   0.00
96031   0.0  0.0  0.0  3.5 v   0.00
96033   0.0  0.0  0.0  6.5 v   0.00
96040   0.0  0.0  0.0  6.0 v   0.00
96058   0.0  0.0  0.0  3.5 v   0.00
96093   0.0  0.0  0.0  5.5 v   0.00
