
 0 
 768 
c:\Docs\ccd\Cbspec\Cbvega\TVega.spc
25/04/99

 5 
Vega Obj   Rx   CB 5900-7200
 0 
 0 
 0 
 0 
 0 
.spc
 pixel        anstrom       intensite     Argon1        Argon2        noir          repere
 1             5845.019      35885.0001    35885         0             0.906027516664476          -1 
 2             5846.887      82084.0001    82084         0             2.07246377812141           -1 
 3             5848.756      131348.36858285             83261         0             2.10218077372164           -1 
 4             5850.625      149056.735741087            83572         0             2.11003292803911           -1 
 5             5852.495      149107.574645752            83461         0             2.10723039064606            0 
 6             5854.363      149343.001035041            83458         0             2.10715464639219            0 
 7             5856.232      149116.380844425            83416         0             2.10609422683806            0 
 8             5858.102      149052.680438314            83489         0             2.10793733701548            0 
 9             5859.971      148300.565766054            82891         0             2.09283898241145            0 
 10            5861.84       148126.934927576            82850         0             2.09180381094195            0 
 11            5863.709      147523.932545893            82401         0             2.08046742094662            0 
 12            5865.578      147320.367921293            82363         0             2.07950799373098            0 
 13            5867.447      146437.218723164            81795         0             2.06516708166562            0 
 14            5869.316      145970.941039947            81412         0             2.05549706525535            0 
 15            5871.185      145114.678521487            80996         0             2.04499386205255            0 
 16            5873.054      143840.141733042            80106         0             2.02252306673887            0 
 17            5874.923      142150.937012169            79030         0             1.99535612768548            0 
 18            5876.792      141009.647745392            78430         0             1.98020727691221            0 
 19            5878.661      139892.831971293            78236         0             1.97530914849552            0 
 20            5880.53       139092.658197757            78375         0             1.978818632258              0 
 21            5882.399      138581.09613889             78258         0             1.97586460635721            0 
 22            5884.268      139243.322148585            78361         0             1.97846515907329            0 
 23            5886.137      140201.476657505            78983         0             1.99416946770824            0 
 24            5888.006      140024.809711246            78992         0             1.99439670046984            0 
 25            5889.875      140357.031061087            79459         0             2.00618755598837            0 
 26            5891.744      141133.115004599            80234         0             2.0257548215705             0 
 27            5893.613      141665.831757342            80519         0             2.03295052568781            0 
 28            5895.482      142405.191438207            80523         0             2.03305151802629            0 
 29            5897.352      143165.019306831            80767         0             2.03921205067409            0 
 30            5899.221      142951.820143213            80454         0             2.03130940018737            0 
 31            5901.089      142588.891512784            80470         0             2.03171336954132            0 
 32            5902.958      142152.55818656             80121         0             2.02290178800821            0 
 33            5904.828      141942.677998008            79776         0             2.01419119881358            0 
 34            5906.697      141215.750749192            79262         0             2.00121368331781            0 
 35            5908.566      140408.885149873            78940         0             1.99308380006949            0 
 36            5910.435      140029.596995241            79161         0             1.99866362677098            0 
 37            5912.304      139397.359968656            79008         0             1.9948006698238             0 
 38            5914.173      140621.299490825            79965         0             2.01896308680716            0 
 39            5916.042      141323.549130446            80653         0             2.03633376902717            0 
 40            5917.911      141482.653076485            80330         0             2.02817863769423            0 
 41            5919.78       142777.997106054            80949         0             2.04380720207531            0 
 42            5921.649      143068.44126029             81109         0             2.04784689561485            0 
 43            5923.518      143141.838569472            81150         0             2.04888206708436            0 
 44            5925.387      142726.570213704            80940         0             2.04357996931371            0 
 45            5927.256      142099.320538912            80219         0             2.02537610030117            0 
 46            5929.125      141445.127751232            79538         0             2.00818215467351            0 
 47            5930.994      140325.861401598            78809         0             1.98977630098399            0 
 48            5932.863      138780.544585566            78300         0             1.97692502591134            0 
 49            5934.732      137764.041838575            78241         0             1.97543538891864            0 
 50            5936.602      137416.627475793            78193         0             1.97422348085677            0 
 51            5938.47       138384.218872553            79143         0             1.99820916124778            0 
 52            5940.339      138916.098216787            79413         0             2.00502614409575            0 
 53            5942.208      139851.415027505            80035         0             2.0207304527307             0 
 54            5944.078      140411.078672251            79945         0             2.01845812511471            0 
 55            5945.947      141160.396505356            80233         0             2.02572957348588            0 
 56            5947.815      140892.338924553            80118         0             2.02282604375434            0 
 57            5949.685      140681.901250296            80356         0             2.0288350878944             0 
 58            5951.554      140721.256523853            80522         0             2.03302626994167            0 
 59            5953.423      140796.576685725            80456         0             2.03135989635661            0 
 60            5955.292      140721.060905164            80007         0             2.02002350636128            0 
 61            5957.161      140596.61228619             79778         0             2.01424169498282            0 
 62            5959.03       140155.277221419            79973         0             2.01916507148413            0 
 63            5960.899      139740.647424298            80090         0             2.02211909738492            0 
 64            5962.768      139727.606472159            80025         0             2.02047797188448            0 
 65            5964.637      140056.591537208            79944         0             2.01843287703009            0 
 66            5966.506      140246.346368117            79995         0             2.01972052934582            0 
 67            5968.375      140159.763504622            80328         0             2.02812814152498            0 
 68            5970.244      139983.469688203            80394         0             2.02979451511004            0 
 69            5972.113      140058.143081218            80341         0             2.02845636662507            0 
 70            5973.982      140717.783426082            80633         0             2.03582880733473            0 
 71            5975.851      140601.914621522            80444         0             2.03105691934115            0 
 72            5977.72       140751.013222187            80572         0             2.03428867417278            0 
 73            5979.589      140390.020604187            80225         0             2.02552758880891            0 
 74            5981.458      140243.218152511            80263         0             2.02648701602455            0 
 75            5983.328      140299.527809423            80526         0             2.03312726228016            0 
 76            5985.196      140258.899271043            80517         0             2.03290002951856            0 
 77            5987.065      140304.342381842            80598         0             2.03494512437295            0 
 78            5988.935      140403.612808039            80576         0             2.03438966651127            0 
 79            5990.804      140512.274382502            80671         0             2.03678823455037            0 
 80            5992.673      140269.456703302            80626         0             2.03565207074237            0 
 81            5994.542      140080.770460881            80511         0             2.03274854101083            0 
 82            5996.411      140121.116160902            80518         0             2.03292527760318            0 
 83            5998.28       140008.150162506            80536         0             2.03337974312638            0 
 84            6000.149      139782.329637863            80318         0             2.02787566067876            0 
 85            6002.018      139937.065387678            80531         0             2.03325350270327            0 
 86            6003.887      139706.552062237            80383         0             2.0295167861792             0 
 87            6005.756      139588.444709346            80335         0             2.02830487811734            0 
 88            6007.625      139562.662260429            80405         0             2.03007224404088            0 
 89            6009.494      139468.119010385            80357         0             2.02886033597902            0 
 90            6011.363      139650.046541249            80494         0             2.03231932357225            0 
 91            6013.232      139534.433988928            80414         0             2.03029947680248            0 
 92            6015.101      139475.080103027            80381         0             2.02946629000995            0 
 93            6016.97       139352.123757344            80345         0             2.02855735896356            0 
 94            6018.839      139178.362368352            80266         0             2.02656276027841            0 
 95            6020.708      139329.836087854            80378         0             2.02939054575609            0 
 96            6022.577      139159.013252063            80224         0             2.02550234072428            0 
 97            6024.446      139002.984977973            80178         0             2.02434092883167            0 
 98            6026.315      138870.917575591            80120         0             2.02287653992358            0 
 99            6028.185      138978.298302206            80242         0             2.02595680624748            0 
 100           6030.054      138939.744690149            80223         0             2.02547709263966            0 
 101           6031.922      138491.210077451            79883         0             2.01689274386814            0 
 102           6033.792      138451.587691921            79938         0             2.01828138852236            0 
 103           6035.661      138328.906479857            79883         0             2.01689274386814            0 
 104           6037.53       137961.832234135            79672         0             2.01156539801288            0 
 105           6039.398      137862.752042405            79732         0             2.0130802830902             0 
 106           6041.268      137700.601781889            79580         0             2.00924257422764            0 
 107           6043.137      137620.688710909            79513         0             2.00755095255796            0 
 108           6045.006      137715.601199924            79701         0             2.01229759246692            0 
 109           6046.875      137237.575298614            79268         0             2.00136517182554            0 
 110           6048.744      136896.240591069            79034         0             1.99545712002397            0 
 111           6050.613      137006.06656024             79202         0             1.99969879824048            0 
 112           6052.482      136786.542239095            78880         0             1.99156891499216            0 
 113           6054.351      136926.938974961            79043         0             1.99568435278557            0 
 114           6056.22       136410.313461214            78739         0             1.98800893506045            0 
 115           6058.089      136373.252394212            78768         0             1.98874112951449            0 
 116           6059.958      136165.53810774             78620         0             1.98500441299042            0 
 117           6061.827      136051.453294542            78591         0             1.98427221853637            0 
 118           6063.696      135639.88894722             78276         0             1.97631907188041            0 
 119           6065.565      135552.604463781            78222         0             1.97495567531082            0 
 120           6067.435      135644.5139469              78299         0             1.97689977782672            0 
 121           6069.303      135169.76429254             77899         0             1.96680054397787            0 
 122           6071.172      135295.575927788            78094         0             1.97172392047918            0 
 123           6073.042      134980.528842026            77868         0             1.96601785335459            0 
 124           6074.911      134724.469180065            77711         0             1.96205390406892            0 
 125           6076.779      134598.090924008            77628         0             1.95995831304528            0 
 126           6078.648      134621.008782047            77734         0             1.96263461001522            0 
 127           6080.518      134497.542854155            77638         0             1.9602107938915             0 
 128           6082.387      134139.483910984            77418         0             1.95465621527464            0 
 129           6084.256      134091.702457886            77403         0             1.95427749400531            0 
 130           6086.125      133933.493962987            77250         0             1.95041453705812            0 
 131           6087.994      133719.857015405            77067         0             1.94579413757228            0 
 132           6089.863      133599.929052511            77091         0             1.94640009160321            0 
 133           6091.732      133373.40409532             76969         0             1.94331982527931            0 
 134           6093.601      133023.059771956            76662         0             1.93556866330032            0 
 135           6095.47       132749.495619244            76462         0             1.9305190463759             0 
 136           6097.339      132600.754368648            76476         0             1.93087251956061            0 
 137           6099.208      132512.850272682            76336         0             1.92733778771351            0 
 138           6101.077      132399.166702091            76189         0             1.92362631927406            0 
 139           6102.946      132077.605474613            76084         0             1.92097527038874            0 
 140           6104.815      131785.607747351            75842         0             1.91486523391019            0 
 141           6106.684      131661.699922963            75748         0             1.91249191395571            0 
 142           6108.553      131723.789101179            75843         0             1.91489048199481            0 
 143           6110.422      131514.962523901            75682         0             1.91082554037065            0 
 144           6112.292      131052.28595743             75449         0             1.9049427366537             0 
 145           6114.16       130794.757515248            75377         0             1.90312487456091            0 
 146           6116.029      130675.438242023            75233         0             1.89948915037532            0 
 147           6117.898      130395.491545508            74981         0             1.89312663305055            0 
 148           6119.768      130315.627451331            74952         0             1.89239443859651            0 
 149           6121.637      130142.167811943            74830         0             1.88931417227261            0 
 150           6123.506      129774.995237157            74656         0             1.88492100554837            0 
 151           6125.375      129755.099029497            74675         0             1.88540071915619            0 
 152           6127.244      129383.867436737            74368         0             1.8776495571772             0 
 153           6129.113      129358.110948551            74309         0             1.87615992018449            0 
 154           6130.982      129182.324181575            74168         0             1.87259994025277            0 
 155           6132.851      128802.139532951            74018         0             1.86881272755946            0 
 156           6134.72       128866.768780479            74067         0             1.87004988370594            0 
 157           6136.589      128592.888973957            73818         0             1.86376311063504            0 
 158           6138.458      128211.082209906            73593         0             1.85808229159506            0 
 159           6140.327      128026.626406863            73382         0             1.85275494573979            0 
 160           6142.196      127630.605687774            73218         0             1.84861425986177            0 
 161           6144.065      127605.728442223            73227         0             1.84884149262337            0 
 162           6145.934      127098.087789039            72739         0             1.83652042732778            0 
 163           6147.803      126367.9067287              72115         0             1.82076562252358            0 
 164           6149.672      125363.489427628            71614         0             1.8081163321279             0 
 165           6151.541      124836.595501773            71708         0             1.81048965208238            0 
 166           6153.41       124673.272974049            71770         0             1.81205503332895            0 
 167           6155.279      125316.574698786            72064         0             1.81947797020785            0 
 168           6157.148      126118.184844595            72354         0             1.82679991474826            0 
 169           6159.018      126135.975186091            72191         0             1.82268447695486            0 
 170           6160.887      126023.645671404            72198         0             1.82286121354721            0 
 171           6162.755      125868.294203746            72041         0             1.81889726426154            0 
 172           6164.625      125663.619312246            71931         0             1.81611997495311            0 
 173           6166.494      125364.153231728            71762         0             1.81185304865197            0 
 174           6168.363      125078.97908822             71577         0             1.80718215299688            0 
 175           6170.231      124637.269094751            71306         0             1.80033992206429            0 
 176           6172.101      124652.104954992            71452         0             1.80402614241912            0 
 177           6173.97       124588.193639232            71205         0             1.79778986551746            0 
 178           6175.839      124474.776222773            71155         0             1.79652746128635            0 
 179           6177.708      124287.823557101            71042         0             1.79367442772405            0 
 180           6179.577      124088.210213416            70838         0             1.78852381846114            0 
 181           6181.446      123947.327452176            70774         0             1.78690794104533            0 
 182           6183.315      123701.004147985            70726         0             1.78569603298347            0 
 183           6185.184      123473.814380699            70518         0             1.78044443138207            0 
 184           6187.053      123463.763242683            70498         0             1.77993946968963            0 
 185           6188.922      122934.884526919            70249         0             1.77365269661872            0 
 186           6190.791      122758.05096524             70170         0             1.77165809793357            0 
 187           6192.66       122727.449058984            70053         0             1.76870407203279            0 
 188           6194.529      122650.655504236            70001         0             1.76739117163244            0 
 189           6196.398      122368.046112262            69679         0             1.75926128838412            0 
 190           6198.268      122040.840161541            69754         0             1.76115489473077            0 
 191           6200.136      121527.729109158            69368         0             1.75140913406664            0 
 192           6202.005      121225.554921368            69173         0             1.74648575756533            0 
 193           6203.875      120969.853644764            69261         0             1.74870758901207            0 
 194           6205.744      120785.863693953            69162         0             1.74620802863448            0 
 195           6207.612      120534.673509927            68954         0             1.74095642703308            0 
 196           6209.481      120187.214128868            68775         0             1.73643701988573            0 
 197           6211.351      119771.802883534            68655         0             1.73340724973107            0 
 198           6213.22       119606.408171677            68579         0             1.73148839529979            0 
 199           6215.089      119207.780908164            68292         0             1.72424219501325            0 
 200           6216.958      119006.392786403            68252         0             1.72323227162836            0 
 201           6218.827      118429.676475018            67991         0             1.71664252154199            0 
 202           6220.696      118422.259041024            68022         0             1.71742521216528            0 
 203           6222.565      118079.209022746            67773         0             1.71113843909437            0 
 204           6224.434      117781.572958063            67677         0             1.70871462297065            0 
 205           6226.303      117282.507117902            67435         0             1.7026045864921             0 
 206           6228.172      117178.573293717            67475         0             1.70361450987698            0 
 207           6230.041      116810.973805701            67241         0             1.69770645807541            0 
 208           6231.91       116437.296087981            67010         0             1.6918741505277             0 
 209           6233.779      116023.91442812             66907         0             1.68927359781162            0 
 210           6235.648      115753.784667851            66882         0             1.68864239569607            0 
 211           6237.517      115534.173508165            66637         0             1.68245661496365            0 
 212           6239.386      115379.29191575             66508         0             1.6791996120474             0 
 213           6241.255      114812.695033352            66161         0             1.67043852668353            0 
 214           6243.125      114433.228179701            66059         0             1.66786322205207            0 
 215           6244.993      114278.550185484            66054         0             1.66773698162896            0 
 216           6246.862      114267.839680331            66158         0             1.67036278242966            0 
 217           6248.731      114109.065022319            65987         0             1.66604535995928            0 
 218           6250.601      113710.247039588            65727         0             1.65948085795753            0 
 219           6252.47       113721.264512688            65700         0             1.65879915967273            0 
 220           6254.339      113368.925877307            65539         0             1.65473421804857            0 
 221           6256.208      113101.15632815             65502         0             1.65380003891756            0 
 222           6258.077      112586.122160566            65057         0             1.64256464126072            0 
 223           6259.946      112485.490871562            65161         0             1.64519044206142            0 
 224           6261.815      112091.550852983            64950         0             1.63986309620615            0 
 225           6263.684      111992.664882091            64909         0             1.63882792473664            0 
 226           6265.553      111569.955326603            64679         0             1.63302086527356            0 
 227           6267.422      111145.716515554            64300         0             1.62345184120178            0 
 228           6269.291      109734.35506564             63279         0             1.5976735468026             0 
 229           6271.16       107817.528769569            61844         0             1.56144254536987            0 
 230           6273.029      104790.901312009            60201         0             1.51995994233574            0 
 231           6274.898      102845.42290385             59984         0             1.51448110797274            0 
 232           6276.767      103025.613930022            60438         0             1.52594373839118            0 
 233           6278.636      104913.858554743            61434         0             1.55109083067481            0 
 234           6280.505      106519.514334052            62239         0             1.57141553879561            0 
 235           6282.374      107492.397642553            62611         0             1.58080782627503            0 
 236           6284.243      107417.208989661            62484         0             1.57760131952802            0 
 237           6286.112      106557.164567952            61958         0             1.56432082701679            0 
 238           6287.981      105943.36985392             61767         0             1.55949844285397            0 
 239           6289.851      105673.707007956            61744         0             1.55891773690766            0 
 240           6291.719      105450.153623163            61467         0             1.55192401746733            0 
 241           6293.588      105399.148575727            61554         0             1.55412060082946            0 
 242           6295.458      105023.211380117            61319         0             1.54818730094326            0 
 243           6297.327      105335.282804414            61606         0             1.55543350122981            0 
 244           6299.196      105429.275673179            61598         0             1.55523151655283            0 
 245           6301.064      105516.598846216            61728         0             1.55851376755371            0 
 246           6302.934      105406.604424822            61649         0             1.55651916886856            0 
 247           6304.803      105323.220838596            61521         0             1.55328741403693            0 
 248           6306.672      105477.82884654             61717         0             1.55823603862286            0 
 249           6308.541      105238.975083557            61613         0             1.55561023782216            0 
 250           6310.41       104935.233190874            61396         0             1.55013140345917            0 
 251           6312.279      104792.147363709            61359         0             1.54919722432815            0 
 252           6314.148      104354.077307562            61184         0             1.54477880951928            0 
 253           6316.017      104057.68916835             61091         0             1.54243073764942            0 
 254           6317.886      104024.432531498            61099         0             1.5426327223264             0 
 255           6319.755      104351.448349278            61288         0             1.54740461031998            0 
 256           6321.624      104176.995824541            61187         0             1.54485455377314            0 
 257           6323.493      103978.763736007            61032         0             1.54094110065672            0 
 258           6325.362      103954.90690901             61015         0             1.54051188321814            0 
 259           6327.231      103741.748169368            60944         0             1.53871926920997            0 
 260           6329.1        103309.229220858            60729         0             1.53329093101622            0 
 261           6330.969      103328.693868275            60810         0             1.53533602587061            0 
 262           6332.838      103070.403666346            60648         0             1.53124583616183            0 
 263           6334.708      102890.320315442            60554         0             1.52887251620735            0 
 264           6336.577      102825.1402658              60585         0             1.52965520683063            0 
 265           6338.445      102130.528139625            60076         0             1.51680393175798            0 
 266           6340.314      101553.956272906            59555         0             1.50364967966986            0 
 267           6342.184      100701.882107615            59150         0             1.4934242053979             0 
 268           6344.053      99699.5041704003            58850         0             1.48584978001127            0 
 269           6345.922      100107.463811919            59208         0             1.49488859430598            0 
 270           6347.791      100679.226726284            59304         0             1.49731241042971            0 
 271           6349.66       100954.586551028            59530         0             1.5030184775543             0 
 272           6351.529      100747.699464034            59438         0             1.50069565376907            0 
 273           6353.398      100539.911953617            59319         0             1.49769113169904            0 
 274           6355.267      100236.924874707            59196         0             1.49458561729052            0 
 275           6357.136      100055.059637808            59094         0             1.49201031265906            0 
 276           6359.005      99700.4746643927            58841         0             1.48562254724967            0 
 277           6360.874      99701.3364552667            58884         0             1.48670821488842            0 
 278           6362.743      99539.0439617912            58721         0             1.48259277709502            0 
 279           6364.612      98773.8986193519            58241         0             1.4704736964764             0 
 280           6366.481      98116.8333761138            57809         0             1.45956652391965            0 
 281           6368.35       97343.6071636022            57594         0             1.4541381857259             0 
 282           6370.219      97163.1820312343            57587         0             1.45396144913354            0 
 283           6372.088      97840.0128365937            57968         0             1.46358096937457            0 
 284           6373.958      98016.6631692553            57986         0             1.46403543489776            0 
 285           6375.826      97940.2512530366            57947         0             1.4630507595975             0 
 286           6377.695      97513.8824887303            57675         0             1.45618328058029            0 
 287           6379.564      97119.7239095834            57452         0             1.45055295770956            0 
 288           6381.434      97151.5729986587            57656         0             1.45570356697247            0 
 289           6383.303      97015.5175349714            57514         0             1.45211833895613            0 
 290           6385.171      96656.8747023997            57189         0             1.44391271145394            0 
 291           6387.041      96407.6137524238            57063         0             1.44073145279156            0 
 292           6388.91       96063.5777792278            56915         0             1.43699473626748            0 
 293           6390.779      95837.8530216113            56851         0             1.43537885885167            0 
 294           6392.648      95582.7079096403            56698         0             1.43151590190448            0 
 295           6394.517      95457.1004591784            56628         0             1.42974853598094            0 
 296           6396.386      95274.6991891492            56562         0             1.42808216239588            0 
 297           6398.255      94871.2746099316            56317         0             1.42189638166346            0 
 298           6400.124      94746.8176732602            56260         0             1.42045724084               0 
 299           6401.993      94423.4875408479            56088         0             1.416114570285              0 
 300           6403.862      94136.6703737882            55815         0             1.40922184318316            0 
 301           6405.731      93854.1008694881            55657         0             1.40523264581287            0 
 302           6407.6        93641.0193975864            55581         0             1.40331379138159            0 
 303           6409.469      93235.4902341418            55324         0             1.3968250336337             0 
 304           6411.338      92830.7367889368            55140         0             1.39217938606323            0 
 305           6413.207      92475.8393511708            54857         0             1.38503417811518            0 
 306           6415.076      92323.1029859808            54861         0             1.38513517045367            0 
 307           6416.945      92067.8072382354            54746         0             1.38223164072212            0 
 308           6418.814      92039.1905417904            54745         0             1.3822063926375             0 
 309           6420.684      91732.7928200167            54575         0             1.37791421825174            0 
 310           6422.552      91422.9761088907            54396         0             1.37339481110438            0 
 311           6424.421      91137.1411952047            54239         0             1.36943086181871            0 
 312           6426.291      90919.9168977032            54159         0             1.36741101504894            0 
 313           6428.16       90646.2810231012            54003         0             1.36347231384789            0 
 314           6430.029      90007.0880638103            53543         0             1.35185819492172            0 
 315           6431.897      89906.7434589142            53553         0             1.35211067576794            0 
 316           6433.767      89729.3303138693            53435         0             1.34913140178253            0 
 317           6435.636      89486.7073851851            53298         0             1.34567241418931            0 
 318           6437.505      89057.8573178485            53071         0             1.33994109898009            0 
 319           6439.374      88606.4464419245            52776         0             1.33249291401656            0 
 320           6441.243      88485.2013806868            52660         0             1.3295641362004             0 
 321           6443.112      88114.9371936552            52422         0             1.32355509206034            0 
 322           6444.981      87706.6273828467            52218         0             1.31840448279742            0 
 323           6446.85       87437.7225611886            52096         0             1.31532421647353            0 
 324           6448.719      86980.4929102965            51794         0             1.30769929491765            0 
 325           6450.588      86334.3019947593            51359         0             1.29671637810703            0 
 326           6452.457      85518.6672119154            50929         0             1.28585970171952            0 
 327           6454.326      84682.6879289319            50578         0             1.27699762401716            0 
 328           6456.195      84291.0460098667            50285         0             1.26959993522288            0 
 329           6458.064      84598.0197493949            50490         0             1.27477579257042            0 
 330           6459.933      84218.3050185975            50199         0             1.26742859994538            0 
 331           6461.802      83856.7846625427            49990         0             1.26215175025936            0 
 332           6463.671      83459.6151614713            49752         0             1.2561427061193             0 
 333           6465.541      82910.5997537847            49456         0             1.24866927307115            0 
 334           6467.41       82626.1208597388            49344         0             1.24584148759348            0 
 335           6469.278      82143.2888630678            48960         0             1.23614622309858            0 
 336           6471.147      81382.2996078671            48411         0             1.22228502464105            0 
 337           6473.017      80328.6793903352            47933         0             1.21021644019168            0 
 338           6474.886      79445.9194332258            47620         0             1.20231378970496            0 
 339           6476.755      79805.446398567             47723         0             1.20491434242103            0 
 340           6478.624      79865.2263436106            47664         0             1.20342470542833            0 
 341           6480.493      79460.8277134182            47395         0             1.19663297066498            0 
 342           6482.362      78927.3415971898            47133         0             1.19001797249399            0 
 343           6484.231      78868.9933733742            47152         0             1.19049768610181            0 
 344           6486.1        79277.7385736779            47308         0             1.19443638730286            0 
 345           6487.969      79143.1855529309            47169         0             1.19092690354038            0 
 346           6489.838      78688.9050498926            47037         0             1.18759415637026            0 
 347           6491.707      78227.2075635635            46830         0             1.18236780285349            0 
 348           6493.576      78009.0627884914            46694         0             1.17893406334488            0 
 349           6495.445      78025.8986189358            46702         0             1.17913604802186            0 
 350           6497.314      78557.8744083795            46996         0             1.18655898490076            0 
 351           6499.183      79182.1261111359            47380         0             1.19625424939565            0 
 352           6501.052      78986.5405697883            47183         0             1.19128037672509            0 
 353           6502.921      78431.3925412786            46829         0             1.18234255476887            0 
 354           6504.79       78279.8970667692            46783         0             1.18118114287625            0 
 355           6506.659      77947.084534146             46565         0             1.17567706042863            0 
 356           6508.528      77572.3780850017            46408         0             1.17171311114296            0 
 357           6510.397      76707.4669211717            45828         0             1.15706922206213            0 
 358           6512.267      75446.9513224826            44951         0             1.13492665184854            0 
 359           6514.136      73249.9476468967            43672         0             1.10263435161686            0 
 360           6516.004      72129.6490130234            43220         0             1.09122221736766            0 
 361           6517.874      72939.6809741369            43713         0             1.10366952308637            0 
 362           6519.743      73920.682758384             44110         0             1.11369301268134            0 
 363           6521.612      74158.4656597637            44301         0             1.11851539684417            0 
 364           6523.48       73946.508378584             44297         0             1.11841440450568            0 
 365           6525.35       73996.0915383178            44201         0             1.11599058838196            0 
 366           6527.219      73959.3146755515            44191         0             1.11573810753573            0 
 367           6529.088      73186.6416205941            43697         0             1.10326555373241            0 
 368           6530.957      71971.7511716705            42975         0             1.08503643663525            0 
 369           6532.826      70904.2988174159            42407         0             1.07069552456989            0 
 370           6534.695      70374.8152934833            41997         0             1.06034380987482            0 
 371           6536.564      70025.5138781644            41728         0             1.05355207511147            0 
 372           6538.433      69398.8113938491            41412         0             1.04557368037089            0 
 373           6540.302      68095.8728361737            40594         0             1.02492074715               0 
 374           6542.171      66127.5008499652            39416         0             0.995178503465152           0 
 375           6544.04       64340.155772547             38373         0             0.968844751204289           0 
 376           6545.909      63141.6971155436            37630         0             0.95008542433006            0 
 377           6547.778      61297.0180479982            36517         0             0.92198430614565            0 
 378           6549.647      59450.1838447159            35381         0             0.893302482014931           0 
 379           6551.517      56907.6879074859            33861         0             0.854925393389322           0 
 380           6553.385      54118.9476723416            32257         0             0.8144275     0 
 381           6555.254      51244.4331647364            30466         0             0.7692081     0 
 382           6557.124      47618.0483795725            28222         0             0.7125514     0 
 383           6558.993      42794.7213619039            25191         0             0.6360245     0 
 384           6560.861      36992.584128891             21999         0             0.5554326     0 
 385           6562.73       34896.5396184592            21366         0             0.5394506     0 
 386           6564.6        39901.329444501             24348         0             0.6147404     0 
 387           6566.469      45534.3085537078            27509         0             0.6945496     0 
 388           6568.338      49379.2148323979            29858         0             0.7538573     0 
 389           6570.207      52069.7442324866            31400         0             0.7927899     0 
 390           6572.076      54286.8813987794            32710         0             0.8258649     0 
 391           6573.945      56303.0742705727            33999         0             0.858409629067173           0 
 392           6575.814      58277.1711180723            35232         0             0.889540517406237           0 
 393           6577.683      60318.8290815556            36465         0             0.9206714057453             0 
 394           6579.552      61533.0190673805            37090         0             0.93645145863412            0 
 395           6581.421      62542.8533579331            37672         0             0.951145843884189           0 
 396           6583.29       63283.1740401181            38127         0             0.96263372238725            0 
 397           6585.159      63772.0128490173            38430         0             0.97028389202775            0 
 398           6587.028      64075.3892588664            38709         0             0.977328107637319           0 
 399           6588.897      65120.3411727599            39315         0             0.992628446918318           0 
 400           6590.766      65769.2455545669            39610         0             1.00007663188184            0 
 401           6592.635      66013.7295307322            39823         0             1.00545447390635            0 
 402           6594.504      66053.9583097729            39898         0             1.00734808025301            0 
 403           6596.374      66272.0793279514            39954         0             1.00876197299185            0 
 404           6598.242      66332.8192943735            39971         0             1.00919119043042            0 
 405           6600.111      66224.5485698092            39977         0             1.00934267893816            0 
 406           6601.98       66329.4221425412            40081         0             1.01196847973886            0 
 407           6603.85       66292.0638891392            40030         0             1.01068082742313            0 
 408           6605.719      66383.8114452599            40130         0             1.01320563588534            0 
 409           6607.588      66595.8995895879            40271         0             1.01676561581706            0 
 410           6609.457      66471.9086247108            40179         0             1.01444279203182            0 
 411           6611.326      66188.2850913136            39979         0             1.0093931751074             0 
 412           6613.195      66190.1589373509            40004         0             1.01002437722295            0 
 413           6615.064      66291.0061341285            40116         0             1.01285216270063            0 
 414           6616.933      66172.9859575367            39976         0             1.00931743085353            0 
 415           6618.802      66210.6044533149            40040         0             1.01093330826935            0 
 416           6620.671      66152.4131423234            39963         0             1.00898920575345            0 
 417           6622.54       66245.3469510318            40042         0             1.01098380443859            0 
 418           6624.409      66110.2007848114            39975         0             1.00929218276891            0 
 419           6626.278      66042.6833580362            39936         0             1.00830750746865            0 
 420           6628.147      66074.1604944947            39995         0             1.00979714446135            0 
 421           6630.016      66117.09465613              40029         0             1.01065557933851            0 
 422           6631.885      66122.8190488013            40010         0             1.01017586573069            0 
 423           6633.754      66069.4854781439            39965         0             1.00903970192269            0 
 424           6635.623      66100.2412140552            40061         0             1.01146351804641            0 
 425           6637.492      66057.4683416514            39999         0             1.00989813679984            0 
 426           6639.361      66005.8654263013            40000         0             1.00992338488446            0 
 427           6641.23       65851.5271192403            39845         0             1.00600993176804            0 
 428           6643.1        65799.341119054             39819         0             1.00535348156786            0 
 429           6644.968      65842.1012328723            39817         0             1.00530298539862            0 
 430           6646.837      65806.4721098561            39850         0             1.00613617219115            0 
 431           6648.707      65733.6783301427            39813         0             1.00520199306013            0 
 432           6650.576      65646.1982506782            39763         0             1.00393958882902            0 
 433           6652.445      65517.7071181857            39683         0             1.00191974205926            0 
 434           6654.313      65449.9363244521            39650         0             1.00108655526673            0 
 435           6656.183      65328.8742315094            39581         0             0.9993444374278             0 
 436           6658.052      65470.7057209392            39660         0             1.00133903611295            0 
 437           6659.921      65334.2396881371            39559         0             0.998788979566114           0 
 438           6661.79       65045.7931531337            39401         0             0.99479978219582            0 
 439           6663.659      65110.1013870771            39496         0             0.997198350234921           0 
 440           6665.528      65054.6869104241            39432         0             0.995582472819106           0 
 441           6667.397      65053.4158321962            39484         0             0.996895373219455           0 
 442           6669.266      65019.0616380783            39455         0             0.996163178765414           0 
 443           6671.135      64945.7353775688            39402         0             0.994825030280442           0 
 444           6673.004      64849.6240644555            39369         0             0.993991843487912           0 
 445           6674.873      64738.8893385237            39266         0             0.991391290771835           0 
 446           6676.742      64699.4015750153            39242         0             0.990785336740904           0 
 447           6678.611      64256.8228690714            38985         0             0.984296578993022           0 
 448           6680.48       64280.3269850956            39040         0             0.985685223647238           0 
 449           6682.349      64308.8737662153            39025         0             0.985306502377906           0 
 450           6684.218      64253.5693193236            39026         0             0.985331750462528           0 
 451           6686.087      64201.6489272581            38960         0             0.983665376877469           0 
 452           6687.957      64002.1985806433            38867         0             0.981317305007612           0 
 453           6689.826      64042.8740920104            38896         0             0.982049499461654           0 
 454           6691.694      63937.9334507557            38832         0             0.980433622045839           0 
 455           6693.563      63781.5537321011            38761         0             0.978641008037669           0 
 456           6695.433      63715.4009729889            38719         0             0.97758058848354            0 
 457           6697.302      63601.484682759             38633         0             0.975409253206038           0 
 458           6699.171      63638.8332718679            38687         0             0.976772649775632           0 
 459           6701.04       63414.4394857038            38497         0             0.971975513697431           0 
 460           6702.909      63200.9763385926            38387         0             0.969198224388999           0 
 461           6704.778      63144.4920821594            38309         0             0.967228873788474           0 
 462           6706.647      63052.3691321514            38294         0             0.966850152519142           0 
 463           6708.516      62968.3704981009            38257         0             0.965915973388124           0 
 464           6710.385      62831.4895738323            38116         0             0.962355993456407           0 
 465           6712.254      62804.2566842337            38141         0             0.962987195571959           0 
 466           6714.123      62673.8131482515            38048         0             0.960639123702103           0 
 467           6715.992      62657.7147602059            38082         0             0.961497558579255           0 
 468           6717.861      62403.3823815997            37913         0             0.957230632278118           0 
 469           6719.73       62232.2638664886            37754         0             0.953216186823202           0 
 470           6721.599      62029.3934712855            37670         0             0.951095347714945           0 
 471           6723.468      62036.0274357438            37705         0             0.951979030676719           0 
 472           6725.337      61972.5517698065            37645         0             0.950464145599392           0 
 473           6727.207      61794.9440082492            37569         0             0.948545291168111           0 
 474           6729.075      61767.2646058477            37566         0             0.948469546914245           0 
 475           6730.944      61640.745486157             37489         0             0.946525444398343           0 
 476           6732.813      61381.0316185001            37306         0             0.941905044912496           0 
 477           6734.683      61210.9721288955            37206         0             0.939380236450285           0 
 478           6736.552      61122.3608616108            37171         0             0.938496553488511           0 
 479           6738.42       61125.062263494             37206         0             0.939380236450285           0 
 480           6740.29       60876.7914604548            37032         0             0.934987069726038           0 
 481           6742.159      60757.3004019391            36987         0             0.933850905918043           0 
 482           6744.028      60684.0625229546            36932         0             0.932462261263826           0 
 483           6745.897      60439.2309706225            36736         0             0.927513636677893           0 
 484           6747.766      60366.1413576061            36683         0             0.926175488192921           0 
 485           6749.635      60087.7839224706            36497         0             0.921479344453208           0 
 486           6751.504      59963.8901126433            36461         0             0.920570413406812           0 
 487           6753.373      59813.4310646446            36294         0             0.916353983274919           0 
 488           6755.242      59746.0513472642            36298         0             0.916454975613408           0 
 489           6757.111      59575.2856800485            36199         0             0.913955415235819           0 
 490           6758.98       59350.1492922141            36022         0             0.909486504257705           0 
 491           6760.849      59225.8412666699            35995         0             0.908804805972908           0 
 492           6762.718      59166.2435723005            35945         0             0.907542401741802           0 
 493           6764.587      59117.2183166764            35899         0             0.906380989849185           0 
 494           6766.456      59010.4220218087            35862         0             0.905446810718167           0 
 495           6768.325      58870.9501768089            35721         0             0.901886830786449           0 
 496           6770.194      58652.5611446538            35595         0             0.898705572124063           0 
 497           6772.063      58735.9420324808            35686         0             0.901003147824675           0 
 498           6773.933      58591.6381334988            35572         0             0.898124866177755           0 
 499           6775.801      58473.99535147              35458         0             0.895246584530834           0 
 500           6777.67       58275.8535348403            35321         0             0.891787596937605           0 
 501           6779.54       58195.8354718711            35265         0             0.890373704198766           0 
 502           6781.409      58048.9634890546            35189         0             0.888454849767486           0 
 503           6783.278      57921.7811181995            35141         0             0.887242941705624           0 
 504           6785.146      57802.0512157263            35107         0             0.886384506828473           0 
 505           6787.016      57587.7635156079            34901         0             0.881183401396318           0 
 506           6788.885      57676.1332726053            34967         0             0.882849774981377           0 
 507           6790.754      57436.6251154389            34800         0             0.878633344849484           0 
 508           6792.623      57213.1039953699            34677         0             0.875527830440965           0 
 509           6794.492      57186.7598514334            34630         0             0.874341170463726           0 
 510           6796.361      57080.2552564598            34493         0             0.870882182870496           0 
 511           6798.23       57042.8000380014            34546         0             0.872220331355468           0 
 512           6800.099      56771.8407096441            34354         0             0.867372699108023           0 
 513           6801.968      56712.2707968437            34339         0             0.866993977838691           0 
 514           6803.837      56659.431892418             34296         0             0.86590831019994            0 
 515           6805.706      56453.7012034646            34149         0             0.86219684176049            0 
 516           6807.575      56384.6583676078            34140         0             0.861969608998891           0 
 517           6809.444      56213.3739799968            34017         0             0.858864094590371           0 
 518           6811.313      56155.2858169813            33969         0             0.85765218652851            0 
 519           6813.182      56142.7866512366            34014         0             0.858788350336505           0 
 520           6815.051      55939.3917886403            33871         0             0.855177874235543           0 
 521           6816.92       55754.2695636515            33746         0             0.852021863657779           0 
 522           6818.79       55710.9507257527            33727         0             0.851542150049959           0 
 523           6820.659      55598.7146408557            33619         0             0.848815356910771           0 
 524           6822.527      55385.4126533244            33486         0             0.84545736165603            0 
 525           6824.396      55306.0973958247            33430         0             0.844043468917192           0 
 526           6826.266      55201.173540823             33354         0             0.842124614485911           0 
 527           6828.135      54967.7130737503            33148         0             0.836923509053756           0 
 528           6830.004      54804.2039780914            33013         0             0.833515017629771           0 
 529           6831.873      54746.7623490207            33004         0             0.833287784868172           0 
 530           6833.742      54619.1302685005            32939         0             0.831646659367735           0 
 531           6835.611      54584.7771685037            32917         0             0.831091201506048           0 
 532           6837.48       54505.108420091             32846         0             0.829298587497878           0 
 533           6839.349      54184.5706094082            32605         0             0.8232138     0 
 534           6841.218      54103.4891360931            32610         0             0.8233401     0 
 535           6843.087      53866.8903469012            32430         0             0.8187954     0 
 536           6844.956      53777.6076774016            32388         0             0.817735      0 
 537           6846.825      53524.4537582817            32160         0             0.8119784     0 
 538           6848.694      53474.3786282509            32149         0             0.8117007     0 
 539           6850.563      53304.570085282             32018         0             0.8083932     0 
 540           6852.432      53246.7634598392            31976         0             0.8073328     0 
 541           6854.301      53273.0973425794            32050         0             0.8092011     0 
 542           6856.17       53041.3610150733            31884         0             0.8050099     0 
 543           6858.04       52876.5830387278            31818         0             0.8033435     0 
 544           6859.908      52705.3156218894            31672         0             0.7996573     0 
 545           6861.777      52535.386815009             31589         0             0.7975618     0 
 546           6863.646      52402.6967509377            31540         0             0.7963246     0 
 547           6865.516      51980.2377599933            31276         0             0.7896591     0 
 548           6867.385      50729.2302923217            30868         0             0.7793579     0 
 549           6869.253      46250.4662569597            29032         0             0.7330024     0 
 550           6871.123      37382.6799083416            23170         0             0.5849981     0 
 551           6872.992      32451.6125903249            19110         0             0.4824909     0 
 552           6874.861      32896.6864066076            19240         0             0.4857731     0 
 553           6876.73       34325.6860193499            20126         0             0.5081429     0 
 554           6878.599      36530.3512885072            21431         0             0.5410917     0 
 555           6880.468      39262.6945883583            22994         0             0.5805545     0 
 556           6882.337      42498.6864819446            24922         0             0.6292328     0 
 557           6884.206      45910.9390840458            27168         0             0.68594       0 
 558           6886.075      47438.5582560736            28617         0             0.7225245     0 
 559           6887.944      45837.1339463908            27744         0             0.7004828     0 
 560           6889.813      43969.9680406302            26297         0             0.6639489     0 
 561           6891.682      43183.1447005916            25833         0             0.6522338     0 
 562           6893.551      42350.0596664352            25063         0             0.6327928     0 
 563           6895.42       42836.6839779097            25574         0             0.6456945     0 
 564           6897.289      42522.457584266             25129         0             0.6344591     0 
 565           6899.158      43338.0823139829            25879         0             0.6533952     0 
 566           6901.027      43136.2063555359            25410         0             0.6415538     0 
 567           6902.896      44220.2291158499            26417         0             0.6669787     0 
 568           6904.766      43869.207091076             25807         0             0.6515773     0 
 569           6906.634      45174.7828511914            27064         0             0.6833141     0 
 570           6908.503      44485.5882973682            26248         0             0.6627117     0 
 571           6910.373      45654.3010920349            27107         0             0.6843998     0 
 572           6912.242      45700.4662008375            27153         0             0.6855612     0 
 573           6914.111      45838.4436875651            27078         0             0.6836677     0 
 574           6915.979      46657.9164270253            27947         0             0.7056082     0 
 575           6917.849      46021.170600163             27184         0             0.6863439     0 
 576           6919.718      46955.2612070785            27990         0             0.7066939     0 
 577           6921.587      46912.8274617995            28067         0             0.708638      0 
 578           6923.456      46606.6607259485            27627         0             0.6975288     0 
 579           6925.325      47061.6988420238            28291         0             0.7142935     0 
 580           6927.194      46127.9332489731            27546         0             0.6954837     0 
 581           6929.063      46223.0914332968            27469         0             0.6935396     0 
 582           6930.932      46489.4933650602            27934         0             0.70528       0 
 583           6932.801      45586.3573846782            27293         0             0.689096      0 
 584           6934.67       45106.5855500246            26821         0             0.6771789     0 
 585           6936.539      45367.5415410026            27086         0             0.6838696     0 
 586           6938.408      45337.991472939             27024         0             0.6823043     0 
 587           6940.277      45313.7619189055            27247         0             0.6879346     0 
 588           6942.146      44448.0025835403            26872         0             0.6784666     0 
 589           6944.015      43199.3416833               25920         0             0.6544303     0 
 590           6945.884      43105.915242689             25614         0             0.6467044     0 
 591           6947.753      43906.3096185494            26048         0             0.6576621     0 
 592           6949.623      44719.2868727223            26993         0             0.6815215     0 
 593           6951.491      44139.051840523             26519         0             0.6695539     0 
 594           6953.36       44172.8308943373            26281         0             0.6635449     0 
 595           6955.229      44837.824803467             26818         0             0.6771032     0 
 596           6957.099      44968.0969903589            27086         0             0.6838696     0 
 597           6958.968      44484.5954301234            26933         0             0.6800067     0 
 598           6960.837      43712.5573526335            26199         0             0.6614746     0 
 599           6962.706      44002.679259042             26501         0             0.6690995     0 
 600           6964.575      43871.7179341478            26267         0             0.6631914     0 
 601           6966.444      44346.6603040083            26470         0             0.6683168     0 
 602           6968.313      45220.3113699003            27153         0             0.6855612     0 
 603           6970.182      45712.2594725613            27449         0             0.6930346     0 
 604           6972.051      45985.4605769159            27728         0             0.7000789     0 
 605           6973.92       45983.8966731613            27793         0             0.70172       0 
 606           6975.789      45548.3661213856            27381         0             0.6913178     0 
 607           6977.658      45531.7972722885            27446         0             0.692959      0 
 608           6979.527      45418.0603148676            27491         0             0.6940951     0 
 609           6981.396      45152.483534555             27314         0             0.6896262     0 
 610           6983.265      44779.0382303559            27045         0             0.6828344     0 
 611           6985.134      44645.8928732437            27001         0             0.6817235     0 
 612           6987.003      44276.2227677197            26831         0             0.6774313     0 
 613           6988.872      43592.0636781064            26529         0             0.6698064     0 
 614           6990.741      42709.9081747613            25977         0             0.6558695     0 
 615           6992.61       41987.562042806             25450         0             0.6425638     0 
 616           6994.479      41685.2045878951            25163         0             0.6353176     0 
 617           6996.349      41830.2044743199            25352         0             0.6400895     0 
 618           6998.217      41639.209797063             25094         0             0.6335754     0 
 619           7000.086      41877.0262573964            25272         0             0.6380696     0 
 620           7001.956      41938.6615327706            25525         0             0.6444573     0 
 621           7003.825      41433.1677199852            25008         0             0.6314041     0 
 622           7005.694      41520.6443901874            25182         0             0.6357973     0 
 623           7007.563      41153.4486453452            25150         0             0.6349893     0 
 624           7009.432      40522.5881718981            24512         0             0.618881      0 
 625           7011.301      40612.5959295515            24462         0             0.6176186     0 
 626           7013.17       40989.3186008203            24872         0             0.6279703     0 
 627           7015.039      40993.4320367167            24879         0             0.6281471     0 
 628           7016.908      40803.9590123797            24757         0             0.6250668     0 
 629           7018.777      40612.6416946231            24831         0             0.6269352     0 
 630           7020.646      40026.4943033291            24284         0             0.6131245     0 
 631           7022.515      39994.3581216963            24152         0             0.6097918     0 
 632           7024.384      40303.8904928953            24497         0             0.6185023     0 
 633           7026.253      40191.8702642698            24501         0             0.6186033     0 
 634           7028.122      39774.6061009367            24241         0             0.6120388     0 
 635           7029.991      39466.8577879933            24102         0             0.6085293     0 
 636           7031.86       39055.2017932109            23600         0             0.5958548     0 
 637           7033.729      39307.4809092711            23571         0             0.5951226     0 
 638           7035.598      40073.4025665848            24244         0             0.6121145     0 
 639           7037.467      40569.7548446892            24684         0             0.6232237     0 
 640           7039.336      40500.6310070629            24782         0             0.625698      0 
 641           7041.206      39885.0740768614            24414         0             0.6164067     0 
 642           7043.075      39211.409437717             23881         0             0.6029495     0 
 643           7044.943      38892.5297030002            23481         0             0.5928503     0 
 644           7046.813      39137.5977181849            23712         0             0.5986826     0 
 645           7048.682      39386.7606114997            23991         0             0.6057268     0 
 646           7050.551      39316.4710301701            24021         0             0.6064842     0 
 647           7052.42       39074.8879256488            23887         0             0.603101      0 
 648           7054.289      38649.251002402             23692         0             0.5981776     0 
 649           7056.158      38172.4373092986            23307         0             0.5884571     0 
 650           7058.027      37858.5413370149            22961         0             0.5797213     0 
 651           7059.896      38004.3615842542            23177         0             0.5851749     0 
 652           7061.765      37926.4187648332            23138         0             0.5841902     0 
 653           7063.634      37944.619218861             23165         0             0.5848719     0 
 654           7065.503      37868.5271275387            23114         0             0.5835842     0 
 655           7067.372      37816.052990288             23079         0             0.5827006     0 
 656           7069.241      37638.9123305881            22961         0             0.5797213     0 
 657           7071.11       37547.4898664422            22892         0             0.5779791     0 
 658           7072.979      37471.1789234393            22853         0             0.5769945     0 
 659           7074.848      37537.4606698648            22932         0             0.5789891     0 
 660           7076.717      37474.1994736644            22964         0             0.579797      0 
 661           7078.586      37150.9065525171            22668         0             0.5723236     0 
 662           7080.456      36978.9863024727            22620         0             0.5711117     0 
 663           7082.324      36649.6409153813            22408         0             0.5657591     0 
 664           7084.193      36425.7309635458            22149         0             0.5592198     0 
 665           7086.063      36585.4018224485            22298         0             0.5629818     0 
 666           7087.932      36541.9629197669            22318         0             0.5634868     0 
 667           7089.801      36540.7131505151            22416         0             0.5659611     0 
 668           7091.669      36253.2402745384            22218         0             0.560962      0 
 669           7093.539      36027.7413669852            21975         0             0.5548267     0 
 670           7095.408      35969.1225974464            21973         0             0.5547762     0 
 671           7097.277      35895.7325398967            21955         0             0.5543217     0 
 672           7099.146      35825.2714484631            21949         0             0.5541702     0 
 673           7101.015      35570.8925620419            21808         0             0.5506102     0 
 674           7102.884      35404.1344426906            21728         0             0.5485904     0 
 675           7104.753      35181.8180632122            21546         0             0.5439952     0 
 676           7106.622      34980.318705726             21369         0             0.5395263     0 
 677           7108.491      34861.7084495254            21328         0             0.5384911     0 
 678           7110.36       34731.0055333092            21268         0             0.5369763     0 
 679           7112.229      34422.3787586174            21045         0             0.531346      0 
 680           7114.098      34347.9943064771            20987         0             0.5298815     0 
 681           7115.967      34224.6695668218            20939         0             0.5286697     0 
 682           7117.836      33920.8676482711            20713         0             0.5229636     0 
 683           7119.705      33827.4387004483            20663         0             0.5217012     0 
 684           7121.574      33551.5747113592            20467         0             0.5167525     0 
 685           7123.443      33407.0982695467            20385         0             0.5146822     0 
 686           7125.313      33405.6325615547            20360         0             0.514051      0 
 687           7127.182      33422.4513893148            20388         0             0.5147579     0 
 688           7129.05       33223.5248620522            20295         0             0.5124099     0 
 689           7130.919      33009.0410261419            20186         0             0.5096579     0 
 690           7132.789      32831.0941864408            20086         0             0.507133      0 
 691           7134.658      32582.8224276232            19850         0             0.5011745     0 
 692           7136.527      32355.6658123534            19713         0             0.4977155     0 
 693           7138.396      32214.4034758498            19590         0             0.49461       0 
 694           7140.265      32104.5999244894            19540         0             0.4933476     0 
 695           7142.134      31954.3476114787            19474         0             0.4916812     0 
 696           7144.003      31756.6764814096            19312         0             0.487591      0 
 697           7145.872      31491.7752620692            19182         0             0.4843087     0 
 698           7147.741      31257.9958399654            19021         0             0.4802438     0 
 699           7149.61       31004.5664785577            18851         0             0.4759516     0 
 700           7151.479      30781.3815280118            18761         0             0.4736793     0 
 701           7153.348      30512.3488621924            18554         0             0.468453      0 
 702           7155.217      30264.4431057123            18364         0             0.4636558     0 
 703           7157.086      30017.6839611773            18171         0             0.4587829     0 
 704           7158.955      29899.1235130821            18157         0             0.4584295     0 
 705           7160.824      29729.4284014082            18061         0             0.4560057     0 
 706           7162.693      29506.9898440631            17890         0             0.4516882     0 
 707           7164.563      29290.5494312445            17862         0             0.4509813     0 
 708           7166.431      28875.1970571386            17664         0             0.4459822     0 
 709           7168.3        28297.1178966865            17409         0             0.4395439     0 
 710           7170.169      27456.2406505274            17001         0             0.4292427     0 
 711           7172.039      26384.0970987644            16392         0             0.4138666     0 
 712           7173.908      25105.1752019482            15450         0             0.3900829     0 
 713           7175.776      24233.0855350822            14973         0             0.3780396     0 
 714           7177.646      23285.3876590552            14337         0             0.3619818     0 
 715           7179.515      22489.3251965948            13581         0             0.3428942     0 
 716           7181.384      22478.6801961053            13597         0             0.3432982     0 
 717           7183.253      22164.1999196991            13139         0             0.3317346     0 
 718           7185.122      22324.9524388049            13410         0             0.3385768     0 
 719           7186.991      22274.9007339549            13763         0             0.3474894     0 
 720           7188.86       21310.9120281574            13229         0             0.3340069     0 
 721           7190.729      20677.0890575492            12595         0             0.3179996     0 
 722           7192.598      20221.7112746605            11836         0             0.2988363     0 
 723           7194.467      20356.4884533004            12122         0             0.3060573     0 
 724           7196.336      20730.9341982343            12805         0             0.3233017     0 
 725           7198.205      20072.9915332613            11944         0             0.3015631     0 
 726           7200.074      20125.2215529935            11844         0             0.2990383     0 
 727           7201.943      20350.1994339758            12277         0             0.3099707     0 
 728           7203.812      20074.8339471514            12207         0             0.3082034     0 
 729           7205.681      19860.8403273408            11986         0             0.3026235     0 
 730           7207.55       19544.9344713806            11442         0             0.2888886     0 
 731           7209.419      20163.0283679946            11947         0             0.3016389     0 
 732           7211.289      20381.5029606319            11780         0             0.2974224     0 
 733           7213.157      21128.4344865202            12152         0             0.3068147     0 
 734           7215.026      22136.3962146357            12896         0             0.3255993     0 
 735           7216.896      22710.9389466661            13270         0             0.3350421     0 
 736           7218.765      23185.2015936167            13747         0             0.3470854     0 
 737           7220.634      23536.5073617326            14131         0             0.3567807     0 
 738           7222.502      23435.9250150806            13926         0             0.3516048     0 
 739           7224.372      23339.0656851308            13820         0             0.3489285     0 
 740           7226.241      23370.4372712394            14055         0             0.3548618     0 
 741           7228.11       23154.3905043272            13998         0             0.3534227     0 
 742           7229.979      22603.5345825074            13510         0             0.3411016     0 
 743           7231.848      22443.1850706817            13472         0             0.3401422     0 
 744           7233.717      21971.1522277465            13280         0             0.3352946     0 
 745           7235.586      21179.4391557139            13090         0             0.3304974     0 
 746           7237.455      20281.4794173517            12666         0             0.3197922     0 
 747           7239.324      19304.0319306669            11615         0             0.2932565     0 
 748           7241.193      18755.9283396271            10885         0             0.2748254     0 
 749           7243.062      18800.3386175002            11114         0             0.2806072     0 
 750           7244.931      18927.3958781977            11511         0             0.2906307     0 
 751           7246.8        18386.814380771             10947         0             0.2763908     0 
 752           7248.669      18215.2037266511            10703         0             0.2702303     0 
 753           7250.538      18324.7171654026            10673         0             0.2694728     0 
 754           7252.407      18556.3194456922            10927         0             0.2758858     0 
 755           7254.276      18462.1506653268            11073         0             0.279572      0 
 756           7256.146      18221.9094041486            11092         0             0.2800518     0 
 757           7258.015      17890.25213011              10632         0             0.2684376     0 
 758           7259.883      17576.0608139388            10062         0             0.2540462     0 
 759           7261.752      18026.9456725218            10599         0             0.2676044     0 
 760           7263.622      18142.2523886172            10811         0             0.2729571     0 
 761           7265.491      17843.995623429             10653         0             0.2689678     0 
 762           7267.36       17753.1900398193            10744         0             0.2712654     0 
 763           7269.229      17464.1141838252            10445         0             0.2637163     0 
 764           7271.098      17429.4609676087            10158         0             0.2564701     0 
 765           7272.967      17137.3256110561            10094         0             0.2548542     0 
 766           7274.836      14599.555048806             10681         0             0.2696748     0 
 767           7276.705      9271.0001     9271          0             0.234075      0 
 768           7278.574      0.0001        0             0             0             0 
