1669 1.0448E-009
1669 1.0448E-009
1670 1.0006E-009
1671 9.6905E-010
1673 1.0474E-009
1674 1.1193E-009
1676 1.1488E-009
1677 1.2278E-009
1678 1.2843E-009
1680 1.2448E-009
1681 1.1960E-009
1682 1.2553E-009
1684 1.2720E-009
1685 1.2177E-009
1687 1.1318E-009
1688 1.1180E-009
1689 1.1283E-009
1691 1.1539E-009
1692 1.1720E-009
1693 1.1199E-009
1695 1.0771E-009
1696 1.1059E-009
1698 1.0934E-009
1699 1.0817E-009
1700 1.0931E-009
1702 1.1425E-009
1703 1.1346E-009
1704 1.1283E-009
1706 1.1161E-009
1707 1.1122E-009
1708 1.1229E-009
1710 1.1055E-009
1711 1.1107E-009
1713 1.1276E-009
1714 1.1625E-009
1715 1.1010E-009
1717 9.6182E-010
1718 8.8211E-010
1719 9.8771E-010
1721 1.0040E-009
1722 9.8458E-010
1724 9.6818E-010
1725 1.0132E-009
1726 1.0471E-009
1728 1.0669E-009
1729 1.0716E-009
1730 1.0752E-009
1732 1.0946E-009
1733 1.1174E-009
1735 1.1344E-009
1736 1.1267E-009
1737 1.1153E-009
1739 1.0759E-009
1740 1.0693E-009
1741 1.0586E-009
1743 1.1165E-009
1744 1.1525E-009
1745 1.1332E-009
1747 1.0786E-009
1748 1.0872E-009
1750 1.0836E-009
1751 1.0223E-009
1752 1.0327E-009
1754 1.0669E-009
1755 1.1203E-009
1756 1.1395E-009
1758 1.1025E-009
1759 1.0760E-009
1761 1.0504E-009
1762 1.0709E-009
1763 1.0543E-009
1765 1.0443E-009
1766 1.0414E-009
1767 1.0102E-009
1769 1.0255E-009
1770 1.0651E-009
1772 1.0652E-009
1773 1.0729E-009
1774 1.0845E-009
1776 1.0704E-009
1777 1.0660E-009
1778 1.0635E-009
1780 1.0534E-009
1781 1.0301E-009
1783 1.0296E-009
1784 1.0276E-009
1785 1.0230E-009
1787 1.0338E-009
1788 1.0143E-009
1789 1.0056E-009
1791 9.8285E-010
1792 9.6589E-010
1793 9.7837E-010
1795 1.0074E-009
1796 1.0115E-009
1798 1.0037E-009
1799 1.0109E-009
1800 1.0220E-009
1802 1.0111E-009
1803 9.9417E-010
1804 9.5589E-010
1806 9.7153E-010
1807 9.4717E-010
1809 9.4263E-010
1810 9.3945E-010
1811 9.5312E-010
1813 9.7590E-010
1814 1.0080E-009
1815 9.9538E-010
1817 9.9407E-010
1818 9.9092E-010
1820 9.5645E-010
1821 9.9054E-010
1822 9.9846E-010
1824 1.0082E-009
1825 9.9806E-010
1826 9.5967E-010
1828 9.5705E-010
1829 9.8034E-010
1831 9.9264E-010
1832 1.0261E-009
1833 1.0421E-009
1835 1.0524E-009
1836 1.0297E-009
1837 1.0023E-009
1839 9.7595E-010
1840 9.5236E-010
1841 9.4329E-010
1843 9.4414E-010
1844 9.5577E-010
1846 9.5405E-010
1847 9.6497E-010
1848 9.6620E-010
1850 9.5057E-010
1851 9.2983E-010
1852 9.2547E-010
1854 8.9640E-010
1855 9.1769E-010
1857 9.5679E-010
1858 9.4643E-010
1859 9.3347E-010
1861 9.0349E-010
1862 9.0619E-010
1863 9.3397E-010
1865 9.6918E-010
1866 9.8073E-010
1868 9.7261E-010
1869 9.3389E-010
1870 9.1502E-010
1872 8.8940E-010
1873 8.4396E-010
1874 8.2090E-010
1876 8.6506E-010
1877 9.2022E-010
1879 9.5097E-010
1880 9.5728E-010
1881 9.2878E-010
1883 8.9060E-010
1884 8.5273E-010
1885 8.6775E-010
1887 8.8307E-010
1888 8.8352E-010
1890 9.0095E-010
1891 8.9690E-010
1892 8.9639E-010
1894 8.9428E-010
1895 8.8301E-010
1896 8.9572E-010
1898 9.0813E-010
1899 9.0503E-010
1901 9.0571E-010
1902 9.1033E-010
1903 9.1264E-010
1905 9.0986E-010
1906 9.0484E-010
1907 8.7405E-010
1909 8.7967E-010
1910 8.8885E-010
1911 8.9915E-010
1913 8.7858E-010
1914 8.5062E-010
1916 8.6445E-010
1917 8.6169E-010
1918 8.5002E-010
1920 8.3821E-010
1921 8.2159E-010
1922 7.6925E-010
1924 7.7899E-010
1925 8.1653E-010
1927 8.2304E-010
1928 8.3301E-010
1929 8.3030E-010
1931 8.4562E-010
1932 8.7018E-010
1933 8.9276E-010
1935 8.7654E-010
1936 8.5394E-010
1938 8.3612E-010
1939 8.4266E-010
1940 8.5549E-010
1942 8.6871E-010
1943 8.4493E-010
1944 8.2267E-010
1946 8.2908E-010
1947 8.4758E-010
1949 8.5074E-010
1950 8.3176E-010
1951 8.2097E-010
1953 7.9182E-010
1954 7.6386E-010
1955 7.8344E-010
1957 7.8955E-010
1958 7.8432E-010
1960 7.7818E-010
1961 7.8831E-010
1962 8.0326E-010
1964 7.8133E-010
1965 7.7902E-010
1966 7.8590E-010
1968 8.0011E-010
1969 8.1870E-010
1971 8.2322E-010
1972 8.1526E-010
1973 8.1475E-010
1975 8.1411E-010
1976 8.0647E-010
1977 8.0023E-010
1979 7.8078E-010
1980 7.7811E-010
1981 7.8737E-010
1983 7.8364E-010
1984 7.7788E-010
1986 7.7807E-010
1987 7.7718E-010
1988 7.8057E-010
1990 7.6488E-010
1991 7.5069E-010
1992 7.4438E-010
1994 7.4988E-010
1995 7.5087E-010
1997 7.5748E-010
1998 7.6642E-010
1999 7.5816E-010
2001 7.5712E-010
2002 7.5906E-010
2003 7.6718E-010
2005 7.6681E-010
2006 7.5935E-010
2008 7.6198E-010
2009 7.3878E-010
2010 7.0969E-010
2012 7.3081E-010
2013 7.3488E-010
2014 7.3696E-010
2016 7.4273E-010
2017 7.3635E-010
2019 7.4469E-010
2020 7.5037E-010
2021 7.5360E-010
2023 7.4287E-010
2024 7.2558E-010
2025 7.0360E-010
2027 6.9398E-010
2028 7.1161E-010
2030 7.3085E-010
2031 7.3421E-010
2032 7.3659E-010
2034 7.3785E-010
2035 7.2500E-010
2036 7.1719E-010
2038 7.1397E-010
2039 7.1017E-010
2041 7.0632E-010
2042 7.1639E-010
2043 7.1701E-010
2045 7.0635E-010
2046 6.9923E-010
2047 7.0300E-010
2049 7.0403E-010
2050 6.9907E-010
2052 6.8979E-010
2053 6.8090E-010
2054 6.7990E-010
2056 6.7983E-010
2057 6.6927E-010
2058 6.6813E-010
2060 6.6660E-010
2061 6.6131E-010
2063 6.4115E-010
2064 6.5831E-010
2065 6.5713E-010
2067 6.5677E-010
2068 6.3567E-010
2069 6.4341E-010
2071 6.5980E-010
2072 6.7230E-010
2074 6.7878E-010
2075 6.7704E-010
2076 6.7143E-010
2078 6.6413E-010
2079 6.4259E-010
2080 6.4359E-010
2082 6.5465E-010
2083 6.5719E-010
2084 6.4761E-010
2086 6.4763E-010
2087 6.4778E-010
2089 6.4152E-010
2090 6.2941E-010
2091 6.2372E-010
2093 6.2189E-010
2094 6.3676E-010
2095 6.4332E-010
2097 6.3207E-010
2098 6.1198E-010
2100 6.1996E-010
2101 6.2782E-010
2102 6.2076E-010
2104 6.0323E-010
2105 6.1257E-010
2106 6.2349E-010
2108 6.1670E-010
2109 6.2163E-010
2111 6.3040E-010
2112 6.3353E-010
2113 6.3032E-010
2115 6.2392E-010
2116 6.1659E-010
2117 6.1649E-010
2119 6.2183E-010
2120 6.1442E-010
2122 6.0994E-010
2123 6.1260E-010
2124 6.0149E-010
2126 5.9606E-010
2127 5.9973E-010
2128 5.9634E-010
2130 6.0995E-010
2131 6.1356E-010
2133 6.0625E-010
2134 5.9720E-010
2135 5.8456E-010
2137 5.8667E-010
2138 5.9888E-010
2139 6.0486E-010
2141 6.0439E-010
2142 6.0652E-010
2144 5.9856E-010
2145 5.8964E-010
2146 5.8316E-010
2148 5.7293E-010
2149 5.6409E-010
2150 5.6378E-010
2152 5.7602E-010
2153 5.8710E-010
2155 5.9280E-010
2156 5.9579E-010
2157 5.9502E-010
2159 5.8783E-010
2160 5.7701E-010
2161 5.7003E-010
2163 5.5348E-010
2164 5.3275E-010
2166 5.3618E-010
2167 5.4987E-010
2168 5.6731E-010
2170 5.8104E-010
2171 5.8029E-010
2172 5.8155E-010
2174 5.7549E-010
2175 5.7144E-010
2177 5.7633E-010
2178 5.7141E-010
2179 5.7167E-010
2181 5.7120E-010
2182 5.6646E-010
2183 5.6858E-010
2185 5.5957E-010
2186 5.4222E-010
2188 5.2513E-010
2189 5.4261E-010
2190 5.5587E-010
2192 5.6476E-010
2193 5.6721E-010
2194 5.6746E-010
2196 5.6757E-010
2197 5.6884E-010
2199 5.6575E-010
2200 5.6418E-010
2201 5.6122E-010
2203 5.6145E-010
2204 5.5978E-010
2205 5.6016E-010
2207 5.6065E-010
2208 5.5886E-010
2209 5.5598E-010
2211 5.5302E-010
2212 5.4553E-010
2214 5.2951E-010
2215 5.1633E-010
2216 5.1202E-010
2218 5.3557E-010
2219 5.4469E-010
2220 5.4888E-010
2222 5.5211E-010
2223 5.5227E-010
2225 5.5009E-010
2226 5.5151E-010
2227 5.5031E-010
2229 5.4824E-010
2230 5.4844E-010
2231 5.4653E-010
2233 5.4794E-010
2234 5.4841E-010
2236 5.4609E-010
2237 5.4573E-010
2238 5.4333E-010
2240 5.4325E-010
2241 5.4387E-010
2242 5.4339E-010
2244 5.3986E-010
2245 5.3810E-010
2247 5.4020E-010
2248 5.3296E-010
2249 5.2195E-010
2251 5.1758E-010
2252 4.9881E-010
2253 4.7965E-010
2255 5.0314E-010
2256 5.2605E-010
2258 5.3050E-010
2259 5.3316E-010
2260 5.2937E-010
2262 5.3165E-010
2263 5.3120E-010
2264 5.3489E-010
2266 5.3644E-010
2267 5.3263E-010
2269 5.3501E-010
2270 5.2956E-010
2271 5.1361E-010
2273 5.1723E-010
2274 5.2197E-010
2275 5.3138E-010
2277 5.3117E-010
2278 5.3108E-010
2280 5.3006E-010
2281 5.2998E-010
2282 5.3241E-010
2284 5.2672E-010
2285 5.2119E-010
2286 5.1881E-010
2288 5.0817E-010
2289 5.1726E-010
2291 5.1921E-010
2292 5.2130E-010
2293 5.2004E-010
2295 5.0785E-010
2296 4.7736E-010
2297 4.2332E-010
2299 4.6582E-010
2300 4.9807E-010
2302 5.1277E-010
2303 5.1528E-010
2304 5.0849E-010
2306 4.8355E-010
2307 4.6008E-010
2308 4.8424E-010
2310 5.0357E-010
2311 5.1669E-010
2313 5.1740E-010
2314 5.1899E-010
2315 5.1647E-010
2317 5.1050E-010
2318 5.0736E-010
2319 5.1256E-010
2321 5.1539E-010
2322 5.1607E-010
2324 5.1664E-010
2325 5.1581E-010
2326 5.1367E-010
2328 5.0867E-010
2329 5.1024E-010
2330 5.0899E-010
2332 5.1313E-010
2333 5.1205E-010
2335 5.0777E-010
2336 5.0669E-010
2337 5.0943E-010
2339 5.1227E-010
2340 5.1107E-010
2341 5.0886E-010
2343 4.8948E-010
2344 4.5340E-010
2346 4.8732E-010
2347 5.0566E-010
2348 5.0849E-010
2350 5.0790E-010
2351 5.0805E-010
2352 5.0691E-010
2354 5.0967E-010
2355 5.0939E-010
2357 5.0810E-010
2358 5.0856E-010
2359 5.0761E-010
2361 5.0536E-010
2362 5.0291E-010
2363 5.0218E-010
2365 4.9901E-010
2366 4.9757E-010
2367 4.9542E-010
2369 4.9679E-010
2370 4.9757E-010
2372 4.9693E-010
2373 4.8299E-010
2374 4.5894E-010
2376 4.8152E-010
2377 4.9021E-010
2378 4.8910E-010
2380 4.8513E-010
2381 4.6717E-010
2383 4.2112E-010
2384 4.4037E-010
2385 4.3366E-010
2387 4.2823E-010
2388 4.5044E-010
2389 4.6619E-010
2391 4.7319E-010
2392 4.7981E-010
2394 4.8296E-010
2395 4.8499E-010
2396 4.8418E-010
2398 4.7923E-010
2399 4.6765E-010
2400 4.7009E-010
2402 4.7893E-010
2403 4.8251E-010
2405 4.7941E-010
2406 4.7911E-010
2407 4.7997E-010
2409 4.8114E-010
2410 4.8012E-010
2411 4.7699E-010
2413 4.7277E-010
2414 4.6871E-010
2416 4.7270E-010
2417 4.7748E-010
2418 4.8029E-010
2420 4.8001E-010
2421 4.7948E-010
2422 4.7691E-010
2424 4.7501E-010
2425 4.7494E-010
2427 4.7532E-010
2428 4.7699E-010
2429 4.7745E-010
2431 4.7751E-010
2432 4.7522E-010
2433 4.7401E-010
2435 4.7266E-010
2436 4.7089E-010
2438 4.7178E-010
2439 4.7175E-010
2440 4.7053E-010
2442 4.7342E-010
2443 4.7264E-010
2444 4.6830E-010
2446 4.6587E-010
2447 4.6986E-010
2449 4.6765E-010
2450 4.6763E-010
2451 4.6447E-010
2453 4.6805E-010
2454 4.6115E-010
2455 4.5352E-010
2457 4.5734E-010
2458 4.6195E-010
2460 4.6307E-010
2461 4.6012E-010
2462 4.5756E-010
2464 4.6130E-010
2465 4.6486E-010
2466 4.6383E-010
2468 4.6165E-010
2469 4.6277E-010
2471 4.6028E-010
2472 4.6126E-010
2473 4.5682E-010
2475 4.5759E-010
2476 4.6021E-010
2477 4.5578E-010
2479 4.5338E-010
2480 4.5364E-010
2482 4.4951E-010
2483 4.5036E-010
2484 4.5171E-010
2486 4.5209E-010
2487 4.5397E-010
2488 4.5437E-010
2490 4.5129E-010
2491 4.5207E-010
2493 4.5245E-010
2494 4.5031E-010
2495 4.4852E-010
2497 4.4391E-010
2498 4.4827E-010
2499 4.4981E-010
2501 4.4732E-010
2502 4.4826E-010
2503 4.4927E-010
2505 4.4641E-010
2506 4.4366E-010
2508 4.4158E-010
2509 4.3269E-010
2510 4.1605E-010
2512 3.8725E-010
2513 3.9941E-010
2514 4.1915E-010
2516 4.2975E-010
2517 4.2187E-010
2519 4.1074E-010
2520 4.2719E-010
2521 4.3450E-010
2523 4.3648E-010
2524 4.3225E-010
2525 4.2909E-010
2527 4.3272E-010
2528 4.3624E-010
2530 4.3135E-010
2531 4.2637E-010
2532 4.3148E-010
2534 4.3386E-010
2535 4.3220E-010
2536 4.3243E-010
2538 4.3222E-010
2539 4.3008E-010
2541 4.2974E-010
2542 4.2541E-010
2543 4.2314E-010
2545 4.2894E-010
2546 4.2720E-010
2547 4.2658E-010
2549 4.2616E-010
2550 4.2602E-010
2552 4.2650E-010
2553 4.2543E-010
2554 4.2517E-010
2556 4.2370E-010
2557 4.2239E-010
2558 4.1779E-010
2560 4.1796E-010
2561 4.1944E-010
2563 4.1740E-010
2564 4.1633E-010
2565 4.2067E-010
2567 4.1825E-010
2568 4.1778E-010
2569 4.1675E-010
2571 4.1506E-010
2572 4.1569E-010
2574 4.1653E-010
2575 4.1345E-010
2576 4.0008E-010
2578 4.0186E-010
2579 4.1006E-010
2580 4.1353E-010
2582 4.1382E-010
2583 4.1029E-010
2585 4.0395E-010
2586 3.7435E-010
2587 3.7589E-010
2589 3.9724E-010
2590 3.9869E-010
2591 3.9692E-010
2593 3.9827E-010
2594 3.8608E-010
2596 3.9068E-010
2597 3.9315E-010
2598 3.8852E-010
2600 3.5442E-010
2601 3.7000E-010
2602 3.9070E-010
2604 3.9762E-010
2605 3.9607E-010
2606 3.8825E-010
2608 3.9518E-010
2609 3.9572E-010
2611 3.9494E-010
2612 3.9519E-010
2613 3.9619E-010
2615 3.9281E-010
2616 3.9212E-010
2617 3.9543E-010
2619 3.9606E-010
2620 3.9483E-010
2622 3.9278E-010
2623 3.9048E-010
2624 3.9085E-010
2626 3.9135E-010
2627 3.9249E-010
2628 3.9089E-010
2630 3.9088E-010
2631 3.9066E-010
2633 3.9137E-010
2634 3.8849E-010
2635 3.8299E-010
2637 3.8518E-010
2638 3.8661E-010
2639 3.8017E-010
2641 3.8245E-010
2642 3.8521E-010
2644 3.8353E-010
2645 3.8385E-010
2646 3.8553E-010
2648 3.8463E-010
2649 3.8459E-010
2650 3.8337E-010
2652 3.8228E-010
2653 3.8165E-010
2655 3.8162E-010
2656 3.8079E-010
2657 3.8133E-010
2659 3.7990E-010
2660 3.7804E-010
2661 3.7473E-010
2663 3.7312E-010
2664 3.7285E-010
2666 3.7056E-010
2667 3.7078E-010
2668 3.7290E-010
2670 3.7366E-010
2671 3.7309E-010
2672 3.7474E-010
2674 3.7221E-010
2675 3.6680E-010
2677 3.6542E-010
2678 3.6118E-010
2679 3.5460E-010
2681 3.6373E-010
2682 3.6811E-010
2683 3.6883E-010
2685 3.6867E-010
2686 3.6682E-010
2688 3.6345E-010
2689 3.6403E-010
2690 3.6710E-010
2692 3.6644E-010
2693 3.6613E-010
2694 3.6255E-010
2696 3.5912E-010
2697 3.5815E-010
2698 3.6011E-010
2700 3.6148E-010
2701 3.6231E-010
2703 3.6305E-010
2704 3.6114E-010
2705 3.6138E-010
2707 3.6207E-010
2708 3.6112E-010
2709 3.6062E-010
2711 3.5916E-010
2712 3.6057E-010
2714 3.5876E-010
2715 3.5933E-010
2716 3.5898E-010
2718 3.5958E-010
2719 3.5713E-010
2720 3.5602E-010
2722 3.5334E-010
2723 3.4870E-010
2725 3.4568E-010
2726 3.4442E-010
2727 3.4803E-010
2729 3.5085E-010
2730 3.5016E-010
2731 3.4214E-010
2733 3.2288E-010
2734 3.0844E-010
2736 3.2379E-010
2737 3.3840E-010
2738 3.4586E-010
2740 3.4614E-010
2741 3.4764E-010
2742 3.4936E-010
2744 3.4929E-010
2745 3.4807E-010
2747 3.4731E-010
2748 3.4609E-010
2749 3.4481E-010
2751 3.4485E-010
2752 3.4519E-010
2753 3.4615E-010
2755 3.4498E-010
2756 3.4407E-010
2757 3.4267E-010
2759 3.4028E-010
2760 3.4226E-010
2762 3.4065E-010
2763 3.3903E-010
2764 3.3398E-010
2766 3.3509E-010
2767 3.3980E-010
2768 3.3869E-010
2770 3.3922E-010
2771 3.3911E-010
2773 3.3926E-010
2774 3.3928E-010
2775 3.3771E-010
2777 3.3627E-010
2778 3.3349E-010
2779 3.3352E-010
2781 3.3399E-010
2782 3.3405E-010
2784 3.3249E-010
2785 3.3137E-010
2786 3.2990E-010
2788 3.2930E-010
2789 3.2701E-010
2790 3.2505E-010
2792 3.1999E-010
2793 3.1785E-010
2795 3.0222E-010
2796 2.7058E-010
2797 2.8362E-010
2799 3.0281E-010
2800 3.1077E-010
2801 3.1100E-010
2803 2.8287E-010
2804 2.8073E-010
2806 3.1441E-010
2807 3.2106E-010
2808 3.2122E-010
2810 3.1810E-010
2811 3.1990E-010
2812 3.2284E-010
2814 3.2175E-010
2815 3.2068E-010
2816 3.2237E-010
2818 3.2145E-010
2819 3.2159E-010
2821 3.2106E-010
2822 3.2019E-010
2823 3.1923E-010
2825 3.2021E-010
2826 3.1995E-010
2827 3.1813E-010
2829 3.1349E-010
2830 3.0958E-010
2832 3.1430E-010
2833 3.1391E-010
2834 3.1537E-010
2836 3.1594E-010
2837 3.1171E-010
2838 3.1405E-010
2840 3.1628E-010
2841 3.1603E-010
2843 3.1372E-010
2844 3.1374E-010
2845 3.1381E-010
2847 3.1259E-010
2848 3.1216E-010
2849 3.1064E-010
2851 3.0475E-010
2852 2.8412E-010
2854 2.8327E-010
2855 3.0218E-010
2856 3.0787E-010
2858 3.0792E-010
2859 3.0745E-010
2860 3.0776E-010
2862 3.0743E-010
2863 3.0452E-010
2864 3.0343E-010
2866 3.0447E-010
2867 3.0370E-010
2869 3.0552E-010
2870 3.0496E-010
2871 3.0462E-010
2873 3.0425E-010
2874 3.0354E-010
2875 3.0395E-010
2877 3.0237E-010
2878 3.0232E-010
2880 3.0330E-010
2881 3.0156E-010
2882 3.0025E-010
2884 2.9843E-010
2885 2.9875E-010
2886 2.9872E-010
2888 2.9959E-010
2889 2.9933E-010
2891 2.9932E-010
2892 2.9777E-010
2893 2.9681E-010
2895 2.9566E-010
2896 2.9536E-010
2897 2.9130E-010
2899 2.9269E-010
2900 2.9249E-010
2902 2.9375E-010
2903 2.9410E-010
2904 2.9208E-010
2906 2.8923E-010
2907 2.8990E-010
2908 2.9260E-010
2910 2.9196E-010
2911 2.9147E-010
2912 2.9107E-010
2914 2.9034E-010
2915 2.9110E-010
2917 2.9091E-010
2918 2.8988E-010
2919 2.8948E-010
2921 2.8874E-010
2922 2.8858E-010
2923 2.8888E-010
2925 2.8717E-010
2926 2.8567E-010
2928 2.8496E-010
2929 2.8531E-010
2930 2.8571E-010
2932 2.8796E-010
2933 2.8693E-010
2934 2.8559E-010
2936 2.8394E-010
2937 2.8226E-010
2939 2.8298E-010
2940 2.8325E-010
2941 2.8339E-010
2943 2.8102E-010
2944 2.7907E-010
2945 2.6985E-010
2947 2.7282E-010
2948 2.7685E-010
2949 2.8040E-010
2951 2.7942E-010
2952 2.7991E-010
2954 2.7995E-010
2955 2.7877E-010
2956 2.7681E-010
2958 2.7770E-010
2959 2.7570E-010
2960 2.7199E-010
2962 2.7418E-010
2963 2.7636E-010
2965 2.7694E-010
2966 2.7630E-010
2967 2.7618E-010
2969 2.7513E-010
2970 2.7509E-010
2971 2.7554E-010
2973 2.7422E-010
2974 2.7326E-010
2976 2.7351E-010
2977 2.7207E-010
2978 2.7151E-010
2980 2.7146E-010
2981 2.6984E-010
2982 2.6314E-010
2984 2.5521E-010
2985 2.5709E-010
2986 2.6608E-010
2988 2.6778E-010
2989 2.6593E-010
2991 2.6391E-010
2992 2.6688E-010
2993 2.6812E-010
2995 2.6829E-010
2996 2.6541E-010
2997 2.6445E-010
2999 2.6534E-010
3000 2.6540E-010
3002 2.6464E-010
3003 2.6258E-010
3004 2.6140E-010
3006 2.6106E-010
3007 2.6173E-010
3008 2.6153E-010
3010 2.6209E-010
3011 2.6315E-010
3013 2.6329E-010
3014 2.5976E-010
3015 2.5979E-010
3017 2.5990E-010
3018 2.5802E-010
3019 2.5770E-010
3021 2.5978E-010
3022 2.5845E-010
3023 2.5174E-010
3025 2.4647E-010
3026 2.4962E-010
3028 2.5120E-010
3029 2.5264E-010
3030 2.5347E-010
3032 2.5499E-010
3033 2.5467E-010
3034 2.5022E-010
3036 2.4721E-010
3037 2.4947E-010
3039 2.5148E-010
3040 2.5291E-010
3041 2.5317E-010
3043 2.5172E-010
3044 2.4771E-010
3045 2.4894E-010
3047 2.4419E-010
3048 2.3906E-010
3049 2.4729E-010
3051 2.5174E-010
3052 2.5301E-010
3054 2.5283E-010
3055 2.5112E-010
3056 2.5028E-010
3058 2.4838E-010
3059 2.4668E-010
3060 2.4488E-010
3062 2.4890E-010
3063 2.4985E-010
3065 2.4845E-010
3066 2.4641E-010
3068 2.4699E-010
3071 2.4664E-010
3074 2.4537E-010
3076 2.4556E-010
3079 2.4540E-010
3082 2.4412E-010
3085 2.4302E-010
3087 2.4249E-010
3090 2.4090E-010
3093 2.3884E-010
3096 2.3399E-010
3098 2.3568E-010
3101 2.3860E-010
3104 2.3862E-010
3107 2.3884E-010
3109 2.3889E-010
3112 2.3569E-010
3115 2.2968E-010
3118 2.2966E-010
3120 2.3187E-010
3123 2.3277E-010
3126 2.3261E-010
3129 2.3316E-010
3131 2.2834E-010
3134 2.2830E-010
3137 2.2949E-010
3140 2.2952E-010
3142 2.2947E-010
3145 2.2958E-010
3148 2.2550E-010
3151 2.2555E-010
3153 2.2802E-010
3156 2.2757E-010
3159 2.2591E-010
3162 2.2528E-010
3164 2.2123E-010
3167 2.2120E-010
3170 2.2329E-010
3173 2.2284E-010
3175 2.2371E-010
3178 2.2226E-010
3181 2.2082E-010
3184 2.2025E-010
3186 2.1511E-010
3189 2.1603E-010
3192 2.1760E-010
3195 2.1643E-010
3197 2.1399E-010
3200 2.0798E-010
3203 1.9819E-010
3206 2.0844E-010
3208 2.1227E-010
3211 2.1223E-010
3214 2.1147E-010
3217 2.1117E-010
3219 2.1040E-010
3222 2.1062E-010
3225 2.0910E-010
3228 2.0979E-010
3230 2.0668E-010
3233 2.0527E-010
3236 2.0848E-010
3239 2.0750E-010
3241 2.0678E-010
3244 2.0664E-010
3247 2.0680E-010
3250 2.0527E-010
3252 2.0551E-010
3255 2.0504E-010
3258 2.0351E-010
3261 2.0087E-010
3263 2.0004E-010
3266 1.9671E-010
3269 2.0012E-010
3271 2.0176E-010
3274 2.0262E-010
3277 2.0169E-010
3280 2.0049E-010
3282 1.9816E-010
3285 1.9749E-010
3288 1.9859E-010
3291 1.9736E-010
3293 1.9755E-010
3296 1.9573E-010
3299 1.9382E-010
3302 1.9280E-010
3304 1.9424E-010
3307 1.9260E-010
3310 1.9226E-010
3313 1.9103E-010
3315 1.9175E-010
3318 1.9072E-010
3321 1.9210E-010
3324 1.9020E-010
3326 1.8936E-010
3329 1.8720E-010
3332 1.8755E-010
3335 1.8535E-010
3337 1.8594E-010
3340 1.8065E-010
3343 1.8156E-010
3346 1.8407E-010
3348 1.8505E-010
3351 1.8373E-010
3354 1.8148E-010
3357 1.8203E-010
3359 1.8185E-010
3362 1.8258E-010
3365 1.8122E-010
3368 1.8125E-010
3370 1.8239E-010
3373 1.8188E-010
3376 1.8189E-010
3379 1.8042E-010
3381 1.8078E-010
3384 1.8001E-010
3387 1.8003E-010
3390 1.7869E-010
3392 1.7890E-010
3395 1.7864E-010
3398 1.7872E-010
3401 1.7841E-010
3403 1.7739E-010
3406 1.7545E-010
3409 1.7577E-010
3412 1.7626E-010
3414 1.7508E-010
3417 1.7454E-010
3420 1.7461E-010
3423 1.7490E-010
3425 1.7486E-010
3428 1.7356E-010
3431 1.7315E-010
3434 1.7293E-010
3436 1.7211E-010
3439 1.7076E-010
3442 1.7036E-010
3445 1.6865E-010
3447 1.6857E-010
3450 1.6916E-010
3453 1.6877E-010
3456 1.6717E-010
3458 1.6810E-010
3461 1.6863E-010
3464 1.6830E-010
3467 1.6744E-010
3469 1.6656E-010
3472 1.6714E-010
3475 1.6529E-010
3478 1.6544E-010
3480 1.6411E-010
3483 1.6389E-010
3486 1.6328E-010
3489 1.6281E-010
3491 1.6266E-010
3494 1.6304E-010
3497 1.6209E-010
3500 1.6114E-010
3502 1.5998E-010
3505 1.6026E-010
3508 1.5956E-010
3511 1.5891E-010
3513 1.5844E-010
3516 1.5950E-010
3519 1.5970E-010
3522 1.6007E-010
3524 1.5941E-010
3527 1.5767E-010
3530 1.5656E-010
3533 1.5642E-010
3535 1.5673E-010
3538 1.5714E-010
3541 1.5645E-010
3544 1.5588E-010
3546 1.5612E-010
3549 1.5516E-010
3552 1.5383E-010
3555 1.5225E-010
3557 1.5265E-010
3560 1.5254E-010
3563 1.5226E-010
3566 1.5277E-010
3568 1.5185E-010
3571 1.5144E-010
3574 1.5097E-010
3577 1.5101E-010
3579 1.5019E-010
3582 1.4990E-010
3585 1.4878E-010
3588 1.4565E-010
3590 1.4721E-010
3593 1.4895E-010
3596 1.4844E-010
3599 1.4863E-010
3601 1.4819E-010
3604 1.4793E-010
3607 1.4718E-010
3610 1.4608E-010
3612 1.4544E-010
3615 1.4473E-010
3618 1.4622E-010
3621 1.4634E-010
3623 1.4496E-010
3626 1.4517E-010
3629 1.4440E-010
3632 1.4241E-010
3634 1.3790E-010
3637 1.3983E-010
3640 1.4233E-010
3643 1.4320E-010
3645 1.4114E-010
3648 1.4185E-010
3651 1.4097E-010
3654 1.4098E-010
3656 1.4081E-010
3659 1.4101E-010
3662 1.4038E-010
3665 1.3946E-010
3667 1.3944E-010
3670 1.4008E-010
3673 1.3983E-010
3675 1.3980E-010
3678 1.3923E-010
3681 1.3859E-010
3684 1.3830E-010
3686 1.3742E-010
3689 1.3660E-010
3692 1.3627E-010
3695 1.3490E-010
3697 1.3480E-010
3700 1.3376E-010
3703 1.2999E-010
3706 1.2654E-010
3708 1.3032E-010
3711 1.3110E-010
3714 1.2983E-010
3717 1.3261E-010
3719 1.3301E-010
3722 1.3056E-010
3725 1.3146E-010
3728 1.3284E-010
3730 1.3329E-010
3733 1.2960E-010
3736 1.2840E-010
3739 1.3378E-010
3741 1.3611E-010
3744 1.3661E-010
3747 1.3054E-010
3750 1.2288E-010
3752 1.2418E-010
3755 1.2745E-010
3758 1.3009E-010
3761 1.3108E-010
3763 1.3318E-010
3766 1.3001E-010
3769 1.2186E-010
3772 1.1800E-010
3774 1.2345E-010
3777 1.3264E-010
3780 1.3783E-010
3783 1.3909E-010
3785 1.3914E-010
3788 1.3765E-010
3791 1.3364E-010
3794 1.2669E-010
3796 1.1625E-010
3799 1.1253E-010
3802 1.2195E-010
3805 1.2954E-010
3807 1.3382E-010
3810 1.3555E-010
3813 1.3619E-010
3816 1.3421E-010
3818 1.2768E-010
3821 1.2515E-010
3824 1.3292E-010
3827 1.3299E-010
3829 1.2809E-010
3832 1.1876E-010
3835 1.0708E-010
3838 1.0921E-010
3840 1.2072E-010
3843 1.2863E-010
3846 1.3175E-010
3849 1.3348E-010
3851 1.3432E-010
3854 1.3446E-010
3857 1.3359E-010
3860 1.3310E-010
3862 1.3296E-010
3865 1.3196E-010
3868 1.3057E-010
3871 1.3098E-010
3873 1.3073E-010
3876 1.2989E-010
3879 1.2892E-010
3882 1.2496E-010
3884 1.1855E-010
3887 1.0654E-010
3890 1.0032E-010
3893 1.0845E-010
3895 1.1836E-010
3898 1.2438E-010
3901 1.2729E-010
3904 1.2840E-010
3906 1.2851E-010
3909 1.2861E-010
3912 1.2845E-010
3915 1.2776E-010
3917 1.2738E-010
3920 1.2532E-010
3923 1.2317E-010
3926 1.2292E-010
3928 1.2374E-010
3931 1.2429E-010
3934 1.2231E-010
3937 1.2380E-010
3939 1.2536E-010
3942 1.2553E-010
3945 1.2513E-010
3948 1.2447E-010
3950 1.2389E-010
3953 1.2315E-010
3956 1.2260E-010
3959 1.2102E-010
3961 1.1696E-010
3964 1.1077E-010
3967 1.0188E-010
3970 9.0826E-011
3972 9.4031E-011
3975 1.0584E-010
3978 1.1416E-010
3981 1.1703E-010
3983 1.1891E-010
3986 1.1975E-010
3989 1.2015E-010
3992 1.1940E-010
3994 1.2006E-010
3997 1.1938E-010
4000 1.1897E-010
4003 1.1886E-010
4005 1.1765E-010
4008 1.1595E-010
4011 1.1544E-010
4014 1.1730E-010
4016 1.1740E-010
4019 1.1663E-010
4022 1.1388E-010
4025 1.0682E-010
4027 1.0275E-010
4030 1.0974E-010
4033 1.1363E-010
4036 1.1475E-010
4038 1.1479E-010
4041 1.1492E-010
4044 1.1447E-010
4047 1.1465E-010
4049 1.1470E-010
4052 1.1441E-010
4055 1.1379E-010
4058 1.1278E-010
4060 1.1228E-010
4063 1.1222E-010
4066 1.1143E-010
4069 1.0698E-010
4071 1.0642E-010
4074 1.0841E-010
4077 1.0922E-010
4080 1.0974E-010
4082 1.0988E-010
4085 1.0898E-010
4088 1.0582E-010
4091 1.0349E-010
4093 1.0414E-010
4096 9.8120E-011
4099 8.9221E-011
4102 8.2024E-011
4104 8.4540E-011
4107 9.5787E-011
4110 1.0191E-010
4113 1.0408E-010
4115 1.0386E-010
4118 1.0299E-010
4121 1.0267E-010
4124 1.0508E-010
4126 1.0714E-010
4129 1.0733E-010
4132 1.0734E-010
4135 1.0689E-010
4137 1.0646E-010
4140 1.0580E-010
4143 1.0292E-010
4146 1.0202E-010
4148 1.0420E-010
4151 1.0497E-010
4154 1.0357E-010
4157 1.0393E-010
4159 1.0449E-010
4162 1.0376E-010
4165 1.0372E-010
4168 1.0379E-010
4170 1.0386E-010
4173 1.0376E-010
4176 1.0384E-010
4179 1.0321E-010
4181 1.0274E-010
4184 1.0227E-010
4187 1.0023E-010
4190 1.0092E-010
4192 1.0108E-010
4195 1.0006E-010
4198 9.7418E-011
4201 9.5788E-011
4203 9.7356E-011
4206 9.9431E-011
4209 1.0018E-010
4212 9.9854E-011
4214 9.9599E-011
4217 9.9544E-011
4220 9.9486E-011
4223 9.9243E-011
4225 9.9390E-011
4228 9.9770E-011
4231 9.8978E-011
4234 9.9035E-011
4236 9.8896E-011
4239 9.8599E-011
4242 9.8327E-011
4245 9.8070E-011
4247 9.7534E-011
4250 9.7482E-011
4253 9.6822E-011
4256 9.6191E-011
4258 9.6256E-011
4261 9.6937E-011
4264 9.6642E-011
4267 9.6090E-011
4269 9.5667E-011
4272 9.5539E-011
4275 9.5060E-011
4278 9.4016E-011
4280 9.4107E-011
4283 9.3965E-011
4286 9.3399E-011
4289 9.3315E-011
4291 9.3009E-011
4294 9.3153E-011
4297 9.3357E-011
4300 9.3427E-011
4302 9.3011E-011
4305 9.2461E-011
4308 9.2490E-011
4311 9.2352E-011
4313 9.1613E-011
4316 9.1169E-011
4319 9.0622E-011
4322 9.0504E-011
4324 9.0322E-011
4327 8.8953E-011
4330 8.8071E-011
4333 8.6547E-011
4335 8.2718E-011
4338 7.5002E-011
4341 6.7445E-011
4344 7.0946E-011
4346 7.8872E-011
4349 8.3135E-011
4352 8.5759E-011
4355 8.7373E-011
4357 8.8457E-011
4360 8.8568E-011
4363 8.8385E-011
4366 8.8003E-011
4368 8.6798E-011
4371 8.6868E-011
4374 8.7445E-011
4377 8.7139E-011
4379 8.6271E-011
4382 8.6386E-011
4385 8.5768E-011
4388 8.2621E-011
4390 8.2028E-011
4393 8.4987E-011
4396 8.5931E-011
4399 8.6281E-011
4401 8.6392E-011
4404 8.6360E-011
4407 8.6025E-011
4410 8.5870E-011
4412 8.5056E-011
4415 8.4919E-011
4418 8.4910E-011
4421 8.5065E-011
4423 8.4512E-011
4426 8.4116E-011
4429 8.3980E-011
4432 8.3414E-011
4434 8.3609E-011
4437 8.3227E-011
4440 8.3162E-011
4443 8.3584E-011
4445 8.3364E-011
4448 8.3239E-011
4451 8.2326E-011
4454 8.2965E-011
4456 8.2622E-011
4459 8.2270E-011
4462 8.2307E-011
4465 8.1634E-011
4467 7.9523E-011
4470 7.5448E-011
4473 7.1640E-011
4476 7.6772E-011
4478 7.9613E-011
4481 8.0079E-011
4484 8.0113E-011
4487 8.0722E-011
4489 8.0794E-011
4492 8.0357E-011
4495 8.0346E-011
4498 8.0594E-011
4500 8.0459E-011
4503 8.0128E-011
4506 8.0109E-011
4509 7.9649E-011
4511 7.8763E-011
4514 7.8333E-011
4517 7.7515E-011
4520 7.8364E-011
4522 7.8956E-011
4525 7.7629E-011
4528 7.8152E-011
4531 7.7494E-011
4533 7.7119E-011
4536 7.6693E-011
4539 7.5587E-011
4542 7.3118E-011
4544 7.2920E-011
4547 7.4691E-011
4550 7.5469E-011
4553 7.5794E-011
4555 7.5824E-011
4558 7.6565E-011
4561 7.6684E-011
4564 7.6641E-011
4566 7.6647E-011
4569 7.6356E-011
4572 7.6160E-011
4575 7.6069E-011
4577 7.6185E-011
4580 7.6087E-011
4583 7.5842E-011
4585 7.5778E-011
4588 7.5023E-011
4591 7.4658E-011
4594 7.4310E-011
4596 7.4458E-011
4599 7.4083E-011
4602 7.4198E-011
4605 7.4349E-011
4607 7.4035E-011
4610 7.3512E-011
4613 7.3784E-011
4616 7.4140E-011
4618 7.3841E-011
4621 7.3441E-011
4624 7.3728E-011
4627 7.3553E-011
4629 7.2820E-011
4632 7.1996E-011
4635 7.1870E-011
4638 7.1706E-011
4640 7.1020E-011
4643 7.0573E-011
4646 6.8856E-011
4649 6.6833E-011
4651 6.5647E-011
4654 6.7545E-011
4657 6.9840E-011
4660 7.0439E-011
4662 7.0371E-011
4665 7.0582E-011
4668 7.0548E-011
4671 7.0637E-011
4673 7.0381E-011
4676 6.9639E-011
4679 6.9451E-011
4682 6.8134E-011
4684 6.5164E-011
4687 6.2992E-011
4690 6.5651E-011
4693 6.8571E-011
4695 6.9234E-011
4698 6.9154E-011
4701 6.9139E-011
4704 6.8874E-011
4706 6.8503E-011
4709 6.8041E-011
4712 6.7488E-011
4715 6.6120E-011
4717 6.7614E-011
4720 6.8060E-011
4723 6.8322E-011
4726 6.7917E-011
4728 6.7582E-011
4731 6.7983E-011
4734 6.7850E-011
4737 6.7885E-011
4739 6.7461E-011
4742 6.7304E-011
4745 6.7246E-011
4748 6.7349E-011
4750 6.7087E-011
4753 6.6990E-011
4756 6.6843E-011
4759 6.6616E-011
4761 6.6238E-011
4764 6.6016E-011
4767 6.5641E-011
4770 6.5882E-011
4772 6.5766E-011
4775 6.5335E-011
4778 6.5569E-011
4781 6.5260E-011
4783 6.5309E-011
4786 6.5115E-011
4789 6.4807E-011
4792 6.4770E-011
4794 6.4559E-011
4797 6.4725E-011
4800 6.4589E-011
4803 6.4068E-011
4805 6.4078E-011
4808 6.3940E-011
4811 6.3768E-011
4814 6.3706E-011
4816 6.3413E-011
4819 6.3009E-011
4822 6.3037E-011
4825 6.3174E-011
4827 6.3269E-011
4830 6.2982E-011
4833 6.2779E-011
4836 6.2587E-011
4838 6.2337E-011
4841 6.2348E-011
4844 6.2072E-011
4847 6.1519E-011
4849 6.0648E-011
4852 5.9726E-011
4855 5.7774E-011
4857 5.3704E-011
4860 4.8144E-011
4863 4.6685E-011
4866 5.0548E-011
4868 5.4905E-011
4871 5.7771E-011
4874 5.8871E-011
4877 5.9416E-011
4879 5.9419E-011
4882 6.0035E-011
4885 6.0049E-011
4888 5.9906E-011
4890 5.9965E-011
4893 6.0036E-011
4896 6.0169E-011
4899 5.9848E-011
4901 5.9767E-011
4904 5.9692E-011
4907 5.9514E-011
4910 5.9425E-011
4912 5.9355E-011
4915 5.9344E-011
4918 5.8348E-011
4921 5.5960E-011
4923 5.4890E-011
4926 5.6829E-011
4929 5.7982E-011
4932 5.8633E-011
4934 5.8513E-011
4937 5.8413E-011
4940 5.8560E-011
4943 5.8495E-011
4945 5.8327E-011
4948 5.8211E-011
4951 5.8280E-011
4954 5.7954E-011
4956 5.7970E-011
4959 5.8092E-011
4962 5.7804E-011
4965 5.7536E-011
4967 5.7734E-011
4970 5.7442E-011
4973 5.7528E-011
4976 5.7234E-011
4978 5.7215E-011
4981 5.7201E-011
4984 5.7145E-011
4987 5.7112E-011
4989 5.6891E-011
4992 5.6750E-011
4995 5.6649E-011
4998 5.6704E-011
5000 5.6462E-011
5003 5.6164E-011
5006 5.5954E-011
5009 5.5951E-011
5011 5.5591E-011
5014 5.4561E-011
5017 5.3898E-011
5020 5.4739E-011
5022 5.5591E-011
5025 5.5532E-011
5028 5.5011E-011
5030 5.5269E-011
5033 5.4900E-011
5036 5.5044E-011
5039 5.5088E-011
5041 5.4745E-011
5044 5.4562E-011
5047 5.4110E-011
5050 5.3908E-011
5052 5.4238E-011
5055 5.4263E-011
5058 5.4141E-011
5061 5.4018E-011
5063 5.3871E-011
5066 5.4076E-011
5069 5.4035E-011
5072 5.3889E-011
5074 5.3749E-011
5077 5.3690E-011
5080 5.3507E-011
5083 5.3404E-011
5085 5.3212E-011
5088 5.3346E-011
5091 5.3191E-011
5094 5.2939E-011
5096 5.2748E-011
5099 5.2605E-011
5102 5.2598E-011
5105 5.2522E-011
5107 5.2521E-011
5110 5.2385E-011
5113 5.2380E-011
5116 5.2134E-011
5118 5.1978E-011
5121 5.2108E-011
5124 5.1965E-011
5127 5.1893E-011
5129 5.1612E-011
5132 5.1430E-011
5135 5.1455E-011
5138 5.1397E-011
5140 5.1212E-011
5143 5.1171E-011
5146 5.1086E-011
5149 5.1110E-011
5151 5.0966E-011
5154 5.0853E-011
5157 5.0763E-011
5159 5.0592E-011
5162 5.0307E-011
5165 5.0334E-011
5168 5.0477E-011
5170 5.0258E-011
5173 5.0312E-011
5176 5.0083E-011
5179 5.0116E-011
5181 4.9867E-011
5184 4.9890E-011
5187 4.9860E-011
5190 4.9625E-011
5192 4.9546E-011
5195 4.9446E-011
5198 4.9441E-011
5201 4.9493E-011
5203 4.9358E-011
5206 4.9219E-011
5209 4.9096E-011
5212 4.9191E-011
5214 4.9143E-011
5217 4.8853E-011
5220 4.8809E-011
5223 4.8768E-011
5225 4.8814E-011
5228 4.8687E-011
5231 4.8581E-011
5234 4.8373E-011
5236 4.8361E-011
5239 4.8221E-011
5242 4.8286E-011
5245 4.8049E-011
5247 4.7768E-011
5250 4.7698E-011
5253 4.7602E-011
5256 4.7501E-011
5258 4.7673E-011
5261 4.7586E-011
5264 4.7403E-011
5266 4.7285E-011
5269 4.7160E-011
5272 4.6981E-011
5275 4.7153E-011
5277 4.6989E-011
5280 4.7062E-011
5283 4.6826E-011
5286 4.6836E-011
5288 4.6800E-011
5291 4.6727E-011
5294 4.6595E-011
5297 4.6497E-011
5299 4.6532E-011
5302 4.6201E-011
5305 4.6014E-011
5308 4.5947E-011
5310 4.5968E-011
5313 4.6000E-011
5316 4.5657E-011
5319 4.5897E-011
5321 4.5810E-011
5324 4.5517E-011
5327 4.5380E-011
5330 4.5338E-011
5332 4.5438E-011
5335 4.5276E-011
5338 4.5277E-011
5341 4.5188E-011
5343 4.4928E-011
5346 4.4953E-011
5349 4.4986E-011
5351 4.4974E-011
5354 4.4808E-011
5357 4.4465E-011
5360 4.4604E-011
5362 4.4588E-011
5365 4.4584E-011
5368 4.4617E-011
5371 4.4339E-011
5373 4.4176E-011
5376 4.4217E-011
5379 4.4176E-011
5382 4.3949E-011
5384 4.3855E-011
5387 4.3677E-011
5390 4.3715E-011
5393 4.3778E-011
5395 4.3554E-011
5398 4.3309E-011
5401 4.3081E-011
5404 4.2775E-011
5406 4.2291E-011
5409 4.1115E-011
5412 3.9764E-011
5415 4.0549E-011
5417 4.1400E-011
5420 4.2321E-011
5423 4.2631E-011
5426 4.2742E-011
5428 4.2709E-011
5431 4.2601E-011
5434 4.2487E-011
5436 4.2278E-011
5439 4.2253E-011
5442 4.2070E-011
5445 4.2098E-011
5447 4.2037E-011
5454 4.1736E-011
5459 4.1728E-011
5464 4.1902E-011
5469 4.1543E-011
5474 4.1250E-011
5479 4.1501E-011
5484 4.1275E-011
5488 4.0947E-011
5493 4.0987E-011
5498 4.0919E-011
5503 4.0633E-011
5508 4.0645E-011
5513 4.0430E-011
5518 4.0472E-011
5523 4.0484E-011
5527 4.0423E-011
5532 4.0100E-011
5537 3.9809E-011
5542 3.9609E-011
5547 3.9637E-011
5552 3.9755E-011
5557 3.9501E-011
5562 3.9202E-011
5566 3.8929E-011
5571 3.9116E-011
5576 3.8921E-011
5581 3.8904E-011
5586 3.8579E-011
5591 3.8119E-011
5596 3.7890E-011
5601 3.8231E-011
5605 3.8243E-011
5610 3.8095E-011
5615 3.7985E-011
5620 3.7741E-011
5625 3.7983E-011
5630 3.7903E-011
5635 3.7387E-011
5640 3.7125E-011
5644 3.7218E-011
5649 3.7219E-011
5654 3.6928E-011
5659 3.6940E-011
5664 3.6792E-011
5669 3.6769E-011
5674 3.6539E-011
5678 3.6450E-011
5683 3.6422E-011
5688 3.6191E-011
5693 3.6189E-011
5698 3.6081E-011
5703 3.6049E-011
5708 3.5978E-011
5713 3.5746E-011
5717 3.5717E-011
5722 3.5516E-011
5727 3.5459E-011
5732 3.5273E-011
5737 3.5165E-011
5742 3.5176E-011
5747 3.5114E-011
5752 3.5003E-011
5756 3.4950E-011
5761 3.4718E-011
5766 3.4664E-011
5771 3.4430E-011
5776 3.4360E-011
5781 3.4345E-011
5786 3.4126E-011
5791 3.4019E-011
5795 3.3960E-011
5800 3.3541E-011
5805 3.3521E-011
5810 3.3283E-011
5815 3.3425E-011
5820 3.3550E-011
5825 3.3406E-011
5830 3.3373E-011
5834 3.2994E-011
5839 3.3144E-011
5844 3.2931E-011
5849 3.2867E-011
5854 3.2530E-011
5859 3.2113E-011
5864 3.2280E-011
5869 3.1927E-011
5873 3.1011E-011
5878 3.0844E-011
5883 3.1456E-011
5888 3.1126E-011
5893 3.0799E-011
5898 3.1093E-011
5903 3.1639E-011
5908 3.1753E-011
5912 3.1827E-011
5917 3.1697E-011
5922 3.1646E-011
5927 3.1318E-011
5932 3.1292E-011
5937 3.1350E-011
5942 3.1373E-011
5947 3.0833E-011
5951 3.1061E-011
5956 3.1010E-011
5961 3.0866E-011
5966 3.0827E-011
5971 3.0727E-011
5976 3.0621E-011
5981 3.0507E-011
5986 3.0421E-011
5990 3.0364E-011
5995 3.0164E-011
6000 3.0229E-011
6005 3.0017E-011
6010 2.9901E-011
6015 2.9849E-011
6020 2.9865E-011
6025 2.9733E-011
6030 2.9783E-011
6034 2.9592E-011
6039 2.9391E-011
6044 2.9761E-011
6049 2.9449E-011
6054 2.9221E-011
6059 2.9039E-011
6064 2.9006E-011
6069 2.8975E-011
6073 2.8897E-011
6078 2.8800E-011
6083 2.8887E-011
6088 2.8561E-011
6093 2.8490E-011
6098 2.8376E-011
6103 2.8404E-011
6108 2.8379E-011
6112 2.8088E-011
6117 2.8009E-011
6122 2.8024E-011
6127 2.7881E-011
6132 2.7854E-011
6137 2.7987E-011
6142 2.7900E-011
6147 2.7785E-011
6151 2.7633E-011
6156 2.7551E-011
6161 2.7478E-011
6166 2.7344E-011
6171 2.7156E-011
6176 2.7269E-011
6181 2.7133E-011
6186 2.6899E-011
6190 2.7053E-011
6195 2.6947E-011
6200 2.7013E-011
6205 2.6880E-011
6210 2.6705E-011
6215 2.6728E-011
6220 2.6538E-011
6225 2.6468E-011
6229 2.6430E-011
6234 2.6474E-011
6239 2.6398E-011
6244 2.6097E-011
6249 2.6114E-011
6254 2.6105E-011
6259 2.6146E-011
6264 2.5902E-011
6269 2.5716E-011
6273 2.5864E-011
6278 2.5652E-011
6283 2.5433E-011
6288 2.5343E-011
6293 2.5528E-011
6298 2.5595E-011
6303 2.5526E-011
6308 2.5140E-011
6312 2.5040E-011
6317 2.4850E-011
6322 2.4643E-011
6327 2.4566E-011
6332 2.4471E-011
6337 2.4411E-011
6342 2.4630E-011
6347 2.4683E-011
6351 2.4658E-011
6356 2.4744E-011
6361 2.4605E-011
6366 2.4470E-011
6371 2.4372E-011
6376 2.4345E-011
6381 2.4258E-011
6386 2.4295E-011
6390 2.4282E-011
6395 2.4071E-011
6400 2.4217E-011
6405 2.3914E-011
6410 2.3613E-011
6415 2.3614E-011
6420 2.3717E-011
6425 2.3744E-011
6430 2.3600E-011
6434 2.3565E-011
6439 2.3544E-011
6444 2.3360E-011
6449 2.3024E-011
6454 2.3255E-011
6459 2.3192E-011
6464 2.3073E-011
6469 2.3103E-011
6473 2.3070E-011
6478 2.2927E-011
6483 2.2842E-011
6488 2.2876E-011
6493 2.2801E-011
6498 2.2779E-011
6503 2.2686E-011
6508 2.2537E-011
6512 2.2498E-011
6517 2.2379E-011
6522 2.2087E-011
6527 2.1966E-011
6532 2.2134E-011
6537 2.2180E-011
6542 2.1965E-011
6547 2.1592E-011
6552 2.1058E-011
6556 1.9927E-011
6561 1.8431E-011
6566 1.8567E-011
6571 1.9757E-011
6576 2.0776E-011
6581 2.1282E-011
6586 2.1446E-011
6591 2.1654E-011
6595 2.1493E-011
6600 2.1583E-011
6605 2.1448E-011
6610 2.1460E-011
6615 2.1334E-011
6620 2.1401E-011
6625 2.1258E-011
6630 2.1286E-011
6635 2.1116E-011
6639 2.1030E-011
6644 2.0989E-011
6649 2.0906E-011
6654 2.0932E-011
6659 2.0911E-011
6664 2.0924E-011
6669 2.0648E-011
6674 2.0385E-011
6678 1.9587E-011
6683 1.9909E-011
6688 2.0228E-011
6693 2.0535E-011
6698 2.0499E-011
6703 2.0383E-011
6708 2.0430E-011
6713 2.0385E-011
6717 2.0408E-011
6722 2.0332E-011
6727 2.0170E-011
6732 2.0164E-011
6737 2.0134E-011
6742 2.0162E-011
6747 2.0134E-011
6752 2.0052E-011
6757 1.9995E-011
6761 1.9930E-011
6766 1.9895E-011
6771 1.9774E-011
6776 1.9760E-011
6781 1.9739E-011
6786 1.9622E-011
6791 1.9591E-011
6796 1.9514E-011
6800 1.9522E-011
6805 1.9522E-011
6810 1.9377E-011
6815 1.9441E-011
6820 1.9355E-011
6825 1.9333E-011
6830 1.9192E-011
6835 1.9185E-011
6840 1.9101E-011
6844 1.9041E-011
6849 1.8966E-011
6854 1.8888E-011
6859 1.8819E-011
6864 1.8737E-011
6869 1.8762E-011
6874 1.8680E-011
6879 1.8723E-011
6883 1.8491E-011
6888 1.8476E-011
6893 1.8365E-011
6898 1.8393E-011
6903 1.8373E-011
6908 1.8410E-011
6913 1.8409E-011
6918 1.8355E-011
6923 1.8276E-011
6927 1.8230E-011
6932 1.8230E-011
6937 1.8100E-011
6942 1.8138E-011
6947 1.8034E-011
6952 1.7906E-011
6957 1.7864E-011
6962 1.7889E-011
6966 1.8084E-011
6971 1.7909E-011
6976 1.7923E-011
6981 1.7798E-011
6986 1.7714E-011
6991 1.7698E-011
6996 1.7614E-011
7001 1.7612E-011
7006 1.7549E-011
7010 1.7496E-011
7015 1.7522E-011
7020 1.7404E-011
7025 1.7401E-011
7030 1.7346E-011
7035 1.7312E-011
7040 1.7206E-011
7045 1.7249E-011
7050 1.7034E-011
7054 1.7030E-011
7059 1.6922E-011
7064 1.6403E-011
7069 1.6240E-011
7074 1.6664E-011
7079 1.6820E-011
7084 1.6907E-011
7089 1.6712E-011
7093 1.6755E-011
7098 1.6694E-011
7103 1.6700E-011
7108 1.6701E-011
7113 1.6675E-011
7118 1.6642E-011
7123 1.6584E-011
7128 1.6602E-011
7133 1.6486E-011
7137 1.6418E-011
7142 1.6366E-011
7147 1.6372E-011
7152 1.6277E-011
7157 1.6188E-011
7162 1.6242E-011
7167 1.6177E-011
7172 1.5928E-011
7176 1.5795E-011
7181 1.5775E-011
7186 1.5917E-011
7191 1.5948E-011
7196 1.5915E-011
7201 1.5889E-011
7206 1.5899E-011
7211 1.5828E-011
7216 1.5888E-011
7220 1.5799E-011
7225 1.5699E-011
7230 1.5688E-011
7235 1.5660E-011
7240 1.5595E-011
7245 1.5581E-011
7250 1.5469E-011
7255 1.5451E-011
7259 1.5478E-011
7264 1.5429E-011
7269 1.5290E-011
7274 1.5365E-011
7279 1.5087E-011
7284 1.4973E-011
7289 1.5086E-011
7294 1.5143E-011
7299 1.5039E-011
7303 1.5100E-011
7308 1.5067E-011
7313 1.5005E-011
7318 1.5036E-011
7323 1.4995E-011
7328 1.4943E-011
7333 1.4892E-011
7338 1.4887E-011
7343 1.4839E-011
7347 1.4762E-011
7352 1.4807E-011
7357 1.4676E-011
7362 1.4721E-011
7367 1.4657E-011
7372 1.4615E-011
7377 1.4596E-011
7382 1.4584E-011
7386 1.4549E-011
7391 1.4419E-011
7396 1.4392E-011
7401 1.4455E-011
7406 1.4388E-011
7411 1.4304E-011
7416 1.4295E-011
7421 1.4286E-011
7426 1.4228E-011
7430 1.4190E-011
7435 1.4142E-011
7440 1.4103E-011
7445 1.4177E-011
7450 1.4140E-011
7455 1.4107E-011
7460 1.3941E-011
7465 1.4026E-011
7470 1.3952E-011
7474 1.3947E-011
7479 1.3855E-011
7484 1.3843E-011
7489 1.3793E-011
7494 1.3764E-011
7499 1.3757E-011
7504 1.3659E-011
7509 1.3663E-011
7513 1.3644E-011
7518 1.3645E-011
7523 1.3569E-011
7528 1.3499E-011
7533 1.3495E-011
7538 1.3447E-011
7543 1.3483E-011
7548 1.3481E-011
7553 1.3438E-011
7557 1.3389E-011
7562 1.3398E-011
7567 1.3312E-011
7572 1.3248E-011
7577 1.3221E-011
7582 1.3191E-011
7587 1.3055E-011
7592 1.2947E-011
7597 1.2887E-011
7601 1.2980E-011
7606 1.2991E-011
7611 1.2954E-011
7616 1.2899E-011
7621 1.2989E-011
7626 1.2912E-011
7631 1.2857E-011
7636 1.2861E-011
7640 1.2840E-011
7645 1.2844E-011
7650 1.2798E-011
7655 1.2684E-011
7660 1.2723E-011
7665 1.2675E-011
7670 1.2676E-011
7675 1.2732E-011
7680 1.2618E-011
7684 1.2485E-011
7689 1.2542E-011
7694 1.2485E-011
7699 1.2530E-011
7704 1.2548E-011
7709 1.2547E-011
7714 1.2484E-011
7719 1.2448E-011
7724 1.2380E-011
7728 1.2386E-011
7733 1.2379E-011
7738 1.2267E-011
7743 1.2284E-011
7748 1.2204E-011
7753 1.2286E-011
7758 1.2221E-011
7763 1.2314E-011
7767 1.2212E-011
7772 1.2181E-011
7777 1.2105E-011
7782 1.2062E-011
7787 1.2003E-011
7792 1.2010E-011
7797 1.1980E-011
7802 1.2059E-011
7807 1.1986E-011
7811 1.1990E-011
7816 1.1910E-011
7821 1.1886E-011
7826 1.1840E-011
7831 1.1856E-011
7836 1.1743E-011
7841 1.1774E-011
7846 1.1728E-011
7851 1.1590E-011
7855 1.1686E-011
7860 1.1703E-011
7865 1.1744E-011
7870 1.1669E-011
7875 1.1577E-011
7880 1.1509E-011
7885 1.1460E-011
7890 1.1466E-011
7894 1.1457E-011
7899 1.1483E-011
7904 1.1467E-011
7909 1.1424E-011
7914 1.1374E-011
7919 1.1374E-011
7924 1.1392E-011
7929 1.1400E-011
7934 1.1339E-011
7938 1.1331E-011
7943 1.1312E-011
7948 1.1247E-011
7953 1.1279E-011
7958 1.1138E-011
7963 1.1153E-011
7968 1.1064E-011
7973 1.0976E-011
7978 1.1071E-011
7982 1.1112E-011
7987 1.1135E-011
7992 1.1092E-011
7997 1.1037E-011
8002 1.1000E-011
8007 1.0945E-011
8012 1.0935E-011
8017 1.0855E-011
8021 1.0917E-011
8026 1.0818E-011
8031 1.0827E-011
8036 1.0788E-011
8041 1.0700E-011
8046 1.0733E-011
8051 1.0705E-011
8056 1.0669E-011
8061 1.0667E-011
8065 1.0651E-011
8070 1.0617E-011
8075 1.0542E-011
8080 1.0480E-011
8085 1.0540E-011
8090 1.0515E-011
8095 1.0543E-011
8100 1.0458E-011
8105 1.0425E-011
8109 1.0389E-011
8114 1.0370E-011
8119 1.0365E-011
8124 1.0425E-011
8129 1.0416E-011
8134 1.0345E-011
8139 1.0278E-011
8144 1.0262E-011
8148 1.0255E-011
8153 1.0211E-011
8158 1.0271E-011
8163 1.0233E-011
8168 1.0198E-011
8173 1.0104E-011
8178 1.0097E-011
8183 1.0103E-011
8188 9.9863E-012
8192 1.0073E-011
8197 1.0066E-011
8202 1.0055E-011
8207 1.0003E-011
8212 9.9789E-012
8217 9.9425E-012
8222 9.9314E-012
8227 9.8907E-012
8232 9.8132E-012
8236 9.6716E-012
8241 9.6617E-012
8246 9.7769E-012
8251 9.8040E-012
8256 9.7733E-012
8261 9.7580E-012
8266 9.6720E-012
8271 9.7133E-012
8275 9.7042E-012
8280 9.6982E-012
8285 9.6406E-012
8290 9.6112E-012
8295 9.5587E-012
8300 9.5980E-012
8305 9.5654E-012
8310 9.5983E-012
8315 9.5178E-012
8319 9.5803E-012
8324 9.5007E-012
8329 9.4477E-012
8334 9.4099E-012
8339 9.3824E-012
8344 9.3759E-012
8349 9.3204E-012
8354 9.3916E-012
8359 9.3658E-012
8363 9.2890E-012
8368 9.2132E-012
8373 9.2459E-012
8378 9.2745E-012
8383 9.2533E-012
8388 9.2776E-012
8393 9.2283E-012
8398 9.2178E-012
8402 9.3060E-012
8407 9.1434E-012
8412 9.1560E-012
8417 9.1242E-012
8422 9.1697E-012
8427 9.1747E-012
8432 9.0799E-012
8437 9.1289E-012
8442 9.0259E-012
8446 8.9695E-012
8451 8.9295E-012
8456 8.9101E-012
8461 8.8735E-012
8466 8.9791E-012
8471 8.9324E-012
8476 8.9187E-012
8481 8.9074E-012
8485 8.8576E-012
8490 8.8979E-012
8495 8.8841E-012
8500 8.7785E-012
8505 8.7171E-012
8510 8.7532E-012
8515 8.7666E-012
8520 8.7374E-012
8525 8.7512E-012
8529 8.7884E-012
8534 8.7206E-012
8539 8.7018E-012
8544 8.6266E-012
8549 8.5501E-012
8554 8.6364E-012
8559 8.6157E-012
8564 8.5808E-012
8569 8.6226E-012
8573 8.6219E-012
8578 8.5558E-012
8583 8.5338E-012
8588 8.5120E-012
8593 8.4407E-012
8598 8.3834E-012
8603 8.3455E-012
8608 8.3466E-012
8612 8.4799E-012
8617 8.4096E-012
8622 8.4850E-012
8627 8.3791E-012
8632 8.3742E-012
8637 8.3317E-012
8642 8.3086E-012
8647 8.2624E-012
8652 8.2620E-012
8656 8.1870E-012
8661 8.1210E-012
8666 8.1022E-012
8671 8.1455E-012
8676 8.1972E-012
8681 8.1629E-012
8686 8.2138E-012
8691 8.2614E-012
8695 8.2751E-012
8700 8.2590E-012
8705 8.2573E-012
8710 8.2676E-012
8715 8.2353E-012
8720 8.1981E-012
8725 8.1843E-012
8730 8.0889E-012
8735 8.0247E-012
8739 7.9253E-012
8744 7.8132E-012
8749 7.7178E-012
8754 7.7120E-012
8759 7.8158E-012
8764 7.8982E-012
8769 7.8997E-012
8774 7.9599E-012
8778 7.9198E-012
8783 7.9286E-012
8788 7.9699E-012
8793 7.9932E-012
8798 8.0281E-012
8803 8.0033E-012
8808 8.0336E-012
8813 7.9915E-012
8818 7.9089E-012
8822 7.8953E-012
8827 7.8396E-012
8832 7.8420E-012
8837 7.7677E-012
8842 7.7074E-012
8847 7.6993E-012
8852 7.4989E-012
8857 7.3734E-012
8861 7.2219E-012
8866 7.2280E-012
8871 7.3408E-012
8876 7.5114E-012
8881 7.5715E-012
8886 7.6229E-012
8891 7.6621E-012
8896 7.6597E-012
8901 7.6109E-012
8905 7.6092E-012
8910 7.6555E-012
8915 7.6263E-012
8920 7.6843E-012
8925 7.6656E-012
8930 7.6335E-012
8935 7.5391E-012
8940 7.5579E-012
8944 7.5208E-012
8949 7.5840E-012
8954 7.5034E-012
8959 7.5923E-012
8964 7.5197E-012
8969 7.4836E-012
8974 7.4923E-012
8979 7.4553E-012
8984 7.4448E-012
8988 7.3440E-012
8993 7.2856E-012
8998 7.1409E-012
9003 7.0145E-012
9008 6.8524E-012
9013 6.7286E-012
9018 6.7150E-012
9023 6.8842E-012
9027 7.0125E-012
9032 7.0790E-012
9037 7.2526E-012
9042 7.2162E-012
9047 7.1370E-012
9052 7.2172E-012
9057 7.1665E-012
9062 7.2085E-012
9067 7.1583E-012
9071 7.1280E-012
9076 7.2072E-012
9081 7.2127E-012
9086 7.0889E-012
9091 7.0956E-012
9096 7.1458E-012
9101 7.1186E-012
9106 7.0650E-012
9110 7.0692E-012
9115 7.0790E-012
9120 7.0703E-012
9125 7.0237E-012
9130 7.0483E-012
9135 7.0203E-012
9140 6.9799E-012
9145 6.9893E-012
9150 7.0147E-012
9154 6.9634E-012
9159 7.0104E-012
9164 7.0237E-012
9169 6.9353E-012
9174 6.8114E-012
9179 6.8202E-012
9184 6.7740E-012
9189 6.9102E-012
9193 6.8970E-012
9198 6.8272E-012
9203 6.7580E-012
9208 6.6514E-012
9213 6.5660E-012
9218 6.4491E-012
9223 6.3300E-012
9228 6.1762E-012
9232 6.1159E-012
9237 6.2305E-012
9242 6.3337E-012
9247 6.4358E-012
9252 6.5274E-012
9257 6.5892E-012
9262 6.6413E-012
9267 6.6312E-012
9272 6.6149E-012
9276 6.6645E-012
9281 6.6065E-012
9286 6.6186E-012
9291 6.7162E-012
9296 6.5921E-012
9301 6.6065E-012
9306 6.5791E-012
9311 6.5258E-012
9315 6.4818E-012
9320 6.3922E-012
9325 6.5143E-012
9330 6.4740E-012
9335 6.4248E-012
9340 6.3913E-012
9345 6.3015E-012
9350 6.3230E-012
9354 6.3600E-012
9359 6.4725E-012
9364 6.4250E-012
9369 6.3968E-012
9374 6.3991E-012
9379 6.3435E-012
9384 6.3122E-012
9389 6.3204E-012
9394 6.3257E-012
9398 6.3248E-012
9403 6.4021E-012
9408 6.2727E-012
9413 6.3075E-012
9418 6.2142E-012
9423 6.1929E-012
9428 6.2525E-012
9433 6.2304E-012
9437 6.2727E-012
9442 6.2975E-012
9447 6.2262E-012
9452 6.2261E-012
9457 6.1755E-012
9462 6.1549E-012
9467 6.1491E-012
9472 6.1843E-012
9476 6.1889E-012
9481 6.1105E-012
9486 6.0326E-012
9491 6.0414E-012
9496 6.0333E-012
9501 6.0074E-012
9506 5.9840E-012
9511 5.9831E-012
9515 5.8840E-012
9520 5.8050E-012
9525 5.7025E-012
9530 5.6870E-012
9535 5.6344E-012
9540 5.4470E-012
9545 5.3581E-012
9550 5.2581E-012
9554 5.3053E-012
9559 5.4550E-012
9564 5.6657E-012
9569 5.6943E-012
9574 5.8123E-012
9579 5.8190E-012
9584 5.7467E-012
9589 5.7899E-012
9594 5.7836E-012
9598 5.7974E-012
9603 5.7654E-012
9608 5.7423E-012
9613 5.7363E-012
9618 5.9018E-012
9623 5.8113E-012
9628 5.9071E-012
9633 5.7568E-012
9637 5.7295E-012
9642 5.7476E-012
9647 5.6790E-012
9652 5.6616E-012
9657 5.6332E-012
9662 5.6651E-012
9667 5.7224E-012
9672 5.7119E-012
9676 5.6637E-012
9681 5.6187E-012
9686 5.6270E-012
9691 5.7139E-012
9696 5.7052E-012
9701 5.7081E-012
9706 5.6853E-012
9711 5.6384E-012
9715 5.5945E-012
9720 5.5431E-012
9725 5.5042E-012
9730 5.5476E-012
9735 5.5516E-012
9740 5.4999E-012
9745 5.5042E-012
9750 5.4381E-012
9754 5.5245E-012
9759 5.5053E-012
9764 5.4786E-012
9769 5.4952E-012
9774 5.4801E-012
9779 5.4974E-012
9784 5.5002E-012
9789 5.5559E-012
9793 5.5369E-012
9798 5.4476E-012
9803 5.4507E-012
9808 5.4101E-012
9813 5.3324E-012
9818 5.3439E-012
9823 5.2695E-012
9828 5.2517E-012
9832 5.2595E-012
9837 5.2930E-012
9842 5.2830E-012
9847 5.2739E-012
9852 5.2739E-012
9857 5.3018E-012
9862 5.3775E-012
9867 5.4141E-012
9871 5.2795E-012
9876 5.2440E-012
9881 5.2893E-012
9886 5.2777E-012
9891 5.2930E-012
9896 5.2085E-012
9901 5.2365E-012
9906 5.1362E-012
9910 5.1375E-012
9915 5.1809E-012
9920 4.9873E-012
9925 5.2088E-012
9930 5.1288E-012
9935 5.1915E-012
9940 5.0429E-012
9945 5.0911E-012
9949 5.1571E-012
9954 5.1263E-012
9959 5.1016E-012
9964 5.1186E-012
9969 5.1268E-012
9974 5.0759E-012
9979 5.0597E-012
9984 5.0824E-012
9988 4.9788E-012
9993 5.0045E-012
9998 5.0600E-012
1E+004 5.0390E-012
1.001E+004 5.0265E-012
1.001E+004 4.9543E-012
1.002E+004 4.8819E-012
1.002E+004 4.8469E-012
1.003E+004 4.7082E-012
1.003E+004 4.6664E-012
1.004E+004 4.6292E-012
1.004E+004 4.5957E-012
1.005E+004 4.4088E-012
1.005E+004 4.3261E-012
1.006E+004 4.4084E-012
1.006E+004 4.4981E-012
1.007E+004 4.6255E-012
1.007E+004 4.6446E-012
1.008E+004 4.6976E-012
1.008E+004 4.6944E-012
1.009E+004 4.7391E-012
1.009E+004 4.6790E-012
1.01E+004 4.7519E-012
1.01E+004 4.7934E-012
1.011E+004 4.7268E-012
1.011E+004 4.6727E-012
1.012E+004 4.7147E-012
1.013E+004 4.6896E-012
1.018E+004 4.6340E-012
1.023E+004 4.5474E-012
1.028E+004 4.4665E-012
1.033E+004 4.3731E-012
1.038E+004 4.3083E-012
1.043E+004 4.2306E-012
1.048E+004 4.1562E-012
1.053E+004 4.0814E-012
1.058E+004 4.0104E-012
1.063E+004 3.9398E-012
1.068E+004 3.8662E-012
1.073E+004 3.8039E-012
1.078E+004 3.7376E-012
1.083E+004 3.6398E-012
1.088E+004 3.6056E-012
1.093E+004 3.3441E-012
1.098E+004 3.4444E-012
1.103E+004 3.4140E-012
1.108E+004 3.3695E-012
1.113E+004 3.3133E-012
1.118E+004 3.2584E-012
1.123E+004 3.2027E-012
1.128E+004 3.1502E-012
1.133E+004 3.0951E-012
1.138E+004 3.0462E-012
1.143E+004 2.9955E-012
1.148E+004 2.9475E-012
1.153E+004 2.9002E-012
1.158E+004 2.8515E-012
1.163E+004 2.8031E-012
1.168E+004 2.7572E-012
1.173E+004 2.7174E-012
1.178E+004 2.6736E-012
1.183E+004 2.6305E-012
1.188E+004 2.5892E-012
1.193E+004 2.5483E-012
1.198E+004 2.4887E-012
1.203E+004 2.4690E-012
1.208E+004 2.4304E-012
1.213E+004 2.3919E-012
1.218E+004 2.3554E-012
1.223E+004 2.3190E-012
1.228E+004 2.2835E-012
1.233E+004 2.2481E-012
1.238E+004 2.2137E-012
1.243E+004 2.1804E-012
1.248E+004 2.1466E-012
1.253E+004 2.1101E-012
1.258E+004 2.0820E-012
1.263E+004 2.0510E-012
1.268E+004 2.0211E-012
1.273E+004 1.9910E-012
1.278E+004 1.9374E-012
1.283E+004 1.8221E-012
1.288E+004 1.8985E-012
1.293E+004 1.8760E-012
1.298E+004 1.8391E-012
1.303E+004 1.8204E-012
1.308E+004 1.7953E-012
1.313E+004 1.7694E-012
1.318E+004 1.7438E-012
1.323E+004 1.7188E-012
1.328E+004 1.6942E-012
1.333E+004 1.6695E-012
1.338E+004 1.6453E-012
1.343E+004 1.6213E-012
1.348E+004 1.5997E-012
1.353E+004 1.5764E-012
1.358E+004 1.5551E-012
1.363E+004 1.5322E-012
1.368E+004 1.5121E-012
1.373E+004 1.4899E-012
1.378E+004 1.4707E-012
1.383E+004 1.4504E-012
1.388E+004 1.4303E-012
1.393E+004 1.4097E-012
1.398E+004 1.3913E-012
1.403E+004 1.3718E-012
1.408E+004 1.3541E-012
1.413E+004 1.3355E-012
1.418E+004 1.3177E-012
1.423E+004 1.3001E-012
1.428E+004 1.2826E-012
1.433E+004 1.2655E-012
1.438E+004 1.2486E-012
1.443E+004 1.2322E-012
1.448E+004 1.2160E-012
1.453E+004 1.1998E-012
1.457E+004 1.1857E-012
1.462E+004 1.1700E-012
1.468E+004 1.1533E-012
1.473E+004 1.1384E-012
1.478E+004 1.1230E-012
1.483E+004 1.1092E-012
1.488E+004 1.0950E-012
1.493E+004 1.0810E-012
1.498E+004 1.0672E-012
1.503E+004 1.0533E-012
1.508E+004 1.0387E-012
1.513E+004 1.0270E-012
1.518E+004 1.0139E-012
1.523E+004 1.0012E-012
1.528E+004 9.8819E-013
1.533E+004 9.7562E-013
1.538E+004 9.6406E-013
1.543E+004 9.5036E-013
1.548E+004 9.4023E-013
1.553E+004 9.2847E-013
1.558E+004 9.1332E-013
1.563E+004 9.0782E-013
1.568E+004 8.9264E-013
1.573E+004 8.7821E-013
1.578E+004 8.7582E-013
1.583E+004 8.6475E-013
1.588E+004 8.3896E-013
1.593E+004 8.4147E-013
1.598E+004 8.3586E-013
1.605E+004 8.1801E-013
1.615E+004 7.8918E-013
1.625E+004 7.8413E-013
1.635E+004 7.6061E-013
1.645E+004 7.3219E-013
1.655E+004 7.3070E-013
1.665E+004 7.1385E-013
1.675E+004 6.9195E-013
1.685E+004 6.6524E-013
1.695E+004 6.6603E-013
1.705E+004 6.4812E-013
1.715E+004 6.3647E-013
1.725E+004 6.2204E-013
1.735E+004 5.8917E-013
1.745E+004 5.9360E-013
1.755E+004 5.8199E-013
1.765E+004 5.6929E-013
1.775E+004 5.5688E-013
1.785E+004 5.4452E-013
1.795E+004 5.3318E-013
1.805E+004 5.2165E-013
1.815E+004 4.9465E-013
1.825E+004 4.9733E-013
1.835E+004 4.8933E-013
1.845E+004 4.7904E-013
1.855E+004 4.6856E-013
1.865E+004 4.5615E-013
1.875E+004 4.3521E-013
1.885E+004 4.4049E-013
1.895E+004 4.3149E-013
1.905E+004 4.2165E-013
1.915E+004 4.1436E-013
1.925E+004 4.0606E-013
1.935E+004 3.9747E-013
1.945E+004 3.7572E-013
1.955E+004 3.8140E-013
1.965E+004 3.7473E-013
1.975E+004 3.6738E-013
1.985E+004 3.6020E-013
1.995E+004 3.5320E-013
2.005E+004 3.4636E-013
2.015E+004 3.3969E-013
2.025E+004 3.3317E-013
2.035E+004 3.2680E-013
2.045E+004 3.2050E-013
2.055E+004 3.1393E-013
2.065E+004 3.0861E-013
2.075E+004 3.0278E-013
2.085E+004 2.9717E-013
2.095E+004 2.9162E-013
2.105E+004 2.8621E-013
2.115E+004 2.8003E-013
2.125E+004 2.7587E-013
2.135E+004 2.7083E-013
2.145E+004 2.6586E-013
2.155E+004 2.6088E-013
2.165E+004 2.4662E-013
2.175E+004 2.5123E-013
2.185E+004 2.4720E-013
2.195E+004 2.4294E-013
2.205E+004 2.3865E-013
2.215E+004 2.3445E-013
2.225E+004 2.3029E-013
2.235E+004 2.2632E-013
2.245E+004 2.2239E-013
2.255E+004 2.1854E-013
2.265E+004 2.1477E-013
2.275E+004 2.1109E-013
2.285E+004 2.0746E-013
2.295E+004 2.0394E-013
2.305E+004 2.0045E-013
2.315E+004 1.9711E-013
2.325E+004 1.9381E-013
2.335E+004 1.9057E-013
2.345E+004 1.8740E-013
2.355E+004 1.8429E-013
2.365E+004 1.8124E-013
2.375E+004 1.7825E-013
2.385E+004 1.7534E-013
2.395E+004 1.7247E-013
2.405E+004 1.6966E-013
2.415E+004 1.6690E-013
2.425E+004 1.6420E-013
2.435E+004 1.6157E-013
2.445E+004 1.5895E-013
2.455E+004 1.5646E-013
2.465E+004 1.5391E-013
2.475E+004 1.5127E-013
2.485E+004 1.4926E-013
2.495E+004 1.4652E-013
2.505E+004 1.4464E-013
2.515E+004 1.4241E-013
2.525E+004 1.3956E-013
2.535E+004 1.3797E-013
2.545E+004 1.3612E-013
2.555E+004 1.3375E-013
2.565E+004 1.3079E-013
2.575E+004 1.2979E-013
2.585E+004 1.2802E-013
2.595E+004 1.2606E-013
2.605E+004 1.2367E-013
2.615E+004 1.2030E-013
2.625E+004 1.1571E-013
2.635E+004 1.1829E-013
2.645E+004 1.1693E-013
2.655E+004 1.1511E-013
2.665E+004 1.1321E-013
2.675E+004 1.0956E-013
2.685E+004 1.0987E-013
2.695E+004 1.0859E-013
2.705E+004 1.0702E-013
2.715E+004 1.0547E-013
2.725E+004 1.0395E-013
2.735E+004 1.0245E-013
2.745E+004 1.0090E-013
2.755E+004 9.7281E-014
2.765E+004 9.7330E-014
2.775E+004 9.6731E-014
2.785E+004 9.5369E-014
2.795E+004 9.4027E-014
2.805E+004 9.2692E-014
2.815E+004 9.1411E-014
2.825E+004 9.0139E-014
2.835E+004 8.8888E-014
2.845E+004 8.7657E-014
2.855E+004 8.6414E-014
2.865E+004 8.4771E-014
2.875E+004 8.1615E-014
2.885E+004 8.2825E-014
2.895E+004 8.1815E-014
2.905E+004 8.0708E-014
2.915E+004 7.9615E-014
2.925E+004 7.8544E-014
2.935E+004 7.7488E-014
2.945E+004 7.6449E-014
2.955E+004 7.5434E-014
2.965E+004 7.4430E-014
2.975E+004 7.3446E-014
2.985E+004 7.2476E-014
2.995E+004 7.1518E-014
3.005E+004 7.0583E-014
3.015E+004 6.9636E-014
3.025E+004 6.8706E-014
3.035E+004 6.6087E-014
3.045E+004 6.6056E-014
3.055E+004 6.6086E-014
3.065E+004 6.5250E-014
3.075E+004 6.4385E-014
3.085E+004 6.3572E-014
3.095E+004 6.2789E-014
3.105E+004 6.1990E-014
3.115E+004 6.1201E-014
3.125E+004 6.0421E-014
3.135E+004 5.9672E-014
3.145E+004 5.8920E-014
3.155E+004 5.8187E-014
3.165E+004 5.7460E-014
3.175E+004 5.6746E-014
3.185E+004 5.6042E-014
3.195E+004 5.5350E-014
3.21E+004 5.4331E-014
3.23E+004 5.3006E-014
3.25E+004 5.1725E-014
3.27E+004 5.0479E-014
3.29E+004 4.8192E-014
3.31E+004 4.7897E-014
3.33E+004 4.6951E-014
3.35E+004 4.5868E-014
3.37E+004 4.4799E-014
3.39E+004 4.3759E-014
3.41E+004 4.2784E-014
3.43E+004 4.1802E-014
3.45E+004 4.0848E-014
3.47E+004 3.9927E-014
3.49E+004 3.9024E-014
3.51E+004 3.8151E-014
3.53E+004 3.7300E-014
3.55E+004 3.6471E-014
3.57E+004 3.5658E-014
3.59E+004 3.4884E-014
3.61E+004 3.4097E-014
3.63E+004 3.3379E-014
3.65E+004 3.2616E-014
3.67E+004 3.1956E-014
3.69E+004 3.1212E-014
3.71E+004 3.0559E-014
3.73E+004 2.9625E-014
3.75E+004 2.8807E-014
3.77E+004 2.8703E-014
3.79E+004 2.8116E-014
3.81E+004 2.7468E-014
3.83E+004 2.6913E-014
3.85E+004 2.6411E-014
3.87E+004 2.5872E-014
3.89E+004 2.5330E-014
3.91E+004 2.4695E-014
3.93E+004 2.4333E-014
3.95E+004 2.3847E-014
3.97E+004 2.3372E-014
3.99E+004 2.2908E-014
4.01E+004 2.2366E-014
4.03E+004 2.1841E-014
4.05E+004 2.1131E-014
4.07E+004 2.1160E-014
4.09E+004 2.0756E-014
4.11E+004 2.0357E-014
4.13E+004 1.9953E-014
4.15E+004 1.9576E-014
4.17E+004 1.8964E-014
4.19E+004 1.8835E-014
4.21E+004 1.8496E-014
4.23E+004 1.8150E-014
4.25E+004 1.7805E-014
4.27E+004 1.7481E-014
4.29E+004 1.7135E-014
4.31E+004 1.6843E-014
4.33E+004 1.6535E-014
4.35E+004 1.6233E-014
4.37E+004 1.5705E-014
4.39E+004 1.5593E-014
4.41E+004 1.5370E-014
4.43E+004 1.5095E-014
4.45E+004 1.4826E-014
4.47E+004 1.4575E-014
4.49E+004 1.4318E-014
4.51E+004 1.4066E-014
4.53E+004 1.3819E-014
4.55E+004 1.3579E-014
4.57E+004 1.3343E-014
4.59E+004 1.3112E-014
4.61E+004 1.2883E-014
4.63E+004 1.2656E-014
4.65E+004 1.2108E-014
4.67E+004 1.1969E-014
4.69E+004 1.1988E-014
4.71E+004 1.1828E-014
4.73E+004 1.1630E-014
4.75E+004 1.1435E-014
4.77E+004 1.1245E-014
4.79E+004 1.1059E-014
4.81E+004 1.0876E-014
4.83E+004 1.0697E-014
4.85E+004 1.0522E-014
4.87E+004 1.0350E-014
4.89E+004 1.0182E-014
4.91E+004 1.0018E-014
4.93E+004 9.8560E-015
4.95E+004 9.6978E-015
4.97E+004 9.5428E-015
4.99E+004 9.3909E-015
5.01E+004 9.2419E-015
5.03E+004 9.0959E-015
5.05E+004 8.9529E-015
5.07E+004 8.8124E-015
5.09E+004 8.6747E-015
5.11E+004 8.5207E-015
5.13E+004 8.2065E-015
5.15E+004 8.2664E-015
5.17E+004 8.1492E-015
5.19E+004 8.0255E-015
5.21E+004 7.9030E-015
5.23E+004 7.7829E-015
5.25E+004 7.6648E-015
5.27E+004 7.5457E-015
5.29E+004 7.4357E-015
5.31E+004 7.3243E-015
5.33E+004 7.2150E-015
5.35E+004 7.1076E-015
5.37E+004 6.9959E-015
5.39E+004 6.8930E-015
5.41E+004 6.7976E-015
5.43E+004 6.6980E-015
5.45E+004 6.6003E-015
5.47E+004 6.5042E-015
5.49E+004 6.4098E-015
5.51E+004 6.3131E-015
5.53E+004 6.2078E-015
5.55E+004 6.1370E-015
5.57E+004 6.0493E-015
5.59E+004 5.9632E-015
5.61E+004 5.8785E-015
5.63E+004 5.7954E-015
5.65E+004 5.7137E-015
5.67E+004 5.6334E-015
5.69E+004 5.5537E-015
5.71E+004 5.4469E-015
5.73E+004 5.3976E-015
5.75E+004 5.3261E-015
5.77E+004 5.2526E-015
5.79E+004 5.1803E-015
5.81E+004 5.1094E-015
5.83E+004 5.0396E-015
5.85E+004 4.9734E-015
5.87E+004 4.9058E-015
5.89E+004 4.8258E-015
5.91E+004 4.6430E-015
5.93E+004 4.6991E-015
5.95E+004 4.6071E-015
5.97E+004 4.5672E-015
5.99E+004 4.5238E-015
6.01E+004 4.4639E-015
6.03E+004 4.4049E-015
6.05E+004 4.3468E-015
6.07E+004 4.2897E-015
6.09E+004 4.2336E-015
6.11E+004 4.1783E-015
6.13E+004 4.1240E-015
6.15E+004 4.0705E-015
6.17E+004 4.0179E-015
6.19E+004 3.9662E-015
6.21E+004 3.9152E-015
6.23E+004 3.8651E-015
6.25E+004 3.8157E-015
6.27E+004 3.7616E-015
6.29E+004 3.6651E-015
6.31E+004 3.6627E-015
6.33E+004 3.6261E-015
6.35E+004 3.5805E-015
6.37E+004 3.5357E-015
6.39E+004 3.4916E-015
6.42E+004 3.4266E-015
6.46E+004 3.3424E-015
6.5E+004 3.2607E-015
6.54E+004 3.1814E-015
6.58E+004 3.1046E-015
6.62E+004 3.0300E-015
6.66E+004 2.9577E-015
6.7E+004 2.8875E-015
6.74E+004 2.8165E-015
6.78E+004 2.7226E-015
6.82E+004 2.6890E-015
6.86E+004 2.6267E-015
6.9E+004 2.5661E-015
6.94E+004 2.5073E-015
6.98E+004 2.4502E-015
7.02E+004 2.3946E-015
7.06E+004 2.3406E-015
7.1E+004 2.2881E-015
7.14E+004 2.2371E-015
7.18E+004 2.1876E-015
7.22E+004 2.1393E-015
7.26E+004 2.0921E-015
7.3E+004 2.0467E-015
7.34E+004 2.0023E-015
7.38E+004 1.9591E-015
7.42E+004 1.9140E-015
7.46E+004 1.8420E-015
7.5E+004 1.7872E-015
7.54E+004 1.7940E-015
7.58E+004 1.7597E-015
7.62E+004 1.7229E-015
7.66E+004 1.6871E-015
7.7E+004 1.6522E-015
7.74E+004 1.6181E-015
7.78E+004 1.5816E-015
7.82E+004 1.5527E-015
7.86E+004 1.5212E-015
7.9E+004 1.4905E-015
7.94E+004 1.4606E-015
7.98E+004 1.4312E-015
8.02E+004 1.4024E-015
8.06E+004 1.3744E-015
8.1E+004 1.3471E-015
8.14E+004 1.3164E-015
8.18E+004 1.2931E-015
8.22E+004 1.2691E-015
8.26E+004 1.2443E-015
8.3E+004 1.2201E-015
8.34E+004 1.1965E-015
8.38E+004 1.1734E-015
8.42E+004 1.1509E-015
8.46E+004 1.1288E-015
8.5E+004 1.1073E-015
8.54E+004 1.0862E-015
8.58E+004 1.0657E-015
8.62E+004 1.0455E-015
8.66E+004 1.0190E-015
8.7E+004 1.0061E-015
8.74E+004 9.7894E-016
8.78E+004 9.6071E-016
8.82E+004 9.5166E-016
8.86E+004 9.3413E-016
8.9E+004 9.1701E-016
8.94E+004 9.0026E-016
8.98E+004 8.8388E-016
9.02E+004 8.6783E-016
9.06E+004 8.5212E-016
9.1E+004 8.3675E-016
9.14E+004 8.2168E-016
9.18E+004 8.0693E-016
9.22E+004 7.9252E-016
9.26E+004 7.7839E-016
9.3E+004 7.6462E-016
9.34E+004 7.5119E-016
9.38E+004 7.3098E-016
9.42E+004 7.2368E-016
9.46E+004 7.1287E-016
9.5E+004 7.0067E-016
9.54E+004 6.8876E-016
9.58E+004 6.7712E-016
9.62E+004 6.6570E-016
9.66E+004 6.5454E-016
9.7E+004 6.4360E-016
9.74E+004 6.3298E-016
9.78E+004 6.2256E-016
9.82E+004 6.1242E-016
9.86E+004 6.0244E-016
9.9E+004 5.9283E-016
9.94E+004 5.8340E-016
9.98E+004 5.7414E-016
1.002E+005 5.6509E-016
1.005E+005 5.5840E-016
1.01E+005 5.4746E-016
1.015E+005 5.3683E-016
1.02E+005 5.2650E-016
1.025E+005 5.1638E-016
1.03E+005 5.0653E-016
1.035E+005 4.9688E-016
1.04E+005 4.8749E-016
1.045E+005 4.7828E-016
1.05E+005 4.6932E-016
1.055E+005 4.6051E-016
1.06E+005 4.5195E-016
1.065E+005 4.4362E-016
1.07E+005 4.3536E-016
1.075E+005 4.2739E-016
1.08E+005 4.1957E-016
1.085E+005 4.1188E-016
1.09E+005 4.0440E-016
1.095E+005 3.9713E-016
1.1E+005 3.8999E-016
1.105E+005 3.8298E-016
1.11E+005 3.7615E-016
1.115E+005 3.6952E-016
1.12E+005 3.6299E-016
1.125E+005 3.5660E-016
1.13E+005 3.5037E-016
1.135E+005 3.4425E-016
1.14E+005 3.3830E-016
1.145E+005 3.3251E-016
1.15E+005 3.2676E-016
1.155E+005 3.2116E-016
1.16E+005 3.1570E-016
1.165E+005 3.1034E-016
1.17E+005 3.0512E-016
1.175E+005 2.9992E-016
1.18E+005 2.9492E-016
1.185E+005 2.8999E-016
1.19E+005 2.8515E-016
1.195E+005 2.8039E-016
1.2E+005 2.7575E-016
1.205E+005 2.7123E-016
1.21E+005 2.6679E-016
1.215E+005 2.6242E-016
1.22E+005 2.5816E-016
1.225E+005 2.5398E-016
1.23E+005 2.4986E-016
1.235E+005 2.4585E-016
1.24E+005 2.4190E-016
1.245E+005 2.3806E-016
1.25E+005 2.3427E-016
1.255E+005 2.3054E-016
1.26E+005 2.2691E-016
1.265E+005 2.2333E-016
1.27E+005 2.1981E-016
1.275E+005 2.1638E-016
1.28E+005 2.1299E-016
1.285E+005 2.0970E-016
1.29E+005 2.0645E-016
1.295E+005 2.0326E-016
1.3E+005 2.0014E-016
1.305E+005 1.9708E-016
1.31E+005 1.9405E-016
1.315E+005 1.9111E-016
1.32E+005 1.8821E-016
1.325E+005 1.8536E-016
1.33E+005 1.8258E-016
1.335E+005 1.7984E-016
1.34E+005 1.7717E-016
1.345E+005 1.7451E-016
1.35E+005 1.7192E-016
1.355E+005 1.6939E-016
1.36E+005 1.6688E-016
1.365E+005 1.6442E-016
1.37E+005 1.6204E-016
1.375E+005 1.5966E-016
1.38E+005 1.5734E-016
1.385E+005 1.5505E-016
1.39E+005 1.5282E-016
1.395E+005 1.5063E-016
1.4E+005 1.4846E-016
1.405E+005 1.4635E-016
1.41E+005 1.4425E-016
1.415E+005 1.4223E-016
1.42E+005 1.4021E-016
1.425E+005 1.3824E-016
1.43E+005 1.3630E-016
1.435E+005 1.3439E-016
1.44E+005 1.3250E-016
1.445E+005 1.3066E-016
1.45E+005 1.2885E-016
1.455E+005 1.2708E-016
1.46E+005 1.2532E-016
1.465E+005 1.2360E-016
1.47E+005 1.2193E-016
1.475E+005 1.2026E-016
1.48E+005 1.1863E-016
1.485E+005 1.1703E-016
1.49E+005 1.1544E-016
1.495E+005 1.1390E-016
1.5E+005 1.1238E-016
1.505E+005 1.1087E-016
1.51E+005 1.0939E-016
1.515E+005 1.0794E-016
1.52E+005 1.0652E-016
1.525E+005 1.0511E-016
1.53E+005 1.0372E-016
1.535E+005 1.0237E-016
1.54E+005 1.0104E-016
1.545E+005 9.9718E-017
1.55E+005 9.8417E-017
1.555E+005 9.7150E-017
1.56E+005 9.5900E-017
1.565E+005 9.4665E-017
1.57E+005 9.3446E-017
1.575E+005 9.2258E-017
1.58E+005 9.1086E-017
1.585E+005 8.9929E-017
1.59E+005 8.8787E-017
1.595E+005 8.7673E-017
1.6E+005 8.6573E-017
1.605E+005 8.5487E-017
1.61E+005 8.4415E-017
1.615E+005 8.3371E-017
1.62E+005 8.2325E-017
1.625E+005 8.1306E-017
1.63E+005 8.0300E-017
1.635E+005 7.9320E-017
1.64E+005 7.8338E-017
1.645E+005 7.7382E-017
1.65E+005 7.6437E-017
1.655E+005 7.5516E-017
1.66E+005 7.4593E-017
1.665E+005 7.3695E-017
1.67E+005 7.2808E-017
1.675E+005 7.1931E-017
1.68E+005 7.1065E-017
1.685E+005 7.0221E-017
1.69E+005 6.9376E-017
1.695E+005 6.8552E-017
1.7E+005 6.7748E-017
1.705E+005 6.6944E-017
1.71E+005 6.6160E-017
1.715E+005 6.5375E-017
1.72E+005 6.4610E-017
1.725E+005 6.3864E-017
1.73E+005 6.3116E-017
1.735E+005 6.2387E-017
1.74E+005 6.1657E-017
1.745E+005 6.0946E-017
1.75E+005 6.0243E-017
1.755E+005 5.9557E-017
1.76E+005 5.8870E-017
1.765E+005 5.8200E-017
1.77E+005 5.7539E-017
1.775E+005 5.6885E-017
1.78E+005 5.6238E-017
1.785E+005 5.5608E-017
1.79E+005 5.4985E-017
1.795E+005 5.4370E-017
1.8E+005 5.3762E-017
1.805E+005 5.3160E-017
1.81E+005 5.2564E-017
1.815E+005 5.1985E-017
1.82E+005 5.1412E-017
1.825E+005 5.0846E-017
1.83E+005 5.0285E-017
1.835E+005 4.9732E-017
1.84E+005 4.9193E-017
1.845E+005 4.8651E-017
1.85E+005 4.8123E-017
1.855E+005 4.7602E-017
1.86E+005 4.7086E-017
1.865E+005 4.6584E-017
1.87E+005 4.6079E-017
1.875E+005 4.5587E-017
1.88E+005 4.5102E-017
1.885E+005 4.4621E-017
1.89E+005 4.4145E-017
1.895E+005 4.3675E-017
1.9E+005 4.3217E-017
1.905E+005 4.2764E-017
1.91E+005 4.2309E-017
1.915E+005 4.1873E-017
1.92E+005 4.1435E-017
1.925E+005 4.1001E-017
1.93E+005 4.0579E-017
1.935E+005 4.0154E-017
1.94E+005 3.9740E-017
1.945E+005 3.9331E-017
1.95E+005 3.8926E-017
1.955E+005 3.8526E-017
1.96E+005 3.8136E-017
1.965E+005 3.7750E-017
1.97E+005 3.7362E-017
1.975E+005 3.6983E-017
1.98E+005 3.6609E-017
1.985E+005 3.6239E-017
1.99E+005 3.5879E-017
1.995E+005 3.5516E-017
2E+005 3.5162E-017
2.01E+005 3.4463E-017
2.02E+005 3.3784E-017
2.03E+005 3.3118E-017
2.04E+005 3.2472E-017
2.05E+005 3.1837E-017
2.06E+005 3.1221E-017
2.07E+005 3.0622E-017
2.08E+005 3.0034E-017
2.09E+005 2.9462E-017
2.1E+005 2.8903E-017
2.11E+005 2.8353E-017
2.12E+005 2.7823E-017
2.13E+005 2.7298E-017
2.14E+005 2.6793E-017
2.15E+005 2.6297E-017
2.16E+005 2.5810E-017
2.17E+005 2.5337E-017
2.18E+005 2.4872E-017
2.19E+005 2.4419E-017
2.2E+005 2.3975E-017
2.21E+005 2.3543E-017
2.22E+005 2.3119E-017
2.23E+005 2.2706E-017
2.24E+005 2.2301E-017
2.25E+005 2.1906E-017
2.26E+005 2.1518E-017
2.27E+005 2.1142E-017
2.28E+005 2.0771E-017
2.29E+005 2.0407E-017
2.3E+005 2.0053E-017
2.31E+005 1.9708E-017
2.32E+005 1.9369E-017
2.33E+005 1.9036E-017
2.34E+005 1.8712E-017
2.35E+005 1.8394E-017
2.36E+005 1.8084E-017
2.37E+005 1.7779E-017
2.38E+005 1.7479E-017
2.39E+005 1.7187E-017
2.4E+005 1.6901E-017
2.41E+005 1.6621E-017
2.42E+005 1.6347E-017
2.43E+005 1.6079E-017
2.44E+005 1.5816E-017
2.45E+005 1.5558E-017
2.46E+005 1.5306E-017
2.47E+005 1.5058E-017
2.48E+005 1.4814E-017
2.49E+005 1.4577E-017
2.5E+005 1.4345E-017
2.51E+005 1.4115E-017
2.52E+005 1.3892E-017
2.53E+005 1.3674E-017
2.54E+005 1.3457E-017
2.55E+005 1.3246E-017
2.56E+005 1.3040E-017
2.57E+005 1.2837E-017
2.58E+005 1.2638E-017
2.59E+005 1.2444E-017
2.6E+005 1.2251E-017
2.61E+005 1.2065E-017
2.62E+005 1.1879E-017
2.63E+005 1.1699E-017
2.64E+005 1.1523E-017
2.65E+005 1.1348E-017
2.66E+005 1.1178E-017
2.67E+005 1.1010E-017
2.68E+005 1.0846E-017
2.69E+005 1.0685E-017
2.7E+005 1.0526E-017
2.71E+005 1.0371E-017
2.72E+005 1.0219E-017
2.73E+005 1.0068E-017
2.74E+005 9.9220E-018
2.75E+005 9.7777E-018
2.76E+005 9.6356E-018
2.77E+005 9.4954E-018
2.78E+005 9.3590E-018
2.79E+005 9.2244E-018
2.8E+005 9.0934E-018
2.81E+005 8.9642E-018
2.82E+005 8.8369E-018
2.83E+005 8.7114E-018
2.84E+005 8.5877E-018
2.85E+005 8.4671E-018
2.86E+005 8.3497E-018
2.87E+005 8.2325E-018
2.88E+005 8.1183E-018
2.89E+005 8.0058E-018
2.9E+005 7.8947E-018
2.91E+005 7.7866E-018
2.92E+005 7.6799E-018
2.93E+005 7.5747E-018
2.94E+005 7.4709E-018
2.95E+005 7.3699E-018
2.96E+005 7.2702E-018
2.97E+005 7.1730E-018
2.98E+005 7.0760E-018
2.99E+005 6.9814E-018
3E+005 6.8881E-018
3.01E+005 6.7961E-018
3.02E+005 6.7064E-018
3.03E+005 6.6179E-018
3.04E+005 6.5306E-018
3.05E+005 6.4444E-018
3.06E+005 6.3605E-018
3.07E+005 6.2777E-018
3.08E+005 6.1959E-018
3.09E+005 6.1152E-018
3.1E+005 6.0366E-018
3.11E+005 5.9590E-018
3.12E+005 5.8824E-018
3.13E+005 5.8067E-018
3.14E+005 5.7330E-018
3.15E+005 5.6603E-018
3.16E+005 5.5885E-018
3.17E+005 5.5176E-018
3.18E+005 5.4485E-018
3.19E+005 5.3794E-018
3.2E+005 5.3121E-018
3.21E+005 5.2464E-018
3.22E+005 5.1808E-018
3.23E+005 5.1168E-018
3.24E+005 5.0536E-018
3.25E+005 4.9912E-018
3.26E+005 4.9295E-018
3.27E+005 4.8695E-018
3.28E+005 4.8102E-018
3.29E+005 4.7516E-018
3.3E+005 4.6937E-018
3.31E+005 4.6373E-018
3.32E+005 4.5808E-018
3.33E+005 4.5258E-018
3.34E+005 4.4714E-018
3.35E+005 4.4185E-018
3.36E+005 4.3654E-018
3.37E+005 4.3137E-018
3.38E+005 4.2626E-018
3.39E+005 4.2121E-018
3.4E+005 4.1622E-018
3.41E+005 4.1136E-018
3.42E+005 4.0656E-018
3.43E+005 4.0181E-018
3.44E+005 3.9712E-018
3.45E+005 3.9248E-018
3.46E+005 3.8797E-018
3.47E+005 3.8351E-018
3.48E+005 3.7909E-018
3.49E+005 3.7473E-018
3.5E+005 3.7042E-018
3.51E+005 3.6620E-018
3.52E+005 3.6204E-018
3.53E+005 3.5792E-018
3.54E+005 3.5384E-018
3.55E+005 3.4982E-018
3.56E+005 3.4589E-018
3.57E+005 3.4196E-018
3.58E+005 3.3812E-018
3.59E+005 3.3433E-018
3.6E+005 3.3059E-018
3.61E+005 3.2693E-018
3.62E+005 3.2327E-018
3.63E+005 3.1970E-018
3.64E+005 3.1617E-018
3.65E+005 3.1268E-018
3.66E+005 3.0928E-018
3.67E+005 3.0586E-018
3.68E+005 3.0254E-018
3.69E+005 2.9925E-018
3.7E+005 2.9599E-018
3.71E+005 2.9278E-018
3.72E+005 2.8959E-018
3.73E+005 2.8649E-018
3.74E+005 2.8343E-018
3.75E+005 2.8034E-018
3.76E+005 2.7739E-018
3.77E+005 2.7442E-018
3.78E+005 2.7148E-018
3.79E+005 2.6862E-018
3.8E+005 2.6575E-018
3.81E+005 2.6295E-018
3.82E+005 2.6018E-018
3.83E+005 2.5748E-018
3.84E+005 2.5477E-018
3.85E+005 2.5209E-018
3.86E+005 2.4947E-018
3.87E+005 2.4689E-018
3.88E+005 2.4433E-018
3.89E+005 2.4179E-018
3.9E+005 2.3929E-018
3.91E+005 2.3685E-018
3.92E+005 2.3443E-018
3.93E+005 2.3200E-018
3.94E+005 2.2964E-018
3.95E+005 2.2730E-018
3.96E+005 2.2502E-018
3.97E+005 2.2272E-018
3.98E+005 2.2045E-018
3.99E+005 2.1824E-018
