1140 -2.7463E-015
1140 -2.7463E-015
1141 1.8157E-014
1142 1.0893E-014
1142 7.6252E-015
1143 8.9800E-015
1143 3.7772E-015
1144 5.4802E-015
1145 7.1504E-015
1145 6.5606E-015
1146 1.1528E-014
1146 1.2334E-014
1147 9.5875E-015
1147 7.2835E-015
1148 8.0278E-015
1149 6.7144E-015
1149 1.2218E-014
1150 7.6636E-015
1150 7.2647E-015
1151 1.0629E-014
1152 1.0643E-014
1152 9.4678E-015
1153 9.0490E-015
1153 1.1391E-014
1154 8.9290E-015
1154 8.9471E-015
1155 1.0651E-014
1156 1.0520E-014
1156 1.1361E-014
1157 1.3707E-014
1157 9.2536E-015
1158 9.9456E-015
1159 9.8792E-015
1159 1.0968E-014
1160 1.0029E-014
1160 1.3182E-014
1161 1.0765E-014
1161 1.1776E-014
1162 1.2764E-014
1163 1.0194E-014
1163 1.2334E-014
1164 9.6075E-015
1164 1.2617E-014
1165 1.3323E-014
1166 1.1687E-014
1166 1.3955E-014
1167 1.0687E-014
1167 1.2198E-014
1168 1.2246E-014
1168 1.0361E-014
1169 1.1802E-014
1170 1.1089E-014
1170 1.1228E-014
1171 1.2105E-014
1171 9.9133E-015
1172 1.3177E-014
1173 1.1958E-014
1173 1.1251E-014
1174 1.0820E-014
1174 1.0894E-014
1175 1.0298E-014
1176 1.2261E-014
1176 1.1452E-014
1177 1.2500E-014
1177 1.1207E-014
1178 1.1865E-014
1178 9.8379E-015
1179 1.1784E-014
1180 1.1130E-014
1180 1.0363E-014
1181 1.1379E-014
1181 9.7227E-015
1182 9.5331E-015
1183 9.3122E-015
1183 1.0590E-014
1184 1.0979E-014
1184 1.0004E-014
1185 1.1533E-014
1185 1.2105E-014
1186 1.1941E-014
1187 9.9058E-015
1187 1.2623E-014
1188 1.0636E-014
1188 1.0653E-014
1189 1.0369E-014
1190 1.0502E-014
1190 8.9269E-015
1191 8.1907E-015
1191 9.4498E-015
1192 1.0194E-014
1192 1.0029E-014
1193 9.8633E-015
1194 1.1468E-014
1194 1.0530E-014
1195 9.9116E-015
1195 1.0196E-014
1196 9.0147E-015
1197 9.4726E-015
1197 9.5434E-015
1198 8.2341E-015
1198 8.4111E-015
1199 7.9688E-015
1199 7.4357E-015
1200 9.1284E-015
1201 7.1389E-015
1201 6.8525E-015
1202 8.7089E-015
1202 7.3381E-015
1203 7.7081E-015
1204 7.4788E-015
1204 7.3536E-015
1205 7.4223E-015
1205 7.1042E-015
1206 6.9642E-015
1206 5.9867E-015
1207 6.5925E-015
1208 6.2032E-015
1208 6.3006E-015
1209 5.8077E-015
1209 4.5058E-015
1210 5.2801E-015
1211 5.1217E-015
1211 3.2262E-015
1212 2.8978E-015
1212 2.3044E-015
1213 2.6621E-015
1213 1.7655E-015
1214 9.7203E-016
1215 1.4683E-015
1215 8.0681E-016
1216 8.2406E-016
1216 1.1418E-015
1217 1.0554E-015
1218 1.4164E-015
1218 1.2954E-015
1219 1.7219E-015
1219 2.9522E-015
1220 3.0928E-015
1220 3.7603E-015
1221 3.9586E-015
1222 4.4774E-015
1222 3.8563E-015
1223 4.6368E-015
1223 5.8668E-015
1224 6.2345E-015
1225 6.2075E-015
1225 5.5722E-015
1226 7.0307E-015
1226 7.0541E-015
1227 6.9016E-015
1227 8.0636E-015
1228 7.9157E-015
1229 8.0444E-015
1229 7.8406E-015
1230 8.5068E-015
1230 8.4338E-015
1231 8.2290E-015
1232 9.0642E-015
1232 8.1017E-015
1233 8.8887E-015
1233 9.2174E-015
1234 8.5852E-015
1234 8.8554E-015
1235 8.8252E-015
1236 9.2409E-015
1236 9.3949E-015
1237 9.0065E-015
1237 9.2138E-015
1238 9.2706E-015
1239 1.0224E-014
1239 9.0331E-015
1240 8.6754E-015
1240 8.6165E-015
1241 9.7650E-015
1241 8.8148E-015
1242 9.5293E-015
1243 9.2878E-015
1243 9.8554E-015
1244 9.9496E-015
1244 9.8689E-015
1245 8.9729E-015
1246 1.0119E-014
1246 1.0530E-014
1247 8.8622E-015
1247 9.5981E-015
1248 9.6267E-015
1248 9.5558E-015
1249 9.0316E-015
1250 9.7418E-015
1250 9.0248E-015
1251 9.0959E-015
1251 8.4628E-015
1252 9.5420E-015
1253 9.1575E-015
1253 9.1106E-015
1254 9.2089E-015
1254 9.7179E-015
1255 9.4768E-015
1255 9.3563E-015
1256 9.1403E-015
1257 1.0402E-014
1257 9.0978E-015
1258 9.2794E-015
1258 9.6256E-015
1259 9.5316E-015
1260 8.3930E-015
1260 8.6105E-015
1261 7.0155E-015
1261 8.9472E-015
1262 9.3362E-015
1262 8.9249E-015
1263 9.3522E-015
1264 9.6354E-015
1264 9.8803E-015
1265 8.8825E-015
1265 9.2333E-015
1266 8.8262E-015
1267 9.6694E-015
1267 1.0016E-014
1268 9.0434E-015
1268 8.9056E-015
1269 9.9175E-015
1269 9.6134E-015
1270 9.8798E-015
1271 9.3221E-015
1271 9.7092E-015
1272 9.6803E-015
1272 9.6618E-015
1273 1.0166E-014
1274 9.4005E-015
1274 1.0021E-014
1275 9.0508E-015
1275 8.5043E-015
1276 1.0058E-014
1276 9.6837E-015
1277 9.0296E-015
1278 9.8393E-015
1278 8.6013E-015
1279 8.5031E-015
1279 9.9943E-015
1280 9.2313E-015
1281 9.2604E-015
1281 1.0198E-014
1282 9.5772E-015
1282 8.8536E-015
1283 9.6119E-015
1283 8.7955E-015
1284 8.8840E-015
1285 8.9053E-015
1285 8.9454E-015
1286 9.1762E-015
1286 8.6095E-015
1287 8.1939E-015
1288 9.2266E-015
1288 8.7874E-015
1289 8.9544E-015
1289 9.6269E-015
1290 9.6052E-015
1290 9.1277E-015
1291 9.6650E-015
1292 9.1368E-015
1292 8.8669E-015
1293 9.3922E-015
1293 8.5519E-015
1294 8.8951E-015
1295 9.4606E-015
1295 9.3084E-015
1296 9.6247E-015
1296 9.4077E-015
1297 9.3959E-015
1297 8.7564E-015
1298 9.5517E-015
1299 9.3355E-015
1299 8.2325E-015
1300 8.0923E-015
1300 7.8089E-015
1301 9.0025E-015
1302 9.5567E-015
1302 8.0014E-015
1303 7.9162E-015
1303 8.2220E-015
1304 9.2789E-015
1304 8.2187E-015
1305 8.0805E-015
1306 8.2412E-015
1306 8.2471E-015
1307 9.0098E-015
1307 8.8531E-015
1308 8.8990E-015
1309 8.8838E-015
1309 8.7523E-015
1310 8.8887E-015
1310 8.7726E-015
1311 7.9278E-015
1311 9.4419E-015
1312 8.5107E-015
1313 8.9782E-015
1313 9.5138E-015
1314 8.3096E-015
1314 8.5228E-015
1315 8.5229E-015
1316 8.4450E-015
1316 8.3288E-015
1317 8.3439E-015
1317 9.0788E-015
1318 8.2156E-015
1318 8.7448E-015
1319 8.6234E-015
1320 8.6888E-015
1320 8.6592E-015
1321 9.0540E-015
1321 8.6539E-015
1322 8.7557E-015
1323 9.3802E-015
1323 7.9830E-015
1324 8.4304E-015
1324 8.6341E-015
1325 7.9242E-015
1325 8.4317E-015
1326 8.6534E-015
1327 8.0655E-015
1327 8.0051E-015
1328 7.8812E-015
1328 8.7062E-015
1329 8.6873E-015
1330 7.6311E-015
1330 8.5099E-015
1331 8.0700E-015
1331 9.2903E-015
1332 7.6421E-015
1332 8.2448E-015
1333 7.5364E-015
1334 7.5557E-015
1334 7.1450E-015
1335 6.7065E-015
1335 7.7393E-015
1336 7.5911E-015
1337 7.9260E-015
1337 8.2452E-015
1338 8.3300E-015
1338 8.7245E-015
1339 9.2968E-015
1339 8.2912E-015
1340 8.6393E-015
1341 9.6156E-015
1341 8.7351E-015
1342 7.9358E-015
1342 8.3442E-015
1343 8.0965E-015
1344 8.2675E-015
1344 8.3399E-015
1345 8.3348E-015
1345 7.6675E-015
1346 8.5090E-015
1346 8.3776E-015
1347 7.0020E-015
1348 8.2290E-015
1348 8.2715E-015
1349 8.1172E-015
1349 8.6879E-015
1350 6.9892E-015
1351 7.4893E-015
1351 7.8318E-015
1352 7.8962E-015
1352 8.4174E-015
1353 8.4455E-015
1353 7.6597E-015
1354 7.6805E-015
1355 7.3303E-015
1355 8.5004E-015
1356 8.1954E-015
1356 8.1360E-015
1357 8.5826E-015
1358 8.3184E-015
1358 8.5395E-015
1359 8.3535E-015
1359 8.7821E-015
1360 8.2710E-015
1360 8.3466E-015
1361 8.0282E-015
1362 8.1789E-015
1362 7.4449E-015
1363 7.4487E-015
1363 7.7901E-015
1364 8.1203E-015
1365 8.3497E-015
1365 7.8061E-015
1366 7.4122E-015
1366 7.5113E-015
1367 6.8013E-015
1367 7.2385E-015
1368 8.1374E-015
1369 8.0500E-015
1369 8.5145E-015
1370 7.3314E-015
1370 7.8852E-015
1371 8.3054E-015
1372 7.3263E-015
1372 7.7134E-015
1373 8.1126E-015
1373 6.8642E-015
1374 8.2653E-015
1374 8.0021E-015
1375 7.8234E-015
1376 7.5952E-015
1376 7.8146E-015
1377 7.4576E-015
1377 7.7989E-015
1378 7.9770E-015
1379 7.8228E-015
1379 7.5282E-015
1380 7.7354E-015
1380 7.0158E-015
1381 7.4552E-015
1381 7.2957E-015
1382 6.8527E-015
1383 7.9425E-015
1383 7.0047E-015
1384 7.6819E-015
1384 7.3842E-015
1385 7.1152E-015
1386 7.1283E-015
1386 7.3775E-015
1387 7.3957E-015
1387 7.1832E-015
1388 7.2994E-015
1388 7.9286E-015
1389 6.8057E-015
1390 7.9542E-015
1390 7.7471E-015
1391 7.4996E-015
1391 7.4705E-015
1392 7.8000E-015
1393 7.1305E-015
1393 7.5133E-015
1394 7.3674E-015
1394 6.9160E-015
1395 7.3922E-015
1395 6.9405E-015
1396 7.5106E-015
1397 7.8290E-015
1397 7.3363E-015
1398 6.9757E-015
1398 6.9857E-015
1399 6.8468E-015
1400 7.3035E-015
1400 6.4550E-015
1401 7.7196E-015
1401 6.7987E-015
1402 7.4373E-015
1402 6.6069E-015
1403 7.0187E-015
1404 8.2013E-015
1404 7.4552E-015
1405 7.5657E-015
1405 7.0323E-015
1406 7.5403E-015
1407 7.6322E-015
1407 6.6208E-015
1408 7.9714E-015
1408 6.9851E-015
1409 7.2352E-015
1409 6.4903E-015
1410 8.0226E-015
1411 7.5415E-015
1411 7.6765E-015
1412 7.2880E-015
1412 7.1146E-015
1413 6.8508E-015
1413 8.5052E-015
1414 7.1933E-015
1415 8.0947E-015
1415 7.4096E-015
1416 6.2937E-015
1416 7.5472E-015
1417 6.6960E-015
1418 7.3918E-015
1418 7.1545E-015
1419 6.3908E-015
1419 7.6132E-015
1420 6.9405E-015
1420 7.8716E-015
1421 7.7842E-015
1422 7.7759E-015
1422 6.7021E-015
1423 6.8514E-015
1423 6.7137E-015
1424 7.2213E-015
1425 7.2027E-015
1425 6.6055E-015
1426 6.8219E-015
1426 7.2801E-015
1427 6.9259E-015
1427 7.0212E-015
1428 6.6189E-015
1429 7.7285E-015
1429 7.3954E-015
1430 7.3180E-015
1430 6.1837E-015
1431 7.7244E-015
1432 7.2851E-015
1432 7.1321E-015
1433 6.8432E-015
1433 7.0259E-015
1434 6.5620E-015
1434 7.0454E-015
1435 6.5602E-015
1436 6.7064E-015
1436 6.5200E-015
1437 6.9483E-015
1437 7.1641E-015
1438 7.4187E-015
1439 6.0918E-015
1439 5.6713E-015
1440 6.5739E-015
1440 6.9093E-015
1441 6.9541E-015
1441 6.2296E-015
1442 7.4982E-015
1443 7.0024E-015
1443 6.5669E-015
1444 7.0480E-015
1444 6.0973E-015
1445 6.8048E-015
1446 6.6906E-015
1446 6.0746E-015
1447 7.0443E-015
1447 6.8982E-015
1448 6.8301E-015
1448 6.7492E-015
1449 7.6868E-015
1450 6.3379E-015
1450 6.8288E-015
1451 6.4117E-015
1451 7.0049E-015
1452 7.5149E-015
1453 6.7482E-015
1453 6.5648E-015
1454 6.6157E-015
1454 6.8253E-015
1455 7.4895E-015
1455 6.4613E-015
1456 6.8097E-015
1457 7.0482E-015
1457 6.0538E-015
1458 6.4614E-015
1458 6.2673E-015
1459 5.9777E-015
1460 7.5987E-015
1460 7.2685E-015
1461 6.7819E-015
1461 7.2585E-015
1462 6.5703E-015
1462 7.0856E-015
1463 6.5723E-015
1464 6.7105E-015
1464 6.3181E-015
1465 6.4195E-015
1465 6.5343E-015
1466 7.3513E-015
1467 7.0962E-015
1467 6.2535E-015
1468 6.2693E-015
1468 7.1386E-015
1469 5.6523E-015
1469 7.3771E-015
1470 5.5191E-015
1471 6.4041E-015
1471 6.3519E-015
1472 5.8501E-015
1472 6.8990E-015
1473 6.7383E-015
1474 6.5972E-015
1474 5.8825E-015
1475 6.3435E-015
1475 6.0214E-015
1476 6.9364E-015
1476 6.3608E-015
1477 5.7514E-015
1478 6.9086E-015
1478 6.5061E-015
1479 6.5919E-015
1479 5.6954E-015
1480 6.3099E-015
1481 5.7757E-015
1481 5.6787E-015
1482 6.7503E-015
1482 6.4997E-015
1483 6.6013E-015
1483 6.9977E-015
1484 6.6053E-015
1485 6.4770E-015
1485 5.8001E-015
1486 6.5220E-015
1486 6.1932E-015
1487 7.0321E-015
1488 6.3789E-015
1488 5.9047E-015
1489 6.5207E-015
1489 6.2472E-015
1490 6.2547E-015
1490 6.3144E-015
1491 7.6840E-015
1492 6.3044E-015
1492 5.0779E-015
1493 5.9946E-015
1493 5.1828E-015
1494 7.4175E-015
1495 6.0796E-015
1495 6.3227E-015
1496 7.3671E-015
1496 6.6557E-015
1497 6.7182E-015
1497 7.2655E-015
1498 6.3818E-015
1499 5.5322E-015
1499 5.7662E-015
1500 5.9714E-015
1500 6.5004E-015
1501 6.2355E-015
1502 5.4994E-015
1502 5.5789E-015
1503 6.0722E-015
1503 5.8401E-015
1504 6.5932E-015
1504 5.8679E-015
1505 6.3022E-015
1506 6.0155E-015
1506 5.7397E-015
1507 5.6118E-015
1507 5.8749E-015
1508 6.0745E-015
1509 5.6082E-015
1509 5.8194E-015
1510 5.6525E-015
1510 6.0279E-015
1511 6.4726E-015
1511 5.2811E-015
1512 6.2200E-015
1513 5.7673E-015
1513 6.4537E-015
1514 6.4226E-015
1514 4.7816E-015
1515 5.0682E-015
1516 6.7949E-015
1516 6.2295E-015
1517 6.6340E-015
1517 6.1330E-015
1518 5.6683E-015
1518 5.1721E-015
1519 5.5927E-015
1520 6.0255E-015
1520 6.3189E-015
1521 6.0168E-015
1521 5.7823E-015
1522 5.5642E-015
1522 5.6295E-015
1523 5.7798E-015
1524 6.1722E-015
1524 5.6462E-015
1525 5.8416E-015
1525 6.0330E-015
1526 4.8849E-015
1527 4.3307E-015
1527 5.1185E-015
1528 5.6290E-015
1528 6.3673E-015
1529 7.0276E-015
1529 5.5262E-015
1530 6.4278E-015
1531 5.5934E-015
1531 5.2427E-015
1532 5.1544E-015
1532 6.4584E-015
1533 6.1320E-015
1534 4.5981E-015
1534 6.2426E-015
1535 5.5842E-015
1535 6.1118E-015
1536 5.5504E-015
1536 6.0584E-015
1537 6.1941E-015
1538 5.9918E-015
1538 5.8035E-015
1539 6.4052E-015
1539 7.5749E-015
1540 7.0368E-015
1541 5.2976E-015
1541 6.9206E-015
1542 6.7271E-015
1542 6.9780E-015
1543 6.9003E-015
1543 5.3774E-015
1544 5.9857E-015
1545 5.1533E-015
1545 6.9637E-015
1546 6.2060E-015
1546 6.2747E-015
1547 6.2360E-015
1548 5.7510E-015
1548 7.0205E-015
1549 6.1219E-015
1549 7.0695E-015
1550 5.5978E-015
1550 5.7851E-015
1551 5.0461E-015
1552 6.5466E-015
1552 5.6380E-015
1553 5.8304E-015
1553 6.2143E-015
1554 6.2511E-015
1555 7.5423E-015
1555 5.0673E-015
1556 6.0674E-015
1556 6.7414E-015
1557 6.6776E-015
1557 7.3221E-015
1558 6.1856E-015
1559 7.1300E-015
1559 6.3306E-015
1560 4.7620E-015
1560 7.1936E-015
1561 5.2139E-015
1562 5.5485E-015
1562 6.4676E-015
1563 6.7700E-015
1563 6.4064E-015
1564 6.2579E-015
1564 8.0068E-015
1565 6.5188E-015
1566 5.8487E-015
1566 6.6436E-015
1567 6.0306E-015
1567 6.8673E-015
1568 6.0143E-015
1569 5.4376E-015
1569 6.5796E-015
1570 6.1920E-015
1570 5.8671E-015
1571 5.9008E-015
1571 6.9636E-015
1572 5.8034E-015
1573 7.0723E-015
1573 5.8197E-015
1574 6.6841E-015
1574 6.8911E-015
1575 7.4821E-015
1576 7.6897E-015
1576 8.0641E-015
1577 5.8747E-015
1577 6.7383E-015
1578 5.9918E-015
1578 7.2593E-015
1579 8.2114E-015
1580 5.5317E-015
1580 6.2360E-015
1581 6.1509E-015
1581 6.9513E-015
1582 7.4325E-015
1583 9.0152E-015
1583 7.0746E-015
1584 5.5961E-015
1584 6.6047E-015
1585 7.0578E-015
1585 6.4285E-015
1586 7.3914E-015
1587 7.4880E-015
1587 6.1431E-015
1588 6.7877E-015
1588 6.2004E-015
1589 6.4734E-015
1590 6.7237E-015
1590 5.7073E-015
1591 7.6506E-015
1591 5.8092E-015
1592 6.5350E-015
1592 4.7543E-015
1593 6.4131E-015
1594 5.9613E-015
1594 5.3797E-015
1595 5.6404E-015
1595 7.3278E-015
1596 5.5916E-015
1596 5.6700E-015
1597 6.0643E-015
1598 6.8631E-015
1598 6.5067E-015
1599 6.7928E-015
1599 7.9372E-015
1600 7.6613E-015
1601 7.7756E-015
1601 8.3067E-015
1602 6.3815E-015
1602 6.4899E-015
1603 6.4279E-015
1603 6.3358E-015
1604 7.1510E-015
1605 6.8537E-015
1605 6.8275E-015
1606 6.8335E-015
1606 7.8473E-015
1607 7.9769E-015
1608 7.1802E-015
1608 4.4895E-015
1609 6.7490E-015
1609 6.7462E-015
1610 6.8206E-015
1610 7.8743E-015
1611 6.2548E-015
1612 6.5094E-015
1612 8.1567E-015
1613 7.1899E-015
1613 6.7478E-015
1614 5.8157E-015
1615 7.0531E-015
1615 8.4166E-015
1616 6.7471E-015
1616 7.5693E-015
1617 6.8216E-015
1617 9.5378E-015
1618 8.2670E-015
1619 7.0370E-015
1619 5.1645E-015
1620 8.2770E-015
1620 7.0846E-015
1621 6.4277E-015
1622 7.8063E-015
1622 7.4747E-015
1623 9.0692E-015
1623 7.8345E-015
1624 7.9784E-015
1624 9.3886E-015
1625 7.9868E-015
1626 6.0025E-015
1626 7.4772E-015
1627 8.6479E-015
1627 8.3110E-015
1628 8.4870E-015
1629 8.2496E-015
1629 7.7053E-015
1630 7.7337E-015
1630 6.9573E-015
1631 8.2725E-015
1631 8.1722E-015
1632 9.0999E-015
1633 9.0243E-015
1633 7.4105E-015
1634 7.0486E-015
1634 9.5119E-015
1635 9.0454E-015
1636 9.5078E-015
1636 6.7744E-015
1637 9.2177E-015
1637 9.6311E-015
1638 8.6373E-015
1638 1.0097E-014
1639 9.3292E-015
1640 1.0034E-014
1640 1.1861E-014
1641 1.0053E-014
1641 1.0590E-014
1642 1.0369E-014
1643 1.0235E-014
1643 1.0917E-014
1644 1.0060E-014
1644 1.1010E-014
1645 1.3677E-014
1645 1.1794E-014
1646 1.1702E-014
1647 1.4219E-014
1647 1.0321E-014
1648 1.2032E-014
1648 1.2365E-014
1649 1.1548E-014
1650 1.0743E-014
1650 1.3548E-014
1651 1.1124E-014
1651 1.0597E-014
1652 1.1704E-014
1652 1.1689E-014
1653 1.2438E-014
1654 1.1996E-014
1654 1.0146E-014
1655 9.8948E-015
1655 7.8599E-015
1656 8.6845E-015
1656 6.9075E-015
1657 6.8147E-015
1658 6.0200E-015
1658 6.5480E-015
1659 1.0446E-014
1659 1.1349E-014
1660 1.3153E-014
1661 1.4512E-014
1661 1.3076E-014
1662 1.2841E-014
1662 1.5202E-014
1663 1.7123E-014
1663 1.5424E-014
1664 1.1008E-014
1665 1.2595E-014
1665 1.5429E-014
1666 1.3446E-014
1666 1.2111E-014
1667 1.2780E-014
1668 1.5402E-014
1668 1.2209E-014
1669 1.3542E-014
1669 1.2147E-014
1670 8.1123E-015
1670 8.6472E-015
1671 6.8599E-015
1672 8.5636E-015
1672 1.0894E-014
1673 1.4157E-014
1673 1.1897E-014
1674 1.0301E-014
1675 1.1871E-014
1675 1.3061E-014
1676 1.4854E-014
1676 1.3710E-014
1677 1.4501E-014
1677 1.6936E-014
1679 1.5800E-014
1681 1.2611E-014
1682 1.3823E-014
1684 1.3509E-014
1685 1.6544E-014
1687 1.5604E-014
1688 1.4293E-014
1690 1.4452E-014
1691 1.4943E-014
1693 1.4718E-014
1694 1.6483E-014
1696 1.3180E-014
1698 1.5859E-014
1699 1.6163E-014
1701 1.6137E-014
1702 1.4556E-014
1704 1.7557E-014
1705 1.8125E-014
1707 1.6166E-014
1708 1.7692E-014
1710 1.7363E-014
1711 1.9651E-014
1713 1.7736E-014
1715 1.8304E-014
1716 2.0678E-014
1718 2.1168E-014
1719 2.2333E-014
1721 1.8860E-014
1722 1.7905E-014
1724 1.9308E-014
1725 1.9103E-014
1727 1.8498E-014
1728 2.0522E-014
1730 2.0175E-014
1732 2.0234E-014
1733 2.0447E-014
1735 2.1529E-014
1736 2.0935E-014
1738 2.0791E-014
1739 2.1886E-014
1741 2.0797E-014
1742 2.1064E-014
1744 2.1796E-014
1745 2.1695E-014
1747 2.1462E-014
1749 2.1317E-014
1750 2.1606E-014
1752 2.5031E-014
1753 2.3319E-014
1755 2.3644E-014
1756 2.4899E-014
1758 2.6986E-014
1759 2.4837E-014
1761 2.3052E-014
1762 2.4309E-014
1764 2.2349E-014
1766 2.0961E-014
1767 2.1429E-014
1769 2.3716E-014
1770 2.3722E-014
1772 2.2992E-014
1773 2.2996E-014
1775 2.3152E-014
1776 2.6393E-014
1778 2.5851E-014
1779 2.4303E-014
1781 2.7394E-014
1783 2.4561E-014
1784 2.5870E-014
1786 2.7190E-014
1787 2.4735E-014
1789 2.6033E-014
1790 2.6049E-014
1792 2.8194E-014
1793 2.9879E-014
1795 2.9636E-014
1796 2.7891E-014
1798 2.7073E-014
1799 2.6399E-014
1801 2.8856E-014
1803 2.8263E-014
1804 2.6531E-014
1806 2.6434E-014
1807 2.4267E-014
1809 2.3382E-014
1810 2.4578E-014
1812 2.6151E-014
1813 2.7554E-014
1815 2.5367E-014
1816 2.7386E-014
1818 2.5334E-014
1820 2.7082E-014
1821 2.4560E-014
1823 2.4850E-014
1824 2.5895E-014
1826 2.6071E-014
1827 2.5601E-014
1829 2.5518E-014
1830 2.5441E-014
1832 2.4032E-014
1833 2.5384E-014
1835 2.6411E-014
1837 2.4748E-014
1838 2.4404E-014
1840 2.4255E-014
1841 2.2860E-014
1843 2.2860E-014
1844 2.1970E-014
1846 2.1962E-014
1847 2.1985E-014
1849 2.2115E-014
1850 2.1511E-014
1852 2.2066E-014
1854 2.1246E-014
1855 2.2176E-014
1857 2.2710E-014
1858 2.3388E-014
1860 2.2477E-014
1861 2.1980E-014
1863 2.5117E-014
1864 2.3019E-014
1866 2.3575E-014
1867 2.4653E-014
1869 2.4945E-014
1871 2.5313E-014
1872 2.4967E-014
1874 2.5414E-014
1875 2.4780E-014
1877 2.5246E-014
1878 2.5041E-014
1880 2.5777E-014
1881 2.5220E-014
1883 2.6242E-014
1884 2.8007E-014
1886 2.8956E-014
1888 2.5595E-014
1889 2.6014E-014
1891 2.7370E-014
1892 2.6914E-014
1894 2.5735E-014
1895 2.6103E-014
1897 2.5423E-014
1898 2.3580E-014
1900 2.3166E-014
1901 2.2851E-014
1903 2.5128E-014
1905 2.7237E-014
1906 2.5299E-014
1908 2.4836E-014
1909 2.4380E-014
1911 2.4979E-014
1912 2.5482E-014
1914 2.6374E-014
1915 2.6302E-014
1917 2.6999E-014
1918 2.7021E-014
1920 2.7385E-014
1922 2.8535E-014
1923 2.5951E-014
1925 2.6789E-014
1926 2.5451E-014
1928 2.4264E-014
1929 2.3766E-014
1931 2.1608E-014
1932 2.0132E-014
1934 2.2646E-014
1935 2.4014E-014
1937 2.3113E-014
1939 2.4794E-014
1940 2.7960E-014
1942 2.8738E-014
1943 2.8518E-014
1945 2.8303E-014
1946 2.7302E-014
1948 2.7535E-014
1949 2.7868E-014
1951 2.8634E-014
1952 2.6118E-014
1954 2.5940E-014
1956 2.7642E-014
1957 2.6574E-014
1959 2.7791E-014
1960 2.6744E-014
1962 2.7793E-014
1963 2.6049E-014
1965 2.7312E-014
1966 2.7538E-014
1968 2.8041E-014
1969 2.7171E-014
1971 2.7549E-014
1973 2.7588E-014
1974 2.8248E-014
1976 2.7524E-014
1977 2.7113E-014
1979 2.7331E-014
1980 2.8044E-014
1982 2.7004E-014
1983 2.6381E-014
1985 2.7283E-014
1986 2.5596E-014
1988 2.6315E-014
1990 2.6189E-014
1991 2.6812E-014
1993 2.6283E-014
1994 2.5150E-014
1996 2.5023E-014
1997 2.5159E-014
1999 2.6734E-014
2000 2.5226E-014
2002 2.5812E-014
2003 2.5567E-014
2005 2.4958E-014
2007 2.5193E-014
2008 2.4899E-014
2010 2.6192E-014
2011 2.5172E-014
2013 2.4123E-014
2014 2.3483E-014
2016 2.5159E-014
2017 2.4524E-014
2019 2.5552E-014
2021 2.4877E-014
2022 2.3625E-014
2024 2.4077E-014
2025 2.5220E-014
2027 2.3986E-014
2028 2.4642E-014
2030 2.5934E-014
2031 2.7381E-014
2033 2.5321E-014
2034 2.3963E-014
2036 2.4312E-014
2038 2.5130E-014
2039 2.6025E-014
2041 2.5401E-014
2042 2.4451E-014
2044 2.5227E-014
2045 2.7489E-014
2047 2.6940E-014
2048 2.7620E-014
2050 2.6000E-014
2051 2.7330E-014
2053 2.6278E-014
2055 2.6269E-014
2056 2.2987E-014
2058 2.5093E-014
2059 2.6064E-014
2061 2.4937E-014
2062 2.4002E-014
2064 2.4917E-014
2065 2.3974E-014
2067 2.5562E-014
2068 2.4087E-014
2070 2.5357E-014
2072 2.6878E-014
2073 2.6204E-014
2075 2.6390E-014
2076 2.7585E-014
2078 2.7655E-014
2079 2.7206E-014
2081 2.6534E-014
2082 2.6394E-014
2084 2.6260E-014
2085 2.6157E-014
2087 2.6742E-014
2089 2.7254E-014
2090 2.6387E-014
2092 2.6582E-014
2093 2.5540E-014
2095 2.5570E-014
2096 2.6539E-014
2098 2.5857E-014
2099 2.6264E-014
2101 2.5231E-014
2102 2.5107E-014
2104 2.5121E-014
2106 2.6521E-014
2107 2.6318E-014
2109 2.4623E-014
2110 2.4900E-014
2112 2.4712E-014
2113 2.2687E-014
2115 2.4700E-014
2116 2.5819E-014
2118 2.7918E-014
2119 2.7115E-014
2121 2.7251E-014
2123 2.5960E-014
2124 2.4169E-014
2126 2.4030E-014
2127 2.4189E-014
2129 2.4176E-014
2130 2.1790E-014
2132 2.0682E-014
2133 2.0231E-014
2135 1.7941E-014
2136 2.0748E-014
2138 2.2797E-014
2140 2.3207E-014
2141 2.3663E-014
2143 2.4371E-014
2144 2.5539E-014
2146 2.4334E-014
2147 2.3783E-014
2149 2.3952E-014
2150 2.4056E-014
2152 2.4089E-014
2154 2.4721E-014
2155 2.4429E-014
2157 2.4538E-014
2158 2.4170E-014
2160 2.1993E-014
2161 2.3250E-014
2163 2.2941E-014
2164 2.3445E-014
2166 2.1553E-014
2167 2.1615E-014
2169 2.3026E-014
2171 2.2642E-014
2172 2.2901E-014
2174 2.2734E-014
2175 2.0951E-014
2177 2.2201E-014
2178 2.3294E-014
2180 2.3177E-014
2181 2.5166E-014
2183 2.6107E-014
2184 2.5104E-014
2186 2.3790E-014
2188 2.3779E-014
2189 2.2629E-014
2191 2.4105E-014
2192 2.4590E-014
2194 2.5080E-014
2195 2.5711E-014
2197 2.6185E-014
2198 2.6343E-014
2200 2.6071E-014
2201 2.6198E-014
2203 2.5719E-014
2205 2.5485E-014
2206 2.4796E-014
2208 2.3068E-014
2209 2.3040E-014
2211 2.0607E-014
2212 2.1546E-014
2214 2.3226E-014
2215 2.2501E-014
2217 2.3374E-014
2218 2.3084E-014
2220 2.3590E-014
2222 2.3954E-014
2223 2.3154E-014
2225 2.2821E-014
2226 2.3035E-014
2228 2.3419E-014
2229 2.4462E-014
2231 2.4267E-014
2232 2.4843E-014
2234 2.5626E-014
2236 2.5683E-014
2237 2.6339E-014
2239 2.4953E-014
2240 2.4842E-014
2242 2.3580E-014
2243 2.2695E-014
2245 2.2234E-014
2246 2.2292E-014
2248 2.2503E-014
2249 2.0199E-014
2251 2.1453E-014
2253 2.2252E-014
2254 2.1225E-014
2256 2.0342E-014
2257 2.0341E-014
2259 2.2393E-014
2260 2.0741E-014
2262 2.2390E-014
2263 2.3457E-014
2265 2.2737E-014
2266 2.1821E-014
2268 2.1486E-014
2270 2.2023E-014
2271 2.3283E-014
2273 2.4686E-014
2274 2.3714E-014
2276 2.3282E-014
2277 2.2561E-014
2279 2.3873E-014
2280 2.3046E-014
2282 2.5112E-014
2283 2.4874E-014
2285 2.3975E-014
2287 2.4724E-014
2288 2.4135E-014
2290 2.4650E-014
2291 2.4623E-014
2293 2.4350E-014
2294 2.2956E-014
2296 2.1977E-014
2297 2.1091E-014
2299 1.9720E-014
2301 2.1273E-014
2302 2.2030E-014
2304 2.2298E-014
2305 2.2247E-014
2307 2.3209E-014
2308 2.2986E-014
2310 2.2870E-014
2311 2.2076E-014
2313 2.1626E-014
2314 2.0707E-014
2316 2.1789E-014
2318 2.3309E-014
2319 2.2011E-014
2321 2.1454E-014
2322 2.2339E-014
2324 2.4735E-014
2325 2.2590E-014
2327 2.0510E-014
2328 2.0193E-014
2330 2.2684E-014
2331 2.1304E-014
2333 2.0498E-014
2335 1.9224E-014
2336 2.1504E-014
2338 1.9911E-014
2339 1.8961E-014
2341 1.8691E-014
2342 1.9943E-014
2344 1.6981E-014
2345 1.5799E-014
2347 1.7359E-014
2348 1.8204E-014
2350 2.0547E-014
2352 2.0792E-014
2353 2.1294E-014
2355 2.1540E-014
2356 2.0056E-014
2358 2.1008E-014
2359 2.0926E-014
2361 1.7595E-014
2362 1.9692E-014
2364 2.0174E-014
2366 1.9640E-014
2367 1.9316E-014
2369 2.0928E-014
2370 2.0949E-014
2372 2.1286E-014
2373 2.0695E-014
2375 1.8750E-014
2376 1.9768E-014
2378 2.1569E-014
2379 2.0244E-014
2381 1.7857E-014
2383 1.4647E-014
2384 1.5583E-014
2386 1.8895E-014
2387 2.0064E-014
2389 1.8300E-014
2390 1.7291E-014
2392 2.0304E-014
2393 2.0588E-014
2395 1.9697E-014
2396 1.7139E-014
2398 1.8520E-014
2400 1.9638E-014
2401 1.9132E-014
2403 2.0026E-014
2404 1.9219E-014
2406 1.6640E-014
2407 1.5939E-014
2409 1.7611E-014
2410 1.8183E-014
2412 1.6555E-014
2414 1.8545E-014
2415 1.9711E-014
2417 1.9548E-014
2418 2.0029E-014
2420 2.1070E-014
2421 2.2782E-014
2423 2.3271E-014
2424 2.1092E-014
2426 2.0726E-014
2427 2.1047E-014
2429 2.0270E-014
2431 1.9936E-014
2432 2.1528E-014
2434 1.9837E-014
2435 2.0006E-014
2437 2.0127E-014
2438 2.0008E-014
2440 2.0968E-014
2441 2.1265E-014
2443 2.2633E-014
2444 2.2572E-014
2446 2.0674E-014
2448 2.1400E-014
2449 2.1437E-014
2451 2.0569E-014
2452 2.0243E-014
2454 2.1149E-014
2455 2.1173E-014
2457 2.1477E-014
2458 2.1140E-014
2460 2.1556E-014
2462 2.1037E-014
2463 1.8962E-014
2465 1.9441E-014
2466 2.0167E-014
2468 1.9771E-014
2469 2.0523E-014
2471 2.0260E-014
2472 2.0379E-014
2474 1.9526E-014
2475 2.1255E-014
2477 2.0519E-014
2479 2.0699E-014
2480 1.9402E-014
2482 2.1310E-014
2483 1.9817E-014
2485 1.9442E-014
2486 2.0759E-014
2488 2.1602E-014
2489 2.0371E-014
2491 2.0065E-014
2492 1.8187E-014
2494 2.1297E-014
2496 2.2375E-014
2497 2.3069E-014
2499 2.3179E-014
2500 2.2489E-014
2502 2.2764E-014
2503 2.1147E-014
2505 2.2494E-014
2506 2.0756E-014
2508 1.9663E-014
2510 2.1695E-014
2511 2.1206E-014
2513 2.0122E-014
2514 1.9900E-014
2516 2.0020E-014
2517 2.0398E-014
2519 1.8819E-014
2520 1.8790E-014
2522 1.8319E-014
2523 1.7720E-014
2525 1.7909E-014
2527 1.6399E-014
2528 1.6518E-014
2530 1.5799E-014
2531 1.6802E-014
2533 1.8754E-014
2534 1.8603E-014
2536 1.7685E-014
2537 1.7376E-014
2539 1.7142E-014
2541 1.7550E-014
2542 1.7982E-014
2544 1.8123E-014
2545 1.8369E-014
2547 1.7589E-014
2548 1.6808E-014
2550 1.6428E-014
2551 1.7264E-014
2553 2.0391E-014
2554 2.2014E-014
2556 2.1028E-014
2558 2.1225E-014
2559 2.1639E-014
2561 2.1301E-014
2562 2.0875E-014
2564 1.9826E-014
2565 2.0725E-014
2567 2.2458E-014
2568 2.3106E-014
2570 2.2587E-014
2572 2.2712E-014
2573 2.1656E-014
2575 2.1997E-014
2576 2.1278E-014
2578 2.0509E-014
2579 2.2419E-014
2581 2.3222E-014
2582 2.2496E-014
2584 2.1448E-014
2585 2.1484E-014
2587 1.9508E-014
2589 2.1967E-014
2590 2.3215E-014
2592 2.2813E-014
2593 2.1474E-014
2595 2.2211E-014
2596 2.2962E-014
2598 2.1365E-014
2599 1.7264E-014
2601 1.8216E-014
2602 2.2139E-014
2604 2.3016E-014
2606 2.0167E-014
2607 1.7651E-014
2609 1.8770E-014
2610 1.9742E-014
2612 1.9009E-014
2613 1.8489E-014
2615 1.9313E-014
2616 2.2382E-014
2618 2.1658E-014
2620 2.1918E-014
2621 2.2231E-014
2623 2.3192E-014
2624 2.3047E-014
2626 2.2723E-014
2627 2.1094E-014
2629 2.1749E-014
2630 2.0085E-014
2632 1.8529E-014
2633 2.0133E-014
2635 2.3309E-014
2637 2.4557E-014
2638 2.4982E-014
2640 2.6105E-014
2641 2.5444E-014
2643 2.6257E-014
2644 2.6653E-014
2646 2.6821E-014
2647 2.6934E-014
2649 2.7919E-014
2651 2.6989E-014
2652 2.6743E-014
2654 2.6259E-014
2655 2.7411E-014
2657 2.7948E-014
2658 2.7383E-014
2660 2.5465E-014
2661 2.5329E-014
2663 2.4647E-014
2664 2.4659E-014
2666 2.3543E-014
2668 2.3284E-014
2669 2.4254E-014
2671 2.4393E-014
2672 2.4342E-014
2674 2.4008E-014
2675 2.4877E-014
2677 2.5399E-014
2678 2.5006E-014
2680 2.3319E-014
2682 2.3772E-014
2683 2.5833E-014
2685 2.4193E-014
2686 2.4299E-014
2688 2.4781E-014
2689 2.4156E-014
2691 2.2968E-014
2692 2.3444E-014
2694 2.3572E-014
2695 2.3765E-014
2697 2.4135E-014
2699 2.2809E-014
2700 2.3756E-014
2702 2.3931E-014
2703 2.4469E-014
2705 2.4265E-014
2706 2.4359E-014
2708 2.2800E-014
2709 2.2506E-014
2711 2.3306E-014
2713 2.3099E-014
2714 2.4195E-014
2716 2.3745E-014
2717 2.3315E-014
2719 2.3177E-014
2720 2.1476E-014
2722 2.3580E-014
2723 2.2877E-014
2725 2.3319E-014
2726 2.3612E-014
2728 2.3124E-014
2730 2.3631E-014
2731 2.5147E-014
2733 2.3772E-014
2734 2.5003E-014
2736 2.3880E-014
2737 2.3395E-014
2739 2.2923E-014
2740 2.1915E-014
2742 2.2754E-014
2744 2.0083E-014
2745 2.0729E-014
2747 2.1039E-014
2748 2.0882E-014
2750 1.9524E-014
2751 1.9268E-014
2753 2.0747E-014
2754 2.1230E-014
2756 2.0324E-014
2757 2.0871E-014
2759 2.2726E-014
2761 2.2786E-014
2762 2.2672E-014
2764 2.1884E-014
2765 2.3528E-014
2767 2.3164E-014
2768 2.2278E-014
2770 2.2585E-014
2771 2.3368E-014
2773 2.4569E-014
2775 2.5082E-014
2776 2.3655E-014
2778 2.2869E-014
2779 2.2627E-014
2781 2.1774E-014
2782 2.2103E-014
2784 2.3203E-014
2785 2.2811E-014
2787 2.2859E-014
2789 2.2093E-014
2790 2.0861E-014
2792 1.8797E-014
2793 1.6123E-014
2795 1.2563E-014
2796 9.4458E-015
2798 1.0011E-014
2799 1.2882E-014
2801 1.3763E-014
2802 1.1983E-014
2804 1.0925E-014
2806 1.5572E-014
2807 1.9607E-014
2809 2.1560E-014
2810 2.3467E-014
2812 2.3464E-014
2813 2.3867E-014
2815 2.4692E-014
2816 2.5894E-014
2818 2.4972E-014
2820 2.6064E-014
2821 2.6168E-014
2823 2.6811E-014
2824 2.6359E-014
2826 2.6094E-014
2827 2.5526E-014
2829 2.6030E-014
2830 2.5201E-014
2832 2.5555E-014
2833 2.4774E-014
2835 2.5217E-014
2837 2.4852E-014
2838 2.5679E-014
2840 2.3536E-014
2841 2.3666E-014
2843 2.3450E-014
2844 2.3451E-014
2846 2.4474E-014
2847 2.3724E-014
2849 2.2990E-014
2851 2.3238E-014
2852 2.1292E-014
2854 2.0598E-014
2855 2.3447E-014
2857 2.3067E-014
2858 2.3015E-014
2860 2.4441E-014
2861 2.4446E-014
2863 2.4718E-014
2864 2.4841E-014
2866 2.4311E-014
2868 2.4162E-014
2869 2.3450E-014
2871 2.3363E-014
2872 2.4105E-014
2874 2.4884E-014
2875 2.4587E-014
2877 2.3862E-014
2878 2.2970E-014
2880 2.3880E-014
2882 2.3985E-014
2883 2.4549E-014
2885 2.5052E-014
2886 2.5763E-014
2888 2.4995E-014
2889 2.4730E-014
2891 2.4403E-014
2892 2.3654E-014
2894 2.3484E-014
2896 2.4143E-014
2897 2.5309E-014
2899 2.6294E-014
2900 2.6925E-014
2902 2.6714E-014
2903 2.6450E-014
2905 2.8229E-014
2906 2.7409E-014
2908 2.6225E-014
2909 2.6548E-014
2911 2.6291E-014
2913 2.5935E-014
2914 2.6615E-014
2916 2.7814E-014
2917 2.6484E-014
2919 2.7426E-014
2920 2.6773E-014
2922 2.6499E-014
2923 2.5635E-014
2925 2.5078E-014
2927 2.6189E-014
2928 2.5000E-014
2930 2.5449E-014
2931 2.5656E-014
2933 2.6498E-014
2934 2.6240E-014
2936 2.5008E-014
2937 2.5099E-014
2939 2.5475E-014
2941 2.5604E-014
2942 2.6175E-014
2944 2.5434E-014
2945 2.6948E-014
2947 2.5247E-014
2948 2.3848E-014
2950 2.4932E-014
2951 2.5417E-014
2953 2.5879E-014
2954 2.6249E-014
2956 2.7113E-014
2958 2.7764E-014
2959 2.7168E-014
2961 2.6508E-014
2962 2.6475E-014
2964 2.5897E-014
2965 2.4785E-014
2967 2.6681E-014
2968 2.7407E-014
2970 2.6100E-014
2972 2.5245E-014
2973 2.5871E-014
2975 2.6768E-014
2976 2.5353E-014
2978 2.6975E-014
2979 2.5770E-014
2981 2.7144E-014
2982 2.6081E-014
2984 2.5727E-014
2986 2.5102E-014
2987 2.5271E-014
2989 2.6776E-014
2990 2.6504E-014
2992 2.8629E-014
2993 2.7974E-014
2995 2.6870E-014
2996 2.7537E-014
2998 2.9547E-014
2999 2.6979E-014
3001 2.6088E-014
3003 2.4867E-014
3004 2.5969E-014
3006 2.7517E-014
3007 2.8119E-014
3009 2.8130E-014
3010 2.6740E-014
3012 2.8783E-014
3013 2.8190E-014
3015 2.7989E-014
3017 2.6352E-014
3018 2.5861E-014
3020 2.7334E-014
3021 2.6887E-014
3023 2.8470E-014
3024 2.7800E-014
3026 2.6823E-014
3027 2.6973E-014
3029 2.9287E-014
3031 2.7216E-014
3032 2.6566E-014
3034 2.7001E-014
3035 2.7742E-014
3037 2.8133E-014
3038 2.7899E-014
3040 2.7224E-014
3041 2.6812E-014
3043 2.6825E-014
3044 2.6791E-014
3046 2.8289E-014
3048 2.6137E-014
3049 2.7300E-014
3051 2.6813E-014
3052 2.8818E-014
3054 2.7910E-014
3055 2.7475E-014
3057 2.6109E-014
3058 2.6216E-014
3060 2.6345E-014
3062 2.7692E-014
3063 2.7206E-014
3065 2.6787E-014
3067 2.6328E-014
3069 2.6583E-014
3072 2.6860E-014
3075 2.6522E-014
3078 2.6904E-014
3080 2.7195E-014
3083 2.7845E-014
3086 2.7676E-014
3089 2.6776E-014
3091 2.6355E-014
3094 2.6732E-014
3097 2.6629E-014
3100 2.6518E-014
3102 2.5606E-014
3105 2.6561E-014
3108 2.6861E-014
3111 2.7397E-014
3113 2.7641E-014
3116 2.6852E-014
3119 2.5928E-014
3122 2.5638E-014
3124 2.6117E-014
3127 2.6361E-014
3130 2.5907E-014
3133 2.6529E-014
3135 2.7285E-014
3138 2.7842E-014
3141 2.7654E-014
3144 2.7017E-014
3146 2.6636E-014
3149 2.7373E-014
3152 2.7462E-014
3155 2.6962E-014
3157 2.6371E-014
3160 2.5321E-014
3163 2.6236E-014
3166 2.7068E-014
3168 2.7115E-014
3171 2.7668E-014
3174 2.8045E-014
3177 2.6660E-014
3179 2.5391E-014
3182 2.5701E-014
3185 2.6354E-014
3188 2.6463E-014
3190 2.6163E-014
3193 2.5991E-014
3196 2.6543E-014
3198 2.7580E-014
3201 2.7641E-014
3204 2.7691E-014
3207 2.7246E-014
3209 2.5998E-014
3212 2.5797E-014
3215 2.5851E-014
3218 2.6039E-014
3220 2.6559E-014
3223 2.6127E-014
3226 2.5688E-014
3229 2.4887E-014
3231 2.5063E-014
3234 2.4662E-014
3237 2.5321E-014
3240 2.5950E-014
3242 2.6428E-014
3245 2.6885E-014
3248 2.6158E-014
3251 2.6226E-014
3253 2.6184E-014
3256 2.7213E-014
3259 2.7010E-014
3262 2.7276E-014
3264 2.7691E-014
3267 2.7183E-014
3270 2.6659E-014
3273 2.6706E-014
3275 2.6589E-014
3278 2.5874E-014
3281 2.6352E-014
3284 2.7189E-014
3286 2.6913E-014
3289 2.6879E-014
3292 2.8141E-014
3295 2.8019E-014
3297 2.8238E-014
3300 2.8289E-014
3303 2.7595E-014
3306 2.7307E-014
3308 2.6891E-014
3311 2.7091E-014
3314 2.7644E-014
3317 2.7966E-014
3319 2.7720E-014
3322 2.6668E-014
3325 2.6846E-014
3328 2.6699E-014
3330 2.6916E-014
3333 2.7394E-014
3336 2.6729E-014
3339 2.6419E-014
3341 2.6229E-014
3344 2.6455E-014
3347 2.6392E-014
3350 2.5737E-014
3352 2.7023E-014
3355 2.7628E-014
3358 2.6948E-014
3361 2.6474E-014
3363 2.7022E-014
3366 2.7234E-014
3369 2.6314E-014
3372 2.6117E-014
3374 2.6612E-014
3377 2.6915E-014
3380 2.6168E-014
3383 2.5742E-014
3385 2.6771E-014
3388 2.7019E-014
3391 2.6811E-014
3394 2.6888E-014
3396 2.7281E-014
3399 2.7420E-014
3402 2.7043E-014
3405 2.6616E-014
3407 2.7105E-014
3410 2.7029E-014
3413 2.7221E-014
3416 2.6940E-014
3418 2.7120E-014
3421 2.6894E-014
3424 2.6630E-014
3427 2.7255E-014
3429 2.8075E-014
3432 2.7857E-014
3435 2.7446E-014
3438 2.7059E-014
3440 2.6022E-014
3443 2.5715E-014
3446 2.6170E-014
3449 2.7331E-014
3451 2.7338E-014
3454 2.6661E-014
3457 2.6722E-014
3460 2.6177E-014
3462 2.6426E-014
3465 2.6913E-014
3468 2.7177E-014
3471 2.7441E-014
3473 2.6298E-014
3476 2.6142E-014
3479 2.6597E-014
3482 2.7126E-014
3484 2.6842E-014
3487 2.6967E-014
3490 2.6501E-014
3492 2.6065E-014
3495 2.6019E-014
3498 2.5797E-014
3501 2.6536E-014
3503 2.7110E-014
3506 2.6631E-014
3509 2.7054E-014
3512 2.6556E-014
3514 2.6536E-014
3517 2.6876E-014
3520 2.7017E-014
3523 2.6615E-014
3525 2.6343E-014
3528 2.6312E-014
3531 2.7147E-014
3534 2.7228E-014
3536 2.7243E-014
3539 2.7283E-014
3542 2.7241E-014
3545 2.7406E-014
3547 2.7421E-014
3550 2.7860E-014
3553 2.7450E-014
3556 2.7116E-014
3558 2.7047E-014
3561 2.7255E-014
3564 2.7083E-014
3567 2.6174E-014
3569 2.6006E-014
3572 2.5896E-014
3575 2.6076E-014
3578 2.6330E-014
3580 2.6575E-014
3583 2.6134E-014
3586 2.5940E-014
3589 2.5816E-014
3591 2.6289E-014
3594 2.6470E-014
3597 2.6816E-014
3600 2.7125E-014
3602 2.6806E-014
3605 2.6911E-014
3608 2.6505E-014
3611 2.6365E-014
3613 2.6148E-014
3616 2.6045E-014
3619 2.6174E-014
3622 2.6321E-014
3624 2.6930E-014
3627 2.6868E-014
3630 2.6692E-014
3633 2.6167E-014
3635 2.6938E-014
3638 2.7137E-014
3641 2.6693E-014
3644 2.6126E-014
3646 2.6589E-014
3649 2.6676E-014
3652 2.6349E-014
3655 2.7293E-014
3657 2.7270E-014
3660 2.7049E-014
3663 2.7266E-014
3666 2.7444E-014
3668 2.6907E-014
3671 2.7423E-014
3674 2.7423E-014
3677 2.6983E-014
3679 2.6660E-014
3682 2.6545E-014
3685 2.6126E-014
3688 2.6384E-014
3690 2.6625E-014
3693 2.7460E-014
3696 2.7610E-014
3699 2.7896E-014
3701 2.8166E-014
3704 2.6621E-014
3707 2.6834E-014
3710 2.7495E-014
3712 2.6593E-014
3715 2.8987E-014
3718 3.0518E-014
3721 2.8315E-014
3723 2.7059E-014
3726 3.1394E-014
3729 3.3253E-014
3732 3.1277E-014
3734 2.6461E-014
3737 2.8530E-014
3740 3.4242E-014
3743 3.7120E-014
3745 3.4675E-014
3748 2.9203E-014
3751 2.5990E-014
3754 3.0995E-014
3756 3.6668E-014
3759 3.8320E-014
3762 3.9998E-014
3765 3.9142E-014
3767 3.3925E-014
3770 2.7888E-014
3773 2.8742E-014
3776 3.6091E-014
3778 4.2770E-014
3781 4.8044E-014
3784 4.9962E-014
3787 4.9076E-014
3789 4.5990E-014
3792 4.1744E-014
3795 3.4869E-014
3798 2.8135E-014
3800 2.9196E-014
3803 3.7209E-014
3806 4.4098E-014
3809 4.9714E-014
3811 5.3078E-014
3814 5.3669E-014
3817 5.4436E-014
3820 5.4722E-014
3822 5.2375E-014
3825 4.8602E-014
3828 4.4158E-014
3831 3.8406E-014
3833 3.1017E-014
3836 2.6513E-014
3839 3.0523E-014
3842 3.7992E-014
3844 4.5613E-014
3847 5.0990E-014
3850 5.4430E-014
3853 5.7914E-014
3855 5.9439E-014
3858 5.9550E-014
3861 6.0823E-014
3864 6.2164E-014
3866 6.2681E-014
3869 6.2628E-014
3872 6.0367E-014
3875 5.6714E-014
3877 5.3743E-014
3880 4.8879E-014
3883 4.3838E-014
3886 3.6624E-014
3888 2.9130E-014
3891 2.8376E-014
3894 3.4980E-014
3897 4.1504E-014
3899 4.6934E-014
3902 5.0929E-014
3905 5.4439E-014
3908 5.8074E-014
3910 6.1891E-014
3913 6.4030E-014
3916 6.5052E-014
3919 6.4816E-014
3921 6.5308E-014
3924 6.6270E-014
3927 6.5432E-014
3930 6.0481E-014
3932 5.0067E-014
3935 4.4412E-014
3938 5.5102E-014
3941 6.2350E-014
3943 6.4168E-014
3946 6.2742E-014
3949 6.1580E-014
3952 6.0025E-014
3954 5.7649E-014
3957 5.4461E-014
3960 5.0686E-014
3963 4.5109E-014
3965 3.7901E-014
3968 2.9057E-014
3971 2.4847E-014
3974 3.0886E-014
3976 3.8478E-014
3979 4.4546E-014
3982 4.9700E-014
3985 5.3933E-014
3987 5.7358E-014
3990 6.0623E-014
3993 6.2998E-014
3995 6.4512E-014
3998 6.5379E-014
4001 6.6371E-014
4004 6.7016E-014
4006 6.6758E-014
4009 6.8123E-014
4012 6.8552E-014
4015 6.9821E-014
4017 7.0933E-014
4020 7.1360E-014
4023 7.0684E-014
4026 7.0244E-014
4028 6.9692E-014
4031 6.8710E-014
4034 6.8728E-014
4037 7.0049E-014
4039 7.1168E-014
4042 7.0825E-014
4045 6.9322E-014
4048 6.9471E-014
4050 6.9812E-014
4053 6.9337E-014
4056 6.8451E-014
4059 6.7689E-014
4061 6.6597E-014
4064 6.5867E-014
4067 6.5879E-014
4070 6.5205E-014
4072 6.3373E-014
4075 6.3061E-014
4078 6.0391E-014
4081 5.9876E-014
4083 5.8599E-014
4086 5.6104E-014
4089 5.3576E-014
4092 4.9824E-014
4094 4.5313E-014
4097 3.8953E-014
4100 3.1956E-014
4103 2.7349E-014
4105 3.1432E-014
4108 3.8148E-014
4111 4.4210E-014
4114 4.8791E-014
4116 5.2804E-014
4119 5.5138E-014
4122 5.7250E-014
4125 5.9197E-014
4127 6.0701E-014
4130 6.0981E-014
4133 6.2058E-014
4136 6.4050E-014
4138 6.5297E-014
4141 6.5699E-014
4144 6.5908E-014
4147 6.6195E-014
4149 6.6953E-014
4152 6.6384E-014
4155 6.5603E-014
4158 6.6084E-014
4160 6.7108E-014
4163 6.6741E-014
4166 6.6426E-014
4169 6.6057E-014
4171 6.5406E-014
4174 6.4851E-014
4177 6.5145E-014
4180 6.4773E-014
4182 6.5744E-014
4185 6.5710E-014
4188 6.5468E-014
4191 6.5743E-014
4193 6.6427E-014
4196 6.6659E-014
4199 6.5015E-014
4202 6.4674E-014
4204 6.5390E-014
4207 6.6594E-014
4210 6.7219E-014
4213 6.7213E-014
4215 6.5907E-014
4218 6.5295E-014
4221 6.5530E-014
4224 6.5096E-014
4226 6.3376E-014
4229 6.4085E-014
4232 6.5236E-014
4235 6.3889E-014
4237 6.4044E-014
4240 6.4672E-014
4243 6.5128E-014
4246 6.4949E-014
4248 6.3690E-014
4251 6.3152E-014
4254 6.3780E-014
4257 6.4389E-014
4259 6.4231E-014
4262 6.3830E-014
4265 6.4650E-014
4268 6.4660E-014
4270 6.3045E-014
4273 6.1816E-014
4276 6.2400E-014
4279 6.3246E-014
4281 6.3090E-014
4284 6.2073E-014
4287 6.1810E-014
4290 6.0422E-014
4292 5.9894E-014
4295 5.9549E-014
4298 5.9246E-014
4301 5.7002E-014
4303 5.6306E-014
4306 5.6738E-014
4309 5.6416E-014
4312 5.6523E-014
4314 5.4425E-014
4317 5.3280E-014
4320 5.3121E-014
4323 5.1394E-014
4325 4.8802E-014
4328 4.6821E-014
4331 4.4344E-014
4334 4.0552E-014
4336 3.4942E-014
4339 2.9361E-014
4342 2.6347E-014
4345 2.9738E-014
4347 3.5949E-014
4350 4.0232E-014
4353 4.3385E-014
4356 4.6914E-014
4358 5.0113E-014
4361 5.2274E-014
4364 5.3914E-014
4367 5.5167E-014
4369 5.5599E-014
4372 5.5780E-014
4375 5.6369E-014
4378 5.7022E-014
4380 5.8123E-014
4383 5.7873E-014
4386 5.6418E-014
4389 5.7862E-014
4391 5.8549E-014
4394 5.8701E-014
4397 5.7927E-014
4399 5.8684E-014
4402 5.8398E-014
4405 5.8634E-014
4408 5.9432E-014
4410 5.9659E-014
4413 5.9578E-014
4416 5.7994E-014
4419 5.8075E-014
4421 5.9090E-014
4424 5.9791E-014
4427 5.9716E-014
4430 5.9978E-014
4432 5.9992E-014
4435 5.9383E-014
4438 5.9629E-014
4441 5.9632E-014
4443 5.8280E-014
4446 5.8196E-014
4449 5.8650E-014
4452 5.8801E-014
4454 5.8744E-014
4457 5.8489E-014
4460 5.8431E-014
4463 5.8860E-014
4465 5.8422E-014
4468 5.7638E-014
4471 5.7745E-014
4474 5.8970E-014
4476 5.8772E-014
4479 5.7491E-014
4482 5.5256E-014
4485 5.6653E-014
4487 5.7845E-014
4490 5.7857E-014
4493 5.7871E-014
4496 5.8175E-014
4498 5.8260E-014
4501 5.8288E-014
4504 5.7932E-014
4507 5.8067E-014
4509 5.8226E-014
4512 5.8220E-014
4515 5.7561E-014
4518 5.7469E-014
4520 5.7638E-014
4523 5.7183E-014
4526 5.6941E-014
4529 5.6863E-014
4531 5.6764E-014
4534 5.6286E-014
4537 5.6361E-014
4540 5.7012E-014
4542 5.7080E-014
4545 5.6920E-014
4548 5.6078E-014
4551 5.4567E-014
4553 5.5166E-014
4556 5.4923E-014
4559 5.5333E-014
4562 5.6099E-014
4564 5.5869E-014
4567 5.6321E-014
4570 5.6373E-014
4573 5.5929E-014
4575 5.5932E-014
4578 5.5961E-014
4581 5.5910E-014
4584 5.4979E-014
4586 5.4978E-014
4589 5.5123E-014
4592 5.5338E-014
4595 5.5925E-014
4597 5.6100E-014
4600 5.6009E-014
4603 5.5925E-014
4606 5.6259E-014
4608 5.5937E-014
4611 5.5897E-014
4614 5.5775E-014
4617 5.5763E-014
4619 5.4990E-014
4622 5.5323E-014
4625 5.5960E-014
4627 5.5546E-014
4630 5.5006E-014
4633 5.4905E-014
4636 5.4961E-014
4638 5.4817E-014
4641 5.4928E-014
4644 5.4796E-014
4647 5.5043E-014
4649 5.4245E-014
4652 5.4465E-014
4655 5.4151E-014
4658 5.4278E-014
4660 5.4965E-014
4663 5.4402E-014
4666 5.3415E-014
4669 5.3265E-014
4671 5.3817E-014
4674 5.4128E-014
4677 5.4268E-014
4680 5.3816E-014
4682 5.3941E-014
4685 5.4297E-014
4688 5.4114E-014
4691 5.3788E-014
4693 5.3651E-014
4696 5.3846E-014
4699 5.3342E-014
4702 5.2562E-014
4704 5.2571E-014
4707 5.2882E-014
4710 5.2842E-014
4713 5.2758E-014
4715 5.2909E-014
4718 5.2988E-014
4721 5.2888E-014
4724 5.2755E-014
4726 5.3106E-014
4729 5.2333E-014
4732 5.2034E-014
4735 5.1959E-014
4737 5.2102E-014
4740 5.2133E-014
4743 5.2222E-014
4746 5.1999E-014
4748 5.1966E-014
4751 5.2016E-014
4754 5.2337E-014
4757 5.2037E-014
4759 5.1459E-014
4762 5.1281E-014
4765 5.0904E-014
4768 5.0852E-014
4770 5.0758E-014
4773 5.0581E-014
4776 5.0621E-014
4779 5.0584E-014
4781 5.0699E-014
4784 5.0570E-014
4787 5.0414E-014
4789 5.0290E-014
4792 5.0378E-014
4795 5.0414E-014
4798 5.0278E-014
4800 4.9617E-014
4803 4.9307E-014
4806 4.8830E-014
4809 4.8743E-014
4811 4.8648E-014
4814 4.8582E-014
4817 4.8467E-014
4820 4.8018E-014
4822 4.7544E-014
4825 4.6967E-014
4828 4.6732E-014
4831 4.6409E-014
4833 4.5449E-014
4836 4.4617E-014
4839 4.3636E-014
4842 4.2772E-014
4844 4.1535E-014
4847 3.9687E-014
4850 3.7742E-014
4853 3.5307E-014
4855 3.2023E-014
4858 2.7993E-014
4861 2.4092E-014
4864 2.3445E-014
4866 2.6972E-014
4869 3.0961E-014
4872 3.3839E-014
4875 3.6297E-014
4877 3.8344E-014
4880 4.0130E-014
4883 4.1522E-014
4886 4.2703E-014
4888 4.3160E-014
4891 4.3399E-014
4894 4.4004E-014
4897 4.4857E-014
4899 4.5397E-014
4902 4.5720E-014
4905 4.5641E-014
4908 4.5974E-014
4910 4.6128E-014
4913 4.6555E-014
4916 4.6498E-014
4918 4.5907E-014
4921 4.5406E-014
4924 4.4982E-014
4927 4.5868E-014
4929 4.6718E-014
4932 4.6801E-014
4935 4.6362E-014
4938 4.6298E-014
4940 4.6781E-014
4943 4.6987E-014
4946 4.7089E-014
4949 4.7187E-014
4951 4.7107E-014
4954 4.6806E-014
4957 4.5867E-014
4960 4.5687E-014
4962 4.6408E-014
4965 4.6905E-014
4968 4.6578E-014
4971 4.6607E-014
4973 4.6911E-014
4976 4.6811E-014
4979 4.6823E-014
4982 4.6014E-014
4984 4.5730E-014
4987 4.5951E-014
4990 4.6030E-014
4993 4.6253E-014
4995 4.6176E-014
4998 4.6338E-014
5001 4.6363E-014
5004 4.5465E-014
5006 4.5244E-014
5009 4.5085E-014
5012 4.5470E-014
5015 4.5386E-014
5017 4.4998E-014
5020 4.4470E-014
5023 4.4922E-014
5025 4.5536E-014
5028 4.5945E-014
5031 4.5698E-014
5034 4.5503E-014
5036 4.5345E-014
5039 4.5248E-014
5042 4.4883E-014
5045 4.4930E-014
5047 4.5109E-014
5050 4.5085E-014
5053 4.4747E-014
5056 4.5066E-014
5058 4.5354E-014
5061 4.5526E-014
5064 4.5184E-014
5067 4.5027E-014
5069 4.5007E-014
5072 4.4899E-014
5075 4.4479E-014
5078 4.4374E-014
5080 4.4171E-014
5083 4.4385E-014
5086 4.4716E-014
5089 4.4702E-014
5091 4.4834E-014
5094 4.4471E-014
5097 4.4316E-014
5100 4.4020E-014
5102 4.4461E-014
5105 4.4514E-014
5108 4.4360E-014
5111 4.4118E-014
5113 4.4093E-014
5116 4.4190E-014
5119 4.4237E-014
5121 4.4335E-014
5124 4.3973E-014
5127 4.3605E-014
5130 4.3564E-014
5132 4.3576E-014
5135 4.3454E-014
5138 4.3162E-014
5141 4.2850E-014
5143 4.2984E-014
5146 4.2965E-014
5149 4.2934E-014
5152 4.3037E-014
5154 4.3100E-014
5157 4.3174E-014
5160 4.3009E-014
5163 4.2918E-014
5165 4.2021E-014
5168 4.0478E-014
5171 4.0098E-014
5174 4.0472E-014
5176 4.1769E-014
5179 4.2281E-014
5182 4.2115E-014
5185 4.0814E-014
5187 4.1143E-014
5190 4.1405E-014
5193 4.1652E-014
5195 4.1731E-014
5198 4.1795E-014
5201 4.1913E-014
5204 4.2105E-014
5206 4.1464E-014
5209 4.1403E-014
5212 4.1722E-014
5215 4.2077E-014
5217 4.1934E-014
5220 4.1810E-014
5223 4.1734E-014
5226 4.1132E-014
5228 4.0401E-014
5231 4.0691E-014
5234 4.0694E-014
5237 4.0629E-014
5239 4.1090E-014
5242 4.1522E-014
5245 4.1711E-014
5248 4.1670E-014
5250 4.1399E-014
5253 4.1393E-014
5256 4.1214E-014
5259 4.1287E-014
5261 4.1079E-014
5264 4.0464E-014
5267 3.9808E-014
5269 3.9249E-014
5272 3.9691E-014
5275 3.9912E-014
5278 4.0073E-014
5280 4.0414E-014
5283 4.0254E-014
5286 4.0683E-014
5289 4.0672E-014
5291 4.0938E-014
5294 4.0710E-014
5297 4.0824E-014
5300 4.0225E-014
5302 4.0635E-014
5305 4.0394E-014
5308 4.0630E-014
5311 4.0425E-014
5313 4.0355E-014
5316 3.9699E-014
5319 3.9331E-014
5322 3.9946E-014
5324 3.9742E-014
5327 3.8989E-014
5330 3.9025E-014
5333 3.9717E-014
5335 3.9802E-014
5338 3.9713E-014
5341 3.9582E-014
5343 3.9680E-014
5346 3.9808E-014
5349 3.9829E-014
5352 3.9791E-014
5354 4.0246E-014
5357 3.9811E-014
5360 3.9691E-014
5363 3.9205E-014
5365 3.8612E-014
5368 3.8745E-014
5371 3.8621E-014
5374 3.8870E-014
5376 3.9315E-014
5379 3.9032E-014
5382 3.8644E-014
5385 3.8628E-014
5387 3.9107E-014
5390 3.8998E-014
5393 3.8780E-014
5396 3.8282E-014
5398 3.8100E-014
5401 3.8130E-014
5404 3.7942E-014
5406 3.7862E-014
5409 3.8341E-014
5412 3.8183E-014
5415 3.8120E-014
5417 3.8176E-014
5420 3.8401E-014
5423 3.8192E-014
5426 3.8008E-014
5428 3.8231E-014
5431 3.8036E-014
5434 3.8236E-014
5437 3.8395E-014
5439 3.8424E-014
5442 3.8412E-014
5445 3.7900E-014
5448 3.7937E-014
5451 3.7760E-014
5456 3.7588E-014
5461 3.7539E-014
5465 3.7696E-014
5470 3.7611E-014
5475 3.7649E-014
5480 3.7837E-014
5485 3.7797E-014
5490 3.7586E-014
5495 3.7780E-014
5500 3.7733E-014
5504 3.7460E-014
5509 3.7531E-014
5514 3.7084E-014
5519 3.7338E-014
5524 3.7073E-014
5529 3.7117E-014
5534 3.6682E-014
5539 3.6464E-014
5543 3.6510E-014
5548 3.6566E-014
5553 3.6680E-014
5558 3.6295E-014
5563 3.6215E-014
5568 3.6062E-014
5573 3.6119E-014
5577 3.6162E-014
5582 3.6036E-014
5587 3.5692E-014
5592 3.5586E-014
5597 3.5587E-014
5602 3.5651E-014
5607 3.5873E-014
5612 3.5836E-014
5616 3.5665E-014
5621 3.5555E-014
5626 3.5329E-014
5631 3.5292E-014
5636 3.5466E-014
5641 3.4904E-014
5646 3.5165E-014
5651 3.4908E-014
5655 3.4926E-014
5660 3.4830E-014
5665 3.4898E-014
5670 3.4959E-014
5675 3.4697E-014
5680 3.4710E-014
5685 3.4561E-014
5690 3.4461E-014
5694 3.4257E-014
5699 3.4280E-014
5704 3.4170E-014
5709 3.4101E-014
5714 3.3824E-014
5719 3.3880E-014
5724 3.4225E-014
5729 3.4134E-014
5733 3.4006E-014
5738 3.3959E-014
5743 3.3797E-014
5748 3.3627E-014
5753 3.3637E-014
5758 3.3398E-014
5763 3.3311E-014
5768 3.3093E-014
5772 3.3400E-014
5777 3.3301E-014
5782 3.3433E-014
5787 3.3068E-014
5792 3.3081E-014
5797 3.2961E-014
5802 3.2953E-014
5807 3.2781E-014
5811 3.2759E-014
5816 3.2574E-014
5821 3.2666E-014
5826 3.2669E-014
5831 3.2674E-014
5836 3.2745E-014
5841 3.2487E-014
5846 3.2501E-014
5850 3.2195E-014
5855 3.2314E-014
5860 3.2155E-014
5865 3.2289E-014
5870 3.1957E-014
5875 3.1966E-014
5880 3.2079E-014
5885 3.1621E-014
5889 3.1319E-014
5894 3.0788E-014
5899 3.0901E-014
5904 3.1223E-014
5909 3.1286E-014
5914 3.1409E-014
5919 3.1430E-014
5924 3.1270E-014
5928 3.1294E-014
5933 3.1218E-014
5938 3.1259E-014
5943 3.1146E-014
5948 3.0835E-014
5953 3.0925E-014
5958 3.1032E-014
5963 3.0848E-014
5967 3.0686E-014
5972 3.0660E-014
5977 3.0621E-014
5982 3.0359E-014
5987 3.0413E-014
5992 3.0383E-014
5997 3.0460E-014
6002 3.0154E-014
6006 2.9963E-014
6011 2.9800E-014
6016 3.0136E-014
6021 3.0221E-014
6026 3.0075E-014
6031 3.0047E-014
6036 2.9769E-014
6041 2.9827E-014
6045 2.9791E-014
6050 2.9776E-014
6055 2.9495E-014
6060 2.9380E-014
6065 2.9603E-014
6070 2.9528E-014
6075 2.9672E-014
6080 2.9477E-014
6084 2.9345E-014
6089 2.9558E-014
6094 2.9367E-014
6099 2.9154E-014
6104 2.9103E-014
6109 2.8956E-014
6114 2.9037E-014
6119 2.8671E-014
6123 2.8674E-014
6128 2.8796E-014
6133 2.8819E-014
6138 2.8808E-014
6143 2.8656E-014
6148 2.8280E-014
6153 2.8325E-014
6158 2.8131E-014
6163 2.8137E-014
6167 2.8059E-014
6172 2.8149E-014
6177 2.8411E-014
6182 2.8170E-014
6187 2.8105E-014
6192 2.8123E-014
6197 2.8303E-014
6202 2.8219E-014
6206 2.8139E-014
6211 2.8148E-014
6216 2.7936E-014
6221 2.7794E-014
6226 2.7614E-014
6231 2.7433E-014
6236 2.7422E-014
6241 2.7410E-014
6245 2.7222E-014
6250 2.7195E-014
6255 2.7335E-014
6260 2.7186E-014
6265 2.7236E-014
6270 2.7190E-014
6275 2.7132E-014
6280 2.7251E-014
6284 2.7006E-014
6289 2.6975E-014
6294 2.7057E-014
6299 2.7191E-014
6304 2.7222E-014
6309 2.6900E-014
6314 2.6864E-014
6319 2.6518E-014
6324 2.6388E-014
6328 2.6153E-014
6333 2.6125E-014
6338 2.6274E-014
6343 2.6118E-014
6348 2.6127E-014
6353 2.6247E-014
6358 2.6397E-014
6363 2.6290E-014
6367 2.6209E-014
6372 2.5857E-014
6377 2.6008E-014
6382 2.6165E-014
6387 2.6061E-014
6392 2.5914E-014
6397 2.5812E-014
6402 2.5724E-014
6406 2.5614E-014
6411 2.5404E-014
6416 2.5301E-014
6421 2.5505E-014
6426 2.5516E-014
6431 2.5475E-014
6436 2.5104E-014
6441 2.5107E-014
6446 2.5067E-014
6450 2.5084E-014
6455 2.4907E-014
6460 2.4765E-014
6465 2.4683E-014
6470 2.4854E-014
6475 2.4837E-014
6480 2.4811E-014
6485 2.4828E-014
6489 2.4686E-014
6494 2.4549E-014
6499 2.4487E-014
6504 2.4504E-014
6509 2.4301E-014
6514 2.4018E-014
6519 2.3777E-014
6524 2.3478E-014
6528 2.3230E-014
6533 2.3201E-014
6538 2.2749E-014
6543 2.2128E-014
6548 2.1173E-014
6553 1.9624E-014
6558 1.8054E-014
6563 1.6392E-014
6568 1.6572E-014
6572 1.8270E-014
6577 1.9982E-014
6582 2.1040E-014
6587 2.1661E-014
6592 2.2240E-014
6597 2.2710E-014
6602 2.3088E-014
6607 2.3164E-014
6611 2.3110E-014
6616 2.3212E-014
6621 2.3097E-014
6626 2.3356E-014
6631 2.3500E-014
6636 2.3284E-014
6641 2.3189E-014
6646 2.3220E-014
6650 2.3351E-014
6655 2.3339E-014
6660 2.3330E-014
6665 2.3476E-014
6670 2.3297E-014
6675 2.3183E-014
6680 2.3032E-014
6685 2.3126E-014
6690 2.3052E-014
6694 2.3142E-014
6699 2.3084E-014
6704 2.3009E-014
6709 2.2997E-014
6714 2.2872E-014
6719 2.2831E-014
6724 2.2775E-014
6729 2.2541E-014
6733 2.2570E-014
6738 2.2619E-014
6743 2.2662E-014
6748 2.2687E-014
6753 2.2691E-014
6758 2.2465E-014
6763 2.2534E-014
6768 2.2520E-014
6773 2.2464E-014
6777 2.2430E-014
6782 2.2419E-014
6787 2.2267E-014
6792 2.2326E-014
6797 2.2249E-014
6802 2.2300E-014
6807 2.2231E-014
6812 2.2188E-014
6816 2.2056E-014
6821 2.2125E-014
6826 2.2120E-014
6831 2.1978E-014
6836 2.1878E-014
6841 2.1893E-014
6846 2.1927E-014
6851 2.1838E-014
6856 2.1793E-014
6860 2.1563E-014
6865 2.1471E-014
6870 2.1525E-014
6875 2.1502E-014
6880 2.1528E-014
6885 2.1561E-014
6890 2.1536E-014
6895 2.1416E-014
6899 2.1407E-014
6904 2.1522E-014
6909 2.1412E-014
6914 2.1588E-014
6919 2.1324E-014
6924 2.1287E-014
6929 2.1205E-014
6934 2.1109E-014
6939 2.1118E-014
6943 2.0785E-014
6948 2.0874E-014
6953 2.1042E-014
6958 2.1076E-014
6963 2.0947E-014
6968 2.0774E-014
6973 2.0835E-014
6978 2.0835E-014
6982 2.0616E-014
6987 2.0729E-014
6992 2.0732E-014
6997 2.0638E-014
7002 2.0436E-014
7007 2.0275E-014
7012 2.0332E-014
7017 2.0389E-014
7022 2.0399E-014
7026 2.0283E-014
7031 2.0356E-014
7036 2.0285E-014
7041 2.0452E-014
7046 2.0246E-014
7051 2.0298E-014
7056 2.0360E-014
7061 2.0200E-014
7065 2.0115E-014
7070 2.0185E-014
7075 2.0081E-014
7080 1.9970E-014
7085 1.9900E-014
7090 1.9987E-014
7095 1.9867E-014
7100 1.9878E-014
7105 1.9767E-014
7109 1.9643E-014
7114 1.9611E-014
7119 1.9648E-014
7124 1.9677E-014
7129 1.9695E-014
7134 1.9673E-014
7139 1.9642E-014
7144 1.9650E-014
7149 1.9572E-014
7153 1.9391E-014
7158 1.9491E-014
7163 1.9413E-014
7168 1.9301E-014
7173 1.9232E-014
7178 1.9405E-014
7183 1.9281E-014
7188 1.9245E-014
7192 1.9172E-014
7197 1.9082E-014
7202 1.9040E-014
7207 1.9108E-014
7212 1.9127E-014
7217 1.9053E-014
7222 1.9076E-014
7227 1.8866E-014
7232 1.8807E-014
7236 1.8960E-014
7241 1.8963E-014
7246 1.8887E-014
7251 1.8871E-014
7256 1.8787E-014
7261 1.9033E-014
7266 1.8818E-014
7271 1.8801E-014
7275 1.8688E-014
7280 1.8730E-014
7285 1.8656E-014
7290 1.8540E-014
7295 1.8448E-014
7300 1.8377E-014
7305 1.8487E-014
7310 1.8517E-014
7315 1.8455E-014
7319 1.8602E-014
7324 1.8531E-014
7329 1.8340E-014
7334 1.8133E-014
7339 1.8320E-014
7344 1.8277E-014
7349 1.8158E-014
7354 1.8268E-014
7359 1.8268E-014
7363 1.8101E-014
7368 1.8232E-014
7373 1.8029E-014
7378 1.8008E-014
7383 1.7751E-014
7388 1.7967E-014
7393 1.7750E-014
7398 1.7796E-014
7402 1.7816E-014
7407 1.7677E-014
7412 1.7606E-014
7417 1.7519E-014
7422 1.7463E-014
7427 1.7637E-014
7432 1.7671E-014
7437 1.7545E-014
7442 1.7685E-014
7446 1.7516E-014
7451 1.7648E-014
7456 1.7482E-014
7461 1.7371E-014
7466 1.7317E-014
7471 1.7217E-014
7476 1.7216E-014
7481 1.7192E-014
7486 1.7088E-014
7490 1.7159E-014
7495 1.7254E-014
7500 1.7046E-014
7505 1.7098E-014
7510 1.7075E-014
7515 1.7168E-014
7520 1.7189E-014
7525 1.7039E-014
7529 1.7145E-014
7534 1.6970E-014
7539 1.7043E-014
7544 1.6883E-014
7549 1.6933E-014
7554 1.7032E-014
7559 1.6917E-014
7564 1.6845E-014
7569 1.6712E-014
7573 1.6635E-014
7578 1.6628E-014
7583 1.6775E-014
7588 1.6607E-014
7593 1.6507E-014
7598 1.6739E-014
7603 1.6669E-014
7608 1.6566E-014
7612 1.6619E-014
7617 1.6525E-014
7622 1.6413E-014
7627 1.6376E-014
7632 1.6324E-014
7637 1.6231E-014
7642 1.6353E-014
7647 1.6433E-014
7652 1.6434E-014
7656 1.6248E-014
7661 1.5952E-014
7666 1.6188E-014
7671 1.6113E-014
7676 1.6208E-014
7681 1.6058E-014
7686 1.6181E-014
7691 1.6013E-014
7696 1.6011E-014
7700 1.5915E-014
7705 1.6086E-014
7710 1.5937E-014
7715 1.5900E-014
7720 1.5887E-014
7725 1.6005E-014
7730 1.5903E-014
7735 1.5794E-014
7739 1.5791E-014
7744 1.5704E-014
7749 1.5950E-014
7754 1.5891E-014
7759 1.5841E-014
7764 1.5551E-014
7769 1.5377E-014
7774 1.4968E-014
7779 1.5036E-014
7783 1.5266E-014
7788 1.5399E-014
7793 1.5550E-014
7798 1.5544E-014
7803 1.5438E-014
7808 1.5597E-014
7813 1.5433E-014
7818 1.5311E-014
7823 1.5337E-014
7827 1.5344E-014
7832 1.5150E-014
7837 1.5130E-014
7842 1.5142E-014
7847 1.5198E-014
7852 1.5226E-014
7857 1.5142E-014
7862 1.5331E-014
7867 1.5145E-014
7871 1.5128E-014
7876 1.5007E-014
7881 1.5001E-014
7886 1.4858E-014
7891 1.4958E-014
7896 1.4969E-014
7901 1.4919E-014
7906 1.5019E-014
7910 1.5086E-014
7915 1.4922E-014
7920 1.4850E-014
7925 1.4772E-014
7930 1.4771E-014
7935 1.4740E-014
7940 1.4595E-014
7945 1.4689E-014
7950 1.4772E-014
7954 1.4962E-014
7959 1.4805E-014
7964 1.4701E-014
7969 1.4626E-014
7974 1.4632E-014
7979 1.4681E-014
7984 1.4712E-014
7989 1.4516E-014
7994 1.4403E-014
7998 1.4457E-014
8003 1.4522E-014
8008 1.4422E-014
8013 1.4405E-014
8018 1.4446E-014
8023 1.4369E-014
8028 1.4515E-014
8033 1.4358E-014
8037 1.4335E-014
8042 1.4132E-014
8047 1.4172E-014
8052 1.4339E-014
8057 1.4377E-014
8062 1.4185E-014
8067 1.4040E-014
8072 1.4268E-014
8077 1.4305E-014
8081 1.4102E-014
8086 1.4099E-014
8091 1.3856E-014
8096 1.3979E-014
8101 1.3959E-014
8106 1.3949E-014
8111 1.3836E-014
8116 1.3973E-014
8121 1.3802E-014
8125 1.3933E-014
8130 1.3885E-014
8135 1.3793E-014
8140 1.3833E-014
8145 1.3718E-014
8150 1.3942E-014
8155 1.3926E-014
8160 1.3812E-014
8164 1.3805E-014
8169 1.3682E-014
8174 1.3601E-014
8179 1.3392E-014
8184 1.3428E-014
8189 1.3289E-014
8194 1.3158E-014
8199 1.3272E-014
8204 1.3132E-014
8208 1.3016E-014
8213 1.3218E-014
8218 1.3299E-014
8223 1.3337E-014
8228 1.3322E-014
8233 1.3165E-014
8238 1.3196E-014
8243 1.3308E-014
8248 1.3334E-014
8252 1.3319E-014
8257 1.3272E-014
8262 1.3316E-014
8267 1.3267E-014
8272 1.3098E-014
8277 1.3173E-014
8282 1.3168E-014
8287 1.3174E-014
8291 1.3027E-014
8296 1.3160E-014
8301 1.2938E-014
8306 1.3117E-014
8311 1.2932E-014
8316 1.3022E-014
8321 1.3005E-014
8326 1.2959E-014
8331 1.2770E-014
8335 1.2761E-014
8340 1.2681E-014
8345 1.2666E-014
8350 1.2708E-014
8355 1.2792E-014
8360 1.2861E-014
8365 1.2884E-014
8370 1.2769E-014
8374 1.2637E-014
8379 1.2546E-014
8384 1.2811E-014
8389 1.2627E-014
8394 1.2726E-014
8399 1.2710E-014
8404 1.2774E-014
8409 1.2691E-014
8414 1.2528E-014
8418 1.2616E-014
8423 1.2503E-014
8428 1.2721E-014
8433 1.2619E-014
8438 1.2409E-014
8443 1.2283E-014
8448 1.2200E-014
8453 1.2310E-014
8458 1.2402E-014
8462 1.2389E-014
8467 1.2382E-014
8472 1.2143E-014
8477 1.2233E-014
8482 1.2286E-014
8487 1.2365E-014
8492 1.2242E-014
8497 1.2052E-014
8501 1.1795E-014
8506 1.1900E-014
8511 1.1920E-014
8516 1.2275E-014
8521 1.2299E-014
8526 1.2401E-014
8531 1.2128E-014
8536 1.2049E-014
8541 1.1616E-014
8545 1.1350E-014
8550 1.1429E-014
8555 1.1690E-014
8560 1.1862E-014
8565 1.2275E-014
8570 1.2407E-014
8575 1.2557E-014
8580 1.2298E-014
8584 1.1980E-014
8589 1.1748E-014
8594 1.1366E-014
8599 1.1290E-014
8604 1.1309E-014
8609 1.1541E-014
8614 1.1756E-014
8619 1.2109E-014
8624 1.2195E-014
8628 1.2243E-014
8633 1.2050E-014
8638 1.2094E-014
8643 1.1975E-014
8648 1.1537E-014
8653 1.1480E-014
8658 1.1137E-014
8663 1.0571E-014
8668 1.0478E-014
8672 1.0823E-014
8677 1.1228E-014
8682 1.1422E-014
8687 1.1690E-014
8692 1.1997E-014
8697 1.2103E-014
8702 1.2167E-014
8707 1.2220E-014
8711 1.2257E-014
8716 1.2035E-014
8721 1.1965E-014
8726 1.1905E-014
8731 1.1662E-014
8736 1.1258E-014
8741 1.1094E-014
8746 1.0612E-014
8751 1.0154E-014
8755 1.0339E-014
8760 1.0775E-014
8765 1.1216E-014
8770 1.1404E-014
8775 1.1598E-014
8780 1.1813E-014
8785 1.1765E-014
8790 1.1770E-014
8794 1.1734E-014
8799 1.1955E-014
8804 1.2117E-014
8809 1.1854E-014
8814 1.1848E-014
8819 1.1817E-014
8824 1.1760E-014
8829 1.1566E-014
8834 1.1565E-014
8838 1.1475E-014
8843 1.1274E-014
8848 1.1007E-014
8853 1.0416E-014
8858 9.8779E-015
8863 9.5620E-015
8868 9.6066E-015
8873 1.0081E-014
8877 1.0518E-014
8882 1.0924E-014
8887 1.1280E-014
8892 1.1228E-014
8897 1.1380E-014
8902 1.1488E-014
8907 1.1678E-014
8912 1.1659E-014
8917 1.1593E-014
8921 1.1743E-014
8926 1.1704E-014
8931 1.1637E-014
8936 1.1700E-014
8941 1.1635E-014
8946 1.1526E-014
8951 1.1582E-014
8956 1.1650E-014
8960 1.1685E-014
8965 1.1677E-014
8970 1.1683E-014
8975 1.1508E-014
8980 1.1383E-014
8985 1.1042E-014
8990 1.0982E-014
8995 1.0548E-014
9000 1.0185E-014
9004 9.8484E-015
9009 9.4358E-015
9014 9.0717E-015
9019 9.0293E-015
9024 9.6158E-015
9029 1.0018E-014
9034 1.0104E-014
9039 1.0578E-014
9043 1.0781E-014
9048 1.0840E-014
9053 1.0758E-014
9058 1.0800E-014
9063 1.0642E-014
9068 1.0857E-014
9073 1.1072E-014
9078 1.1105E-014
9083 1.1101E-014
9087 1.1032E-014
9092 1.0702E-014
9097 1.0738E-014
9102 1.0857E-014
9107 1.1018E-014
9112 1.1054E-014
9117 1.0973E-014
9122 1.1133E-014
9126 1.1104E-014
9131 1.1041E-014
9136 1.1207E-014
9141 1.1187E-014
9146 1.1310E-014
9151 1.1227E-014
9156 1.0981E-014
9161 1.1011E-014
9165 1.1040E-014
9170 1.0810E-014
9175 1.0708E-014
9180 1.0536E-014
9185 1.0434E-014
9190 1.0394E-014
9195 1.0530E-014
9200 1.0383E-014
9205 1.0105E-014
9209 9.8087E-015
9214 9.4905E-015
9219 9.0874E-015
9224 8.8662E-015
9229 8.5677E-015
9234 8.4926E-015
9239 8.8182E-015
9244 9.0237E-015
9248 9.4094E-015
9253 9.6917E-015
9258 9.8907E-015
9263 9.9474E-015
9268 1.0066E-014
9273 1.0048E-014
9278 1.0328E-014
9283 1.0386E-014
9287 1.0366E-014
9292 1.0564E-014
9297 1.0768E-014
9302 1.0901E-014
9307 1.0820E-014
9312 1.0752E-014
9317 1.0512E-014
9322 1.0329E-014
9327 1.0367E-014
9331 1.0469E-014
9336 1.0471E-014
9341 1.0393E-014
9346 1.0381E-014
9351 1.0380E-014
9356 1.0340E-014
9361 1.0233E-014
9366 1.0365E-014
9370 1.0512E-014
9375 1.0507E-014
9380 1.0481E-014
9385 1.0501E-014
9390 1.0430E-014
9395 1.0402E-014
9400 1.0288E-014
9405 9.9943E-015
9409 9.9475E-015
9414 1.0029E-014
9419 9.9188E-015
9424 9.9160E-015
9429 9.8900E-015
9434 1.0083E-014
9439 1.0273E-014
9444 1.0161E-014
9449 1.0195E-014
9453 1.0081E-014
9458 1.0040E-014
9463 1.0061E-014
9468 1.0120E-014
9473 1.0230E-014
9478 1.0149E-014
9483 1.0086E-014
9488 9.9364E-015
9492 9.6730E-015
9497 9.6959E-015
9502 9.8290E-015
9507 9.8913E-015
9512 9.7012E-015
9517 9.4127E-015
9522 9.0797E-015
9527 8.8461E-015
9531 8.6138E-015
9536 8.3333E-015
9541 8.0708E-015
9546 7.7115E-015
9551 7.6912E-015
9556 8.1082E-015
9561 8.4280E-015
9566 8.7709E-015
9570 8.9342E-015
9575 9.1177E-015
9580 9.1810E-015
9585 9.0004E-015
9590 9.1485E-015
9595 9.2927E-015
9600 9.3874E-015
9605 9.2679E-015
9609 9.3330E-015
9614 9.5597E-015
9619 9.4027E-015
9624 9.5912E-015
9629 9.5068E-015
9634 9.4335E-015
9639 9.4179E-015
9644 9.6086E-015
9648 9.4523E-015
9653 9.3205E-015
9658 9.2214E-015
9663 9.3223E-015
9668 9.4998E-015
9673 9.4083E-015
9678 9.3451E-015
9683 9.3721E-015
9688 9.6581E-015
9692 9.5718E-015
9697 9.6630E-015
9702 9.6411E-015
9707 9.4316E-015
9712 9.6144E-015
9717 9.6272E-015
9722 9.1480E-015
9727 9.2888E-015
9731 9.1923E-015
9736 9.3967E-015
9741 9.2791E-015
9746 9.3232E-015
9751 9.1916E-015
9756 9.1999E-015
9761 9.1355E-015
9766 9.2855E-015
9770 9.1655E-015
9775 9.2178E-015
9780 9.3879E-015
9785 9.5540E-015
9790 9.4317E-015
9795 9.1120E-015
9800 9.0342E-015
9805 9.1079E-015
9809 9.2188E-015
9814 9.1066E-015
9819 9.1410E-015
9824 8.9835E-015
9829 8.8243E-015
9834 8.7920E-015
9839 8.8393E-015
9844 8.9149E-015
9848 8.8311E-015
9853 8.8839E-015
9858 8.8776E-015
9863 9.1547E-015
9868 9.1319E-015
9873 9.0903E-015
9878 8.6685E-015
9883 8.9449E-015
9887 9.0236E-015
9892 9.0536E-015
9897 8.8467E-015
9902 8.9793E-015
9907 8.9770E-015
9912 8.8556E-015
9917 8.3811E-015
9922 8.4488E-015
9926 8.6350E-015
9931 8.7920E-015
9936 8.5605E-015
9941 8.4950E-015
9946 8.6069E-015
9951 8.8038E-015
9956 8.4667E-015
9961 8.6101E-015
9965 8.4340E-015
9970 8.5442E-015
9975 8.3476E-015
9980 8.4720E-015
9985 8.3893E-015
9990 8.4158E-015
9995 8.4314E-015
1E+004 8.3069E-015
1E+004 8.5797E-015
1.001E+004 8.8517E-015
1.001E+004 8.4139E-015
1.002E+004 7.9600E-015
1.002E+004 8.0217E-015
1.003E+004 7.9004E-015
1.003E+004 7.7402E-015
1.004E+004 7.3946E-015
1.004E+004 7.3024E-015
1.005E+004 6.7930E-015
1.005E+004 6.6958E-015
1.006E+004 6.9449E-015
1.006E+004 7.4398E-015
1.007E+004 7.3805E-015
1.007E+004 7.5697E-015
1.008E+004 7.7721E-015
1.008E+004 7.9050E-015
1.009E+004 7.8782E-015
1.009E+004 7.6624E-015
1.01E+004 7.8026E-015
1.01E+004 8.1656E-015
1.011E+004 8.1770E-015
1.011E+004 8.1490E-015
1.012E+004 8.2843E-015
1.012E+004 7.9252E-015
1.013E+004 8.1906E-015
1.013E+004 8.1970E-015
1.014E+004 8.2054E-015
1.014E+004 8.2327E-015
1.015E+004 8.1759E-015
1.015E+004 8.2206E-015
1.016E+004 8.2408E-015
1.016E+004 8.1671E-015
1.017E+004 7.7729E-015
1.017E+004 8.1603E-015
1.017E+004 7.8226E-015
1.018E+004 8.0339E-015
1.018E+004 8.0849E-015
1.019E+004 7.7343E-015
1.019E+004 7.6757E-015
1.02E+004 7.7338E-015
1.02E+004 8.0653E-015
1.023E+004 8.0586E-015
1.026E+004 8.0109E-015
1.029E+004 7.9861E-015
1.031E+004 7.8198E-015
1.034E+004 7.7263E-015
1.037E+004 7.6525E-015
1.04E+004 7.7309E-015
1.043E+004 7.6361E-015
1.046E+004 7.5655E-015
1.048E+004 7.5400E-015
1.051E+004 7.4608E-015
1.054E+004 7.3957E-015
1.057E+004 7.3938E-015
1.06E+004 7.2438E-015
1.062E+004 7.1249E-015
1.065E+004 7.0560E-015
1.068E+004 6.9451E-015
1.071E+004 6.9122E-015
1.074E+004 6.8649E-015
1.077E+004 6.8561E-015
1.079E+004 6.8168E-015
1.082E+004 6.6551E-015
1.085E+004 6.4737E-015
1.088E+004 6.3317E-015
1.091E+004 6.1934E-015
1.093E+004 6.0004E-015
1.096E+004 5.8601E-015
1.099E+004 5.9672E-015
1.102E+004 6.0881E-015
1.105E+004 6.1501E-015
1.107E+004 6.2085E-015
1.11E+004 6.1618E-015
1.113E+004 6.1112E-015
1.116E+004 6.0861E-015
1.119E+004 6.0652E-015
1.122E+004 6.1032E-015
1.124E+004 6.0979E-015
1.127E+004 6.0563E-015
1.13E+004 6.0406E-015
1.133E+004 5.9985E-015
1.136E+004 5.9415E-015
1.138E+004 5.8446E-015
1.141E+004 5.7194E-015
1.144E+004 5.6737E-015
1.147E+004 5.7035E-015
1.15E+004 5.6981E-015
1.152E+004 5.7459E-015
1.155E+004 5.7073E-015
1.158E+004 5.5590E-015
1.161E+004 5.4703E-015
1.164E+004 5.4317E-015
1.167E+004 5.4009E-015
1.169E+004 5.3598E-015
1.169E+004 5.3724E-015
1.173E+004 5.3263E-015
1.177E+004 5.2930E-015
1.181E+004 5.2365E-015
1.185E+004 5.1582E-015
1.189E+004 5.0920E-015
1.193E+004 5.0351E-015
1.197E+004 4.9523E-015
1.201E+004 4.8684E-015
1.205E+004 4.8218E-015
1.209E+004 4.7950E-015
1.213E+004 4.7445E-015
1.217E+004 4.7141E-015
1.221E+004 4.7017E-015
1.225E+004 4.6659E-015
1.229E+004 4.6261E-015
1.233E+004 4.5823E-015
1.237E+004 4.5155E-015
1.241E+004 4.5171E-015
1.245E+004 4.4825E-015
1.249E+004 4.3801E-015
1.253E+004 4.3169E-015
1.257E+004 4.2818E-015
1.261E+004 4.2170E-015
1.265E+004 4.1249E-015
1.269E+004 4.0631E-015
1.273E+004 3.9689E-015
1.277E+004 3.8703E-015
1.281E+004 3.7853E-015
1.285E+004 3.7666E-015
1.289E+004 3.7859E-015
1.293E+004 3.7794E-015
1.297E+004 3.7818E-015
1.301E+004 3.8191E-015
1.305E+004 3.8386E-015
1.309E+004 3.7997E-015
1.313E+004 3.7458E-015
1.317E+004 3.6978E-015
1.321E+004 3.6541E-015
1.325E+004 3.6223E-015
1.329E+004 3.6146E-015
1.333E+004 3.5948E-015
1.337E+004 3.5477E-015
1.341E+004 3.4946E-015
1.345E+004 3.4489E-015
1.349E+004 3.4227E-015
1.353E+004 3.3905E-015
1.357E+004 3.3482E-015
1.361E+004 3.3145E-015
1.365E+004 3.2844E-015
1.369E+004 3.2651E-015
1.373E+004 3.2505E-015
1.377E+004 3.2153E-015
1.381E+004 3.1893E-015
1.385E+004 3.1659E-015
1.389E+004 3.1185E-015
1.393E+004 3.0754E-015
1.397E+004 3.0550E-015
1.401E+004 3.0427E-015
1.405E+004 3.0185E-015
1.409E+004 2.9938E-015
1.413E+004 2.9612E-015
1.417E+004 2.9173E-015
1.421E+004 2.8825E-015
1.425E+004 2.8513E-015
1.429E+004 2.8291E-015
1.433E+004 2.8118E-015
1.437E+004 2.7835E-015
1.441E+004 2.7552E-015
1.445E+004 2.7331E-015
1.449E+004 2.7048E-015
1.453E+004 2.6945E-015
1.457E+004 2.6731E-015
1.461E+004 2.6289E-015
1.465E+004 2.5986E-015
1.469E+004 2.5746E-015
1.473E+004 2.5519E-015
1.477E+004 2.5120E-015
1.481E+004 2.4863E-015
1.485E+004 2.4854E-015
1.489E+004 2.4850E-015
1.493E+004 2.4661E-015
1.497E+004 2.4406E-015
1.501E+004 2.4264E-015
1.505E+004 2.4150E-015
1.509E+004 2.3954E-015
1.513E+004 2.3793E-015
1.517E+004 2.3355E-015
1.521E+004 2.2906E-015
1.525E+004 2.2643E-015
1.529E+004 2.2550E-015
1.533E+004 2.2552E-015
1.537E+004 2.2452E-015
1.541E+004 2.2239E-015
1.545E+004 2.2197E-015
1.549E+004 2.1967E-015
1.553E+004 2.1585E-015
1.557E+004 2.1435E-015
1.561E+004 2.1267E-015
1.565E+004 2.1055E-015
1.569E+004 2.0791E-015
1.573E+004 2.0587E-015
1.577E+004 2.0499E-015
1.581E+004 2.0359E-015
1.585E+004 2.0014E-015
1.589E+004 1.9692E-015
1.593E+004 1.9620E-015
1.597E+004 1.9672E-015
1.601E+004 1.9547E-015
1.605E+004 1.9205E-015
1.609E+004 1.8919E-015
1.613E+004 1.8878E-015
1.617E+004 1.8981E-015
1.621E+004 1.9015E-015
1.625E+004 1.8976E-015
1.629E+004 1.8723E-015
1.633E+004 1.8294E-015
1.637E+004 1.7797E-015
1.641E+004 1.7464E-015
1.645E+004 1.7536E-015
1.649E+004 1.7707E-015
1.653E+004 1.7754E-015
1.657E+004 1.7765E-015
1.661E+004 1.7697E-015
1.665E+004 1.7511E-015
1.669E+004 1.7180E-015
1.673E+004 1.6717E-015
1.677E+004 1.6224E-015
1.681E+004 1.5822E-015
1.685E+004 1.5940E-015
1.689E+004 1.6160E-015
1.693E+004 1.6280E-015
1.697E+004 1.6357E-015
1.701E+004 1.6238E-015
1.705E+004 1.6074E-015
1.709E+004 1.5965E-015
1.713E+004 1.5872E-015
1.717E+004 1.5723E-015
1.721E+004 1.5545E-015
1.725E+004 1.5280E-015
1.729E+004 1.4880E-015
1.733E+004 1.4355E-015
1.737E+004 1.4046E-015
1.741E+004 1.4160E-015
1.745E+004 1.4315E-015
1.749E+004 1.4356E-015
1.753E+004 1.4344E-015
1.757E+004 1.4359E-015
1.761E+004 1.4374E-015
1.765E+004 1.4249E-015
1.769E+004 1.4074E-015
1.773E+004 1.3977E-015
1.777E+004 1.3897E-015
1.781E+004 1.3816E-015
1.785E+004 1.3738E-015
1.789E+004 1.3642E-015
1.793E+004 1.3533E-015
1.797E+004 1.3419E-015
1.801E+004 1.3284E-015
1.805E+004 1.3089E-015
1.809E+004 1.2842E-015
1.813E+004 1.2440E-015
1.817E+004 1.2090E-015
1.821E+004 1.2062E-015
1.825E+004 1.2201E-015
1.829E+004 1.2324E-015
1.833E+004 1.2389E-015
1.837E+004 1.2347E-015
1.841E+004 1.2249E-015
1.845E+004 1.2165E-015
1.849E+004 1.2049E-015
1.853E+004 1.1953E-015
1.857E+004 1.1841E-015
1.861E+004 1.1680E-015
1.865E+004 1.1411E-015
1.869E+004 1.1047E-015
1.873E+004 1.0691E-015
1.877E+004 1.0626E-015
1.881E+004 1.0757E-015
1.885E+004 1.0887E-015
1.889E+004 1.1035E-015
1.889E+004 1.0965E-015
1.895E+004 1.0890E-015
1.901E+004 1.0810E-015
1.906E+004 1.0674E-015
1.912E+004 1.0599E-015
1.918E+004 1.0520E-015
1.924E+004 1.0363E-015
1.929E+004 1.0154E-015
1.935E+004 9.8445E-016
1.941E+004 9.6045E-016
1.947E+004 9.5177E-016
1.952E+004 9.5401E-016
1.958E+004 9.6173E-016
1.964E+004 9.6321E-016
1.97E+004 9.5525E-016
1.975E+004 9.4322E-016
1.981E+004 9.3281E-016
1.987E+004 9.2537E-016
1.993E+004 9.1965E-016
1.998E+004 9.1084E-016
2.004E+004 9.0339E-016
2.01E+004 8.9682E-016
2.016E+004 8.8471E-016
2.021E+004 8.7340E-016
2.027E+004 8.6687E-016
2.033E+004 8.5781E-016
2.038E+004 8.4676E-016
2.044E+004 8.3749E-016
2.05E+004 8.2805E-016
2.056E+004 8.1994E-016
2.061E+004 8.1430E-016
2.067E+004 8.0664E-016
2.073E+004 7.9602E-016
2.079E+004 7.8449E-016
2.084E+004 7.7421E-016
2.09E+004 7.6682E-016
2.096E+004 7.6024E-016
2.102E+004 7.5176E-016
2.107E+004 7.4609E-016
2.113E+004 7.3568E-016
2.119E+004 7.2641E-016
2.125E+004 7.1992E-016
2.13E+004 7.1138E-016
2.136E+004 7.0203E-016
2.142E+004 6.9128E-016
2.147E+004 6.8032E-016
2.153E+004 6.7011E-016
2.159E+004 6.5774E-016
2.165E+004 6.4460E-016
2.17E+004 6.3901E-016
2.176E+004 6.4154E-016
2.182E+004 6.4299E-016
2.188E+004 6.4324E-016
2.193E+004 6.4253E-016
2.199E+004 6.3698E-016
2.205E+004 6.2781E-016
2.211E+004 6.2075E-016
2.216E+004 6.1812E-016
2.222E+004 6.1448E-016
2.228E+004 6.0890E-016
2.234E+004 6.0338E-016
2.239E+004 5.9634E-016
2.245E+004 5.8974E-016
2.251E+004 5.8421E-016
2.257E+004 5.7934E-016
2.262E+004 5.7379E-016
2.268E+004 5.6618E-016
2.274E+004 5.6189E-016
2.279E+004 5.5716E-016
2.285E+004 5.5016E-016
2.291E+004 5.4471E-016
2.297E+004 5.4060E-016
2.302E+004 5.3457E-016
2.308E+004 5.2808E-016
2.314E+004 5.2420E-016
2.32E+004 5.2021E-016
2.325E+004 5.1565E-016
2.331E+004 5.0974E-016
2.337E+004 5.0613E-016
2.343E+004 5.0295E-016
2.348E+004 4.9723E-016
2.354E+004 4.9161E-016
2.36E+004 4.8688E-016
2.366E+004 4.8407E-016
2.371E+004 4.8017E-016
2.377E+004 4.7619E-016
2.383E+004 4.7309E-016
2.388E+004 4.6981E-016
2.394E+004 4.6508E-016
2.4E+004 4.6126E-016
2.406E+004 4.5846E-016
2.411E+004 4.5465E-016
2.417E+004 4.4928E-016
2.423E+004 4.4563E-016
2.429E+004 4.4414E-016
2.434E+004 4.4128E-016
2.44E+004 4.3519E-016
2.446E+004 4.3063E-016
2.452E+004 4.2542E-016
2.457E+004 4.2256E-016
2.463E+004 4.2215E-016
2.469E+004 4.1913E-016
2.475E+004 4.1362E-016
2.485E+004 4.0496E-016
2.495E+004 3.9583E-016
2.505E+004 3.9315E-016
2.515E+004 3.8740E-016
2.525E+004 3.7641E-016
2.535E+004 3.7560E-016
2.545E+004 3.7142E-016
2.555E+004 3.6437E-016
2.565E+004 3.5130E-016
2.575E+004 3.5440E-016
2.585E+004 3.5056E-016
2.595E+004 3.4518E-016
2.605E+004 3.3578E-016
2.615E+004 3.1971E-016
2.625E+004 2.9927E-016
2.635E+004 3.1974E-016
2.645E+004 3.2114E-016
2.655E+004 3.1726E-016
2.665E+004 3.1007E-016
2.675E+004 2.9016E-016
2.685E+004 3.0144E-016
2.695E+004 3.0056E-016
2.705E+004 2.9701E-016
2.715E+004 2.9314E-016
2.725E+004 2.8905E-016
2.735E+004 2.8464E-016
2.745E+004 2.7877E-016
2.755E+004 2.5896E-016
2.765E+004 2.6473E-016
2.775E+004 2.6860E-016
2.785E+004 2.6619E-016
2.795E+004 2.6307E-016
2.805E+004 2.5953E-016
2.815E+004 2.5605E-016
2.825E+004 2.5262E-016
2.835E+004 2.4926E-016
2.845E+004 2.4556E-016
2.855E+004 2.4128E-016
2.865E+004 2.3286E-016
2.875E+004 2.1746E-016
2.885E+004 2.3015E-016
2.895E+004 2.2938E-016
2.905E+004 2.2716E-016
2.915E+004 2.2421E-016
2.925E+004 2.2134E-016
2.935E+004 2.1849E-016
2.945E+004 2.1568E-016
2.955E+004 2.1292E-016
2.965E+004 2.1020E-016
2.975E+004 2.0752E-016
2.985E+004 2.0488E-016
2.995E+004 2.0229E-016
3.005E+004 1.9972E-016
3.015E+004 1.9668E-016
3.025E+004 1.9289E-016
3.035E+004 1.7958E-016
3.045E+004 1.8133E-016
3.055E+004 1.8617E-016
3.065E+004 1.8489E-016
3.075E+004 1.8295E-016
3.085E+004 1.8069E-016
3.095E+004 1.7848E-016
3.105E+004 1.7630E-016
3.115E+004 1.7412E-016
3.125E+004 1.7203E-016
3.135E+004 1.6995E-016
3.145E+004 1.6789E-016
3.155E+004 1.6588E-016
3.165E+004 1.6389E-016
3.175E+004 1.6192E-016
3.185E+004 1.6000E-016
3.195E+004 1.5810E-016
3.21E+004 1.5529E-016
3.23E+004 1.5165E-016
3.25E+004 1.4811E-016
3.27E+004 1.4430E-016
3.29E+004 1.3391E-016
3.31E+004 1.3566E-016
3.33E+004 1.3452E-016
3.35E+004 1.3163E-016
3.37E+004 1.2868E-016
3.39E+004 1.2584E-016
3.41E+004 1.2305E-016
3.43E+004 1.2035E-016
3.45E+004 1.1772E-016
3.47E+004 1.1515E-016
3.49E+004 1.1265E-016
3.51E+004 1.1022E-016
3.53E+004 1.0785E-016
3.55E+004 1.0554E-016
3.57E+004 1.0328E-016
3.59E+004 1.0113E-016
3.61E+004 9.8938E-017
3.63E+004 9.6936E-017
3.65E+004 9.4798E-017
3.67E+004 9.2973E-017
3.69E+004 9.0781E-017
3.71E+004 8.9032E-017
3.73E+004 8.5147E-017
3.75E+004 8.2482E-017
3.77E+004 8.3748E-017
3.79E+004 8.2231E-017
3.81E+004 8.0186E-017
3.83E+004 7.8664E-017
3.85E+004 7.7492E-017
3.87E+004 7.5977E-017
3.89E+004 7.4320E-017
3.91E+004 7.2031E-017
3.93E+004 7.1559E-017
3.95E+004 7.0279E-017
3.97E+004 6.8938E-017
3.99E+004 6.7558E-017
4.01E+004 6.5553E-017
4.03E+004 6.3949E-017
4.05E+004 6.1090E-017
4.07E+004 6.2364E-017
4.09E+004 6.1538E-017
4.11E+004 6.0439E-017
4.13E+004 5.9308E-017
4.15E+004 5.7946E-017
4.17E+004 5.5243E-017
4.19E+004 5.5793E-017
4.21E+004 5.5064E-017
4.23E+004 5.4081E-017
4.25E+004 5.3104E-017
4.27E+004 5.2150E-017
4.29E+004 5.1217E-017
4.31E+004 5.0303E-017
4.33E+004 4.9410E-017
4.35E+004 4.8415E-017
4.37E+004 4.6059E-017
4.39E+004 4.6228E-017
4.41E+004 4.5994E-017
4.43E+004 4.5234E-017
4.45E+004 4.4452E-017
4.47E+004 4.3729E-017
4.49E+004 4.2932E-017
4.51E+004 4.2201E-017
4.53E+004 4.1484E-017
4.55E+004 4.0782E-017
4.57E+004 4.0090E-017
4.59E+004 3.9409E-017
4.61E+004 3.8724E-017
4.63E+004 3.7951E-017
4.65E+004 3.5753E-017
4.67E+004 3.5220E-017
4.69E+004 3.5954E-017
4.71E+004 3.5621E-017
4.73E+004 3.5080E-017
4.75E+004 3.4522E-017
4.77E+004 3.3969E-017
4.79E+004 3.3425E-017
4.81E+004 3.2891E-017
4.83E+004 3.2367E-017
4.85E+004 3.1852E-017
4.87E+004 3.1348E-017
4.89E+004 3.0854E-017
4.91E+004 3.0368E-017
4.93E+004 2.9898E-017
4.95E+004 2.9452E-017
4.97E+004 2.8966E-017
4.99E+004 2.8550E-017
5.01E+004 2.8095E-017
5.03E+004 2.7642E-017
5.05E+004 2.7240E-017
5.07E+004 2.6805E-017
5.09E+004 2.6359E-017
5.11E+004 2.5822E-017
5.13E+004 2.4521E-017
5.15E+004 2.5101E-017
5.17E+004 2.4801E-017
5.19E+004 2.4488E-017
5.21E+004 2.4162E-017
5.23E+004 2.3806E-017
5.25E+004 2.3404E-017
5.27E+004 2.3031E-017
5.29E+004 2.2764E-017
5.31E+004 2.2445E-017
5.33E+004 2.2119E-017
5.35E+004 2.1794E-017
5.37E+004 2.1395E-017
5.39E+004 2.1090E-017
5.41E+004 2.0869E-017
5.43E+004 2.0575E-017
5.45E+004 2.0283E-017
5.47E+004 1.9994E-017
5.49E+004 1.9711E-017
5.51E+004 1.9367E-017
5.53E+004 1.9020E-017
5.55E+004 1.8872E-017
5.57E+004 1.8633E-017
5.59E+004 1.8373E-017
5.61E+004 1.8120E-017
5.63E+004 1.7871E-017
5.65E+004 1.7626E-017
5.67E+004 1.7385E-017
5.69E+004 1.7105E-017
5.71E+004 1.6708E-017
5.73E+004 1.6626E-017
5.75E+004 1.6461E-017
5.77E+004 1.6239E-017
5.79E+004 1.6021E-017
5.81E+004 1.5808E-017
5.83E+004 1.5595E-017
5.85E+004 1.5376E-017
5.87E+004 1.5159E-017
5.89E+004 1.4862E-017
5.91E+004 1.4159E-017
5.93E+004 1.4493E-017
5.95E+004 1.4164E-017
5.97E+004 1.4093E-017
5.99E+004 1.4010E-017
6.01E+004 1.3856E-017
6.03E+004 1.3688E-017
6.05E+004 1.3515E-017
6.07E+004 1.3342E-017
6.09E+004 1.3171E-017
6.11E+004 1.3003E-017
6.13E+004 1.2839E-017
6.15E+004 1.2676E-017
6.17E+004 1.2517E-017
6.19E+004 1.2359E-017
6.21E+004 1.2205E-017
6.23E+004 1.2050E-017
6.25E+004 1.1883E-017
6.27E+004 1.1688E-017
6.29E+004 1.1288E-017
6.31E+004 1.1377E-017
6.33E+004 1.1303E-017
6.35E+004 1.1185E-017
6.37E+004 1.1050E-017
6.39E+004 1.0915E-017
6.42E+004 1.0717E-017
6.46E+004 1.0460E-017
6.5E+004 1.0210E-017
6.54E+004 9.9682E-018
6.58E+004 9.7333E-018
6.62E+004 9.5052E-018
6.66E+004 9.2837E-018
6.7E+004 9.0683E-018
6.74E+004 8.8238E-018
6.78E+004 8.4812E-018
6.82E+004 8.4481E-018
6.86E+004 8.2683E-018
6.9E+004 8.0823E-018
6.94E+004 7.9012E-018
6.98E+004 7.7255E-018
7.02E+004 7.5545E-018
7.06E+004 7.3880E-018
7.1E+004 7.2230E-018
7.14E+004 7.0690E-018
7.18E+004 6.9160E-018
7.22E+004 6.7669E-018
7.26E+004 6.6134E-018
7.3E+004 6.4799E-018
7.34E+004 6.3435E-018
7.38E+004 6.2089E-018
7.42E+004 6.0629E-018
7.46E+004 5.7968E-018
7.5E+004 5.6243E-018
7.54E+004 5.6753E-018
7.58E+004 5.5886E-018
7.62E+004 5.4777E-018
7.66E+004 5.3664E-018
7.7E+004 5.2579E-018
7.74E+004 5.1495E-018
7.78E+004 5.0238E-018
7.82E+004 4.9459E-018
7.86E+004 4.8503E-018
7.9E+004 4.7547E-018
7.94E+004 4.6614E-018
7.98E+004 4.5700E-018
8.02E+004 4.4808E-018
8.06E+004 4.3938E-018
8.1E+004 4.3088E-018
8.14E+004 4.2004E-018
8.18E+004 4.1325E-018
8.22E+004 4.0660E-018
8.26E+004 3.9888E-018
8.3E+004 3.9135E-018
8.34E+004 3.8399E-018
8.38E+004 3.7679E-018
8.42E+004 3.6977E-018
8.46E+004 3.6290E-018
8.5E+004 3.5619E-018
8.54E+004 3.4962E-018
8.58E+004 3.4320E-018
8.62E+004 3.3666E-018
8.66E+004 3.2701E-018
8.7E+004 3.2383E-018
8.74E+004 3.1460E-018
8.78E+004 3.0898E-018
8.82E+004 3.0759E-018
8.86E+004 3.0213E-018
8.9E+004 2.9678E-018
8.94E+004 2.9154E-018
8.98E+004 2.8641E-018
9.02E+004 2.8139E-018
9.06E+004 2.7647E-018
9.1E+004 2.7166E-018
9.14E+004 2.6695E-018
9.18E+004 2.6233E-018
9.22E+004 2.5782E-018
9.26E+004 2.5340E-018
9.3E+004 2.4907E-018
9.34E+004 2.4466E-018
9.38E+004 2.3718E-018
9.42E+004 2.3549E-018
9.46E+004 2.3274E-018
9.5E+004 2.2886E-018
9.54E+004 2.2507E-018
9.58E+004 2.2140E-018
9.62E+004 2.1777E-018
9.66E+004 2.1422E-018
9.7E+004 2.1074E-018
9.74E+004 2.0734E-018
9.78E+004 2.0401E-018
9.82E+004 2.0074E-018
9.86E+004 1.9739E-018
9.9E+004 1.9445E-018
9.94E+004 1.9140E-018
9.98E+004 1.8841E-018
1.002E+005 1.8548E-018
1.005E+005 1.8331E-018
1.01E+005 1.7975E-018
1.015E+005 1.7629E-018
1.02E+005 1.7293E-018
1.025E+005 1.6964E-018
1.03E+005 1.6643E-018
1.035E+005 1.6329E-018
1.04E+005 1.6023E-018
1.045E+005 1.5722E-018
1.05E+005 1.5430E-018
1.055E+005 1.5144E-018
1.06E+005 1.4865E-018
1.065E+005 1.4593E-018
1.07E+005 1.4324E-018
1.075E+005 1.4065E-018
1.08E+005 1.3810E-018
1.085E+005 1.3560E-018
1.09E+005 1.3317E-018
1.095E+005 1.3080E-018
1.1E+005 1.2847E-018
1.105E+005 1.2619E-018
1.11E+005 1.2396E-018
1.115E+005 1.2180E-018
1.12E+005 1.1967E-018
1.125E+005 1.1758E-018
1.13E+005 1.1555E-018
1.135E+005 1.1355E-018
1.14E+005 1.1161E-018
1.145E+005 1.0972E-018
1.15E+005 1.0784E-018
1.155E+005 1.0601E-018
1.16E+005 1.0423E-018
1.165E+005 1.0247E-018
1.17E+005 1.0077E-018
1.175E+005 9.9074E-019
1.18E+005 9.7440E-019
1.185E+005 9.5833E-019
1.19E+005 9.4252E-019
1.195E+005 9.2696E-019
1.2E+005 9.1181E-019
1.205E+005 8.9706E-019
1.21E+005 8.8255E-019
1.215E+005 8.6827E-019
1.22E+005 8.5437E-019
1.225E+005 8.4069E-019
1.23E+005 8.2723E-019
1.235E+005 8.1412E-019
1.24E+005 8.0121E-019
1.245E+005 7.8864E-019
1.25E+005 7.7626E-019
1.255E+005 7.6407E-019
1.26E+005 7.5220E-019
1.265E+005 7.4051E-019
1.27E+005 7.2900E-019
1.275E+005 7.1778E-019
1.28E+005 7.0673E-019
1.285E+005 6.9596E-019
1.29E+005 6.8536E-019
1.295E+005 6.7492E-019
1.3E+005 6.6475E-019
1.305E+005 6.5472E-019
1.31E+005 6.4485E-019
1.315E+005 6.3523E-019
1.32E+005 6.2576E-019
1.325E+005 6.1642E-019
1.33E+005 6.0733E-019
1.335E+005 5.9836E-019
1.34E+005 5.8963E-019
1.345E+005 5.8093E-019
1.35E+005 5.7245E-019
1.355E+005 5.6419E-019
1.36E+005 5.5595E-019
1.365E+005 5.4793E-019
1.37E+005 5.4011E-019
1.375E+005 5.3231E-019
1.38E+005 5.2471E-019
1.385E+005 5.1722E-019
1.39E+005 5.0992E-019
1.395E+005 5.0273E-019
1.4E+005 4.9564E-019
1.405E+005 4.8872E-019
1.41E+005 4.8182E-019
1.415E+005 4.7518E-019
1.42E+005 4.6856E-019
1.425E+005 4.6210E-019
1.43E+005 4.5573E-019
1.435E+005 4.4945E-019
1.44E+005 4.4326E-019
1.445E+005 4.3722E-019
1.45E+005 4.3126E-019
1.455E+005 4.2546E-019
1.46E+005 4.1967E-019
1.465E+005 4.1402E-019
1.47E+005 4.0852E-019
1.475E+005 4.0302E-019
1.48E+005 3.9766E-019
1.485E+005 3.9238E-019
1.49E+005 3.8716E-019
1.495E+005 3.8208E-019
1.5E+005 3.7707E-019
1.505E+005 3.7211E-019
1.51E+005 3.6723E-019
1.515E+005 3.6247E-019
1.52E+005 3.5777E-019
1.525E+005 3.5313E-019
1.53E+005 3.4855E-019
1.535E+005 3.4409E-019
1.54E+005 3.3969E-019
1.545E+005 3.3534E-019
1.55E+005 3.3105E-019
1.555E+005 3.2687E-019
1.56E+005 3.2274E-019
1.565E+005 3.1866E-019
1.57E+005 3.1463E-019
1.575E+005 3.1071E-019
1.58E+005 3.0683E-019
1.585E+005 3.0301E-019
1.59E+005 2.9923E-019
1.595E+005 2.9555E-019
1.6E+005 2.9191E-019
1.605E+005 2.8832E-019
1.61E+005 2.8477E-019
1.615E+005 2.8131E-019
1.62E+005 2.7785E-019
1.625E+005 2.7448E-019
1.63E+005 2.7114E-019
1.635E+005 2.6790E-019
1.64E+005 2.6464E-019
1.645E+005 2.6147E-019
1.65E+005 2.5834E-019
1.655E+005 2.5529E-019
1.66E+005 2.5223E-019
1.665E+005 2.4925E-019
1.67E+005 2.4631E-019
1.675E+005 2.4340E-019
1.68E+005 2.4052E-019
1.685E+005 2.3772E-019
1.69E+005 2.3491E-019
1.695E+005 2.3218E-019
1.7E+005 2.2951E-019
1.705E+005 2.2684E-019
1.71E+005 2.2423E-019
1.715E+005 2.2162E-019
1.72E+005 2.1908E-019
1.725E+005 2.1660E-019
1.73E+005 2.1411E-019
1.735E+005 2.1168E-019
1.74E+005 2.0925E-019
1.745E+005 2.0689E-019
1.75E+005 2.0455E-019
1.755E+005 2.0226E-019
1.76E+005 1.9997E-019
1.765E+005 1.9774E-019
1.77E+005 1.9554E-019
1.775E+005 1.9336E-019
1.78E+005 1.9120E-019
1.785E+005 1.8910E-019
1.79E+005 1.8702E-019
1.795E+005 1.8497E-019
1.8E+005 1.8294E-019
1.805E+005 1.8093E-019
1.81E+005 1.7894E-019
1.815E+005 1.7701E-019
1.82E+005 1.7509E-019
1.825E+005 1.7320E-019
1.83E+005 1.7133E-019
1.835E+005 1.6947E-019
1.84E+005 1.6767E-019
1.845E+005 1.6586E-019
1.85E+005 1.6409E-019
1.855E+005 1.6234E-019
1.86E+005 1.6062E-019
1.865E+005 1.5893E-019
1.87E+005 1.5724E-019
1.875E+005 1.5559E-019
1.88E+005 1.5396E-019
1.885E+005 1.5235E-019
1.89E+005 1.5076E-019
1.895E+005 1.4918E-019
1.9E+005 1.4764E-019
1.905E+005 1.4612E-019
1.91E+005 1.4459E-019
1.915E+005 1.4312E-019
1.92E+005 1.4165E-019
1.925E+005 1.4019E-019
1.93E+005 1.3877E-019
1.935E+005 1.3734E-019
1.94E+005 1.3595E-019
1.945E+005 1.3457E-019
1.95E+005 1.3321E-019
1.955E+005 1.3186E-019
1.96E+005 1.3055E-019
1.965E+005 1.2925E-019
1.97E+005 1.2794E-019
1.975E+005 1.2666E-019
1.98E+005 1.2540E-019
1.985E+005 1.2415E-019
1.99E+005 1.2294E-019
1.995E+005 1.2171E-019
2E+005 1.2052E-019
2.01E+005 1.1815E-019
2.02E+005 1.1584E-019
2.03E+005 1.1358E-019
2.04E+005 1.1138E-019
2.05E+005 1.0923E-019
2.06E+005 1.0713E-019
2.07E+005 1.0509E-019
2.08E+005 1.0309E-019
2.09E+005 1.0115E-019
2.1E+005 9.9245E-020
2.11E+005 9.7374E-020
2.12E+005 9.5571E-020
2.13E+005 9.3785E-020
2.14E+005 9.2064E-020
2.15E+005 9.0374E-020
2.16E+005 8.8716E-020
2.17E+005 8.7102E-020
2.18E+005 8.5518E-020
2.19E+005 8.3976E-020
2.2E+005 8.2463E-020
2.21E+005 8.0990E-020
2.22E+005 7.9543E-020
2.23E+005 7.8136E-020
2.24E+005 7.6753E-020
2.25E+005 7.5408E-020
2.26E+005 7.4086E-020
2.27E+005 7.2800E-020
2.28E+005 7.1535E-020
2.29E+005 7.0293E-020
2.3E+005 6.9084E-020
2.31E+005 6.7907E-020
2.32E+005 6.6750E-020
2.33E+005 6.5613E-020
2.34E+005 6.4506E-020
2.35E+005 6.3419E-020
2.36E+005 6.2359E-020
2.37E+005 6.1318E-020
2.38E+005 6.0293E-020
2.39E+005 5.9296E-020
2.4E+005 5.8316E-020
2.41E+005 5.7361E-020
2.42E+005 5.6422E-020
2.43E+005 5.5507E-020
2.44E+005 5.4608E-020
2.45E+005 5.3723E-020
2.46E+005 5.2861E-020
2.47E+005 5.2013E-020
2.48E+005 5.1178E-020
2.49E+005 5.0366E-020
2.5E+005 4.9575E-020
2.51E+005 4.8787E-020
2.52E+005 4.8021E-020
2.53E+005 4.7274E-020
2.54E+005 4.6532E-020
2.55E+005 4.5808E-020
2.56E+005 4.5104E-020
2.57E+005 4.4410E-020
2.58E+005 4.3727E-020
2.59E+005 4.3062E-020
2.6E+005 4.2399E-020
2.61E+005 4.1761E-020
2.62E+005 4.1126E-020
2.63E+005 4.0507E-020
2.64E+005 3.9904E-020
2.65E+005 3.9303E-020
2.66E+005 3.8719E-020
2.67E+005 3.8142E-020
2.68E+005 3.7581E-020
2.69E+005 3.7028E-020
2.7E+005 3.6483E-020
2.71E+005 3.5952E-020
2.72E+005 3.5428E-020
2.73E+005 3.4912E-020
2.74E+005 3.4410E-020
2.75E+005 3.3914E-020
2.76E+005 3.3426E-020
2.77E+005 3.2945E-020
2.78E+005 3.2476E-020
2.79E+005 3.2014E-020
2.8E+005 3.1564E-020
2.81E+005 3.1120E-020
2.82E+005 3.0683E-020
2.83E+005 3.0251E-020
2.84E+005 2.9826E-020
2.85E+005 2.9412E-020
2.86E+005 2.9008E-020
2.87E+005 2.8605E-020
2.88E+005 2.8212E-020
2.89E+005 2.7825E-020
2.9E+005 2.7443E-020
2.91E+005 2.7071E-020
2.92E+005 2.6703E-020
2.93E+005 2.6341E-020
2.94E+005 2.5984E-020
2.95E+005 2.5636E-020
2.96E+005 2.5293E-020
2.97E+005 2.4958E-020
2.98E+005 2.4624E-020
2.99E+005 2.4298E-020
3E+005 2.3977E-020
3.01E+005 2.3659E-020
3.02E+005 2.3350E-020
3.03E+005 2.3045E-020
3.04E+005 2.2744E-020
3.05E+005 2.2447E-020
3.06E+005 2.2158E-020
3.07E+005 2.1872E-020
3.08E+005 2.1590E-020
3.09E+005 2.1312E-020
3.1E+005 2.1040E-020
3.11E+005 2.0773E-020
3.12E+005 2.0508E-020
3.13E+005 2.0247E-020
3.14E+005 1.9993E-020
3.15E+005 1.9742E-020
3.16E+005 1.9494E-020
3.17E+005 1.9249E-020
3.18E+005 1.9010E-020
3.19E+005 1.8771E-020
3.2E+005 1.8539E-020
3.21E+005 1.8312E-020
3.22E+005 1.8085E-020
3.23E+005 1.7864E-020
3.24E+005 1.7645E-020
3.25E+005 1.7430E-020
3.26E+005 1.7216E-020
3.27E+005 1.7009E-020
3.28E+005 1.6804E-020
3.29E+005 1.6601E-020
3.3E+005 1.6401E-020
3.31E+005 1.6206E-020
3.32E+005 1.6010E-020
3.33E+005 1.5820E-020
3.34E+005 1.5632E-020
3.35E+005 1.5448E-020
3.36E+005 1.5264E-020
3.37E+005 1.5085E-020
3.38E+005 1.4909E-020
3.39E+005 1.4734E-020
3.4E+005 1.4561E-020
3.41E+005 1.4393E-020
3.42E+005 1.4226E-020
3.43E+005 1.4062E-020
3.44E+005 1.3899E-020
3.45E+005 1.3738E-020
3.46E+005 1.3582E-020
3.47E+005 1.3427E-020
3.48E+005 1.3274E-020
3.49E+005 1.3123E-020
3.5E+005 1.2973E-020
3.51E+005 1.2827E-020
3.52E+005 1.2683E-020
3.53E+005 1.2541E-020
3.54E+005 1.2399E-020
3.55E+005 1.2260E-020
3.56E+005 1.2124E-020
3.57E+005 1.1988E-020
3.58E+005 1.1855E-020
3.59E+005 1.1724E-020
3.6E+005 1.1594E-020
3.61E+005 1.1467E-020
3.62E+005 1.1340E-020
3.63E+005 1.1216E-020
3.64E+005 1.1094E-020
3.65E+005 1.0973E-020
3.66E+005 1.0855E-020
3.67E+005 1.0737E-020
3.68E+005 1.0621E-020
3.69E+005 1.0507E-020
3.7E+005 1.0394E-020
3.71E+005 1.0283E-020
3.72E+005 1.0172E-020
3.73E+005 1.0064E-020
3.74E+005 9.9579E-021
3.75E+005 9.8509E-021
3.76E+005 9.7484E-021
3.77E+005 9.6452E-021
3.78E+005 9.5432E-021
3.79E+005 9.4438E-021
3.8E+005 9.3439E-021
3.81E+005 9.2467E-021
3.82E+005 9.1504E-021
3.83E+005 9.0566E-021
3.84E+005 8.9623E-021
3.85E+005 8.8690E-021
3.86E+005 8.7782E-021
3.87E+005 8.6882E-021
3.88E+005 8.5992E-021
3.89E+005 8.5111E-021
3.9E+005 8.4239E-021
3.91E+005 8.3390E-021
3.92E+005 8.2550E-021
3.93E+005 8.1704E-021
3.94E+005 8.0881E-021
3.95E+005 8.0066E-021
3.96E+005 7.9272E-021
3.97E+005 7.8474E-021
3.98E+005 7.7683E-021
3.99E+005 7.6913E-021
