1147 2.9682E-016
1147 2.9682E-016
1148 0.0000E+000
1148 0.0000E+000
1149 0.0000E+000
1150 0.0000E+000
1150 0.0000E+000
1151 1.7572E-016
1151 0.0000E+000
1152 1.5279E-016
1153 0.0000E+000
1153 0.0000E+000
1154 1.2913E-016
1154 0.0000E+000
1155 0.0000E+000
1155 0.0000E+000
1156 0.0000E+000
1157 0.0000E+000
1157 0.0000E+000
1158 0.0000E+000
1158 0.0000E+000
1159 0.0000E+000
1160 0.0000E+000
1160 0.0000E+000
1161 0.0000E+000
1161 0.0000E+000
1162 0.0000E+000
1162 0.0000E+000
1163 0.0000E+000
1164 0.0000E+000
1164 0.0000E+000
1165 6.8501E-017
1165 0.0000E+000
1166 6.3235E-017
1167 0.0000E+000
1167 1.5459E-016
1168 1.4790E-016
1168 6.9872E-017
1169 0.0000E+000
1169 5.8950E-017
1170 0.0000E+000
1171 0.0000E+000
1171 0.0000E+000
1172 6.0035E-017
1172 1.3668E-016
1173 0.0000E+000
1174 1.3487E-016
1174 0.0000E+000
1175 0.0000E+000
1175 5.4053E-017
1176 5.4688E-017
1176 0.0000E+000
1177 5.0859E-017
1178 4.9121E-017
1178 5.0661E-017
1179 0.0000E+000
1179 4.7006E-017
1180 0.0000E+000
1181 0.0000E+000
1181 0.0000E+000
1182 0.0000E+000
1182 0.0000E+000
1183 4.4862E-017
1183 4.7887E-017
1184 0.0000E+000
1185 0.0000E+000
1185 0.0000E+000
1186 0.0000E+000
1186 3.8913E-017
1187 0.0000E+000
1188 2.6303E-017
1188 9.0697E-018
1189 -7.3765E-017
1189 4.8998E-017
1190 3.8343E-017
1190 -2.6370E-017
1191 -7.1864E-019
1192 -7.1128E-017
1192 4.7684E-017
1193 -4.1903E-017
1193 -2.5691E-016
1194 -1.1795E-016
1195 -4.3241E-016
1195 -8.9309E-020
1196 -2.6549E-016
1196 -3.4730E-016
1197 -6.8838E-019
1197 -1.0141E-016
1198 4.9770E-016
1199 1.9853E-017
1199 1.2317E-016
1200 -7.5363E-017
1200 -7.7680E-017
1201 -8.4717E-017
1202 -8.0604E-017
1202 3.0098E-016
1203 -2.7859E-016
1203 5.3204E-016
1204 -2.3117E-016
1204 1.2023E-016
1205 -2.1567E-016
1206 4.3969E-017
1206 -4.1912E-016
1207 -4.2417E-016
1207 -9.2212E-018
1208 -1.5213E-016
1209 2.4629E-016
1209 4.0761E-016
1210 7.2577E-017
1210 2.5088E-016
1211 -6.5382E-018
1211 3.8360E-016
1212 4.1050E-016
1213 -1.4872E-016
1213 2.1777E-016
1214 6.1578E-017
1214 1.7157E-016
1215 -4.0975E-017
1216 -4.3640E-016
1216 -3.5600E-016
1217 -2.7085E-016
1217 2.5289E-016
1218 -4.7838E-016
1218 4.0279E-017
1219 -5.9230E-017
1220 -1.2049E-016
1220 3.8802E-018
1221 -1.8331E-016
1221 -8.9903E-017
1222 1.6811E-016
1223 2.2114E-016
1223 -4.5452E-017
1224 -2.7498E-016
1224 4.6941E-016
1225 1.2119E-016
1225 -1.6899E-016
1226 -2.5597E-018
1227 -4.8076E-019
1227 -1.1953E-016
1228 -7.5351E-017
1228 -1.4063E-016
1229 1.3233E-016
1230 -5.3239E-017
1230 -2.1396E-016
1231 4.5296E-017
1231 1.3330E-016
1232 -6.7255E-017
1232 -6.4268E-017
1233 -9.8098E-017
1234 -2.3762E-016
1234 -4.0904E-016
1235 1.0234E-016
1235 -3.5121E-017
1236 -6.8291E-017
1237 -3.9515E-016
1237 -1.7274E-017
1238 -6.8502E-017
1238 -1.9730E-016
1239 3.4311E-016
1239 1.0204E-016
1240 -2.4917E-016
1241 7.5782E-017
1241 -8.1402E-017
1242 1.1488E-017
1242 -1.6881E-016
1243 -2.5413E-017
1244 -2.9282E-017
1244 -3.6505E-017
1245 -3.9252E-017
1245 4.8261E-018
1246 2.0526E-017
1246 8.1193E-018
1247 9.6649E-018
1248 0.0000E+000
1248 3.2926E-017
1249 0.0000E+000
1249 1.9438E-017
1250 1.7952E-017
1251 4.2755E-017
1251 0.0000E+000
1252 4.2958E-017
1252 3.1986E-017
1253 3.6505E-018
1253 0.0000E+000
1254 0.0000E+000
1255 0.0000E+000
1255 0.0000E+000
1256 0.0000E+000
1256 1.7667E-017
1257 1.7627E-017
1258 0.0000E+000
1258 0.0000E+000
1259 0.0000E+000
1259 0.0000E+000
1260 0.0000E+000
1260 1.6969E-017
1261 0.0000E+000
1262 0.0000E+000
1262 0.0000E+000
1263 0.0000E+000
1263 0.0000E+000
1264 0.0000E+000
1265 1.7947E-017
1265 1.8664E-017
1266 0.0000E+000
1266 0.0000E+000
1267 0.0000E+000
1267 0.0000E+000
1268 0.0000E+000
1269 1.5214E-017
1269 0.0000E+000
1270 0.0000E+000
1270 0.0000E+000
1271 1.7165E-017
1272 1.6137E-017
1272 0.0000E+000
1273 1.5633E-017
1273 0.0000E+000
1274 0.0000E+000
1274 1.6295E-017
1275 2.2713E-017
1276 -1.1724E-017
1276 0.0000E+000
1277 -2.0412E-017
1277 4.5597E-017
1278 1.0249E-017
1279 0.0000E+000
1279 0.0000E+000
1280 0.0000E+000
1280 0.0000E+000
1281 9.0828E-018
1281 2.2663E-017
1282 1.1170E-017
1283 -1.0743E-017
1283 -2.2734E-017
1284 2.2365E-017
1284 -1.2065E-017
1285 9.9899E-018
1286 0.0000E+000
1286 0.0000E+000
1287 -1.0965E-017
1287 -1.1965E-017
1288 2.2523E-017
1288 0.0000E+000
1289 9.9866E-018
1290 2.1126E-017
1290 0.0000E+000
1291 6.8802E-017
1291 2.2126E-017
1292 0.0000E+000
1293 0.0000E+000
1293 2.2599E-017
1294 2.2478E-017
1294 -1.0670E-017
1295 0.0000E+000
1295 1.0251E-017
1296 0.0000E+000
1297 0.0000E+000
1297 -3.8372E-019
1298 -1.1858E-017
1298 -1.1321E-017
1299 0.0000E+000
1300 0.0000E+000
1300 2.3571E-017
1301 2.1723E-017
1301 -1.1470E-017
1302 0.0000E+000
1302 2.2159E-017
1303 0.0000E+000
1304 7.8230E-019
1304 2.1884E-017
1305 2.3298E-017
1305 0.0000E+000
1306 -1.2557E-017
1307 1.2422E-018
1307 0.0000E+000
1308 4.5455E-017
1308 0.0000E+000
1309 0.0000E+000
1309 2.2841E-017
1310 0.0000E+000
1311 -1.1713E-017
1311 0.0000E+000
1312 2.2350E-018
1312 0.0000E+000
1313 0.0000E+000
1314 2.3174E-017
1314 0.0000E+000
1315 6.7048E-017
1315 -1.1375E-017
1316 0.0000E+000
1316 4.6331E-017
1317 0.0000E+000
1318 0.0000E+000
1318 -1.1514E-017
1319 0.0000E+000
1319 0.0000E+000
1320 3.6616E-018
1321 0.0000E+000
1321 0.0000E+000
1322 2.2770E-017
1322 9.9178E-018
1323 0.0000E+000
1323 0.0000E+000
1324 4.5872E-017
1325 0.0000E+000
1325 2.2599E-017
1326 -1.2131E-017
1326 0.0000E+000
1327 4.5264E-017
1328 0.0000E+000
1328 0.0000E+000
1329 0.0000E+000
1329 2.1039E-017
1330 -1.1178E-017
1330 2.6223E-017
1331 2.3522E-017
1332 3.2535E-017
1332 0.0000E+000
1333 4.6215E-017
1333 0.0000E+000
1334 0.0000E+000
1335 0.0000E+000
1335 1.6786E-017
1336 0.0000E+000
1336 2.5023E-017
1337 0.0000E+000
1337 0.0000E+000
1338 2.5099E-018
1339 1.9145E-017
1339 0.0000E+000
1340 2.0277E-017
1340 1.8564E-017
1341 0.0000E+000
1342 4.4870E-017
1342 2.1140E-017
1343 1.8496E-017
1343 2.7388E-017
1344 0.0000E+000
1344 0.0000E+000
1345 0.0000E+000
1346 0.0000E+000
1346 2.0855E-017
1347 0.0000E+000
1347 0.0000E+000
1348 2.1821E-017
1349 3.0839E-017
1349 0.0000E+000
1350 2.0098E-017
1350 0.0000E+000
1351 1.9918E-017
1351 0.0000E+000
1352 2.1456E-017
1353 2.0299E-017
1353 0.0000E+000
1354 2.0873E-017
1354 0.0000E+000
1355 0.0000E+000
1356 0.0000E+000
1356 2.2908E-017
1357 0.0000E+000
1357 0.0000E+000
1358 0.0000E+000
1358 0.0000E+000
1359 0.0000E+000
1360 2.0023E-017
1360 0.0000E+000
1361 0.0000E+000
1361 0.0000E+000
1362 2.2160E-017
1363 3.7609E-017
1363 2.0463E-017
1364 0.0000E+000
1364 2.0577E-017
1365 0.0000E+000
1365 0.0000E+000
1366 0.0000E+000
1367 2.4725E-017
1367 0.0000E+000
1368 0.0000E+000
1368 2.2303E-017
1369 0.0000E+000
1370 0.0000E+000
1370 0.0000E+000
1371 0.0000E+000
1371 0.0000E+000
1372 2.2812E-017
1372 0.0000E+000
1373 2.2066E-017
1374 6.2606E-018
1374 5.0203E-017
1375 0.0000E+000
1375 2.0553E-017
1376 0.0000E+000
1377 2.2432E-017
1377 2.3712E-017
1378 0.0000E+000
1378 2.3099E-017
1379 0.0000E+000
1379 0.0000E+000
1380 0.0000E+000
1381 0.0000E+000
1381 2.1906E-017
1382 2.3894E-017
1382 0.0000E+000
1383 0.0000E+000
1384 0.0000E+000
1384 2.4057E-017
1385 0.0000E+000
1385 0.0000E+000
1386 0.0000E+000
1386 0.0000E+000
1387 0.0000E+000
1388 0.0000E+000
1388 2.7027E-017
1389 2.3824E-017
1389 0.0000E+000
1390 0.0000E+000
1391 2.5180E-017
1391 2.6220E-017
1392 0.0000E+000
1392 0.0000E+000
1393 0.0000E+000
1393 0.0000E+000
1394 0.0000E+000
1395 0.0000E+000
1395 0.0000E+000
1396 2.5608E-017
1396 0.0000E+000
1397 0.0000E+000
1398 0.0000E+000
1398 2.6891E-017
1399 0.0000E+000
1399 2.3032E-017
1400 0.0000E+000
1400 5.3018E-017
1401 2.4520E-017
1402 0.0000E+000
1402 2.7803E-017
1403 0.0000E+000
1403 0.0000E+000
1404 2.4177E-017
1405 0.0000E+000
1405 0.0000E+000
1406 0.0000E+000
1406 0.0000E+000
1407 0.0000E+000
1407 2.5619E-017
1408 0.0000E+000
1409 2.6362E-017
1409 2.5280E-017
1410 2.7373E-017
1410 0.0000E+000
1411 0.0000E+000
1412 5.8410E-017
1412 0.0000E+000
1413 0.0000E+000
1413 2.5843E-017
1414 0.0000E+000
1414 2.7828E-017
1415 0.0000E+000
1416 0.0000E+000
1416 0.0000E+000
1417 0.0000E+000
1417 0.0000E+000
1418 2.8123E-017
1419 0.0000E+000
1419 2.7573E-017
1420 0.0000E+000
1420 9.8757E-017
1421 2.9337E-017
1421 3.1114E-017
1422 2.6977E-017
1423 0.0000E+000
1423 5.9272E-017
1424 3.0230E-017
1424 0.0000E+000
1425 2.9132E-017
1426 0.0000E+000
1426 0.0000E+000
1427 6.3307E-017
1427 2.8875E-017
1428 -8.7951E-019
1428 2.9915E-017
1429 6.3428E-017
1430 0.0000E+000
1430 0.0000E+000
1431 0.0000E+000
1431 0.0000E+000
1432 0.0000E+000
1433 3.0384E-017
1433 2.9957E-017
1434 0.0000E+000
1434 3.2094E-017
1435 0.0000E+000
1435 0.0000E+000
1436 0.0000E+000
1437 0.0000E+000
1437 0.0000E+000
1438 0.0000E+000
1438 0.0000E+000
1439 6.0846E-017
1440 0.0000E+000
1440 3.0169E-017
1441 0.0000E+000
1441 0.0000E+000
1442 3.1417E-017
1442 0.0000E+000
1443 0.0000E+000
1444 0.0000E+000
1444 0.0000E+000
1445 3.2159E-017
1445 3.1530E-017
1446 0.0000E+000
1446 3.3015E-017
1447 0.0000E+000
1448 0.0000E+000
1448 0.0000E+000
1449 0.0000E+000
1449 0.0000E+000
1450 0.0000E+000
1451 3.2014E-017
1451 3.1801E-017
1452 0.0000E+000
1452 0.0000E+000
1453 0.0000E+000
1453 7.2746E-017
1454 3.3202E-017
1455 3.2603E-017
1455 3.3042E-017
1456 0.0000E+000
1456 3.3690E-017
1457 7.3699E-017
1458 0.0000E+000
1458 1.2506E-016
1459 0.0000E+000
1459 7.2766E-017
1460 3.4591E-017
1460 0.0000E+000
1461 0.0000E+000
1462 3.2510E-017
1462 0.0000E+000
1463 7.4479E-017
1463 3.7480E-017
1464 0.0000E+000
1465 3.5203E-017
1465 7.6467E-017
1466 0.0000E+000
1466 2.4628E-017
1467 3.7486E-017
1467 3.4874E-017
1468 0.0000E+000
1469 3.6791E-017
1469 3.7197E-017
1470 9.0906E-018
1470 6.6678E-017
1471 0.0000E+000
1472 3.8561E-017
1472 1.6218E-016
1473 3.7817E-017
1473 3.5388E-017
1474 0.0000E+000
1474 3.7284E-017
1475 1.2532E-016
1476 3.4524E-017
1476 0.0000E+000
1477 0.0000E+000
1477 4.3157E-017
1478 3.9630E-017
1479 0.0000E+000
1479 0.0000E+000
1480 3.7134E-017
1480 0.0000E+000
1481 0.0000E+000
1481 0.0000E+000
1482 3.9604E-017
1483 8.3535E-017
1483 8.0652E-017
1484 8.3969E-017
1484 0.0000E+000
1485 3.8479E-017
1486 0.0000E+000
1486 4.0700E-017
1487 8.1585E-017
1487 0.0000E+000
1488 0.0000E+000
1488 3.8095E-017
1489 2.5001E-017
1490 0.0000E+000
1490 8.5007E-017
1491 3.7405E-017
1491 4.3496E-017
1492 4.3918E-017
1493 0.0000E+000
1493 0.0000E+000
1494 4.2188E-017
1494 0.0000E+000
1495 9.3220E-017
1495 4.2889E-017
1496 4.3284E-017
1497 4.0232E-017
1497 0.0000E+000
1498 8.6907E-017
1498 8.7657E-017
1499 0.0000E+000
1500 1.4393E-016
1500 4.9368E-017
1501 4.6247E-017
1501 1.5574E-017
1502 4.4765E-017
1502 4.8311E-017
1503 0.0000E+000
1504 6.3940E-017
1504 0.0000E+000
1505 1.3907E-016
1505 0.0000E+000
1506 4.4463E-017
1507 1.5177E-016
1507 0.0000E+000
1508 9.4443E-017
1508 9.4676E-017
1509 4.9085E-017
1509 0.0000E+000
1510 0.0000E+000
1511 9.7728E-017
1511 1.3180E-016
1512 4.8516E-017
1512 1.5335E-016
1513 0.0000E+000
1514 4.7051E-017
1514 1.5123E-016
1515 1.5294E-016
1515 4.6602E-017
1516 4.8511E-017
1516 0.0000E+000
1517 5.0106E-017
1518 2.6373E-016
1518 0.0000E+000
1519 1.1104E-016
1519 4.7330E-017
1520 1.0194E-016
1521 5.0037E-017
1521 0.0000E+000
1522 0.0000E+000
1522 0.0000E+000
1523 4.9658E-017
1523 0.0000E+000
1524 5.3093E-017
1525 4.9592E-017
1525 5.6008E-017
1526 0.0000E+000
1526 1.2044E-016
1527 0.0000E+000
1528 5.3172E-017
1528 0.0000E+000
1529 0.0000E+000
1529 5.5070E-017
1530 1.0327E-016
1530 0.0000E+000
1531 5.3878E-017
1532 1.1032E-016
1532 5.7587E-017
1533 1.7591E-016
1533 1.1267E-016
1534 1.1273E-016
1535 0.0000E+000
1535 5.3405E-017
1536 0.0000E+000
1536 0.0000E+000
1537 5.4818E-017
1537 1.1509E-016
1538 5.6400E-017
1539 1.1690E-016
1539 1.2059E-016
1540 1.1939E-016
1540 1.1841E-016
1541 1.2252E-016
1541 6.2381E-017
1542 5.8839E-017
1543 1.2622E-016
1543 1.8713E-016
1544 0.0000E+000
1544 1.1857E-016
1545 6.0533E-017
1546 6.0107E-017
1546 1.9320E-016
1547 1.5946E-016
1547 5.9096E-017
1548 6.5356E-017
1548 1.9717E-016
1549 1.9496E-016
1550 6.5766E-017
1550 2.5514E-016
1551 2.6275E-016
1551 1.3314E-016
1552 6.8338E-017
1553 6.7085E-017
1553 0.0000E+000
1554 0.0000E+000
1554 0.0000E+000
1555 0.0000E+000
1555 0.0000E+000
1556 2.7931E-016
1557 1.4336E-016
1557 6.8557E-017
1558 6.7109E-017
1558 2.0366E-016
1559 0.0000E+000
1560 0.0000E+000
1560 1.4143E-016
1561 6.5132E-017
1561 0.0000E+000
1562 0.0000E+000
1562 2.9835E-016
1563 1.7950E-016
1564 1.5310E-016
1564 6.7255E-017
1565 7.3011E-017
1565 0.0000E+000
1566 7.0034E-017
1567 0.0000E+000
1567 3.3773E-017
1568 1.4329E-016
1568 1.4743E-016
1569 2.2585E-016
1569 1.4435E-016
1570 1.4968E-016
1571 7.2854E-017
1571 7.5259E-017
1572 7.5206E-017
1572 7.2889E-017
1573 7.1161E-017
1574 7.3870E-017
1574 7.6056E-017
1575 7.4649E-017
1575 1.5781E-016
1576 0.0000E+000
1576 0.0000E+000
1577 2.4229E-016
1578 7.8173E-017
1578 1.1137E-016
1579 8.0707E-017
1579 1.6273E-016
1580 8.2109E-017
1581 7.6933E-017
1581 8.0366E-017
1582 0.0000E+000
1582 8.0010E-017
1583 4.9570E-016
1583 4.7357E-016
1584 1.7045E-016
1585 2.5427E-016
1585 0.0000E+000
1586 2.5836E-016
1586 8.7984E-017
1587 0.0000E+000
1588 8.3888E-017
1588 0.0000E+000
1589 2.6568E-016
1589 8.5586E-017
1590 8.5136E-017
1590 9.0125E-017
1591 8.5001E-017
1592 0.0000E+000
1592 0.0000E+000
1593 2.8256E-016
1593 3.7209E-016
1594 0.0000E+000
1595 8.5760E-017
1595 9.4426E-017
1596 1.7725E-016
1596 1.9060E-016
1597 4.0190E-016
1597 3.1939E-016
1598 9.2734E-017
1599 1.9525E-016
1599 0.0000E+000
1600 1.9925E-016
1600 1.9886E-016
1601 1.9805E-016
1602 0.0000E+000
1602 0.0000E+000
1603 1.0194E-016
1603 9.7199E-017
1604 1.9244E-016
1604 1.0124E-016
1605 1.1145E-016
1606 0.0000E+000
1606 9.9607E-017
1607 9.8570E-017
1607 9.8210E-017
1608 4.3787E-016
1608 0.0000E+000
1609 0.0000E+000
1610 0.0000E+000
1610 3.2272E-016
1611 3.3147E-016
1611 1.0444E-016
1612 2.2056E-016
1613 3.1950E-016
1613 0.0000E+000
1614 0.0000E+000
1614 0.0000E+000
1615 0.0000E+000
1615 1.0296E-016
1616 0.0000E+000
1617 2.1825E-016
1617 2.2550E-016
1618 1.0496E-016
1618 1.1168E-016
1619 3.7532E-016
1620 0.0000E+000
1620 1.0992E-016
1621 0.0000E+000
1621 2.2864E-016
1622 1.1784E-016
1622 2.2273E-016
1623 2.3858E-016
1624 4.5939E-016
1624 1.1388E-016
1625 2.3439E-016
1625 3.4201E-016
1626 3.7658E-016
1627 2.3340E-016
1627 0.0000E+000
1628 0.0000E+000
1628 1.1185E-016
1629 1.1561E-016
1629 2.3861E-016
1630 3.3845E-016
1631 1.0850E-016
1631 1.1333E-016
1632 3.4323E-016
1632 2.4566E-016
1633 1.1040E-016
1634 2.4091E-016
1634 3.5401E-016
1635 3.7631E-016
1635 5.8300E-016
1636 3.7286E-016
1636 1.2115E-016
1637 1.1679E-016
1638 2.3916E-016
1638 4.9834E-016
1639 0.0000E+000
1639 1.2277E-016
1640 2.9335E-016
1641 1.1876E-016
1641 5.0682E-016
1642 2.4568E-016
1642 2.5125E-016
1643 4.9450E-016
1643 4.8344E-016
1644 6.5001E-016
1645 1.2338E-016
1645 5.1085E-016
1646 5.0608E-016
1646 2.9359E-016
1647 2.4500E-016
1648 4.3089E-016
1648 9.3889E-016
1649 6.3335E-016
1649 0.0000E+000
1650 6.4147E-016
1650 5.3325E-016
1651 7.5686E-016
1652 5.4369E-016
1652 1.1221E-015
1653 5.2575E-016
1653 1.2986E-016
1654 1.3399E-015
1655 5.2813E-016
1655 2.6066E-016
1656 1.3133E-016
1656 5.1787E-016
1657 2.6123E-016
1657 9.0040E-017
1658 1.2561E-016
1659 6.3352E-016
1659 1.3290E-016
1660 2.4643E-016
1660 1.3687E-015
1661 6.6928E-016
1661 8.3372E-016
1662 4.3307E-016
1663 8.3472E-016
1663 1.1221E-015
1664 1.5617E-015
1664 5.2188E-016
1665 7.1564E-016
1666 5.4699E-016
1666 1.2846E-015
1667 9.7999E-016
1667 7.0669E-016
1668 4.1734E-016
1668 2.8900E-016
1669 1.2545E-016
1670 4.3291E-016
1670 2.7203E-016
1671 2.7318E-016
1671 1.3400E-016
1672 7.3632E-016
1673 5.4505E-016
1673 7.2611E-016
1674 8.3570E-016
1674 7.4838E-016
1675 7.0536E-016
1675 0.0000E+000
1676 8.6838E-016
1677 8.5493E-016
1677 7.1938E-016
1678 1.0471E-015
1679 2.0633E-016
1680 8.6531E-016
1682 4.7963E-016
1683 -2.0351E-017
1685 1.2848E-015
1686 4.1084E-016
1688 2.0888E-015
1689 4.4261E-016
1691 1.2476E-015
1692 1.7052E-015
1694 5.2763E-016
1696 4.4226E-016
1697 9.1275E-016
1699 6.3444E-016
1700 6.3069E-016
1702 1.2860E-015
1703 1.5267E-015
1705 1.6985E-015
1706 8.1574E-016
1708 1.2960E-015
1709 1.3794E-015
1711 1.4189E-015
1713 2.9638E-015
1714 1.9721E-015
1716 1.7064E-015
1717 2.4280E-015
1719 1.5673E-015
1720 1.8935E-015
1722 2.3873E-015
1723 3.4077E-015
1725 2.7571E-015
1726 2.2079E-015
1728 2.7449E-015
1730 2.8289E-015
1731 4.0380E-015
1733 2.9002E-015
1734 3.2024E-015
1736 3.3463E-015
1737 2.7665E-015
1739 2.9837E-015
1740 2.2958E-015
1742 2.2855E-015
1743 2.4947E-015
1745 2.8407E-015
1747 3.3889E-015
1748 2.7991E-015
1750 3.5413E-015
1751 3.6252E-015
1753 4.0879E-015
1754 3.6229E-015
1756 3.4814E-015
1757 3.5019E-015
1759 3.6410E-015
1760 3.6673E-015
1762 2.7460E-015
1764 3.0374E-015
1765 2.4232E-015
1767 2.2770E-015
1768 3.3677E-015
1770 3.8222E-015
1771 3.2539E-015
1773 3.8484E-015
1774 3.9180E-015
1776 4.7917E-015
1777 3.9097E-015
1779 4.9343E-015
1780 5.3339E-015
1782 5.8767E-015
1784 3.9905E-015
1785 3.3247E-015
1787 3.7298E-015
1788 4.8289E-015
1790 4.6738E-015
1791 5.2705E-015
1793 4.8303E-015
1794 5.1265E-015
1796 5.4131E-015
1797 4.8408E-015
1799 4.6989E-015
1801 5.6453E-015
1802 5.4682E-015
1804 5.5184E-015
1805 4.4437E-015
1807 3.9755E-015
1808 3.5530E-015
1810 4.7437E-015
1811 4.8294E-015
1813 5.1513E-015
1814 4.7230E-015
1816 5.0533E-015
1818 4.7860E-015
1819 4.3359E-015
1821 4.2055E-015
1822 5.0682E-015
1824 4.7954E-015
1825 5.5043E-015
1827 4.6109E-015
1828 5.2630E-015
1830 5.0700E-015
1831 4.5218E-015
1833 4.3567E-015
1835 4.5839E-015
1836 4.4346E-015
1838 4.7871E-015
1839 4.6977E-015
1841 4.5246E-015
1842 3.4219E-015
1844 3.9269E-015
1845 4.1699E-015
1847 3.2418E-015
1848 3.1633E-015
1850 3.5300E-015
1852 3.9688E-015
1853 3.2594E-015
1855 2.8627E-015
1856 4.4323E-015
1858 3.4686E-015
1859 3.5386E-015
1861 3.6718E-015
1862 3.5383E-015
1864 4.0890E-015
1865 3.9124E-015
1867 4.6144E-015
1869 4.4581E-015
1870 3.7863E-015
1872 4.6131E-015
1873 5.2752E-015
1875 4.9108E-015
1876 3.9828E-015
1878 5.1132E-015
1879 5.1758E-015
1881 4.5991E-015
1882 4.6624E-015
1884 5.1971E-015
1886 5.2538E-015
1887 5.0275E-015
1889 4.9451E-015
1890 5.0182E-015
1892 5.1384E-015
1893 5.2193E-015
1895 5.0867E-015
1896 5.0352E-015
1898 4.7435E-015
1899 3.5444E-015
1901 4.2948E-015
1903 4.2332E-015
1904 4.7066E-015
1906 4.5118E-015
1907 4.8366E-015
1909 5.0240E-015
1910 4.3022E-015
1912 5.1710E-015
1913 5.5149E-015
1915 5.3412E-015
1916 5.2298E-015
1918 5.7568E-015
1920 5.4265E-015
1921 5.0338E-015
1923 5.3888E-015
1924 5.0819E-015
1926 5.3836E-015
1927 4.5845E-015
1929 4.9998E-015
1930 5.6035E-015
1932 4.2977E-015
1933 3.4966E-015
1935 4.5622E-015
1937 3.8369E-015
1938 3.9939E-015
1940 4.9236E-015
1941 5.8209E-015
1943 5.7256E-015
1944 6.4000E-015
1946 5.9841E-015
1947 5.2220E-015
1949 5.6773E-015
1950 5.9502E-015
1952 5.6353E-015
1954 5.4162E-015
1955 5.2102E-015
1957 6.0964E-015
1958 5.6265E-015
1960 6.1620E-015
1961 5.2698E-015
1963 5.8859E-015
1964 5.9793E-015
1966 5.5552E-015
1967 6.2087E-015
1969 5.5599E-015
1971 5.8212E-015
1972 5.6434E-015
1974 6.2237E-015
1975 5.7135E-015
1977 5.0382E-015
1978 5.7464E-015
1980 5.6128E-015
1981 5.9977E-015
1983 6.0978E-015
1984 5.2285E-015
1986 5.8863E-015
1988 4.9438E-015
1989 5.6597E-015
1991 5.3975E-015
1992 5.2103E-015
1994 4.8487E-015
1995 4.7817E-015
1997 5.2458E-015
1998 4.8951E-015
2000 5.4098E-015
2001 4.8969E-015
2003 4.6658E-015
2005 5.3408E-015
2006 4.4969E-015
2008 5.7068E-015
2009 4.8718E-015
2011 4.8857E-015
2012 4.5809E-015
2014 4.8239E-015
2015 5.2446E-015
2017 4.3291E-015
2018 5.7213E-015
2020 5.1378E-015
2022 4.9565E-015
2023 5.0051E-015
2025 4.7329E-015
2026 4.6503E-015
2028 4.8445E-015
2029 5.4893E-015
2031 5.2010E-015
2032 5.3119E-015
2034 5.6176E-015
2036 5.2595E-015
2037 5.2179E-015
2039 5.0821E-015
2040 5.1515E-015
2042 5.5521E-015
2043 5.6245E-015
2045 5.8734E-015
2046 6.5261E-015
2048 5.7023E-015
2049 5.5930E-015
2051 5.8653E-015
2053 5.5687E-015
2054 6.0685E-015
2056 4.9024E-015
2057 4.7330E-015
2059 5.0728E-015
2060 5.0850E-015
2062 5.1010E-015
2063 4.6854E-015
2065 5.5928E-015
2066 5.2777E-015
2068 5.2521E-015
2070 5.3823E-015
2071 5.2063E-015
2073 6.0974E-015
2074 5.9157E-015
2076 6.5601E-015
2077 6.3250E-015
2079 6.2148E-015
2080 6.7021E-015
2082 5.8842E-015
2083 6.7398E-015
2085 5.9898E-015
2087 6.1573E-015
2088 5.9741E-015
2090 6.3465E-015
2091 6.2041E-015
2093 5.7822E-015
2094 5.5735E-015
2096 5.7890E-015
2097 5.5470E-015
2099 5.5481E-015
2100 5.3537E-015
2102 5.7194E-015
2104 5.8270E-015
2105 5.2986E-015
2107 6.2569E-015
2108 5.3805E-015
2110 5.0556E-015
2111 4.5315E-015
2113 5.1592E-015
2114 5.1046E-015
2116 5.3958E-015
2117 5.7102E-015
2119 6.0679E-015
2121 6.3650E-015
2122 6.3982E-015
2124 5.6684E-015
2125 5.2409E-015
2127 4.7460E-015
2128 5.1052E-015
2130 4.8024E-015
2131 4.4399E-015
2133 4.6583E-015
2134 4.2070E-015
2136 4.2021E-015
2138 4.5219E-015
2139 4.7081E-015
2141 4.6374E-015
2142 5.6448E-015
2144 6.0098E-015
2145 4.8997E-015
2147 5.2082E-015
2148 5.0655E-015
2150 5.0445E-015
2151 5.1506E-015
2153 5.3151E-015
2155 5.3676E-015
2156 5.4110E-015
2158 5.0460E-015
2159 4.4929E-015
2161 4.3110E-015
2162 4.7654E-015
2164 4.9232E-015
2165 4.7669E-015
2167 4.2111E-015
2169 4.3630E-015
2170 4.7919E-015
2172 5.0388E-015
2173 4.6812E-015
2175 4.3722E-015
2176 4.2707E-015
2178 5.0302E-015
2179 5.2298E-015
2181 5.2241E-015
2182 5.5736E-015
2184 5.6657E-015
2186 5.4709E-015
2187 4.9394E-015
2189 5.1871E-015
2190 5.7306E-015
2192 5.6750E-015
2193 5.2788E-015
2195 6.0425E-015
2196 6.7845E-015
2198 6.4497E-015
2199 6.0477E-015
2201 6.0648E-015
2203 5.7102E-015
2204 6.3866E-015
2206 6.2360E-015
2207 5.5731E-015
2209 5.3638E-015
2210 5.0989E-015
2212 4.2661E-015
2213 4.4357E-015
2215 4.6724E-015
2216 5.1973E-015
2218 4.2593E-015
2220 4.8035E-015
2221 5.3573E-015
2223 5.0582E-015
2224 4.7390E-015
2226 5.0565E-015
2227 4.9813E-015
2229 5.1374E-015
2230 5.4554E-015
2232 4.9764E-015
2233 5.8134E-015
2235 6.0065E-015
2237 6.0820E-015
2238 6.1200E-015
2240 5.6107E-015
2241 5.7603E-015
2243 4.9393E-015
2244 4.6473E-015
2246 4.6644E-015
2247 5.2362E-015
2249 5.0370E-015
2251 4.0458E-015
2252 4.9032E-015
2254 5.1100E-015
2255 4.4153E-015
2257 4.2445E-015
2258 4.7777E-015
2260 5.1246E-015
2261 4.4630E-015
2263 4.8616E-015
2264 5.2945E-015
2266 4.2701E-015
2268 4.4360E-015
2269 4.1412E-015
2271 4.9116E-015
2272 4.6241E-015
2274 4.6217E-015
2275 4.5091E-015
2277 4.7281E-015
2278 4.9489E-015
2280 5.1769E-015
2281 5.1782E-015
2283 6.0767E-015
2285 5.0541E-015
2286 6.0807E-015
2288 5.6058E-015
2289 5.2091E-015
2291 5.4153E-015
2292 5.5309E-015
2294 4.8115E-015
2295 4.9234E-015
2297 4.5788E-015
2298 4.0533E-015
2300 3.8311E-015
2302 3.9951E-015
2303 4.8139E-015
2305 4.5434E-015
2306 4.8869E-015
2308 4.9707E-015
2309 4.4200E-015
2311 5.2898E-015
2312 4.4674E-015
2314 3.9229E-015
2316 4.5948E-015
2317 4.9483E-015
2319 4.9221E-015
2320 4.5364E-015
2322 4.4712E-015
2323 5.0018E-015
2325 5.0360E-015
2326 4.2686E-015
2328 3.9777E-015
2329 4.6240E-015
2331 4.7386E-015
2333 4.1446E-015
2334 3.6748E-015
2336 4.2314E-015
2337 3.9261E-015
2339 3.6651E-015
2340 3.5127E-015
2342 4.1922E-015
2343 3.8159E-015
2345 3.0114E-015
2346 3.1110E-015
2348 3.2809E-015
2350 3.6026E-015
2351 4.5948E-015
2353 4.9890E-015
2354 5.2213E-015
2356 4.4026E-015
2357 4.6003E-015
2359 4.4452E-015
2360 3.4559E-015
2362 3.5720E-015
2364 4.5868E-015
2365 3.8439E-015
2367 3.8929E-015
2368 4.4325E-015
2370 4.6411E-015
2371 4.5124E-015
2373 4.9541E-015
2374 4.1322E-015
2376 3.8548E-015
2377 4.5397E-015
2379 4.9136E-015
2381 4.0693E-015
2382 3.2079E-015
2384 2.6631E-015
2385 3.0462E-015
2387 4.6785E-015
2388 4.2649E-015
2390 3.3814E-015
2391 4.2961E-015
2393 4.4396E-015
2394 4.5331E-015
2396 3.5769E-015
2398 3.2966E-015
2399 3.5808E-015
2401 3.7555E-015
2402 4.0409E-015
2404 3.9931E-015
2405 3.9951E-015
2407 2.9659E-015
2408 3.3359E-015
2410 3.8123E-015
2412 3.2467E-015
2413 3.1865E-015
2415 3.8701E-015
2416 4.1720E-015
2418 4.3976E-015
2419 4.4773E-015
2421 4.9359E-015
2422 6.2568E-015
2424 5.2360E-015
2425 4.6869E-015
2427 5.0309E-015
2429 4.8415E-015
2430 4.9568E-015
2432 5.1762E-015
2433 5.0916E-015
2435 4.8016E-015
2436 4.6746E-015
2438 4.5706E-015
2439 4.5730E-015
2441 4.5727E-015
2442 5.3645E-015
2444 5.3911E-015
2446 5.0886E-015
2447 4.5014E-015
2449 4.7090E-015
2450 4.9588E-015
2452 4.8047E-015
2453 4.6345E-015
2455 4.6881E-015
2456 5.1102E-015
2458 5.2868E-015
2460 4.8910E-015
2461 4.7853E-015
2463 4.5745E-015
2464 4.2917E-015
2466 4.0841E-015
2467 4.7366E-015
2469 4.3168E-015
2470 4.5198E-015
2472 4.6745E-015
2473 4.5810E-015
2475 5.2809E-015
2477 4.9734E-015
2478 4.6066E-015
2480 4.4990E-015
2481 5.0612E-015
2483 5.1358E-015
2484 4.2592E-015
2486 4.9166E-015
2487 5.2920E-015
2489 4.9996E-015
2490 4.8186E-015
2492 3.9465E-015
2494 4.7462E-015
2495 5.4162E-015
2497 5.4213E-015
2498 5.8475E-015
2500 5.1869E-015
2501 6.0076E-015
2503 5.2278E-015
2504 5.7886E-015
2506 5.5096E-015
2508 4.9216E-015
2509 5.0802E-015
2511 5.7232E-015
2512 4.6687E-015
2514 4.6473E-015
2515 4.6787E-015
2517 4.7084E-015
2518 4.5356E-015
2520 4.1302E-015
2521 4.4231E-015
2523 4.0945E-015
2525 4.0164E-015
2526 3.7516E-015
2528 3.3299E-015
2529 3.5770E-015
2531 3.3402E-015
2532 3.9439E-015
2534 4.2425E-015
2535 3.7790E-015
2537 3.9536E-015
2539 4.0922E-015
2540 3.7578E-015
2542 3.8611E-015
2543 3.8550E-015
2545 4.4450E-015
2546 3.7869E-015
2548 4.2592E-015
2549 3.6406E-015
2551 3.9097E-015
2552 4.3614E-015
2554 5.5883E-015
2556 5.5159E-015
2557 5.2560E-015
2559 5.0372E-015
2560 5.2563E-015
2562 5.3149E-015
2563 4.5865E-015
2565 4.9697E-015
2566 5.7934E-015
2568 5.8141E-015
2569 5.5747E-015
2571 5.4677E-015
2573 5.6008E-015
2574 5.4439E-015
2576 5.4848E-015
2577 5.0146E-015
2579 5.0401E-015
2580 5.3289E-015
2582 6.0116E-015
2583 5.5630E-015
2585 5.3799E-015
2587 5.1590E-015
2588 5.0720E-015
2590 6.0226E-015
2591 6.2504E-015
2593 5.4521E-015
2594 5.6284E-015
2596 5.7533E-015
2597 6.0173E-015
2599 5.1565E-015
2600 3.6361E-015
2602 5.2642E-015
2604 6.3649E-015
2605 5.8744E-015
2607 4.2540E-015
2608 3.6654E-015
2610 4.3390E-015
2611 4.5395E-015
2613 4.0827E-015
2614 3.9753E-015
2616 4.7473E-015
2618 6.0854E-015
2619 5.4706E-015
2621 5.6590E-015
2622 5.5617E-015
2624 5.8015E-015
2625 6.2017E-015
2627 5.6222E-015
2628 5.5972E-015
2630 5.2166E-015
2631 4.3268E-015
2633 4.4547E-015
2635 6.3089E-015
2636 6.9551E-015
2638 7.1167E-015
2639 7.4073E-015
2641 7.3484E-015
2642 7.4057E-015
2644 7.9979E-015
2645 8.0815E-015
2647 8.0154E-015
2649 7.5773E-015
2650 8.1390E-015
2652 7.8762E-015
2653 7.4813E-015
2655 7.9398E-015
2656 8.3123E-015
2658 8.2220E-015
2659 7.6992E-015
2661 7.3819E-015
2662 7.1840E-015
2664 7.2637E-015
2666 6.4093E-015
2667 6.3147E-015
2669 6.3913E-015
2670 7.1440E-015
2672 7.2653E-015
2673 6.5936E-015
2675 7.3160E-015
2676 8.0586E-015
2678 7.3617E-015
2680 7.1530E-015
2681 6.9569E-015
2683 7.2598E-015
2684 7.2454E-015
2686 7.0669E-015
2687 6.7297E-015
2689 6.6277E-015
2690 6.7643E-015
2692 6.5875E-015
2693 6.7008E-015
2695 6.7183E-015
2697 6.5177E-015
2698 6.7566E-015
2700 6.2896E-015
2701 6.8896E-015
2703 6.4821E-015
2704 6.7897E-015
2706 7.3552E-015
2707 6.5706E-015
2709 6.7845E-015
2711 6.0379E-015
2712 6.5466E-015
2714 6.9406E-015
2715 7.1034E-015
2717 6.7899E-015
2718 6.3215E-015
2720 6.4648E-015
2721 6.3417E-015
2723 6.9397E-015
2724 6.5427E-015
2726 6.6184E-015
2728 6.2337E-015
2729 6.3440E-015
2731 7.1466E-015
2732 7.3065E-015
2734 7.2185E-015
2735 7.0396E-015
2737 6.7744E-015
2738 5.8906E-015
2740 5.8254E-015
2742 5.9579E-015
2743 5.8825E-015
2745 5.3643E-015
2746 5.4202E-015
2748 5.0193E-015
2749 5.4179E-015
2751 4.8784E-015
2752 5.3773E-015
2754 5.9740E-015
2755 5.5270E-015
2757 5.4878E-015
2759 5.8559E-015
2760 6.7106E-015
2762 6.1908E-015
2763 6.1615E-015
2765 6.3809E-015
2766 6.8851E-015
2768 6.9500E-015
2769 6.2285E-015
2771 6.4064E-015
2773 7.5684E-015
2774 7.0423E-015
2776 7.3339E-015
2777 6.8112E-015
2779 6.8096E-015
2780 6.5423E-015
2782 6.4797E-015
2783 6.4330E-015
2785 6.5595E-015
2786 6.9652E-015
2788 6.5265E-015
2790 7.1725E-015
2791 6.0184E-015
2793 5.3173E-015
2794 4.2848E-015
2796 2.6250E-015
2797 2.2715E-015
2799 3.0290E-015
2800 3.6846E-015
2802 3.8690E-015
2804 2.6629E-015
2805 3.7543E-015
2807 5.1208E-015
2808 6.5286E-015
2810 7.0922E-015
2811 7.3870E-015
2813 7.0397E-015
2814 7.2473E-015
2816 8.1502E-015
2818 8.1874E-015
2819 7.8443E-015
2821 8.4006E-015
2822 8.0076E-015
2824 7.8890E-015
2825 8.8555E-015
2827 8.3675E-015
2828 7.6627E-015
2830 8.0558E-015
2831 8.1490E-015
2833 8.0126E-015
2835 8.0513E-015
2836 7.3948E-015
2838 7.7112E-015
2839 7.3815E-015
2841 6.8555E-015
2842 6.6421E-015
2844 6.7193E-015
2845 7.6863E-015
2847 7.7076E-015
2849 7.0098E-015
2850 6.4489E-015
2852 6.3984E-015
2853 5.7333E-015
2855 6.3176E-015
2856 7.4280E-015
2858 6.7323E-015
2859 7.3837E-015
2861 7.9065E-015
2862 7.8510E-015
2864 8.0243E-015
2866 7.4519E-015
2867 7.0349E-015
2869 6.6822E-015
2870 6.4553E-015
2872 6.9217E-015
2873 7.7767E-015
2875 6.8388E-015
2876 7.1229E-015
2878 6.8557E-015
2880 7.4538E-015
2881 7.3443E-015
2883 6.9256E-015
2884 8.4023E-015
2886 7.7868E-015
2887 8.0430E-015
2889 7.8144E-015
2890 7.2683E-015
2892 7.1378E-015
2894 7.0400E-015
2895 7.0801E-015
2897 7.2598E-015
2898 7.9893E-015
2900 8.1286E-015
2901 8.5854E-015
2903 8.6334E-015
2904 8.4455E-015
2906 8.7089E-015
2907 9.3407E-015
2909 8.2140E-015
2911 8.2500E-015
2912 8.4525E-015
2914 9.2882E-015
2915 8.7654E-015
2917 9.4572E-015
2918 8.5660E-015
2920 8.7285E-015
2921 9.0268E-015
2923 8.7370E-015
2925 7.5939E-015
2926 7.6795E-015
2928 8.1922E-015
2929 7.8575E-015
2931 7.7827E-015
2932 8.4160E-015
2934 8.5896E-015
2935 8.0004E-015
2937 8.4311E-015
2938 8.4355E-015
2940 8.0836E-015
2942 8.0493E-015
2943 9.0324E-015
2945 7.6852E-015
2946 8.6654E-015
2948 8.1618E-015
2949 7.5172E-015
2951 8.4590E-015
2952 8.9617E-015
2954 8.2498E-015
2956 8.6654E-015
2957 9.1698E-015
2959 9.1379E-015
2960 8.9851E-015
2962 9.1714E-015
2963 9.2075E-015
2965 8.9780E-015
2966 7.7703E-015
2968 9.3019E-015
2970 8.3221E-015
2971 7.8316E-015
2973 8.7846E-015
2974 8.2999E-015
2976 9.3738E-015
2977 8.4412E-015
2979 9.3252E-015
2980 7.9192E-015
2982 8.0146E-015
2983 8.5609E-015
2985 7.9804E-015
2987 7.7662E-015
2988 8.4174E-015
2990 8.2304E-015
2991 8.8802E-015
2993 9.7106E-015
2994 9.1141E-015
2996 9.5075E-015
2997 1.0074E-014
2999 9.6284E-015
3001 8.0683E-015
3002 8.6551E-015
3004 8.2707E-015
3005 8.5613E-015
3007 9.2027E-015
3008 8.8430E-015
3010 9.7412E-015
3011 1.0030E-014
3013 9.5837E-015
3015 8.8179E-015
3016 9.0940E-015
3018 8.8637E-015
3019 8.9572E-015
3021 8.5317E-015
3022 8.8563E-015
3024 9.5464E-015
3025 9.6057E-015
3027 8.6519E-015
3028 9.0145E-015
3030 8.7608E-015
3032 8.9959E-015
3033 8.8236E-015
3035 9.1523E-015
3036 9.9561E-015
3038 9.4916E-015
3039 9.5585E-015
3041 9.0492E-015
3042 8.0267E-015
3044 9.5627E-015
3046 8.9187E-015
3047 9.3404E-015
3049 8.9350E-015
3050 9.5941E-015
3052 8.9011E-015
3053 9.3281E-015
3055 9.5264E-015
3056 8.9039E-015
3058 8.1897E-015
3060 8.2052E-015
3061 8.8805E-015
3063 9.0794E-015
3064 9.5457E-015
3067 8.9813E-015
3070 8.5421E-015
3073 9.3904E-015
3076 8.8727E-015
3078 9.3184E-015
3081 9.5910E-015
3084 9.8749E-015
3087 9.5454E-015
3089 9.3627E-015
3092 8.9210E-015
3095 8.5417E-015
3098 8.5188E-015
3100 8.3180E-015
3103 8.9619E-015
3106 8.5301E-015
3109 9.4043E-015
3111 9.7861E-015
3114 9.8668E-015
3117 8.9901E-015
3120 8.1824E-015
3122 8.6834E-015
3125 8.7586E-015
3128 9.0463E-015
3131 9.5046E-015
3133 8.8781E-015
3136 9.0114E-015
3139 9.0068E-015
3141 8.9000E-015
3144 8.5364E-015
3147 8.8824E-015
3150 9.4495E-015
3152 9.5410E-015
3155 9.4683E-015
3158 9.1329E-015
3161 8.9609E-015
3163 8.7614E-015
3166 9.3706E-015
3169 9.6965E-015
3172 9.6566E-015
3174 1.0099E-014
3177 9.3069E-015
3180 8.5721E-015
3183 8.4212E-015
3185 8.9299E-015
3188 8.6771E-015
3191 8.4891E-015
3194 8.5698E-015
3196 8.6567E-015
3199 9.3881E-015
3202 9.6526E-015
3205 1.0045E-014
3207 9.5204E-015
3210 8.3051E-015
3213 8.5122E-015
3216 8.7636E-015
3218 8.5946E-015
3221 9.0152E-015
3224 9.4329E-015
3227 8.6805E-015
3229 8.3615E-015
3232 7.9962E-015
3235 8.5242E-015
3238 8.8712E-015
3240 9.1238E-015
3243 9.0345E-015
3246 8.7749E-015
3249 8.9226E-015
3251 8.8203E-015
3254 9.1491E-015
3257 9.6279E-015
3260 9.7713E-015
3262 9.2131E-015
3265 9.5205E-015
3268 9.7615E-015
3271 9.5769E-015
3273 9.3621E-015
3276 8.7939E-015
3279 9.0341E-015
3282 9.7285E-015
3284 9.8641E-015
3287 9.6545E-015
3290 9.7143E-015
3293 1.0007E-014
3295 9.6134E-015
3298 9.7592E-015
3301 9.9253E-015
3304 9.6941E-015
3306 9.1431E-015
3309 9.4658E-015
3312 9.7557E-015
3315 9.5048E-015
3317 9.7649E-015
3320 9.9253E-015
3323 9.3078E-015
3326 9.1829E-015
3328 9.4433E-015
3331 9.6459E-015
3334 9.4362E-015
3337 8.9345E-015
3339 9.1757E-015
3342 9.0913E-015
3345 9.1216E-015
3348 9.5512E-015
3350 9.0056E-015
3353 9.6259E-015
3356 9.9203E-015
3359 9.7786E-015
3361 9.2509E-015
3364 9.5690E-015
3367 9.1734E-015
3370 9.1164E-015
3372 8.8312E-015
3375 9.3632E-015
3378 9.6379E-015
3381 8.7488E-015
3383 9.1475E-015
3386 9.3942E-015
3389 9.6095E-015
3392 9.2747E-015
3394 9.1726E-015
3397 9.7810E-015
3400 9.6801E-015
3402 9.4296E-015
3405 9.4968E-015
3408 8.8555E-015
3411 9.8942E-015
3413 9.3501E-015
3416 9.3277E-015
3419 9.6169E-015
3422 8.8298E-015
3424 9.3373E-015
3427 9.9633E-015
3430 9.5592E-015
3433 9.6742E-015
3435 9.8693E-015
3438 9.5249E-015
3441 8.7403E-015
3444 8.7925E-015
3446 9.4873E-015
3449 9.6167E-015
3452 9.7658E-015
3455 9.3575E-015
3457 9.0737E-015
3460 9.1006E-015
3463 9.2376E-015
3466 9.4145E-015
3468 9.7297E-015
3471 9.6385E-015
3474 9.3561E-015
3477 9.1708E-015
3479 9.5907E-015
3482 9.4825E-015
3485 9.5368E-015
3488 9.5108E-015
3490 9.0304E-015
3493 8.5889E-015
3496 8.8277E-015
3499 8.8419E-015
3501 8.9627E-015
3504 9.6532E-015
3507 9.4651E-015
3510 9.1944E-015
3512 9.3312E-015
3515 9.5641E-015
3518 9.3846E-015
3521 9.3319E-015
3523 9.1064E-015
3526 8.8793E-015
3529 9.4688E-015
3532 9.8134E-015
3534 9.8732E-015
3537 9.5288E-015
3540 1.0130E-014
3543 9.7536E-015
3545 9.9754E-015
3548 1.0053E-014
3551 9.5268E-015
3554 9.7964E-015
3556 9.7765E-015
3559 9.8201E-015
3562 9.9686E-015
3565 9.8104E-015
3567 9.4746E-015
3570 9.0130E-015
3573 9.2285E-015
3576 9.8427E-015
3578 9.4863E-015
3581 9.4729E-015
3584 9.0661E-015
3587 8.6753E-015
3589 8.9667E-015
3592 9.5915E-015
3595 9.6505E-015
3598 9.5928E-015
3600 9.3377E-015
3603 9.1193E-015
3606 9.4950E-015
3609 9.4188E-015
3611 9.0625E-015
3614 9.2012E-015
3617 9.2884E-015
3620 9.2674E-015
3622 9.4147E-015
3625 9.7802E-015
3628 1.0166E-014
3631 9.4937E-015
3633 9.1396E-015
3636 9.6529E-015
3639 9.7801E-015
3642 9.7511E-015
3644 9.6052E-015
3647 9.7738E-015
3650 9.6850E-015
3653 9.5274E-015
3655 1.0193E-014
3658 1.0388E-014
3661 9.9303E-015
3664 1.0188E-014
3666 9.9930E-015
3669 9.7811E-015
3672 1.0371E-014
3675 1.0271E-014
3677 9.8086E-015
3680 9.9724E-015
3683 9.9286E-015
3686 9.4661E-015
3688 9.7431E-015
3691 9.8685E-015
3694 1.0276E-014
3697 1.0070E-014
3699 1.0604E-014
3702 1.0919E-014
3705 1.0103E-014
3708 9.9506E-015
3710 9.8688E-015
3713 9.4173E-015
3716 1.0914E-014
3719 1.1917E-014
3721 1.0361E-014
3724 1.0036E-014
3727 1.2366E-014
3730 1.2275E-014
3732 1.1061E-014
3735 9.1613E-015
3738 1.0860E-014
3741 1.2733E-014
3743 1.3109E-014
3746 1.1969E-014
3749 9.8171E-015
3752 9.7981E-015
3754 1.2248E-014
3757 1.4217E-014
3760 1.4095E-014
3763 1.4652E-014
3765 1.3543E-014
3768 1.2104E-014
3771 9.9413E-015
3774 1.1629E-014
3776 1.3837E-014
3779 1.6163E-014
3782 1.7588E-014
3785 1.7828E-014
3787 1.6546E-014
3790 1.5832E-014
3793 1.4100E-014
3796 1.1890E-014
3798 9.7244E-015
3801 1.1858E-014
3804 1.4716E-014
3807 1.6265E-014
3809 1.8260E-014
3812 1.8713E-014
3815 1.8342E-014
3818 1.8474E-014
3820 1.8547E-014
3823 1.7535E-014
3826 1.6583E-014
3829 1.5035E-014
3831 1.3508E-014
3834 1.0733E-014
3837 9.3522E-015
3840 1.1841E-014
3842 1.4258E-014
3845 1.6629E-014
3848 1.8499E-014
3851 1.9195E-014
3853 2.0381E-014
3856 2.0448E-014
3859 2.0609E-014
3861 2.1019E-014
3864 2.1309E-014
3867 2.2010E-014
3870 2.1472E-014
3872 2.0629E-014
3875 1.9831E-014
3878 1.8763E-014
3881 1.7326E-014
3883 1.5883E-014
3886 1.3208E-014
3889 1.0086E-014
3892 1.0956E-014
3894 1.3793E-014
3897 1.5629E-014
3900 1.6916E-014
3903 1.8233E-014
3905 1.9022E-014
3908 2.0533E-014
3911 2.1895E-014
3914 2.1726E-014
3916 2.1740E-014
3919 2.1911E-014
3922 2.2490E-014
3925 2.2725E-014
3927 2.2713E-014
3930 2.0235E-014
3933 1.6444E-014
3936 1.6392E-014
3938 2.0870E-014
3941 2.2033E-014
3944 2.1683E-014
3947 2.1774E-014
3949 2.0648E-014
3952 2.0186E-014
3955 2.0195E-014
3958 1.8878E-014
3960 1.7849E-014
3963 1.6440E-014
3966 1.3597E-014
3969 1.0023E-014
3971 9.9405E-015
3974 1.2247E-014
3977 1.4993E-014
3980 1.7519E-014
3982 1.8426E-014
3985 1.9630E-014
3988 2.0326E-014
3991 2.1305E-014
3993 2.2129E-014
3996 2.1465E-014
3999 2.2251E-014
4002 2.2880E-014
4004 2.2834E-014
4007 2.2335E-014
4010 2.4237E-014
4013 2.3722E-014
4015 2.3678E-014
4018 2.4006E-014
4021 2.4526E-014
4024 2.4462E-014
4026 2.4154E-014
4029 2.4207E-014
4032 2.3148E-014
4035 2.3598E-014
4037 2.4308E-014
4040 2.4833E-014
4043 2.4443E-014
4046 2.3490E-014
4048 2.4102E-014
4051 2.4151E-014
4054 2.3973E-014
4057 2.3298E-014
4059 2.3319E-014
4062 2.3501E-014
4065 2.2274E-014
4068 2.2212E-014
4070 2.2529E-014
4073 2.1525E-014
4076 2.1243E-014
4079 2.0026E-014
4081 2.0901E-014
4084 2.0823E-014
4087 1.9894E-014
4090 1.9871E-014
4092 1.8585E-014
4095 1.6585E-014
4098 1.4396E-014
4101 1.1566E-014
4103 1.0433E-014
4106 1.2679E-014
4109 1.5268E-014
4112 1.7062E-014
4114 1.8672E-014
4117 1.9965E-014
4120 2.0240E-014
4123 2.0680E-014
4125 2.1420E-014
4128 2.1353E-014
4131 2.1098E-014
4134 2.1531E-014
4136 2.2529E-014
4139 2.3699E-014
4142 2.3236E-014
4145 2.2817E-014
4147 2.3152E-014
4150 2.3084E-014
4153 2.3383E-014
4156 2.2357E-014
4158 2.2615E-014
4161 2.3234E-014
4164 2.3467E-014
4167 2.3473E-014
4169 2.3323E-014
4172 2.2383E-014
4175 2.1771E-014
4178 2.1944E-014
4180 2.1999E-014
4183 2.2240E-014
4186 2.2468E-014
4189 2.1944E-014
4191 2.3036E-014
4194 2.3190E-014
4197 2.2714E-014
4200 2.2167E-014
4202 2.2141E-014
4205 2.2578E-014
4208 2.3270E-014
4211 2.3209E-014
4213 2.3262E-014
4216 2.2461E-014
4219 2.2582E-014
4222 2.2687E-014
4224 2.2848E-014
4227 2.1606E-014
4230 2.2850E-014
4233 2.2834E-014
4235 2.1975E-014
4238 2.2274E-014
4241 2.2641E-014
4244 2.3262E-014
4246 2.2456E-014
4249 2.1834E-014
4252 2.1892E-014
4255 2.2594E-014
4257 2.2650E-014
4260 2.2507E-014
4263 2.2922E-014
4266 2.3053E-014
4268 2.3077E-014
4271 2.2104E-014
4274 2.1228E-014
4277 2.2265E-014
4279 2.2786E-014
4282 2.2561E-014
4285 2.1884E-014
4288 2.1929E-014
4290 2.1022E-014
4293 2.1118E-014
4296 2.1285E-014
4299 2.0472E-014
4301 1.9891E-014
4304 2.0138E-014
4307 2.0504E-014
4310 2.0130E-014
4312 2.0374E-014
4315 1.9765E-014
4318 1.9808E-014
4320 1.9665E-014
4323 1.9219E-014
4326 1.7989E-014
4329 1.7573E-014
4331 1.6633E-014
4334 1.5602E-014
4337 1.2954E-014
4340 1.1336E-014
4342 1.0039E-014
4345 1.2294E-014
4348 1.4610E-014
4351 1.5912E-014
4353 1.6985E-014
4356 1.8053E-014
4359 1.8943E-014
4362 1.9693E-014
4364 2.0307E-014
4367 2.0706E-014
4370 2.0122E-014
4373 2.0131E-014
4375 2.0278E-014
4378 2.0802E-014
4381 2.1437E-014
4384 2.0702E-014
4386 2.0292E-014
4389 2.1137E-014
4392 2.1039E-014
4395 2.1196E-014
4397 2.0775E-014
4400 2.1110E-014
4403 2.0818E-014
4406 2.0977E-014
4408 2.1476E-014
4411 2.1412E-014
4414 2.1364E-014
4417 2.0709E-014
4419 2.0749E-014
4422 2.1493E-014
4425 2.1365E-014
4428 2.1616E-014
4430 2.1668E-014
4433 2.1837E-014
4436 2.1582E-014
4439 2.1776E-014
4441 2.1297E-014
4444 2.0698E-014
4447 2.0795E-014
4450 2.1098E-014
4452 2.1209E-014
4455 2.0982E-014
4458 2.0907E-014
4461 2.0941E-014
4463 2.0581E-014
4466 2.1020E-014
4469 2.0447E-014
4472 2.0737E-014
4474 2.1063E-014
4477 2.1064E-014
4480 2.0838E-014
4483 1.9850E-014
4485 2.0891E-014
4488 2.0744E-014
4491 2.0759E-014
4494 2.0580E-014
4496 2.0802E-014
4499 2.1412E-014
4502 2.1166E-014
4505 2.1735E-014
4507 2.1387E-014
4510 2.1420E-014
4513 2.1693E-014
4516 2.0827E-014
4518 2.0822E-014
4521 2.0550E-014
4524 2.0413E-014
4527 2.0566E-014
4529 2.0291E-014
4532 2.0704E-014
4535 2.0134E-014
4538 2.0929E-014
4540 2.1001E-014
4543 2.0838E-014
4546 2.0748E-014
4549 1.9926E-014
4551 1.9668E-014
4554 1.9782E-014
4557 1.9832E-014
4560 2.0263E-014
4562 2.0776E-014
4565 2.0382E-014
4568 2.0654E-014
4571 2.0666E-014
4573 2.0305E-014
4576 2.0979E-014
4579 2.0585E-014
4581 2.0390E-014
4584 1.9529E-014
4587 2.0439E-014
4590 1.9974E-014
4592 2.0104E-014
4595 2.0494E-014
4598 2.0150E-014
4601 2.0246E-014
4603 2.0499E-014
4606 2.0666E-014
4609 2.0834E-014
4612 2.0543E-014
4614 2.0831E-014
4617 2.0412E-014
4620 2.0239E-014
4623 2.0425E-014
4625 2.0655E-014
4628 2.0155E-014
4631 2.0061E-014
4634 2.0257E-014
4636 2.0252E-014
4639 2.0160E-014
4642 2.0442E-014
4645 2.0123E-014
4647 1.9980E-014
4650 1.9914E-014
4653 2.0172E-014
4656 2.0153E-014
4658 2.0135E-014
4661 2.0027E-014
4664 2.0373E-014
4667 1.9665E-014
4669 1.9261E-014
4672 2.0089E-014
4675 1.9995E-014
4678 1.9772E-014
4680 1.9776E-014
4683 1.9624E-014
4686 1.9891E-014
4689 2.0069E-014
4691 2.0022E-014
4694 1.9972E-014
4697 1.9859E-014
4700 1.9554E-014
4702 1.9216E-014
4705 1.9175E-014
4708 1.9283E-014
4711 1.9356E-014
4713 1.9574E-014
4716 1.9169E-014
4719 1.9541E-014
4722 1.9930E-014
4724 1.9588E-014
4727 1.9617E-014
4730 1.9513E-014
4733 1.8974E-014
4735 1.9340E-014
4738 1.9425E-014
4741 1.9306E-014
4744 1.9371E-014
4746 1.9034E-014
4749 1.9239E-014
4752 1.9412E-014
4754 1.9133E-014
4757 1.9052E-014
4760 1.9293E-014
4763 1.8952E-014
4765 1.8968E-014
4768 1.9129E-014
4771 1.8847E-014
4774 1.9146E-014
4776 1.9197E-014
4779 1.9291E-014
4782 1.8815E-014
4785 1.8841E-014
4787 1.8752E-014
4790 1.8284E-014
4793 1.8762E-014
4796 1.8906E-014
4798 1.8838E-014
4801 1.8205E-014
4804 1.8506E-014
4807 1.8277E-014
4809 1.8304E-014
4812 1.7934E-014
4815 1.7898E-014
4818 1.8278E-014
4820 1.8233E-014
4823 1.8202E-014
4826 1.7887E-014
4829 1.7625E-014
4831 1.7061E-014
4834 1.7326E-014
4837 1.6990E-014
4840 1.6483E-014
4842 1.6537E-014
4845 1.5906E-014
4848 1.5216E-014
4851 1.4792E-014
4853 1.3803E-014
4856 1.2455E-014
4859 1.0892E-014
4862 9.3204E-015
4864 9.5059E-015
4867 1.1141E-014
4870 1.2781E-014
4873 1.3437E-014
4875 1.4449E-014
4878 1.5077E-014
4881 1.5912E-014
4883 1.6122E-014
4886 1.5877E-014
4889 1.6388E-014
4892 1.6266E-014
4894 1.6733E-014
4897 1.7121E-014
4900 1.6825E-014
4903 1.6930E-014
4905 1.7228E-014
4908 1.7334E-014
4911 1.7466E-014
4914 1.7686E-014
4916 1.7091E-014
4919 1.6724E-014
4922 1.6555E-014
4925 1.6649E-014
4927 1.7127E-014
4930 1.7515E-014
4933 1.7326E-014
4936 1.7038E-014
4938 1.7143E-014
4941 1.7442E-014
4944 1.7678E-014
4947 1.7916E-014
4949 1.8096E-014
4952 1.7796E-014
4955 1.7760E-014
4958 1.7293E-014
4960 1.7279E-014
4963 1.7860E-014
4966 1.7412E-014
4969 1.7499E-014
4971 1.7593E-014
4974 1.7853E-014
4977 1.7927E-014
4980 1.7431E-014
4982 1.6961E-014
4985 1.6374E-014
4988 1.6787E-014
4991 1.7356E-014
4993 1.7276E-014
4996 1.7505E-014
4999 1.7233E-014
5001 1.7196E-014
5004 1.6883E-014
5007 1.6586E-014
5010 1.6971E-014
5012 1.6754E-014
5015 1.6910E-014
5018 1.6760E-014
5021 1.6592E-014
5023 1.6755E-014
5026 1.7227E-014
5029 1.7379E-014
5032 1.7383E-014
5034 1.7238E-014
5037 1.7063E-014
5040 1.6970E-014
5043 1.6728E-014
5045 1.6918E-014
5048 1.6984E-014
5051 1.6835E-014
5054 1.6976E-014
5056 1.7308E-014
5059 1.7117E-014
5062 1.7229E-014
5065 1.7099E-014
5067 1.7199E-014
5070 1.6823E-014
5073 1.6653E-014
5076 1.6898E-014
5078 1.6516E-014
5081 1.6505E-014
5084 1.6384E-014
5087 1.6550E-014
5089 1.6691E-014
5092 1.6896E-014
5095 1.6986E-014
5097 1.7132E-014
5100 1.6740E-014
5103 1.6767E-014
5106 1.6857E-014
5108 1.6729E-014
5111 1.6773E-014
5114 1.6626E-014
5117 1.6967E-014
5119 1.6690E-014
5122 1.6753E-014
5125 1.6437E-014
5128 1.6392E-014
5130 1.6458E-014
5133 1.6310E-014
5136 1.6467E-014
5139 1.5980E-014
5141 1.5850E-014
5144 1.6268E-014
5147 1.6391E-014
5150 1.6396E-014
5152 1.6360E-014
5155 1.5990E-014
5158 1.6364E-014
5161 1.6408E-014
5163 1.6350E-014
5166 1.5734E-014
5169 1.4937E-014
5172 1.4962E-014
5174 1.5284E-014
5177 1.6166E-014
5180 1.6080E-014
5182 1.5815E-014
5185 1.5737E-014
5188 1.5891E-014
5191 1.5444E-014
5193 1.5639E-014
5196 1.5665E-014
5199 1.5489E-014
5202 1.5678E-014
5204 1.5511E-014
5207 1.5452E-014
5210 1.5659E-014
5213 1.5869E-014
5215 1.5951E-014
5218 1.5527E-014
5221 1.6068E-014
5224 1.6230E-014
5226 1.5214E-014
5229 1.5073E-014
5232 1.5421E-014
5235 1.5180E-014
5237 1.5650E-014
5240 1.6253E-014
5243 1.6203E-014
5246 1.6044E-014
5248 1.5848E-014
5251 1.5960E-014
5254 1.5680E-014
5256 1.5797E-014
5259 1.5939E-014
5262 1.5650E-014
5265 1.4824E-014
5267 1.4718E-014
5270 1.4686E-014
5273 1.4993E-014
5276 1.5175E-014
5278 1.5410E-014
5281 1.5219E-014
5284 1.5307E-014
5287 1.5770E-014
5289 1.5796E-014
5292 1.6285E-014
5295 1.5585E-014
5298 1.5626E-014
5300 1.5839E-014
5303 1.5528E-014
5306 1.5568E-014
5309 1.5775E-014
5311 1.5408E-014
5314 1.5405E-014
5317 1.4959E-014
5320 1.5213E-014
5322 1.5381E-014
5325 1.4831E-014
5328 1.4982E-014
5330 1.4807E-014
5333 1.5144E-014
5336 1.5475E-014
5339 1.4853E-014
5341 1.5124E-014
5344 1.5210E-014
5347 1.5170E-014
5350 1.5346E-014
5352 1.5217E-014
5355 1.5541E-014
5358 1.5496E-014
5361 1.5464E-014
5363 1.5104E-014
5366 1.4885E-014
5369 1.4492E-014
5372 1.4727E-014
5374 1.4822E-014
5377 1.5208E-014
5380 1.5080E-014
5383 1.5051E-014
5385 1.5114E-014
5388 1.5234E-014
5391 1.4980E-014
5393 1.4988E-014
5396 1.4692E-014
5399 1.4692E-014
5402 1.4758E-014
5404 1.4417E-014
5407 1.4555E-014
5410 1.4356E-014
5413 1.4842E-014
5415 1.4698E-014
5418 1.5142E-014
5421 1.4853E-014
5424 1.5073E-014
5426 1.4718E-014
5429 1.4580E-014
5432 1.4736E-014
5435 1.5011E-014
5437 1.4780E-014
5440 1.4715E-014
5443 1.4927E-014
5445 1.4525E-014
5448 1.4385E-014
5453 1.4816E-014
5458 1.4464E-014
5463 1.4551E-014
5468 1.4305E-014
5473 1.4729E-014
5478 1.4393E-014
5483 1.4662E-014
5487 1.4668E-014
5492 1.4625E-014
5497 1.4443E-014
5502 1.4690E-014
5507 1.4349E-014
5512 1.4318E-014
5517 1.4514E-014
5522 1.4549E-014
5526 1.4516E-014
5531 1.4379E-014
5536 1.3887E-014
5541 1.4075E-014
5546 1.4383E-014
5551 1.4399E-014
5556 1.4345E-014
5560 1.3767E-014
5565 1.4122E-014
5570 1.4135E-014
5575 1.3883E-014
5580 1.3915E-014
5585 1.3839E-014
5590 1.3656E-014
5595 1.3636E-014
5599 1.3884E-014
5604 1.4068E-014
5609 1.4050E-014
5614 1.4092E-014
5619 1.3916E-014
5624 1.4040E-014
5629 1.3686E-014
5634 1.3658E-014
5638 1.4110E-014
5643 1.3540E-014
5648 1.3768E-014
5653 1.3551E-014
5658 1.3678E-014
5663 1.3449E-014
5668 1.3511E-014
5673 1.3773E-014
5677 1.3526E-014
5682 1.3536E-014
5687 1.3540E-014
5692 1.3608E-014
5697 1.3259E-014
5702 1.3216E-014
5707 1.2997E-014
5712 1.2822E-014
5716 1.3145E-014
5721 1.3293E-014
5726 1.3481E-014
5731 1.3442E-014
5736 1.3234E-014
5741 1.3653E-014
5746 1.3411E-014
5751 1.3135E-014
5755 1.3175E-014
5760 1.3045E-014
5765 1.3315E-014
5770 1.2900E-014
5775 1.3082E-014
5780 1.3205E-014
5785 1.3131E-014
5790 1.2844E-014
5794 1.2892E-014
5799 1.2732E-014
5804 1.2862E-014
5809 1.2844E-014
5814 1.2875E-014
5819 1.2836E-014
5824 1.3126E-014
5829 1.2800E-014
5833 1.2821E-014
5838 1.2920E-014
5843 1.2683E-014
5848 1.2857E-014
5853 1.2753E-014
5858 1.2855E-014
5863 1.2745E-014
5868 1.2634E-014
5872 1.2587E-014
5877 1.2742E-014
5882 1.2780E-014
5887 1.2323E-014
5892 1.1777E-014
5897 1.1975E-014
5902 1.1963E-014
5907 1.2145E-014
5911 1.2564E-014
5916 1.2426E-014
5921 1.2294E-014
5926 1.2416E-014
5931 1.2163E-014
5936 1.2333E-014
5941 1.2493E-014
5946 1.2225E-014
5950 1.2093E-014
5955 1.2263E-014
5960 1.2076E-014
5965 1.2343E-014
5970 1.2310E-014
5975 1.2018E-014
5980 1.2130E-014
5985 1.1937E-014
5989 1.2112E-014
5994 1.2057E-014
5999 1.2023E-014
6004 1.1616E-014
6009 1.1855E-014
6014 1.1771E-014
6019 1.1994E-014
6024 1.1975E-014
6028 1.1861E-014
6033 1.1804E-014
6038 1.2017E-014
6043 1.1973E-014
6048 1.1842E-014
6053 1.1492E-014
6058 1.1543E-014
6063 1.1813E-014
6067 1.1898E-014
6072 1.1668E-014
6077 1.1652E-014
6082 1.1773E-014
6087 1.1703E-014
6092 1.1744E-014
6097 1.1369E-014
6102 1.1607E-014
6106 1.1703E-014
6111 1.1587E-014
6116 1.1310E-014
6121 1.1419E-014
6126 1.1578E-014
6131 1.1336E-014
6136 1.1352E-014
6141 1.1120E-014
6146 1.1087E-014
6150 1.1140E-014
6155 1.1324E-014
6160 1.1231E-014
6165 1.1329E-014
6170 1.1157E-014
6175 1.1360E-014
6180 1.1345E-014
6185 1.0972E-014
6189 1.1188E-014
6194 1.1208E-014
6199 1.1141E-014
6204 1.1098E-014
6209 1.1283E-014
6214 1.1089E-014
6219 1.0952E-014
6224 1.0992E-014
6228 1.0974E-014
6233 1.0874E-014
6238 1.0892E-014
6243 1.0827E-014
6248 1.0828E-014
6253 1.0973E-014
6258 1.1263E-014
6263 1.0989E-014
6267 1.0769E-014
6272 1.1057E-014
6277 1.0888E-014
6282 1.0732E-014
6287 1.0813E-014
6292 1.0939E-014
6297 1.0857E-014
6302 1.1284E-014
6306 1.0832E-014
6311 1.0711E-014
6316 1.0667E-014
6321 1.0490E-014
6326 1.0660E-014
6331 1.0518E-014
6336 1.0483E-014
6341 1.0463E-014
6346 1.0545E-014
6350 1.1074E-014
6355 1.0771E-014
6360 1.0690E-014
6365 1.0445E-014
6370 1.0486E-014
6375 1.0361E-014
6380 1.0459E-014
6385 1.0488E-014
6389 1.0458E-014
6394 1.0290E-014
6399 1.0402E-014
6404 1.0285E-014
6409 1.0105E-014
6414 1.0066E-014
6419 1.0151E-014
6424 1.0343E-014
6428 1.0200E-014
6433 1.0041E-014
6438 1.0288E-014
6443 9.9874E-015
6448 1.0072E-014
6453 1.0006E-014
6458 1.0003E-014
6463 9.9149E-015
6468 1.0105E-014
6472 1.0064E-014
6477 1.0014E-014
6482 9.7680E-015
6487 9.9157E-015
6492 9.7882E-015
6497 9.6513E-015
6502 9.8939E-015
6507 9.7329E-015
6511 9.5773E-015
6516 9.8411E-015
6521 9.4924E-015
6526 9.5336E-015
6531 9.4504E-015
6536 9.1891E-015
6541 9.1285E-015
6546 8.8353E-015
6550 8.4984E-015
6555 7.8508E-015
6560 7.3173E-015
6565 6.8186E-015
6570 7.3398E-015
6575 7.9929E-015
6580 8.3681E-015
6585 9.0221E-015
6590 9.0657E-015
6594 9.1915E-015
6599 9.5320E-015
6604 9.6482E-015
6609 9.5554E-015
6614 9.3767E-015
6619 9.4444E-015
6624 9.4536E-015
6629 9.4715E-015
6633 9.4115E-015
6638 9.4880E-015
6643 9.5487E-015
6648 9.4308E-015
6653 9.5836E-015
6658 9.4977E-015
6663 9.6560E-015
6668 9.3813E-015
6673 9.3886E-015
6677 9.4348E-015
6682 9.3501E-015
6687 9.3213E-015
6692 9.3943E-015
6697 9.3748E-015
6702 9.3468E-015
6707 9.1924E-015
6712 9.2993E-015
6716 9.3508E-015
6721 9.2327E-015
6726 9.1509E-015
6731 8.8958E-015
6736 9.1264E-015
6741 9.1344E-015
6746 9.0807E-015
6751 9.0227E-015
6755 9.0919E-015
6760 8.9741E-015
6765 8.9879E-015
6770 9.1360E-015
6775 8.9895E-015
6780 9.1143E-015
6785 9.1071E-015
6790 9.0182E-015
6795 8.9092E-015
6799 9.0566E-015
6804 9.1137E-015
6809 9.0679E-015
6814 9.1066E-015
6819 8.9247E-015
6824 8.9889E-015
6829 8.8820E-015
6834 8.8252E-015
6838 8.8199E-015
6843 9.0173E-015
6848 9.0103E-015
6853 8.6723E-015
6858 8.7288E-015
6863 8.7457E-015
6868 8.7787E-015
6873 8.6274E-015
6878 8.7696E-015
6882 8.7939E-015
6887 8.6960E-015
6892 8.7157E-015
6897 8.7112E-015
6902 8.6908E-015
6907 8.6686E-015
6912 8.7520E-015
6917 8.6009E-015
6921 8.6137E-015
6926 8.6799E-015
6931 8.6573E-015
6936 8.5741E-015
6941 8.5695E-015
6946 8.5098E-015
6951 8.6113E-015
6956 8.5703E-015
6961 8.5801E-015
6965 8.4508E-015
6970 8.4832E-015
6975 8.4916E-015
6980 8.4642E-015
6985 8.4745E-015
6990 8.4563E-015
6995 8.5296E-015
7000 8.5147E-015
7005 8.4051E-015
7009 8.3305E-015
7014 8.2515E-015
7019 8.2813E-015
7024 8.3103E-015
7029 8.5014E-015
7034 8.4408E-015
7039 8.2631E-015
7044 8.2243E-015
7048 8.3968E-015
7053 8.3368E-015
7058 8.4735E-015
7063 8.2397E-015
7068 8.2329E-015
7073 8.1154E-015
7078 8.2276E-015
7083 8.3940E-015
7088 8.1758E-015
7092 8.0947E-015
7097 8.2118E-015
7102 8.0819E-015
7107 8.1079E-015
7112 8.2012E-015
7117 8.1100E-015
7122 8.1134E-015
7127 8.2448E-015
7131 8.2266E-015
7136 8.0719E-015
7141 8.0275E-015
7146 8.0339E-015
7151 7.9563E-015
7156 8.0161E-015
7161 7.9398E-015
7166 7.8183E-015
7171 7.8767E-015
7175 7.8922E-015
7180 7.8296E-015
7185 7.9238E-015
7190 7.8260E-015
7195 7.7381E-015
7200 7.6984E-015
7205 7.7719E-015
7210 7.8880E-015
7214 7.8710E-015
7219 7.7345E-015
7224 7.7744E-015
7229 7.8337E-015
7234 7.7188E-015
7239 7.7379E-015
7244 7.9287E-015
7249 7.9128E-015
7254 7.7905E-015
7258 7.7619E-015
7263 7.8257E-015
7268 7.6903E-015
7273 7.7593E-015
7278 7.7111E-015
7283 7.7397E-015
7288 7.5955E-015
7293 7.4921E-015
7298 7.6971E-015
7302 7.6774E-015
7307 7.6394E-015
7312 7.6962E-015
7317 7.6350E-015
7322 7.6078E-015
7327 7.6013E-015
7332 7.4868E-015
7337 7.5203E-015
7341 7.3225E-015
7346 7.4593E-015
7351 7.5007E-015
7356 7.3573E-015
7361 7.4134E-015
7366 7.5899E-015
7371 7.3459E-015
7376 7.5032E-015
7381 7.5158E-015
7385 7.2283E-015
7390 7.3136E-015
7395 7.1996E-015
7400 7.4314E-015
7405 7.3646E-015
7410 7.1432E-015
7415 7.2542E-015
7420 7.2689E-015
7425 7.2415E-015
7429 7.2678E-015
7434 7.3320E-015
7439 7.1424E-015
7444 7.3404E-015
7449 7.3789E-015
7454 7.2343E-015
7459 7.1327E-015
7464 7.1125E-015
7468 7.1998E-015
7473 7.1727E-015
7478 7.0623E-015
7483 7.0768E-015
7488 7.1189E-015
7493 7.1345E-015
7498 7.0157E-015
7503 7.0415E-015
7508 7.1623E-015
7512 7.0716E-015
7517 7.1713E-015
7522 7.0194E-015
7527 7.0215E-015
7532 7.0433E-015
7537 7.0819E-015
7542 7.0272E-015
7547 6.9773E-015
7552 7.0915E-015
7556 7.0129E-015
7561 7.0004E-015
7566 6.9391E-015
7571 6.8541E-015
7576 6.9619E-015
7581 7.0493E-015
7586 6.9123E-015
7591 6.8604E-015
7595 6.9164E-015
7600 7.0417E-015
7605 7.0149E-015
7610 6.9032E-015
7615 6.7679E-015
7620 6.7854E-015
7625 6.7342E-015
7630 6.7114E-015
7635 6.7322E-015
7639 6.7152E-015
7644 6.6766E-015
7649 6.9322E-015
7654 6.6875E-015
7659 6.7479E-015
7664 6.6068E-015
7669 6.7061E-015
7674 6.6850E-015
7679 6.7873E-015
7683 6.6621E-015
7688 6.6674E-015
7693 6.6377E-015
7698 6.7892E-015
7703 6.8554E-015
7708 6.6972E-015
7713 6.4211E-015
7718 6.5812E-015
7722 6.6274E-015
7727 6.4550E-015
7732 6.6736E-015
7737 6.7565E-015
7742 6.7522E-015
7747 6.6099E-015
7752 6.6624E-015
7757 6.5534E-015
7762 6.5587E-015
7766 6.5216E-015
7771 6.5688E-015
7776 6.2489E-015
7781 6.4026E-015
7786 6.5198E-015
7791 6.5196E-015
7796 6.3691E-015
7801 6.6792E-015
7806 6.4957E-015
7810 6.4223E-015
7815 6.5234E-015
7820 6.4220E-015
7825 6.5660E-015
7830 6.2896E-015
7835 6.2942E-015
7840 6.3319E-015
7845 6.3679E-015
7849 6.2349E-015
7854 6.5093E-015
7859 6.3044E-015
7864 6.3428E-015
7869 6.3462E-015
7874 6.2507E-015
7879 6.0175E-015
7884 6.2382E-015
7889 6.2750E-015
7893 6.1575E-015
7898 6.2549E-015
7903 6.4848E-015
7908 6.4242E-015
7913 6.3196E-015
7918 6.3268E-015
7923 6.2693E-015
7928 6.3246E-015
7933 6.1915E-015
7937 6.0735E-015
7942 6.0868E-015
7947 6.0778E-015
7952 6.2925E-015
7957 6.2562E-015
7962 6.1734E-015
7967 6.1822E-015
7972 6.2653E-015
7976 6.1371E-015
7981 6.1914E-015
7986 6.0325E-015
7991 6.1583E-015
7996 6.2509E-015
8001 6.1200E-015
8006 6.1368E-015
8011 6.1110E-015
8016 6.0507E-015
8020 6.0210E-015
8025 5.9550E-015
8030 6.2367E-015
8035 6.0739E-015
8040 5.8752E-015
8045 5.9641E-015
8050 6.0013E-015
8055 6.0158E-015
8060 5.8504E-015
8064 5.7348E-015
8069 5.9567E-015
8074 5.8480E-015
8079 6.0117E-015
8084 5.7771E-015
8089 6.0257E-015
8094 5.9770E-015
8099 5.8096E-015
8103 5.7929E-015
8108 6.0342E-015
8113 5.6857E-015
8118 5.9755E-015
8123 5.8819E-015
8128 5.8060E-015
8133 5.7810E-015
8138 5.7195E-015
8143 5.8227E-015
8147 5.9579E-015
8152 5.8719E-015
8157 5.8545E-015
8162 5.7146E-015
8167 5.7368E-015
8172 5.6806E-015
8177 5.7977E-015
8182 5.6134E-015
8187 5.3790E-015
8191 5.4096E-015
8196 5.3633E-015
8201 5.4363E-015
8206 5.5132E-015
8211 5.5477E-015
8216 5.7205E-015
8221 5.7408E-015
8226 5.7206E-015
8230 5.6579E-015
8235 5.5498E-015
8240 5.7402E-015
8245 5.6655E-015
8250 5.6104E-015
8255 5.4836E-015
8260 5.5937E-015
8265 5.5529E-015
8270 5.4690E-015
8274 5.4946E-015
8279 5.6070E-015
8284 5.5516E-015
8289 5.4533E-015
8294 5.6310E-015
8299 5.6100E-015
8304 5.3004E-015
8309 5.3921E-015
8314 5.3457E-015
8318 5.4925E-015
8323 5.4835E-015
8328 5.5583E-015
8333 5.4495E-015
8338 5.3422E-015
8343 5.3907E-015
8348 5.4807E-015
8353 5.4360E-015
8357 5.3172E-015
8362 5.5233E-015
8367 5.4277E-015
8372 5.0556E-015
8377 5.3586E-015
8382 5.1766E-015
8387 5.6206E-015
8392 5.4997E-015
8397 5.4272E-015
8401 5.3517E-015
8406 5.3071E-015
8411 5.3348E-015
8416 5.2178E-015
8421 5.2152E-015
8426 5.3606E-015
8431 5.1564E-015
8436 5.3286E-015
8440 5.1492E-015
8445 5.1721E-015
8450 5.1382E-015
8455 5.3024E-015
8460 5.2628E-015
8465 5.0005E-015
8470 5.2279E-015
8475 5.2162E-015
8480 5.1677E-015
8484 5.1849E-015
8489 5.3063E-015
8494 5.1142E-015
8499 5.1366E-015
8504 4.8953E-015
8509 5.1996E-015
8514 5.3145E-015
8519 5.2598E-015
8524 5.2705E-015
8528 5.2500E-015
8533 5.1423E-015
8538 5.0699E-015
8543 4.8252E-015
8548 4.9125E-015
8553 5.0080E-015
8558 5.0265E-015
8563 5.1176E-015
8567 5.1621E-015
8572 5.2676E-015
8577 5.2131E-015
8582 5.2999E-015
8587 4.8786E-015
8592 4.8294E-015
8597 4.8793E-015
8602 4.8810E-015
8607 4.8631E-015
8611 4.9956E-015
8616 5.1826E-015
8621 5.1829E-015
8626 4.9789E-015
8631 5.0906E-015
8636 5.0350E-015
8641 5.0717E-015
8646 4.9607E-015
8650 4.9569E-015
8655 4.6805E-015
8660 4.6691E-015
8665 4.5929E-015
8670 4.5693E-015
8675 4.7499E-015
8680 4.6335E-015
8685 4.8251E-015
8690 4.8569E-015
8694 4.9594E-015
8699 5.2028E-015
8704 5.1822E-015
8709 5.1308E-015
8714 5.1726E-015
8719 5.1441E-015
8724 5.0042E-015
8729 5.0805E-015
8733 4.9768E-015
8738 4.8817E-015
8743 4.5398E-015
8748 4.3078E-015
8753 4.3329E-015
8758 4.5385E-015
8763 4.6911E-015
8768 4.8366E-015
8773 4.9424E-015
8777 4.7985E-015
8782 4.8804E-015
8787 4.9450E-015
8792 4.7547E-015
8797 4.9027E-015
8802 5.3837E-015
8807 5.2621E-015
8812 5.0493E-015
8817 5.0048E-015
8821 4.8650E-015
8826 4.9733E-015
8831 4.9233E-015
8836 4.8245E-015
8841 4.9096E-015
8846 4.7390E-015
8851 4.4520E-015
8856 4.3009E-015
8860 4.2374E-015
8865 4.2467E-015
8870 4.2508E-015
8875 4.5946E-015
8880 4.5137E-015
8885 4.7750E-015
8890 4.8659E-015
8895 4.7990E-015
8900 4.9580E-015
8904 4.9350E-015
8909 4.7447E-015
8914 4.7629E-015
8919 5.0353E-015
8924 4.9382E-015
8929 4.8085E-015
8934 5.0544E-015
8939 4.7767E-015
8943 4.8486E-015
8948 4.7845E-015
8953 4.7327E-015
8958 4.7398E-015
8963 4.8134E-015
8968 4.9999E-015
8973 4.8714E-015
8978 4.5742E-015
8982 4.7351E-015
8987 4.5611E-015
8992 4.3872E-015
8997 4.4849E-015
9002 4.3834E-015
9007 4.2232E-015
9012 3.9418E-015
9017 3.8688E-015
9022 4.2138E-015
9026 4.2327E-015
9031 4.4124E-015
9036 4.5294E-015
9041 4.5390E-015
9046 4.6099E-015
9051 4.6891E-015
9056 4.5587E-015
9061 4.6285E-015
9065 4.4743E-015
9070 4.5471E-015
9075 4.6085E-015
9080 4.8293E-015
9085 4.5610E-015
9090 4.5480E-015
9095 4.6426E-015
9100 4.7445E-015
9105 4.5800E-015
9109 4.7391E-015
9114 4.5369E-015
9119 4.6381E-015
9124 4.6498E-015
9129 4.6659E-015
9134 4.6368E-015
9139 4.6963E-015
9144 4.6223E-015
9148 4.5228E-015
9153 4.3076E-015
9158 4.7723E-015
9163 4.5631E-015
9168 4.6562E-015
9173 4.6237E-015
9178 4.4750E-015
9183 4.4961E-015
9188 4.6205E-015
9192 4.4470E-015
9197 4.3958E-015
9202 4.3081E-015
9207 4.1919E-015
9212 4.2039E-015
9217 3.8112E-015
9222 3.9937E-015
9227 3.6249E-015
9231 3.6967E-015
9236 3.5920E-015
9241 3.8580E-015
9246 3.9508E-015
9251 4.0758E-015
9256 4.0244E-015
9261 4.3125E-015
9266 4.1198E-015
9270 4.2067E-015
9275 4.2444E-015
9280 4.2517E-015
9285 4.3441E-015
9290 4.4214E-015
9295 4.6106E-015
9300 4.4666E-015
9305 4.6886E-015
9310 4.4533E-015
9314 4.2559E-015
9319 4.2591E-015
9324 4.4189E-015
9329 4.3592E-015
9334 4.4104E-015
9339 4.4501E-015
9344 4.2893E-015
9349 4.3642E-015
9353 4.1733E-015
9358 4.2875E-015
9363 4.3977E-015
9368 4.3345E-015
9373 4.4140E-015
9378 4.3747E-015
9383 4.3844E-015
9388 4.4660E-015
9392 4.5579E-015
9397 4.2705E-015
9402 4.1346E-015
9407 4.0763E-015
9412 4.2467E-015
9417 4.0763E-015
9422 4.0907E-015
9427 4.2635E-015
9431 4.3415E-015
9436 4.3055E-015
9441 4.3552E-015
9446 4.1603E-015
9451 4.1707E-015
9456 4.2216E-015
9461 4.2385E-015
9466 4.3021E-015
9471 4.0810E-015
9475 4.1680E-015
9480 4.1274E-015
9485 4.2716E-015
9490 4.2811E-015
9495 4.2404E-015
9500 4.0577E-015
9505 4.1139E-015
9510 3.9801E-015
9514 4.0002E-015
9519 3.9576E-015
9524 3.7910E-015
9529 3.7020E-015
9534 3.5833E-015
9539 3.3640E-015
9544 3.4604E-015
9549 3.4894E-015
9553 3.4709E-015
9558 3.5189E-015
9563 3.7761E-015
9568 3.8567E-015
9573 3.9958E-015
9578 3.8290E-015
9583 3.8107E-015
9588 3.7638E-015
9592 4.1709E-015
9597 3.9910E-015
9602 4.0581E-015
9607 3.9454E-015
9612 3.8976E-015
9617 4.2025E-015
9622 3.9701E-015
9627 4.1241E-015
9631 3.9118E-015
9636 3.9606E-015
9641 4.0680E-015
9646 4.0840E-015
9651 4.1371E-015
9656 3.8187E-015
9661 3.9640E-015
9666 4.1397E-015
9671 4.0896E-015
9675 4.0335E-015
9680 3.9932E-015
9685 3.9778E-015
9690 4.0107E-015
9695 4.1817E-015
9700 4.1723E-015
9705 4.0865E-015
9710 4.0137E-015
9714 3.9518E-015
9719 4.0307E-015
9724 3.8929E-015
9729 3.7994E-015
9734 3.9867E-015
9739 3.8898E-015
9744 3.9283E-015
9749 4.2358E-015
9753 4.0758E-015
9758 3.9987E-015
9763 4.0554E-015
9768 4.2679E-015
9773 3.9395E-015
9778 3.6774E-015
9783 4.0122E-015
9788 4.1308E-015
9792 4.0618E-015
9797 4.1409E-015
9802 3.9292E-015
9807 4.0052E-015
9812 3.5181E-015
9817 3.7929E-015
9822 3.6700E-015
9827 3.5459E-015
9831 3.6987E-015
9836 3.6618E-015
9841 3.9115E-015
9846 3.6281E-015
9851 3.7260E-015
9856 3.5435E-015
9861 3.6833E-015
9866 3.9161E-015
9870 3.6408E-015
9875 3.5932E-015
9880 3.8233E-015
9885 3.8269E-015
9890 3.8282E-015
9895 3.6333E-015
9900 3.5836E-015
9905 3.7282E-015
9909 3.6714E-015
9914 3.4873E-015
9919 3.5328E-015
9924 3.6525E-015
9929 3.8123E-015
9934 3.7525E-015
9939 3.5954E-015
9944 3.6366E-015
9948 3.7571E-015
9953 3.8210E-015
9958 3.4675E-015
9963 3.5487E-015
9968 3.7344E-015
9973 3.6380E-015
9978 3.7623E-015
9983 3.5303E-015
9987 3.7358E-015
9992 3.4285E-015
9997 3.6618E-015
1E+004 3.6103E-015
1.001E+004 4.0996E-015
1.001E+004 3.5889E-015
1.002E+004 3.5283E-015
1.002E+004 3.6987E-015
1.003E+004 3.6436E-015
1.003E+004 3.4043E-015
1.004E+004 3.6845E-015
1.004E+004 3.2779E-015
1.005E+004 3.0513E-015
1.005E+004 3.1665E-015
1.006E+004 3.2005E-015
1.006E+004 2.8041E-015
1.007E+004 3.1632E-015
1.007E+004 3.6050E-015
1.008E+004 3.7245E-015
1.008E+004 3.4750E-015
1.008E+004 3.4830E-015
1.009E+004 3.2282E-015
1.009E+004 3.6614E-015
1.01E+004 3.4096E-015
1.01E+004 3.4781E-015
1.011E+004 3.5277E-015
1.011E+004 3.5534E-015
1.012E+004 3.7321E-015
1.012E+004 3.6703E-015
1.013E+004 3.3161E-015
1.013E+004 3.4827E-015
1.014E+004 3.4947E-015
1.014E+004 3.2176E-015
1.015E+004 3.4076E-015
1.015E+004 3.8430E-015
1.016E+004 3.6203E-015
1.016E+004 3.3940E-015
1.017E+004 3.4282E-015
1.017E+004 3.5912E-015
1.018E+004 3.5075E-015
1.018E+004 3.1977E-015
1.019E+004 3.1963E-015
1.019E+004 3.6514E-015
1.02E+004 3.0329E-015
1.022E+004 3.5275E-015
1.024E+004 3.5191E-015
1.027E+004 3.4753E-015
1.03E+004 3.4256E-015
1.033E+004 3.3850E-015
1.036E+004 3.3567E-015
1.038E+004 3.3468E-015
1.041E+004 3.2943E-015
1.044E+004 3.2324E-015
1.047E+004 3.2057E-015
1.05E+004 3.2249E-015
1.052E+004 3.2247E-015
1.055E+004 3.1682E-015
1.058E+004 3.1634E-015
1.061E+004 3.1352E-015
1.064E+004 3.1000E-015
1.067E+004 3.0896E-015
1.069E+004 3.0527E-015
1.072E+004 3.0602E-015
1.075E+004 3.0138E-015
1.078E+004 2.9584E-015
1.081E+004 2.9554E-015
1.083E+004 2.8962E-015
1.086E+004 2.8071E-015
1.089E+004 2.7681E-015
1.092E+004 2.6458E-015
1.095E+004 2.6598E-015
1.097E+004 2.6441E-015
1.1E+004 2.6988E-015
1.103E+004 2.7618E-015
1.106E+004 2.7490E-015
1.109E+004 2.7565E-015
1.112E+004 2.7139E-015
1.114E+004 2.6723E-015
1.117E+004 2.6887E-015
1.12E+004 2.6725E-015
1.123E+004 2.6718E-015
1.126E+004 2.6503E-015
1.128E+004 2.6052E-015
1.131E+004 2.5965E-015
1.134E+004 2.5960E-015
1.137E+004 2.5838E-015
1.14E+004 2.5489E-015
1.143E+004 2.5316E-015
1.145E+004 2.5045E-015
1.148E+004 2.5025E-015
1.151E+004 2.4980E-015
1.154E+004 2.4930E-015
1.157E+004 2.4610E-015
1.159E+004 2.4258E-015
1.162E+004 2.4029E-015
1.165E+004 2.3475E-015
1.168E+004 2.3187E-015
1.171E+004 2.3671E-015
1.175E+004 2.3444E-015
1.179E+004 2.3324E-015
1.183E+004 2.3064E-015
1.187E+004 2.2704E-015
1.191E+004 2.2423E-015
1.195E+004 2.2213E-015
1.199E+004 2.2021E-015
1.203E+004 2.1659E-015
1.207E+004 2.1447E-015
1.211E+004 2.1481E-015
1.215E+004 2.1299E-015
1.219E+004 2.1119E-015
1.223E+004 2.1082E-015
1.227E+004 2.0972E-015
1.231E+004 2.0785E-015
1.235E+004 2.0427E-015
1.239E+004 2.0148E-015
1.243E+004 1.9888E-015
1.247E+004 1.9393E-015
1.251E+004 1.9006E-015
1.255E+004 1.8857E-015
1.259E+004 1.8720E-015
1.263E+004 1.8451E-015
1.267E+004 1.8187E-015
1.271E+004 1.7852E-015
1.275E+004 1.7677E-015
1.279E+004 1.7107E-015
1.283E+004 1.6422E-015
1.287E+004 1.6566E-015
1.291E+004 1.6946E-015
1.295E+004 1.7164E-015
1.299E+004 1.7216E-015
1.303E+004 1.7051E-015
1.307E+004 1.6821E-015
1.311E+004 1.6709E-015
1.315E+004 1.6689E-015
1.319E+004 1.6529E-015
1.323E+004 1.6350E-015
1.327E+004 1.6209E-015
1.331E+004 1.6055E-015
1.335E+004 1.5914E-015
1.339E+004 1.5727E-015
1.343E+004 1.5641E-015
1.347E+004 1.5537E-015
1.351E+004 1.5270E-015
1.355E+004 1.4996E-015
1.359E+004 1.4883E-015
1.363E+004 1.4894E-015
1.367E+004 1.4860E-015
1.371E+004 1.4762E-015
1.375E+004 1.4614E-015
1.379E+004 1.4452E-015
1.383E+004 1.4419E-015
1.387E+004 1.4309E-015
1.391E+004 1.3980E-015
1.395E+004 1.3776E-015
1.399E+004 1.3696E-015
1.403E+004 1.3618E-015
1.407E+004 1.3522E-015
1.411E+004 1.3337E-015
1.415E+004 1.3168E-015
1.419E+004 1.3127E-015
1.423E+004 1.3077E-015
1.427E+004 1.2863E-015
1.431E+004 1.2693E-015
1.435E+004 1.2637E-015
1.439E+004 1.2568E-015
1.443E+004 1.2401E-015
1.447E+004 1.2270E-015
1.451E+004 1.2226E-015
1.455E+004 1.2135E-015
1.459E+004 1.2067E-015
1.463E+004 1.1945E-015
1.467E+004 1.1859E-015
1.471E+004 1.1828E-015
1.475E+004 1.1736E-015
1.479E+004 1.1521E-015
1.483E+004 1.1370E-015
1.487E+004 1.1329E-015
1.491E+004 1.1285E-015
1.495E+004 1.1202E-015
1.499E+004 1.1072E-015
1.503E+004 1.0974E-015
1.507E+004 1.0880E-015
1.511E+004 1.0768E-015
1.515E+004 1.0695E-015
1.519E+004 1.0591E-015
1.523E+004 1.0460E-015
1.527E+004 1.0376E-015
1.531E+004 1.0340E-015
1.535E+004 1.0307E-015
1.539E+004 1.0241E-015
1.543E+004 1.0206E-015
1.547E+004 1.0146E-015
1.551E+004 9.9545E-016
1.555E+004 9.8128E-016
1.559E+004 9.7838E-016
1.563E+004 9.7336E-016
1.567E+004 9.6224E-016
1.571E+004 9.4953E-016
1.575E+004 9.3964E-016
1.579E+004 9.3074E-016
1.583E+004 9.2073E-016
1.587E+004 9.1290E-016
1.591E+004 9.0795E-016
1.595E+004 9.0696E-016
1.599E+004 9.0333E-016
1.603E+004 8.9111E-016
1.607E+004 8.7515E-016
1.611E+004 8.6538E-016
1.615E+004 8.6207E-016
1.619E+004 8.6335E-016
1.623E+004 8.6320E-016
1.627E+004 8.5636E-016
1.631E+004 8.4439E-016
1.635E+004 8.2574E-016
1.639E+004 8.0785E-016
1.643E+004 8.0198E-016
1.647E+004 8.0630E-016
1.651E+004 8.0911E-016
1.655E+004 8.0969E-016
1.659E+004 8.1234E-016
1.663E+004 8.0900E-016
1.667E+004 7.9587E-016
1.671E+004 7.7640E-016
1.675E+004 7.5404E-016
1.679E+004 7.3437E-016
1.683E+004 7.2656E-016
1.687E+004 7.3319E-016
1.691E+004 7.4303E-016
1.695E+004 7.4812E-016
1.699E+004 7.5070E-016
1.703E+004 7.4687E-016
1.707E+004 7.3784E-016
1.711E+004 7.2880E-016
1.715E+004 7.2379E-016
1.719E+004 7.1932E-016
1.723E+004 7.0893E-016
1.727E+004 6.9043E-016
1.731E+004 6.6847E-016
1.735E+004 6.5159E-016
1.739E+004 6.4849E-016
1.743E+004 6.5587E-016
1.747E+004 6.6288E-016
1.751E+004 6.6475E-016
1.755E+004 6.6248E-016
1.759E+004 6.6061E-016
1.763E+004 6.5742E-016
1.767E+004 6.5282E-016
1.771E+004 6.4844E-016
1.775E+004 6.4280E-016
1.779E+004 6.3876E-016
1.783E+004 6.3619E-016
1.787E+004 6.3097E-016
1.791E+004 6.2421E-016
1.795E+004 6.1659E-016
1.799E+004 6.0733E-016
1.803E+004 6.0040E-016
1.807E+004 5.9023E-016
1.811E+004 5.7409E-016
1.815E+004 5.5779E-016
1.819E+004 5.4945E-016
1.823E+004 5.5227E-016
1.827E+004 5.5357E-016
1.831E+004 5.5217E-016
1.835E+004 5.5061E-016
1.839E+004 5.4682E-016
1.843E+004 5.4353E-016
1.847E+004 5.4265E-016
1.851E+004 5.4174E-016
1.855E+004 5.3945E-016
1.859E+004 5.3381E-016
1.863E+004 5.2645E-016
1.867E+004 5.1428E-016
1.871E+004 4.9539E-016
1.875E+004 4.8566E-016
1.879E+004 4.8716E-016
1.883E+004 4.9257E-016
1.887E+004 4.9368E-016
1.891E+004 5.0318E-016
1.897E+004 4.9852E-016
1.903E+004 4.9594E-016
1.909E+004 4.9188E-016
1.914E+004 4.8862E-016
1.92E+004 4.8517E-016
1.926E+004 4.7506E-016
1.931E+004 4.6304E-016
1.937E+004 4.5270E-016
1.943E+004 4.4526E-016
1.949E+004 4.4233E-016
1.954E+004 4.4392E-016
1.96E+004 4.4450E-016
1.966E+004 4.3895E-016
1.972E+004 4.3516E-016
1.977E+004 4.2646E-016
1.983E+004 4.2052E-016
1.989E+004 4.2083E-016
1.995E+004 4.1826E-016
2E+004 4.1507E-016
2.006E+004 4.1026E-016
2.012E+004 4.0643E-016
2.018E+004 4.0296E-016
2.023E+004 3.9867E-016
2.029E+004 3.9402E-016
2.035E+004 3.8804E-016
2.041E+004 3.8230E-016
2.046E+004 3.7503E-016
2.052E+004 3.7072E-016
2.058E+004 3.7483E-016
2.063E+004 3.7238E-016
2.069E+004 3.6825E-016
2.075E+004 3.6417E-016
2.081E+004 3.5863E-016
2.086E+004 3.5249E-016
2.092E+004 3.5038E-016
2.098E+004 3.4832E-016
2.104E+004 3.4518E-016
2.109E+004 3.4199E-016
2.115E+004 3.3796E-016
2.121E+004 3.3504E-016
2.127E+004 3.3251E-016
2.132E+004 3.3122E-016
2.138E+004 3.2748E-016
2.144E+004 3.2107E-016
2.15E+004 3.1545E-016
2.155E+004 3.0939E-016
2.161E+004 3.0322E-016
2.167E+004 2.9812E-016
2.173E+004 2.9613E-016
2.178E+004 2.9594E-016
2.184E+004 2.9551E-016
2.19E+004 2.9431E-016
2.195E+004 2.9321E-016
2.201E+004 2.9220E-016
2.207E+004 2.8975E-016
2.213E+004 2.8793E-016
2.218E+004 2.8594E-016
2.224E+004 2.8428E-016
2.23E+004 2.8257E-016
2.236E+004 2.7885E-016
2.241E+004 2.7554E-016
2.247E+004 2.7277E-016
2.253E+004 2.7001E-016
2.259E+004 2.6789E-016
2.264E+004 2.6443E-016
2.27E+004 2.5952E-016
2.276E+004 2.5717E-016
2.282E+004 2.5552E-016
2.287E+004 2.5378E-016
2.293E+004 2.5213E-016
2.299E+004 2.4984E-016
2.305E+004 2.4919E-016
2.31E+004 2.4773E-016
2.316E+004 2.4397E-016
2.322E+004 2.4020E-016
2.327E+004 2.3787E-016
2.333E+004 2.3453E-016
2.339E+004 2.3228E-016
2.345E+004 2.3078E-016
2.35E+004 2.2875E-016
2.356E+004 2.2543E-016
2.362E+004 2.2439E-016
2.368E+004 2.2442E-016
2.373E+004 2.2186E-016
2.379E+004 2.1985E-016
2.385E+004 2.1976E-016
2.391E+004 2.1909E-016
2.396E+004 2.1660E-016
2.402E+004 2.1414E-016
2.408E+004 2.1227E-016
2.414E+004 2.1037E-016
2.419E+004 2.0855E-016
2.425E+004 2.0729E-016
2.431E+004 2.0576E-016
2.437E+004 2.0274E-016
2.442E+004 1.9996E-016
2.448E+004 1.9867E-016
2.454E+004 1.9747E-016
2.459E+004 1.9718E-016
2.465E+004 1.9639E-016
2.471E+004 1.9524E-016
2.477E+004 1.9175E-016
2.485E+004 1.8519E-016
2.495E+004 1.8081E-016
2.505E+004 1.8022E-016
2.515E+004 1.7756E-016
2.525E+004 1.7205E-016
2.535E+004 1.7222E-016
2.545E+004 1.7018E-016
2.555E+004 1.6703E-016
2.565E+004 1.6043E-016
2.575E+004 1.6252E-016
2.585E+004 1.6034E-016
2.595E+004 1.5835E-016
2.605E+004 1.5453E-016
2.615E+004 1.4707E-016
2.625E+004 1.3941E-016
2.635E+004 1.4772E-016
2.645E+004 1.4735E-016
2.655E+004 1.4538E-016
2.665E+004 1.4226E-016
2.675E+004 1.3353E-016
2.685E+004 1.3865E-016
2.695E+004 1.3782E-016
2.705E+004 1.3612E-016
2.715E+004 1.3432E-016
2.725E+004 1.3246E-016
2.735E+004 1.3052E-016
2.745E+004 1.2813E-016
2.755E+004 1.1960E-016
2.765E+004 1.2235E-016
2.775E+004 1.2324E-016
2.785E+004 1.2196E-016
2.795E+004 1.2037E-016
2.805E+004 1.1875E-016
2.815E+004 1.1715E-016
2.825E+004 1.1558E-016
2.835E+004 1.1407E-016
2.845E+004 1.1244E-016
2.855E+004 1.1075E-016
2.865E+004 1.0768E-016
2.875E+004 1.0081E-016
2.885E+004 1.0593E-016
2.895E+004 1.0520E-016
2.905E+004 1.0397E-016
2.915E+004 1.0252E-016
2.925E+004 1.0125E-016
2.935E+004 9.9995E-017
2.945E+004 9.8692E-017
2.955E+004 9.7450E-017
2.965E+004 9.6207E-017
2.975E+004 9.4978E-017
2.985E+004 9.3781E-017
2.995E+004 9.2568E-017
3.005E+004 9.1396E-017
3.015E+004 9.0203E-017
3.025E+004 8.8696E-017
3.035E+004 8.3204E-017
3.045E+004 8.4163E-017
3.055E+004 8.5526E-017
3.065E+004 8.4743E-017
3.075E+004 8.3742E-017
3.085E+004 8.2627E-017
3.095E+004 8.1652E-017
3.105E+004 8.0649E-017
3.115E+004 7.9517E-017
3.125E+004 7.8689E-017
3.135E+004 7.7744E-017
3.145E+004 7.6791E-017
3.155E+004 7.5893E-017
3.165E+004 7.5036E-017
3.175E+004 7.4074E-017
3.185E+004 7.3250E-017
3.195E+004 7.2383E-017
3.21E+004 7.1082E-017
3.23E+004 6.9436E-017
3.25E+004 6.7815E-017
3.27E+004 6.6177E-017
3.29E+004 6.1978E-017
3.31E+004 6.2508E-017
3.33E+004 6.1597E-017
3.35E+004 6.0281E-017
3.37E+004 5.8858E-017
3.39E+004 5.7559E-017
3.41E+004 5.6291E-017
3.43E+004 5.5092E-017
3.45E+004 5.3927E-017
3.47E+004 5.2738E-017
3.49E+004 5.1601E-017
3.51E+004 5.0488E-017
3.53E+004 4.9396E-017
3.55E+004 4.8338E-017
3.57E+004 4.7287E-017
3.59E+004 4.6321E-017
3.61E+004 4.5306E-017
3.63E+004 4.4414E-017
3.65E+004 4.3396E-017
3.67E+004 4.2583E-017
3.69E+004 4.1514E-017
3.71E+004 4.0791E-017
3.73E+004 3.9295E-017
3.75E+004 3.7999E-017
3.77E+004 3.8385E-017
3.79E+004 3.7665E-017
3.81E+004 3.6711E-017
3.83E+004 3.6043E-017
3.85E+004 3.5508E-017
3.87E+004 3.4798E-017
3.89E+004 3.4051E-017
3.91E+004 3.2992E-017
3.93E+004 3.2806E-017
3.95E+004 3.2208E-017
3.97E+004 3.1603E-017
3.99E+004 3.0934E-017
4.01E+004 3.0078E-017
4.03E+004 2.9359E-017
4.05E+004 2.8258E-017
4.07E+004 2.8633E-017
4.09E+004 2.8155E-017
4.11E+004 2.7659E-017
4.13E+004 2.7146E-017
4.15E+004 2.6585E-017
4.17E+004 2.5430E-017
4.19E+004 2.5605E-017
4.21E+004 2.5173E-017
4.23E+004 2.4754E-017
4.25E+004 2.4304E-017
4.27E+004 2.3871E-017
4.29E+004 2.3445E-017
4.31E+004 2.3026E-017
4.33E+004 2.2613E-017
4.35E+004 2.2201E-017
4.37E+004 2.1223E-017
4.39E+004 2.1286E-017
4.41E+004 2.1057E-017
4.43E+004 2.0702E-017
4.45E+004 2.0345E-017
4.47E+004 2.0022E-017
4.49E+004 1.9670E-017
4.51E+004 1.9337E-017
4.53E+004 1.9008E-017
4.55E+004 1.8687E-017
4.57E+004 1.8367E-017
4.59E+004 1.8057E-017
4.61E+004 1.7745E-017
4.63E+004 1.7421E-017
4.65E+004 1.6550E-017
4.67E+004 1.6301E-017
4.69E+004 1.6537E-017
4.71E+004 1.6327E-017
4.73E+004 1.6080E-017
4.75E+004 1.5818E-017
4.77E+004 1.5569E-017
4.79E+004 1.5324E-017
4.81E+004 1.5075E-017
4.83E+004 1.4837E-017
4.85E+004 1.4598E-017
4.87E+004 1.4369E-017
4.89E+004 1.4140E-017
4.91E+004 1.3917E-017
4.93E+004 1.3698E-017
4.95E+004 1.3488E-017
4.97E+004 1.3271E-017
4.99E+004 1.3075E-017
5.01E+004 1.2871E-017
5.03E+004 1.2660E-017
5.05E+004 1.2483E-017
5.07E+004 1.2291E-017
5.09E+004 1.2074E-017
5.11E+004 1.1869E-017
5.13E+004 1.1345E-017
5.15E+004 1.1528E-017
5.17E+004 1.1357E-017
5.19E+004 1.1223E-017
5.21E+004 1.1057E-017
5.23E+004 1.0894E-017
5.25E+004 1.0721E-017
5.27E+004 1.0542E-017
5.29E+004 1.0423E-017
5.31E+004 1.0270E-017
5.33E+004 1.0121E-017
5.35E+004 9.9746E-018
5.37E+004 9.7965E-018
5.39E+004 9.6590E-018
5.41E+004 9.5516E-018
5.43E+004 9.4130E-018
5.45E+004 9.2808E-018
5.47E+004 9.1466E-018
5.49E+004 9.0199E-018
5.51E+004 8.8775E-018
5.53E+004 8.7046E-018
5.55E+004 8.6451E-018
5.57E+004 8.5260E-018
5.59E+004 8.4042E-018
5.61E+004 8.2916E-018
5.63E+004 8.1772E-018
5.65E+004 8.0662E-018
5.67E+004 7.9554E-018
5.69E+004 7.8403E-018
5.71E+004 7.6513E-018
5.73E+004 7.6251E-018
5.75E+004 7.5328E-018
5.77E+004 7.4311E-018
5.79E+004 7.3314E-018
5.81E+004 7.2338E-018
5.83E+004 7.1377E-018
5.85E+004 7.0490E-018
5.87E+004 6.9524E-018
5.89E+004 6.8322E-018
5.91E+004 6.5491E-018
5.93E+004 6.6593E-018
5.95E+004 6.4903E-018
5.97E+004 6.4705E-018
5.99E+004 6.4248E-018
6.01E+004 6.3434E-018
6.03E+004 6.2631E-018
6.05E+004 6.1828E-018
6.07E+004 6.1030E-018
6.09E+004 6.0242E-018
6.11E+004 5.9457E-018
6.13E+004 5.8731E-018
6.15E+004 5.7991E-018
6.17E+004 5.7260E-018
6.19E+004 5.6537E-018
6.21E+004 5.5834E-018
6.23E+004 5.5111E-018
6.25E+004 5.4444E-018
6.27E+004 5.3645E-018
6.29E+004 5.1896E-018
6.31E+004 5.2243E-018
6.33E+004 5.1801E-018
6.35E+004 5.1171E-018
6.37E+004 5.0548E-018
6.39E+004 4.9931E-018
6.42E+004 4.9030E-018
6.46E+004 4.7849E-018
6.5E+004 4.6705E-018
6.54E+004 4.5605E-018
6.58E+004 4.4527E-018
6.62E+004 4.3484E-018
6.66E+004 4.2471E-018
6.7E+004 4.1487E-018
6.74E+004 4.0476E-018
6.78E+004 3.9024E-018
6.82E+004 3.8690E-018
6.86E+004 3.7826E-018
6.9E+004 3.6971E-018
6.94E+004 3.6134E-018
6.98E+004 3.5341E-018
7.02E+004 3.4557E-018
7.06E+004 3.3797E-018
7.1E+004 3.3042E-018
7.14E+004 3.2340E-018
7.18E+004 3.1639E-018
7.22E+004 3.0949E-018
7.26E+004 3.0254E-018
7.3E+004 2.9649E-018
7.34E+004 2.9020E-018
7.38E+004 2.8409E-018
7.42E+004 2.7799E-018
7.46E+004 2.6729E-018
7.5E+004 2.5926E-018
7.54E+004 2.6065E-018
7.58E+004 2.5581E-018
7.62E+004 2.5060E-018
7.66E+004 2.4550E-018
7.7E+004 2.4054E-018
7.74E+004 2.3570E-018
7.78E+004 2.3004E-018
7.82E+004 2.2639E-018
7.86E+004 2.2190E-018
7.9E+004 2.1753E-018
7.94E+004 2.1325E-018
7.98E+004 2.0908E-018
8.02E+004 2.0500E-018
8.06E+004 2.0103E-018
8.1E+004 1.9717E-018
8.14E+004 1.9241E-018
8.18E+004 1.8940E-018
8.22E+004 1.8609E-018
8.26E+004 1.8257E-018
8.3E+004 1.7913E-018
8.34E+004 1.7574E-018
8.38E+004 1.7245E-018
8.42E+004 1.6927E-018
8.46E+004 1.6616E-018
8.5E+004 1.6310E-018
8.54E+004 1.6011E-018
8.58E+004 1.5718E-018
8.62E+004 1.5432E-018
8.66E+004 1.5015E-018
8.7E+004 1.4874E-018
8.74E+004 1.4491E-018
8.78E+004 1.4232E-018
8.82E+004 1.4098E-018
8.86E+004 1.3848E-018
8.9E+004 1.3604E-018
8.94E+004 1.3366E-018
8.98E+004 1.3132E-018
9.02E+004 1.2904E-018
9.06E+004 1.2681E-018
9.1E+004 1.2462E-018
9.14E+004 1.2247E-018
9.18E+004 1.2039E-018
9.22E+004 1.1834E-018
9.26E+004 1.1632E-018
9.3E+004 1.1436E-018
9.34E+004 1.1244E-018
9.38E+004 1.0934E-018
9.42E+004 1.0851E-018
9.46E+004 1.0691E-018
9.5E+004 1.0513E-018
9.54E+004 1.0338E-018
9.58E+004 1.0172E-018
9.62E+004 1.0006E-018
9.66E+004 9.8439E-019
9.7E+004 9.6847E-019
9.74E+004 9.5278E-019
9.78E+004 9.3756E-019
9.82E+004 9.2247E-019
9.86E+004 9.0712E-019
9.9E+004 8.9361E-019
9.94E+004 8.7952E-019
9.98E+004 8.6571E-019
1.002E+005 8.5218E-019
1.005E+005 8.4214E-019
1.01E+005 8.2572E-019
1.015E+005 8.0975E-019
1.02E+005 7.9422E-019
1.025E+005 7.7899E-019
1.03E+005 7.6419E-019
1.035E+005 7.4966E-019
1.04E+005 7.3553E-019
1.045E+005 7.2167E-019
1.05E+005 7.0819E-019
1.055E+005 6.9496E-019
1.06E+005 6.8209E-019
1.065E+005 6.6957E-019
1.07E+005 6.5716E-019
1.075E+005 6.4520E-019
1.08E+005 6.3346E-019
1.085E+005 6.2193E-019
1.09E+005 6.1072E-019
1.095E+005 5.9980E-019
1.1E+005 5.8908E-019
1.105E+005 5.7856E-019
1.11E+005 5.6831E-019
1.115E+005 5.5834E-019
1.12E+005 5.4855E-019
1.125E+005 5.3893E-019
1.13E+005 5.2956E-019
1.135E+005 5.2036E-019
1.14E+005 5.1140E-019
1.145E+005 5.0269E-019
1.15E+005 4.9403E-019
1.155E+005 4.8561E-019
1.16E+005 4.7741E-019
1.165E+005 4.6935E-019
1.17E+005 4.6150E-019
1.175E+005 4.5371E-019
1.18E+005 4.4619E-019
1.185E+005 4.3880E-019
1.19E+005 4.3154E-019
1.195E+005 4.2439E-019
1.2E+005 4.1743E-019
1.205E+005 4.1065E-019
1.21E+005 4.0398E-019
1.215E+005 3.9742E-019
1.22E+005 3.9104E-019
1.225E+005 3.8475E-019
1.23E+005 3.7857E-019
1.235E+005 3.7255E-019
1.24E+005 3.6662E-019
1.245E+005 3.6085E-019
1.25E+005 3.5516E-019
1.255E+005 3.4957E-019
1.26E+005 3.4412E-019
1.265E+005 3.3876E-019
1.27E+005 3.3348E-019
1.275E+005 3.2834E-019
1.28E+005 3.2327E-019
1.285E+005 3.1834E-019
1.29E+005 3.1348E-019
1.295E+005 3.0870E-019
1.3E+005 3.0404E-019
1.305E+005 2.9945E-019
1.31E+005 2.9493E-019
1.315E+005 2.9052E-019
1.32E+005 2.8618E-019
1.325E+005 2.8191E-019
1.33E+005 2.7774E-019
1.335E+005 2.7364E-019
1.34E+005 2.6964E-019
1.345E+005 2.6566E-019
1.35E+005 2.6178E-019
1.355E+005 2.5800E-019
1.36E+005 2.5423E-019
1.365E+005 2.5056E-019
1.37E+005 2.4698E-019
1.375E+005 2.4341E-019
1.38E+005 2.3994E-019
1.385E+005 2.3651E-019
1.39E+005 2.3317E-019
1.395E+005 2.2988E-019
1.4E+005 2.2664E-019
1.405E+005 2.2347E-019
1.41E+005 2.2032E-019
1.415E+005 2.1728E-019
1.42E+005 2.1425E-019
1.425E+005 2.1130E-019
1.43E+005 2.0838E-019
1.435E+005 2.0551E-019
1.44E+005 2.0268E-019
1.445E+005 1.9992E-019
1.45E+005 1.9719E-019
1.455E+005 1.9454E-019
1.46E+005 1.9189E-019
1.465E+005 1.8931E-019
1.47E+005 1.8679E-019
1.475E+005 1.8428E-019
1.48E+005 1.8183E-019
1.485E+005 1.7941E-019
1.49E+005 1.7703E-019
1.495E+005 1.7470E-019
1.5E+005 1.7241E-019
1.505E+005 1.7015E-019
1.51E+005 1.6791E-019
1.515E+005 1.6574E-019
1.52E+005 1.6359E-019
1.525E+005 1.6147E-019
1.53E+005 1.5937E-019
1.535E+005 1.5733E-019
1.54E+005 1.5532E-019
1.545E+005 1.5333E-019
1.55E+005 1.5137E-019
1.555E+005 1.4946E-019
1.56E+005 1.4757E-019
1.565E+005 1.4571E-019
1.57E+005 1.4386E-019
1.575E+005 1.4207E-019
1.58E+005 1.4030E-019
1.585E+005 1.3855E-019
1.59E+005 1.3682E-019
1.595E+005 1.3514E-019
1.6E+005 1.3348E-019
1.605E+005 1.3183E-019
1.61E+005 1.3021E-019
1.615E+005 1.2863E-019
1.62E+005 1.2705E-019
1.625E+005 1.2551E-019
1.63E+005 1.2398E-019
1.635E+005 1.2250E-019
1.64E+005 1.2101E-019
1.645E+005 1.1956E-019
1.65E+005 1.1813E-019
1.655E+005 1.1674E-019
1.66E+005 1.1534E-019
1.665E+005 1.1398E-019
1.67E+005 1.1263E-019
1.675E+005 1.1130E-019
1.68E+005 1.0999E-019
1.685E+005 1.0871E-019
1.69E+005 1.0742E-019
1.695E+005 1.0617E-019
1.7E+005 1.0495E-019
1.705E+005 1.0373E-019
1.71E+005 1.0254E-019
1.715E+005 1.0135E-019
1.72E+005 1.0018E-019
1.725E+005 9.9051E-020
1.73E+005 9.7914E-020
1.735E+005 9.6806E-020
1.74E+005 9.5695E-020
1.745E+005 9.4612E-020
1.75E+005 9.3542E-020
1.755E+005 9.2499E-020
1.76E+005 9.1453E-020
1.765E+005 9.0433E-020
1.77E+005 8.9425E-020
1.775E+005 8.8429E-020
1.78E+005 8.7443E-020
1.785E+005 8.6483E-020
1.79E+005 8.5533E-020
1.795E+005 8.4594E-020
1.8E+005 8.3665E-020
1.805E+005 8.2746E-020
1.81E+005 8.1838E-020
1.815E+005 8.0953E-020
1.82E+005 8.0077E-020
1.825E+005 7.9211E-020
1.83E+005 7.8355E-020
1.835E+005 7.7507E-020
1.84E+005 7.6682E-020
1.845E+005 7.5853E-020
1.85E+005 7.5045E-020
1.855E+005 7.4246E-020
1.86E+005 7.3456E-020
1.865E+005 7.2686E-020
1.87E+005 7.1912E-020
1.875E+005 7.1158E-020
1.88E+005 7.0412E-020
1.885E+005 6.9674E-020
1.89E+005 6.8944E-020
1.895E+005 6.8222E-020
1.9E+005 6.7518E-020
1.905E+005 6.6822E-020
1.91E+005 6.6122E-020
1.915E+005 6.5451E-020
1.92E+005 6.4776E-020
1.925E+005 6.4108E-020
1.93E+005 6.3457E-020
1.935E+005 6.2803E-020
1.94E+005 6.2166E-020
1.945E+005 6.1535E-020
1.95E+005 6.0911E-020
1.955E+005 6.0293E-020
1.96E+005 5.9691E-020
1.965E+005 5.9095E-020
1.97E+005 5.8496E-020
1.975E+005 5.7912E-020
1.98E+005 5.7334E-020
1.985E+005 5.6762E-020
1.99E+005 5.6205E-020
1.995E+005 5.5644E-020
2E+005 5.5098E-020
2.01E+005 5.4010E-020
2.02E+005 5.2953E-020
2.03E+005 5.1916E-020
2.04E+005 5.0909E-020
2.05E+005 4.9920E-020
2.06E+005 4.8960E-020
2.07E+005 4.8026E-020
2.08E+005 4.7109E-020
2.09E+005 4.6219E-020
2.1E+005 4.5345E-020
2.11E+005 4.4487E-020
2.12E+005 4.3661E-020
2.13E+005 4.2842E-020
2.14E+005 4.2053E-020
2.15E+005 4.1279E-020
2.16E+005 4.0519E-020
2.17E+005 3.9780E-020
2.18E+005 3.9054E-020
2.19E+005 3.8347E-020
2.2E+005 3.7654E-020
2.21E+005 3.6979E-020
2.22E+005 3.6317E-020
2.23E+005 3.5672E-020
2.24E+005 3.5039E-020
2.25E+005 3.4423E-020
2.26E+005 3.3818E-020
2.27E+005 3.3229E-020
2.28E+005 3.2650E-020
2.29E+005 3.2081E-020
2.3E+005 3.1527E-020
2.31E+005 3.0989E-020
2.32E+005 3.0459E-020
2.33E+005 2.9939E-020
2.34E+005 2.9432E-020
2.35E+005 2.8934E-020
2.36E+005 2.8449E-020
2.37E+005 2.7973E-020
2.38E+005 2.7504E-020
2.39E+005 2.7048E-020
2.4E+005 2.6599E-020
2.41E+005 2.6162E-020
2.42E+005 2.5733E-020
2.43E+005 2.5314E-020
2.44E+005 2.4903E-020
2.45E+005 2.4498E-020
2.46E+005 2.4104E-020
2.47E+005 2.3716E-020
2.48E+005 2.3334E-020
2.49E+005 2.2963E-020
2.5E+005 2.2601E-020
2.51E+005 2.2241E-020
2.52E+005 2.1891E-020
2.53E+005 2.1549E-020
2.54E+005 2.1210E-020
2.55E+005 2.0879E-020
2.56E+005 2.0557E-020
2.57E+005 2.0240E-020
2.58E+005 1.9928E-020
2.59E+005 1.9624E-020
2.6E+005 1.9321E-020
2.61E+005 1.9029E-020
2.62E+005 1.8739E-020
2.63E+005 1.8456E-020
2.64E+005 1.8180E-020
2.65E+005 1.7906E-020
2.66E+005 1.7639E-020
2.67E+005 1.7376E-020
2.68E+005 1.7119E-020
2.69E+005 1.6866E-020
2.7E+005 1.6617E-020
2.71E+005 1.6375E-020
2.72E+005 1.6136E-020
2.73E+005 1.5900E-020
2.74E+005 1.5671E-020
2.75E+005 1.5445E-020
2.76E+005 1.5222E-020
2.77E+005 1.5002E-020
2.78E+005 1.4788E-020
2.79E+005 1.4577E-020
2.8E+005 1.4372E-020
2.81E+005 1.4169E-020
2.82E+005 1.3970E-020
2.83E+005 1.3773E-020
2.84E+005 1.3579E-020
2.85E+005 1.3389E-020
2.86E+005 1.3205E-020
2.87E+005 1.3021E-020
2.88E+005 1.2842E-020
2.89E+005 1.2665E-020
2.9E+005 1.2491E-020
2.91E+005 1.2321E-020
2.92E+005 1.2154E-020
2.93E+005 1.1988E-020
2.94E+005 1.1825E-020
2.95E+005 1.1667E-020
2.96E+005 1.1510E-020
2.97E+005 1.1357E-020
2.98E+005 1.1205E-020
2.99E+005 1.1056E-020
3E+005 1.0909E-020
3.01E+005 1.0765E-020
3.02E+005 1.0624E-020
3.03E+005 1.0485E-020
3.04E+005 1.0347E-020
3.05E+005 1.0212E-020
3.06E+005 1.0080E-020
3.07E+005 9.9495E-021
3.08E+005 9.8209E-021
3.09E+005 9.6939E-021
3.1E+005 9.5702E-021
3.11E+005 9.4481E-021
3.12E+005 9.3275E-021
3.13E+005 9.2085E-021
3.14E+005 9.0925E-021
3.15E+005 8.9780E-021
3.16E+005 8.8649E-021
3.17E+005 8.7533E-021
3.18E+005 8.6445E-021
3.19E+005 8.5356E-021
3.2E+005 8.4295E-021
3.21E+005 8.3262E-021
3.22E+005 8.2227E-021
3.23E+005 8.1219E-021
3.24E+005 8.0223E-021
3.25E+005 7.9239E-021
3.26E+005 7.8268E-021
3.27E+005 7.7321E-021
3.28E+005 7.6386E-021
3.29E+005 7.5462E-021
3.3E+005 7.4550E-021
3.31E+005 7.3660E-021
3.32E+005 7.2770E-021
3.33E+005 7.1902E-021
3.34E+005 7.1044E-021
3.35E+005 7.0209E-021
3.36E+005 6.9371E-021
3.37E+005 6.8556E-021
3.38E+005 6.7749E-021
3.39E+005 6.6953E-021
3.4E+005 6.6165E-021
3.41E+005 6.5398E-021
3.42E+005 6.4640E-021
3.43E+005 6.3891E-021
3.44E+005 6.3150E-021
3.45E+005 6.2418E-021
3.46E+005 6.1705E-021
3.47E+005 6.1000E-021
3.48E+005 6.0303E-021
3.49E+005 5.9614E-021
3.5E+005 5.8933E-021
3.51E+005 5.8269E-021
3.52E+005 5.7613E-021
3.53E+005 5.6964E-021
3.54E+005 5.6322E-021
3.55E+005 5.5688E-021
3.56E+005 5.5070E-021
3.57E+005 5.4449E-021
3.58E+005 5.3845E-021
3.59E+005 5.3248E-021
3.6E+005 5.2657E-021
3.61E+005 5.2081E-021
3.62E+005 5.1503E-021
3.63E+005 5.0941E-021
3.64E+005 5.0384E-021
3.65E+005 4.9833E-021
3.66E+005 4.9297E-021
3.67E+005 4.8758E-021
3.68E+005 4.8233E-021
3.69E+005 4.7714E-021
3.7E+005 4.7201E-021
3.71E+005 4.6693E-021
3.72E+005 4.6190E-021
3.73E+005 4.5701E-021
3.74E+005 4.5217E-021
3.75E+005 4.4730E-021
3.76E+005 4.4264E-021
3.77E+005 4.3795E-021
3.78E+005 4.3331E-021
3.79E+005 4.2879E-021
3.8E+005 4.2424E-021
3.81E+005 4.1982E-021
3.82E+005 4.1544E-021
3.83E+005 4.1118E-021
3.84E+005 4.0689E-021
3.85E+005 4.0265E-021
3.86E+005 3.9852E-021
3.87E+005 3.9443E-021
3.88E+005 3.9038E-021
3.89E+005 3.8638E-021
3.9E+005 3.8241E-021
3.91E+005 3.7855E-021
3.92E+005 3.7473E-021
3.93E+005 3.7089E-021
3.94E+005 3.6714E-021
3.95E+005 3.6344E-021
3.96E+005 3.5983E-021
3.97E+005 3.5620E-021
3.98E+005 3.5260E-021
3.99E+005 3.4910E-021
