1142 8.9155E-016
1142 8.9155E-016
1143 8.7023E-016
1143 0.0000E+000
1144 6.1456E-016
1144 0.0000E+000
1145 4.0793E-016
1146 0.0000E+000
1146 0.0000E+000
1147 0.0000E+000
1147 2.6159E-016
1148 2.4023E-016
1149 0.0000E+000
1149 5.1520E-016
1150 4.3763E-016
1150 3.9579E-016
1151 3.9745E-016
1151 0.0000E+000
1152 0.0000E+000
1153 0.0000E+000
1153 0.0000E+000
1154 0.0000E+000
1154 0.0000E+000
1155 9.7765E-017
1156 0.0000E+000
1156 9.1499E-017
1157 0.0000E+000
1157 0.0000E+000
1158 8.7527E-017
1158 0.0000E+000
1159 0.0000E+000
1160 7.9941E-017
1160 0.0000E+000
1161 1.7747E-016
1161 1.8191E-016
1162 6.4267E-017
1163 1.7938E-016
1163 3.8242E-016
1164 6.1504E-017
1164 6.8510E-017
1165 5.8213E-017
1165 6.6440E-017
1166 5.8728E-017
1167 5.6178E-017
1167 6.4070E-017
1168 0.0000E+000
1168 1.3731E-016
1169 5.9424E-017
1170 5.4633E-017
1170 5.3069E-017
1171 1.3525E-016
1171 0.0000E+000
1172 5.0898E-017
1172 0.0000E+000
1173 0.0000E+000
1174 4.5964E-017
1174 4.2988E-017
1175 0.0000E+000
1175 0.0000E+000
1176 0.0000E+000
1177 0.0000E+000
1177 4.1690E-017
1178 0.0000E+000
1178 3.8719E-017
1179 4.2763E-017
1179 3.8217E-017
1180 0.0000E+000
1181 0.0000E+000
1181 0.0000E+000
1182 0.0000E+000
1182 4.2319E-017
1183 0.0000E+000
1184 0.0000E+000
1184 9.0954E-017
1185 3.3297E-017
1185 0.0000E+000
1186 -1.1428E-016
1186 3.5096E-019
1187 -1.3296E-016
1188 -5.6077E-017
1188 -5.1857E-017
1189 -2.9859E-017
1189 2.1748E-016
1190 -3.7885E-017
1191 2.0794E-016
1191 -9.6705E-017
1192 -1.4896E-016
1192 2.3314E-016
1193 5.0643E-016
1193 2.5999E-017
1194 2.4677E-017
1195 -6.9963E-016
1195 -2.4501E-016
1196 -7.3468E-016
1196 -2.7349E-016
1197 1.3509E-016
1198 6.7681E-016
1198 1.4435E-017
1199 -4.8000E-016
1199 1.3484E-016
1200 1.3863E-016
1200 -9.8312E-017
1201 3.1005E-016
1202 4.9652E-017
1202 -1.6927E-016
1203 1.2916E-016
1203 -1.3558E-016
1204 -1.5859E-016
1205 -4.6722E-016
1205 -4.0285E-017
1206 1.3110E-016
1206 9.3104E-017
1207 -3.1466E-016
1207 -1.1494E-016
1208 3.7870E-016
1209 1.4493E-016
1209 -5.2515E-017
1210 -3.9832E-016
1210 1.1984E-016
1211 -2.6527E-017
1212 -6.5906E-016
1212 -1.3376E-016
1213 5.4299E-016
1213 -2.1060E-016
1214 -3.3597E-016
1214 -1.0454E-016
1215 2.7102E-017
1216 -5.5772E-016
1216 -2.9093E-016
1217 1.7272E-016
1217 1.0216E-017
1218 -3.1197E-016
1219 -4.1464E-016
1219 -2.9391E-016
1220 -4.2250E-016
1220 4.6307E-016
1221 -8.8133E-018
1222 1.2082E-016
1222 -6.5627E-017
1223 1.1445E-017
1223 -3.4481E-016
1224 6.0953E-016
1224 -2.1269E-016
1225 -6.9687E-016
1226 2.2240E-018
1226 9.1684E-017
1227 4.7463E-016
1227 2.1569E-016
1228 8.7743E-017
1229 1.9938E-016
1229 2.0299E-016
1230 1.6204E-016
1230 -1.9329E-016
1231 3.5515E-016
1231 1.0686E-016
1232 -2.5335E-016
1233 1.1137E-016
1233 1.7448E-016
1234 -1.1449E-016
1234 -3.6557E-016
1235 -1.5881E-016
1236 -1.1252E-016
1236 -3.3089E-016
1237 -2.2199E-016
1237 -1.1786E-016
1238 -4.2925E-016
1238 -5.1165E-017
1239 1.4122E-016
1240 -2.7129E-016
1240 -1.2765E-016
1241 6.7232E-017
1241 1.0253E-016
1242 3.0771E-017
1243 -3.4902E-017
1243 9.8783E-017
1244 4.2686E-017
1244 7.3324E-017
1245 7.3312E-017
1245 2.2230E-017
1246 3.8644E-017
1247 4.1089E-017
1247 3.7989E-017
1248 6.3725E-017
1248 1.5237E-017
1249 3.7442E-017
1250 1.3806E-016
1250 6.3587E-017
1251 3.8251E-017
1251 6.1390E-017
1252 8.7713E-017
1252 1.4396E-017
1253 3.5983E-018
1254 8.6137E-017
1254 1.1081E-016
1255 1.5674E-016
1255 1.5440E-016
1256 7.3514E-017
1257 5.9961E-017
1257 8.6611E-017
1258 1.3344E-017
1258 6.1675E-017
1259 6.0275E-017
1259 2.4679E-017
1260 8.6094E-017
1261 1.3258E-016
1261 9.8891E-017
1262 5.0689E-017
1262 1.9273E-016
1263 1.1236E-016
1264 1.4562E-016
1264 3.7907E-017
1265 2.3467E-016
1265 1.7491E-016
1266 8.9727E-017
1266 5.9995E-017
1267 1.1211E-016
1268 2.2550E-016
1268 2.0555E-016
1269 1.2486E-016
1269 2.1473E-016
1270 2.1617E-016
1271 9.9356E-017
1271 1.0649E-016
1272 1.8039E-016
1272 1.0421E-016
1273 2.1875E-016
1273 2.2438E-016
1274 1.5574E-016
1275 1.0321E-016
1275 1.4639E-016
1276 2.2401E-016
1276 2.0100E-016
1277 1.3623E-016
1278 1.3325E-016
1278 1.1379E-016
1279 1.7477E-016
1279 2.0679E-016
1280 2.1118E-016
1280 3.2519E-016
1281 1.1810E-016
1282 2.7671E-016
1282 1.8600E-016
1283 3.9616E-016
1283 2.2822E-016
1284 2.7962E-016
1285 1.6552E-016
1285 2.1625E-016
1286 3.7152E-016
1286 2.0013E-016
1287 3.4902E-016
1287 2.0399E-016
1288 9.5342E-017
1289 2.5369E-016
1289 2.7807E-016
1290 3.8728E-016
1290 3.4271E-016
1291 3.1641E-016
1292 4.9296E-016
1292 3.2774E-016
1293 3.2213E-016
1293 4.1306E-016
1294 4.6118E-016
1294 3.8306E-016
1295 2.9822E-016
1296 2.8680E-016
1296 2.9329E-016
1297 2.1512E-016
1297 3.6215E-016
1298 3.2005E-016
1299 4.8651E-016
1299 4.7473E-016
1300 2.6309E-016
1300 2.5027E-016
1301 2.8457E-016
1301 3.4998E-016
1302 2.5999E-016
1303 4.2063E-016
1303 3.2579E-016
1304 3.7912E-016
1304 1.9369E-016
1305 2.1619E-016
1306 2.7835E-016
1306 3.7625E-016
1307 3.4014E-016
1307 2.8849E-016
1308 4.7135E-016
1308 4.0780E-016
1309 2.2500E-016
1310 4.1180E-016
1310 2.8203E-016
1311 3.4008E-016
1311 1.7403E-016
1312 4.1421E-016
1313 4.3921E-016
1313 5.9380E-016
1314 4.0353E-016
1314 6.0901E-016
1315 5.5738E-016
1315 5.2102E-016
1316 5.9299E-016
1317 5.9761E-016
1317 5.8603E-016
1318 6.0766E-016
1318 7.2624E-016
1319 5.9747E-016
1320 6.2641E-016
1320 4.6620E-016
1321 8.1038E-016
1321 4.7816E-016
1322 7.6790E-016
1322 7.0094E-016
1323 5.0850E-016
1324 6.7786E-016
1324 6.9751E-016
1325 6.7438E-016
1325 6.7593E-016
1326 6.4769E-016
1327 5.7466E-016
1327 6.9773E-016
1328 7.2758E-016
1328 5.9886E-016
1329 5.1941E-016
1329 5.4329E-016
1330 5.0051E-016
1331 8.0443E-016
1331 5.7299E-016
1332 5.9604E-016
1332 8.6470E-016
1333 8.8343E-016
1334 5.5422E-016
1334 7.2076E-016
1335 5.0568E-016
1335 6.5006E-016
1336 5.6417E-016
1336 8.3981E-016
1337 1.0526E-015
1338 8.8958E-016
1338 1.1791E-015
1339 1.1716E-015
1339 1.0975E-015
1340 1.0765E-015
1341 1.0699E-015
1341 8.6635E-016
1342 8.9865E-016
1342 1.0010E-015
1343 1.0703E-015
1343 1.1151E-015
1344 8.3803E-016
1345 9.8243E-016
1345 8.8754E-016
1346 6.4756E-016
1346 7.6457E-016
1347 9.9733E-016
1347 8.3198E-016
1348 1.0792E-015
1349 7.8061E-016
1349 8.3360E-016
1350 9.8413E-016
1350 1.1145E-015
1351 1.1834E-015
1352 1.1915E-015
1352 1.0405E-015
1353 1.0674E-015
1353 8.6864E-016
1354 6.1349E-016
1354 8.4629E-016
1355 6.9022E-016
1356 5.6332E-016
1356 7.0833E-016
1357 6.2787E-016
1357 8.9637E-016
1358 8.6137E-016
1359 7.2925E-016
1359 9.3289E-016
1360 1.2496E-015
1360 1.3891E-015
1361 1.1399E-015
1361 7.6002E-016
1362 7.8413E-016
1363 9.3117E-016
1363 1.1035E-015
1364 1.1592E-015
1364 1.0074E-015
1365 1.0370E-015
1366 1.0792E-015
1366 8.9722E-016
1367 9.1992E-016
1367 1.0036E-015
1368 8.0080E-016
1368 6.6924E-016
1369 1.0166E-015
1370 8.8797E-016
1370 9.9710E-016
1371 9.8268E-016
1371 9.6690E-016
1372 1.1013E-015
1373 1.0665E-015
1373 1.1161E-015
1374 8.0352E-016
1374 7.2329E-016
1375 1.0739E-015
1375 1.0901E-015
1376 1.0557E-015
1377 1.3657E-015
1377 1.2586E-015
1378 1.4244E-015
1378 9.1590E-016
1379 1.4057E-015
1380 8.7608E-016
1380 1.0518E-015
1381 8.7117E-016
1381 7.3801E-016
1382 8.5314E-016
1382 1.4845E-015
1383 6.6363E-016
1384 1.1790E-015
1384 1.2029E-015
1385 9.5764E-016
1385 1.0751E-015
1386 1.0691E-015
1387 1.1190E-015
1387 7.0282E-016
1388 1.0611E-015
1388 1.0353E-015
1389 1.3586E-015
1389 9.1532E-016
1390 1.1501E-015
1391 1.0293E-015
1391 1.0059E-015
1392 9.1418E-016
1392 1.1890E-015
1393 1.2936E-015
1394 1.4822E-015
1394 1.2121E-015
1395 1.5259E-015
1395 1.5353E-015
1396 1.2717E-015
1396 1.4613E-015
1397 1.0242E-015
1398 1.2397E-015
1398 1.2536E-015
1399 1.0386E-015
1399 1.0065E-015
1400 1.2694E-015
1401 1.0199E-015
1401 1.1546E-015
1402 1.3689E-015
1402 1.3359E-015
1403 1.4842E-015
1403 1.4170E-015
1404 1.3764E-015
1405 1.2181E-015
1405 1.3621E-015
1406 1.6674E-015
1406 1.5343E-015
1407 1.4916E-015
1408 1.9009E-015
1408 1.5758E-015
1409 1.5331E-015
1409 1.5327E-015
1410 1.2591E-015
1410 1.3393E-015
1411 1.7171E-015
1412 1.2507E-015
1412 1.2424E-015
1413 1.8978E-015
1413 1.8810E-015
1414 1.6245E-015
1415 1.8053E-015
1415 1.3772E-015
1416 1.6411E-015
1416 1.6708E-015
1417 1.3794E-015
1417 1.5477E-015
1418 1.8333E-015
1419 2.4957E-015
1419 1.5779E-015
1420 1.7533E-015
1420 1.7802E-015
1421 1.7704E-015
1422 1.4948E-015
1422 2.2539E-015
1423 1.9784E-015
1423 2.1648E-015
1424 1.8942E-015
1424 1.8558E-015
1425 1.9311E-015
1426 1.7768E-015
1426 1.8412E-015
1427 2.0914E-015
1427 2.0079E-015
1428 2.8318E-015
1429 2.3624E-015
1429 2.0910E-015
1430 1.8253E-015
1430 1.5480E-015
1431 1.4694E-015
1431 1.7445E-015
1432 1.2432E-015
1433 1.4707E-015
1433 1.3986E-015
1434 1.2344E-015
1434 1.3892E-015
1435 1.1586E-015
1436 1.5991E-015
1436 2.3144E-015
1437 1.8926E-015
1437 1.7528E-015
1438 1.4347E-015
1438 1.6615E-015
1439 1.7522E-015
1440 1.9790E-015
1440 1.9566E-015
1441 2.0820E-015
1441 1.6862E-015
1442 1.5404E-015
1443 1.5689E-015
1443 1.9862E-015
1444 1.8615E-015
1444 1.8106E-015
1445 1.9363E-015
1445 2.2298E-015
1446 2.4921E-015
1447 2.1739E-015
1447 2.0696E-015
1448 2.0419E-015
1448 2.0469E-015
1449 2.0675E-015
1450 2.5389E-015
1450 1.9858E-015
1451 2.0304E-015
1451 2.2165E-015
1452 2.8456E-015
1452 1.9749E-015
1453 2.4017E-015
1454 2.5006E-015
1454 2.8195E-015
1455 2.0228E-015
1455 1.9315E-015
1456 2.0416E-015
1457 2.2660E-015
1457 2.2362E-015
1458 2.7784E-015
1458 2.1201E-015
1459 2.6130E-015
1459 2.3130E-015
1460 2.3640E-015
1461 2.5780E-015
1461 2.0912E-015
1462 2.4468E-015
1462 2.8961E-015
1463 2.4959E-015
1464 1.9578E-015
1464 2.4122E-015
1465 1.7775E-015
1465 2.1431E-015
1466 2.3761E-015
1466 1.9121E-015
1467 2.2141E-015
1468 1.8780E-015
1468 2.2675E-015
1469 1.9145E-015
1469 2.0103E-015
1470 2.4953E-015
1471 2.2495E-015
1471 2.5407E-015
1472 1.6330E-015
1472 1.8376E-015
1473 1.9190E-015
1473 1.7417E-015
1474 1.9610E-015
1475 1.6497E-015
1475 1.7371E-015
1476 2.4247E-015
1476 2.0874E-015
1477 1.9358E-015
1478 2.1540E-015
1478 1.6430E-015
1479 2.7695E-015
1479 2.2610E-015
1480 2.2251E-015
1480 2.1964E-015
1481 2.4076E-015
1482 1.8395E-015
1482 2.4817E-015
1483 1.6906E-015
1483 1.6452E-015
1484 2.6605E-015
1484 2.0316E-015
1485 2.2596E-015
1486 2.8071E-015
1486 2.1080E-015
1487 2.1150E-015
1487 2.7013E-015
1488 2.5544E-015
1489 2.6232E-015
1489 2.4886E-015
1490 2.8333E-015
1490 3.0189E-015
1491 2.5305E-015
1491 3.1486E-015
1492 2.6769E-015
1493 1.8924E-015
1493 1.8173E-015
1494 2.0601E-015
1494 2.1329E-015
1495 2.1955E-015
1496 2.8666E-015
1496 3.0813E-015
1497 2.9475E-015
1497 3.6011E-015
1498 3.3624E-015
1498 2.8091E-015
1499 3.7374E-015
1500 3.1743E-015
1500 2.7067E-015
1501 3.6519E-015
1501 2.5815E-015
1502 3.1846E-015
1503 3.3146E-015
1503 3.7033E-015
1504 2.8888E-015
1504 2.8258E-015
1505 3.4173E-015
1505 3.0964E-015
1506 3.3567E-015
1507 2.4700E-015
1507 2.2305E-015
1508 2.7944E-015
1508 3.2561E-015
1509 2.7151E-015
1510 2.1047E-015
1510 2.4948E-015
1511 1.9895E-015
1511 1.9059E-015
1512 2.7894E-015
1512 2.3095E-015
1513 2.6720E-015
1514 3.0680E-015
1514 2.7794E-015
1515 2.6889E-015
1515 1.9239E-015
1516 3.6616E-015
1517 2.4999E-015
1517 3.0070E-015
1518 2.9530E-015
1518 3.0663E-015
1519 3.2462E-015
1519 3.7408E-015
1520 3.2127E-015
1521 3.2776E-015
1521 3.2645E-015
1522 3.4163E-015
1522 3.0272E-015
1523 2.8754E-015
1524 3.5902E-015
1524 3.5710E-015
1525 3.5696E-015
1525 2.8853E-015
1526 2.5731E-015
1526 1.8995E-015
1527 2.4777E-015
1528 3.0938E-015
1528 3.3928E-015
1529 3.1663E-015
1529 3.1987E-015
1530 4.4932E-015
1531 4.1350E-015
1531 2.9908E-015
1532 2.7943E-015
1532 3.6589E-015
1533 1.8940E-015
1533 2.5416E-015
1534 2.3722E-015
1535 2.6336E-015
1535 3.8657E-015
1536 4.5176E-015
1536 4.6424E-015
1537 3.3290E-015
1538 4.3917E-015
1538 4.4969E-015
1539 6.3438E-015
1539 5.9165E-015
1540 4.5569E-015
1540 5.5269E-015
1541 4.0109E-015
1542 4.7381E-015
1542 4.6317E-015
1543 8.7791E-015
1543 6.8479E-015
1544 6.9239E-015
1545 5.6665E-015
1545 3.6161E-015
1546 5.8606E-015
1546 7.2821E-015
1547 7.2155E-015
1547 5.6826E-015
1548 6.7204E-015
1549 6.5671E-015
1549 7.9348E-015
1550 1.0281E-014
1550 1.0321E-014
1551 6.1490E-015
1552 6.6836E-015
1552 5.6270E-015
1553 6.5915E-015
1553 6.3291E-015
1554 8.0398E-015
1554 7.6958E-015
1555 7.2676E-015
1556 7.7719E-015
1556 7.4922E-015
1557 8.9198E-015
1557 1.0643E-014
1558 9.5778E-015
1559 4.0760E-015
1559 7.2309E-015
1560 5.6770E-015
1560 4.1180E-015
1561 4.1569E-015
1561 5.6756E-015
1562 5.7437E-015
1563 1.1311E-014
1563 1.0546E-014
1564 1.0252E-014
1564 1.3108E-014
1565 1.1913E-014
1565 1.2645E-014
1566 1.1147E-014
1567 1.0039E-014
1567 1.0183E-014
1568 8.5084E-015
1568 9.9935E-015
1569 9.0400E-015
1570 7.9546E-015
1570 8.7182E-015
1571 9.0881E-015
1571 9.5748E-015
1572 1.1677E-014
1572 8.3972E-015
1573 7.0350E-015
1574 7.0318E-015
1574 6.5344E-015
1575 7.4159E-015
1575 1.0374E-014
1576 1.2756E-014
1577 1.2079E-014
1577 1.1023E-014
1578 1.2697E-014
1578 1.3580E-014
1579 1.4553E-014
1579 1.4447E-014
1580 1.4568E-014
1581 1.2331E-014
1581 1.3993E-014
1582 1.6101E-014
1582 1.6118E-014
1583 1.6757E-014
1584 1.4426E-014
1584 1.1899E-014
1585 1.2109E-014
1585 1.2591E-014
1586 1.0643E-014
1586 1.0028E-014
1587 1.2015E-014
1588 1.3113E-014
1588 1.2236E-014
1589 1.3492E-014
1589 1.3273E-014
1590 1.1969E-014
1591 1.3928E-014
1591 1.3011E-014
1592 1.1972E-014
1592 1.0750E-014
1593 1.0538E-014
1593 1.1741E-014
1594 9.4736E-015
1595 8.5528E-015
1595 9.9773E-015
1596 1.1064E-014
1596 1.3591E-014
1597 1.3860E-014
1598 1.3550E-014
1598 1.5908E-014
1599 1.8263E-014
1599 1.8797E-014
1600 1.7831E-014
1600 1.5803E-014
1601 1.4220E-014
1602 1.3588E-014
1602 1.2881E-014
1603 1.0468E-014
1603 1.5164E-014
1604 1.6049E-014
1605 1.4090E-014
1605 1.5295E-014
1606 1.5722E-014
1606 1.3245E-014
1607 1.4618E-014
1607 1.5027E-014
1608 1.3702E-014
1609 1.3666E-014
1609 1.7529E-014
1610 1.7373E-014
1610 1.6916E-014
1611 1.7331E-014
1612 1.5808E-014
1612 1.4020E-014
1613 1.4956E-014
1613 1.4605E-014
1614 1.8069E-014
1614 1.6882E-014
1615 2.0418E-014
1616 1.6359E-014
1616 1.8390E-014
1617 1.5777E-014
1617 1.9591E-014
1618 1.8944E-014
1619 1.5715E-014
1619 1.4039E-014
1620 1.5986E-014
1620 1.5162E-014
1621 1.7733E-014
1621 1.2063E-014
1622 1.4645E-014
1623 1.6185E-014
1623 1.3223E-014
1624 2.1550E-014
1624 1.9915E-014
1625 2.1572E-014
1625 1.7058E-014
1626 1.5927E-014
1627 1.8451E-014
1627 1.6554E-014
1628 1.8021E-014
1628 1.6125E-014
1629 1.4225E-014
1630 1.3150E-014
1630 1.4046E-014
1631 1.6293E-014
1631 1.7496E-014
1632 2.0280E-014
1632 1.6422E-014
1633 1.4807E-014
1634 1.5522E-014
1634 1.7226E-014
1635 1.9262E-014
1635 1.5297E-014
1636 1.7624E-014
1637 1.8226E-014
1637 2.0786E-014
1638 2.1889E-014
1638 2.1300E-014
1639 2.3376E-014
1639 1.9348E-014
1640 2.0504E-014
1641 1.8255E-014
1641 2.1128E-014
1642 1.6946E-014
1642 2.0069E-014
1643 2.0458E-014
1644 1.9130E-014
1644 1.9202E-014
1645 2.3030E-014
1645 2.7469E-014
1646 2.8111E-014
1646 2.2146E-014
1647 2.0506E-014
1648 2.4387E-014
1648 2.5740E-014
1649 2.0039E-014
1649 1.5476E-014
1650 2.2654E-014
1651 1.8453E-014
1651 1.9422E-014
1652 2.2752E-014
1652 2.2302E-014
1653 2.1166E-014
1653 2.1753E-014
1654 1.9795E-014
1655 1.6864E-014
1655 1.7580E-014
1656 1.4139E-014
1656 1.0371E-014
1657 7.2155E-015
1658 8.4427E-015
1658 9.5577E-015
1659 1.3779E-014
1659 1.6763E-014
1660 2.4466E-014
1660 2.9348E-014
1661 2.3762E-014
1662 2.4682E-014
1662 2.5869E-014
1663 2.4033E-014
1663 2.1271E-014
1664 2.1352E-014
1665 2.2649E-014
1665 2.6342E-014
1666 2.8978E-014
1666 2.5355E-014
1667 2.2157E-014
1667 2.1157E-014
1668 2.0778E-014
1669 1.5311E-014
1669 1.8580E-014
1670 1.3783E-014
1670 9.0859E-015
1671 8.7479E-015
1671 1.4315E-014
1672 1.5060E-014
1673 2.0442E-014
1673 1.7295E-014
1674 1.9888E-014
1674 1.4822E-014
1675 1.9347E-014
1676 1.9523E-014
1676 2.1609E-014
1677 2.0375E-014
1677 2.2932E-014
1678 2.4270E-014
1679 2.2385E-014
1680 2.5571E-014
1682 2.2168E-014
1684 2.3627E-014
1685 2.5238E-014
1687 2.3409E-014
1688 2.5170E-014
1690 2.1179E-014
1691 2.2961E-014
1693 2.0624E-014
1694 2.1924E-014
1696 2.4705E-014
1697 2.0960E-014
1699 2.0873E-014
1701 2.1878E-014
1702 2.3561E-014
1704 2.5318E-014
1705 2.2211E-014
1707 2.2608E-014
1708 2.4097E-014
1710 2.8481E-014
1711 2.7472E-014
1713 2.6565E-014
1714 2.5062E-014
1716 2.4174E-014
1718 2.7555E-014
1719 2.6964E-014
1721 2.5460E-014
1722 2.4863E-014
1724 2.6351E-014
1725 2.5400E-014
1727 2.4466E-014
1728 2.8413E-014
1730 2.9934E-014
1731 2.7848E-014
1733 2.6211E-014
1735 2.8689E-014
1736 2.7098E-014
1738 2.7329E-014
1739 2.7521E-014
1741 2.9732E-014
1742 2.8654E-014
1744 2.9233E-014
1745 2.9946E-014
1747 2.8260E-014
1748 2.7926E-014
1750 3.2018E-014
1752 3.2066E-014
1753 3.2227E-014
1755 3.5667E-014
1756 3.4953E-014
1758 3.3578E-014
1759 3.0133E-014
1761 2.9964E-014
1762 2.7691E-014
1764 2.7232E-014
1765 2.6395E-014
1767 2.6721E-014
1768 2.8172E-014
1770 2.8750E-014
1772 3.0206E-014
1773 2.9944E-014
1775 3.2840E-014
1776 3.2852E-014
1778 3.4413E-014
1779 3.6134E-014
1781 3.5308E-014
1782 3.3372E-014
1784 3.2001E-014
1785 3.4394E-014
1787 3.1927E-014
1789 3.4367E-014
1790 3.5176E-014
1792 3.7418E-014
1793 3.8780E-014
1795 3.6725E-014
1796 4.1217E-014
1798 3.5817E-014
1799 3.6084E-014
1801 3.7038E-014
1802 3.9480E-014
1804 3.7940E-014
1806 3.6164E-014
1807 3.4585E-014
1809 3.1389E-014
1810 3.3605E-014
1812 3.5605E-014
1813 3.6215E-014
1815 3.5221E-014
1816 3.5070E-014
1818 3.3313E-014
1819 3.4845E-014
1821 3.5561E-014
1823 3.4095E-014
1824 3.5683E-014
1826 3.4524E-014
1827 3.4155E-014
1829 3.2747E-014
1830 3.3514E-014
1832 3.1650E-014
1833 3.1396E-014
1835 3.4175E-014
1836 3.3582E-014
1838 3.2806E-014
1840 3.0770E-014
1841 2.9005E-014
1843 2.8623E-014
1844 2.9221E-014
1846 2.8662E-014
1847 2.7507E-014
1849 2.8429E-014
1850 3.2583E-014
1852 2.9581E-014
1853 2.7486E-014
1855 3.0423E-014
1857 3.0651E-014
1858 3.0026E-014
1860 2.8343E-014
1861 3.0660E-014
1863 3.2407E-014
1864 3.1640E-014
1866 2.9867E-014
1867 3.1429E-014
1869 3.3286E-014
1870 3.2856E-014
1872 3.4404E-014
1874 3.2619E-014
1875 3.2931E-014
1877 3.2371E-014
1878 3.2042E-014
1880 3.3969E-014
1881 3.3826E-014
1883 3.3329E-014
1884 3.5382E-014
1886 3.4957E-014
1887 3.6361E-014
1889 3.3596E-014
1891 3.5111E-014
1892 3.4970E-014
1894 3.4306E-014
1895 3.4975E-014
1897 3.4733E-014
1898 3.1479E-014
1900 3.0517E-014
1901 3.3417E-014
1903 3.1223E-014
1904 3.3607E-014
1906 3.2442E-014
1908 3.3353E-014
1909 3.1933E-014
1911 3.1063E-014
1912 3.2538E-014
1914 3.5005E-014
1915 3.4567E-014
1917 3.6100E-014
1918 3.2550E-014
1920 3.3344E-014
1921 3.8013E-014
1923 3.6542E-014
1925 3.3640E-014
1926 3.2859E-014
1928 3.1676E-014
1929 3.1337E-014
1931 3.0958E-014
1932 3.0754E-014
1934 3.2197E-014
1935 3.1794E-014
1937 3.0674E-014
1938 3.2581E-014
1940 3.4928E-014
1942 3.5175E-014
1943 3.5683E-014
1945 3.6404E-014
1946 3.5355E-014
1948 3.5295E-014
1949 3.4400E-014
1951 3.6355E-014
1952 3.3787E-014
1954 3.5228E-014
1955 3.5488E-014
1957 3.7021E-014
1959 3.6460E-014
1960 3.7883E-014
1962 3.6067E-014
1963 3.4420E-014
1965 3.6518E-014
1966 3.4573E-014
1968 3.5187E-014
1969 3.6620E-014
1971 3.6163E-014
1972 3.7967E-014
1974 3.6416E-014
1976 3.6945E-014
1977 3.8368E-014
1979 3.6462E-014
1980 3.5633E-014
1982 3.6406E-014
1983 3.6808E-014
1985 3.4294E-014
1986 3.5010E-014
1988 3.6614E-014
1989 3.5311E-014
1991 3.2111E-014
1993 3.3164E-014
1994 3.2694E-014
1996 3.2869E-014
1997 3.4867E-014
1999 3.3689E-014
2000 3.4568E-014
2002 3.4742E-014
2003 3.4384E-014
2005 3.1730E-014
2006 3.2525E-014
2008 3.2758E-014
2010 3.3493E-014
2011 3.2594E-014
2013 2.9239E-014
2014 3.1209E-014
2016 3.2694E-014
2017 3.1733E-014
2019 3.2962E-014
2020 3.1978E-014
2022 3.1952E-014
2023 3.2653E-014
2025 3.2523E-014
2027 3.2174E-014
2028 3.1907E-014
2030 3.3473E-014
2031 3.4693E-014
2033 3.2134E-014
2034 3.0986E-014
2036 3.0194E-014
2037 3.0618E-014
2039 3.1764E-014
2040 3.1139E-014
2042 3.1924E-014
2044 3.3994E-014
2045 3.4709E-014
2047 3.5329E-014
2048 3.4442E-014
2050 3.5341E-014
2051 3.5045E-014
2053 3.5361E-014
2054 3.3137E-014
2056 3.1509E-014
2058 3.2857E-014
2059 3.2390E-014
2061 3.3436E-014
2062 3.1483E-014
2064 3.0380E-014
2065 3.1147E-014
2067 3.1208E-014
2068 3.3179E-014
2070 3.2495E-014
2071 3.4196E-014
2073 3.4154E-014
2075 3.4196E-014
2076 3.5351E-014
2078 3.7572E-014
2079 3.4997E-014
2081 3.4998E-014
2082 3.4336E-014
2084 3.3144E-014
2085 3.2786E-014
2087 3.4548E-014
2088 3.6059E-014
2090 3.4731E-014
2092 3.3687E-014
2093 3.3935E-014
2095 3.2317E-014
2096 3.0991E-014
2098 3.2055E-014
2099 3.2834E-014
2101 3.2931E-014
2102 3.2262E-014
2104 3.2439E-014
2105 3.4480E-014
2107 3.4282E-014
2109 3.0723E-014
2110 2.9152E-014
2112 2.9435E-014
2113 2.8481E-014
2115 3.0914E-014
2116 3.3687E-014
2118 3.4248E-014
2119 3.4313E-014
2121 3.5367E-014
2122 3.3701E-014
2124 3.2532E-014
2126 3.0402E-014
2127 3.0315E-014
2129 2.7524E-014
2130 2.6623E-014
2132 2.6011E-014
2133 2.4244E-014
2135 2.2453E-014
2136 2.5060E-014
2138 2.8095E-014
2139 2.7972E-014
2141 2.9899E-014
2143 3.0856E-014
2144 3.2644E-014
2146 3.1612E-014
2147 3.0751E-014
2149 2.9772E-014
2150 2.9921E-014
2152 2.9483E-014
2153 2.9910E-014
2155 3.2731E-014
2156 3.1025E-014
2158 3.0592E-014
2160 2.9587E-014
2161 2.9229E-014
2163 2.8841E-014
2164 2.9303E-014
2166 2.8871E-014
2167 2.7387E-014
2169 2.7769E-014
2170 2.7108E-014
2172 2.7574E-014
2174 2.8043E-014
2175 2.5249E-014
2177 2.7903E-014
2178 2.8953E-014
2180 3.0521E-014
2181 3.1369E-014
2183 3.1299E-014
2184 3.0630E-014
2186 2.9256E-014
2187 2.6618E-014
2189 2.8521E-014
2191 2.8956E-014
2192 2.9420E-014
2194 2.9478E-014
2195 3.2559E-014
2197 3.3637E-014
2198 3.3350E-014
2200 3.2918E-014
2201 3.1971E-014
2203 3.1307E-014
2204 3.2062E-014
2206 3.0064E-014
2208 2.9432E-014
2209 2.8259E-014
2211 2.6725E-014
2212 2.5037E-014
2214 2.8210E-014
2215 2.6888E-014
2217 2.6779E-014
2218 2.8472E-014
2220 2.9083E-014
2221 2.8177E-014
2223 2.8406E-014
2225 2.6862E-014
2226 2.7234E-014
2228 2.7536E-014
2229 2.9075E-014
2231 3.0648E-014
2232 3.0796E-014
2234 3.0827E-014
2235 3.1839E-014
2237 3.3212E-014
2238 3.1474E-014
2240 3.0134E-014
2242 2.8370E-014
2243 2.6442E-014
2245 2.5082E-014
2246 2.5848E-014
2248 2.5503E-014
2249 2.5252E-014
2251 2.6125E-014
2252 2.5026E-014
2254 2.6221E-014
2256 2.3082E-014
2257 2.4240E-014
2259 2.5601E-014
2260 2.6059E-014
2262 2.7970E-014
2263 2.8024E-014
2265 2.6893E-014
2266 2.5145E-014
2268 2.5010E-014
2269 2.7112E-014
2271 2.8740E-014
2273 2.9115E-014
2274 2.9312E-014
2276 2.8507E-014
2277 2.6992E-014
2279 2.8423E-014
2280 2.7782E-014
2282 3.0823E-014
2283 3.0420E-014
2285 3.0215E-014
2286 3.0427E-014
2288 2.8646E-014
2290 3.1795E-014
2291 3.1296E-014
2293 2.8045E-014
2294 2.6860E-014
2296 2.7763E-014
2297 2.4285E-014
2299 2.3237E-014
2300 2.5341E-014
2302 2.5994E-014
2303 2.6015E-014
2305 2.6380E-014
2307 2.7891E-014
2308 2.7511E-014
2310 2.7755E-014
2311 2.7191E-014
2313 2.3527E-014
2314 2.3302E-014
2316 2.5951E-014
2317 2.6912E-014
2319 2.6023E-014
2321 2.5002E-014
2322 2.6924E-014
2324 2.7531E-014
2325 2.6268E-014
2327 2.3632E-014
2328 2.4548E-014
2330 2.6274E-014
2331 2.4505E-014
2333 2.4196E-014
2334 2.2712E-014
2336 2.4532E-014
2338 2.3383E-014
2339 2.1535E-014
2341 2.3042E-014
2342 2.2566E-014
2344 2.0429E-014
2345 1.8810E-014
2347 2.0932E-014
2348 2.2371E-014
2350 2.4442E-014
2351 2.5019E-014
2353 2.6845E-014
2355 2.4854E-014
2356 2.4147E-014
2358 2.5361E-014
2359 2.4130E-014
2361 2.1161E-014
2362 2.2668E-014
2364 2.4353E-014
2365 2.4011E-014
2367 2.2509E-014
2369 2.4261E-014
2370 2.4423E-014
2372 2.5170E-014
2373 2.4166E-014
2375 2.1958E-014
2376 2.3381E-014
2378 2.5075E-014
2379 2.4044E-014
2381 2.1163E-014
2382 1.7629E-014
2384 1.7175E-014
2386 2.2539E-014
2387 2.4138E-014
2389 2.1889E-014
2390 2.0640E-014
2392 2.3459E-014
2393 2.5662E-014
2395 2.4104E-014
2396 1.9317E-014
2398 2.2987E-014
2399 2.2492E-014
2401 2.2619E-014
2403 2.3144E-014
2404 2.2655E-014
2406 1.9773E-014
2407 1.9443E-014
2409 1.9874E-014
2410 2.1422E-014
2412 2.0293E-014
2413 2.1616E-014
2415 2.3884E-014
2417 2.4723E-014
2418 2.3927E-014
2420 2.4794E-014
2421 2.7516E-014
2423 2.8989E-014
2424 2.5340E-014
2426 2.3560E-014
2427 2.5193E-014
2429 2.4560E-014
2430 2.3640E-014
2432 2.4903E-014
2434 2.4179E-014
2435 2.3264E-014
2437 2.4130E-014
2438 2.3987E-014
2440 2.5337E-014
2441 2.6467E-014
2443 2.7133E-014
2444 2.7766E-014
2446 2.6152E-014
2447 2.4108E-014
2449 2.5784E-014
2451 2.5644E-014
2452 2.5188E-014
2454 2.6196E-014
2455 2.5263E-014
2457 2.6886E-014
2458 2.6768E-014
2460 2.6207E-014
2461 2.4861E-014
2463 2.3801E-014
2465 2.2921E-014
2466 2.3521E-014
2468 2.2845E-014
2469 2.4716E-014
2471 2.3830E-014
2472 2.4556E-014
2474 2.3323E-014
2475 2.4807E-014
2477 2.5323E-014
2478 2.4624E-014
2480 2.3736E-014
2482 2.5998E-014
2483 2.4921E-014
2485 2.2890E-014
2486 2.4943E-014
2488 2.6108E-014
2489 2.6065E-014
2491 2.3367E-014
2492 2.3191E-014
2494 2.5012E-014
2495 2.7550E-014
2497 2.8430E-014
2499 2.6779E-014
2500 2.8751E-014
2502 2.8740E-014
2503 2.7459E-014
2505 2.8256E-014
2506 2.6326E-014
2508 2.5314E-014
2509 2.6183E-014
2511 2.6650E-014
2513 2.4844E-014
2514 2.4327E-014
2516 2.5451E-014
2517 2.5354E-014
2519 2.4041E-014
2520 2.3522E-014
2522 2.2569E-014
2523 2.1365E-014
2525 2.1799E-014
2526 1.9504E-014
2528 1.9449E-014
2530 1.8706E-014
2531 2.0794E-014
2533 2.3562E-014
2534 2.3106E-014
2536 2.2559E-014
2537 2.1625E-014
2539 1.9632E-014
2540 2.0844E-014
2542 2.1811E-014
2544 2.1792E-014
2545 2.2062E-014
2547 2.1020E-014
2548 2.1068E-014
2550 1.8859E-014
2551 1.9517E-014
2553 2.4354E-014
2554 2.6821E-014
2556 2.6874E-014
2557 2.5754E-014
2559 2.5847E-014
2561 2.5418E-014
2562 2.4895E-014
2564 2.3920E-014
2565 2.5582E-014
2567 2.7299E-014
2568 2.6804E-014
2570 2.7938E-014
2571 2.7524E-014
2573 2.6428E-014
2574 2.7077E-014
2576 2.6978E-014
2578 2.5683E-014
2579 2.6182E-014
2581 2.7130E-014
2582 2.8071E-014
2584 2.5595E-014
2585 2.6502E-014
2587 2.3666E-014
2588 2.5977E-014
2590 2.7926E-014
2592 2.7494E-014
2593 2.7547E-014
2595 2.6472E-014
2596 2.7514E-014
2598 2.7462E-014
2599 2.1693E-014
2601 2.1244E-014
2602 2.7174E-014
2604 2.7868E-014
2605 2.5870E-014
2607 2.1460E-014
2609 2.2253E-014
2610 2.4528E-014
2612 2.2717E-014
2613 2.2584E-014
2615 2.3542E-014
2616 2.7655E-014
2618 2.7541E-014
2619 2.7169E-014
2621 2.6542E-014
2623 2.7531E-014
2624 2.9009E-014
2626 2.8285E-014
2627 2.5790E-014
2629 2.5824E-014
2630 2.5507E-014
2632 2.2387E-014
2633 2.5032E-014
2635 2.9867E-014
2636 3.1632E-014
2638 3.0906E-014
2640 3.1102E-014
2641 3.2652E-014
2643 3.2191E-014
2644 3.4118E-014
2646 3.3754E-014
2647 3.4095E-014
2649 3.3924E-014
2650 3.3552E-014
2652 3.2971E-014
2654 3.4100E-014
2655 3.3050E-014
2657 3.3302E-014
2658 3.2851E-014
2660 3.1257E-014
2661 3.1897E-014
2663 3.0214E-014
2664 2.6904E-014
2666 2.8191E-014
2667 2.8445E-014
2669 2.8972E-014
2671 2.8944E-014
2672 2.9229E-014
2674 2.8568E-014
2675 3.1299E-014
2677 3.1559E-014
2678 3.0267E-014
2680 2.9327E-014
2681 3.0181E-014
2683 3.1796E-014
2685 3.1022E-014
2686 2.9974E-014
2688 2.9032E-014
2689 2.8002E-014
2691 2.8586E-014
2692 2.8899E-014
2694 2.6950E-014
2695 2.8861E-014
2697 2.8907E-014
2698 2.8425E-014
2700 2.8053E-014
2702 2.8140E-014
2703 2.8799E-014
2705 3.0092E-014
2706 2.8867E-014
2708 2.7450E-014
2709 2.7688E-014
2711 2.8054E-014
2712 2.7446E-014
2714 2.9077E-014
2716 2.9378E-014
2717 2.7477E-014
2719 2.7594E-014
2720 2.7469E-014
2722 2.7398E-014
2723 2.9033E-014
2725 2.8449E-014
2726 2.8778E-014
2728 2.8729E-014
2729 2.9330E-014
2731 3.0072E-014
2733 3.0660E-014
2734 3.0504E-014
2736 3.0700E-014
2737 2.8415E-014
2739 2.7611E-014
2740 2.6719E-014
2742 2.6951E-014
2743 2.5211E-014
2745 2.4408E-014
2747 2.4739E-014
2748 2.3728E-014
2750 2.3736E-014
2751 2.3010E-014
2753 2.4878E-014
2754 2.6684E-014
2756 2.5225E-014
2757 2.4082E-014
2759 2.7522E-014
2760 2.7232E-014
2762 2.6906E-014
2764 2.7270E-014
2765 2.8389E-014
2767 2.8064E-014
2768 2.8182E-014
2770 2.7295E-014
2771 2.8596E-014
2773 2.9642E-014
2774 3.0542E-014
2776 2.9115E-014
2778 2.8688E-014
2779 2.7124E-014
2781 2.7221E-014
2782 2.7644E-014
2784 2.7201E-014
2785 2.8464E-014
2787 2.8959E-014
2788 2.9675E-014
2790 2.8149E-014
2791 2.5360E-014
2793 2.4350E-014
2795 1.9329E-014
2796 1.3621E-014
2798 1.5117E-014
2799 1.8581E-014
2801 2.0365E-014
2802 1.8330E-014
2804 1.6239E-014
2805 2.1492E-014
2807 2.6603E-014
2809 2.9132E-014
2810 2.8814E-014
2812 3.0012E-014
2813 2.9918E-014
2815 3.0909E-014
2816 3.1703E-014
2818 3.0218E-014
2819 3.2648E-014
2821 3.4083E-014
2823 3.3439E-014
2824 3.2875E-014
2826 3.2110E-014
2827 3.2271E-014
2829 3.1359E-014
2830 3.1516E-014
2832 3.0440E-014
2833 3.1819E-014
2835 3.1629E-014
2836 3.0657E-014
2838 3.0089E-014
2840 2.9119E-014
2841 2.6834E-014
2843 2.8315E-014
2844 2.8195E-014
2846 2.9940E-014
2847 2.9276E-014
2849 2.8556E-014
2850 2.7336E-014
2852 2.6141E-014
2854 2.6637E-014
2855 2.9668E-014
2857 2.8690E-014
2858 2.5920E-014
2860 2.9247E-014
2861 2.9955E-014
2863 3.0376E-014
2864 3.0318E-014
2866 2.9739E-014
2867 2.9011E-014
2869 2.8603E-014
2871 2.8388E-014
2872 2.9328E-014
2874 2.9693E-014
2875 2.7437E-014
2877 2.8554E-014
2878 2.8071E-014
2880 2.9234E-014
2881 2.8613E-014
2883 2.9931E-014
2885 3.0667E-014
2886 3.0324E-014
2888 3.1823E-014
2889 2.9041E-014
2891 2.8836E-014
2892 2.7883E-014
2894 2.8495E-014
2895 2.8424E-014
2897 2.9649E-014
2899 2.9346E-014
2900 3.0619E-014
2902 3.3044E-014
2903 3.2947E-014
2905 3.3761E-014
2906 3.3212E-014
2908 3.3027E-014
2909 3.1253E-014
2911 3.2099E-014
2912 3.1947E-014
2914 3.3868E-014
2916 3.2891E-014
2917 3.1721E-014
2919 3.2702E-014
2920 3.3907E-014
2922 3.2454E-014
2923 3.2315E-014
2925 2.9787E-014
2926 3.1088E-014
2928 3.1026E-014
2930 2.8329E-014
2931 3.2753E-014
2933 3.1095E-014
2934 3.1074E-014
2936 3.0371E-014
2937 3.1195E-014
2939 3.0954E-014
2940 3.0661E-014
2942 3.0961E-014
2944 3.1720E-014
2945 3.0573E-014
2947 3.2123E-014
2948 3.1095E-014
2950 3.0499E-014
2951 3.0171E-014
2953 3.1721E-014
2954 3.0341E-014
2956 3.3094E-014
2957 3.3468E-014
2959 3.2995E-014
2961 3.2956E-014
2962 3.2942E-014
2964 3.2050E-014
2965 3.0915E-014
2967 3.1656E-014
2968 3.2286E-014
2970 3.0939E-014
2971 2.9707E-014
2973 3.0870E-014
2975 3.2244E-014
2976 3.2856E-014
2978 3.2308E-014
2979 3.2789E-014
2981 3.0321E-014
2982 3.0362E-014
2984 3.0675E-014
2985 3.0888E-014
2987 3.1280E-014
2989 3.3128E-014
2990 3.4641E-014
2992 3.4281E-014
2993 3.4064E-014
2995 3.3734E-014
2996 3.6658E-014
2998 3.4184E-014
2999 3.2551E-014
3001 3.2461E-014
3002 3.2296E-014
3004 3.2083E-014
3006 3.4154E-014
3007 3.4673E-014
3009 3.3402E-014
3010 3.4479E-014
3012 3.4523E-014
3013 3.5792E-014
3015 3.3544E-014
3016 3.3561E-014
3018 3.3199E-014
3020 3.2589E-014
3021 3.2706E-014
3023 3.3319E-014
3024 3.4454E-014
3026 3.2826E-014
3027 3.4451E-014
3029 3.3370E-014
3030 3.4385E-014
3032 3.2212E-014
3034 3.3004E-014
3035 3.3983E-014
3037 3.3882E-014
3038 3.2789E-014
3040 3.3063E-014
3041 3.2323E-014
3043 3.4298E-014
3044 3.3086E-014
3046 3.3121E-014
3047 3.4242E-014
3049 3.1895E-014
3051 3.2396E-014
3052 3.3724E-014
3054 3.3741E-014
3055 3.2001E-014
3057 3.2892E-014
3058 3.0833E-014
3060 3.4038E-014
3061 3.2719E-014
3063 3.4006E-014
3065 3.2631E-014
3067 3.2927E-014
3069 3.3548E-014
3072 3.2170E-014
3075 3.2723E-014
3078 3.2812E-014
3080 3.3949E-014
3083 3.4628E-014
3086 3.3814E-014
3089 3.4022E-014
3091 3.2704E-014
3094 3.2241E-014
3097 3.2087E-014
3100 3.1671E-014
3102 3.1169E-014
3105 3.2382E-014
3108 3.3575E-014
3110 3.4507E-014
3113 3.4971E-014
3116 3.1457E-014
3119 3.0616E-014
3121 3.1464E-014
3124 3.1658E-014
3127 3.2425E-014
3130 3.2622E-014
3132 3.2318E-014
3135 3.2523E-014
3138 3.2816E-014
3141 3.3050E-014
3143 3.3277E-014
3146 3.2682E-014
3149 3.3794E-014
3152 3.3773E-014
3154 3.3517E-014
3157 3.2368E-014
3160 3.2232E-014
3163 3.1850E-014
3165 3.2756E-014
3168 3.2475E-014
3171 3.3269E-014
3174 3.4230E-014
3176 3.2979E-014
3179 3.0856E-014
3182 3.1214E-014
3185 3.2254E-014
3187 3.1970E-014
3190 3.2209E-014
3193 3.1319E-014
3196 3.1647E-014
3198 3.3341E-014
3201 3.3810E-014
3204 3.4178E-014
3207 3.2858E-014
3209 3.1927E-014
3212 3.1627E-014
3215 3.1204E-014
3218 3.2152E-014
3220 3.1892E-014
3223 3.2160E-014
3226 3.2735E-014
3229 3.1232E-014
3231 3.1547E-014
3234 2.9975E-014
3237 3.1004E-014
3240 3.1572E-014
3242 3.1924E-014
3245 3.2868E-014
3248 3.1922E-014
3251 3.1747E-014
3253 3.2061E-014
3256 3.2610E-014
3259 3.2898E-014
3262 3.2299E-014
3264 3.2998E-014
3267 3.3309E-014
3270 3.2683E-014
3273 3.2664E-014
3275 3.1802E-014
3278 3.0411E-014
3281 3.1700E-014
3284 3.3233E-014
3286 3.3472E-014
3289 3.2427E-014
3292 3.3439E-014
3295 3.3708E-014
3297 3.2857E-014
3300 3.3475E-014
3303 3.2978E-014
3306 3.2375E-014
3308 3.2913E-014
3311 3.3848E-014
3314 3.2768E-014
3317 3.4012E-014
3319 3.2932E-014
3322 3.2546E-014
3325 3.2913E-014
3328 3.2852E-014
3330 3.3091E-014
3333 3.2464E-014
3336 3.1532E-014
3339 3.2246E-014
3341 3.1868E-014
3344 3.1977E-014
3347 3.2490E-014
3349 3.1665E-014
3352 3.2953E-014
3355 3.3106E-014
3358 3.2099E-014
3360 3.1051E-014
3363 3.2697E-014
3366 3.1948E-014
3369 3.1707E-014
3371 3.0942E-014
3374 3.1771E-014
3377 3.2709E-014
3380 3.1487E-014
3382 3.1099E-014
3385 3.1752E-014
3388 3.2280E-014
3391 3.2088E-014
3393 3.1633E-014
3396 3.2430E-014
3399 3.3564E-014
3402 3.2485E-014
3404 3.2849E-014
3407 3.1918E-014
3410 3.2926E-014
3413 3.3293E-014
3415 3.2112E-014
3418 3.3368E-014
3421 3.2609E-014
3424 3.1918E-014
3426 3.3322E-014
3429 3.3631E-014
3432 3.2874E-014
3435 3.2839E-014
3437 3.2191E-014
3440 3.1369E-014
3443 3.0079E-014
3446 3.1807E-014
3448 3.3196E-014
3451 3.2960E-014
3454 3.2314E-014
3457 3.2509E-014
3459 3.1832E-014
3462 3.1062E-014
3465 3.2278E-014
3468 3.2451E-014
3470 3.2449E-014
3473 3.1660E-014
3476 3.1256E-014
3479 3.2234E-014
3481 3.1600E-014
3484 3.2160E-014
3487 3.1850E-014
3490 3.1579E-014
3492 3.0445E-014
3495 3.0536E-014
3498 3.0399E-014
3501 3.1587E-014
3503 3.2578E-014
3506 3.1833E-014
3509 3.1849E-014
3512 3.1849E-014
3514 3.1388E-014
3517 3.2473E-014
3520 3.1891E-014
3523 3.1768E-014
3525 3.2051E-014
3528 3.2685E-014
3531 3.3083E-014
3534 3.3064E-014
3536 3.2907E-014
3539 3.2649E-014
3542 3.2232E-014
3545 3.3497E-014
3547 3.2816E-014
3550 3.3008E-014
3553 3.3361E-014
3556 3.1955E-014
3558 3.1748E-014
3561 3.2458E-014
3564 3.2785E-014
3567 3.0891E-014
3569 3.1868E-014
3572 3.0782E-014
3575 3.1676E-014
3578 3.1092E-014
3580 3.1262E-014
3583 3.1666E-014
3586 3.0019E-014
3589 3.0720E-014
3591 3.1781E-014
3594 3.1957E-014
3597 3.0776E-014
3600 3.2019E-014
3602 3.1856E-014
3605 3.1454E-014
3608 3.1680E-014
3611 3.0541E-014
3613 3.0733E-014
3616 3.0923E-014
3619 3.1214E-014
3622 3.1495E-014
3624 3.2185E-014
3627 3.2839E-014
3630 3.2063E-014
3633 3.1285E-014
3635 3.2239E-014
3638 3.2604E-014
3641 3.1836E-014
3644 3.1923E-014
3646 3.1391E-014
3649 3.1796E-014
3652 3.2515E-014
3655 3.2444E-014
3657 3.2426E-014
3660 3.2987E-014
3663 3.1641E-014
3666 3.2721E-014
3668 3.2850E-014
3671 3.2982E-014
3674 3.2570E-014
3677 3.1964E-014
3679 3.1825E-014
3682 3.2152E-014
3685 3.1680E-014
3688 3.1516E-014
3690 3.2316E-014
3693 3.2211E-014
3696 3.2639E-014
3699 3.2698E-014
3701 3.2723E-014
3704 3.1550E-014
3707 3.2418E-014
3710 3.2780E-014
3712 2.9562E-014
3715 3.3864E-014
3718 3.7603E-014
3721 3.3599E-014
3723 3.1665E-014
3726 3.7850E-014
3729 4.0054E-014
3732 3.7868E-014
3734 3.1493E-014
3737 3.4209E-014
3740 4.1024E-014
3743 4.5313E-014
3745 4.1185E-014
3748 3.4508E-014
3751 3.0401E-014
3753 3.7137E-014
3756 4.4884E-014
3759 4.7803E-014
3762 4.9093E-014
3764 4.6083E-014
3767 4.0500E-014
3770 3.2557E-014
3773 3.5346E-014
3775 4.2605E-014
3778 5.2649E-014
3781 5.9038E-014
3784 6.1838E-014
3786 6.0902E-014
3789 5.6612E-014
3792 5.0583E-014
3795 4.1298E-014
3797 3.2459E-014
3800 3.4672E-014
3803 4.5253E-014
3806 5.4075E-014
3808 6.0714E-014
3811 6.6788E-014
3814 6.7781E-014
3817 6.8849E-014
3819 6.9587E-014
3822 6.5844E-014
3825 5.9982E-014
3828 5.3422E-014
3830 4.6282E-014
3833 3.7046E-014
3836 3.0415E-014
3839 3.6169E-014
3841 4.5749E-014
3844 5.5383E-014
3847 6.3616E-014
3850 6.9228E-014
3852 7.4381E-014
3855 7.7429E-014
3858 7.7740E-014
3861 7.9277E-014
3863 8.0119E-014
3866 8.1189E-014
3869 8.0475E-014
3872 7.7709E-014
3874 7.3336E-014
3877 6.8211E-014
3880 6.0201E-014
3883 5.4168E-014
3885 4.3779E-014
3888 3.3762E-014
3891 3.3668E-014
3894 4.2146E-014
3896 5.1078E-014
3899 5.7883E-014
3902 6.3366E-014
3905 6.9009E-014
3907 7.4714E-014
3910 8.2005E-014
3913 8.3355E-014
3916 8.3771E-014
3918 8.6114E-014
3921 8.7097E-014
3924 8.8278E-014
3927 8.7660E-014
3929 8.2681E-014
3932 6.9948E-014
3935 6.1945E-014
3938 7.7356E-014
3940 8.4232E-014
3943 8.3281E-014
3946 8.1672E-014
3949 8.0308E-014
3951 7.7351E-014
3954 7.4739E-014
3957 6.9026E-014
3960 6.3141E-014
3962 5.5123E-014
3965 4.6225E-014
3968 3.5333E-014
3971 3.0674E-014
3973 3.6115E-014
3976 4.6202E-014
3979 5.4963E-014
3982 6.1987E-014
3984 6.8554E-014
3987 7.2470E-014
3990 7.7243E-014
3993 8.0846E-014
3995 8.3535E-014
3998 8.4603E-014
4001 8.6515E-014
4004 8.6868E-014
4006 8.6324E-014
4009 9.0697E-014
4012 9.1055E-014
4015 9.1723E-014
4017 9.1545E-014
4020 9.2781E-014
4023 9.2576E-014
4026 9.0735E-014
4028 9.1405E-014
4031 8.9994E-014
4034 9.1037E-014
4037 9.2753E-014
4039 9.2947E-014
4042 9.2438E-014
4045 9.0005E-014
4048 8.9142E-014
4050 9.0097E-014
4053 9.1028E-014
4056 8.9340E-014
4059 8.8748E-014
4061 8.8123E-014
4064 8.5323E-014
4067 8.5212E-014
4070 8.3819E-014
4072 8.1422E-014
4075 8.0281E-014
4078 7.7045E-014
4081 7.6279E-014
4083 7.4530E-014
4086 7.0050E-014
4089 6.6080E-014
4092 6.1376E-014
4094 5.3922E-014
4097 4.6451E-014
4100 3.7208E-014
4103 3.1057E-014
4105 3.6338E-014
4108 4.4875E-014
4111 5.2848E-014
4114 5.9567E-014
4116 6.5650E-014
4119 6.9929E-014
4122 7.2662E-014
4125 7.6002E-014
4127 7.7688E-014
4130 7.7765E-014
4133 7.9750E-014
4136 8.1926E-014
4138 8.5016E-014
4141 8.5827E-014
4144 8.4621E-014
4147 8.5970E-014
4149 8.5611E-014
4152 8.5625E-014
4155 8.6022E-014
4158 8.5116E-014
4160 8.6472E-014
4163 8.6167E-014
4166 8.6889E-014
4169 8.6406E-014
4171 8.5217E-014
4174 8.1926E-014
4177 8.3151E-014
4180 8.2110E-014
4182 8.4271E-014
4185 8.4689E-014
4188 8.4105E-014
4191 8.4728E-014
4193 8.6645E-014
4196 8.5591E-014
4199 8.4012E-014
4202 8.3016E-014
4204 8.3392E-014
4207 8.5645E-014
4210 8.6051E-014
4213 8.5573E-014
4215 8.3197E-014
4218 8.2947E-014
4221 8.4450E-014
4224 8.4381E-014
4226 8.1687E-014
4229 8.1603E-014
4232 8.3386E-014
4235 8.0935E-014
4237 8.1932E-014
4240 8.2681E-014
4243 8.3857E-014
4246 8.2612E-014
4248 8.1012E-014
4251 8.0571E-014
4254 8.1887E-014
4256 8.2538E-014
4259 8.1566E-014
4262 8.2310E-014
4265 8.2976E-014
4267 8.4074E-014
4270 8.1379E-014
4273 7.8611E-014
4276 7.9498E-014
4278 8.1745E-014
4281 8.0795E-014
4284 7.8334E-014
4287 7.9356E-014
4289 7.7480E-014
4292 7.7165E-014
4295 7.7259E-014
4298 7.4791E-014
4300 7.2574E-014
4303 7.2761E-014
4306 7.2311E-014
4309 7.1673E-014
4311 7.1882E-014
4314 6.8653E-014
4317 6.7945E-014
4320 6.6261E-014
4322 6.3871E-014
4325 6.0572E-014
4328 5.7122E-014
4331 5.3082E-014
4333 4.8099E-014
4336 4.0927E-014
4339 3.4504E-014
4342 2.8621E-014
4344 3.3839E-014
4347 4.1559E-014
4350 4.8348E-014
4353 5.1602E-014
4355 5.6894E-014
4358 6.1412E-014
4361 6.4386E-014
4364 6.7351E-014
4366 6.9536E-014
4369 6.9837E-014
4372 7.0960E-014
4375 7.0932E-014
4377 7.2959E-014
4380 7.4884E-014
4383 7.2660E-014
4386 7.0771E-014
4388 7.3613E-014
4391 7.4028E-014
4394 7.4512E-014
4397 7.3141E-014
4399 7.4080E-014
4402 7.4315E-014
4405 7.4277E-014
4408 7.5284E-014
4410 7.5659E-014
4413 7.5176E-014
4416 7.3159E-014
4419 7.3458E-014
4421 7.4614E-014
4424 7.5342E-014
4427 7.5426E-014
4430 7.5879E-014
4432 7.6013E-014
4435 7.4578E-014
4438 7.6058E-014
4441 7.6129E-014
4443 7.3489E-014
4446 7.3671E-014
4449 7.4349E-014
4452 7.3985E-014
4454 7.4564E-014
4457 7.4263E-014
4460 7.4810E-014
4463 7.3341E-014
4465 7.4890E-014
4468 7.2809E-014
4471 7.2461E-014
4474 7.3227E-014
4476 7.3686E-014
4479 7.3085E-014
4482 6.8342E-014
4485 7.1351E-014
4487 7.3072E-014
4490 7.2007E-014
4493 7.2598E-014
4496 7.3089E-014
4498 7.4175E-014
4501 7.2443E-014
4504 7.3060E-014
4507 7.3458E-014
4509 7.2765E-014
4512 7.3466E-014
4515 7.2297E-014
4518 7.1628E-014
4520 7.1714E-014
4523 7.0659E-014
4526 7.1473E-014
4529 7.1451E-014
4531 7.1598E-014
4534 7.0827E-014
4537 7.1826E-014
4539 7.1995E-014
4542 7.1858E-014
4545 7.1700E-014
4548 7.0564E-014
4550 6.8165E-014
4553 6.8227E-014
4556 6.7750E-014
4559 6.9197E-014
4561 7.0307E-014
4564 6.9961E-014
4567 7.0852E-014
4570 7.0507E-014
4572 6.9039E-014
4575 7.0664E-014
4578 6.9978E-014
4581 6.9753E-014
4583 6.8175E-014
4586 6.8550E-014
4589 6.8950E-014
4592 6.9561E-014
4594 6.9407E-014
4597 6.9823E-014
4600 7.0124E-014
4603 7.0766E-014
4605 7.0279E-014
4608 7.0455E-014
4611 7.0520E-014
4614 6.9809E-014
4616 6.9332E-014
4619 6.8460E-014
4622 6.8274E-014
4625 6.9971E-014
4627 6.9280E-014
4630 6.8059E-014
4633 6.8471E-014
4636 6.8024E-014
4638 6.7795E-014
4641 6.8762E-014
4644 6.8256E-014
4647 6.7983E-014
4649 6.7700E-014
4652 6.7900E-014
4655 6.8906E-014
4658 6.7522E-014
4660 6.7297E-014
4663 6.7810E-014
4666 6.7063E-014
4669 6.6644E-014
4671 6.7456E-014
4674 6.7716E-014
4677 6.7264E-014
4680 6.7278E-014
4682 6.6781E-014
4685 6.7199E-014
4688 6.7769E-014
4691 6.8139E-014
4693 6.7084E-014
4696 6.7139E-014
4699 6.6740E-014
4702 6.5883E-014
4704 6.5006E-014
4707 6.6208E-014
4710 6.5781E-014
4713 6.6010E-014
4715 6.5506E-014
4718 6.5727E-014
4721 6.6619E-014
4723 6.6311E-014
4726 6.5847E-014
4729 6.5168E-014
4732 6.4229E-014
4734 6.5204E-014
4737 6.5088E-014
4740 6.5413E-014
4743 6.4836E-014
4745 6.3651E-014
4748 6.4383E-014
4751 6.4851E-014
4754 6.4331E-014
4756 6.4112E-014
4759 6.4347E-014
4762 6.3609E-014
4765 6.3507E-014
4767 6.3096E-014
4770 6.3856E-014
4773 6.4221E-014
4776 6.3673E-014
4778 6.4292E-014
4781 6.2493E-014
4784 6.2756E-014
4787 6.2549E-014
4789 6.2044E-014
4792 6.1733E-014
4795 6.1823E-014
4798 6.2051E-014
4800 6.1280E-014
4803 6.0400E-014
4806 6.0270E-014
4809 6.0005E-014
4811 5.9871E-014
4814 5.9850E-014
4817 5.9700E-014
4820 5.9564E-014
4822 5.8686E-014
4825 5.6995E-014
4828 5.6707E-014
4831 5.6603E-014
4833 5.5229E-014
4836 5.4130E-014
4839 5.3028E-014
4842 5.1949E-014
4844 5.0057E-014
4847 4.7387E-014
4850 4.4137E-014
4853 4.1640E-014
4855 3.7458E-014
4858 3.2272E-014
4861 2.7532E-014
4863 2.5731E-014
4866 3.0325E-014
4869 3.5345E-014
4872 3.9376E-014
4874 4.2596E-014
4877 4.5300E-014
4880 4.7764E-014
4883 4.9995E-014
4885 5.0360E-014
4888 5.1991E-014
4891 5.2971E-014
4894 5.3580E-014
4896 5.4693E-014
4899 5.5312E-014
4902 5.6010E-014
4905 5.6539E-014
4907 5.6582E-014
4910 5.7094E-014
4913 5.6551E-014
4916 5.7075E-014
4918 5.6594E-014
4921 5.5679E-014
4924 5.4969E-014
4927 5.6077E-014
4929 5.7626E-014
4932 5.7590E-014
4935 5.6343E-014
4938 5.6956E-014
4940 5.7358E-014
4943 5.7741E-014
4946 5.7652E-014
4949 5.7289E-014
4951 5.6780E-014
4954 5.6985E-014
4957 5.6613E-014
4960 5.6220E-014
4962 5.7032E-014
4965 5.7152E-014
4968 5.7142E-014
4971 5.7803E-014
4973 5.7719E-014
4976 5.6597E-014
4979 5.7165E-014
4981 5.6296E-014
4984 5.5684E-014
4987 5.6068E-014
4990 5.6727E-014
4992 5.6594E-014
4995 5.6439E-014
4998 5.6370E-014
5001 5.5792E-014
5003 5.5585E-014
5006 5.4959E-014
5009 5.5606E-014
5012 5.6344E-014
5014 5.5598E-014
5017 5.4879E-014
5020 5.3657E-014
5023 5.4441E-014
5025 5.5857E-014
5028 5.6261E-014
5031 5.5681E-014
5034 5.5715E-014
5036 5.5274E-014
5039 5.5625E-014
5042 5.4657E-014
5045 5.5060E-014
5047 5.5144E-014
5050 5.4912E-014
5053 5.4862E-014
5056 5.5133E-014
5058 5.5039E-014
5061 5.4706E-014
5064 5.4952E-014
5067 5.4687E-014
5069 5.4232E-014
5072 5.4338E-014
5075 5.4745E-014
5077 5.4208E-014
5080 5.4450E-014
5083 5.3571E-014
5086 5.3636E-014
5088 5.3713E-014
5091 5.4416E-014
5094 5.4951E-014
5097 5.4662E-014
5099 5.3668E-014
5102 5.3768E-014
5105 5.4306E-014
5108 5.4488E-014
5110 5.3630E-014
5113 5.3344E-014
5116 5.4254E-014
5119 5.3539E-014
5121 5.3403E-014
5124 5.3231E-014
5127 5.3261E-014
5130 5.3117E-014
5132 5.2700E-014
5135 5.2704E-014
5138 5.2060E-014
5141 5.1554E-014
5143 5.2530E-014
5146 5.2710E-014
5149 5.2363E-014
5152 5.2410E-014
5154 5.1493E-014
5157 5.2389E-014
5160 5.2481E-014
5162 5.2062E-014
5165 5.0791E-014
5168 4.9174E-014
5171 4.7840E-014
5173 4.9031E-014
5176 5.0555E-014
5179 5.1094E-014
5182 5.0368E-014
5184 5.0208E-014
5187 5.0290E-014
5190 4.9832E-014
5193 5.0063E-014
5195 5.0280E-014
5198 4.9891E-014
5201 5.0276E-014
5204 5.0672E-014
5206 5.0324E-014
5209 5.0190E-014
5212 5.0452E-014
5215 5.1014E-014
5217 5.0231E-014
5220 5.0453E-014
5223 5.0876E-014
5226 5.0072E-014
5228 4.8728E-014
5231 4.9628E-014
5234 4.8717E-014
5236 4.8341E-014
5239 4.9951E-014
5242 5.0026E-014
5245 5.0058E-014
5247 5.0216E-014
5250 4.9849E-014
5253 5.0169E-014
5256 5.0268E-014
5258 5.0047E-014
5261 4.9253E-014
5264 4.8173E-014
5267 4.8084E-014
5269 4.7844E-014
5272 4.7756E-014
5275 4.7600E-014
5278 4.7746E-014
5280 4.8411E-014
5283 4.8495E-014
5286 4.8510E-014
5289 4.9007E-014
5291 4.9629E-014
5294 4.9003E-014
5297 4.9592E-014
5300 4.8540E-014
5302 4.9017E-014
5305 4.8931E-014
5308 4.8699E-014
5310 4.8306E-014
5313 4.8371E-014
5316 4.6909E-014
5319 4.7112E-014
5321 4.7984E-014
5324 4.7394E-014
5327 4.6929E-014
5330 4.6538E-014
5332 4.7136E-014
5335 4.8062E-014
5338 4.7458E-014
5341 4.6865E-014
5343 4.7788E-014
5346 4.7772E-014
5349 4.7791E-014
5352 4.7975E-014
5354 4.7983E-014
5357 4.7965E-014
5360 4.7562E-014
5363 4.6926E-014
5365 4.6792E-014
5368 4.5822E-014
5371 4.6301E-014
5373 4.6255E-014
5376 4.7411E-014
5379 4.6782E-014
5382 4.6022E-014
5384 4.6491E-014
5387 4.6864E-014
5390 4.6417E-014
5393 4.6278E-014
5395 4.5829E-014
5398 4.6029E-014
5401 4.5916E-014
5404 4.6011E-014
5406 4.5288E-014
5409 4.5707E-014
5412 4.5333E-014
5415 4.5677E-014
5417 4.5940E-014
5420 4.5683E-014
5423 4.5434E-014
5426 4.5467E-014
5428 4.5641E-014
5431 4.5648E-014
5434 4.5473E-014
5436 4.5848E-014
5439 4.5578E-014
5442 4.5640E-014
5445 4.5776E-014
5447 4.4981E-014
5452 4.5312E-014
5457 4.4915E-014
5462 4.5283E-014
5467 4.4236E-014
5472 4.5275E-014
5476 4.5078E-014
5481 4.4511E-014
5486 4.4710E-014
5491 4.4597E-014
5496 4.4324E-014
5501 4.4879E-014
5506 4.3653E-014
5511 4.3900E-014
5515 4.4051E-014
5520 4.4013E-014
5525 4.4312E-014
5530 4.3142E-014
5535 4.3122E-014
5540 4.2794E-014
5545 4.3354E-014
5550 4.3683E-014
5554 4.3358E-014
5559 4.2733E-014
5564 4.2953E-014
5569 4.2954E-014
5574 4.2611E-014
5579 4.2332E-014
5584 4.2450E-014
5589 4.2117E-014
5593 4.2022E-014
5598 4.2199E-014
5603 4.2172E-014
5608 4.2104E-014
5613 4.2409E-014
5618 4.1711E-014
5623 4.1726E-014
5627 4.1354E-014
5632 4.0836E-014
5637 4.2082E-014
5642 4.0963E-014
5647 4.1481E-014
5652 4.1557E-014
5657 4.1206E-014
5662 4.0894E-014
5666 4.0831E-014
5671 4.0705E-014
5676 4.0914E-014
5681 4.0166E-014
5686 4.0569E-014
5691 4.0452E-014
5696 3.9972E-014
5701 3.9876E-014
5705 3.9849E-014
5710 3.9752E-014
5715 4.0217E-014
5720 4.0045E-014
5725 3.9941E-014
5730 4.0190E-014
5735 3.9609E-014
5740 3.9917E-014
5744 3.9681E-014
5749 3.9382E-014
5754 3.9414E-014
5759 3.8563E-014
5764 3.9186E-014
5769 3.8854E-014
5774 3.8970E-014
5779 3.9002E-014
5783 3.9233E-014
5788 3.8232E-014
5793 3.8465E-014
5798 3.8252E-014
5803 3.8389E-014
5808 3.8378E-014
5813 3.8272E-014
5818 3.7760E-014
5822 3.8318E-014
5827 3.7848E-014
5832 3.7865E-014
5837 3.8183E-014
5842 3.7227E-014
5847 3.7961E-014
5852 3.7560E-014
5857 3.7826E-014
5861 3.7397E-014
5866 3.7300E-014
5871 3.7414E-014
5876 3.7008E-014
5881 3.7079E-014
5886 3.6713E-014
5891 3.5580E-014
5896 3.5420E-014
5900 3.5814E-014
5905 3.6604E-014
5910 3.6682E-014
5915 3.6505E-014
5920 3.6341E-014
5925 3.6301E-014
5930 3.6092E-014
5935 3.6112E-014
5939 3.6073E-014
5944 3.5692E-014
5949 3.6019E-014
5954 3.6171E-014
5959 3.5440E-014
5964 3.5703E-014
5969 3.5858E-014
5974 3.5455E-014
5978 3.5509E-014
5983 3.4942E-014
5988 3.4903E-014
5993 3.4813E-014
5998 3.5180E-014
6003 3.4468E-014
6008 3.4570E-014
6013 3.4909E-014
6017 3.4973E-014
6022 3.4498E-014
6027 3.4672E-014
6032 3.4357E-014
6037 3.4882E-014
6042 3.4661E-014
6047 3.4419E-014
6052 3.4120E-014
6056 3.4019E-014
6061 3.3825E-014
6066 3.4472E-014
6071 3.4220E-014
6076 3.4217E-014
6081 3.3952E-014
6086 3.3621E-014
6091 3.3596E-014
6096 3.3436E-014
6100 3.3409E-014
6105 3.3560E-014
6110 3.3490E-014
6115 3.2798E-014
6120 3.2927E-014
6125 3.3071E-014
6130 3.2976E-014
6135 3.3300E-014
6139 3.3084E-014
6144 3.2593E-014
6149 3.2644E-014
6154 3.2449E-014
6159 3.2363E-014
6164 3.2392E-014
6169 3.2212E-014
6174 3.2557E-014
6178 3.2352E-014
6183 3.2233E-014
6188 3.2316E-014
6193 3.1988E-014
6198 3.2101E-014
6203 3.2105E-014
6208 3.2271E-014
6213 3.2295E-014
6217 3.1677E-014
6222 3.1895E-014
6227 3.1776E-014
6232 3.1320E-014
6237 3.1339E-014
6242 3.1059E-014
6247 3.1173E-014
6252 3.0866E-014
6256 3.1328E-014
6261 3.1387E-014
6266 3.0864E-014
6271 3.1249E-014
6276 3.1095E-014
6281 3.1003E-014
6286 3.0912E-014
6291 3.0789E-014
6296 3.0954E-014
6300 3.1065E-014
6305 3.0778E-014
6310 3.0481E-014
6315 3.0444E-014
6320 3.0379E-014
6325 3.0269E-014
6330 2.9919E-014
6335 2.9789E-014
6339 2.9997E-014
6344 2.9852E-014
6349 3.0252E-014
6354 2.9840E-014
6359 3.0159E-014
6364 2.9888E-014
6369 2.9401E-014
6374 2.9191E-014
6378 2.9500E-014
6383 2.9445E-014
6388 2.9534E-014
6393 2.9390E-014
6398 2.9482E-014
6403 2.9091E-014
6408 2.9057E-014
6413 2.8974E-014
6417 2.8912E-014
6422 2.9120E-014
6427 2.9023E-014
6432 2.8905E-014
6437 2.8748E-014
6442 2.8116E-014
6447 2.8261E-014
6452 2.8136E-014
6457 2.8123E-014
6461 2.7966E-014
6466 2.8301E-014
6471 2.8153E-014
6476 2.8386E-014
6481 2.8153E-014
6486 2.8029E-014
6491 2.8049E-014
6496 2.7607E-014
6500 2.7869E-014
6505 2.7398E-014
6510 2.7341E-014
6515 2.6995E-014
6520 2.6603E-014
6525 2.6701E-014
6530 2.6247E-014
6535 2.5550E-014
6539 2.5173E-014
6544 2.4233E-014
6549 2.2728E-014
6554 2.1283E-014
6559 1.9284E-014
6564 1.7421E-014
6569 1.8278E-014
6574 2.0426E-014
6579 2.2239E-014
6583 2.3569E-014
6588 2.4561E-014
6593 2.4790E-014
6598 2.5523E-014
6603 2.5505E-014
6608 2.6080E-014
6613 2.5934E-014
6618 2.6134E-014
6622 2.6153E-014
6627 2.6317E-014
6632 2.6169E-014
6637 2.6195E-014
6642 2.6201E-014
6647 2.6274E-014
6652 2.6386E-014
6657 2.6400E-014
6662 2.6357E-014
6666 2.6469E-014
6671 2.6099E-014
6676 2.6033E-014
6681 2.5895E-014
6686 2.6045E-014
6691 2.6127E-014
6696 2.5982E-014
6701 2.5921E-014
6705 2.5970E-014
6710 2.5720E-014
6715 2.5799E-014
6720 2.5733E-014
6725 2.5242E-014
6730 2.5486E-014
6735 2.5510E-014
6740 2.5335E-014
6745 2.5268E-014
6749 2.5396E-014
6754 2.5312E-014
6759 2.5285E-014
6764 2.5264E-014
6769 2.5325E-014
6774 2.4952E-014
6779 2.5084E-014
6784 2.5142E-014
6788 2.5034E-014
6793 2.4806E-014
6798 2.4790E-014
6803 2.4978E-014
6808 2.5093E-014
6813 2.4822E-014
6818 2.4597E-014
6823 2.4828E-014
6828 2.4660E-014
6832 2.4561E-014
6837 2.4466E-014
6842 2.4665E-014
6847 2.4328E-014
6852 2.4001E-014
6857 2.4213E-014
6862 2.4125E-014
6867 2.4037E-014
6871 2.4103E-014
6876 2.4147E-014
6881 2.4147E-014
6886 2.4134E-014
6891 2.3825E-014
6896 2.4061E-014
6901 2.3894E-014
6906 2.3872E-014
6911 2.4062E-014
6915 2.3824E-014
6920 2.3572E-014
6925 2.3608E-014
6930 2.3692E-014
6935 2.3840E-014
6940 2.3415E-014
6945 2.3565E-014
6950 2.3606E-014
6954 2.3536E-014
6959 2.3254E-014
6964 2.3221E-014
6969 2.3210E-014
6974 2.3383E-014
6979 2.3103E-014
6984 2.3069E-014
6989 2.3173E-014
6994 2.2880E-014
6998 2.2942E-014
7003 2.2951E-014
7008 2.2687E-014
7013 2.2580E-014
7018 2.2965E-014
7023 2.2639E-014
7028 2.2691E-014
7033 2.3011E-014
7037 2.2622E-014
7042 2.2396E-014
7047 2.2572E-014
7052 2.2482E-014
7057 2.2746E-014
7062 2.2493E-014
7067 2.2156E-014
7072 2.2170E-014
7077 2.2194E-014
7081 2.2232E-014
7086 2.2200E-014
7091 2.2082E-014
7096 2.2036E-014
7101 2.2070E-014
7106 2.1866E-014
7111 2.1971E-014
7116 2.1598E-014
7120 2.1620E-014
7125 2.1777E-014
7130 2.1973E-014
7135 2.1778E-014
7140 2.1679E-014
7145 2.1897E-014
7150 2.1438E-014
7155 2.1482E-014
7160 2.1561E-014
7164 2.1541E-014
7169 2.1590E-014
7174 2.1404E-014
7179 2.1440E-014
7184 2.1346E-014
7189 2.1493E-014
7194 2.1178E-014
7199 2.1096E-014
7203 2.1074E-014
7208 2.1292E-014
7213 2.1144E-014
7218 2.1079E-014
7223 2.1139E-014
7228 2.0907E-014
7233 2.0920E-014
7238 2.1002E-014
7243 2.0823E-014
7247 2.0821E-014
7252 2.0950E-014
7257 2.0761E-014
7262 2.0813E-014
7267 2.0688E-014
7272 2.0425E-014
7277 2.0444E-014
7282 2.0632E-014
7287 2.0469E-014
7291 2.0368E-014
7296 2.0376E-014
7301 2.0319E-014
7306 2.0394E-014
7311 2.0328E-014
7316 2.0233E-014
7321 2.0242E-014
7326 2.0314E-014
7330 2.0066E-014
7335 2.0224E-014
7340 2.0122E-014
7345 2.0132E-014
7350 2.0201E-014
7355 1.9824E-014
7360 2.0146E-014
7365 2.0026E-014
7370 1.9889E-014
7374 1.9625E-014
7379 1.9747E-014
7384 1.9588E-014
7389 1.9329E-014
7394 1.9664E-014
7399 1.9674E-014
7404 1.9582E-014
7409 1.9403E-014
7414 1.9339E-014
7418 1.9464E-014
7423 1.9461E-014
7428 1.9503E-014
7433 1.9460E-014
7438 1.9303E-014
7443 1.9127E-014
7448 1.9061E-014
7453 1.8962E-014
7457 1.8947E-014
7462 1.9074E-014
7467 1.9064E-014
7472 1.9008E-014
7477 1.8592E-014
7482 1.8842E-014
7487 1.8892E-014
7492 1.8936E-014
7497 1.8703E-014
7501 1.8962E-014
7506 1.8913E-014
7511 1.8769E-014
7516 1.8892E-014
7521 1.8779E-014
7526 1.8750E-014
7531 1.8790E-014
7536 1.8650E-014
7541 1.8719E-014
7545 1.8620E-014
7550 1.8928E-014
7555 1.8483E-014
7560 1.8530E-014
7565 1.8413E-014
7570 1.8139E-014
7575 1.8136E-014
7580 1.8300E-014
7584 1.8247E-014
7589 1.8267E-014
7594 1.8319E-014
7599 1.8572E-014
7604 1.7958E-014
7609 1.8089E-014
7614 1.7996E-014
7619 1.7863E-014
7624 1.8071E-014
7628 1.7981E-014
7633 1.7974E-014
7638 1.7819E-014
7643 1.7872E-014
7648 1.7968E-014
7653 1.7691E-014
7658 1.7531E-014
7663 1.7546E-014
7667 1.7666E-014
7672 1.7558E-014
7677 1.7867E-014
7682 1.7580E-014
7687 1.7336E-014
7692 1.7408E-014
7697 1.7238E-014
7702 1.7214E-014
7707 1.7480E-014
7711 1.7334E-014
7716 1.7469E-014
7721 1.7424E-014
7726 1.6969E-014
7731 1.7453E-014
7736 1.7527E-014
7741 1.7324E-014
7746 1.7394E-014
7751 1.7217E-014
7755 1.7129E-014
7760 1.7264E-014
7765 1.6691E-014
7770 1.6988E-014
7775 1.6477E-014
7780 1.6698E-014
7785 1.6773E-014
7790 1.6877E-014
7795 1.6826E-014
7799 1.6944E-014
7804 1.6563E-014
7809 1.6571E-014
7814 1.6825E-014
7819 1.6969E-014
7824 1.6909E-014
7829 1.6793E-014
7834 1.6545E-014
7838 1.6630E-014
7843 1.6682E-014
7848 1.6495E-014
7853 1.6758E-014
7858 1.6473E-014
7863 1.6619E-014
7868 1.6588E-014
7873 1.6504E-014
7878 1.6134E-014
7882 1.6061E-014
7887 1.6045E-014
7892 1.6333E-014
7897 1.6455E-014
7902 1.6426E-014
7907 1.6626E-014
7912 1.6491E-014
7917 1.6251E-014
7922 1.6436E-014
7926 1.6147E-014
7931 1.6426E-014
7936 1.6216E-014
7941 1.5862E-014
7946 1.5885E-014
7951 1.6181E-014
7956 1.6096E-014
7961 1.5830E-014
7965 1.5803E-014
7970 1.6037E-014
7975 1.5903E-014
7980 1.5847E-014
7985 1.5686E-014
7990 1.5679E-014
7995 1.5862E-014
8000 1.5927E-014
8005 1.5902E-014
8009 1.5670E-014
8014 1.5628E-014
8019 1.5692E-014
8024 1.5769E-014
8029 1.5687E-014
8034 1.5687E-014
8039 1.5597E-014
8044 1.5525E-014
8049 1.5739E-014
8053 1.5275E-014
8058 1.5336E-014
8063 1.5478E-014
8068 1.5811E-014
8073 1.5516E-014
8078 1.5900E-014
8083 1.4992E-014
8088 1.5094E-014
8092 1.5335E-014
8097 1.5264E-014
8102 1.4916E-014
8107 1.5117E-014
8112 1.5022E-014
8117 1.5368E-014
8122 1.5152E-014
8127 1.5062E-014
8132 1.5074E-014
8136 1.5061E-014
8141 1.4709E-014
8146 1.5108E-014
8151 1.4823E-014
8156 1.5014E-014
8161 1.4833E-014
8166 1.4743E-014
8171 1.4516E-014
8176 1.4545E-014
8180 1.4632E-014
8185 1.4390E-014
8190 1.3933E-014
8195 1.3622E-014
8200 1.3580E-014
8205 1.4174E-014
8210 1.4335E-014
8215 1.4517E-014
8219 1.4149E-014
8224 1.4339E-014
8229 1.4479E-014
8234 1.4176E-014
8239 1.4541E-014
8244 1.4506E-014
8249 1.4323E-014
8254 1.4212E-014
8259 1.4164E-014
8263 1.4000E-014
8268 1.4337E-014
8273 1.4121E-014
8278 1.4527E-014
8283 1.4121E-014
8288 1.4139E-014
8293 1.3962E-014
8298 1.4159E-014
8303 1.4051E-014
8307 1.4162E-014
8312 1.3966E-014
8317 1.3965E-014
8322 1.4087E-014
8327 1.3845E-014
8332 1.3749E-014
8337 1.3872E-014
8342 1.3830E-014
8346 1.3987E-014
8351 1.3913E-014
8356 1.3881E-014
8361 1.3764E-014
8366 1.3604E-014
8371 1.3441E-014
8376 1.3583E-014
8381 1.3619E-014
8386 1.3720E-014
8390 1.3658E-014
8395 1.3687E-014
8400 1.3839E-014
8405 1.3491E-014
8410 1.3532E-014
8415 1.3384E-014
8420 1.3506E-014
8425 1.3705E-014
8429 1.3323E-014
8434 1.3286E-014
8439 1.3591E-014
8444 1.3340E-014
8449 1.3086E-014
8454 1.3052E-014
8459 1.3195E-014
8464 1.3139E-014
8469 1.3053E-014
8473 1.3042E-014
8478 1.3100E-014
8483 1.3400E-014
8488 1.3241E-014
8493 1.2971E-014
8498 1.2875E-014
8503 1.2404E-014
8508 1.2811E-014
8513 1.2962E-014
8517 1.3253E-014
8522 1.3305E-014
8527 1.3294E-014
8532 1.2978E-014
8537 1.3048E-014
8542 1.2178E-014
8547 1.1490E-014
8552 1.2130E-014
8556 1.2352E-014
8561 1.2914E-014
8566 1.3389E-014
8571 1.3335E-014
8576 1.3077E-014
8581 1.3124E-014
8586 1.2747E-014
8591 1.2470E-014
8596 1.2354E-014
8600 1.1782E-014
8605 1.1947E-014
8610 1.2619E-014
8615 1.2816E-014
8620 1.3259E-014
8625 1.3204E-014
8630 1.3363E-014
8635 1.2890E-014
8639 1.2637E-014
8644 1.2848E-014
8649 1.2780E-014
8654 1.2234E-014
8659 1.1749E-014
8664 1.1316E-014
8669 1.0898E-014
8674 1.1575E-014
8679 1.1878E-014
8683 1.2645E-014
8688 1.2986E-014
8693 1.3143E-014
8698 1.3288E-014
8703 1.3319E-014
8708 1.3382E-014
8713 1.3074E-014
8718 1.3156E-014
8722 1.3231E-014
8727 1.2558E-014
8732 1.2768E-014
8737 1.1954E-014
8742 1.1614E-014
8747 1.0925E-014
8752 1.0742E-014
8757 1.1027E-014
8762 1.1505E-014
8766 1.1895E-014
8771 1.2358E-014
8776 1.2347E-014
8781 1.2990E-014
8786 1.3059E-014
8791 1.2952E-014
8796 1.3137E-014
8801 1.3183E-014
8806 1.3205E-014
8810 1.3126E-014
8815 1.3128E-014
8820 1.2797E-014
8825 1.2828E-014
8830 1.2720E-014
8835 1.2742E-014
8840 1.2524E-014
8845 1.2083E-014
8849 1.1518E-014
8854 1.0919E-014
8859 1.0252E-014
8864 1.0018E-014
8869 1.0093E-014
8874 1.0675E-014
8879 1.1454E-014
8884 1.1608E-014
8889 1.2086E-014
8893 1.2509E-014
8898 1.2667E-014
8903 1.2642E-014
8908 1.2677E-014
8913 1.3048E-014
8918 1.2905E-014
8923 1.2748E-014
8928 1.2958E-014
8932 1.2880E-014
8937 1.2569E-014
8942 1.2555E-014
8947 1.2772E-014
8952 1.2760E-014
8957 1.3068E-014
8962 1.2559E-014
8967 1.3049E-014
8971 1.2516E-014
8976 1.2115E-014
8981 1.2254E-014
8986 1.2164E-014
8991 1.1636E-014
8996 1.1393E-014
9001 1.0914E-014
9006 1.0321E-014
9011 9.5211E-015
9015 9.3013E-015
9020 9.6914E-015
9025 1.0348E-014
9030 1.0694E-014
9035 1.1210E-014
9040 1.1614E-014
9045 1.1380E-014
9050 1.1780E-014
9054 1.1932E-014
9059 1.2023E-014
9064 1.1752E-014
9069 1.1840E-014
9074 1.2398E-014
9079 1.2462E-014
9084 1.2075E-014
9089 1.2114E-014
9094 1.2133E-014
9098 1.2111E-014
9103 1.2195E-014
9108 1.2067E-014
9113 1.2160E-014
9118 1.2498E-014
9123 1.2150E-014
9128 1.2227E-014
9133 1.2201E-014
9137 1.2319E-014
9142 1.2357E-014
9147 1.2294E-014
9152 1.1817E-014
9157 1.2252E-014
9162 1.2350E-014
9167 1.1801E-014
9172 1.1900E-014
9177 1.1725E-014
9181 1.1401E-014
9186 1.1658E-014
9191 1.1478E-014
9196 1.1274E-014
9201 1.1161E-014
9206 1.1014E-014
9211 1.0443E-014
9216 9.9314E-015
9220 9.9177E-015
9225 9.2344E-015
9230 8.7697E-015
9235 8.8354E-015
9240 9.1699E-015
9245 9.5097E-015
9250 1.0125E-014
9255 1.0241E-014
9259 1.0728E-014
9264 1.0609E-014
9269 1.0723E-014
9274 1.1049E-014
9279 1.1152E-014
9284 1.1325E-014
9289 1.1880E-014
9294 1.1753E-014
9299 1.1730E-014
9303 1.2029E-014
9308 1.1740E-014
9313 1.1506E-014
9318 1.1198E-014
9323 1.1327E-014
9328 1.1314E-014
9333 1.1350E-014
9338 1.1106E-014
9342 1.1402E-014
9347 1.1504E-014
9352 1.1198E-014
9357 1.1437E-014
9362 1.1511E-014
9367 1.1569E-014
9372 1.1708E-014
9377 1.1431E-014
9381 1.1331E-014
9386 1.1514E-014
9391 1.1545E-014
9396 1.0948E-014
9401 1.1229E-014
9406 1.0928E-014
9411 1.0888E-014
9416 1.0736E-014
9420 1.0796E-014
9425 1.0811E-014
9430 1.1081E-014
9435 1.1129E-014
9440 1.1174E-014
9445 1.0740E-014
9450 1.0803E-014
9455 1.0872E-014
9460 1.1191E-014
9464 1.1055E-014
9469 1.1212E-014
9474 1.1233E-014
9479 1.0747E-014
9484 1.0790E-014
9489 1.0791E-014
9494 1.0775E-014
9499 1.0606E-014
9503 1.0418E-014
9508 1.0380E-014
9513 1.0157E-014
9518 9.8755E-015
9523 9.8854E-015
9528 9.2751E-015
9533 9.1042E-015
9538 8.5931E-015
9542 8.3677E-015
9547 7.9610E-015
9552 7.9221E-015
9557 8.4463E-015
9562 9.1389E-015
9567 9.1680E-015
9572 9.6219E-015
9577 9.6757E-015
9581 9.5920E-015
9586 9.4758E-015
9591 1.0064E-014
9596 1.0350E-014
9601 1.0216E-014
9606 1.0140E-014
9611 1.0067E-014
9616 1.0565E-014
9620 1.0260E-014
9625 1.0535E-014
9630 1.0403E-014
9635 1.0262E-014
9640 1.0190E-014
9645 1.0019E-014
9650 1.0368E-014
9655 9.7940E-015
9660 1.0365E-014
9664 1.0374E-014
9669 1.0319E-014
9674 1.0254E-014
9679 1.0436E-014
9684 1.0516E-014
9689 1.0496E-014
9694 1.0533E-014
9699 1.0646E-014
9703 1.0388E-014
9708 1.0391E-014
9713 9.8424E-015
9718 1.0084E-014
9723 1.0040E-014
9728 1.0136E-014
9733 1.0157E-014
9738 1.0062E-014
9742 1.0116E-014
9747 1.0258E-014
9752 9.9225E-015
9757 1.0068E-014
9762 1.0317E-014
9767 1.0112E-014
9772 1.0021E-014
9777 9.9154E-015
9781 1.0224E-014
9786 1.0097E-014
9791 9.8071E-015
9796 1.0255E-014
9801 9.8745E-015
9806 9.8703E-015
9811 9.7453E-015
9816 9.8696E-015
9820 9.5562E-015
9825 9.9827E-015
9830 9.4994E-015
9835 9.3696E-015
9840 9.5646E-015
9845 9.5786E-015
9850 9.9325E-015
9855 9.7607E-015
9859 9.7772E-015
9864 9.6794E-015
9869 9.3357E-015
9874 9.4191E-015
9879 9.7837E-015
9884 9.7345E-015
9889 9.6231E-015
9894 9.7546E-015
9898 9.5424E-015
9903 9.6795E-015
9908 9.2042E-015
9913 9.1730E-015
9918 9.2453E-015
9923 9.5031E-015
9928 9.6834E-015
9933 9.2315E-015
9937 9.3189E-015
9942 9.2848E-015
9947 9.3020E-015
9952 9.6131E-015
9957 9.0900E-015
9962 9.4349E-015
9967 9.5610E-015
9972 9.3497E-015
9976 9.4905E-015
9981 9.2724E-015
9986 9.3162E-015
9991 9.0225E-015
9996 8.8795E-015
1E+004 9.1669E-015
1.001E+004 8.7537E-015
1.001E+004 8.7150E-015
1.002E+004 8.6839E-015
1.002E+004 9.0242E-015
1.003E+004 8.7659E-015
1.003E+004 8.5089E-015
1.003E+004 8.6510E-015
1.004E+004 7.5430E-015
1.004E+004 7.1707E-015
1.005E+004 7.3244E-015
1.005E+004 7.0706E-015
1.006E+004 7.0941E-015
1.006E+004 7.9071E-015
1.007E+004 8.0398E-015
1.007E+004 8.8980E-015
1.008E+004 8.4318E-015
1.008E+004 8.1793E-015
1.009E+004 8.2848E-015
1.009E+004 8.5468E-015
1.01E+004 8.6098E-015
1.01E+004 8.4114E-015
1.011E+004 8.5729E-015
1.011E+004 8.6035E-015
1.012E+004 8.8779E-015
1.012E+004 8.6435E-015
1.013E+004 8.7793E-015
1.013E+004 9.1636E-015
1.014E+004 9.0882E-015
1.014E+004 8.7667E-015
1.015E+004 8.7732E-015
1.015E+004 8.8933E-015
1.016E+004 8.7832E-015
1.016E+004 8.4261E-015
1.017E+004 8.7837E-015
1.017E+004 8.6248E-015
1.018E+004 8.6660E-015
1.018E+004 8.9284E-015
1.019E+004 8.2805E-015
1.019E+004 8.8227E-015
1.02E+004 8.2095E-015
1.021E+004 8.8268E-015
1.024E+004 8.7489E-015
1.027E+004 8.6242E-015
1.03E+004 8.5820E-015
1.033E+004 8.5321E-015
1.035E+004 8.4498E-015
1.038E+004 8.4190E-015
1.041E+004 8.3273E-015
1.044E+004 8.1925E-015
1.047E+004 8.0951E-015
1.049E+004 7.9567E-015
1.052E+004 7.8502E-015
1.055E+004 7.8169E-015
1.058E+004 7.7653E-015
1.061E+004 7.6603E-015
1.064E+004 7.5791E-015
1.066E+004 7.5198E-015
1.069E+004 7.3796E-015
1.072E+004 7.3094E-015
1.075E+004 7.2950E-015
1.078E+004 7.2778E-015
1.08E+004 7.2586E-015
1.083E+004 7.1484E-015
1.086E+004 6.9824E-015
1.089E+004 6.8624E-015
1.092E+004 6.6085E-015
1.094E+004 6.3670E-015
1.097E+004 6.3428E-015
1.1E+004 6.5057E-015
1.103E+004 6.6441E-015
1.106E+004 6.6732E-015
1.109E+004 6.7003E-015
1.111E+004 6.6994E-015
1.114E+004 6.6448E-015
1.117E+004 6.5739E-015
1.12E+004 6.5127E-015
1.123E+004 6.5174E-015
1.125E+004 6.4791E-015
1.128E+004 6.3254E-015
1.131E+004 6.2114E-015
1.134E+004 6.1845E-015
1.137E+004 6.1229E-015
1.139E+004 6.0261E-015
1.142E+004 5.9730E-015
1.145E+004 5.8985E-015
1.148E+004 5.8699E-015
1.151E+004 5.9110E-015
1.154E+004 5.9127E-015
1.156E+004 5.8116E-015
1.159E+004 5.7169E-015
1.162E+004 5.6902E-015
1.165E+004 5.6623E-015
1.168E+004 5.6457E-015
1.171E+004 5.6443E-015
1.175E+004 5.5060E-015
1.179E+004 5.4646E-015
1.183E+004 5.4438E-015
1.187E+004 5.3992E-015
1.191E+004 5.3358E-015
1.195E+004 5.2401E-015
1.199E+004 5.1649E-015
1.203E+004 5.1111E-015
1.207E+004 5.0566E-015
1.211E+004 4.9990E-015
1.215E+004 4.9704E-015
1.219E+004 4.9576E-015
1.223E+004 4.9396E-015
1.227E+004 4.8518E-015
1.231E+004 4.7762E-015
1.235E+004 4.7184E-015
1.239E+004 4.7065E-015
1.243E+004 4.6187E-015
1.247E+004 4.5317E-015
1.251E+004 4.4814E-015
1.255E+004 4.4438E-015
1.259E+004 4.3968E-015
1.263E+004 4.3174E-015
1.267E+004 4.2448E-015
1.271E+004 4.1511E-015
1.275E+004 4.0034E-015
1.279E+004 3.8677E-015
1.283E+004 3.7902E-015
1.287E+004 3.7939E-015
1.291E+004 3.8862E-015
1.295E+004 3.9224E-015
1.299E+004 3.9620E-015
1.303E+004 3.9549E-015
1.307E+004 3.9036E-015
1.311E+004 3.8560E-015
1.315E+004 3.8153E-015
1.319E+004 3.7680E-015
1.323E+004 3.7207E-015
1.327E+004 3.6896E-015
1.331E+004 3.6517E-015
1.335E+004 3.5887E-015
1.339E+004 3.5591E-015
1.343E+004 3.5577E-015
1.347E+004 3.5136E-015
1.351E+004 3.4597E-015
1.355E+004 3.4211E-015
1.359E+004 3.4075E-015
1.363E+004 3.3891E-015
1.367E+004 3.3515E-015
1.371E+004 3.3299E-015
1.375E+004 3.2970E-015
1.379E+004 3.2372E-015
1.383E+004 3.1945E-015
1.387E+004 3.1788E-015
1.391E+004 3.1620E-015
1.395E+004 3.1361E-015
1.399E+004 3.1103E-015
1.403E+004 3.0737E-015
1.407E+004 3.0267E-015
1.411E+004 3.0143E-015
1.415E+004 2.9956E-015
1.419E+004 2.9467E-015
1.423E+004 2.9092E-015
1.427E+004 2.8895E-015
1.431E+004 2.8802E-015
1.435E+004 2.8633E-015
1.439E+004 2.8197E-015
1.443E+004 2.7864E-015
1.447E+004 2.7802E-015
1.451E+004 2.7583E-015
1.455E+004 2.7212E-015
1.459E+004 2.6858E-015
1.463E+004 2.6712E-015
1.467E+004 2.6660E-015
1.471E+004 2.6264E-015
1.475E+004 2.5965E-015
1.479E+004 2.5769E-015
1.483E+004 2.5533E-015
1.487E+004 2.5366E-015
1.491E+004 2.5131E-015
1.495E+004 2.4903E-015
1.499E+004 2.4701E-015
1.503E+004 2.4470E-015
1.507E+004 2.4171E-015
1.511E+004 2.3918E-015
1.515E+004 2.3695E-015
1.519E+004 2.3458E-015
1.523E+004 2.3269E-015
1.527E+004 2.3074E-015
1.531E+004 2.2820E-015
1.535E+004 2.2588E-015
1.539E+004 2.2357E-015
1.543E+004 2.2271E-015
1.547E+004 2.2154E-015
1.551E+004 2.1808E-015
1.555E+004 2.1581E-015
1.559E+004 2.1435E-015
1.563E+004 2.1336E-015
1.567E+004 2.1106E-015
1.571E+004 2.0934E-015
1.575E+004 2.0789E-015
1.579E+004 2.0511E-015
1.583E+004 2.0149E-015
1.587E+004 1.9913E-015
1.591E+004 1.9854E-015
1.595E+004 1.9802E-015
1.599E+004 1.9661E-015
1.603E+004 1.9422E-015
1.607E+004 1.9027E-015
1.611E+004 1.8713E-015
1.615E+004 1.8687E-015
1.619E+004 1.8762E-015
1.623E+004 1.8839E-015
1.627E+004 1.8842E-015
1.631E+004 1.8499E-015
1.635E+004 1.8051E-015
1.639E+004 1.7663E-015
1.643E+004 1.7410E-015
1.647E+004 1.7525E-015
1.651E+004 1.7730E-015
1.655E+004 1.7811E-015
1.659E+004 1.7847E-015
1.663E+004 1.7683E-015
1.667E+004 1.7409E-015
1.671E+004 1.7054E-015
1.675E+004 1.6561E-015
1.679E+004 1.6029E-015
1.683E+004 1.5742E-015
1.687E+004 1.5951E-015
1.691E+004 1.6224E-015
1.695E+004 1.6334E-015
1.699E+004 1.6326E-015
1.703E+004 1.6223E-015
1.707E+004 1.6087E-015
1.711E+004 1.5953E-015
1.715E+004 1.5893E-015
1.719E+004 1.5696E-015
1.723E+004 1.5459E-015
1.727E+004 1.5171E-015
1.731E+004 1.4706E-015
1.735E+004 1.4200E-015
1.739E+004 1.3909E-015
1.743E+004 1.4202E-015
1.747E+004 1.4569E-015
1.751E+004 1.4569E-015
1.755E+004 1.4444E-015
1.759E+004 1.4391E-015
1.763E+004 1.4321E-015
1.767E+004 1.4242E-015
1.771E+004 1.4157E-015
1.775E+004 1.4072E-015
1.779E+004 1.3916E-015
1.783E+004 1.3787E-015
1.787E+004 1.3759E-015
1.791E+004 1.3698E-015
1.795E+004 1.3597E-015
1.799E+004 1.3416E-015
1.803E+004 1.3212E-015
1.807E+004 1.2968E-015
1.811E+004 1.2675E-015
1.815E+004 1.2232E-015
1.819E+004 1.1901E-015
1.823E+004 1.1901E-015
1.827E+004 1.2024E-015
1.831E+004 1.2137E-015
1.835E+004 1.2153E-015
1.839E+004 1.2104E-015
1.843E+004 1.2018E-015
1.847E+004 1.1911E-015
1.851E+004 1.1748E-015
1.855E+004 1.1657E-015
1.859E+004 1.1491E-015
1.863E+004 1.1273E-015
1.867E+004 1.0950E-015
1.871E+004 1.0589E-015
1.875E+004 1.0340E-015
1.879E+004 1.0398E-015
1.883E+004 1.0594E-015
1.887E+004 1.0594E-015
1.891E+004 1.0894E-015
1.897E+004 1.0816E-015
1.903E+004 1.0760E-015
1.908E+004 1.0551E-015
1.914E+004 1.0443E-015
1.92E+004 1.0351E-015
1.926E+004 1.0184E-015
1.931E+004 1.0019E-015
1.937E+004 9.6976E-016
1.943E+004 9.4709E-016
1.949E+004 9.4807E-016
1.954E+004 9.5822E-016
1.96E+004 9.6115E-016
1.966E+004 9.5475E-016
1.972E+004 9.4712E-016
1.977E+004 9.3337E-016
1.983E+004 9.2185E-016
1.989E+004 9.1127E-016
1.995E+004 9.0315E-016
2E+004 8.9668E-016
2.006E+004 8.9050E-016
2.012E+004 8.8329E-016
2.018E+004 8.7091E-016
2.023E+004 8.6021E-016
2.029E+004 8.5212E-016
2.035E+004 8.4579E-016
2.04E+004 8.3999E-016
2.046E+004 8.3328E-016
2.052E+004 8.2579E-016
2.058E+004 8.1583E-016
2.063E+004 8.0255E-016
2.069E+004 7.9125E-016
2.075E+004 7.8491E-016
2.081E+004 7.7635E-016
2.086E+004 7.6351E-016
2.092E+004 7.5642E-016
2.098E+004 7.5102E-016
2.104E+004 7.4323E-016
2.109E+004 7.3483E-016
2.115E+004 7.2688E-016
2.121E+004 7.1977E-016
2.127E+004 7.1432E-016
2.132E+004 7.0929E-016
2.138E+004 6.9801E-016
2.144E+004 6.8801E-016
2.149E+004 6.7802E-016
2.155E+004 6.6209E-016
2.161E+004 6.4507E-016
2.167E+004 6.3230E-016
2.172E+004 6.3310E-016
2.178E+004 6.3901E-016
2.184E+004 6.3882E-016
2.19E+004 6.3695E-016
2.195E+004 6.3470E-016
2.201E+004 6.2929E-016
2.207E+004 6.2084E-016
2.213E+004 6.1371E-016
2.218E+004 6.0747E-016
2.224E+004 6.0401E-016
2.23E+004 6.0106E-016
2.236E+004 5.9892E-016
2.241E+004 5.9635E-016
2.247E+004 5.9096E-016
2.253E+004 5.8636E-016
2.259E+004 5.8174E-016
2.264E+004 5.7461E-016
2.27E+004 5.6456E-016
2.276E+004 5.5903E-016
2.281E+004 5.5459E-016
2.287E+004 5.5002E-016
2.293E+004 5.4537E-016
2.299E+004 5.4047E-016
2.304E+004 5.3710E-016
2.31E+004 5.3181E-016
2.316E+004 5.2481E-016
2.322E+004 5.1651E-016
2.327E+004 5.1200E-016
2.333E+004 5.0735E-016
2.339E+004 5.0388E-016
2.345E+004 4.9931E-016
2.35E+004 4.9342E-016
2.356E+004 4.8963E-016
2.362E+004 4.8627E-016
2.368E+004 4.8276E-016
2.373E+004 4.7598E-016
2.379E+004 4.7224E-016
2.385E+004 4.6936E-016
2.391E+004 4.6542E-016
2.396E+004 4.6106E-016
2.402E+004 4.5684E-016
2.408E+004 4.5355E-016
2.413E+004 4.5032E-016
2.419E+004 4.4520E-016
2.425E+004 4.4058E-016
2.431E+004 4.3803E-016
2.436E+004 4.3458E-016
2.442E+004 4.2969E-016
2.448E+004 4.2685E-016
2.454E+004 4.2428E-016
2.459E+004 4.2260E-016
2.465E+004 4.2030E-016
2.471E+004 4.1818E-016
2.477E+004 4.1330E-016
2.485E+004 4.0078E-016
2.495E+004 3.9184E-016
2.505E+004 3.8962E-016
2.515E+004 3.8378E-016
2.525E+004 3.7268E-016
2.535E+004 3.7203E-016
2.545E+004 3.6812E-016
2.555E+004 3.6053E-016
2.565E+004 3.4708E-016
2.575E+004 3.5075E-016
2.585E+004 3.4705E-016
2.595E+004 3.4221E-016
2.605E+004 3.3191E-016
2.615E+004 3.1530E-016
2.625E+004 2.9422E-016
2.635E+004 3.1591E-016
2.645E+004 3.1827E-016
2.655E+004 3.1436E-016
2.665E+004 3.0637E-016
2.675E+004 2.8577E-016
2.685E+004 2.9809E-016
2.695E+004 2.9813E-016
2.705E+004 2.9463E-016
2.715E+004 2.9088E-016
2.725E+004 2.8682E-016
2.735E+004 2.8238E-016
2.745E+004 2.7612E-016
2.755E+004 2.5497E-016
2.765E+004 2.6088E-016
2.775E+004 2.6623E-016
2.785E+004 2.6401E-016
2.795E+004 2.6115E-016
2.805E+004 2.5763E-016
2.815E+004 2.5414E-016
2.825E+004 2.5073E-016
2.835E+004 2.4740E-016
2.845E+004 2.4333E-016
2.855E+004 2.3915E-016
2.865E+004 2.2977E-016
2.875E+004 2.1378E-016
2.885E+004 2.2762E-016
2.895E+004 2.2729E-016
2.905E+004 2.2527E-016
2.915E+004 2.2219E-016
2.925E+004 2.1953E-016
2.935E+004 2.1678E-016
2.945E+004 2.1397E-016
2.955E+004 2.1125E-016
2.965E+004 2.0854E-016
2.975E+004 2.0586E-016
2.985E+004 2.0326E-016
2.995E+004 2.0062E-016
3.005E+004 1.9796E-016
3.015E+004 1.9485E-016
3.025E+004 1.9084E-016
3.035E+004 1.7651E-016
3.045E+004 1.7849E-016
3.055E+004 1.8423E-016
3.065E+004 1.8312E-016
3.075E+004 1.8134E-016
3.085E+004 1.7894E-016
3.095E+004 1.7688E-016
3.105E+004 1.7469E-016
3.115E+004 1.7236E-016
3.125E+004 1.7041E-016
3.135E+004 1.6837E-016
3.145E+004 1.6628E-016
3.155E+004 1.6440E-016
3.165E+004 1.6249E-016
3.175E+004 1.6040E-016
3.185E+004 1.5861E-016
3.195E+004 1.5670E-016
3.21E+004 1.5390E-016
3.23E+004 1.5031E-016
3.25E+004 1.4678E-016
3.27E+004 1.4283E-016
3.29E+004 1.3161E-016
3.31E+004 1.3375E-016
3.33E+004 1.3304E-016
3.35E+004 1.3027E-016
3.37E+004 1.2720E-016
3.39E+004 1.2444E-016
3.41E+004 1.2170E-016
3.43E+004 1.1909E-016
3.45E+004 1.1656E-016
3.47E+004 1.1399E-016
3.49E+004 1.1152E-016
3.51E+004 1.0911E-016
3.53E+004 1.0676E-016
3.55E+004 1.0447E-016
3.57E+004 1.0220E-016
3.59E+004 1.0007E-016
3.61E+004 9.7897E-017
3.63E+004 9.5922E-017
3.65E+004 9.3789E-017
3.67E+004 9.1964E-017
3.69E+004 8.9690E-017
3.71E+004 8.7967E-017
3.73E+004 8.3699E-017
3.75E+004 8.0980E-017
3.77E+004 8.2739E-017
3.79E+004 8.1320E-017
3.81E+004 7.9207E-017
3.83E+004 7.7742E-017
3.85E+004 7.6663E-017
3.87E+004 7.5103E-017
3.89E+004 7.3412E-017
3.91E+004 7.1044E-017
3.93E+004 7.0763E-017
3.95E+004 6.9521E-017
3.97E+004 6.8214E-017
3.99E+004 6.6744E-017
4.01E+004 6.4616E-017
4.03E+004 6.2998E-017
4.05E+004 5.9882E-017
4.07E+004 6.1587E-017
4.09E+004 6.0767E-017
4.11E+004 5.9803E-017
4.13E+004 5.8625E-017
4.15E+004 5.7223E-017
4.17E+004 5.4256E-017
4.19E+004 5.5065E-017
4.21E+004 5.4412E-017
4.23E+004 5.3531E-017
4.25E+004 5.2558E-017
4.27E+004 5.1615E-017
4.29E+004 5.0690E-017
4.31E+004 4.9781E-017
4.33E+004 4.8879E-017
4.35E+004 4.7811E-017
4.37E+004 4.5192E-017
4.39E+004 4.5506E-017
4.41E+004 4.5432E-017
4.43E+004 4.4739E-017
4.45E+004 4.3963E-017
4.47E+004 4.3269E-017
4.49E+004 4.2454E-017
4.51E+004 4.1736E-017
4.53E+004 4.1022E-017
4.55E+004 4.0326E-017
4.57E+004 3.9631E-017
4.59E+004 3.8945E-017
4.61E+004 3.8266E-017
4.63E+004 3.7437E-017
4.65E+004 3.4930E-017
4.67E+004 3.4433E-017
4.69E+004 3.5399E-017
4.71E+004 3.5179E-017
4.73E+004 3.4665E-017
4.75E+004 3.4106E-017
4.77E+004 3.3564E-017
4.79E+004 3.3036E-017
4.81E+004 3.2507E-017
4.83E+004 3.1987E-017
4.85E+004 3.1479E-017
4.87E+004 3.0979E-017
4.89E+004 3.0489E-017
4.91E+004 3.0003E-017
4.93E+004 2.9535E-017
4.95E+004 2.9075E-017
4.97E+004 2.8617E-017
4.99E+004 2.8177E-017
5.01E+004 2.7739E-017
5.03E+004 2.7300E-017
5.05E+004 2.6892E-017
5.07E+004 2.6470E-017
5.09E+004 2.6011E-017
5.11E+004 2.5407E-017
5.13E+004 2.3931E-017
5.15E+004 2.4717E-017
5.17E+004 2.4471E-017
5.19E+004 2.4164E-017
5.21E+004 2.3822E-017
5.23E+004 2.3470E-017
5.25E+004 2.3093E-017
5.27E+004 2.2730E-017
5.29E+004 2.2448E-017
5.31E+004 2.2138E-017
5.33E+004 2.1828E-017
5.35E+004 2.1482E-017
5.37E+004 2.1103E-017
5.39E+004 2.0803E-017
5.41E+004 2.0572E-017
5.43E+004 2.0314E-017
5.45E+004 2.0029E-017
5.47E+004 1.9742E-017
5.49E+004 1.9434E-017
5.51E+004 1.9092E-017
5.53E+004 1.8737E-017
5.55E+004 1.8600E-017
5.57E+004 1.8389E-017
5.59E+004 1.8130E-017
5.61E+004 1.7887E-017
5.63E+004 1.7641E-017
5.65E+004 1.7399E-017
5.67E+004 1.7147E-017
5.69E+004 1.6850E-017
5.71E+004 1.6430E-017
5.73E+004 1.6376E-017
5.75E+004 1.6229E-017
5.77E+004 1.6026E-017
5.79E+004 1.5808E-017
5.81E+004 1.5598E-017
5.83E+004 1.5379E-017
5.85E+004 1.5161E-017
5.87E+004 1.4937E-017
5.89E+004 1.4595E-017
5.91E+004 1.3775E-017
5.93E+004 1.4236E-017
5.95E+004 1.3886E-017
5.97E+004 1.3847E-017
5.99E+004 1.3801E-017
6.01E+004 1.3645E-017
6.03E+004 1.3477E-017
6.05E+004 1.3306E-017
6.07E+004 1.3136E-017
6.09E+004 1.2968E-017
6.11E+004 1.2800E-017
6.13E+004 1.2648E-017
6.15E+004 1.2488E-017
6.17E+004 1.2329E-017
6.19E+004 1.2171E-017
6.21E+004 1.2015E-017
6.23E+004 1.1857E-017
6.25E+004 1.1698E-017
6.27E+004 1.1487E-017
6.29E+004 1.1029E-017
6.31E+004 1.1170E-017
6.33E+004 1.1124E-017
6.35E+004 1.1004E-017
6.37E+004 1.0881E-017
6.39E+004 1.0759E-017
6.42E+004 1.0566E-017
6.46E+004 1.0312E-017
6.5E+004 1.0064E-017
6.54E+004 9.8265E-018
6.58E+004 9.5924E-018
6.62E+004 9.3653E-018
6.66E+004 9.1474E-018
6.7E+004 8.9229E-018
6.74E+004 8.6685E-018
6.78E+004 8.2861E-018
6.82E+004 8.3049E-018
6.86E+004 8.1395E-018
6.9E+004 7.9574E-018
6.94E+004 7.7724E-018
6.98E+004 7.6049E-018
7.02E+004 7.4375E-018
7.06E+004 7.2712E-018
7.1E+004 7.1019E-018
7.14E+004 6.9579E-018
7.18E+004 6.8068E-018
7.22E+004 6.6562E-018
7.26E+004 6.5002E-018
7.3E+004 6.3709E-018
7.34E+004 6.2414E-018
7.38E+004 6.1024E-018
7.42E+004 5.9498E-018
7.46E+004 5.6379E-018
7.5E+004 5.4543E-018
7.54E+004 5.5599E-018
7.58E+004 5.4834E-018
7.62E+004 5.3793E-018
7.66E+004 5.2761E-018
7.7E+004 5.1688E-018
7.74E+004 5.0538E-018
7.78E+004 4.9289E-018
7.82E+004 4.8540E-018
7.86E+004 4.7685E-018
7.9E+004 4.6745E-018
7.94E+004 4.5822E-018
7.98E+004 4.4919E-018
8.02E+004 4.4038E-018
8.06E+004 4.3177E-018
8.1E+004 4.2297E-018
8.14E+004 4.1150E-018
8.18E+004 4.0507E-018
8.22E+004 3.9934E-018
8.26E+004 3.9189E-018
8.3E+004 3.8444E-018
8.34E+004 3.7710E-018
8.38E+004 3.6997E-018
8.42E+004 3.6309E-018
8.46E+004 3.5639E-018
8.5E+004 3.4979E-018
8.54E+004 3.4329E-018
8.58E+004 3.3696E-018
8.62E+004 3.2986E-018
8.66E+004 3.1928E-018
8.7E+004 3.1714E-018
8.74E+004 3.0653E-018
8.78E+004 3.0105E-018
8.82E+004 3.0143E-018
8.86E+004 2.9645E-018
8.9E+004 2.9120E-018
8.94E+004 2.8605E-018
8.98E+004 2.8098E-018
9.02E+004 2.7604E-018
9.06E+004 2.7121E-018
9.1E+004 2.6646E-018
9.14E+004 2.6181E-018
9.18E+004 2.5728E-018
9.22E+004 2.5282E-018
9.26E+004 2.4814E-018
9.3E+004 2.4403E-018
9.34E+004 2.3931E-018
9.38E+004 2.3081E-018
9.42E+004 2.2996E-018
9.46E+004 2.2773E-018
9.5E+004 2.2400E-018
9.54E+004 2.2030E-018
9.58E+004 2.1698E-018
9.62E+004 2.1340E-018
9.66E+004 2.0992E-018
9.7E+004 2.0649E-018
9.74E+004 2.0314E-018
9.78E+004 1.9987E-018
9.82E+004 1.9644E-018
9.86E+004 1.9311E-018
9.9E+004 1.9048E-018
9.94E+004 1.8747E-018
9.98E+004 1.8453E-018
1.002E+005 1.8165E-018
1.005E+005 1.7951E-018
1.01E+005 1.7602E-018
1.015E+005 1.7262E-018
1.02E+005 1.6932E-018
1.025E+005 1.6608E-018
1.03E+005 1.6293E-018
1.035E+005 1.5984E-018
1.04E+005 1.5684E-018
1.045E+005 1.5389E-018
1.05E+005 1.5102E-018
1.055E+005 1.4820E-018
1.06E+005 1.4547E-018
1.065E+005 1.4280E-018
1.07E+005 1.4016E-018
1.075E+005 1.3761E-018
1.08E+005 1.3511E-018
1.085E+005 1.3265E-018
1.09E+005 1.3026E-018
1.095E+005 1.2794E-018
1.1E+005 1.2566E-018
1.105E+005 1.2341E-018
1.11E+005 1.2123E-018
1.115E+005 1.1911E-018
1.12E+005 1.1702E-018
1.125E+005 1.1497E-018
1.13E+005 1.1298E-018
1.135E+005 1.1102E-018
1.14E+005 1.0911E-018
1.145E+005 1.0725E-018
1.15E+005 1.0541E-018
1.155E+005 1.0361E-018
1.16E+005 1.0187E-018
1.165E+005 1.0015E-018
1.17E+005 9.8476E-019
1.175E+005 9.6813E-019
1.18E+005 9.5211E-019
1.185E+005 9.3635E-019
1.19E+005 9.2085E-019
1.195E+005 9.0559E-019
1.2E+005 8.9074E-019
1.205E+005 8.7628E-019
1.21E+005 8.6205E-019
1.215E+005 8.4806E-019
1.22E+005 8.3443E-019
1.225E+005 8.2102E-019
1.23E+005 8.0782E-019
1.235E+005 7.9497E-019
1.24E+005 7.8233E-019
1.245E+005 7.7001E-019
1.25E+005 7.5787E-019
1.255E+005 7.4593E-019
1.26E+005 7.3430E-019
1.265E+005 7.2285E-019
1.27E+005 7.1157E-019
1.275E+005 7.0057E-019
1.28E+005 6.8975E-019
1.285E+005 6.7920E-019
1.29E+005 6.6881E-019
1.295E+005 6.5859E-019
1.3E+005 6.4862E-019
1.305E+005 6.3881E-019
1.31E+005 6.2914E-019
1.315E+005 6.1972E-019
1.32E+005 6.1044E-019
1.325E+005 6.0130E-019
1.33E+005 5.9239E-019
1.335E+005 5.8361E-019
1.34E+005 5.7506E-019
1.345E+005 5.6654E-019
1.35E+005 5.5824E-019
1.355E+005 5.5016E-019
1.36E+005 5.4209E-019
1.365E+005 5.3424E-019
1.37E+005 5.2659E-019
1.375E+005 5.1895E-019
1.38E+005 5.1152E-019
1.385E+005 5.0419E-019
1.39E+005 4.9705E-019
1.395E+005 4.9001E-019
1.4E+005 4.8307E-019
1.405E+005 4.7630E-019
1.41E+005 4.6955E-019
1.415E+005 4.6306E-019
1.42E+005 4.5657E-019
1.425E+005 4.5026E-019
1.43E+005 4.4402E-019
1.435E+005 4.3788E-019
1.44E+005 4.3182E-019
1.445E+005 4.2592E-019
1.45E+005 4.2010E-019
1.455E+005 4.1442E-019
1.46E+005 4.0875E-019
1.465E+005 4.0323E-019
1.47E+005 3.9785E-019
1.475E+005 3.9248E-019
1.48E+005 3.8724E-019
1.485E+005 3.8208E-019
1.49E+005 3.7698E-019
1.495E+005 3.7201E-019
1.5E+005 3.6711E-019
1.505E+005 3.6227E-019
1.51E+005 3.5749E-019
1.515E+005 3.5284E-019
1.52E+005 3.4825E-019
1.525E+005 3.4372E-019
1.53E+005 3.3924E-019
1.535E+005 3.3488E-019
1.54E+005 3.3058E-019
1.545E+005 3.2633E-019
1.55E+005 3.2214E-019
1.555E+005 3.1805E-019
1.56E+005 3.1402E-019
1.565E+005 3.1004E-019
1.57E+005 3.0610E-019
1.575E+005 3.0227E-019
1.58E+005 2.9849E-019
1.585E+005 2.9475E-019
1.59E+005 2.9106E-019
1.595E+005 2.8747E-019
1.6E+005 2.8391E-019
1.605E+005 2.8041E-019
1.61E+005 2.7694E-019
1.615E+005 2.7357E-019
1.62E+005 2.7019E-019
1.625E+005 2.6689E-019
1.63E+005 2.6364E-019
1.635E+005 2.6047E-019
1.64E+005 2.5729E-019
1.645E+005 2.5420E-019
1.65E+005 2.5114E-019
1.655E+005 2.4816E-019
1.66E+005 2.4518E-019
1.665E+005 2.4227E-019
1.67E+005 2.3940E-019
1.675E+005 2.3656E-019
1.68E+005 2.3375E-019
1.685E+005 2.3102E-019
1.69E+005 2.2828E-019
1.695E+005 2.2561E-019
1.7E+005 2.2301E-019
1.705E+005 2.2040E-019
1.71E+005 2.1786E-019
1.715E+005 2.1531E-019
1.72E+005 2.1283E-019
1.725E+005 2.1041E-019
1.73E+005 2.0799E-019
1.735E+005 2.0562E-019
1.74E+005 2.0325E-019
1.745E+005 2.0094E-019
1.75E+005 1.9866E-019
1.755E+005 1.9644E-019
1.76E+005 1.9420E-019
1.765E+005 1.9203E-019
1.77E+005 1.8988E-019
1.775E+005 1.8775E-019
1.78E+005 1.8565E-019
1.785E+005 1.8360E-019
1.79E+005 1.8158E-019
1.795E+005 1.7958E-019
1.8E+005 1.7760E-019
1.805E+005 1.7564E-019
1.81E+005 1.7370E-019
1.815E+005 1.7182E-019
1.82E+005 1.6995E-019
1.825E+005 1.6810E-019
1.83E+005 1.6628E-019
1.835E+005 1.6448E-019
1.84E+005 1.6272E-019
1.845E+005 1.6095E-019
1.85E+005 1.5923E-019
1.855E+005 1.5753E-019
1.86E+005 1.5585E-019
1.865E+005 1.5421E-019
1.87E+005 1.5256E-019
1.875E+005 1.5096E-019
1.88E+005 1.4937E-019
1.885E+005 1.4780E-019
1.89E+005 1.4624E-019
1.895E+005 1.4471E-019
1.9E+005 1.4321E-019
1.905E+005 1.4173E-019
1.91E+005 1.4024E-019
1.915E+005 1.3881E-019
1.92E+005 1.3738E-019
1.925E+005 1.3596E-019
1.93E+005 1.3457E-019
1.935E+005 1.3318E-019
1.94E+005 1.3183E-019
1.945E+005 1.3049E-019
1.95E+005 1.2916E-019
1.955E+005 1.2785E-019
1.96E+005 1.2657E-019
1.965E+005 1.2530E-019
1.97E+005 1.2403E-019
1.975E+005 1.2279E-019
1.98E+005 1.2156E-019
1.985E+005 1.2035E-019
1.99E+005 1.1916E-019
1.995E+005 1.1797E-019
2E+005 1.1681E-019
2.01E+005 1.1450E-019
2.02E+005 1.1226E-019
2.03E+005 1.1006E-019
2.04E+005 1.0792E-019
2.05E+005 1.0583E-019
2.06E+005 1.0379E-019
2.07E+005 1.0181E-019
2.08E+005 9.9864E-020
2.09E+005 9.7974E-020
2.1E+005 9.6122E-020
2.11E+005 9.4303E-020
2.12E+005 9.2550E-020
2.13E+005 9.0814E-020
2.14E+005 8.9142E-020
2.15E+005 8.7500E-020
2.16E+005 8.5888E-020
2.17E+005 8.4320E-020
2.18E+005 8.2780E-020
2.19E+005 8.1283E-020
2.2E+005 7.9812E-020
2.21E+005 7.8382E-020
2.22E+005 7.6976E-020
2.23E+005 7.5609E-020
2.24E+005 7.4266E-020
2.25E+005 7.2960E-020
2.26E+005 7.1675E-020
2.27E+005 7.0427E-020
2.28E+005 6.9199E-020
2.29E+005 6.7993E-020
2.3E+005 6.6819E-020
2.31E+005 6.5677E-020
2.32E+005 6.4553E-020
2.33E+005 6.3450E-020
2.34E+005 6.2375E-020
2.35E+005 6.1320E-020
2.36E+005 6.0291E-020
2.37E+005 5.9281E-020
2.38E+005 5.8287E-020
2.39E+005 5.7319E-020
2.4E+005 5.6368E-020
2.41E+005 5.5442E-020
2.42E+005 5.4530E-020
2.43E+005 5.3643E-020
2.44E+005 5.2771E-020
2.45E+005 5.1912E-020
2.46E+005 5.1076E-020
2.47E+005 5.0254E-020
2.48E+005 4.9445E-020
2.49E+005 4.8657E-020
2.5E+005 4.7889E-020
2.51E+005 4.7126E-020
2.52E+005 4.6383E-020
2.53E+005 4.5659E-020
2.54E+005 4.4939E-020
2.55E+005 4.4238E-020
2.56E+005 4.3555E-020
2.57E+005 4.2883E-020
2.58E+005 4.2221E-020
2.59E+005 4.1576E-020
2.6E+005 4.0934E-020
2.61E+005 4.0316E-020
2.62E+005 3.9700E-020
2.63E+005 3.9100E-020
2.64E+005 3.8516E-020
2.65E+005 3.7934E-020
2.66E+005 3.7368E-020
2.67E+005 3.6809E-020
2.68E+005 3.6266E-020
2.69E+005 3.5730E-020
2.7E+005 3.5202E-020
2.71E+005 3.4687E-020
2.72E+005 3.4180E-020
2.73E+005 3.3681E-020
2.74E+005 3.3194E-020
2.75E+005 3.2715E-020
2.76E+005 3.2242E-020
2.77E+005 3.1776E-020
2.78E+005 3.1322E-020
2.79E+005 3.0875E-020
2.8E+005 3.0439E-020
2.81E+005 3.0010E-020
2.82E+005 2.9586E-020
2.83E+005 2.9168E-020
2.84E+005 2.8757E-020
2.85E+005 2.8356E-020
2.86E+005 2.7965E-020
2.87E+005 2.7575E-020
2.88E+005 2.7195E-020
2.89E+005 2.6820E-020
2.9E+005 2.6451E-020
2.91E+005 2.6091E-020
2.92E+005 2.5735E-020
2.93E+005 2.5385E-020
2.94E+005 2.5040E-020
2.95E+005 2.4703E-020
2.96E+005 2.4371E-020
2.97E+005 2.4047E-020
2.98E+005 2.3724E-020
2.99E+005 2.3409E-020
3E+005 2.3098E-020
3.01E+005 2.2791E-020
3.02E+005 2.2492E-020
3.03E+005 2.2197E-020
3.04E+005 2.1906E-020
3.05E+005 2.1619E-020
3.06E+005 2.1339E-020
3.07E+005 2.1063E-020
3.08E+005 2.0791E-020
3.09E+005 2.0521E-020
3.1E+005 2.0259E-020
3.11E+005 2.0000E-020
3.12E+005 1.9745E-020
3.13E+005 1.9493E-020
3.14E+005 1.9247E-020
3.15E+005 1.9004E-020
3.16E+005 1.8764E-020
3.17E+005 1.8528E-020
3.18E+005 1.8297E-020
3.19E+005 1.8067E-020
3.2E+005 1.7842E-020
3.21E+005 1.7623E-020
3.22E+005 1.7404E-020
3.23E+005 1.7190E-020
3.24E+005 1.6979E-020
3.25E+005 1.6771E-020
3.26E+005 1.6565E-020
3.27E+005 1.6364E-020
3.28E+005 1.6166E-020
3.29E+005 1.5970E-020
3.3E+005 1.5777E-020
3.31E+005 1.5589E-020
3.32E+005 1.5400E-020
3.33E+005 1.5216E-020
3.34E+005 1.5034E-020
3.35E+005 1.4857E-020
3.36E+005 1.4680E-020
3.37E+005 1.4507E-020
3.38E+005 1.4336E-020
3.39E+005 1.4168E-020
3.4E+005 1.4001E-020
3.41E+005 1.3838E-020
3.42E+005 1.3678E-020
3.43E+005 1.3519E-020
3.44E+005 1.3362E-020
3.45E+005 1.3207E-020
3.46E+005 1.3056E-020
3.47E+005 1.2907E-020
3.48E+005 1.2759E-020
3.49E+005 1.2613E-020
3.5E+005 1.2469E-020
3.51E+005 1.2328E-020
3.52E+005 1.2189E-020
3.53E+005 1.2051E-020
3.54E+005 1.1915E-020
3.55E+005 1.1781E-020
3.56E+005 1.1650E-020
3.57E+005 1.1518E-020
3.58E+005 1.1390E-020
3.59E+005 1.1263E-020
3.6E+005 1.1138E-020
3.61E+005 1.1016E-020
3.62E+005 1.0894E-020
3.63E+005 1.0774E-020
3.64E+005 1.0656E-020
3.65E+005 1.0539E-020
3.66E+005 1.0426E-020
3.67E+005 1.0311E-020
3.68E+005 1.0200E-020
3.69E+005 1.0090E-020
3.7E+005 9.9814E-021
3.71E+005 9.8737E-021
3.72E+005 9.7672E-021
3.73E+005 9.6635E-021
3.74E+005 9.5609E-021
3.75E+005 9.4577E-021
3.76E+005 9.3589E-021
3.77E+005 9.2595E-021
3.78E+005 9.1611E-021
3.79E+005 9.0654E-021
3.8E+005 8.9691E-021
3.81E+005 8.8754E-021
3.82E+005 8.7826E-021
3.83E+005 8.6923E-021
3.84E+005 8.6014E-021
3.85E+005 8.5115E-021
3.86E+005 8.4240E-021
3.87E+005 8.3374E-021
3.88E+005 8.2516E-021
3.89E+005 8.1668E-021
3.9E+005 8.0828E-021
3.91E+005 8.0010E-021
3.92E+005 7.9201E-021
3.93E+005 7.8386E-021
3.94E+005 7.7593E-021
3.95E+005 7.6808E-021
3.96E+005 7.6044E-021
3.97E+005 7.5275E-021
3.98E+005 7.4513E-021
3.99E+005 7.3772E-021
