1710 1.0200E-014
1710 1.0200E-014
1712 5.1339E-015
1713 5.9743E-015
1714 1.3230E-014
1716 1.2791E-014
1717 1.2631E-014
1718 7.2124E-015
1720 1.5763E-014
1721 1.4120E-014
1723 1.5834E-014
1724 1.9045E-014
1725 1.4763E-014
1727 1.6631E-014
1728 1.9840E-014
1729 2.0896E-014
1731 1.7710E-014
1732 1.2403E-014
1733 2.2227E-014
1735 8.5060E-015
1736 1.2017E-014
1738 1.9830E-014
1739 1.9718E-014
1740 1.5470E-014
1742 1.4427E-014
1743 1.8391E-014
1744 1.9417E-014
1746 2.5753E-014
1747 1.6184E-014
1749 1.6726E-014
1750 2.2937E-014
1751 1.9423E-014
1753 2.0968E-014
1754 3.1816E-014
1755 2.8150E-014
1757 2.3902E-014
1758 2.8849E-014
1760 2.5153E-014
1761 2.6734E-014
1762 2.4285E-014
1764 3.0327E-014
1765 2.9036E-014
1766 3.0045E-014
1768 2.9371E-014
1769 2.8707E-014
1771 2.9947E-014
1772 2.9095E-014
1773 2.8846E-014
1775 3.3603E-014
1776 4.2333E-014
1777 4.0369E-014
1779 3.5307E-014
1780 3.5027E-014
1781 3.5737E-014
1783 3.5553E-014
1784 3.5264E-014
1786 3.6801E-014
1787 3.7355E-014
1788 3.6482E-014
1790 3.8175E-014
1791 4.0390E-014
1792 3.5080E-014
1794 4.4290E-014
1795 4.2744E-014
1797 3.9984E-014
1798 3.7057E-014
1799 4.0571E-014
1801 3.9363E-014
1802 4.0106E-014
1803 3.3892E-014
1805 3.6449E-014
1806 3.8129E-014
1808 4.5347E-014
1809 4.5835E-014
1810 4.1196E-014
1812 4.0926E-014
1813 4.3442E-014
1814 4.1479E-014
1816 4.8384E-014
1817 4.1546E-014
1819 4.7254E-014
1820 4.9804E-014
1821 5.1068E-014
1823 4.7332E-014
1824 4.7869E-014
1825 5.0374E-014
1827 4.6649E-014
1828 4.8349E-014
1829 4.8290E-014
1831 5.2107E-014
1832 5.1408E-014
1834 4.9787E-014
1835 4.9513E-014
1836 4.4172E-014
1838 4.2043E-014
1839 4.6658E-014
1840 4.4902E-014
1842 4.5545E-014
1843 3.8063E-014
1845 3.6261E-014
1846 4.2298E-014
1847 4.1566E-014
1849 3.9214E-014
1850 4.4271E-014
1851 5.7070E-014
1853 5.5098E-014
1854 5.5344E-014
1856 5.5198E-014
1857 5.5052E-014
1858 5.6674E-014
1860 5.5752E-014
1861 5.3974E-014
1862 5.8015E-014
1864 5.7431E-014
1865 5.9406E-014
1867 5.9958E-014
1868 5.7263E-014
1869 5.6652E-014
1871 5.9251E-014
1872 5.8928E-014
1873 5.5353E-014
1875 6.0542E-014
1876 6.2283E-014
1878 5.8762E-014
1879 6.1959E-014
1880 6.6019E-014
1882 6.8561E-014
1883 6.4585E-014
1884 6.2985E-014
1886 6.2842E-014
1887 6.5997E-014
1888 6.6884E-014
1890 6.3869E-014
1891 6.5361E-014
1893 6.8615E-014
1894 6.8052E-014
1895 6.4778E-014
1897 6.2544E-014
1898 5.8952E-014
1899 6.3707E-014
1901 7.0564E-014
1902 6.7181E-014
1904 7.0844E-014
1905 6.9094E-014
1906 6.9037E-014
1908 6.7732E-014
1909 6.9025E-014
1910 7.5476E-014
1912 6.9442E-014
1913 7.3851E-014
1915 7.7569E-014
1916 7.2649E-014
1917 7.5444E-014
1919 7.8367E-014
1920 7.8204E-014
1921 7.4990E-014
1923 7.0535E-014
1924 7.7374E-014
1926 7.4863E-014
1927 5.6996E-014
1928 5.3019E-014
1930 6.8893E-014
1931 7.3225E-014
1932 7.5272E-014
1934 7.9657E-014
1935 8.0798E-014
1937 8.3674E-014
1938 8.2767E-014
1939 8.5851E-014
1941 8.1762E-014
1942 8.0727E-014
1943 8.1101E-014
1945 8.2261E-014
1946 8.1805E-014
1948 8.2119E-014
1949 8.0470E-014
1950 7.8852E-014
1952 7.9102E-014
1953 7.7613E-014
1954 8.0887E-014
1956 8.5250E-014
1957 8.2631E-014
1958 7.8941E-014
1960 7.8157E-014
1961 8.7991E-014
1963 8.7980E-014
1964 8.8690E-014
1965 8.9265E-014
1967 8.7009E-014
1968 9.0361E-014
1969 8.6759E-014
1971 8.8681E-014
1972 8.6108E-014
1974 8.8434E-014
1975 8.3118E-014
1976 8.0838E-014
1978 8.6763E-014
1979 9.0109E-014
1980 8.6093E-014
1982 8.4386E-014
1983 8.2245E-014
1985 8.7943E-014
1986 8.7039E-014
1987 8.8862E-014
1989 9.1334E-014
1990 9.1115E-014
1991 9.1036E-014
1993 8.8476E-014
1994 9.2992E-014
1996 9.0193E-014
1997 8.9440E-014
1998 8.9709E-014
2000 9.3681E-014
2001 9.1947E-014
2002 9.3476E-014
2004 9.0875E-014
2005 9.1038E-014
2007 9.2097E-014
2008 9.3410E-014
2009 9.3312E-014
2011 9.9155E-014
2012 9.9440E-014
2013 1.0613E-013
2015 9.9866E-014
2016 1.0003E-013
2018 9.4413E-014
2019 9.9114E-014
2020 9.8368E-014
2022 9.3835E-014
2023 7.8419E-014
2024 8.7373E-014
2026 9.5320E-014
2027 9.8193E-014
2029 1.0454E-013
2030 9.7755E-014
2031 9.8534E-014
2033 1.0076E-013
2034 1.0227E-013
2035 1.0115E-013
2037 1.0133E-013
2038 1.0079E-013
2039 1.0363E-013
2041 1.0765E-013
2042 1.0415E-013
2044 1.0772E-013
2045 1.0784E-013
2046 1.0726E-013
2048 1.0781E-013
2049 1.0631E-013
2050 1.0119E-013
2052 9.9950E-014
2053 9.8872E-014
2055 1.0004E-013
2056 9.8079E-014
2057 1.0437E-013
2059 9.9075E-014
2060 1.0127E-013
2061 1.0073E-013
2063 1.0345E-013
2064 1.0329E-013
2066 1.0679E-013
2067 1.1042E-013
2068 1.1452E-013
2070 1.0845E-013
2071 1.1428E-013
2072 1.1350E-013
2074 1.1363E-013
2075 1.1027E-013
2077 1.1213E-013
2078 1.1327E-013
2079 1.1129E-013
2081 1.1076E-013
2082 1.0968E-013
2083 1.1377E-013
2085 1.1579E-013
2086 1.1176E-013
2088 1.1447E-013
2089 1.1315E-013
2090 1.1451E-013
2092 1.0841E-013
2093 1.1118E-013
2094 1.1325E-013
2096 1.1528E-013
2097 1.1170E-013
2099 1.1466E-013
2100 1.1175E-013
2101 1.1331E-013
2103 1.1691E-013
2104 1.1403E-013
2105 1.1004E-013
2107 1.0849E-013
2108 1.1344E-013
2110 1.1263E-013
2111 1.1146E-013
2112 1.1234E-013
2114 1.1820E-013
2115 1.1903E-013
2116 1.1648E-013
2118 1.1674E-013
2119 1.1184E-013
2121 1.0357E-013
2122 9.7454E-014
2123 1.1005E-013
2125 1.1907E-013
2126 1.1333E-013
2127 1.0898E-013
2129 1.0579E-013
2130 1.0734E-013
2132 1.0466E-013
2133 1.0681E-013
2134 1.1316E-013
2136 1.1444E-013
2137 1.1071E-013
2138 1.1775E-013
2140 1.1872E-013
2141 1.2035E-013
2142 1.1800E-013
2144 1.1700E-013
2145 1.1431E-013
2147 1.1623E-013
2148 1.1373E-013
2149 1.1386E-013
2151 1.2081E-013
2152 1.1753E-013
2153 1.2161E-013
2155 1.1745E-013
2156 1.0655E-013
2158 1.1110E-013
2159 1.1282E-013
2160 1.1682E-013
2162 1.1443E-013
2163 1.1090E-013
2164 1.1097E-013
2166 1.1466E-013
2167 1.1837E-013
2169 1.1679E-013
2170 1.1825E-013
2171 1.1289E-013
2173 1.1374E-013
2174 1.1887E-013
2175 1.2098E-013
2177 1.2466E-013
2178 1.3054E-013
2180 1.2919E-013
2181 1.2655E-013
2182 1.2464E-013
2184 1.2078E-013
2185 1.2016E-013
2186 1.2864E-013
2188 1.3029E-013
2189 1.2735E-013
2191 1.3127E-013
2192 1.3581E-013
2193 1.3775E-013
2195 1.3430E-013
2196 1.3723E-013
2197 1.2728E-013
2199 1.2891E-013
2200 1.3993E-013
2202 1.3487E-013
2203 1.3491E-013
2204 1.2897E-013
2206 1.2486E-013
2207 1.2484E-013
2208 1.0861E-013
2210 1.2477E-013
2211 1.3027E-013
2213 1.2891E-013
2214 1.1707E-013
2215 1.2296E-013
2217 1.2766E-013
2218 1.2947E-013
2219 1.3369E-013
2221 1.3366E-013
2222 1.3585E-013
2224 1.3795E-013
2225 1.3699E-013
2226 1.4180E-013
2228 1.4307E-013
2229 1.4339E-013
2230 1.4370E-013
2232 1.4338E-013
2233 1.4628E-013
2235 1.4535E-013
2236 1.4940E-013
2237 1.4677E-013
2239 1.4388E-013
2240 1.4112E-013
2241 1.3768E-013
2243 1.3962E-013
2244 1.4294E-013
2246 1.3924E-013
2247 1.3118E-013
2248 1.2936E-013
2250 1.3301E-013
2251 1.3047E-013
2252 1.3154E-013
2254 1.3636E-013
2255 1.3714E-013
2257 1.3736E-013
2258 1.3509E-013
2259 1.3952E-013
2261 1.3772E-013
2262 1.3428E-013
2263 1.3511E-013
2265 1.2991E-013
2266 1.3363E-013
2267 1.3675E-013
2269 1.4239E-013
2270 1.4229E-013
2272 1.4304E-013
2273 1.3718E-013
2274 1.4007E-013
2276 1.4148E-013
2277 1.4960E-013
2278 1.5469E-013
2280 1.5109E-013
2281 1.4506E-013
2283 1.5169E-013
2284 1.4328E-013
2285 1.4248E-013
2287 1.4256E-013
2288 1.4162E-013
2289 1.4494E-013
2291 1.4533E-013
2292 1.4377E-013
2294 1.3877E-013
2295 1.2898E-013
2296 1.3506E-013
2298 1.4185E-013
2299 1.4396E-013
2300 1.4003E-013
2302 1.5020E-013
2303 1.5544E-013
2305 1.5226E-013
2306 1.5480E-013
2307 1.5222E-013
2309 1.4196E-013
2310 1.3816E-013
2311 1.4420E-013
2313 1.4797E-013
2314 1.5194E-013
2316 1.5695E-013
2317 1.5092E-013
2318 1.5084E-013
2320 1.5404E-013
2321 1.5564E-013
2322 1.5093E-013
2324 1.4356E-013
2325 1.4834E-013
2327 1.5220E-013
2328 1.4562E-013
2329 1.3932E-013
2331 1.3889E-013
2332 1.5141E-013
2333 1.5465E-013
2335 1.3321E-013
2336 1.4254E-013
2338 1.5067E-013
2339 1.4597E-013
2340 1.1805E-013
2342 1.0594E-013
2343 1.1804E-013
2344 1.2203E-013
2346 1.2667E-013
2347 1.5454E-013
2349 1.5961E-013
2350 1.6396E-013
2351 1.5535E-013
2353 1.5054E-013
2354 1.6127E-013
2355 1.5439E-013
2357 1.2848E-013
2358 1.3870E-013
2360 1.5287E-013
2361 1.5171E-013
2362 1.4380E-013
2364 1.5117E-013
2365 1.5590E-013
2366 1.5977E-013
2368 1.6337E-013
2369 1.6824E-013
2371 1.4749E-013
2372 1.4709E-013
2373 1.5375E-013
2375 1.5799E-013
2376 1.4048E-013
2377 1.3313E-013
2379 1.0028E-013
2380 1.0525E-013
2382 1.2998E-013
2383 1.5186E-013
2384 1.5265E-013
2386 1.3072E-013
2387 1.5763E-013
2388 1.6690E-013
2390 1.7135E-013
2391 1.5568E-013
2393 1.1714E-013
2394 1.4267E-013
2395 1.5355E-013
2397 1.4608E-013
2398 1.6165E-013
2399 1.6049E-013
2401 1.4912E-013
2402 1.1792E-013
2404 1.3170E-013
2405 1.4707E-013
2406 1.5095E-013
2408 1.2538E-013
2409 1.4190E-013
2410 1.4373E-013
2412 1.6216E-013
2413 1.6655E-013
2414 1.7330E-013
2416 1.8050E-013
2417 1.8518E-013
2419 1.8633E-013
2420 1.7461E-013
2421 1.6589E-013
2423 1.7612E-013
2424 1.8680E-013
2425 1.7880E-013
2427 1.7751E-013
2428 1.8194E-013
2430 1.7770E-013
2431 1.7241E-013
2432 1.6112E-013
2434 1.6892E-013
2435 1.7234E-013
2436 1.7186E-013
2438 1.8323E-013
2439 1.8688E-013
2441 1.8154E-013
2442 1.7966E-013
2443 1.7629E-013
2445 1.8105E-013
2446 1.7967E-013
2447 1.7781E-013
2449 1.7563E-013
2450 1.7952E-013
2452 1.8268E-013
2453 1.8636E-013
2454 1.8570E-013
2456 1.8333E-013
2457 1.8549E-013
2458 1.7441E-013
2460 1.6895E-013
2461 1.7308E-013
2463 1.7395E-013
2464 1.7767E-013
2465 1.7449E-013
2467 1.8064E-013
2468 1.8001E-013
2469 1.7260E-013
2471 1.7513E-013
2472 1.8132E-013
2474 1.7498E-013
2475 1.6979E-013
2476 1.6695E-013
2478 1.7694E-013
2479 1.7197E-013
2480 1.4583E-013
2482 1.6556E-013
2483 1.7352E-013
2485 1.6088E-013
2486 1.5260E-013
2487 1.5239E-013
2489 1.5779E-013
2490 1.7330E-013
2491 1.8750E-013
2493 1.9550E-013
2494 1.9408E-013
2496 1.9086E-013
2497 1.9553E-013
2498 1.7980E-013
2500 1.8612E-013
2501 1.8558E-013
2502 1.7461E-013
2504 1.5064E-013
2505 1.7631E-013
2507 1.9301E-013
2508 1.7998E-013
2509 1.7447E-013
2511 1.5572E-013
2512 1.3560E-013
2513 1.2678E-013
2515 1.4737E-013
2516 1.4418E-013
2518 1.6735E-013
2519 1.5752E-013
2520 1.3779E-013
2522 1.3684E-013
2523 1.4340E-013
2524 1.3667E-013
2526 1.2105E-013
2527 1.4773E-013
2528 1.6268E-013
2530 1.7718E-013
2531 1.6981E-013
2533 1.6470E-013
2534 1.6698E-013
2535 1.6607E-013
2537 1.7820E-013
2538 1.7357E-013
2539 1.8033E-013
2541 1.7681E-013
2542 1.7299E-013
2544 1.7364E-013
2545 1.7284E-013
2546 1.6309E-013
2548 1.8367E-013
2549 2.0144E-013
2550 2.0763E-013
2552 2.0732E-013
2553 2.0491E-013
2555 2.0716E-013
2556 2.0711E-013
2557 2.0242E-013
2559 1.9018E-013
2560 1.7967E-013
2561 1.9796E-013
2563 2.0852E-013
2564 2.0704E-013
2566 2.0557E-013
2567 2.0779E-013
2568 2.1035E-013
2570 2.1205E-013
2571 2.0529E-013
2572 1.9316E-013
2574 1.9846E-013
2575 2.0414E-013
2577 2.1022E-013
2578 2.1076E-013
2579 2.0091E-013
2581 2.0613E-013
2582 1.8357E-013
2583 1.8658E-013
2585 1.9992E-013
2586 2.0459E-013
2588 2.1226E-013
2589 2.1157E-013
2590 2.0537E-013
2592 2.1615E-013
2593 2.1158E-013
2594 1.7318E-013
2596 1.2496E-013
2597 1.6598E-013
2599 2.0370E-013
2600 2.0379E-013
2601 2.0342E-013
2603 1.8048E-013
2604 1.6593E-013
2605 1.8748E-013
2607 1.8513E-013
2608 1.6862E-013
2610 1.7021E-013
2611 1.7803E-013
2612 2.1223E-013
2614 2.1045E-013
2615 1.9323E-013
2616 2.0608E-013
2618 2.0559E-013
2619 2.0972E-013
2621 2.1215E-013
2622 2.0513E-013
2623 1.9716E-013
2625 1.9517E-013
2626 1.8508E-013
2627 1.7032E-013
2629 1.7617E-013
2630 2.0347E-013
2631 2.3022E-013
2633 2.3103E-013
2634 2.3892E-013
2636 2.4207E-013
2637 2.4157E-013
2638 2.4263E-013
2640 2.4807E-013
2641 2.4315E-013
2642 2.4174E-013
2644 2.4165E-013
2645 2.4487E-013
2647 2.4893E-013
2648 2.4934E-013
2649 2.4536E-013
2651 2.4395E-013
2652 2.4833E-013
2653 2.4776E-013
2655 2.4642E-013
2656 2.4520E-013
2658 2.4106E-013
2659 2.3404E-013
2660 2.2505E-013
2662 2.3079E-013
2663 2.2546E-013
2664 2.3023E-013
2666 2.3260E-013
2667 2.3342E-013
2669 2.3108E-013
2670 2.3350E-013
2671 2.5423E-013
2673 2.4817E-013
2674 2.3719E-013
2675 2.3006E-013
2677 2.3908E-013
2678 2.4515E-013
2680 2.4685E-013
2681 2.4601E-013
2682 2.4509E-013
2684 2.4474E-013
2685 2.3505E-013
2686 2.3125E-013
2688 2.3417E-013
2689 2.3815E-013
2691 2.3904E-013
2692 2.4139E-013
2693 2.4089E-013
2695 2.3641E-013
2696 2.3715E-013
2697 2.4700E-013
2699 2.4210E-013
2700 2.4443E-013
2701 2.4115E-013
2703 2.3486E-013
2704 2.4134E-013
2706 2.3777E-013
2707 2.3976E-013
2708 2.3983E-013
2710 2.3787E-013
2711 2.3514E-013
2712 2.3340E-013
2714 2.3821E-013
2715 2.2424E-013
2717 2.2253E-013
2718 2.2984E-013
2719 2.3533E-013
2721 2.3117E-013
2722 2.2996E-013
2723 2.2949E-013
2725 2.2657E-013
2726 2.4276E-013
2728 2.4067E-013
2729 2.3876E-013
2730 2.3067E-013
2732 2.3461E-013
2733 2.2111E-013
2734 2.1334E-013
2736 2.1903E-013
2737 2.1553E-013
2739 2.1634E-013
2740 1.9759E-013
2741 2.1281E-013
2743 2.1235E-013
2744 1.9787E-013
2745 2.0104E-013
2747 1.8800E-013
2748 2.1943E-013
2750 2.3294E-013
2751 2.2655E-013
2752 2.1392E-013
2754 2.1151E-013
2755 2.3892E-013
2756 2.4303E-013
2758 2.4633E-013
2759 2.3172E-013
2760 2.3931E-013
2762 2.4823E-013
2763 2.3924E-013
2765 2.3872E-013
2766 2.3167E-013
2767 2.4795E-013
2769 2.4711E-013
2770 2.5107E-013
2771 2.5026E-013
2773 2.4374E-013
2774 2.3662E-013
2776 2.2544E-013
2777 2.2484E-013
2778 2.2952E-013
2780 2.3427E-013
2781 2.3902E-013
2782 2.4546E-013
2784 2.3508E-013
2785 2.2104E-013
2787 2.0133E-013
2788 1.6921E-013
2789 1.3418E-013
2791 7.5952E-014
2792 4.7973E-014
2793 4.9737E-014
2795 7.3586E-014
2796 9.7999E-014
2798 9.4159E-014
2799 5.6764E-014
2800 7.2502E-014
2802 1.2109E-013
2803 1.6126E-013
2804 2.0369E-013
2806 2.2784E-013
2807 2.3707E-013
2809 2.4117E-013
2810 2.4486E-013
2811 2.5623E-013
2813 2.5920E-013
2814 2.5650E-013
2815 2.6145E-013
2817 2.6119E-013
2818 2.5898E-013
2819 2.5405E-013
2821 2.5711E-013
2822 2.5731E-013
2824 2.5953E-013
2825 2.5521E-013
2826 2.5841E-013
2828 2.5994E-013
2829 2.5286E-013
2830 2.5789E-013
2832 2.4768E-013
2833 2.5123E-013
2835 2.6016E-013
2836 2.5912E-013
2837 2.4686E-013
2839 2.5545E-013
2840 2.4158E-013
2841 2.5218E-013
2843 2.5278E-013
2844 2.4587E-013
2846 2.3281E-013
2847 1.8969E-013
2848 1.4413E-013
2850 1.6279E-013
2851 2.2722E-013
2852 2.3327E-013
2854 2.4657E-013
2855 2.5156E-013
2857 2.6629E-013
2858 2.6254E-013
2859 2.5492E-013
2861 2.5762E-013
2862 2.5395E-013
2863 2.5209E-013
2865 2.5206E-013
2866 2.5178E-013
2867 2.6591E-013
2869 2.6375E-013
2870 2.5664E-013
2872 2.5715E-013
2873 2.5407E-013
2874 2.5464E-013
2876 2.5602E-013
2877 2.3223E-013
2878 2.0920E-013
2880 2.5288E-013
2881 2.6690E-013
2883 2.7613E-013
2884 2.7481E-013
2885 2.6954E-013
2887 2.6776E-013
2888 2.6430E-013
2889 2.5444E-013
2891 2.6491E-013
2892 2.7054E-013
2894 2.7636E-013
2895 2.8141E-013
2896 2.7907E-013
2898 2.8418E-013
2899 2.8277E-013
2900 2.8465E-013
2902 2.8889E-013
2903 2.7855E-013
2905 2.7073E-013
2906 2.6932E-013
2907 2.7285E-013
2909 2.7732E-013
2910 2.8482E-013
2911 2.8710E-013
2913 2.8281E-013
2914 2.7597E-013
2915 2.8114E-013
2917 2.7859E-013
2918 2.8078E-013
2920 2.7384E-013
2921 2.6658E-013
2922 2.7340E-013
2924 2.7235E-013
2925 2.6791E-013
2926 2.7802E-013
2928 2.8400E-013
2929 2.8234E-013
2931 2.8346E-013
2932 2.7896E-013
2933 2.6863E-013
2935 2.7009E-013
2936 2.6910E-013
2937 2.7439E-013
2939 2.7633E-013
2940 2.7421E-013
2942 2.7261E-013
2943 2.8061E-013
2944 2.6121E-013
2946 2.6905E-013
2947 2.7966E-013
2948 2.8487E-013
2950 2.7295E-013
2951 2.7859E-013
2952 2.8882E-013
2954 2.8304E-013
2955 2.8637E-013
2957 2.8445E-013
2958 2.8869E-013
2959 2.9380E-013
2961 2.7402E-013
2962 2.7284E-013
2963 2.7056E-013
2965 2.8389E-013
2966 2.6430E-013
2968 2.7002E-013
2969 2.7595E-013
2970 2.8053E-013
2972 2.8487E-013
2973 2.8651E-013
2974 2.9646E-013
2976 2.8610E-013
2977 2.8064E-013
2979 2.7785E-013
2980 2.7414E-013
2981 2.5990E-013
2983 2.7202E-013
2984 2.7569E-013
2985 2.8722E-013
2987 2.9308E-013
2988 2.9218E-013
2989 2.8825E-013
2991 2.7838E-013
2992 2.9214E-013
2994 2.9648E-013
2995 2.9203E-013
2996 2.7646E-013
2998 2.7239E-013
2999 2.6775E-013
3000 2.8383E-013
3002 2.9728E-013
3003 2.8752E-013
3005 2.8425E-013
3006 2.9084E-013
3007 2.9856E-013
3009 2.8964E-013
3010 2.9617E-013
3011 2.9035E-013
3013 2.8652E-013
3014 2.7935E-013
3015 2.6675E-013
3017 2.4999E-013
3018 2.7692E-013
3020 2.9195E-013
3021 2.8706E-013
3022 2.8100E-013
3024 3.0257E-013
3025 2.9924E-013
3026 2.8944E-013
3028 2.8609E-013
3029 3.0202E-013
3031 3.0522E-013
3032 3.0837E-013
3033 2.9197E-013
3035 2.9547E-013
3036 3.0042E-013
3037 2.8963E-013
3039 2.8638E-013
3040 2.9703E-013
3042 2.9981E-013
3043 2.9769E-013
3044 2.9014E-013
3046 3.0388E-013
3047 3.0150E-013
3048 3.1026E-013
3050 2.9654E-013
3051 2.9397E-013
3052 2.9638E-013
3054 2.7483E-013
3055 2.8312E-013
3057 2.9516E-013
3058 3.0006E-013
3059 2.9395E-013
3061 2.7808E-013
3067 2.8480E-013
3070 2.8744E-013
3073 2.9141E-013
3075 2.8979E-013
3078 2.8860E-013
3081 2.9243E-013
3084 2.8074E-013
3086 2.7093E-013
3089 2.7269E-013
3092 2.7395E-013
3095 2.7087E-013
3097 2.7933E-013
3100 2.9127E-013
3103 2.9667E-013
3106 2.9795E-013
3108 2.9938E-013
3111 2.9420E-013
3114 2.8118E-013
3117 2.8687E-013
3119 2.9154E-013
3122 2.9133E-013
3125 2.9295E-013
3128 2.9496E-013
3130 3.0201E-013
3133 3.0085E-013
3136 2.9952E-013
3139 2.9519E-013
3141 2.9263E-013
3144 3.0126E-013
3147 2.9997E-013
3150 2.9591E-013
3152 2.8917E-013
3155 2.9031E-013
3158 2.9416E-013
3161 3.0193E-013
3163 3.0172E-013
3166 3.1077E-013
3169 3.1502E-013
3172 3.0513E-013
3174 2.9563E-013
3177 2.9245E-013
3180 2.9684E-013
3183 3.0231E-013
3185 2.9973E-013
3188 2.9456E-013
3191 2.9838E-013
3194 3.0383E-013
3196 3.0851E-013
3199 3.1210E-013
3202 3.1546E-013
3204 3.0674E-013
3207 2.9813E-013
3210 2.9580E-013
3213 3.0284E-013
3215 3.0762E-013
3218 3.0667E-013
3221 2.9968E-013
3224 2.9269E-013
3226 2.9904E-013
3229 2.9453E-013
3232 3.0131E-013
3235 3.0420E-013
3237 3.1152E-013
3240 3.1540E-013
3243 3.1187E-013
3246 3.0973E-013
3248 3.0657E-013
3251 3.1915E-013
3254 3.2242E-013
3257 3.2320E-013
3259 3.2428E-013
3262 3.2298E-013
3265 3.2303E-013
3268 3.1880E-013
3270 3.2215E-013
3273 3.1970E-013
3276 3.2223E-013
3279 3.2036E-013
3281 3.2229E-013
3284 3.2438E-013
3287 3.2776E-013
3290 3.3469E-013
3292 3.3417E-013
3295 3.3614E-013
3298 3.3173E-013
3301 3.2742E-013
3303 3.2672E-013
3306 3.2906E-013
3309 3.3200E-013
3312 3.2578E-013
3314 3.2476E-013
3317 3.1779E-013
3320 3.2685E-013
3323 3.2685E-013
3325 3.2472E-013
3328 3.2236E-013
3331 3.2181E-013
3334 3.2349E-013
3336 3.2059E-013
3339 3.2317E-013
3342 3.2331E-013
3345 3.1688E-013
3347 3.2565E-013
3350 3.3280E-013
3353 3.3133E-013
3356 3.2437E-013
3358 3.2268E-013
3361 3.2596E-013
3364 3.2160E-013
3367 3.1642E-013
3369 3.2029E-013
3372 3.3112E-013
3375 3.2127E-013
3378 3.1926E-013
3380 3.2673E-013
3383 3.3102E-013
3386 3.2890E-013
3389 3.2673E-013
3391 3.3258E-013
3394 3.3491E-013
3397 3.3330E-013
3400 3.2814E-013
3402 3.2597E-013
3405 3.2296E-013
3408 3.2364E-013
3411 3.2438E-013
3413 3.2998E-013
3416 3.3333E-013
3419 3.2829E-013
3422 3.3000E-013
3424 3.3962E-013
3427 3.3425E-013
3430 3.3354E-013
3433 3.3002E-013
3435 3.1871E-013
3438 3.1217E-013
3441 3.2335E-013
3444 3.3126E-013
3446 3.3246E-013
3449 3.3187E-013
3452 3.3542E-013
3455 3.3015E-013
3457 3.2846E-013
3460 3.3232E-013
3463 3.3839E-013
3465 3.3673E-013
3468 3.2940E-013
3471 3.2652E-013
3474 3.3118E-013
3476 3.4184E-013
3479 3.3741E-013
3482 3.3791E-013
3485 3.3086E-013
3487 3.2672E-013
3490 3.2969E-013
3493 3.3234E-013
3496 3.3495E-013
3498 3.3675E-013
3501 3.3239E-013
3504 3.3557E-013
3507 3.2835E-013
3509 3.2623E-013
3512 3.3585E-013
3515 3.3313E-013
3518 3.3022E-013
3520 3.2277E-013
3523 3.2915E-013
3526 3.3504E-013
3529 3.4085E-013
3531 3.4381E-013
3534 3.4501E-013
3537 3.4401E-013
3540 3.4486E-013
3542 3.4548E-013
3545 3.4748E-013
3548 3.4272E-013
3551 3.4133E-013
3553 3.4266E-013
3556 3.4543E-013
3559 3.4021E-013
3562 3.3030E-013
3564 3.2870E-013
3567 3.2796E-013
3570 3.3287E-013
3573 3.3564E-013
3575 3.3149E-013
3578 3.2751E-013
3581 3.2245E-013
3584 3.2847E-013
3586 3.3791E-013
3589 3.4194E-013
3592 3.4582E-013
3595 3.4675E-013
3597 3.4287E-013
3600 3.3863E-013
3603 3.3483E-013
3606 3.3220E-013
3608 3.3348E-013
3611 3.3657E-013
3614 3.3366E-013
3617 3.3605E-013
3619 3.4410E-013
3622 3.4458E-013
3625 3.4384E-013
3628 3.3651E-013
3630 3.4577E-013
3633 3.4704E-013
3636 3.4502E-013
3639 3.4206E-013
3641 3.4399E-013
3644 3.3361E-013
3647 3.4228E-013
3650 3.4619E-013
3652 3.5095E-013
3655 3.5131E-013
3658 3.4885E-013
3661 3.5178E-013
3663 3.5433E-013
3666 3.5271E-013
3669 3.5523E-013
3672 3.5184E-013
3674 3.4713E-013
3677 3.3587E-013
3680 3.4132E-013
3683 3.4031E-013
3685 3.4830E-013
3688 3.5349E-013
3691 3.5421E-013
3694 3.5372E-013
3696 3.6081E-013
3699 3.4257E-013
3702 3.4216E-013
3705 3.4742E-013
3707 3.4451E-013
3710 3.6441E-013
3713 3.6728E-013
3716 3.4265E-013
3718 3.2823E-013
3721 3.6672E-013
3724 3.7038E-013
3727 3.5774E-013
3729 3.1756E-013
3732 3.3959E-013
3735 3.7741E-013
3738 3.8835E-013
3740 3.6636E-013
3743 3.3645E-013
3746 3.1023E-013
3749 3.5869E-013
3751 3.8616E-013
3754 3.8924E-013
3757 3.9848E-013
3760 3.9577E-013
3762 3.7000E-013
3765 3.2846E-013
3768 3.3771E-013
3771 3.8681E-013
3773 4.1885E-013
3776 4.3738E-013
3779 4.3901E-013
3782 4.2748E-013
3784 4.2016E-013
3787 4.0855E-013
3790 3.7217E-013
3793 3.1623E-013
3795 3.3559E-013
3798 3.9656E-013
3801 4.1787E-013
3804 4.3154E-013
3806 4.3747E-013
3809 4.3343E-013
3812 4.3909E-013
3815 4.3717E-013
3817 4.2889E-013
3820 4.1719E-013
3823 4.0399E-013
3826 3.7934E-013
3828 3.3379E-013
3831 2.9698E-013
3834 3.3726E-013
3837 3.8835E-013
3839 4.2221E-013
3842 4.3830E-013
3845 4.4113E-013
3848 4.5107E-013
3850 4.5490E-013
3853 4.4720E-013
3856 4.4896E-013
3859 4.5640E-013
3861 4.6242E-013
3864 4.6179E-013
3867 4.5284E-013
3870 4.4335E-013
3872 4.3597E-013
3875 4.3050E-013
3878 4.1072E-013
3881 3.6994E-013
3883 3.1740E-013
3886 3.2611E-013
3889 3.8221E-013
3891 4.0653E-013
3894 4.2102E-013
3897 4.3062E-013
3900 4.3622E-013
3902 4.4390E-013
3905 4.5769E-013
3908 4.5797E-013
3911 4.5996E-013
3913 4.5443E-013
3916 4.5090E-013
3919 4.5317E-013
3922 4.3062E-013
3924 4.0322E-013
3927 3.1847E-013
3930 2.8409E-013
3933 3.8422E-013
3935 4.3532E-013
3938 4.5052E-013
3941 4.5625E-013
3944 4.5667E-013
3946 4.5478E-013
3949 4.4866E-013
3952 4.4079E-013
3955 4.3232E-013
3957 4.1235E-013
3960 3.6468E-013
3963 2.6866E-013
3966 2.6402E-013
3968 3.4265E-013
3971 3.9951E-013
3974 4.2508E-013
3977 4.4271E-013
3979 4.5001E-013
3982 4.5669E-013
3985 4.6438E-013
3988 4.6729E-013
3990 4.6127E-013
3993 4.6453E-013
3996 4.6660E-013
3999 4.6872E-013
4001 4.6668E-013
4004 4.7218E-013
4007 4.7283E-013
4010 4.7652E-013
4012 4.7728E-013
4015 4.7933E-013
4018 4.7770E-013
4021 4.7910E-013
4023 4.7404E-013
4026 4.6906E-013
4029 4.6371E-013
4032 4.7268E-013
4034 4.7558E-013
4037 4.7167E-013
4040 4.6487E-013
4043 4.6978E-013
4045 4.7384E-013
4048 4.7517E-013
4051 4.7117E-013
4054 4.7410E-013
4056 4.6518E-013
4059 4.6057E-013
4062 4.6799E-013
4065 4.6726E-013
4067 4.5934E-013
4070 4.6374E-013
4073 4.5537E-013
4076 4.6180E-013
4078 4.5869E-013
4081 4.5819E-013
4084 4.5438E-013
4087 4.4645E-013
4089 4.3070E-013
4092 4.0137E-013
4095 3.5739E-013
4098 3.2102E-013
4100 3.7450E-013
4103 4.1728E-013
4106 4.3643E-013
4109 4.4508E-013
4111 4.5048E-013
4114 4.5766E-013
4117 4.5935E-013
4120 4.6317E-013
4122 4.6657E-013
4125 4.6711E-013
4128 4.6558E-013
4131 4.6794E-013
4133 4.7130E-013
4136 4.7047E-013
4139 4.6491E-013
4142 4.6840E-013
4144 4.7065E-013
4147 4.7112E-013
4150 4.7274E-013
4153 4.6981E-013
4155 4.7622E-013
4158 4.7489E-013
4161 4.7205E-013
4164 4.7176E-013
4166 4.7146E-013
4169 4.7134E-013
4172 4.7229E-013
4175 4.7018E-013
4177 4.6921E-013
4180 4.6330E-013
4183 4.6335E-013
4186 4.6682E-013
4188 4.6804E-013
4191 4.6293E-013
4194 4.6375E-013
4197 4.6244E-013
4199 4.6726E-013
4202 4.6480E-013
4205 4.6879E-013
4208 4.6741E-013
4210 4.6262E-013
4213 4.6413E-013
4216 4.6414E-013
4219 4.5910E-013
4221 4.4523E-013
4224 4.5274E-013
4227 4.6538E-013
4230 4.5985E-013
4232 4.6220E-013
4235 4.6541E-013
4238 4.6765E-013
4241 4.6350E-013
4243 4.5533E-013
4246 4.5433E-013
4249 4.5884E-013
4252 4.6124E-013
4254 4.6178E-013
4257 4.5897E-013
4260 4.6621E-013
4263 4.6428E-013
4265 4.5443E-013
4268 4.4985E-013
4271 4.5523E-013
4274 4.6099E-013
4276 4.5600E-013
4279 4.5357E-013
4282 4.5416E-013
4285 4.4553E-013
4287 4.4529E-013
4290 4.4593E-013
4293 4.4249E-013
4295 4.3243E-013
4298 4.3416E-013
4301 4.3323E-013
4304 4.3066E-013
4306 4.3882E-013
4309 4.4061E-013
4312 4.4703E-013
4315 4.4762E-013
4317 4.4379E-013
4320 4.3302E-013
4323 4.3448E-013
4326 4.2955E-013
4328 4.1443E-013
4331 3.8523E-013
4334 3.3344E-013
4337 3.2170E-013
4339 3.7788E-013
4342 4.1134E-013
4345 4.2437E-013
4348 4.2734E-013
4350 4.4352E-013
4353 4.4898E-013
4356 4.5279E-013
4359 4.5191E-013
4361 4.5265E-013
4364 4.5589E-013
4367 4.5089E-013
4370 4.4759E-013
4372 4.5288E-013
4375 4.5329E-013
4378 4.4997E-013
4381 4.5246E-013
4383 4.5768E-013
4386 4.5785E-013
4389 4.4632E-013
4392 4.5628E-013
4394 4.5780E-013
4397 4.5699E-013
4400 4.5001E-013
4403 4.5553E-013
4405 4.6094E-013
4408 4.6146E-013
4411 4.5417E-013
4414 4.5860E-013
4416 4.5978E-013
4419 4.5852E-013
4422 4.5568E-013
4425 4.5635E-013
4427 4.5822E-013
4430 4.5081E-013
4433 4.5735E-013
4436 4.5821E-013
4438 4.5252E-013
4441 4.5643E-013
4444 4.5684E-013
4447 4.5890E-013
4449 4.4835E-013
4452 4.5458E-013
4455 4.5505E-013
4458 4.5933E-013
4460 4.5577E-013
4463 4.5400E-013
4466 4.5795E-013
4469 4.5634E-013
4471 4.5898E-013
4474 4.5566E-013
4477 4.5588E-013
4480 4.5994E-013
4482 4.5937E-013
4485 4.5493E-013
4488 4.5643E-013
4491 4.5638E-013
4493 4.5762E-013
4496 4.5561E-013
4499 4.5770E-013
4502 4.5621E-013
4504 4.5845E-013
4507 4.6138E-013
4510 4.5916E-013
4513 4.6150E-013
4515 4.5917E-013
4518 4.5646E-013
4521 4.5661E-013
4524 4.4460E-013
4526 4.5006E-013
4529 4.4656E-013
4532 4.5361E-013
4535 4.5520E-013
4537 4.5600E-013
4540 4.5523E-013
4543 4.5443E-013
4545 4.4876E-013
4548 4.5190E-013
4551 4.5340E-013
4554 4.5370E-013
4556 4.5628E-013
4559 4.5235E-013
4562 4.5581E-013
4565 4.5372E-013
4567 4.5376E-013
4570 4.5708E-013
4573 4.5537E-013
4576 4.5526E-013
4578 4.5398E-013
4581 4.5452E-013
4584 4.5267E-013
4587 4.5248E-013
4589 4.5389E-013
4592 4.5248E-013
4595 4.5353E-013
4598 4.5326E-013
4600 4.5412E-013
4603 4.5535E-013
4606 4.5384E-013
4609 4.5358E-013
4611 4.5395E-013
4614 4.5462E-013
4617 4.5382E-013
4620 4.5310E-013
4622 4.5205E-013
4625 4.5390E-013
4628 4.5348E-013
4631 4.5390E-013
4633 4.5284E-013
4636 4.5247E-013
4639 4.5300E-013
4642 4.5555E-013
4644 4.5081E-013
4647 4.4936E-013
4650 4.5310E-013
4653 4.5021E-013
4655 4.5362E-013
4658 4.5314E-013
4661 4.4938E-013
4664 4.5008E-013
4666 4.5203E-013
4669 4.4734E-013
4672 4.4923E-013
4675 4.4789E-013
4677 4.5072E-013
4680 4.4811E-013
4683 4.4976E-013
4686 4.4321E-013
4688 4.3974E-013
4691 4.5042E-013
4694 4.4786E-013
4697 4.4412E-013
4699 4.4773E-013
4702 4.4636E-013
4705 4.4537E-013
4708 4.4227E-013
4710 4.4740E-013
4713 4.4772E-013
4716 4.4706E-013
4718 4.4416E-013
4721 4.4697E-013
4724 4.4168E-013
4727 4.3874E-013
4729 4.4249E-013
4732 4.4249E-013
4735 4.4581E-013
4738 4.4649E-013
4740 4.4549E-013
4743 4.4566E-013
4746 4.4877E-013
4749 4.4727E-013
4751 4.4379E-013
4754 4.4497E-013
4757 4.4101E-013
4760 4.3964E-013
4762 4.4057E-013
4765 4.4257E-013
4768 4.4402E-013
4771 4.4515E-013
4773 4.3611E-013
4776 4.3785E-013
4779 4.3759E-013
4782 4.3895E-013
4784 4.4075E-013
4787 4.4051E-013
4790 4.3935E-013
4793 4.3805E-013
4795 4.3738E-013
4798 4.3873E-013
4801 4.3453E-013
4804 4.3459E-013
4806 4.3618E-013
4809 4.3759E-013
4812 4.3502E-013
4815 4.3282E-013
4817 4.2735E-013
4820 4.2927E-013
4823 4.3210E-013
4826 4.3391E-013
4828 4.3216E-013
4831 4.3267E-013
4834 4.3023E-013
4837 4.2549E-013
4839 4.2221E-013
4842 4.2012E-013
4845 4.1450E-013
4848 4.0194E-013
4850 3.8227E-013
4853 3.4595E-013
4856 3.0513E-013
4858 3.3931E-013
4861 3.7377E-013
4864 3.9454E-013
4867 4.0485E-013
4869 4.1392E-013
4872 4.2007E-013
4875 4.2192E-013
4878 4.1972E-013
4880 4.2369E-013
4883 4.2288E-013
4886 4.1744E-013
4889 4.2888E-013
4891 4.3070E-013
4894 4.2875E-013
4897 4.2642E-013
4900 4.2713E-013
4902 4.3036E-013
4905 4.3258E-013
4908 4.3025E-013
4911 4.2934E-013
4913 4.2517E-013
4916 4.2546E-013
4919 4.2239E-013
4922 4.2844E-013
4924 4.3218E-013
4927 4.2924E-013
4930 4.2852E-013
4933 4.2786E-013
4935 4.3197E-013
4938 4.3091E-013
4941 4.3328E-013
4944 4.3206E-013
4946 4.3031E-013
4949 4.3023E-013
4952 4.2449E-013
4955 4.2648E-013
4957 4.3123E-013
4960 4.3027E-013
4963 4.2920E-013
4965 4.2991E-013
4968 4.3026E-013
4971 4.2847E-013
4974 4.2654E-013
4976 4.2658E-013
4979 4.2840E-013
4982 4.2898E-013
4985 4.2771E-013
4987 4.2711E-013
4990 4.2800E-013
4993 4.2783E-013
4996 4.2771E-013
4998 4.2534E-013
5001 4.2343E-013
5004 4.2471E-013
5007 4.2408E-013
5009 4.2421E-013
5012 4.2252E-013
5015 4.2200E-013
5018 4.2592E-013
5020 4.2880E-013
5023 4.2885E-013
5026 4.2388E-013
5029 4.2425E-013
5031 4.1656E-013
5034 4.2181E-013
5037 4.2494E-013
5040 4.2146E-013
5042 4.2408E-013
5045 4.2398E-013
5048 4.2492E-013
5051 4.2592E-013
5053 4.2536E-013
5056 4.2593E-013
5059 4.2370E-013
5061 4.2160E-013
5064 4.2233E-013
5067 4.2320E-013
5070 4.2291E-013
5072 4.2321E-013
5075 4.2163E-013
5078 4.2345E-013
5081 4.2306E-013
5083 4.2082E-013
5086 4.2275E-013
5089 4.2195E-013
5092 4.2218E-013
5094 4.1728E-013
5097 4.2098E-013
5100 4.2051E-013
5103 4.2023E-013
5105 4.2081E-013
5108 4.2104E-013
5111 4.2155E-013
5114 4.2156E-013
5116 4.1997E-013
5119 4.1763E-013
5122 4.1861E-013
5125 4.2013E-013
5127 4.2876E-013
5130 4.2047E-013
5133 4.1549E-013
5136 4.1326E-013
5138 4.1546E-013
5141 4.1716E-013
5144 4.1806E-013
5146 4.1730E-013
5149 4.1792E-013
5152 4.1739E-013
5155 4.1581E-013
5157 4.1206E-013
5160 4.0383E-013
5163 3.9566E-013
5166 3.9855E-013
5168 4.0181E-013
5171 4.1405E-013
5174 4.1175E-013
5177 4.0500E-013
5179 4.0332E-013
5182 4.1039E-013
5185 4.1124E-013
5188 4.1010E-013
5190 4.1196E-013
5193 4.1383E-013
5196 4.1223E-013
5199 4.1072E-013
5201 4.0467E-013
5204 4.0927E-013
5207 4.1274E-013
5210 4.1276E-013
5212 4.1209E-013
5215 4.1473E-013
5218 4.1199E-013
5221 4.0586E-013
5223 4.0878E-013
5226 4.0930E-013
5229 4.1188E-013
5231 4.1101E-013
5234 4.1377E-013
5237 4.1214E-013
5240 4.1347E-013
5242 4.1256E-013
5245 4.0976E-013
5248 4.1070E-013
5251 4.0953E-013
5253 4.1016E-013
5256 4.0791E-013
5259 4.0642E-013
5262 3.9982E-013
5264 3.9759E-013
5267 4.0486E-013
5270 4.0775E-013
5273 4.1032E-013
5275 4.0862E-013
5278 4.0585E-013
5281 4.0792E-013
5284 4.0692E-013
5286 4.0848E-013
5289 4.0848E-013
5292 4.0862E-013
5294 4.0454E-013
5297 4.0936E-013
5300 4.0625E-013
5303 4.0691E-013
5305 4.0784E-013
5308 4.0653E-013
5311 4.0614E-013
5314 4.0310E-013
5316 4.0070E-013
5319 4.0101E-013
5322 3.9587E-013
5325 4.0406E-013
5327 4.0374E-013
5330 4.0393E-013
5333 4.0162E-013
5336 4.0199E-013
5338 4.0367E-013
5341 4.0235E-013
5344 4.0351E-013
5347 4.0323E-013
5349 4.0510E-013
5352 4.0837E-013
5355 3.9861E-013
5357 4.0263E-013
5360 3.9878E-013
5363 3.9770E-013
5366 3.9995E-013
5368 4.0246E-013
5371 4.0253E-013
5374 4.0222E-013
5377 4.0216E-013
5379 4.0082E-013
5382 4.0072E-013
5385 4.0057E-013
5388 3.9725E-013
5390 3.9619E-013
5393 3.9796E-013
5396 3.9723E-013
5399 3.9183E-013
5401 3.9194E-013
5404 3.9369E-013
5407 3.9800E-013
5410 3.9723E-013
5412 3.9782E-013
5415 3.9865E-013
5418 3.9753E-013
5420 3.9635E-013
5423 3.9445E-013
5426 3.9463E-013
5429 3.9721E-013
5431 3.9971E-013
5434 3.9649E-013
5437 3.9599E-013
5440 3.8936E-013
5442 3.9081E-013
5445 3.9553E-013
5448 3.9177E-013
5452 3.9127E-013
5457 3.9290E-013
5462 3.9195E-013
5467 3.9311E-013
5472 3.9199E-013
5477 3.9429E-013
5481 3.9171E-013
5486 3.9100E-013
5491 3.9151E-013
5496 3.9151E-013
5501 3.9305E-013
5506 3.9096E-013
5511 3.9022E-013
5516 3.8960E-013
5520 3.9187E-013
5525 3.8824E-013
5530 3.8903E-013
5535 3.8904E-013
5540 3.8514E-013
5545 3.8946E-013
5550 3.8866E-013
5555 3.8616E-013
5559 3.8636E-013
5564 3.8551E-013
5569 3.8619E-013
5574 3.8303E-013
5579 3.8416E-013
5584 3.8651E-013
5589 3.8500E-013
5594 3.8209E-013
5598 3.8582E-013
5603 3.8459E-013
5608 3.8251E-013
5613 3.8126E-013
5618 3.7921E-013
5623 3.8157E-013
5628 3.8352E-013
5632 3.8015E-013
5637 3.8053E-013
5642 3.7965E-013
5647 3.7938E-013
5652 3.8054E-013
5657 3.7994E-013
5662 3.7858E-013
5667 3.7939E-013
5671 3.7845E-013
5676 3.7384E-013
5681 3.7727E-013
5686 3.7634E-013
5691 3.7748E-013
5696 3.7720E-013
5701 3.7841E-013
5706 3.7512E-013
5710 3.7560E-013
5715 3.7622E-013
5720 3.7515E-013
5725 3.7379E-013
5730 3.7480E-013
5735 3.7303E-013
5740 3.7293E-013
5745 3.7274E-013
5749 3.7396E-013
5754 3.7173E-013
5759 3.7029E-013
5764 3.7386E-013
5769 3.7180E-013
5774 3.7253E-013
5779 3.7339E-013
5784 3.6889E-013
5788 3.6906E-013
5793 3.6789E-013
5798 3.6842E-013
5803 3.6784E-013
5808 3.6789E-013
5813 3.6968E-013
5818 3.6952E-013
5823 3.6842E-013
5827 3.6665E-013
5832 3.6516E-013
5837 3.6471E-013
5842 3.6592E-013
5847 3.6501E-013
5852 3.6031E-013
5857 3.5712E-013
5862 3.6280E-013
5866 3.6329E-013
5871 3.6396E-013
5876 3.6232E-013
5881 3.5935E-013
5886 3.5569E-013
5891 3.5244E-013
5896 3.5627E-013
5901 3.5953E-013
5905 3.6118E-013
5910 3.6231E-013
5915 3.5985E-013
5920 3.6229E-013
5925 3.5902E-013
5930 3.6022E-013
5935 3.5890E-013
5940 3.6020E-013
5944 3.5842E-013
5949 3.5991E-013
5954 3.6055E-013
5959 3.5630E-013
5964 3.5714E-013
5969 3.5811E-013
5974 3.5713E-013
5979 3.5622E-013
5983 3.5603E-013
5988 3.5550E-013
5993 3.5514E-013
5998 3.5642E-013
6003 3.5291E-013
6008 3.5485E-013
6013 3.5349E-013
6018 3.5316E-013
6022 3.5389E-013
6027 3.5266E-013
6032 3.5268E-013
6037 3.5268E-013
6042 3.5629E-013
6047 3.5341E-013
6052 3.4973E-013
6057 3.4922E-013
6061 3.4994E-013
6066 3.4989E-013
6071 3.4935E-013
6076 3.4763E-013
6081 3.5035E-013
6086 3.4798E-013
6091 3.4845E-013
6096 3.4752E-013
6100 3.4903E-013
6105 3.5027E-013
6110 3.4757E-013
6115 3.4624E-013
6120 3.4560E-013
6125 3.4398E-013
6130 3.4629E-013
6135 3.4583E-013
6139 3.4557E-013
6144 3.4419E-013
6149 3.4226E-013
6154 3.4177E-013
6159 3.4410E-013
6164 3.4221E-013
6169 3.4222E-013
6174 3.4320E-013
6179 3.4319E-013
6183 3.4189E-013
6188 3.4104E-013
6193 3.4194E-013
6198 3.4265E-013
6203 3.4183E-013
6208 3.3998E-013
6213 3.4073E-013
6218 3.3934E-013
6222 3.3781E-013
6227 3.3879E-013
6232 3.3904E-013
6237 3.3877E-013
6242 3.3680E-013
6247 3.3776E-013
6252 3.3724E-013
6257 3.3934E-013
6261 3.3725E-013
6266 3.3546E-013
6271 3.3429E-013
6276 3.3520E-013
6281 3.3541E-013
6286 3.3433E-013
6291 3.3377E-013
6296 3.3475E-013
6300 3.3370E-013
6305 3.3217E-013
6310 3.3047E-013
6315 3.3000E-013
6320 3.2842E-013
6325 3.2682E-013
6330 3.2519E-013
6335 3.2724E-013
6339 3.2946E-013
6344 3.2778E-013
6349 3.2888E-013
6354 3.2831E-013
6359 3.3009E-013
6364 3.2833E-013
6369 3.2780E-013
6374 3.2775E-013
6379 3.2741E-013
6383 3.2708E-013
6388 3.2877E-013
6393 3.2640E-013
6398 3.2810E-013
6403 3.2702E-013
6408 3.2462E-013
6413 3.2369E-013
6418 3.2340E-013
6422 3.2379E-013
6427 3.2337E-013
6432 3.2316E-013
6437 3.2308E-013
6442 3.2163E-013
6447 3.2014E-013
6452 3.2065E-013
6457 3.1967E-013
6461 3.2008E-013
6466 3.2049E-013
6471 3.2043E-013
6476 3.1909E-013
6481 3.1837E-013
6486 3.1808E-013
6491 3.1593E-013
6496 3.1918E-013
6501 3.1710E-013
6505 3.1836E-013
6510 3.1610E-013
6515 3.1604E-013
6520 3.1539E-013
6525 3.1322E-013
6530 3.1184E-013
6535 3.0989E-013
6540 3.0580E-013
6544 2.9381E-013
6549 2.7857E-013
6554 2.6156E-013
6559 2.6163E-013
6564 2.8467E-013
6569 2.9879E-013
6574 3.0550E-013
6579 3.0705E-013
6583 3.0810E-013
6588 3.1073E-013
6593 3.1132E-013
6598 3.1153E-013
6603 3.1171E-013
6608 3.1255E-013
6613 3.1030E-013
6618 3.1100E-013
6623 3.0991E-013
6627 3.1038E-013
6632 3.1178E-013
6637 3.1011E-013
6642 3.1043E-013
6647 3.1003E-013
6652 3.1000E-013
6657 3.0869E-013
6662 3.0831E-013
6666 3.0794E-013
6671 3.0794E-013
6676 3.0880E-013
6681 3.0771E-013
6686 3.0837E-013
6691 3.0738E-013
6696 3.0656E-013
6701 3.0630E-013
6705 3.0657E-013
6710 3.0570E-013
6715 3.0475E-013
6720 3.0623E-013
6725 3.0692E-013
6730 3.0637E-013
6735 3.0599E-013
6740 3.0475E-013
6745 3.0409E-013
6749 3.0518E-013
6754 3.0409E-013
6759 3.0328E-013
6764 3.0424E-013
6769 3.0392E-013
6774 3.0414E-013
6779 3.0200E-013
6784 3.0342E-013
6788 3.0083E-013
6793 3.0014E-013
6798 2.9986E-013
6803 3.0023E-013
6808 3.0001E-013
6813 3.0131E-013
6818 2.9912E-013
6823 2.9856E-013
6828 2.9927E-013
6832 2.9887E-013
6837 2.9846E-013
6842 2.9779E-013
6847 2.9765E-013
6852 2.9811E-013
6857 2.9442E-013
6862 2.9514E-013
6867 2.9454E-013
6871 2.9522E-013
6876 2.9636E-013
6881 2.9509E-013
6886 2.9564E-013
6891 2.9754E-013
6896 2.9619E-013
6901 2.9261E-013
6906 2.9312E-013
6911 2.9258E-013
6915 2.9462E-013
6920 2.9197E-013
6925 2.9251E-013
6930 2.9392E-013
6935 2.9072E-013
6940 2.9136E-013
6945 2.9203E-013
6950 2.9082E-013
6954 2.9041E-013
6959 2.8957E-013
6964 2.8990E-013
6969 2.8982E-013
6974 2.8923E-013
6979 2.9036E-013
6984 2.8984E-013
6989 2.8911E-013
6994 2.8769E-013
6998 2.8936E-013
7003 2.8687E-013
7008 2.8772E-013
7013 2.8647E-013
7018 2.8512E-013
7023 2.8732E-013
7028 2.8579E-013
7033 2.8580E-013
7037 2.8353E-013
7042 2.8457E-013
7047 2.8366E-013
7052 2.8461E-013
7057 2.8388E-013
7062 2.8472E-013
7067 2.8311E-013
7072 2.8256E-013
7077 2.8145E-013
7081 2.8236E-013
7086 2.8164E-013
7091 2.8141E-013
7096 2.8201E-013
7101 2.8165E-013
7106 2.8170E-013
7111 2.8168E-013
7116 2.8002E-013
7120 2.8034E-013
7125 2.7884E-013
7130 2.7881E-013
7135 2.8075E-013
7140 2.7956E-013
7145 2.7894E-013
7150 2.7839E-013
7155 2.7697E-013
7160 2.7749E-013
7164 2.7713E-013
7169 2.7724E-013
7174 2.7741E-013
7179 2.7627E-013
7184 2.7611E-013
7189 2.7585E-013
7194 2.7619E-013
7199 2.7579E-013
7203 2.7488E-013
7208 2.7424E-013
7213 2.7496E-013
7218 2.7413E-013
7223 2.7492E-013
7228 2.7327E-013
7233 2.7346E-013
7238 2.7223E-013
7243 2.7312E-013
7247 2.7363E-013
7252 2.7225E-013
7257 2.7147E-013
7262 2.7221E-013
7267 2.7286E-013
7272 2.7222E-013
7277 2.7081E-013
7282 2.7000E-013
7287 2.6828E-013
7291 2.6918E-013
7296 2.6888E-013
7301 2.6784E-013
7306 2.6796E-013
7311 2.6887E-013
7316 2.6820E-013
7321 2.6920E-013
7326 2.6777E-013
7330 2.6781E-013
7335 2.6717E-013
7340 2.6698E-013
7345 2.6719E-013
7350 2.6613E-013
7355 2.6627E-013
7360 2.6614E-013
7365 2.6535E-013
7370 2.6540E-013
7374 2.6377E-013
7379 2.6461E-013
7384 2.6363E-013
7389 2.6138E-013
7394 2.6352E-013
7399 2.6238E-013
7404 2.6248E-013
7409 2.6113E-013
7413 2.6112E-013
7418 2.6202E-013
7423 2.6214E-013
7428 2.6054E-013
7433 2.6029E-013
7438 2.5888E-013
7443 2.6088E-013
7448 2.6042E-013
7453 2.6042E-013
7457 2.6034E-013
7462 2.5845E-013
7467 2.5932E-013
7472 2.5871E-013
7477 2.5885E-013
7482 2.5773E-013
7487 2.5812E-013
7492 2.5666E-013
7497 2.5683E-013
7501 2.5673E-013
7506 2.5640E-013
7511 2.5682E-013
7516 2.5655E-013
7521 2.5467E-013
7526 2.5505E-013
7531 2.5385E-013
7536 2.5545E-013
7540 2.5523E-013
7545 2.5467E-013
7550 2.5267E-013
7555 2.5421E-013
7560 2.5403E-013
7565 2.5561E-013
7570 2.5284E-013
7575 2.5273E-013
7580 2.5238E-013
7584 2.5117E-013
7589 2.5076E-013
7594 2.5086E-013
7599 2.5051E-013
7604 2.5206E-013
7609 2.5091E-013
7614 2.5214E-013
7619 2.5100E-013
7623 2.5006E-013
7628 2.4958E-013
7633 2.4918E-013
7638 2.4843E-013
7643 2.4778E-013
7648 2.4862E-013
7653 2.4822E-013
7658 2.4634E-013
7663 2.4763E-013
7667 2.4774E-013
7672 2.4854E-013
7677 2.4699E-013
7682 2.4713E-013
7687 2.4519E-013
7692 2.4593E-013
7697 2.4376E-013
7702 2.4400E-013
7707 2.4496E-013
7711 2.4369E-013
7716 2.4577E-013
7721 2.4659E-013
7726 2.4575E-013
7731 2.4519E-013
7736 2.4447E-013
7741 2.4377E-013
7746 2.4168E-013
7750 2.4136E-013
7755 2.4299E-013
7760 2.4264E-013
7765 2.4236E-013
7770 2.4321E-013
7775 2.4176E-013
7780 2.4203E-013
7785 2.4197E-013
7790 2.4108E-013
7794 2.3911E-013
7799 2.3880E-013
7804 2.4045E-013
7809 2.3981E-013
7814 2.4071E-013
7819 2.3963E-013
7824 2.3935E-013
7829 2.3928E-013
7834 2.3803E-013
7838 2.3849E-013
7843 2.3734E-013
7848 2.3614E-013
7853 2.3730E-013
7858 2.3990E-013
7863 2.3887E-013
7868 2.3753E-013
7873 2.3715E-013
7877 2.3586E-013
7882 2.3613E-013
7887 2.3685E-013
7892 2.3805E-013
7897 2.3787E-013
7902 2.3659E-013
7907 2.3476E-013
7912 2.3378E-013
7917 2.3388E-013
7921 2.3399E-013
7926 2.3367E-013
7931 2.3248E-013
7936 2.3368E-013
7941 2.3288E-013
7946 2.3251E-013
7951 2.3364E-013
7956 2.3149E-013
7961 2.3254E-013
7965 2.3213E-013
7970 2.3314E-013
7975 2.3467E-013
7980 2.3269E-013
7985 2.3182E-013
7990 2.3178E-013
7995 2.3053E-013
8000 2.2913E-013
8004 2.3062E-013
8009 2.3198E-013
8014 2.3047E-013
8019 2.3110E-013
8024 2.3013E-013
8029 2.3008E-013
8034 2.2834E-013
8039 2.2802E-013
8044 2.2810E-013
8048 2.2812E-013
8053 2.2834E-013
8058 2.2724E-013
8063 2.2669E-013
8068 2.2716E-013
8073 2.2663E-013
8078 2.2624E-013
8083 2.2375E-013
8088 2.2574E-013
8092 2.2439E-013
8097 2.2531E-013
8102 2.2564E-013
8107 2.2428E-013
8112 2.2419E-013
8117 2.2392E-013
8122 2.2417E-013
8127 2.2413E-013
8131 2.2557E-013
8136 2.2280E-013
8141 2.2180E-013
8146 2.2330E-013
8151 2.2306E-013
8156 2.2347E-013
8161 2.2117E-013
8166 2.2205E-013
8171 2.2330E-013
8175 2.2225E-013
8180 2.2119E-013
8185 2.2077E-013
8190 2.2092E-013
8195 2.1948E-013
8200 2.1902E-013
8205 2.1846E-013
8210 2.1931E-013
8214 2.1905E-013
8219 2.1864E-013
8224 2.2016E-013
8229 2.2045E-013
8234 2.1916E-013
8239 2.1868E-013
8244 2.1926E-013
8249 2.1987E-013
8254 2.1966E-013
8258 2.1761E-013
8263 2.1615E-013
8268 2.1709E-013
8273 2.1605E-013
8278 2.1781E-013
8283 2.1563E-013
8288 2.1514E-013
8293 2.1572E-013
8298 2.1371E-013
8302 2.1416E-013
8307 2.1448E-013
8312 2.1552E-013
8317 2.1510E-013
8322 2.1328E-013
8327 2.1400E-013
8332 2.1511E-013
8337 2.1330E-013
8341 2.1296E-013
8346 2.1255E-013
8351 2.1287E-013
8356 2.1238E-013
8361 2.1042E-013
8366 2.1054E-013
8371 2.0968E-013
8376 2.1252E-013
8381 2.1115E-013
8385 2.1317E-013
8390 2.1171E-013
8395 2.1157E-013
8400 2.1111E-013
8405 2.1035E-013
8410 2.1126E-013
8415 2.1098E-013
8420 2.0985E-013
8424 2.1084E-013
8429 2.0900E-013
8434 2.0967E-013
8439 2.0818E-013
8444 2.0707E-013
8449 2.0744E-013
8454 2.0655E-013
8459 2.0946E-013
8464 2.0920E-013
8468 2.0861E-013
8473 2.0799E-013
8478 2.0640E-013
8483 2.0680E-013
8488 2.0348E-013
8493 2.0249E-013
8498 2.0452E-013
8503 2.0536E-013
8508 2.0679E-013
8512 2.0526E-013
8517 2.0355E-013
8522 2.0303E-013
8527 2.0059E-013
8532 1.9463E-013
8537 1.9592E-013
8542 2.0050E-013
8547 2.0306E-013
8551 2.0419E-013
8556 2.0525E-013
8561 2.0511E-013
8566 2.0570E-013
8571 2.0473E-013
8576 2.0425E-013
8581 2.0186E-013
8586 2.0093E-013
8591 2.0017E-013
8595 2.0131E-013
8600 2.0257E-013
8605 2.0115E-013
8610 2.0145E-013
8615 2.0135E-013
8620 2.0180E-013
8625 2.0106E-013
8630 1.9959E-013
8634 1.9946E-013
8639 1.9916E-013
8644 1.9742E-013
8649 1.9473E-013
8654 1.8983E-013
8659 1.9515E-013
8664 1.9752E-013
8669 1.9871E-013
8674 1.9754E-013
8678 1.9829E-013
8683 1.9980E-013
8688 1.9931E-013
8693 1.9850E-013
8698 1.9922E-013
8703 1.9944E-013
8708 1.9773E-013
8713 1.9795E-013
8717 1.9755E-013
8722 1.9658E-013
8727 1.9627E-013
8732 1.9617E-013
8737 1.9462E-013
8742 1.9238E-013
8747 1.9404E-013
8752 1.9608E-013
8757 1.9788E-013
8761 1.9778E-013
8766 1.9821E-013
8771 1.9560E-013
8776 1.9559E-013
8781 1.9397E-013
8786 1.9387E-013
8791 1.9334E-013
8796 1.9366E-013
8800 1.9458E-013
8805 1.9551E-013
8810 1.9538E-013
8815 1.9431E-013
8820 1.9312E-013
8825 1.9259E-013
8830 1.9147E-013
8835 1.9260E-013
8840 1.9129E-013
8844 1.9082E-013
8849 1.8886E-013
8854 1.8783E-013
8859 1.8771E-013
8864 1.8912E-013
8869 1.9014E-013
8874 1.9179E-013
8879 1.9319E-013
8883 1.9152E-013
8888 1.9181E-013
8893 1.9024E-013
8898 1.9020E-013
8903 1.9027E-013
8908 1.8876E-013
8913 1.8985E-013
8918 1.9151E-013
8923 1.9062E-013
8927 1.9106E-013
8932 1.8959E-013
8937 1.8899E-013
8942 1.8614E-013
8947 1.8890E-013
8952 1.8942E-013
8957 1.9098E-013
8962 1.9016E-013
8966 1.8947E-013
8971 1.8766E-013
8976 1.8648E-013
8981 1.8797E-013
8986 1.8638E-013
8991 1.8877E-013
8996 1.8426E-013
9001 1.8183E-013
9006 1.8063E-013
9010 1.8221E-013
9015 1.8503E-013
9020 1.8555E-013
9025 1.8699E-013
9030 1.8595E-013
9035 1.8635E-013
9040 1.8687E-013
9045 1.8508E-013
9049 1.8561E-013
9054 1.8430E-013
9059 1.8478E-013
9064 1.8518E-013
9069 1.8507E-013
9074 1.8601E-013
9079 1.8641E-013
9084 1.8586E-013
9088 1.8363E-013
9093 1.8309E-013
9098 1.8289E-013
9103 1.8423E-013
9108 1.8506E-013
9113 1.8344E-013
9118 1.8367E-013
9123 1.8364E-013
9128 1.8336E-013
9132 1.8276E-013
9137 1.8283E-013
9142 1.8322E-013
9147 1.8457E-013
9152 1.8488E-013
9157 1.8426E-013
9162 1.8422E-013
9167 1.8276E-013
9171 1.7909E-013
9176 1.7788E-013
9181 1.7999E-013
9186 1.8319E-013
9191 1.8119E-013
9196 1.8108E-013
9201 1.7900E-013
9206 1.7542E-013
9211 1.7409E-013
9215 1.7108E-013
9220 1.6980E-013
9225 1.7398E-013
9230 1.7531E-013
9235 1.7817E-013
9240 1.7662E-013
9245 1.7515E-013
9250 1.7611E-013
9254 1.7628E-013
9259 1.7782E-013
9264 1.7824E-013
9269 1.7739E-013
9274 1.7732E-013
9279 1.7590E-013
9284 1.7695E-013
9289 1.7690E-013
9293 1.7764E-013
9298 1.7622E-013
9303 1.7703E-013
9308 1.7552E-013
9313 1.7314E-013
9318 1.7344E-013
9323 1.7243E-013
9328 1.7326E-013
9332 1.7319E-013
9337 1.7251E-013
9342 1.7253E-013
9347 1.7235E-013
9352 1.7111E-013
9357 1.7203E-013
9362 1.7406E-013
9367 1.7282E-013
9372 1.7280E-013
9376 1.7172E-013
9381 1.7118E-013
9386 1.7168E-013
9391 1.7193E-013
9396 1.7215E-013
9401 1.7171E-013
9406 1.7288E-013
9411 1.7253E-013
9415 1.7086E-013
9420 1.6830E-013
9425 1.6901E-013
9430 1.7089E-013
9435 1.7027E-013
9440 1.7112E-013
9445 1.7094E-013
9450 1.7084E-013
9454 1.6952E-013
9459 1.6807E-013
9464 1.6832E-013
9469 1.6934E-013
9474 1.7004E-013
9479 1.6954E-013
9484 1.6795E-013
9489 1.6731E-013
9493 1.6793E-013
9498 1.6653E-013
9503 1.6703E-013
9508 1.6787E-013
9513 1.6555E-013
9518 1.6436E-013
9523 1.6435E-013
9528 1.6240E-013
9533 1.5974E-013
9537 1.5667E-013
9542 1.5918E-013
9547 1.6140E-013
9552 1.6237E-013
9557 1.6249E-013
9562 1.6520E-013
9567 1.6605E-013
9572 1.6396E-013
9576 1.6392E-013
9581 1.6237E-013
9586 1.6325E-013
9591 1.6452E-013
9596 1.6471E-013
9601 1.6442E-013
9606 1.6466E-013
9611 1.6398E-013
9615 1.6171E-013
9620 1.6216E-013
9625 1.6176E-013
9630 1.6218E-013
9635 1.6293E-013
9640 1.6243E-013
9645 1.6073E-013
9650 1.6020E-013
9654 1.5984E-013
9659 1.6195E-013
9664 1.6143E-013
9669 1.6174E-013
9674 1.5997E-013
9679 1.6028E-013
9684 1.5959E-013
9689 1.6225E-013
9693 1.6238E-013
9698 1.6143E-013
9703 1.6199E-013
9708 1.6020E-013
9713 1.5851E-013
9718 1.5698E-013
9723 1.5661E-013
9728 1.5689E-013
9732 1.5837E-013
9737 1.5882E-013
9742 1.5864E-013
9747 1.5656E-013
9752 1.5934E-013
9757 1.5911E-013
9762 1.5815E-013
9767 1.5864E-013
9771 1.5758E-013
9776 1.5790E-013
9781 1.5673E-013
9786 1.5584E-013
9791 1.5366E-013
9796 1.5564E-013
9801 1.5853E-013
9806 1.5686E-013
9810 1.5590E-013
9815 1.5622E-013
9820 1.5367E-013
9825 1.5302E-013
9830 1.5507E-013
9835 1.5535E-013
9840 1.5634E-013
9845 1.5531E-013
9849 1.5459E-013
9854 1.5421E-013
9859 1.5442E-013
9864 1.5308E-013
9869 1.5190E-013
9874 1.5329E-013
9879 1.5688E-013
9884 1.5492E-013
9888 1.5433E-013
9893 1.5422E-013
9898 1.5396E-013
9903 1.5055E-013
9908 1.5120E-013
9913 1.5046E-013
9918 1.4964E-013
9923 1.5342E-013
9927 1.5228E-013
9932 1.5261E-013
9937 1.5201E-013
9942 1.5181E-013
9947 1.5181E-013
9952 1.5164E-013
9957 1.5113E-013
9962 1.5071E-013
9966 1.5038E-013
9971 1.5061E-013
9976 1.5074E-013
9981 1.4981E-013
9986 1.4848E-013
9991 1.4845E-013
9996 1.4771E-013
1E+004 1.4924E-013
1.001E+004 1.5104E-013
1.001E+004 1.4944E-013
1.002E+004 1.4838E-013
1.002E+004 1.4718E-013
1.002E+004 1.4483E-013
1.003E+004 1.4374E-013
1.003E+004 1.4055E-013
1.004E+004 1.4035E-013
1.004E+004 1.4066E-013
1.005E+004 1.4300E-013
1.005E+004 1.4515E-013
1.006E+004 1.4365E-013
1.006E+004 1.4578E-013
1.007E+004 1.4526E-013
1.007E+004 1.4619E-013
1.008E+004 1.4481E-013
1.008E+004 1.4466E-013
1.009E+004 1.4487E-013
1.009E+004 1.4460E-013
1.01E+004 1.4570E-013
1.01E+004 1.4425E-013
1.011E+004 1.4397E-013
1.011E+004 1.4452E-013
1.012E+004 1.4434E-013
1.013E+004 1.4659E-013
1.018E+004 1.4469E-013
1.023E+004 1.4327E-013
1.028E+004 1.4189E-013
1.033E+004 1.4048E-013
1.038E+004 1.3894E-013
1.043E+004 1.3727E-013
1.048E+004 1.3630E-013
1.053E+004 1.3469E-013
1.058E+004 1.3326E-013
1.063E+004 1.3195E-013
1.068E+004 1.3047E-013
1.073E+004 1.2868E-013
1.078E+004 1.2794E-013
1.083E+004 1.2641E-013
1.088E+004 1.2503E-013
1.093E+004 1.1965E-013
1.098E+004 1.2178E-013
1.103E+004 1.2150E-013
1.108E+004 1.2018E-013
1.113E+004 1.1906E-013
1.118E+004 1.1786E-013
1.123E+004 1.1650E-013
1.128E+004 1.1540E-013
1.133E+004 1.1426E-013
1.138E+004 1.1319E-013
1.143E+004 1.1202E-013
1.148E+004 1.1123E-013
1.153E+004 1.1004E-013
1.158E+004 1.0910E-013
1.163E+004 1.0759E-013
1.168E+004 1.0689E-013
1.173E+004 1.0572E-013
1.178E+004 1.0483E-013
1.183E+004 1.0378E-013
1.188E+004 1.0279E-013
1.193E+004 1.0176E-013
1.198E+004 1.0074E-013
1.203E+004 9.9811E-014
1.208E+004 9.8759E-014
1.213E+004 9.8249E-014
1.218E+004 9.7379E-014
1.223E+004 9.6385E-014
1.228E+004 9.5548E-014
1.233E+004 9.4581E-014
1.238E+004 9.3913E-014
1.243E+004 9.2758E-014
1.248E+004 9.2064E-014
1.253E+004 9.1204E-014
1.258E+004 9.0375E-014
1.263E+004 8.9473E-014
1.268E+004 8.8690E-014
1.273E+004 8.8016E-014
1.278E+004 8.6795E-014
1.283E+004 8.1216E-014
1.288E+004 8.5177E-014
1.293E+004 8.4934E-014
1.298E+004 8.4102E-014
1.303E+004 8.3273E-014
1.308E+004 8.2644E-014
1.313E+004 8.1682E-014
1.318E+004 8.1304E-014
1.323E+004 8.0505E-014
1.328E+004 7.9835E-014
1.333E+004 7.8976E-014
1.338E+004 7.8441E-014
1.343E+004 7.7661E-014
1.348E+004 7.7068E-014
1.353E+004 7.6280E-014
1.358E+004 7.5687E-014
1.363E+004 7.5092E-014
1.368E+004 7.4316E-014
1.373E+004 7.3927E-014
1.378E+004 7.3084E-014
1.383E+004 7.2552E-014
1.388E+004 7.1977E-014
1.393E+004 7.1455E-014
1.398E+004 7.0912E-014
1.403E+004 7.0011E-014
1.408E+004 6.9647E-014
1.413E+004 6.8949E-014
1.418E+004 6.8352E-014
1.423E+004 6.7740E-014
1.428E+004 6.7332E-014
1.433E+004 6.6556E-014
1.438E+004 6.5915E-014
1.443E+004 6.5808E-014
1.448E+004 6.4845E-014
1.453E+004 6.4584E-014
1.457E+004 6.3988E-014
1.462E+004 6.3486E-014
1.468E+004 6.2975E-014
1.473E+004 6.2352E-014
1.478E+004 6.1904E-014
1.483E+004 6.1457E-014
1.488E+004 6.0759E-014
1.493E+004 6.0509E-014
1.498E+004 6.0021E-014
1.503E+004 5.9155E-014
1.508E+004 5.8938E-014
1.513E+004 5.8579E-014
1.518E+004 5.7983E-014
1.523E+004 5.7721E-014
1.528E+004 5.7108E-014
1.533E+004 5.6582E-014
1.538E+004 5.6303E-014
1.543E+004 5.5689E-014
1.548E+004 5.5269E-014
1.553E+004 5.4861E-014
1.558E+004 5.4143E-014
1.563E+004 5.3842E-014
1.568E+004 5.3353E-014
1.573E+004 5.2515E-014
1.578E+004 5.2414E-014
1.583E+004 5.2114E-014
1.588E+004 5.0670E-014
1.593E+004 5.0830E-014
1.598E+004 5.0945E-014
1.605E+004 5.0045E-014
1.615E+004 4.8423E-014
1.625E+004 4.8743E-014
1.635E+004 4.7264E-014
1.645E+004 4.5505E-014
1.655E+004 4.5888E-014
1.665E+004 4.4997E-014
1.675E+004 4.3426E-014
1.685E+004 4.1733E-014
1.695E+004 4.2271E-014
1.705E+004 4.1453E-014
1.715E+004 4.0665E-014
1.725E+004 3.9707E-014
1.735E+004 3.7218E-014
1.745E+004 3.8003E-014
1.755E+004 3.7497E-014
1.765E+004 3.6774E-014
1.775E+004 3.6084E-014
1.785E+004 3.5338E-014
1.795E+004 3.4633E-014
1.805E+004 3.3962E-014
1.815E+004 3.1834E-014
1.825E+004 3.2381E-014
1.835E+004 3.2073E-014
1.845E+004 3.1440E-014
1.855E+004 3.0892E-014
1.865E+004 3.0118E-014
1.875E+004 2.7925E-014
1.885E+004 2.8976E-014
1.895E+004 2.8567E-014
1.905E+004 2.8102E-014
1.915E+004 2.7634E-014
1.925E+004 2.7031E-014
1.935E+004 2.6478E-014
1.945E+004 2.4718E-014
1.955E+004 2.5528E-014
1.965E+004 2.5134E-014
1.975E+004 2.4721E-014
1.985E+004 2.4253E-014
1.995E+004 2.3867E-014
2.005E+004 2.3459E-014
2.015E+004 2.3046E-014
2.025E+004 2.2598E-014
2.035E+004 2.2256E-014
2.045E+004 2.1856E-014
2.055E+004 2.1468E-014
2.065E+004 2.1082E-014
2.075E+004 2.0765E-014
2.085E+004 2.0388E-014
2.095E+004 2.0014E-014
2.105E+004 1.9721E-014
2.115E+004 1.9361E-014
2.125E+004 1.9024E-014
2.135E+004 1.8746E-014
2.145E+004 1.8420E-014
2.155E+004 1.8085E-014
2.165E+004 1.6930E-014
2.175E+004 1.7434E-014
2.185E+004 1.7208E-014
2.195E+004 1.6956E-014
2.205E+004 1.6655E-014
2.215E+004 1.6397E-014
2.225E+004 1.6123E-014
2.235E+004 1.5877E-014
2.245E+004 1.5597E-014
2.255E+004 1.5374E-014
2.265E+004 1.5117E-014
2.275E+004 1.4879E-014
2.285E+004 1.4636E-014
2.295E+004 1.4362E-014
2.305E+004 1.4168E-014
2.315E+004 1.3945E-014
2.325E+004 1.3640E-014
2.335E+004 1.3481E-014
2.345E+004 1.3310E-014
2.355E+004 1.3005E-014
2.365E+004 1.2863E-014
2.375E+004 1.2687E-014
2.385E+004 1.2408E-014
2.395E+004 1.2272E-014
2.405E+004 1.2128E-014
2.415E+004 1.1864E-014
2.425E+004 1.1728E-014
2.435E+004 1.1558E-014
2.445E+004 1.1358E-014
2.455E+004 1.1187E-014
2.465E+004 1.1038E-014
2.475E+004 1.0880E-014
2.485E+004 1.0700E-014
2.495E+004 1.0564E-014
2.505E+004 1.0439E-014
2.515E+004 1.0260E-014
2.525E+004 1.0114E-014
2.535E+004 9.9872E-015
2.545E+004 9.8278E-015
2.555E+004 9.6820E-015
2.565E+004 9.5203E-015
2.575E+004 9.4411E-015
2.585E+004 9.2717E-015
2.595E+004 9.1699E-015
2.605E+004 9.0318E-015
2.615E+004 8.8342E-015
2.625E+004 8.3623E-015
2.635E+004 8.6376E-015
2.645E+004 8.5343E-015
2.655E+004 8.4317E-015
2.665E+004 8.2756E-015
2.675E+004 8.1045E-015
2.685E+004 8.0923E-015
2.695E+004 7.9844E-015
2.705E+004 7.8791E-015
2.715E+004 7.7759E-015
2.725E+004 7.6660E-015
2.735E+004 7.5704E-015
2.745E+004 7.4614E-015
2.755E+004 7.2444E-015
2.765E+004 7.2234E-015
2.775E+004 7.1628E-015
2.785E+004 7.0743E-015
2.795E+004 6.9905E-015
2.805E+004 6.8913E-015
2.815E+004 6.8042E-015
2.825E+004 6.7123E-015
2.835E+004 6.6223E-015
2.845E+004 6.5407E-015
2.855E+004 6.4493E-015
2.865E+004 6.3414E-015
2.875E+004 6.1551E-015
2.885E+004 6.2015E-015
2.895E+004 6.1268E-015
2.905E+004 6.0495E-015
2.915E+004 5.9744E-015
2.925E+004 5.8928E-015
2.935E+004 5.8227E-015
2.945E+004 5.7426E-015
2.955E+004 5.6760E-015
2.965E+004 5.6098E-015
2.975E+004 5.5390E-015
2.985E+004 5.4640E-015
2.995E+004 5.3907E-015
3.005E+004 5.3361E-015
3.015E+004 5.2631E-015
3.025E+004 5.1972E-015
3.035E+004 5.0308E-015
3.045E+004 5.0193E-015
3.055E+004 5.0076E-015
3.065E+004 4.9450E-015
3.075E+004 4.8875E-015
3.085E+004 4.8289E-015
3.095E+004 4.7704E-015
3.105E+004 4.7152E-015
3.115E+004 4.6434E-015
3.125E+004 4.6008E-015
3.135E+004 4.5515E-015
3.145E+004 4.4901E-015
3.155E+004 4.4333E-015
3.165E+004 4.3768E-015
3.175E+004 4.3369E-015
3.185E+004 4.2854E-015
3.195E+004 4.2201E-015
3.21E+004 4.1547E-015
3.23E+004 4.0629E-015
3.25E+004 3.9645E-015
3.27E+004 3.8756E-015
3.29E+004 3.7254E-015
3.31E+004 3.6836E-015
3.33E+004 3.6173E-015
3.35E+004 3.5382E-015
3.37E+004 3.4556E-015
3.39E+004 3.3785E-015
3.41E+004 3.3008E-015
3.43E+004 3.2322E-015
3.45E+004 3.1668E-015
3.47E+004 3.0944E-015
3.49E+004 3.0280E-015
3.51E+004 2.9666E-015
3.53E+004 2.9000E-015
3.55E+004 2.8354E-015
3.57E+004 2.7783E-015
3.59E+004 2.7195E-015
3.61E+004 2.6641E-015
3.63E+004 2.6093E-015
3.65E+004 2.5482E-015
3.67E+004 2.4980E-015
3.69E+004 2.4353E-015
3.71E+004 2.3796E-015
3.73E+004 2.3319E-015
3.75E+004 2.2594E-015
3.77E+004 2.2482E-015
3.79E+004 2.2038E-015
3.81E+004 2.1613E-015
3.83E+004 2.1224E-015
3.85E+004 2.0838E-015
3.87E+004 2.0386E-015
3.89E+004 1.9991E-015
3.91E+004 1.9599E-015
3.93E+004 1.9250E-015
3.95E+004 1.8841E-015
3.97E+004 1.8481E-015
3.99E+004 1.8080E-015
4.01E+004 1.7743E-015
4.03E+004 1.7432E-015
4.05E+004 1.6834E-015
4.07E+004 1.6797E-015
4.09E+004 1.6492E-015
4.11E+004 1.6206E-015
4.13E+004 1.5913E-015
4.15E+004 1.5602E-015
4.17E+004 1.5265E-015
4.19E+004 1.5024E-015
4.21E+004 1.4725E-015
4.23E+004 1.4461E-015
4.25E+004 1.4202E-015
4.27E+004 1.3948E-015
4.29E+004 1.3700E-015
4.31E+004 1.3457E-015
4.33E+004 1.3220E-015
4.35E+004 1.2988E-015
4.37E+004 1.2700E-015
4.39E+004 1.2532E-015
4.41E+004 1.2323E-015
4.43E+004 1.2110E-015
4.45E+004 1.1902E-015
4.47E+004 1.1701E-015
4.49E+004 1.1502E-015
4.51E+004 1.1307E-015
4.53E+004 1.1116E-015
4.55E+004 1.0929E-015
4.57E+004 1.0746E-015
4.59E+004 1.0567E-015
4.61E+004 1.0392E-015
4.63E+004 1.0220E-015
4.65E+004 9.9274E-016
4.67E+004 9.8145E-016
4.69E+004 9.7254E-016
4.71E+004 9.5673E-016
4.73E+004 9.4127E-016
4.75E+004 9.2606E-016
4.77E+004 9.1121E-016
4.79E+004 8.9659E-016
4.81E+004 8.8230E-016
4.83E+004 8.6829E-016
4.85E+004 8.5460E-016
4.87E+004 8.4112E-016
4.89E+004 8.2790E-016
4.91E+004 8.1499E-016
4.93E+004 8.0229E-016
4.95E+004 7.8987E-016
4.97E+004 7.7764E-016
4.99E+004 7.6570E-016
5.01E+004 7.5400E-016
5.03E+004 7.4247E-016
5.05E+004 7.3120E-016
5.07E+004 7.2009E-016
5.09E+004 7.0920E-016
5.11E+004 6.9853E-016
5.13E+004 6.8281E-016
5.15E+004 6.7783E-016
5.17E+004 6.6775E-016
5.19E+004 6.5787E-016
5.21E+004 6.4813E-016
5.23E+004 6.3863E-016
5.25E+004 6.2925E-016
5.27E+004 6.2005E-016
5.29E+004 6.1104E-016
5.31E+004 6.0220E-016
5.33E+004 5.9352E-016
5.35E+004 5.8497E-016
5.37E+004 5.7658E-016
5.39E+004 5.6835E-016
5.41E+004 5.6025E-016
5.43E+004 5.5233E-016
5.45E+004 5.4451E-016
5.47E+004 5.3683E-016
5.49E+004 5.2931E-016
5.51E+004 5.2190E-016
5.53E+004 5.1454E-016
5.55E+004 5.0749E-016
5.57E+004 5.0047E-016
5.59E+004 4.9356E-016
5.61E+004 4.8678E-016
5.63E+004 4.8011E-016
5.65E+004 4.7356E-016
5.67E+004 4.6712E-016
5.69E+004 4.6078E-016
5.71E+004 4.5424E-016
5.73E+004 4.4844E-016
5.75E+004 4.4242E-016
5.77E+004 4.3651E-016
5.79E+004 4.3069E-016
5.81E+004 4.2497E-016
5.83E+004 4.1934E-016
5.85E+004 4.1383E-016
5.87E+004 4.0839E-016
5.89E+004 4.0303E-016
5.91E+004 3.9467E-016
5.93E+004 3.9258E-016
5.95E+004 3.8696E-016
5.97E+004 3.8246E-016
5.99E+004 3.7754E-016
6.01E+004 3.7269E-016
6.03E+004 3.6791E-016
6.05E+004 3.6321E-016
6.07E+004 3.5859E-016
6.09E+004 3.5403E-016
6.11E+004 3.4955E-016
6.13E+004 3.4515E-016
6.15E+004 3.4081E-016
6.17E+004 3.3654E-016
6.19E+004 3.3233E-016
6.21E+004 3.2819E-016
6.23E+004 3.2411E-016
6.25E+004 3.2010E-016
6.27E+004 3.1615E-016
6.29E+004 3.1156E-016
6.31E+004 3.0843E-016
6.33E+004 3.0466E-016
6.35E+004 3.0095E-016
6.37E+004 2.9729E-016
6.39E+004 2.9369E-016
6.42E+004 2.8839E-016
6.46E+004 2.8150E-016
6.5E+004 2.7482E-016
6.54E+004 2.6834E-016
6.58E+004 2.6205E-016
6.62E+004 2.5594E-016
6.66E+004 2.5001E-016
6.7E+004 2.4425E-016
6.74E+004 2.3865E-016
6.78E+004 2.3286E-016
6.82E+004 2.2793E-016
6.86E+004 2.2280E-016
6.9E+004 2.1781E-016
6.94E+004 2.1296E-016
6.98E+004 2.0824E-016
7.02E+004 2.0331E-016
7.06E+004 1.9914E-016
7.1E+004 1.9487E-016
7.14E+004 1.9066E-016
7.18E+004 1.8653E-016
7.22E+004 1.8246E-016
7.26E+004 1.7857E-016
7.3E+004 1.7492E-016
7.34E+004 1.7103E-016
7.38E+004 1.6762E-016
7.42E+004 1.6394E-016
7.46E+004 1.5923E-016
7.5E+004 1.5616E-016
7.54E+004 1.5404E-016
7.58E+004 1.5096E-016
7.62E+004 1.4790E-016
7.66E+004 1.4495E-016
7.7E+004 1.4187E-016
7.74E+004 1.3916E-016
7.78E+004 1.3641E-016
7.82E+004 1.3371E-016
7.86E+004 1.3108E-016
7.9E+004 1.2849E-016
7.94E+004 1.2594E-016
7.98E+004 1.2353E-016
8.02E+004 1.2101E-016
8.06E+004 1.1859E-016
8.1E+004 1.1645E-016
8.14E+004 1.1400E-016
8.18E+004 1.1187E-016
8.22E+004 1.0988E-016
8.26E+004 1.0776E-016
8.3E+004 1.0575E-016
8.34E+004 1.0362E-016
8.38E+004 1.0175E-016
8.42E+004 9.9898E-017
8.46E+004 9.8046E-017
8.5E+004 9.6231E-017
8.54E+004 9.4454E-017
8.58E+004 9.2704E-017
8.62E+004 9.1004E-017
8.66E+004 8.9310E-017
8.7E+004 8.7758E-017
8.74E+004 8.6020E-017
8.78E+004 8.4447E-017
8.82E+004 8.2985E-017
8.86E+004 8.1422E-017
8.9E+004 8.0059E-017
8.94E+004 7.8668E-017
8.98E+004 7.7197E-017
9.02E+004 7.5923E-017
9.06E+004 7.4626E-017
9.1E+004 7.3205E-017
9.14E+004 7.1985E-017
9.18E+004 7.0779E-017
9.22E+004 6.9593E-017
9.26E+004 6.8377E-017
9.3E+004 6.7207E-017
9.34E+004 6.6052E-017
9.38E+004 6.4876E-017
9.42E+004 6.3842E-017
9.46E+004 6.2785E-017
9.5E+004 6.1704E-017
9.54E+004 6.0689E-017
9.58E+004 5.9736E-017
9.62E+004 5.8693E-017
9.66E+004 5.7794E-017
9.7E+004 5.6839E-017
9.74E+004 5.5804E-017
9.78E+004 5.4993E-017
9.82E+004 5.4136E-017
9.86E+004 5.3304E-017
9.9E+004 5.2485E-017
9.94E+004 5.1645E-017
9.98E+004 5.0819E-017
1.002E+005 5.0127E-017
1.005E+005 4.9397E-017
1.01E+005 4.8538E-017
1.015E+005 4.7630E-017
1.02E+005 4.6728E-017
1.025E+005 4.5845E-017
1.03E+005 4.4987E-017
1.035E+005 4.4157E-017
1.04E+005 4.3344E-017
1.045E+005 4.2544E-017
1.05E+005 4.1723E-017
1.055E+005 4.0994E-017
1.06E+005 4.0247E-017
1.065E+005 3.9512E-017
1.07E+005 3.8801E-017
1.075E+005 3.8113E-017
1.08E+005 3.7417E-017
1.085E+005 3.6748E-017
1.09E+005 3.6092E-017
1.095E+005 3.5469E-017
1.1E+005 3.4839E-017
1.105E+005 3.4229E-017
1.11E+005 3.3633E-017
1.115E+005 3.3059E-017
1.12E+005 3.2477E-017
1.125E+005 3.1929E-017
1.13E+005 3.1329E-017
1.135E+005 3.0841E-017
1.14E+005 3.0322E-017
1.145E+005 2.9807E-017
1.15E+005 2.9315E-017
1.155E+005 2.8808E-017
1.16E+005 2.8338E-017
1.165E+005 2.7866E-017
1.17E+005 2.7410E-017
1.175E+005 2.6953E-017
1.18E+005 2.6512E-017
1.185E+005 2.6078E-017
1.19E+005 2.5647E-017
1.195E+005 2.5232E-017
1.2E+005 2.4820E-017
1.205E+005 2.4427E-017
1.21E+005 2.4036E-017
1.215E+005 2.3652E-017
1.22E+005 2.3273E-017
1.225E+005 2.2905E-017
1.23E+005 2.2538E-017
1.235E+005 2.2175E-017
1.24E+005 2.1826E-017
1.245E+005 2.1490E-017
1.25E+005 2.1161E-017
1.255E+005 2.0836E-017
1.26E+005 2.0511E-017
1.265E+005 2.0194E-017
1.27E+005 1.9887E-017
1.275E+005 1.9583E-017
1.28E+005 1.9275E-017
1.285E+005 1.8990E-017
1.29E+005 1.8699E-017
1.295E+005 1.8419E-017
1.3E+005 1.8144E-017
1.305E+005 1.7871E-017
1.31E+005 1.7605E-017
1.315E+005 1.7343E-017
1.32E+005 1.7085E-017
1.325E+005 1.6832E-017
1.33E+005 1.6584E-017
1.335E+005 1.6340E-017
1.34E+005 1.6102E-017
1.345E+005 1.5868E-017
1.35E+005 1.5638E-017
1.355E+005 1.5409E-017
1.36E+005 1.5189E-017
1.365E+005 1.4971E-017
1.37E+005 1.4755E-017
1.375E+005 1.4546E-017
1.38E+005 1.4340E-017
1.385E+005 1.4136E-017
1.39E+005 1.3937E-017
1.395E+005 1.3739E-017
1.4E+005 1.3547E-017
1.405E+005 1.3355E-017
1.41E+005 1.3171E-017
1.415E+005 1.2987E-017
1.42E+005 1.2805E-017
1.425E+005 1.2631E-017
1.43E+005 1.2458E-017
1.435E+005 1.2288E-017
1.44E+005 1.2120E-017
1.445E+005 1.1955E-017
1.45E+005 1.1794E-017
1.455E+005 1.1633E-017
1.46E+005 1.1477E-017
1.465E+005 1.1322E-017
1.47E+005 1.1171E-017
1.475E+005 1.1020E-017
1.48E+005 1.0874E-017
1.485E+005 1.0731E-017
1.49E+005 1.0589E-017
1.495E+005 1.0448E-017
1.5E+005 1.0310E-017
1.505E+005 1.0179E-017
1.51E+005 1.0045E-017
1.515E+005 9.9157E-018
1.52E+005 9.7874E-018
1.525E+005 9.6603E-018
1.53E+005 9.5364E-018
1.535E+005 9.4138E-018
1.54E+005 9.2937E-018
1.545E+005 9.1746E-018
1.55E+005 9.0586E-018
1.555E+005 8.9433E-018
1.56E+005 8.8303E-018
1.565E+005 8.7190E-018
1.57E+005 8.6102E-018
1.575E+005 8.5018E-018
1.58E+005 8.3957E-018
1.585E+005 8.2917E-018
1.59E+005 8.1896E-018
1.595E+005 8.0877E-018
1.6E+005 7.9877E-018
1.605E+005 7.8881E-018
1.61E+005 7.7932E-018
1.615E+005 7.6973E-018
1.62E+005 7.5944E-018
1.625E+005 7.5110E-018
1.63E+005 7.4216E-018
1.635E+005 7.3319E-018
1.64E+005 7.2432E-018
1.645E+005 7.1556E-018
1.65E+005 7.0702E-018
1.655E+005 6.9870E-018
1.66E+005 6.9035E-018
1.665E+005 6.8218E-018
1.67E+005 6.7412E-018
1.675E+005 6.6618E-018
1.68E+005 6.5827E-018
1.685E+005 6.5045E-018
1.69E+005 6.4266E-018
1.695E+005 6.3553E-018
1.7E+005 6.2816E-018
1.705E+005 6.2092E-018
1.71E+005 6.1370E-018
1.715E+005 6.0660E-018
1.72E+005 5.9962E-018
1.725E+005 5.9275E-018
1.73E+005 5.8595E-018
1.735E+005 5.7938E-018
1.74E+005 5.7280E-018
1.745E+005 5.6631E-018
1.75E+005 5.5992E-018
1.755E+005 5.5358E-018
1.76E+005 5.4736E-018
1.765E+005 5.4116E-018
1.77E+005 5.3514E-018
1.775E+005 5.2921E-018
1.78E+005 5.2338E-018
1.785E+005 5.1759E-018
1.79E+005 5.1188E-018
1.795E+005 5.0625E-018
1.8E+005 5.0069E-018
1.805E+005 4.9521E-018
1.81E+005 4.8983E-018
1.815E+005 4.8449E-018
1.82E+005 4.7922E-018
1.825E+005 4.7399E-018
1.83E+005 4.6865E-018
1.835E+005 4.6383E-018
1.84E+005 4.5888E-018
1.845E+005 4.5398E-018
1.85E+005 4.4913E-018
1.855E+005 4.4437E-018
1.86E+005 4.3958E-018
1.865E+005 4.3497E-018
1.87E+005 4.3039E-018
1.875E+005 4.2576E-018
1.88E+005 4.2140E-018
1.885E+005 4.1698E-018
1.89E+005 4.1265E-018
1.895E+005 4.0834E-018
1.9E+005 4.0404E-018
1.905E+005 3.9812E-018
1.91E+005 3.9565E-018
1.915E+005 3.9174E-018
1.92E+005 3.8771E-018
1.925E+005 3.8374E-018
1.93E+005 3.7983E-018
1.935E+005 3.7596E-018
1.94E+005 3.7213E-018
1.945E+005 3.6835E-018
1.95E+005 3.6464E-018
1.955E+005 3.6098E-018
1.96E+005 3.5733E-018
1.965E+005 3.5378E-018
1.97E+005 3.5023E-018
1.975E+005 3.4673E-018
1.98E+005 3.4329E-018
1.985E+005 3.3990E-018
1.99E+005 3.3653E-018
1.995E+005 3.3321E-018
2E+005 3.2911E-018
2.01E+005 3.2350E-018
2.02E+005 3.1723E-018
2.03E+005 3.1111E-018
2.04E+005 3.0515E-018
2.05E+005 2.9931E-018
2.06E+005 2.9363E-018
2.07E+005 2.8809E-018
2.08E+005 2.8265E-018
2.09E+005 2.7734E-018
2.1E+005 2.7217E-018
2.11E+005 2.6713E-018
2.12E+005 2.6220E-018
2.13E+005 2.5738E-018
2.14E+005 2.5268E-018
2.15E+005 2.4807E-018
2.16E+005 2.4357E-018
2.17E+005 2.3917E-018
2.18E+005 2.3487E-018
2.19E+005 2.3066E-018
2.2E+005 2.2657E-018
2.21E+005 2.2255E-018
2.22E+005 2.1862E-018
2.23E+005 2.1463E-018
2.24E+005 2.1098E-018
2.25E+005 2.0735E-018
2.26E+005 2.0374E-018
2.27E+005 2.0022E-018
2.28E+005 1.9677E-018
2.29E+005 1.9341E-018
2.3E+005 1.9011E-018
2.31E+005 1.8688E-018
2.32E+005 1.8372E-018
2.33E+005 1.8063E-018
2.34E+005 1.7760E-018
2.35E+005 1.7465E-018
2.36E+005 1.7174E-018
2.37E+005 1.6889E-018
2.38E+005 1.6610E-018
2.39E+005 1.6335E-018
2.4E+005 1.6071E-018
2.41E+005 1.5809E-018
2.42E+005 1.5552E-018
2.43E+005 1.5301E-018
2.44E+005 1.5054E-018
2.45E+005 1.4813E-018
2.46E+005 1.4578E-018
2.47E+005 1.4346E-018
2.48E+005 1.4117E-018
2.49E+005 1.3894E-018
2.5E+005 1.3676E-018
2.51E+005 1.3463E-018
2.52E+005 1.3252E-018
2.53E+005 1.3047E-018
2.54E+005 1.2845E-018
2.55E+005 1.2647E-018
2.56E+005 1.2453E-018
2.57E+005 1.2262E-018
2.58E+005 1.2075E-018
2.59E+005 1.1891E-018
2.6E+005 1.1713E-018
2.61E+005 1.1537E-018
2.62E+005 1.1362E-018
2.63E+005 1.1193E-018
2.64E+005 1.1027E-018
2.65E+005 1.0862E-018
2.66E+005 1.0702E-018
2.67E+005 1.0544E-018
2.68E+005 1.0389E-018
2.69E+005 1.0237E-018
2.7E+005 1.0089E-018
2.71E+005 9.9410E-019
2.72E+005 9.7975E-019
2.73E+005 9.6560E-019
2.74E+005 9.5171E-019
2.75E+005 9.3806E-019
2.76E+005 9.2468E-019
2.77E+005 9.1155E-019
2.78E+005 8.9676E-019
2.79E+005 8.8603E-019
2.8E+005 8.7370E-019
2.81E+005 8.6141E-019
2.82E+005 8.4917E-019
2.83E+005 8.3736E-019
2.84E+005 8.2570E-019
2.85E+005 8.1424E-019
2.86E+005 8.0313E-019
2.87E+005 7.9208E-019
2.88E+005 7.8114E-019
2.89E+005 7.7049E-019
2.9E+005 7.6007E-019
2.91E+005 7.4981E-019
2.92E+005 7.3966E-019
2.93E+005 7.2973E-019
2.94E+005 7.1994E-019
2.95E+005 7.1029E-019
2.96E+005 7.0084E-019
2.97E+005 6.9156E-019
2.98E+005 6.8213E-019
2.99E+005 6.7320E-019
3E+005 6.6456E-019
3.01E+005 6.5589E-019
3.02E+005 6.4725E-019
3.03E+005 6.3892E-019
3.04E+005 6.3060E-019
3.05E+005 6.2244E-019
3.06E+005 6.1435E-019
3.07E+005 6.0648E-019
3.08E+005 5.9873E-019
3.09E+005 5.9126E-019
3.1E+005 5.8371E-019
3.11E+005 5.7617E-019
3.12E+005 5.6889E-019
3.13E+005 5.6171E-019
3.14E+005 5.5465E-019
3.15E+005 5.4770E-019
3.16E+005 5.4086E-019
3.17E+005 5.3414E-019
3.18E+005 5.2751E-019
3.19E+005 5.2097E-019
3.2E+005 5.1455E-019
3.21E+005 5.0823E-019
3.22E+005 5.0198E-019
3.23E+005 4.9586E-019
3.24E+005 4.8983E-019
3.25E+005 4.8388E-019
3.26E+005 4.7803E-019
3.27E+005 4.7225E-019
3.28E+005 4.6658E-019
3.29E+005 4.6097E-019
3.3E+005 4.5546E-019
3.31E+005 4.5002E-019
3.32E+005 4.4467E-019
3.33E+005 4.3939E-019
3.34E+005 4.3422E-019
3.35E+005 4.2909E-019
3.36E+005 4.2405E-019
3.37E+005 4.1908E-019
3.38E+005 4.1418E-019
3.39E+005 4.0937E-019
3.4E+005 4.0461E-019
3.41E+005 3.9992E-019
3.42E+005 3.9530E-019
3.43E+005 3.9076E-019
3.44E+005 3.8627E-019
3.45E+005 3.8185E-019
3.46E+005 3.7748E-019
3.47E+005 3.7319E-019
3.48E+005 3.6896E-019
3.49E+005 3.6479E-019
3.5E+005 3.6067E-019
3.51E+005 3.5659E-019
3.52E+005 3.5259E-019
3.53E+005 3.4864E-019
3.54E+005 3.4472E-019
3.55E+005 3.4087E-019
3.56E+005 3.3708E-019
3.57E+005 3.3335E-019
3.58E+005 3.2966E-019
3.59E+005 3.2602E-019
3.6E+005 3.2241E-019
3.61E+005 3.1888E-019
3.62E+005 3.1540E-019
3.63E+005 3.1195E-019
3.64E+005 3.0854E-019
3.65E+005 3.0517E-019
3.66E+005 3.0189E-019
3.67E+005 2.9864E-019
3.68E+005 2.9543E-019
3.69E+005 2.9226E-019
3.7E+005 2.8913E-019
3.71E+005 2.8601E-019
3.72E+005 2.8297E-019
3.73E+005 2.7998E-019
3.74E+005 2.7700E-019
3.75E+005 2.7407E-019
3.76E+005 2.7119E-019
3.77E+005 2.6834E-019
3.78E+005 2.6551E-019
3.79E+005 2.6275E-019
3.8E+005 2.5999E-019
3.81E+005 2.5730E-019
3.82E+005 2.5463E-019
3.83E+005 2.5199E-019
3.84E+005 2.4939E-019
3.85E+005 2.4682E-019
3.86E+005 2.4428E-019
3.87E+005 2.4178E-019
3.88E+005 2.3916E-019
3.89E+005 2.3647E-019
3.9E+005 2.3447E-019
3.91E+005 2.3209E-019
3.92E+005 2.2972E-019
3.93E+005 2.2741E-019
3.94E+005 2.2513E-019
3.95E+005 2.2287E-019
3.96E+005 2.2062E-019
3.97E+005 2.1843E-019
3.98E+005 2.1625E-019
3.99E+005 2.1410E-019
