1711 1.4345E-014
1711 1.4345E-014
1713 2.4217E-014
1714 2.0575E-014
1715 1.7477E-014
1717 2.5557E-014
1718 2.3795E-014
1719 2.6251E-014
1721 2.5453E-014
1722 2.4789E-014
1724 2.0176E-014
1725 3.0876E-014
1726 3.6287E-014
1728 3.3943E-014
1729 2.6501E-014
1730 2.6625E-014
1732 3.4884E-014
1733 3.0753E-014
1734 2.7947E-014
1736 4.0190E-014
1737 4.3464E-014
1739 3.7783E-014
1740 4.0060E-014
1741 2.9901E-014
1743 3.6766E-014
1744 4.5379E-014
1745 4.7863E-014
1747 3.5590E-014
1748 3.9798E-014
1750 4.8016E-014
1751 4.2210E-014
1752 5.1569E-014
1754 4.6721E-014
1755 4.6580E-014
1756 6.2319E-014
1758 4.8801E-014
1759 5.4028E-014
1761 5.0243E-014
1762 5.2337E-014
1763 5.2136E-014
1765 4.1930E-014
1766 4.6736E-014
1767 4.9592E-014
1769 5.8479E-014
1770 5.9957E-014
1772 5.6995E-014
1773 5.8725E-014
1774 6.7088E-014
1776 7.2944E-014
1777 6.9286E-014
1778 6.8794E-014
1780 7.3015E-014
1781 7.5225E-014
1783 7.4330E-014
1784 7.0552E-014
1785 7.5145E-014
1787 7.5758E-014
1788 7.7474E-014
1789 7.3600E-014
1791 7.7692E-014
1792 8.0366E-014
1793 8.2828E-014
1795 8.1112E-014
1796 8.6318E-014
1798 8.1985E-014
1799 8.8431E-014
1800 8.0745E-014
1802 8.4598E-014
1803 8.8170E-014
1804 8.9423E-014
1806 8.5524E-014
1807 7.2648E-014
1809 6.3440E-014
1810 6.6512E-014
1811 8.4694E-014
1813 9.0967E-014
1814 9.1063E-014
1815 8.2989E-014
1817 8.3377E-014
1818 8.5640E-014
1820 8.1896E-014
1821 8.7800E-014
1822 8.0483E-014
1824 9.3377E-014
1825 9.8264E-014
1826 1.0025E-013
1828 8.6577E-014
1829 9.2163E-014
1831 9.9490E-014
1832 1.0004E-013
1833 9.8578E-014
1835 9.6982E-014
1836 1.0223E-013
1837 1.0301E-013
1839 1.0051E-013
1840 9.7758E-014
1841 8.8159E-014
1843 8.1080E-014
1844 8.5722E-014
1846 8.2369E-014
1847 7.2793E-014
1848 6.3763E-014
1850 6.2796E-014
1851 7.3704E-014
1852 6.5089E-014
1854 7.6043E-014
1855 9.0160E-014
1857 1.0383E-013
1858 1.0566E-013
1859 1.0243E-013
1861 1.0512E-013
1862 1.0526E-013
1863 1.0819E-013
1865 1.1143E-013
1866 1.0968E-013
1868 1.0478E-013
1869 1.2114E-013
1870 1.2776E-013
1872 1.2368E-013
1873 1.2085E-013
1874 1.2180E-013
1876 1.2135E-013
1877 1.1093E-013
1879 1.1218E-013
1880 1.1923E-013
1881 1.2097E-013
1883 1.2488E-013
1884 1.3529E-013
1885 1.3789E-013
1887 1.3468E-013
1888 1.2951E-013
1890 1.2775E-013
1891 1.3327E-013
1892 1.3854E-013
1894 1.3900E-013
1895 1.3199E-013
1896 1.3786E-013
1898 1.3737E-013
1899 1.3024E-013
1901 1.2470E-013
1902 1.1840E-013
1903 1.1446E-013
1905 1.3789E-013
1906 1.3724E-013
1907 1.4386E-013
1909 1.3885E-013
1910 1.4411E-013
1911 1.4156E-013
1913 1.4636E-013
1914 1.5142E-013
1916 1.5381E-013
1917 1.5555E-013
1918 1.5009E-013
1920 1.5323E-013
1921 1.6204E-013
1922 1.6880E-013
1924 1.6337E-013
1925 1.6151E-013
1927 1.5740E-013
1928 1.5285E-013
1929 1.5277E-013
1931 1.4533E-013
1932 1.1090E-013
1933 1.0979E-013
1935 1.3475E-013
1936 1.4091E-013
1938 1.3984E-013
1939 1.4790E-013
1940 1.6646E-013
1942 1.7089E-013
1943 1.7497E-013
1944 1.8623E-013
1946 1.7770E-013
1947 1.8165E-013
1949 1.7762E-013
1950 1.8473E-013
1951 1.7359E-013
1953 1.7203E-013
1954 1.6838E-013
1955 1.7542E-013
1957 1.7564E-013
1958 1.7448E-013
1960 1.6912E-013
1961 1.7178E-013
1962 1.7103E-013
1964 1.7088E-013
1965 1.6870E-013
1966 1.8881E-013
1968 1.9652E-013
1969 1.9620E-013
1971 1.9586E-013
1972 1.9350E-013
1973 1.9316E-013
1975 1.9244E-013
1976 1.8438E-013
1977 1.8256E-013
1979 1.7646E-013
1980 1.7082E-013
1982 1.6961E-013
1983 1.7688E-013
1984 1.8237E-013
1986 1.8213E-013
1987 1.7752E-013
1988 1.7187E-013
1990 1.7232E-013
1991 1.6943E-013
1992 1.7242E-013
1994 1.9003E-013
1995 1.8909E-013
1997 1.8761E-013
1998 1.9176E-013
1999 1.9340E-013
2001 1.9240E-013
2002 1.9248E-013
2003 1.9145E-013
2005 1.9636E-013
2006 1.9298E-013
2008 1.9577E-013
2009 1.9182E-013
2010 1.9334E-013
2012 2.0377E-013
2013 1.8896E-013
2014 1.9636E-013
2016 2.0105E-013
2017 2.0142E-013
2019 2.0362E-013
2020 2.0423E-013
2021 2.0453E-013
2023 2.0543E-013
2024 1.9496E-013
2025 2.0203E-013
2027 1.8929E-013
2028 1.6870E-013
2030 1.8824E-013
2031 2.0528E-013
2032 2.1641E-013
2034 2.2326E-013
2035 2.1190E-013
2036 2.0731E-013
2038 2.1417E-013
2039 2.1929E-013
2041 2.2261E-013
2042 2.1548E-013
2043 2.1605E-013
2045 2.3105E-013
2046 2.3219E-013
2047 2.3561E-013
2049 2.4184E-013
2050 2.3586E-013
2052 2.4444E-013
2053 2.3757E-013
2054 2.3913E-013
2056 2.3558E-013
2057 2.2328E-013
2058 2.0688E-013
2060 2.1358E-013
2061 2.1442E-013
2063 2.1949E-013
2064 2.1562E-013
2065 2.1982E-013
2067 2.2870E-013
2068 2.2941E-013
2069 2.3220E-013
2071 2.3673E-013
2072 2.4670E-013
2074 2.5437E-013
2075 2.4699E-013
2076 2.5754E-013
2078 2.6181E-013
2079 2.6175E-013
2080 2.6246E-013
2082 2.5983E-013
2083 2.6288E-013
2085 2.5637E-013
2086 2.5305E-013
2087 2.5315E-013
2089 2.5907E-013
2090 2.6481E-013
2091 2.6285E-013
2093 2.5873E-013
2094 2.6047E-013
2095 2.6046E-013
2097 2.5054E-013
2098 2.5325E-013
2100 2.5868E-013
2101 2.6223E-013
2102 2.6312E-013
2104 2.5785E-013
2105 2.5507E-013
2106 2.5350E-013
2108 2.7031E-013
2109 2.6096E-013
2111 2.4895E-013
2112 2.3845E-013
2113 2.4268E-013
2115 2.5249E-013
2116 2.4518E-013
2117 2.5284E-013
2119 2.7563E-013
2120 2.8036E-013
2122 2.7498E-013
2123 2.7965E-013
2124 2.5785E-013
2126 2.2778E-013
2127 2.0227E-013
2128 2.4219E-013
2130 2.5612E-013
2131 2.5457E-013
2133 2.4467E-013
2134 2.3891E-013
2135 2.3120E-013
2137 2.1603E-013
2138 2.1841E-013
2139 2.5009E-013
2141 2.4462E-013
2142 2.4146E-013
2144 2.6288E-013
2145 2.7110E-013
2146 2.7421E-013
2148 2.6787E-013
2149 2.5957E-013
2150 2.6081E-013
2152 2.6752E-013
2153 2.5365E-013
2155 2.5593E-013
2156 2.6806E-013
2157 2.6952E-013
2159 2.6470E-013
2160 2.6456E-013
2161 2.4162E-013
2163 2.5324E-013
2164 2.6476E-013
2166 2.6513E-013
2167 2.5598E-013
2168 2.4412E-013
2170 2.3441E-013
2171 2.5100E-013
2172 2.6195E-013
2174 2.6079E-013
2175 2.6598E-013
2177 2.5300E-013
2178 2.4560E-013
2179 2.5751E-013
2181 2.5193E-013
2182 2.7886E-013
2183 2.9843E-013
2185 3.0865E-013
2186 2.9324E-013
2188 2.8657E-013
2189 2.7726E-013
2190 2.6171E-013
2192 2.8976E-013
2193 2.8934E-013
2194 2.8924E-013
2196 3.0676E-013
2197 3.1970E-013
2199 3.1825E-013
2200 3.1637E-013
2201 3.2002E-013
2203 3.0563E-013
2204 2.9231E-013
2205 3.1902E-013
2207 3.2125E-013
2208 3.0844E-013
2210 2.9278E-013
2211 2.7927E-013
2212 2.7095E-013
2214 2.3932E-013
2215 2.5913E-013
2216 2.7756E-013
2218 2.7967E-013
2219 2.5585E-013
2221 2.6140E-013
2222 2.9227E-013
2223 3.0442E-013
2225 3.0877E-013
2226 3.0403E-013
2227 2.9941E-013
2229 3.0707E-013
2230 3.0203E-013
2232 3.1390E-013
2233 3.2039E-013
2234 3.1622E-013
2236 3.4037E-013
2237 3.3289E-013
2238 3.4287E-013
2240 3.4030E-013
2241 3.3892E-013
2242 3.3874E-013
2244 3.2486E-013
2245 3.1769E-013
2247 3.0721E-013
2248 3.1253E-013
2249 3.1911E-013
2251 3.1327E-013
2252 2.9093E-013
2253 2.8791E-013
2255 2.9259E-013
2256 2.8683E-013
2258 2.8013E-013
2259 2.8605E-013
2260 3.0610E-013
2262 3.0279E-013
2263 2.8233E-013
2264 2.9872E-013
2266 3.0387E-013
2267 2.8938E-013
2269 2.8906E-013
2270 2.8255E-013
2271 2.8426E-013
2273 2.9387E-013
2274 3.0055E-013
2275 3.0492E-013
2277 3.0827E-013
2278 2.9911E-013
2280 3.0128E-013
2281 3.0776E-013
2282 3.0964E-013
2284 3.2381E-013
2285 3.4398E-013
2286 3.3411E-013
2288 3.3873E-013
2289 3.2540E-013
2291 3.0607E-013
2292 3.1490E-013
2293 3.0502E-013
2295 3.0688E-013
2296 3.1611E-013
2297 3.1153E-013
2299 3.0915E-013
2300 2.6881E-013
2302 2.6882E-013
2303 2.8925E-013
2304 3.0365E-013
2306 3.0054E-013
2307 3.1119E-013
2308 3.3116E-013
2310 3.3547E-013
2311 3.2796E-013
2313 3.2521E-013
2314 3.0489E-013
2315 2.8915E-013
2317 2.9358E-013
2318 3.1792E-013
2319 3.2190E-013
2321 3.2113E-013
2322 3.1142E-013
2324 3.1135E-013
2325 3.2490E-013
2326 3.3916E-013
2328 3.2515E-013
2329 2.9119E-013
2330 2.9103E-013
2332 3.2435E-013
2333 3.1022E-013
2335 2.6755E-013
2336 2.7601E-013
2337 2.9135E-013
2339 3.0791E-013
2340 2.8063E-013
2341 2.4915E-013
2343 2.7600E-013
2344 2.8597E-013
2346 2.6032E-013
2347 1.7697E-013
2348 2.0581E-013
2350 2.2086E-013
2351 2.1848E-013
2352 2.7172E-013
2354 3.0848E-013
2355 3.3110E-013
2357 3.2498E-013
2358 2.9978E-013
2359 3.2035E-013
2361 3.0240E-013
2362 2.6667E-013
2363 2.2901E-013
2365 2.7848E-013
2366 3.0133E-013
2368 2.7237E-013
2369 2.8249E-013
2370 2.9064E-013
2372 3.0178E-013
2373 3.1510E-013
2374 3.2852E-013
2376 3.0868E-013
2377 2.8810E-013
2379 2.9071E-013
2380 3.2310E-013
2381 2.9548E-013
2383 2.3640E-013
2384 1.8938E-013
2385 1.3860E-013
2387 1.9665E-013
2388 2.5971E-013
2390 3.0081E-013
2391 2.6050E-013
2392 2.4327E-013
2394 3.1852E-013
2395 3.2582E-013
2396 3.1499E-013
2398 2.4137E-013
2399 2.2305E-013
2401 2.7070E-013
2402 2.5183E-013
2403 2.6518E-013
2405 2.8976E-013
2406 2.8817E-013
2407 2.2327E-013
2409 1.9931E-013
2410 2.2685E-013
2411 2.7996E-013
2413 2.5952E-013
2414 1.9786E-013
2416 2.5474E-013
2417 2.6371E-013
2418 3.1163E-013
2420 3.3532E-013
2421 3.4132E-013
2422 3.6052E-013
2424 3.7724E-013
2425 3.8234E-013
2427 3.3786E-013
2428 3.4152E-013
2429 3.5792E-013
2431 3.6680E-013
2432 3.4806E-013
2433 3.6022E-013
2435 3.6625E-013
2436 3.4337E-013
2438 3.2354E-013
2439 3.0815E-013
2440 3.2494E-013
2442 3.3652E-013
2443 3.3986E-013
2444 3.6717E-013
2446 3.7506E-013
2447 3.5829E-013
2449 3.4598E-013
2450 3.5209E-013
2451 3.6082E-013
2453 3.4350E-013
2454 3.3002E-013
2455 3.3070E-013
2457 3.3611E-013
2458 3.5195E-013
2460 3.5267E-013
2461 3.6393E-013
2462 3.5003E-013
2464 3.4470E-013
2465 3.1576E-013
2466 3.1340E-013
2468 3.3478E-013
2469 3.3362E-013
2471 3.3688E-013
2472 3.4118E-013
2473 3.4114E-013
2475 3.4556E-013
2476 3.1239E-013
2477 3.4954E-013
2479 3.4619E-013
2480 3.2459E-013
2482 3.1282E-013
2483 3.0026E-013
2484 3.3682E-013
2486 2.9217E-013
2487 2.5791E-013
2488 3.1127E-013
2490 3.1564E-013
2491 2.7563E-013
2493 2.5503E-013
2494 2.2767E-013
2495 2.8018E-013
2497 3.2224E-013
2498 3.6741E-013
2499 3.6987E-013
2501 3.6651E-013
2502 3.7403E-013
2504 3.7055E-013
2505 3.5547E-013
2506 3.6035E-013
2508 3.5463E-013
2509 2.9748E-013
2510 2.6023E-013
2512 3.4350E-013
2513 3.6962E-013
2515 3.2337E-013
2516 3.0903E-013
2517 2.4014E-013
2519 2.1129E-013
2520 2.0067E-013
2521 2.3600E-013
2523 2.5857E-013
2524 2.8378E-013
2526 2.5185E-013
2527 2.1345E-013
2528 2.2494E-013
2530 2.4209E-013
2531 2.0540E-013
2532 1.9493E-013
2534 2.7501E-013
2535 3.1186E-013
2537 3.0935E-013
2538 2.9928E-013
2539 2.8834E-013
2541 2.8925E-013
2542 2.8407E-013
2543 3.1122E-013
2545 2.9261E-013
2546 3.2126E-013
2547 3.1870E-013
2549 3.0012E-013
2550 3.1260E-013
2552 2.9496E-013
2553 2.8288E-013
2554 3.4208E-013
2556 3.7341E-013
2557 3.8850E-013
2558 3.8337E-013
2560 3.7731E-013
2561 3.8028E-013
2563 3.8116E-013
2564 3.8210E-013
2565 3.3824E-013
2567 3.1553E-013
2568 3.8364E-013
2569 4.0081E-013
2571 3.9807E-013
2572 4.0130E-013
2574 4.0450E-013
2575 4.0221E-013
2576 4.0950E-013
2578 3.9946E-013
2579 3.6447E-013
2580 3.7036E-013
2582 4.0200E-013
2583 4.2310E-013
2585 4.1555E-013
2586 3.7878E-013
2587 3.9116E-013
2589 3.2971E-013
2590 3.5297E-013
2591 4.0172E-013
2593 4.4104E-013
2594 4.1714E-013
2596 4.0591E-013
2597 3.8046E-013
2598 4.0585E-013
2600 3.7605E-013
2601 2.8573E-013
2602 1.9510E-013
2604 2.9383E-013
2605 3.6782E-013
2607 4.0866E-013
2608 3.7572E-013
2609 3.0849E-013
2611 2.8198E-013
2612 3.5220E-013
2613 3.4820E-013
2615 2.7239E-013
2616 2.8591E-013
2618 3.1280E-013
2619 3.9166E-013
2620 3.8291E-013
2622 3.8601E-013
2623 3.9688E-013
2624 3.8500E-013
2626 3.8801E-013
2627 3.9273E-013
2629 3.5853E-013
2630 3.5425E-013
2631 3.4741E-013
2633 3.3114E-013
2634 2.8374E-013
2635 2.9619E-013
2637 3.9506E-013
2638 4.4376E-013
2640 4.6414E-013
2641 4.7691E-013
2642 4.9020E-013
2644 4.9463E-013
2645 4.9592E-013
2646 5.1226E-013
2648 5.0397E-013
2649 4.9757E-013
2650 4.9714E-013
2652 4.9508E-013
2653 5.0293E-013
2655 5.0246E-013
2656 4.9609E-013
2657 5.0297E-013
2659 5.1827E-013
2660 5.1661E-013
2661 4.9259E-013
2663 4.9797E-013
2664 4.8648E-013
2666 4.6093E-013
2667 4.4361E-013
2668 4.4942E-013
2670 4.5152E-013
2671 4.5461E-013
2672 4.5519E-013
2674 4.7303E-013
2675 4.6351E-013
2677 4.6172E-013
2678 4.9988E-013
2679 4.9900E-013
2681 4.7185E-013
2682 4.6189E-013
2683 4.7163E-013
2685 4.8537E-013
2686 4.9743E-013
2688 4.9428E-013
2689 4.9067E-013
2690 4.8305E-013
2692 4.6607E-013
2693 4.5463E-013
2694 4.5693E-013
2696 4.6684E-013
2697 4.7363E-013
2699 4.6369E-013
2700 4.6125E-013
2701 4.6181E-013
2703 4.6264E-013
2704 4.9199E-013
2705 4.7427E-013
2707 4.8572E-013
2708 4.8934E-013
2710 4.6969E-013
2711 4.6236E-013
2712 4.6208E-013
2714 4.6573E-013
2715 4.6293E-013
2716 4.6225E-013
2718 4.4463E-013
2719 4.4305E-013
2721 4.5457E-013
2722 4.3649E-013
2723 4.1535E-013
2725 4.3946E-013
2726 4.5044E-013
2727 4.4347E-013
2729 4.3967E-013
2730 4.3992E-013
2731 4.2251E-013
2733 4.6434E-013
2734 4.6682E-013
2736 4.6303E-013
2737 4.5000E-013
2738 4.3379E-013
2740 4.1866E-013
2741 3.9147E-013
2742 4.0403E-013
2744 3.7684E-013
2745 3.9936E-013
2747 3.5195E-013
2748 3.8015E-013
2749 3.8397E-013
2751 3.2529E-013
2752 3.5026E-013
2753 3.2727E-013
2755 3.9319E-013
2756 4.3851E-013
2758 4.1915E-013
2759 3.7703E-013
2760 3.6347E-013
2762 4.4682E-013
2763 4.6995E-013
2764 4.6786E-013
2766 4.2642E-013
2767 4.4893E-013
2769 4.5803E-013
2770 4.6535E-013
2771 4.5289E-013
2773 4.4450E-013
2774 4.7117E-013
2775 4.7711E-013
2777 4.7848E-013
2778 4.8820E-013
2780 4.6973E-013
2781 4.4947E-013
2782 4.2298E-013
2784 4.1674E-013
2785 4.2250E-013
2786 4.2956E-013
2788 4.3270E-013
2789 4.3998E-013
2790 4.3279E-013
2792 3.8945E-013
2793 3.3340E-013
2795 2.6270E-013
2796 1.8665E-013
2797 1.2164E-013
2799 7.2649E-014
2800 6.8384E-014
2801 8.9736E-014
2803 1.2164E-013
2804 1.1893E-013
2806 8.6687E-014
2807 8.6179E-014
2808 1.4709E-013
2810 2.4618E-013
2811 3.2614E-013
2812 3.9422E-013
2814 4.1821E-013
2815 4.3059E-013
2817 4.4370E-013
2818 4.7966E-013
2819 4.8666E-013
2821 4.9009E-013
2822 4.9940E-013
2823 5.0405E-013
2825 5.0633E-013
2826 5.0392E-013
2828 5.1648E-013
2829 5.0450E-013
2830 4.9959E-013
2832 5.0376E-013
2833 5.0705E-013
2834 5.0951E-013
2836 4.9811E-013
2837 5.0752E-013
2839 4.9607E-013
2840 4.7555E-013
2841 5.1158E-013
2843 5.0664E-013
2844 4.7818E-013
2845 4.9234E-013
2847 4.8285E-013
2848 4.8748E-013
2849 4.9726E-013
2851 4.7600E-013
2852 4.3151E-013
2854 3.8362E-013
2855 2.8589E-013
2856 2.3159E-013
2858 3.7033E-013
2859 4.4491E-013
2860 4.5920E-013
2862 4.8059E-013
2863 5.1340E-013
2865 5.2731E-013
2866 5.0590E-013
2867 5.1370E-013
2869 5.0620E-013
2870 4.9688E-013
2871 4.8252E-013
2873 4.8688E-013
2874 5.0705E-013
2876 5.2404E-013
2877 5.0793E-013
2878 5.0185E-013
2880 4.8487E-013
2881 4.9044E-013
2882 4.8946E-013
2884 4.6506E-013
2885 3.6981E-013
2887 4.4727E-013
2888 5.0937E-013
2889 5.3198E-013
2891 5.3280E-013
2892 5.2014E-013
2893 5.0855E-013
2895 5.2187E-013
2896 4.8910E-013
2897 4.9927E-013
2899 5.1880E-013
2900 5.3884E-013
2902 5.5072E-013
2903 5.6230E-013
2904 5.7404E-013
2906 5.6615E-013
2907 5.7369E-013
2908 5.8205E-013
2910 5.6716E-013
2911 5.4897E-013
2913 5.3878E-013
2914 5.3249E-013
2915 5.4598E-013
2917 5.6662E-013
2918 5.7064E-013
2919 5.6025E-013
2921 5.5618E-013
2922 5.5433E-013
2924 5.5989E-013
2925 5.5732E-013
2926 5.5111E-013
2928 5.3257E-013
2929 5.3402E-013
2930 5.3070E-013
2932 5.2024E-013
2933 5.2694E-013
2934 5.6855E-013
2936 5.7233E-013
2937 5.6564E-013
2939 5.6011E-013
2940 5.2099E-013
2941 5.2363E-013
2943 5.3255E-013
2944 5.4248E-013
2945 5.4213E-013
2947 5.5606E-013
2948 5.3967E-013
2950 5.5770E-013
2951 5.3724E-013
2952 5.0721E-013
2954 5.3941E-013
2955 5.7004E-013
2956 5.6689E-013
2958 5.3052E-013
2959 5.7565E-013
2961 5.7124E-013
2962 5.7452E-013
2963 5.7018E-013
2965 5.7161E-013
2966 5.9276E-013
2967 5.7977E-013
2969 5.2901E-013
2970 5.2639E-013
2971 5.3596E-013
2973 5.2721E-013
2974 5.0872E-013
2976 5.4932E-013
2977 5.4063E-013
2978 5.7980E-013
2980 5.7155E-013
2981 5.9466E-013
2982 5.9482E-013
2984 5.6967E-013
2985 5.4191E-013
2987 5.4450E-013
2988 5.0893E-013
2989 4.9755E-013
2991 5.2979E-013
2992 5.5249E-013
2993 5.8116E-013
2995 5.9594E-013
2996 5.9034E-013
2998 5.7725E-013
2999 5.6523E-013
3000 5.9425E-013
3002 5.9868E-013
3003 5.6520E-013
3004 5.3982E-013
3006 5.2807E-013
3007 5.3151E-013
3008 5.7650E-013
3010 5.8715E-013
3011 5.5996E-013
3013 5.5914E-013
3014 5.8596E-013
3015 5.8783E-013
3017 5.8853E-013
3018 5.8575E-013
3019 5.6899E-013
3021 5.5697E-013
3022 5.3806E-013
3024 5.1830E-013
3025 4.8175E-013
3026 5.7491E-013
3028 5.8848E-013
3029 5.7119E-013
3030 5.7440E-013
3032 5.9993E-013
3033 5.9010E-013
3035 5.8561E-013
3036 5.8272E-013
3037 6.0250E-013
3039 6.0940E-013
3040 6.0829E-013
3041 5.7606E-013
3043 5.9753E-013
3044 5.8862E-013
3045 5.5994E-013
3047 5.7980E-013
3048 5.9446E-013
3050 5.9747E-013
3051 5.8072E-013
3052 5.8482E-013
3054 6.0683E-013
3055 6.1109E-013
3056 6.1680E-013
3058 5.9196E-013
3059 5.9008E-013
3061 5.6862E-013
3066 5.5200E-013
3069 5.4704E-013
3072 5.6504E-013
3075 5.7458E-013
3077 5.7698E-013
3080 5.8209E-013
3083 5.8371E-013
3086 5.8810E-013
3088 5.8413E-013
3091 5.6345E-013
3094 5.3222E-013
3097 5.3352E-013
3099 5.4072E-013
3102 5.2989E-013
3105 5.5307E-013
3108 5.7988E-013
3110 5.9872E-013
3113 6.0055E-013
3116 5.9995E-013
3119 5.9180E-013
3121 5.6055E-013
3124 5.6066E-013
3127 5.7867E-013
3130 5.8683E-013
3132 5.8432E-013
3135 5.8729E-013
3138 5.9593E-013
3141 6.0459E-013
3143 6.0544E-013
3146 5.6950E-013
3149 5.7973E-013
3152 6.0081E-013
3154 6.0030E-013
3157 5.8561E-013
3160 5.6886E-013
3163 5.6032E-013
3165 5.7339E-013
3168 5.9824E-013
3171 6.0569E-013
3174 6.2452E-013
3176 6.2691E-013
3179 6.1868E-013
3182 5.8146E-013
3185 5.6937E-013
3187 5.8788E-013
3190 5.9643E-013
3193 5.9593E-013
3196 5.6905E-013
3198 5.8864E-013
3201 6.0911E-013
3204 6.2411E-013
3207 6.2776E-013
3209 6.3494E-013
3212 6.0946E-013
3215 5.7991E-013
3218 5.8659E-013
3220 5.9955E-013
3223 6.1596E-013
3226 6.0873E-013
3228 5.9849E-013
3231 5.7530E-013
3234 5.8124E-013
3237 5.7876E-013
3239 5.8510E-013
3242 5.9988E-013
3245 6.1785E-013
3248 6.2366E-013
3250 6.1058E-013
3253 6.1702E-013
3256 6.1927E-013
3259 6.4335E-013
3261 6.4796E-013
3264 6.5474E-013
3267 6.4855E-013
3270 6.5756E-013
3272 6.5573E-013
3275 6.3655E-013
3278 6.3588E-013
3281 6.2606E-013
3283 6.3320E-013
3286 6.4655E-013
3289 6.4825E-013
3292 6.4576E-013
3294 6.6381E-013
3297 6.7860E-013
3300 6.7288E-013
3303 6.7608E-013
3305 6.6163E-013
3308 6.5901E-013
3311 6.5633E-013
3314 6.6963E-013
3316 6.6349E-013
3319 6.6222E-013
3322 6.5429E-013
3325 6.3925E-013
3327 6.4803E-013
3330 6.4914E-013
3333 6.4729E-013
3336 6.5614E-013
3338 6.4144E-013
3341 6.4313E-013
3344 6.3949E-013
3347 6.5145E-013
3349 6.5218E-013
3352 6.2396E-013
3355 6.4928E-013
3358 6.5692E-013
3360 6.6335E-013
3363 6.3403E-013
3366 6.3597E-013
3369 6.4976E-013
3371 6.3789E-013
3374 6.2393E-013
3377 6.2623E-013
3380 6.5597E-013
3382 6.3712E-013
3385 6.3904E-013
3388 6.4976E-013
3391 6.5817E-013
3393 6.5546E-013
3396 6.3599E-013
3399 6.5163E-013
3402 6.7770E-013
3404 6.5811E-013
3407 6.4593E-013
3410 6.4607E-013
3413 6.4190E-013
3415 6.4338E-013
3418 6.3845E-013
3421 6.5627E-013
3424 6.7252E-013
3426 6.6062E-013
3429 6.5881E-013
3432 6.7032E-013
3435 6.7408E-013
3437 6.6422E-013
3440 6.7248E-013
3443 6.4338E-013
3446 6.1857E-013
3448 6.4065E-013
3451 6.5841E-013
3454 6.6320E-013
3457 6.5768E-013
3459 6.6783E-013
3462 6.6202E-013
3465 6.5557E-013
3468 6.5951E-013
3470 6.6716E-013
3473 6.7256E-013
3476 6.6275E-013
3479 6.3863E-013
3481 6.4794E-013
3484 6.6793E-013
3487 6.6627E-013
3490 6.6433E-013
3492 6.5677E-013
3495 6.4560E-013
3498 6.4868E-013
3501 6.4176E-013
3503 6.5981E-013
3506 6.6900E-013
3509 6.6417E-013
3512 6.6621E-013
3514 6.5654E-013
3517 6.5123E-013
3520 6.6297E-013
3523 6.6512E-013
3525 6.4830E-013
3528 6.2884E-013
3531 6.2897E-013
3534 6.5439E-013
3536 6.7395E-013
3539 6.7676E-013
3542 6.8619E-013
3545 6.8499E-013
3547 6.9228E-013
3550 6.9461E-013
3553 6.9726E-013
3556 6.8974E-013
3558 6.7239E-013
3561 6.8088E-013
3564 6.8518E-013
3567 6.8545E-013
3569 6.5927E-013
3572 6.4629E-013
3575 6.3006E-013
3578 6.4582E-013
3580 6.6380E-013
3583 6.6328E-013
3586 6.3843E-013
3588 6.3314E-013
3591 6.2180E-013
3594 6.4629E-013
3597 6.6303E-013
3599 6.7562E-013
3602 6.8410E-013
3605 6.7997E-013
3608 6.6625E-013
3610 6.5671E-013
3613 6.5055E-013
3616 6.5451E-013
3619 6.7360E-013
3621 6.6549E-013
3624 6.7098E-013
3627 6.7872E-013
3630 6.8788E-013
3632 6.8886E-013
3635 6.5487E-013
3638 6.6296E-013
3641 6.8741E-013
3643 6.9136E-013
3646 6.7317E-013
3649 6.6262E-013
3652 6.6874E-013
3654 6.7023E-013
3657 6.9196E-013
3660 7.0297E-013
3663 7.0727E-013
3665 7.0583E-013
3668 7.0656E-013
3671 7.0650E-013
3674 7.0709E-013
3676 7.0403E-013
3679 6.9996E-013
3682 6.8915E-013
3685 6.8098E-013
3687 6.7552E-013
3690 6.7353E-013
3693 6.8458E-013
3696 7.1359E-013
3698 7.1516E-013
3701 7.1165E-013
3704 7.2697E-013
3707 7.0651E-013
3709 6.7189E-013
3712 6.7166E-013
3715 6.8309E-013
3718 7.0627E-013
3720 7.4749E-013
3723 7.1287E-013
3726 6.4500E-013
3729 7.0337E-013
3731 7.4346E-013
3734 7.5068E-013
3737 6.7631E-013
3740 6.5782E-013
3742 7.0115E-013
3745 7.7177E-013
3748 7.5163E-013
3751 6.9862E-013
3753 6.3712E-013
3756 6.5633E-013
3759 7.6573E-013
3762 7.8727E-013
3764 7.7480E-013
3767 7.9256E-013
3770 7.7276E-013
3773 7.0099E-013
3775 6.4241E-013
3778 7.3687E-013
3781 8.1441E-013
3784 8.6409E-013
3786 8.8805E-013
3789 8.8548E-013
3792 8.4756E-013
3795 8.3293E-013
3797 7.9249E-013
3800 6.8992E-013
3803 6.2982E-013
3806 7.2941E-013
3808 8.1858E-013
3811 8.5124E-013
3814 8.7609E-013
3817 8.8563E-013
3819 8.6039E-013
3822 8.7983E-013
3825 8.6552E-013
3828 8.4826E-013
3830 8.0889E-013
3833 7.7534E-013
3836 7.0874E-013
3839 6.0967E-013
3841 6.0409E-013
3844 7.0199E-013
3847 8.0461E-013
3850 8.5783E-013
3852 8.9069E-013
3855 9.0650E-013
3858 9.1946E-013
3861 9.1594E-013
3863 9.0732E-013
3866 9.2258E-013
3869 9.3777E-013
3872 9.4076E-013
3874 9.3387E-013
3877 8.9428E-013
3880 8.8533E-013
3883 8.6516E-013
3885 8.5713E-013
3888 8.1746E-013
3891 7.0123E-013
3894 6.6606E-013
3896 6.9647E-013
3899 7.8136E-013
3902 8.2233E-013
3905 8.4583E-013
3907 8.6472E-013
3910 8.7025E-013
3913 9.0552E-013
3916 9.2818E-013
3918 9.2810E-013
3921 9.0917E-013
3924 9.0172E-013
3927 9.0168E-013
3929 8.8804E-013
3932 8.2210E-013
3935 6.6743E-013
3938 4.6295E-013
3940 5.2674E-013
3943 7.4270E-013
3946 8.5679E-013
3949 8.7489E-013
3951 8.9535E-013
3954 8.9704E-013
3957 8.9757E-013
3960 8.9350E-013
3962 8.7008E-013
3965 8.4116E-013
3968 7.6953E-013
3971 6.1868E-013
3973 4.7962E-013
3976 5.3666E-013
3979 7.0738E-013
3982 7.9935E-013
3984 8.6473E-013
3987 8.9177E-013
3990 9.0309E-013
3993 9.2384E-013
3995 9.4051E-013
3998 9.4293E-013
4001 9.4179E-013
4004 9.3817E-013
4006 9.5502E-013
4009 9.5415E-013
4012 9.4889E-013
4015 9.5959E-013
4017 9.6458E-013
4020 9.6448E-013
4023 9.6704E-013
4026 9.7108E-013
4028 9.6087E-013
4031 9.5634E-013
4034 9.5556E-013
4037 9.3933E-013
4039 9.4842E-013
4042 9.6994E-013
4045 9.7082E-013
4048 9.5782E-013
4050 9.3170E-013
4053 9.5560E-013
4056 9.6282E-013
4059 9.6387E-013
4061 9.5874E-013
4064 9.5193E-013
4067 9.4533E-013
4070 9.3060E-013
4072 9.3717E-013
4075 9.3996E-013
4078 9.2523E-013
4081 9.3032E-013
4083 9.2757E-013
4086 9.3993E-013
4089 9.3343E-013
4092 9.2579E-013
4094 9.1846E-013
4097 8.9955E-013
4100 8.6643E-013
4103 7.9685E-013
4105 6.9183E-013
4108 6.5811E-013
4111 7.7089E-013
4114 8.5268E-013
4116 8.8999E-013
4119 9.1315E-013
4122 9.2591E-013
4125 9.2761E-013
4127 9.3211E-013
4130 9.4355E-013
4133 9.5022E-013
4136 9.4498E-013
4138 9.3761E-013
4141 9.4666E-013
4144 9.6381E-013
4147 9.5380E-013
4149 9.4242E-013
4152 9.5705E-013
4155 9.5653E-013
4158 9.4779E-013
4160 9.3987E-013
4163 9.4793E-013
4166 9.6036E-013
4169 9.6148E-013
4171 9.5679E-013
4174 9.4651E-013
4177 9.3512E-013
4180 9.2979E-013
4182 9.3949E-013
4185 9.3672E-013
4188 9.4429E-013
4191 9.4197E-013
4193 9.3406E-013
4196 9.4268E-013
4199 9.5231E-013
4201 9.3732E-013
4204 9.2848E-013
4207 9.2868E-013
4210 9.4205E-013
4212 9.4812E-013
4215 9.4736E-013
4218 9.4569E-013
4221 9.2472E-013
4223 9.3321E-013
4226 9.4479E-013
4229 9.2599E-013
4232 8.9396E-013
4234 9.1495E-013
4237 9.3536E-013
4240 9.2527E-013
4243 9.2876E-013
4245 9.3330E-013
4248 9.4179E-013
4251 9.3150E-013
4254 9.2152E-013
4256 9.1483E-013
4259 9.3288E-013
4262 9.4107E-013
4265 9.3055E-013
4267 9.3277E-013
4270 9.3581E-013
4273 9.3759E-013
4276 9.1389E-013
4278 9.0633E-013
4281 9.2374E-013
4284 9.1998E-013
4287 9.1998E-013
4289 9.1165E-013
4292 9.0359E-013
4295 8.8443E-013
4298 8.9457E-013
4300 8.9354E-013
4303 8.8068E-013
4306 8.5410E-013
4309 8.5763E-013
4311 8.6285E-013
4314 8.6206E-013
4317 8.7062E-013
4320 8.7372E-013
4322 8.9391E-013
4325 8.9020E-013
4328 8.7647E-013
4331 8.6061E-013
4333 8.6947E-013
4336 8.6171E-013
4339 8.3523E-013
4342 7.7252E-013
4344 6.6336E-013
4347 6.3625E-013
4350 7.5110E-013
4353 8.2373E-013
4355 8.5246E-013
4358 8.5507E-013
4361 8.8434E-013
4364 9.0483E-013
4366 9.0596E-013
4369 9.1517E-013
4372 9.1074E-013
4375 9.1110E-013
4377 9.1352E-013
4380 9.0896E-013
4383 9.1122E-013
4386 9.1462E-013
4388 8.9560E-013
4391 8.9925E-013
4394 9.1857E-013
4397 9.1440E-013
4399 9.1253E-013
4402 9.1117E-013
4405 9.1242E-013
4408 9.1618E-013
4410 9.0237E-013
4413 9.1176E-013
4416 9.2451E-013
4419 9.2201E-013
4421 9.0794E-013
4424 9.0655E-013
4427 9.1787E-013
4430 9.1952E-013
4432 9.1720E-013
4435 9.2218E-013
4438 9.2189E-013
4441 9.1201E-013
4443 9.1962E-013
4446 9.2397E-013
4449 8.9873E-013
4452 9.0786E-013
4454 9.1815E-013
4457 9.1833E-013
4460 9.0459E-013
4463 8.9744E-013
4465 9.1024E-013
4468 9.0179E-013
4471 9.0709E-013
4474 8.9250E-013
4476 9.1011E-013
4479 9.2310E-013
4482 9.1438E-013
4485 9.1693E-013
4487 9.0201E-013
4490 9.1174E-013
4493 9.2428E-013
4496 9.1524E-013
4498 9.1762E-013
4501 9.1588E-013
4504 9.2378E-013
4507 9.1865E-013
4509 9.2430E-013
4512 9.2939E-013
4515 9.2282E-013
4518 9.2660E-013
4520 9.2180E-013
4523 9.0824E-013
4526 9.1347E-013
4528 9.0149E-013
4531 9.0337E-013
4534 9.0116E-013
4537 8.9822E-013
4539 8.8571E-013
4542 8.9849E-013
4545 9.1443E-013
4548 9.1231E-013
4550 9.0976E-013
4553 8.9738E-013
4556 8.9195E-013
4559 8.9774E-013
4561 8.9908E-013
4564 9.0651E-013
4567 9.1267E-013
4570 9.1013E-013
4572 9.0916E-013
4575 9.1374E-013
4578 9.0328E-013
4581 9.1411E-013
4583 9.1174E-013
4586 9.0682E-013
4589 8.9781E-013
4592 8.9768E-013
4594 9.0176E-013
4597 9.0228E-013
4600 9.0733E-013
4603 9.1305E-013
4605 9.0933E-013
4608 9.0490E-013
4611 9.0454E-013
4614 9.1203E-013
4616 9.0820E-013
4619 9.0635E-013
4622 9.0328E-013
4625 9.0605E-013
4627 9.0823E-013
4630 9.1021E-013
4633 9.0362E-013
4636 9.0421E-013
4638 9.0343E-013
4641 9.0892E-013
4644 9.0072E-013
4647 9.0013E-013
4649 9.0769E-013
4652 8.9175E-013
4655 9.0079E-013
4658 8.9896E-013
4660 8.9378E-013
4663 8.9732E-013
4666 9.0867E-013
4669 9.0000E-013
4671 8.9612E-013
4674 8.8806E-013
4677 8.9564E-013
4680 8.9745E-013
4682 8.9860E-013
4685 8.8575E-013
4688 8.8221E-013
4691 8.9958E-013
4693 8.9709E-013
4696 8.9598E-013
4699 8.9811E-013
4702 8.9784E-013
4704 8.9050E-013
4707 8.8273E-013
4710 8.8184E-013
4713 8.8398E-013
4715 8.9084E-013
4718 8.8549E-013
4721 8.9413E-013
4724 8.9003E-013
4726 8.8955E-013
4729 8.9602E-013
4732 8.8664E-013
4734 8.9321E-013
4737 8.8810E-013
4740 8.8229E-013
4743 8.8256E-013
4745 8.8804E-013
4748 8.9381E-013
4751 8.9213E-013
4754 8.8640E-013
4756 8.8349E-013
4759 8.8351E-013
4762 8.7670E-013
4765 8.7704E-013
4767 8.8530E-013
4770 8.8276E-013
4773 8.7858E-013
4776 8.8395E-013
4778 8.7859E-013
4781 8.7936E-013
4784 8.7424E-013
4787 8.7570E-013
4789 8.7205E-013
4792 8.6571E-013
4795 8.6416E-013
4798 8.6993E-013
4800 8.7150E-013
4803 8.7032E-013
4806 8.6878E-013
4809 8.6727E-013
4811 8.6650E-013
4814 8.6167E-013
4817 8.5758E-013
4820 8.5437E-013
4822 8.5758E-013
4825 8.7072E-013
4828 8.6638E-013
4831 8.6088E-013
4833 8.6079E-013
4836 8.5884E-013
4839 8.5300E-013
4842 8.5777E-013
4844 8.5293E-013
4847 8.4128E-013
4850 8.4211E-013
4853 8.3904E-013
4855 8.2610E-013
4858 8.0345E-013
4861 7.6774E-013
4864 7.1154E-013
4866 6.2163E-013
4869 6.2230E-013
4872 7.0822E-013
4874 7.6558E-013
4877 7.8648E-013
4880 8.0516E-013
4883 8.1866E-013
4885 8.2124E-013
4888 8.3552E-013
4891 8.3924E-013
4894 8.3450E-013
4896 8.2678E-013
4899 8.3568E-013
4902 8.4777E-013
4905 8.5517E-013
4907 8.5362E-013
4910 8.4823E-013
4913 8.4859E-013
4916 8.5672E-013
4918 8.5048E-013
4921 8.4831E-013
4924 8.4235E-013
4927 8.3499E-013
4929 8.3594E-013
4932 8.4211E-013
4935 8.5176E-013
4938 8.4432E-013
4940 8.4098E-013
4943 8.3967E-013
4946 8.4606E-013
4949 8.5147E-013
4951 8.4807E-013
4954 8.4521E-013
4957 8.5338E-013
4960 8.4465E-013
4962 8.3762E-013
4965 8.3829E-013
4968 8.4096E-013
4971 8.5073E-013
4973 8.4843E-013
4976 8.4652E-013
4979 8.4805E-013
4982 8.4684E-013
4984 8.4717E-013
4987 8.3954E-013
4990 8.3378E-013
4992 8.3611E-013
4995 8.4720E-013
4998 8.3947E-013
5001 8.3852E-013
5003 8.4054E-013
5006 8.3515E-013
5009 8.3320E-013
5012 8.2928E-013
5014 8.3091E-013
5017 8.3508E-013
5020 8.2994E-013
5023 8.3082E-013
5025 8.1377E-013
5028 8.3123E-013
5031 8.3704E-013
5034 8.3431E-013
5036 8.4213E-013
5039 8.2992E-013
5042 8.3396E-013
5045 8.3063E-013
5047 8.2591E-013
5050 8.3125E-013
5053 8.3471E-013
5056 8.3248E-013
5058 8.3221E-013
5061 8.3198E-013
5064 8.3153E-013
5067 8.3654E-013
5069 8.3512E-013
5072 8.2946E-013
5075 8.3193E-013
5078 8.3094E-013
5080 8.2892E-013
5083 8.2563E-013
5086 8.2439E-013
5088 8.2001E-013
5091 8.2669E-013
5094 8.3168E-013
5097 8.3124E-013
5099 8.2954E-013
5102 8.2789E-013
5105 8.2350E-013
5108 8.2681E-013
5110 8.2211E-013
5113 8.2148E-013
5116 8.1767E-013
5119 8.1794E-013
5121 8.2385E-013
5124 8.2198E-013
5127 8.1041E-013
5130 8.2267E-013
5132 8.1426E-013
5135 8.1051E-013
5138 8.1405E-013
5141 8.1256E-013
5143 8.1301E-013
5146 8.0709E-013
5149 8.0965E-013
5152 8.1205E-013
5154 8.1504E-013
5157 8.1400E-013
5160 8.0939E-013
5163 8.1455E-013
5165 8.1389E-013
5168 8.0970E-013
5171 8.0327E-013
5174 7.7042E-013
5176 7.6301E-013
5179 7.5743E-013
5182 7.8870E-013
5184 7.9900E-013
5187 7.9776E-013
5190 7.6795E-013
5193 7.8266E-013
5195 7.8931E-013
5198 7.9216E-013
5201 7.9223E-013
5204 7.9660E-013
5206 8.0262E-013
5209 7.9889E-013
5212 7.9058E-013
5215 7.9311E-013
5217 7.9347E-013
5220 8.0400E-013
5223 8.0255E-013
5226 8.0510E-013
5228 8.0657E-013
5231 7.9854E-013
5234 7.7803E-013
5237 7.8978E-013
5239 7.9542E-013
5242 7.9633E-013
5245 7.9861E-013
5248 8.0249E-013
5250 8.0053E-013
5253 8.0124E-013
5256 8.0137E-013
5258 8.0398E-013
5261 8.0050E-013
5264 7.9665E-013
5267 7.9548E-013
5269 7.8047E-013
5272 7.7889E-013
5275 7.7061E-013
5278 7.6586E-013
5280 7.8192E-013
5283 7.8789E-013
5286 7.9390E-013
5289 7.8936E-013
5291 7.9197E-013
5294 7.9424E-013
5297 7.9934E-013
5300 7.9640E-013
5302 7.9587E-013
5305 7.9149E-013
5308 7.9287E-013
5311 7.9226E-013
5313 7.8845E-013
5316 7.8853E-013
5319 7.9307E-013
5322 7.8724E-013
5324 7.8451E-013
5327 7.8342E-013
5330 7.7867E-013
5332 7.6925E-013
5335 7.6601E-013
5338 7.7993E-013
5341 7.8166E-013
5343 7.8009E-013
5346 7.8063E-013
5349 7.7911E-013
5352 7.8821E-013
5354 7.7103E-013
5357 7.8264E-013
5360 7.8730E-013
5363 7.9011E-013
5365 7.8946E-013
5368 7.8789E-013
5371 7.7607E-013
5374 7.7345E-013
5376 7.7146E-013
5379 7.7092E-013
5382 7.7782E-013
5385 7.7972E-013
5387 7.7661E-013
5390 7.7577E-013
5393 7.7907E-013
5395 7.7617E-013
5398 7.7304E-013
5401 7.6768E-013
5404 7.6637E-013
5406 7.7153E-013
5409 7.6990E-013
5412 7.6223E-013
5415 7.6285E-013
5417 7.6932E-013
5420 7.7174E-013
5423 7.7463E-013
5426 7.6888E-013
5428 7.7374E-013
5431 7.6985E-013
5434 7.6791E-013
5437 7.5617E-013
5439 7.6095E-013
5442 7.6039E-013
5445 7.7048E-013
5448 7.7118E-013
5452 7.6092E-013
5456 7.6168E-013
5461 7.6774E-013
5466 7.6180E-013
5471 7.6358E-013
5476 7.7028E-013
5481 7.6682E-013
5486 7.6112E-013
5491 7.6497E-013
5495 7.6614E-013
5500 7.6403E-013
5505 7.6393E-013
5510 7.5643E-013
5515 7.6111E-013
5520 7.6267E-013
5525 7.6429E-013
5530 7.5965E-013
5534 7.4880E-013
5539 7.5056E-013
5544 7.5239E-013
5549 7.5804E-013
5554 7.5558E-013
5559 7.5118E-013
5564 7.5054E-013
5568 7.4953E-013
5573 7.4659E-013
5578 7.4536E-013
5583 7.4169E-013
5588 7.4185E-013
5593 7.3688E-013
5598 7.3625E-013
5603 7.3755E-013
5607 7.3817E-013
5612 7.3954E-013
5617 7.3708E-013
5622 7.3843E-013
5627 7.3566E-013
5632 7.3540E-013
5637 7.3483E-013
5642 7.3802E-013
5646 7.3697E-013
5651 7.3288E-013
5656 7.3464E-013
5661 7.3235E-013
5666 7.3381E-013
5671 7.3030E-013
5676 7.3129E-013
5681 7.2914E-013
5685 7.2838E-013
5690 7.3170E-013
5695 7.2921E-013
5700 7.2923E-013
5705 7.2893E-013
5710 7.2439E-013
5715 7.2662E-013
5720 7.2366E-013
5724 7.2747E-013
5729 7.2541E-013
5734 7.2330E-013
5739 7.2431E-013
5744 7.2267E-013
5749 7.2197E-013
5754 7.2615E-013
5759 7.1775E-013
5763 7.1737E-013
5768 7.1666E-013
5773 7.2047E-013
5778 7.2089E-013
5783 7.1639E-013
5788 7.1099E-013
5793 7.1487E-013
5798 7.1202E-013
5802 7.1378E-013
5807 7.1123E-013
5812 7.1066E-013
5817 7.0965E-013
5822 7.0714E-013
5827 7.1086E-013
5832 7.0713E-013
5837 7.0885E-013
5841 7.0533E-013
5846 7.0511E-013
5851 7.0243E-013
5856 6.9906E-013
5861 6.9798E-013
5866 6.9826E-013
5871 7.0110E-013
5876 6.9936E-013
5880 7.0307E-013
5885 6.9680E-013
5890 6.8646E-013
5895 6.8177E-013
5900 6.8176E-013
5905 6.8530E-013
5910 6.9264E-013
5915 6.9370E-013
5919 6.9458E-013
5924 6.9180E-013
5929 6.9358E-013
5934 6.9175E-013
5939 6.9221E-013
5944 6.8138E-013
5949 6.8975E-013
5954 6.9120E-013
5958 6.8567E-013
5963 6.8876E-013
5968 6.8869E-013
5973 6.8457E-013
5978 6.8638E-013
5983 6.8455E-013
5988 6.8521E-013
5993 6.8285E-013
5997 6.8285E-013
6002 6.8135E-013
6007 6.8107E-013
6012 6.7864E-013
6017 6.7724E-013
6022 6.7723E-013
6027 6.7922E-013
6032 6.7429E-013
6036 6.7315E-013
6041 6.8224E-013
6046 6.7646E-013
6051 6.7367E-013
6056 6.6753E-013
6061 6.6922E-013
6066 6.6997E-013
6071 6.6945E-013
6076 6.6650E-013
6080 6.7062E-013
6085 6.6686E-013
6090 6.6425E-013
6095 6.6067E-013
6100 6.6555E-013
6105 6.6399E-013
6110 6.5877E-013
6115 6.5661E-013
6119 6.5750E-013
6124 6.5598E-013
6129 6.5379E-013
6134 6.5966E-013
6139 6.6017E-013
6144 6.5533E-013
6149 6.5303E-013
6154 6.5450E-013
6158 6.5441E-013
6163 6.5333E-013
6168 6.4994E-013
6173 6.5277E-013
6178 6.5212E-013
6183 6.4802E-013
6188 6.5207E-013
6193 6.5043E-013
6197 6.5272E-013
6202 6.5063E-013
6207 6.5036E-013
6212 6.5194E-013
6217 6.4534E-013
6222 6.4507E-013
6227 6.4610E-013
6232 6.4628E-013
6236 6.4608E-013
6241 6.3966E-013
6246 6.4032E-013
6251 6.3852E-013
6256 6.4187E-013
6261 6.3888E-013
6266 6.3721E-013
6271 6.3822E-013
6276 6.3888E-013
6280 6.3706E-013
6285 6.3898E-013
6290 6.3989E-013
6295 6.4089E-013
6300 6.4089E-013
6305 6.3001E-013
6310 6.3026E-013
6315 6.2766E-013
6319 6.2628E-013
6324 6.2275E-013
6329 6.1717E-013
6334 6.1735E-013
6339 6.2357E-013
6344 6.2607E-013
6349 6.2968E-013
6354 6.2769E-013
6358 6.2721E-013
6363 6.2880E-013
6368 6.2145E-013
6373 6.2283E-013
6378 6.2038E-013
6383 6.2479E-013
6388 6.2549E-013
6393 6.2326E-013
6398 6.2557E-013
6402 6.1958E-013
6407 6.1179E-013
6412 6.1203E-013
6417 6.1377E-013
6422 6.1747E-013
6427 6.1211E-013
6432 6.1429E-013
6437 6.1229E-013
6441 6.0782E-013
6446 6.0009E-013
6451 6.0648E-013
6456 6.0779E-013
6461 6.0682E-013
6466 6.0756E-013
6471 6.0586E-013
6476 6.0425E-013
6480 6.0245E-013
6485 6.0349E-013
6490 6.0392E-013
6495 6.0115E-013
6500 5.9890E-013
6505 5.9574E-013
6510 5.9909E-013
6515 5.9891E-013
6520 5.9439E-013
6524 5.9465E-013
6529 5.9818E-013
6534 5.9807E-013
6539 5.9310E-013
6544 5.8899E-013
6549 5.8499E-013
6554 5.7504E-013
6559 5.6412E-013
6563 5.3106E-013
6568 4.8549E-013
6573 4.7531E-013
6578 5.2668E-013
6583 5.5260E-013
6588 5.7286E-013
6593 5.7474E-013
6598 5.8229E-013
6603 5.8230E-013
6607 5.8595E-013
6612 5.8631E-013
6617 5.8782E-013
6622 5.8520E-013
6627 5.8830E-013
6632 5.8113E-013
6637 5.8251E-013
6642 5.8014E-013
6646 5.7982E-013
6651 5.8289E-013
6656 5.8290E-013
6661 5.8459E-013
6666 5.8301E-013
6671 5.7985E-013
6676 5.8076E-013
6681 5.8214E-013
6685 5.7817E-013
6690 5.7795E-013
6695 5.7885E-013
6700 5.7857E-013
6705 5.7799E-013
6710 5.7573E-013
6715 5.7647E-013
6720 5.7763E-013
6725 5.7034E-013
6729 5.7359E-013
6734 5.7074E-013
6739 5.7283E-013
6744 5.7291E-013
6749 5.7358E-013
6754 5.7027E-013
6759 5.7299E-013
6764 5.7150E-013
6768 5.6724E-013
6773 5.6580E-013
6778 5.6406E-013
6783 5.6464E-013
6788 5.6563E-013
6793 5.6612E-013
6798 5.6486E-013
6803 5.6662E-013
6808 5.6526E-013
6812 5.6442E-013
6817 5.6099E-013
6822 5.5999E-013
6827 5.6146E-013
6832 5.5950E-013
6837 5.5847E-013
6842 5.5926E-013
6847 5.5579E-013
6851 5.5346E-013
6856 5.5471E-013
6861 5.5309E-013
6866 5.5560E-013
6871 5.5767E-013
6876 5.5588E-013
6881 5.5213E-013
6886 5.5254E-013
6891 5.5118E-013
6895 5.5325E-013
6900 5.5259E-013
6905 5.5370E-013
6910 5.5061E-013
6915 5.4901E-013
6920 5.4981E-013
6925 5.4780E-013
6930 5.4883E-013
6934 5.4446E-013
6939 5.4536E-013
6944 5.4773E-013
6949 5.4079E-013
6954 5.4146E-013
6959 5.4245E-013
6964 5.4567E-013
6969 5.4387E-013
6974 5.4378E-013
6978 5.4105E-013
6983 5.4200E-013
6988 5.3896E-013
6993 5.4043E-013
6998 5.3720E-013
7003 5.3724E-013
7008 5.3534E-013
7013 5.3620E-013
7018 5.3507E-013
7022 5.3767E-013
7027 5.3629E-013
7032 5.3410E-013
7037 5.3495E-013
7042 5.3351E-013
7047 5.3002E-013
7052 5.3384E-013
7057 5.3237E-013
7061 5.2905E-013
7066 5.2905E-013
7071 5.2690E-013
7076 5.2843E-013
7081 5.2835E-013
7086 5.2521E-013
7091 5.2682E-013
7096 5.2521E-013
7101 5.2778E-013
7105 5.2325E-013
7110 5.2492E-013
7115 5.2260E-013
7120 5.2397E-013
7125 5.2321E-013
7130 5.2177E-013
7135 5.2097E-013
7140 5.1723E-013
7144 5.2267E-013
7149 5.2013E-013
7154 5.1832E-013
7159 5.1701E-013
7164 5.1878E-013
7169 5.1280E-013
7174 5.1053E-013
7179 5.1375E-013
7184 5.1561E-013
7188 5.1419E-013
7193 5.1436E-013
7198 5.1159E-013
7203 5.1497E-013
7208 5.1194E-013
7213 5.1143E-013
7218 5.0866E-013
7223 5.0861E-013
7228 5.1095E-013
7232 5.0685E-013
7237 5.0779E-013
7242 5.0715E-013
7247 5.0411E-013
7252 5.0484E-013
7257 5.0540E-013
7262 5.0516E-013
7267 5.0107E-013
7271 5.0445E-013
7276 5.0446E-013
7281 5.0409E-013
7286 5.0029E-013
7291 5.0021E-013
7296 4.9877E-013
7301 4.9988E-013
7306 4.9830E-013
7311 4.9922E-013
7315 4.9941E-013
7320 4.9839E-013
7325 4.9939E-013
7330 4.9748E-013
7335 4.9934E-013
7340 4.9694E-013
7345 4.9188E-013
7350 4.9413E-013
7355 4.9254E-013
7359 4.9633E-013
7364 4.9462E-013
7369 4.9071E-013
7374 4.9230E-013
7379 4.9003E-013
7384 4.9225E-013
7389 4.8943E-013
7394 4.8792E-013
7398 4.8868E-013
7403 4.8853E-013
7408 4.8590E-013
7413 4.8693E-013
7418 4.8378E-013
7423 4.8364E-013
7428 4.8205E-013
7433 4.8279E-013
7438 4.8429E-013
7442 4.8404E-013
7447 4.8319E-013
7452 4.8080E-013
7457 4.8012E-013
7462 4.8213E-013
7467 4.8096E-013
7472 4.7790E-013
7477 4.7747E-013
7482 4.7904E-013
7486 4.7893E-013
7491 4.7829E-013
7496 4.7643E-013
7501 4.7516E-013
7506 4.7495E-013
7511 4.7460E-013
7516 4.7565E-013
7521 4.7194E-013
7525 4.7202E-013
7530 4.7228E-013
7535 4.7216E-013
7540 4.7168E-013
7545 4.7193E-013
7550 4.7282E-013
7555 4.7189E-013
7560 4.7041E-013
7565 4.7128E-013
7569 4.6864E-013
7574 4.6725E-013
7579 4.6909E-013
7584 4.6709E-013
7589 4.6866E-013
7594 4.6524E-013
7599 4.6724E-013
7604 4.6394E-013
7609 4.6156E-013
7613 4.6161E-013
7618 4.6582E-013
7623 4.6295E-013
7628 4.6330E-013
7633 4.6194E-013
7638 4.6145E-013
7643 4.6042E-013
7648 4.6037E-013
7652 4.6066E-013
7657 4.5988E-013
7662 4.5893E-013
7667 4.5744E-013
7672 4.5625E-013
7677 4.5487E-013
7682 4.5369E-013
7687 4.5572E-013
7692 4.5543E-013
7696 4.5651E-013
7701 4.5583E-013
7706 4.5643E-013
7711 4.5344E-013
7716 4.5446E-013
7721 4.5301E-013
7726 4.5361E-013
7731 4.5154E-013
7736 4.5244E-013
7740 4.4901E-013
7745 4.4967E-013
7750 4.5326E-013
7755 4.4846E-013
7760 4.5075E-013
7765 4.4892E-013
7770 4.5112E-013
7775 4.4776E-013
7779 4.4545E-013
7784 4.4321E-013
7789 4.4306E-013
7794 4.4203E-013
7799 4.4644E-013
7804 4.4385E-013
7809 4.4386E-013
7814 4.4335E-013
7819 4.4237E-013
7823 4.4368E-013
7828 4.4335E-013
7833 4.4089E-013
7838 4.4038E-013
7843 4.3849E-013
7848 4.3532E-013
7853 4.3573E-013
7858 4.3735E-013
7863 4.3948E-013
7867 4.4010E-013
7872 4.3850E-013
7877 4.3742E-013
7882 4.3435E-013
7887 4.3423E-013
7892 4.3337E-013
7897 4.3481E-013
7902 4.3475E-013
7907 4.3723E-013
7911 4.3319E-013
7916 4.3343E-013
7921 4.3432E-013
7926 4.3364E-013
7931 4.3226E-013
7936 4.3245E-013
7941 4.3007E-013
7946 4.3069E-013
7950 4.3231E-013
7955 4.2958E-013
7960 4.2625E-013
7965 4.2717E-013
7970 4.2535E-013
7975 4.2549E-013
7980 4.2379E-013
7985 4.2643E-013
7990 4.2680E-013
7994 4.2543E-013
7999 4.2372E-013
8004 4.2156E-013
8009 4.2242E-013
8014 4.2291E-013
8019 4.2487E-013
8024 4.2141E-013
8029 4.2296E-013
8034 4.1890E-013
8038 4.1803E-013
8043 4.2004E-013
8048 4.1508E-013
8053 4.1695E-013
8058 4.1706E-013
8063 4.1715E-013
8068 4.1762E-013
8073 4.1648E-013
8077 4.1595E-013
8082 4.1512E-013
8087 4.1315E-013
8092 4.1143E-013
8097 4.1090E-013
8102 4.1047E-013
8107 4.1290E-013
8112 4.0982E-013
8117 4.1183E-013
8121 4.1327E-013
8126 4.1150E-013
8131 4.1179E-013
8136 4.0735E-013
8141 4.0548E-013
8146 4.0638E-013
8151 4.0681E-013
8156 4.0714E-013
8161 4.0816E-013
8165 4.0793E-013
8170 4.0726E-013
8175 4.0582E-013
8180 4.0534E-013
8185 4.0521E-013
8190 4.0309E-013
8195 4.0035E-013
8200 4.0030E-013
8204 3.9930E-013
8209 3.9839E-013
8214 4.0091E-013
8219 4.0053E-013
8224 3.9907E-013
8229 3.9796E-013
8234 3.9665E-013
8239 3.9798E-013
8244 3.9734E-013
8248 3.9578E-013
8253 3.9569E-013
8258 3.9710E-013
8263 3.9584E-013
8268 3.9556E-013
8273 3.9511E-013
8278 3.9682E-013
8283 3.9560E-013
8288 3.9172E-013
8292 3.9109E-013
8297 3.9167E-013
8302 3.9183E-013
8307 3.9307E-013
8312 3.9261E-013
8317 3.9207E-013
8322 3.9111E-013
8327 3.9076E-013
8331 3.8680E-013
8336 3.8759E-013
8341 3.8701E-013
8346 3.8575E-013
8351 3.8807E-013
8356 3.8651E-013
8361 3.8537E-013
8366 3.8410E-013
8371 3.8477E-013
8375 3.8553E-013
8380 3.8664E-013
8385 3.8690E-013
8390 3.8492E-013
8395 3.8613E-013
8400 3.8476E-013
8405 3.8045E-013
8410 3.8285E-013
8415 3.8115E-013
8419 3.8173E-013
8424 3.8448E-013
8429 3.8145E-013
8434 3.8207E-013
8439 3.7846E-013
8444 3.7569E-013
8449 3.7750E-013
8454 3.7566E-013
8458 3.7629E-013
8463 3.8174E-013
8468 3.7885E-013
8473 3.7889E-013
8478 3.7595E-013
8483 3.7573E-013
8488 3.7936E-013
8493 3.7591E-013
8498 3.7493E-013
8502 3.7336E-013
8507 3.6523E-013
8512 3.6463E-013
8517 3.7020E-013
8522 3.6830E-013
8527 3.7055E-013
8532 3.7157E-013
8537 3.6709E-013
8542 3.6394E-013
8546 3.6125E-013
8551 3.4946E-013
8556 3.4814E-013
8561 3.6018E-013
8566 3.6543E-013
8571 3.6818E-013
8576 3.7019E-013
8581 3.6914E-013
8585 3.6821E-013
8590 3.6761E-013
8595 3.6743E-013
8600 3.6564E-013
8605 3.6289E-013
8610 3.6320E-013
8615 3.6419E-013
8620 3.6568E-013
8625 3.6280E-013
8629 3.6178E-013
8634 3.6090E-013
8639 3.6119E-013
8644 3.6125E-013
8649 3.6531E-013
8654 3.5971E-013
8659 3.5658E-013
8664 3.5332E-013
8669 3.4856E-013
8673 3.3890E-013
8678 3.4519E-013
8683 3.5219E-013
8688 3.5641E-013
8693 3.5826E-013
8698 3.5775E-013
8703 3.5719E-013
8708 3.5795E-013
8712 3.5831E-013
8717 3.5714E-013
8722 3.5973E-013
8727 3.5774E-013
8732 3.5778E-013
8737 3.5749E-013
8742 3.5462E-013
8747 3.5271E-013
8752 3.5232E-013
8756 3.5023E-013
8761 3.5185E-013
8766 3.4796E-013
8771 3.5100E-013
8776 3.4991E-013
8781 3.5126E-013
8786 3.5193E-013
8791 3.5166E-013
8795 3.5033E-013
8800 3.4891E-013
8805 3.5223E-013
8810 3.5329E-013
8815 3.4846E-013
8820 3.4843E-013
8825 3.4766E-013
8830 3.4825E-013
8835 3.4846E-013
8839 3.4829E-013
8844 3.5035E-013
8849 3.4814E-013
8854 3.4674E-013
8859 3.4283E-013
8864 3.4208E-013
8869 3.4061E-013
8874 3.3813E-013
8878 3.3955E-013
8883 3.4080E-013
8888 3.4288E-013
8893 3.4299E-013
8898 3.4287E-013
8903 3.4159E-013
8908 3.4206E-013
8913 3.4344E-013
8918 3.4453E-013
8922 3.4587E-013
8927 3.4528E-013
8932 3.4407E-013
8937 3.3798E-013
8942 3.3697E-013
8947 3.4091E-013
8952 3.3839E-013
8957 3.4346E-013
8961 3.4352E-013
8966 3.4013E-013
8971 3.3891E-013
8976 3.3837E-013
8981 3.3767E-013
8986 3.3888E-013
8991 3.4022E-013
8996 3.3632E-013
9001 3.3645E-013
9005 3.3347E-013
9010 3.3028E-013
9015 3.3160E-013
9020 3.2794E-013
9025 3.2573E-013
9030 3.2419E-013
9035 3.3052E-013
9040 3.3160E-013
9044 3.3116E-013
9049 3.3229E-013
9054 3.3077E-013
9059 3.3251E-013
9064 3.3135E-013
9069 3.3230E-013
9074 3.3544E-013
9079 3.3524E-013
9084 3.3153E-013
9088 3.3096E-013
9093 3.2919E-013
9098 3.2903E-013
9103 3.2798E-013
9108 3.2761E-013
9113 3.2962E-013
9118 3.2938E-013
9123 3.2595E-013
9127 3.2621E-013
9132 3.2783E-013
9137 3.2654E-013
9142 3.2819E-013
9147 3.3007E-013
9152 3.2883E-013
9157 3.3210E-013
9162 3.3057E-013
9167 3.2696E-013
9171 3.2586E-013
9176 3.2361E-013
9181 3.2184E-013
9186 3.2473E-013
9191 3.2675E-013
9196 3.2628E-013
9201 3.2397E-013
9206 3.2115E-013
9210 3.1931E-013
9215 3.1795E-013
9220 3.1791E-013
9225 3.1601E-013
9230 3.1414E-013
9235 3.1150E-013
9240 3.0533E-013
9245 3.0245E-013
9249 3.0849E-013
9254 3.1061E-013
9259 3.1441E-013
9264 3.1397E-013
9269 3.1240E-013
9274 3.1371E-013
9279 3.1444E-013
9284 3.1545E-013
9289 3.1778E-013
9293 3.1742E-013
9298 3.1626E-013
9303 3.1804E-013
9308 3.1709E-013
9313 3.1548E-013
9318 3.1224E-013
9323 3.1381E-013
9328 3.1468E-013
9332 3.1447E-013
9337 3.1335E-013
9342 3.1176E-013
9347 3.1051E-013
9352 3.1129E-013
9357 3.1382E-013
9362 3.1148E-013
9367 3.1130E-013
9371 3.1024E-013
9376 3.0768E-013
9381 3.0806E-013
9386 3.0722E-013
9391 3.0885E-013
9396 3.0808E-013
9401 3.1018E-013
9406 3.0790E-013
9411 3.0826E-013
9415 3.0652E-013
9420 3.0311E-013
9425 3.0252E-013
9430 3.0397E-013
9435 3.0793E-013
9440 3.0784E-013
9445 3.0704E-013
9450 3.0567E-013
9454 3.0165E-013
9459 3.0286E-013
9464 3.0275E-013
9469 3.0412E-013
9474 3.0551E-013
9479 3.0431E-013
9484 3.0515E-013
9489 3.0322E-013
9493 3.0256E-013
9498 3.0087E-013
9503 3.0099E-013
9508 3.0128E-013
9513 3.0206E-013
9518 3.0103E-013
9523 2.9777E-013
9528 2.9790E-013
9532 2.9814E-013
9537 2.9313E-013
9542 2.9414E-013
9547 2.9245E-013
9552 2.8566E-013
9557 2.7822E-013
9562 2.8194E-013
9567 2.8704E-013
9572 2.8932E-013
9576 2.9282E-013
9581 2.8900E-013
9586 2.9245E-013
9591 2.9317E-013
9596 2.9302E-013
9601 2.9059E-013
9606 2.9061E-013
9611 2.8890E-013
9615 2.9409E-013
9620 2.9026E-013
9625 2.9423E-013
9630 2.9312E-013
9635 2.9334E-013
9640 2.9254E-013
9645 2.9025E-013
9650 2.8801E-013
9654 2.8854E-013
9659 2.8921E-013
9664 2.9036E-013
9669 2.9106E-013
9674 2.8820E-013
9679 2.8776E-013
9684 2.8711E-013
9689 2.8914E-013
9693 2.8867E-013
9698 2.8999E-013
9703 2.9096E-013
9708 2.8770E-013
9713 2.8598E-013
9718 2.8519E-013
9723 2.8388E-013
9728 2.8347E-013
9732 2.8512E-013
9737 2.8261E-013
9742 2.8300E-013
9747 2.8146E-013
9752 2.8652E-013
9757 2.8477E-013
9762 2.8242E-013
9767 2.8149E-013
9771 2.8037E-013
9776 2.8222E-013
9781 2.8303E-013
9786 2.8313E-013
9791 2.8562E-013
9796 2.8180E-013
9801 2.8291E-013
9806 2.8426E-013
9810 2.8154E-013
9815 2.7925E-013
9820 2.7811E-013
9825 2.7725E-013
9830 2.7757E-013
9835 2.7845E-013
9840 2.7881E-013
9845 2.7617E-013
9849 2.7787E-013
9854 2.7652E-013
9859 2.7671E-013
9864 2.7683E-013
9869 2.7324E-013
9874 2.7548E-013
9879 2.8062E-013
9884 2.7999E-013
9889 2.7945E-013
9893 2.7946E-013
9898 2.7693E-013
9903 2.7418E-013
9908 2.7518E-013
9913 2.7372E-013
9918 2.7076E-013
9923 2.7598E-013
9928 2.7476E-013
9932 2.7572E-013
9937 2.7073E-013
9942 2.7124E-013
9947 2.7450E-013
9952 2.7125E-013
9957 2.6883E-013
9962 2.7207E-013
9967 2.6990E-013
9971 2.7068E-013
9976 2.6943E-013
9981 2.7157E-013
9986 2.6911E-013
9991 2.7004E-013
9996 2.7070E-013
1E+004 2.7177E-013
1.001E+004 2.7042E-013
1.001E+004 2.6896E-013
1.002E+004 2.7072E-013
1.002E+004 2.7026E-013
1.002E+004 2.6833E-013
1.003E+004 2.6504E-013
1.003E+004 2.6403E-013
1.004E+004 2.6298E-013
1.004E+004 2.6185E-013
1.005E+004 2.5514E-013
1.005E+004 2.5651E-013
1.006E+004 2.4982E-013
1.006E+004 2.4754E-013
1.007E+004 2.5212E-013
1.007E+004 2.5359E-013
1.008E+004 2.5596E-013
1.008E+004 2.5664E-013
1.009E+004 2.5564E-013
1.009E+004 2.6052E-013
1.01E+004 2.6041E-013
1.01E+004 2.5748E-013
1.011E+004 2.5960E-013
1.011E+004 2.6307E-013
1.012E+004 2.6285E-013
1.013E+004 2.6117E-013
1.018E+004 2.5765E-013
1.023E+004 2.5505E-013
1.028E+004 2.5250E-013
1.033E+004 2.4976E-013
1.038E+004 2.4697E-013
1.043E+004 2.4394E-013
1.048E+004 2.4189E-013
1.053E+004 2.3911E-013
1.058E+004 2.3640E-013
1.063E+004 2.3388E-013
1.068E+004 2.3056E-013
1.073E+004 2.2779E-013
1.078E+004 2.2637E-013
1.083E+004 2.2334E-013
1.088E+004 2.2094E-013
1.093E+004 2.1092E-013
1.098E+004 2.1488E-013
1.103E+004 2.1470E-013
1.108E+004 2.1237E-013
1.113E+004 2.1028E-013
1.118E+004 2.0806E-013
1.123E+004 2.0563E-013
1.128E+004 2.0343E-013
1.133E+004 2.0141E-013
1.138E+004 1.9951E-013
1.143E+004 1.9725E-013
1.148E+004 1.9595E-013
1.153E+004 1.9379E-013
1.158E+004 1.9203E-013
1.163E+004 1.8914E-013
1.168E+004 1.8784E-013
1.173E+004 1.8590E-013
1.178E+004 1.8394E-013
1.183E+004 1.8203E-013
1.188E+004 1.8029E-013
1.193E+004 1.7869E-013
1.198E+004 1.7630E-013
1.203E+004 1.7494E-013
1.208E+004 1.7294E-013
1.213E+004 1.7221E-013
1.218E+004 1.7069E-013
1.223E+004 1.6889E-013
1.228E+004 1.6732E-013
1.233E+004 1.6561E-013
1.238E+004 1.6438E-013
1.243E+004 1.6230E-013
1.248E+004 1.6105E-013
1.253E+004 1.5948E-013
1.258E+004 1.5796E-013
1.263E+004 1.5633E-013
1.268E+004 1.5493E-013
1.273E+004 1.5369E-013
1.278E+004 1.5139E-013
1.283E+004 1.4108E-013
1.288E+004 1.4849E-013
1.293E+004 1.4809E-013
1.298E+004 1.4664E-013
1.303E+004 1.4515E-013
1.308E+004 1.4402E-013
1.313E+004 1.4223E-013
1.318E+004 1.4150E-013
1.323E+004 1.4015E-013
1.328E+004 1.3891E-013
1.333E+004 1.3739E-013
1.338E+004 1.3641E-013
1.343E+004 1.3503E-013
1.348E+004 1.3396E-013
1.353E+004 1.3254E-013
1.358E+004 1.3145E-013
1.363E+004 1.3040E-013
1.368E+004 1.2900E-013
1.373E+004 1.2824E-013
1.378E+004 1.2678E-013
1.383E+004 1.2582E-013
1.388E+004 1.2481E-013
1.393E+004 1.2386E-013
1.398E+004 1.2288E-013
1.403E+004 1.2126E-013
1.408E+004 1.2062E-013
1.413E+004 1.1934E-013
1.418E+004 1.1831E-013
1.423E+004 1.1715E-013
1.428E+004 1.1638E-013
1.433E+004 1.1509E-013
1.438E+004 1.1396E-013
1.443E+004 1.1349E-013
1.448E+004 1.1204E-013
1.453E+004 1.1137E-013
1.457E+004 1.1044E-013
1.462E+004 1.0956E-013
1.468E+004 1.0867E-013
1.473E+004 1.0752E-013
1.478E+004 1.0671E-013
1.483E+004 1.0593E-013
1.488E+004 1.0442E-013
1.493E+004 1.0428E-013
1.498E+004 1.0338E-013
1.503E+004 1.0157E-013
1.508E+004 1.0130E-013
1.513E+004 1.0082E-013
1.518E+004 9.9778E-014
1.523E+004 9.9260E-014
1.528E+004 9.8195E-014
1.533E+004 9.7269E-014
1.538E+004 9.6756E-014
1.543E+004 9.5663E-014
1.548E+004 9.4940E-014
1.553E+004 9.4211E-014
1.558E+004 9.2913E-014
1.563E+004 9.2438E-014
1.568E+004 9.1518E-014
1.573E+004 9.0010E-014
1.578E+004 8.9687E-014
1.583E+004 8.9334E-014
1.588E+004 8.6581E-014
1.593E+004 8.7093E-014
1.598E+004 8.7283E-014
1.605E+004 8.5698E-014
1.615E+004 8.2801E-014
1.625E+004 8.3479E-014
1.635E+004 8.0829E-014
1.645E+004 7.7693E-014
1.655E+004 7.8520E-014
1.665E+004 7.6999E-014
1.675E+004 7.4183E-014
1.685E+004 7.1159E-014
1.695E+004 7.2296E-014
1.705E+004 7.0872E-014
1.715E+004 6.9494E-014
1.725E+004 6.7813E-014
1.735E+004 6.3327E-014
1.745E+004 6.4842E-014
1.755E+004 6.4030E-014
1.765E+004 6.2787E-014
1.775E+004 6.1610E-014
1.785E+004 6.0327E-014
1.795E+004 5.9117E-014
1.805E+004 5.7933E-014
1.815E+004 5.4143E-014
1.825E+004 5.5160E-014
1.835E+004 5.4681E-014
1.845E+004 5.3586E-014
1.855E+004 5.2657E-014
1.865E+004 5.1304E-014
1.875E+004 4.7436E-014
1.885E+004 4.9332E-014
1.895E+004 4.8607E-014
1.905E+004 4.7868E-014
1.915E+004 4.7060E-014
1.925E+004 4.6022E-014
1.935E+004 4.5038E-014
1.945E+004 4.1921E-014
1.955E+004 4.3411E-014
1.965E+004 4.2762E-014
1.975E+004 4.2034E-014
1.985E+004 4.1254E-014
1.995E+004 4.0592E-014
2.005E+004 3.9900E-014
2.015E+004 3.9195E-014
2.025E+004 3.8422E-014
2.035E+004 3.7825E-014
2.045E+004 3.7157E-014
2.055E+004 3.6491E-014
2.065E+004 3.5817E-014
2.075E+004 3.5284E-014
2.085E+004 3.4643E-014
2.095E+004 3.3991E-014
2.105E+004 3.3499E-014
2.115E+004 3.2880E-014
2.125E+004 3.2304E-014
2.135E+004 3.1829E-014
2.145E+004 3.1274E-014
2.155E+004 3.0686E-014
2.165E+004 2.8656E-014
2.175E+004 2.9565E-014
2.185E+004 2.9192E-014
2.195E+004 2.8774E-014
2.205E+004 2.8247E-014
2.215E+004 2.7816E-014
2.225E+004 2.7352E-014
2.235E+004 2.6931E-014
2.245E+004 2.6453E-014
2.255E+004 2.6067E-014
2.265E+004 2.5632E-014
2.275E+004 2.5228E-014
2.285E+004 2.4804E-014
2.295E+004 2.4339E-014
2.305E+004 2.4010E-014
2.315E+004 2.3630E-014
2.325E+004 2.3111E-014
2.335E+004 2.2839E-014
2.345E+004 2.2549E-014
2.355E+004 2.2030E-014
2.365E+004 2.1789E-014
2.375E+004 2.1488E-014
2.385E+004 2.1013E-014
2.395E+004 2.0782E-014
2.405E+004 2.0537E-014
2.415E+004 2.0087E-014
2.425E+004 1.9857E-014
2.435E+004 1.9567E-014
2.445E+004 1.9228E-014
2.455E+004 1.8929E-014
2.465E+004 1.8683E-014
2.475E+004 1.8413E-014
2.485E+004 1.8090E-014
2.495E+004 1.7876E-014
2.505E+004 1.7664E-014
2.515E+004 1.7361E-014
2.525E+004 1.7112E-014
2.535E+004 1.6897E-014
2.545E+004 1.6629E-014
2.555E+004 1.6376E-014
2.565E+004 1.6097E-014
2.575E+004 1.5971E-014
2.585E+004 1.5680E-014
2.595E+004 1.5512E-014
2.605E+004 1.5271E-014
2.615E+004 1.4928E-014
2.625E+004 1.4108E-014
2.635E+004 1.4599E-014
2.645E+004 1.4428E-014
2.655E+004 1.4257E-014
2.665E+004 1.3981E-014
2.675E+004 1.3687E-014
2.685E+004 1.3681E-014
2.695E+004 1.3501E-014
2.705E+004 1.3322E-014
2.715E+004 1.3147E-014
2.725E+004 1.2961E-014
2.735E+004 1.2798E-014
2.745E+004 1.2612E-014
2.755E+004 1.2227E-014
2.765E+004 1.2201E-014
2.775E+004 1.2106E-014
2.785E+004 1.1957E-014
2.795E+004 1.1815E-014
2.805E+004 1.1647E-014
2.815E+004 1.1499E-014
2.825E+004 1.1343E-014
2.835E+004 1.1191E-014
2.845E+004 1.1051E-014
2.855E+004 1.0897E-014
2.865E+004 1.0708E-014
2.875E+004 1.0379E-014
2.885E+004 1.0474E-014
2.895E+004 1.0350E-014
2.905E+004 1.0219E-014
2.915E+004 1.0092E-014
2.925E+004 9.9531E-015
2.935E+004 9.8350E-015
2.945E+004 9.6991E-015
2.955E+004 9.5863E-015
2.965E+004 9.4744E-015
2.975E+004 9.3543E-015
2.985E+004 9.2273E-015
2.995E+004 9.1032E-015
3.005E+004 9.0106E-015
3.015E+004 8.8870E-015
3.025E+004 8.7743E-015
3.035E+004 8.4796E-015
3.045E+004 8.4661E-015
3.055E+004 8.4537E-015
3.065E+004 8.3477E-015
3.075E+004 8.2510E-015
3.085E+004 8.1515E-015
3.095E+004 8.0524E-015
3.105E+004 7.9592E-015
3.115E+004 7.8344E-015
3.125E+004 7.7654E-015
3.135E+004 7.6821E-015
3.145E+004 7.5783E-015
3.155E+004 7.4809E-015
3.165E+004 7.3867E-015
3.175E+004 7.3188E-015
3.185E+004 7.2319E-015
3.195E+004 7.1216E-015
3.21E+004 7.0107E-015
3.23E+004 6.8557E-015
3.25E+004 6.6892E-015
3.27E+004 6.5388E-015
3.29E+004 6.2770E-015
3.31E+004 6.2114E-015
3.33E+004 6.1013E-015
3.35E+004 5.9683E-015
3.37E+004 5.8284E-015
3.39E+004 5.6980E-015
3.41E+004 5.5664E-015
3.43E+004 5.4513E-015
3.45E+004 5.3409E-015
3.47E+004 5.2186E-015
3.49E+004 5.1063E-015
3.51E+004 5.0028E-015
3.53E+004 4.8899E-015
3.55E+004 4.7808E-015
3.57E+004 4.6842E-015
3.59E+004 4.5850E-015
3.61E+004 4.4915E-015
3.63E+004 4.3989E-015
3.65E+004 4.2954E-015
3.67E+004 4.2104E-015
3.69E+004 4.1039E-015
3.71E+004 4.0105E-015
3.73E+004 3.9282E-015
3.75E+004 3.8041E-015
3.77E+004 3.7890E-015
3.79E+004 3.7141E-015
3.81E+004 3.6416E-015
3.83E+004 3.5766E-015
3.85E+004 3.5115E-015
3.87E+004 3.4350E-015
3.89E+004 3.3686E-015
3.91E+004 3.3015E-015
3.93E+004 3.2436E-015
3.95E+004 3.1744E-015
3.97E+004 3.1139E-015
3.99E+004 3.0459E-015
4.01E+004 2.9885E-015
4.03E+004 2.9363E-015
4.05E+004 2.8331E-015
4.07E+004 2.8293E-015
4.09E+004 2.7781E-015
4.11E+004 2.7298E-015
4.13E+004 2.6805E-015
4.15E+004 2.6280E-015
4.17E+004 2.5698E-015
4.19E+004 2.5304E-015
4.21E+004 2.4796E-015
4.23E+004 2.4357E-015
4.25E+004 2.3918E-015
4.27E+004 2.3491E-015
4.29E+004 2.3073E-015
4.31E+004 2.2665E-015
4.33E+004 2.2264E-015
4.35E+004 2.1873E-015
4.37E+004 2.1371E-015
4.39E+004 2.1100E-015
4.41E+004 2.0748E-015
4.43E+004 2.0391E-015
4.45E+004 2.0042E-015
4.47E+004 1.9703E-015
4.49E+004 1.9367E-015
4.51E+004 1.9038E-015
4.53E+004 1.8716E-015
4.55E+004 1.8402E-015
4.57E+004 1.8093E-015
4.59E+004 1.7791E-015
4.61E+004 1.7496E-015
4.63E+004 1.7206E-015
4.65E+004 1.6695E-015
4.67E+004 1.6507E-015
4.69E+004 1.6371E-015
4.71E+004 1.6106E-015
4.73E+004 1.5845E-015
4.75E+004 1.5589E-015
4.77E+004 1.5338E-015
4.79E+004 1.5093E-015
4.81E+004 1.4852E-015
4.83E+004 1.4616E-015
4.85E+004 1.4385E-015
4.87E+004 1.4158E-015
4.89E+004 1.3936E-015
4.91E+004 1.3717E-015
4.93E+004 1.3504E-015
4.95E+004 1.3294E-015
4.97E+004 1.3088E-015
4.99E+004 1.2887E-015
5.01E+004 1.2690E-015
5.03E+004 1.2496E-015
5.05E+004 1.2305E-015
5.07E+004 1.2119E-015
5.09E+004 1.1935E-015
5.11E+004 1.1755E-015
5.13E+004 1.1481E-015
5.15E+004 1.1407E-015
5.17E+004 1.1237E-015
5.19E+004 1.1071E-015
5.21E+004 1.0906E-015
5.23E+004 1.0746E-015
5.25E+004 1.0589E-015
5.27E+004 1.0434E-015
5.29E+004 1.0282E-015
5.31E+004 1.0133E-015
5.33E+004 9.9866E-016
5.35E+004 9.8429E-016
5.37E+004 9.7017E-016
5.39E+004 9.5627E-016
5.41E+004 9.4269E-016
5.43E+004 9.2929E-016
5.45E+004 9.1613E-016
5.47E+004 9.0317E-016
5.49E+004 8.9056E-016
5.51E+004 8.7810E-016
5.53E+004 8.6561E-016
5.55E+004 8.5382E-016
5.57E+004 8.4200E-016
5.59E+004 8.3034E-016
5.61E+004 8.1896E-016
5.63E+004 8.0772E-016
5.65E+004 7.9670E-016
5.67E+004 7.8586E-016
5.69E+004 7.7519E-016
5.71E+004 7.6411E-016
5.73E+004 7.5440E-016
5.75E+004 7.4428E-016
5.77E+004 7.3431E-016
5.79E+004 7.2452E-016
5.81E+004 7.1488E-016
5.83E+004 7.0542E-016
5.85E+004 6.9615E-016
5.87E+004 6.8698E-016
5.89E+004 6.7794E-016
5.91E+004 6.6329E-016
5.93E+004 6.6038E-016
5.95E+004 6.5073E-016
5.97E+004 6.4331E-016
5.99E+004 6.3505E-016
6.01E+004 6.2688E-016
6.03E+004 6.1885E-016
6.05E+004 6.1094E-016
6.07E+004 6.0315E-016
6.09E+004 5.9547E-016
6.11E+004 5.8791E-016
6.13E+004 5.8053E-016
6.15E+004 5.7323E-016
6.17E+004 5.6603E-016
6.19E+004 5.5896E-016
6.21E+004 5.5199E-016
6.23E+004 5.4510E-016
6.25E+004 5.3836E-016
6.27E+004 5.3172E-016
6.29E+004 5.2383E-016
6.31E+004 5.1872E-016
6.33E+004 5.1239E-016
6.35E+004 5.0614E-016
6.37E+004 4.9998E-016
6.39E+004 4.9392E-016
6.42E+004 4.8501E-016
6.46E+004 4.7342E-016
6.5E+004 4.6217E-016
6.54E+004 4.5127E-016
6.58E+004 4.4068E-016
6.62E+004 4.3041E-016
6.66E+004 4.2043E-016
6.7E+004 4.1073E-016
6.74E+004 4.0131E-016
6.78E+004 3.9147E-016
6.82E+004 3.8328E-016
6.86E+004 3.7465E-016
6.9E+004 3.6625E-016
6.94E+004 3.5808E-016
6.98E+004 3.5015E-016
7.02E+004 3.4185E-016
7.06E+004 3.3485E-016
7.1E+004 3.2766E-016
7.14E+004 3.2059E-016
7.18E+004 3.1363E-016
7.22E+004 3.0678E-016
7.26E+004 3.0024E-016
7.3E+004 2.9410E-016
7.34E+004 2.8755E-016
7.38E+004 2.8183E-016
7.42E+004 2.7564E-016
7.46E+004 2.6758E-016
7.5E+004 2.6234E-016
7.54E+004 2.5897E-016
7.58E+004 2.5380E-016
7.62E+004 2.4865E-016
7.66E+004 2.4368E-016
7.7E+004 2.3851E-016
7.74E+004 2.3396E-016
7.78E+004 2.2933E-016
7.82E+004 2.2478E-016
7.86E+004 2.2036E-016
7.9E+004 2.1600E-016
7.94E+004 2.1173E-016
7.98E+004 2.0768E-016
8.02E+004 2.0346E-016
8.06E+004 1.9943E-016
8.1E+004 1.9584E-016
8.14E+004 1.9173E-016
8.18E+004 1.8817E-016
8.22E+004 1.8484E-016
8.26E+004 1.8130E-016
8.3E+004 1.7794E-016
8.34E+004 1.7437E-016
8.38E+004 1.7126E-016
8.42E+004 1.6816E-016
8.46E+004 1.6507E-016
8.5E+004 1.6204E-016
8.54E+004 1.5907E-016
8.58E+004 1.5616E-016
8.62E+004 1.5332E-016
8.66E+004 1.5049E-016
8.7E+004 1.4791E-016
8.74E+004 1.4499E-016
8.78E+004 1.4237E-016
8.82E+004 1.3995E-016
8.86E+004 1.3735E-016
8.9E+004 1.3508E-016
8.94E+004 1.3276E-016
8.98E+004 1.3030E-016
9.02E+004 1.2819E-016
9.06E+004 1.2603E-016
9.1E+004 1.2366E-016
9.14E+004 1.2163E-016
9.18E+004 1.1963E-016
9.22E+004 1.1766E-016
9.26E+004 1.1564E-016
9.3E+004 1.1370E-016
9.34E+004 1.1177E-016
9.38E+004 1.0979E-016
9.42E+004 1.0808E-016
9.46E+004 1.0630E-016
9.5E+004 1.0449E-016
9.54E+004 1.0278E-016
9.58E+004 1.0118E-016
9.62E+004 9.9427E-017
9.66E+004 9.7915E-017
9.7E+004 9.6307E-017
9.74E+004 9.4559E-017
9.78E+004 9.3188E-017
9.82E+004 9.1737E-017
9.86E+004 9.0323E-017
9.9E+004 8.8931E-017
9.94E+004 8.7499E-017
9.98E+004 8.6092E-017
1.002E+005 8.4909E-017
1.005E+005 8.3665E-017
1.01E+005 8.2197E-017
1.015E+005 8.0645E-017
1.02E+005 7.9105E-017
1.025E+005 7.7597E-017
1.03E+005 7.6132E-017
1.035E+005 7.4714E-017
1.04E+005 7.3324E-017
1.045E+005 7.1959E-017
1.05E+005 7.0559E-017
1.055E+005 6.9314E-017
1.06E+005 6.8040E-017
1.065E+005 6.6789E-017
1.07E+005 6.5576E-017
1.075E+005 6.4405E-017
1.08E+005 6.3220E-017
1.085E+005 6.2083E-017
1.09E+005 6.0967E-017
1.095E+005 5.9906E-017
1.1E+005 5.8836E-017
1.105E+005 5.7797E-017
1.11E+005 5.6785E-017
1.115E+005 5.5808E-017
1.12E+005 5.4818E-017
1.125E+005 5.3887E-017
1.13E+005 5.2866E-017
1.135E+005 5.2035E-017
1.14E+005 5.1152E-017
1.145E+005 5.0278E-017
1.15E+005 4.9441E-017
1.155E+005 4.8579E-017
1.16E+005 4.7780E-017
1.165E+005 4.6980E-017
1.17E+005 4.6205E-017
1.175E+005 4.5430E-017
1.18E+005 4.4681E-017
1.185E+005 4.3946E-017
1.19E+005 4.3215E-017
1.195E+005 4.2513E-017
1.2E+005 4.1815E-017
1.205E+005 4.1149E-017
1.21E+005 4.0487E-017
1.215E+005 3.9837E-017
1.22E+005 3.9196E-017
1.225E+005 3.8572E-017
1.23E+005 3.7950E-017
1.235E+005 3.7336E-017
1.24E+005 3.6745E-017
1.245E+005 3.6177E-017
1.25E+005 3.5621E-017
1.255E+005 3.5072E-017
1.26E+005 3.4523E-017
1.265E+005 3.3987E-017
1.27E+005 3.3468E-017
1.275E+005 3.2955E-017
1.28E+005 3.2435E-017
1.285E+005 3.1955E-017
1.29E+005 3.1464E-017
1.295E+005 3.0992E-017
1.3E+005 3.0529E-017
1.305E+005 3.0069E-017
1.31E+005 2.9621E-017
1.315E+005 2.9179E-017
1.32E+005 2.8745E-017
1.325E+005 2.8319E-017
1.33E+005 2.7901E-017
1.335E+005 2.7490E-017
1.34E+005 2.7089E-017
1.345E+005 2.6697E-017
1.35E+005 2.6309E-017
1.355E+005 2.5924E-017
1.36E+005 2.5554E-017
1.365E+005 2.5185E-017
1.37E+005 2.4822E-017
1.375E+005 2.4471E-017
1.38E+005 2.4124E-017
1.385E+005 2.3781E-017
1.39E+005 2.3446E-017
1.395E+005 2.3114E-017
1.4E+005 2.2792E-017
1.405E+005 2.2469E-017
1.41E+005 2.2158E-017
1.415E+005 2.1850E-017
1.42E+005 2.1542E-017
1.425E+005 2.1251E-017
1.43E+005 2.0959E-017
1.435E+005 2.0674E-017
1.44E+005 2.0391E-017
1.445E+005 2.0114E-017
1.45E+005 1.9844E-017
1.455E+005 1.9572E-017
1.46E+005 1.9310E-017
1.465E+005 1.9049E-017
1.47E+005 1.8796E-017
1.475E+005 1.8542E-017
1.48E+005 1.8297E-017
1.485E+005 1.8056E-017
1.49E+005 1.7817E-017
1.495E+005 1.7580E-017
1.5E+005 1.7349E-017
1.505E+005 1.7128E-017
1.51E+005 1.6903E-017
1.515E+005 1.6685E-017
1.52E+005 1.6470E-017
1.525E+005 1.6256E-017
1.53E+005 1.6048E-017
1.535E+005 1.5842E-017
1.54E+005 1.5640E-017
1.545E+005 1.5439E-017
1.55E+005 1.5244E-017
1.555E+005 1.5051E-017
1.56E+005 1.4861E-017
1.565E+005 1.4674E-017
1.57E+005 1.4491E-017
1.575E+005 1.4308E-017
1.58E+005 1.4130E-017
1.585E+005 1.3955E-017
1.59E+005 1.3784E-017
1.595E+005 1.3612E-017
1.6E+005 1.3444E-017
1.605E+005 1.3277E-017
1.61E+005 1.3117E-017
1.615E+005 1.2956E-017
1.62E+005 1.2783E-017
1.625E+005 1.2643E-017
1.63E+005 1.2493E-017
1.635E+005 1.2342E-017
1.64E+005 1.2193E-017
1.645E+005 1.2046E-017
1.65E+005 1.1902E-017
1.655E+005 1.1762E-017
1.66E+005 1.1622E-017
1.665E+005 1.1485E-017
1.67E+005 1.1349E-017
1.675E+005 1.1216E-017
1.68E+005 1.1083E-017
1.685E+005 1.0951E-017
1.69E+005 1.0820E-017
1.695E+005 1.0701E-017
1.7E+005 1.0577E-017
1.705E+005 1.0455E-017
1.71E+005 1.0334E-017
1.715E+005 1.0214E-017
1.72E+005 1.0097E-017
1.725E+005 9.9814E-018
1.73E+005 9.8673E-018
1.735E+005 9.7568E-018
1.74E+005 9.6461E-018
1.745E+005 9.5369E-018
1.75E+005 9.4295E-018
1.755E+005 9.3231E-018
1.76E+005 9.2186E-018
1.765E+005 9.1142E-018
1.77E+005 9.0130E-018
1.775E+005 8.9133E-018
1.78E+005 8.8153E-018
1.785E+005 8.7179E-018
1.79E+005 8.6220E-018
1.795E+005 8.5271E-018
1.8E+005 8.4336E-018
1.805E+005 8.3414E-018
1.81E+005 8.2509E-018
1.815E+005 8.1611E-018
1.82E+005 8.0724E-018
1.825E+005 7.9844E-018
1.83E+005 7.8946E-018
1.835E+005 7.8135E-018
1.84E+005 7.7300E-018
1.845E+005 7.6477E-018
1.85E+005 7.5660E-018
1.855E+005 7.4858E-018
1.86E+005 7.4051E-018
1.865E+005 7.3274E-018
1.87E+005 7.2505E-018
1.875E+005 7.1725E-018
1.88E+005 7.0990E-018
1.885E+005 7.0245E-018
1.89E+005 6.9515E-018
1.895E+005 6.8788E-018
1.9E+005 6.8063E-018
1.905E+005 6.7067E-018
1.91E+005 6.6650E-018
1.915E+005 6.5989E-018
1.92E+005 6.5311E-018
1.925E+005 6.4641E-018
1.93E+005 6.3982E-018
1.935E+005 6.3328E-018
1.94E+005 6.2682E-018
1.945E+005 6.2045E-018
1.95E+005 6.1419E-018
1.955E+005 6.0801E-018
1.96E+005 6.0185E-018
1.965E+005 5.9585E-018
1.97E+005 5.8986E-018
1.975E+005 5.8396E-018
1.98E+005 5.7815E-018
1.985E+005 5.7244E-018
1.99E+005 5.6673E-018
1.995E+005 5.6113E-018
2E+005 5.5422E-018
2.01E+005 5.4473E-018
2.02E+005 5.3414E-018
2.03E+005 5.2380E-018
2.04E+005 5.1372E-018
2.05E+005 5.0387E-018
2.06E+005 4.9425E-018
2.07E+005 4.8489E-018
2.08E+005 4.7571E-018
2.09E+005 4.6674E-018
2.1E+005 4.5800E-018
2.11E+005 4.4948E-018
2.12E+005 4.4115E-018
2.13E+005 4.3300E-018
2.14E+005 4.2505E-018
2.15E+005 4.1727E-018
2.16E+005 4.0967E-018
2.17E+005 4.0224E-018
2.18E+005 3.9498E-018
2.19E+005 3.8786E-018
2.2E+005 3.8096E-018
2.21E+005 3.7418E-018
2.22E+005 3.6755E-018
2.23E+005 3.6080E-018
2.24E+005 3.5464E-018
2.25E+005 3.4851E-018
2.26E+005 3.4242E-018
2.27E+005 3.3649E-018
2.28E+005 3.3067E-018
2.29E+005 3.2500E-018
2.3E+005 3.1942E-018
2.31E+005 3.1397E-018
2.32E+005 3.0866E-018
2.33E+005 3.0344E-018
2.34E+005 2.9832E-018
2.35E+005 2.9334E-018
2.36E+005 2.8845E-018
2.37E+005 2.8363E-018
2.38E+005 2.7894E-018
2.39E+005 2.7430E-018
2.4E+005 2.6984E-018
2.41E+005 2.6543E-018
2.42E+005 2.6110E-018
2.43E+005 2.5687E-018
2.44E+005 2.5271E-018
2.45E+005 2.4864E-018
2.46E+005 2.4469E-018
2.47E+005 2.4078E-018
2.48E+005 2.3692E-018
2.49E+005 2.3316E-018
2.5E+005 2.2949E-018
2.51E+005 2.2590E-018
2.52E+005 2.2235E-018
2.53E+005 2.1890E-018
2.54E+005 2.1549E-018
2.55E+005 2.1216E-018
2.56E+005 2.0888E-018
2.57E+005 2.0568E-018
2.58E+005 2.0253E-018
2.59E+005 1.9943E-018
2.6E+005 1.9643E-018
2.61E+005 1.9347E-018
2.62E+005 1.9052E-018
2.63E+005 1.8768E-018
2.64E+005 1.8488E-018
2.65E+005 1.8211E-018
2.66E+005 1.7942E-018
2.67E+005 1.7676E-018
2.68E+005 1.7416E-018
2.69E+005 1.7160E-018
2.7E+005 1.6910E-018
2.71E+005 1.6662E-018
2.72E+005 1.6421E-018
2.73E+005 1.6183E-018
2.74E+005 1.5950E-018
2.75E+005 1.5720E-018
2.76E+005 1.5495E-018
2.77E+005 1.5275E-018
2.78E+005 1.5026E-018
2.79E+005 1.4846E-018
2.8E+005 1.4638E-018
2.81E+005 1.4432E-018
2.82E+005 1.4226E-018
2.83E+005 1.4028E-018
2.84E+005 1.3832E-018
2.85E+005 1.3639E-018
2.86E+005 1.3453E-018
2.87E+005 1.3267E-018
2.88E+005 1.3083E-018
2.89E+005 1.2904E-018
2.9E+005 1.2729E-018
2.91E+005 1.2557E-018
2.92E+005 1.2387E-018
2.93E+005 1.2220E-018
2.94E+005 1.2055E-018
2.95E+005 1.1893E-018
2.96E+005 1.1734E-018
2.97E+005 1.1579E-018
2.98E+005 1.1420E-018
2.99E+005 1.1270E-018
3E+005 1.1125E-018
3.01E+005 1.0980E-018
3.02E+005 1.0835E-018
3.03E+005 1.0695E-018
3.04E+005 1.0555E-018
3.05E+005 1.0418E-018
3.06E+005 1.0282E-018
3.07E+005 1.0150E-018
3.08E+005 1.0020E-018
3.09E+005 9.8945E-019
3.1E+005 9.7677E-019
3.11E+005 9.6413E-019
3.12E+005 9.5191E-019
3.13E+005 9.3985E-019
3.14E+005 9.2801E-019
3.15E+005 9.1633E-019
3.16E+005 9.0486E-019
3.17E+005 8.9358E-019
3.18E+005 8.8245E-019
3.19E+005 8.7148E-019
3.2E+005 8.6071E-019
3.21E+005 8.5011E-019
3.22E+005 8.3961E-019
3.23E+005 8.2935E-019
3.24E+005 8.1922E-019
3.25E+005 8.0924E-019
3.26E+005 7.9942E-019
3.27E+005 7.8972E-019
3.28E+005 7.8021E-019
3.29E+005 7.7080E-019
3.3E+005 7.6156E-019
3.31E+005 7.5243E-019
3.32E+005 7.4347E-019
3.33E+005 7.3460E-019
3.34E+005 7.2595E-019
3.35E+005 7.1733E-019
3.36E+005 7.0889E-019
3.37E+005 7.0054E-019
3.38E+005 6.9233E-019
3.39E+005 6.8426E-019
3.4E+005 6.7627E-019
3.41E+005 6.6842E-019
3.42E+005 6.6067E-019
3.43E+005 6.5304E-019
3.44E+005 6.4553E-019
3.45E+005 6.3810E-019
3.46E+005 6.3079E-019
3.47E+005 6.2360E-019
3.48E+005 6.1650E-019
3.49E+005 6.0952E-019
3.5E+005 6.0260E-019
3.51E+005 5.9578E-019
3.52E+005 5.8909E-019
3.53E+005 5.8248E-019
3.54E+005 5.7592E-019
3.55E+005 5.6949E-019
3.56E+005 5.6315E-019
3.57E+005 5.5689E-019
3.58E+005 5.5073E-019
3.59E+005 5.4464E-019
3.6E+005 5.3859E-019
3.61E+005 5.3270E-019
3.62E+005 5.2688E-019
3.63E+005 5.2111E-019
3.64E+005 5.1539E-019
3.65E+005 5.0976E-019
3.66E+005 5.0429E-019
3.67E+005 4.9884E-019
3.68E+005 4.9347E-019
3.69E+005 4.8818E-019
3.7E+005 4.8294E-019
3.71E+005 4.7772E-019
3.72E+005 4.7264E-019
3.73E+005 4.6763E-019
3.74E+005 4.6266E-019
3.75E+005 4.5776E-019
3.76E+005 4.5294E-019
3.77E+005 4.4817E-019
3.78E+005 4.4344E-019
3.79E+005 4.3882E-019
3.8E+005 4.3421E-019
3.81E+005 4.2971E-019
3.82E+005 4.2524E-019
3.83E+005 4.2082E-019
3.84E+005 4.1648E-019
3.85E+005 4.1218E-019
3.86E+005 4.0793E-019
3.87E+005 4.0376E-019
3.88E+005 3.9938E-019
3.89E+005 3.9488E-019
3.9E+005 3.9154E-019
3.91E+005 3.8755E-019
3.92E+005 3.8359E-019
3.93E+005 3.7973E-019
3.94E+005 3.7591E-019
3.95E+005 3.7214E-019
3.96E+005 3.6838E-019
3.97E+005 3.6471E-019
3.98E+005 3.6107E-019
3.99E+005 3.5748E-019
