1711 2.2713E-014
1711 2.2713E-014
1713 1.9879E-014
1714 1.8259E-014
1715 2.1476E-014
1717 2.1977E-014
1718 2.6190E-014
1720 2.7983E-014
1721 2.5565E-014
1722 2.3098E-014
1724 2.2958E-014
1725 3.1250E-014
1726 2.5369E-014
1728 3.1766E-014
1729 2.6323E-014
1730 3.3605E-014
1732 3.3839E-014
1733 3.3979E-014
1735 3.0210E-014
1736 3.4499E-014
1737 3.7293E-014
1739 3.5611E-014
1740 3.5996E-014
1741 3.7250E-014
1743 4.7789E-014
1744 4.7074E-014
1746 3.5995E-014
1747 4.6950E-014
1748 4.5131E-014
1750 4.2325E-014
1751 4.6224E-014
1752 4.9789E-014
1754 4.5361E-014
1755 4.7400E-014
1757 5.0379E-014
1758 4.8137E-014
1759 4.8677E-014
1761 5.3190E-014
1762 5.3917E-014
1763 4.9790E-014
1765 4.2245E-014
1766 4.6108E-014
1768 4.9939E-014
1769 4.6986E-014
1770 4.8086E-014
1772 5.4449E-014
1773 5.8852E-014
1774 5.2634E-014
1776 5.1476E-014
1777 6.1662E-014
1778 6.1412E-014
1780 6.1707E-014
1781 6.0809E-014
1783 6.2123E-014
1784 5.9549E-014
1785 6.5195E-014
1787 6.5189E-014
1788 6.6031E-014
1789 6.0119E-014
1791 6.5724E-014
1792 7.2513E-014
1794 7.1616E-014
1795 7.2743E-014
1796 7.3005E-014
1798 6.8394E-014
1799 7.1149E-014
1800 6.7774E-014
1802 7.3102E-014
1803 7.0411E-014
1805 7.5791E-014
1806 6.6208E-014
1807 6.1933E-014
1809 6.7610E-014
1810 7.1840E-014
1811 7.4548E-014
1813 7.2494E-014
1814 7.1323E-014
1816 7.6276E-014
1817 7.2583E-014
1818 7.5789E-014
1820 7.1287E-014
1821 7.0913E-014
1822 7.4617E-014
1824 8.3722E-014
1825 7.8888E-014
1827 8.1836E-014
1828 7.5883E-014
1829 7.8568E-014
1831 8.1072E-014
1832 8.1723E-014
1833 8.8166E-014
1835 9.0812E-014
1836 8.6635E-014
1837 8.4457E-014
1839 7.8918E-014
1840 7.3039E-014
1842 7.7080E-014
1843 8.0766E-014
1844 8.0472E-014
1846 7.3568E-014
1847 6.5572E-014
1848 7.1555E-014
1850 7.2948E-014
1851 7.4210E-014
1853 7.5699E-014
1854 8.9654E-014
1855 8.7570E-014
1857 9.0969E-014
1858 8.5913E-014
1859 8.9070E-014
1861 9.7550E-014
1862 8.9473E-014
1864 8.9066E-014
1865 8.9583E-014
1866 9.0166E-014
1868 9.3986E-014
1869 9.7495E-014
1870 9.5895E-014
1872 9.0337E-014
1873 9.5651E-014
1875 9.0972E-014
1876 9.1289E-014
1877 9.9803E-014
1879 1.0225E-013
1880 9.8788E-014
1881 9.6618E-014
1883 1.0615E-013
1884 1.0227E-013
1886 1.0303E-013
1887 9.8400E-014
1888 9.8143E-014
1890 1.0366E-013
1891 1.0425E-013
1892 1.0707E-013
1894 1.0668E-013
1895 1.0790E-013
1896 1.0477E-013
1898 1.0343E-013
1899 1.0407E-013
1901 9.6148E-014
1902 1.0171E-013
1903 1.0678E-013
1905 9.9617E-014
1906 1.0770E-013
1907 1.0746E-013
1909 1.0154E-013
1910 1.0237E-013
1912 1.0616E-013
1913 1.1082E-013
1914 1.0979E-013
1916 1.1453E-013
1917 1.1360E-013
1918 1.1423E-013
1920 1.1889E-013
1921 1.1581E-013
1923 1.1864E-013
1924 1.1923E-013
1925 1.1565E-013
1927 1.0972E-013
1928 1.1474E-013
1929 1.0318E-013
1931 9.4740E-014
1932 1.1049E-013
1934 1.1503E-013
1935 1.1778E-013
1936 1.1785E-013
1938 1.2160E-013
1939 1.2158E-013
1940 1.1882E-013
1942 1.2719E-013
1943 1.2560E-013
1945 1.2485E-013
1946 1.2064E-013
1947 1.2942E-013
1949 1.2250E-013
1950 1.2042E-013
1951 1.2035E-013
1953 1.2486E-013
1954 1.2623E-013
1956 1.2593E-013
1957 1.2563E-013
1958 1.2139E-013
1960 1.2408E-013
1961 1.2771E-013
1962 1.2158E-013
1964 1.2860E-013
1965 1.3073E-013
1966 1.3186E-013
1968 1.3324E-013
1969 1.3223E-013
1971 1.3620E-013
1972 1.3751E-013
1973 1.3361E-013
1975 1.3378E-013
1976 1.3196E-013
1977 1.2866E-013
1979 1.2840E-013
1980 1.2729E-013
1982 1.3466E-013
1983 1.3135E-013
1984 1.3731E-013
1986 1.4015E-013
1987 1.3291E-013
1988 1.2593E-013
1990 1.3021E-013
1991 1.3330E-013
1993 1.3685E-013
1994 1.3872E-013
1995 1.4129E-013
1997 1.4278E-013
1998 1.4086E-013
1999 1.3815E-013
2001 1.4345E-013
2002 1.3823E-013
2004 1.3691E-013
2005 1.4128E-013
2006 1.4120E-013
2008 1.3525E-013
2009 1.4173E-013
2010 1.4022E-013
2012 1.3155E-013
2013 1.3954E-013
2015 1.3959E-013
2016 1.4226E-013
2017 1.4318E-013
2019 1.4513E-013
2020 1.4201E-013
2021 1.4904E-013
2023 1.4455E-013
2024 1.4242E-013
2026 1.3022E-013
2027 1.3095E-013
2028 1.4379E-013
2030 1.4684E-013
2031 1.5253E-013
2032 1.4842E-013
2034 1.4690E-013
2035 1.4751E-013
2037 1.5192E-013
2038 1.5237E-013
2039 1.5029E-013
2041 1.5167E-013
2042 1.5196E-013
2043 1.5819E-013
2045 1.5540E-013
2046 1.5908E-013
2048 1.6149E-013
2049 1.6051E-013
2050 1.6147E-013
2052 1.5985E-013
2053 1.5839E-013
2054 1.5644E-013
2056 1.4845E-013
2057 1.4383E-013
2058 1.4963E-013
2060 1.5214E-013
2061 1.4726E-013
2063 1.4531E-013
2064 1.5269E-013
2065 1.5717E-013
2067 1.5125E-013
2068 1.5597E-013
2069 1.6109E-013
2071 1.6829E-013
2072 1.7047E-013
2074 1.6455E-013
2075 1.6359E-013
2076 1.6783E-013
2078 1.6804E-013
2079 1.6909E-013
2080 1.6628E-013
2082 1.6611E-013
2083 1.6386E-013
2085 1.6312E-013
2086 1.6408E-013
2087 1.6728E-013
2089 1.6728E-013
2090 1.7043E-013
2091 1.6719E-013
2093 1.7316E-013
2094 1.6938E-013
2096 1.7142E-013
2097 1.7213E-013
2098 1.7066E-013
2100 1.6912E-013
2101 1.6606E-013
2102 1.6822E-013
2104 1.6442E-013
2105 1.7268E-013
2107 1.7236E-013
2108 1.6636E-013
2109 1.6441E-013
2111 1.6872E-013
2112 1.6424E-013
2113 1.6455E-013
2115 1.6747E-013
2116 1.7352E-013
2118 1.7540E-013
2119 1.7662E-013
2120 1.7887E-013
2122 1.7139E-013
2123 1.6608E-013
2124 1.5264E-013
2126 1.6500E-013
2127 1.7223E-013
2129 1.7254E-013
2130 1.6770E-013
2131 1.6420E-013
2133 1.6352E-013
2134 1.5991E-013
2135 1.6156E-013
2137 1.6278E-013
2138 1.6897E-013
2140 1.6578E-013
2141 1.7175E-013
2142 1.7371E-013
2144 1.7505E-013
2145 1.7985E-013
2146 1.7494E-013
2148 1.6892E-013
2149 1.7324E-013
2151 1.7251E-013
2152 1.7087E-013
2153 1.7463E-013
2155 1.7615E-013
2156 1.7637E-013
2157 1.7464E-013
2159 1.6607E-013
2160 1.6311E-013
2162 1.6924E-013
2163 1.7199E-013
2164 1.6926E-013
2166 1.6982E-013
2167 1.6662E-013
2168 1.7081E-013
2170 1.7468E-013
2171 1.7976E-013
2172 1.7891E-013
2174 1.7239E-013
2175 1.6707E-013
2177 1.7141E-013
2178 1.7372E-013
2179 1.8430E-013
2181 1.8912E-013
2182 1.9376E-013
2183 1.9173E-013
2185 1.8604E-013
2186 1.8289E-013
2188 1.7714E-013
2189 1.8481E-013
2190 1.9018E-013
2192 1.8928E-013
2193 1.9222E-013
2194 2.0131E-013
2196 1.9746E-013
2197 1.9559E-013
2199 1.9732E-013
2200 1.9563E-013
2201 1.8297E-013
2203 1.9329E-013
2204 1.9929E-013
2205 2.0264E-013
2207 1.9037E-013
2208 1.7893E-013
2210 1.8219E-013
2211 1.7404E-013
2212 1.7442E-013
2214 1.8474E-013
2215 1.8801E-013
2216 1.8599E-013
2218 1.7844E-013
2219 1.9052E-013
2221 1.9583E-013
2222 1.9827E-013
2223 1.9950E-013
2225 1.9896E-013
2226 1.9885E-013
2227 2.0057E-013
2229 2.0630E-013
2230 2.0588E-013
2232 2.0511E-013
2233 2.1056E-013
2234 2.0749E-013
2236 2.1209E-013
2237 2.1351E-013
2238 2.1642E-013
2240 2.1565E-013
2241 2.1427E-013
2243 2.1020E-013
2244 2.0602E-013
2245 1.9878E-013
2247 2.0573E-013
2248 2.0602E-013
2249 2.0108E-013
2251 1.9740E-013
2252 1.9431E-013
2254 1.9774E-013
2255 1.9478E-013
2256 1.9416E-013
2258 2.0272E-013
2259 2.0721E-013
2260 1.9373E-013
2262 1.9631E-013
2263 2.0524E-013
2265 2.0384E-013
2266 1.9769E-013
2267 1.9800E-013
2269 1.9840E-013
2270 2.0078E-013
2271 2.0649E-013
2273 2.0739E-013
2274 2.1223E-013
2276 2.0871E-013
2277 2.0512E-013
2278 2.0946E-013
2280 2.1150E-013
2281 2.1607E-013
2282 2.2781E-013
2284 2.1560E-013
2285 2.1779E-013
2287 2.1344E-013
2288 2.0732E-013
2289 2.1107E-013
2291 2.0979E-013
2292 2.1069E-013
2293 2.1250E-013
2295 2.1333E-013
2296 2.1457E-013
2298 1.9784E-013
2299 1.9523E-013
2300 2.0140E-013
2302 2.0515E-013
2303 2.0956E-013
2304 2.1292E-013
2306 2.2610E-013
2307 2.2358E-013
2309 2.2307E-013
2310 2.2267E-013
2311 2.1736E-013
2313 2.0547E-013
2314 2.0658E-013
2315 2.1462E-013
2317 2.2018E-013
2318 2.2147E-013
2320 2.1943E-013
2321 2.1402E-013
2322 2.1909E-013
2324 2.2356E-013
2325 2.2772E-013
2326 2.1398E-013
2328 2.1224E-013
2329 2.2454E-013
2330 2.2230E-013
2332 2.1021E-013
2333 2.0662E-013
2335 2.1633E-013
2336 2.2474E-013
2337 2.1801E-013
2339 2.0483E-013
2340 2.1864E-013
2341 2.2023E-013
2343 2.0786E-013
2344 1.6597E-013
2346 1.8132E-013
2347 1.9745E-013
2348 1.9013E-013
2350 2.1033E-013
2351 2.3114E-013
2352 2.3415E-013
2354 2.3482E-013
2355 2.2024E-013
2357 2.2881E-013
2358 2.3585E-013
2359 2.1426E-013
2361 2.0001E-013
2362 2.1663E-013
2363 2.2279E-013
2365 2.1871E-013
2366 2.1897E-013
2368 2.2184E-013
2369 2.2682E-013
2370 2.3096E-013
2372 2.3318E-013
2373 2.2886E-013
2374 2.1156E-013
2376 2.2122E-013
2377 2.3177E-013
2379 2.3283E-013
2380 2.0786E-013
2381 1.8939E-013
2383 1.4958E-013
2384 1.7628E-013
2385 1.9948E-013
2387 2.0590E-013
2388 2.0866E-013
2390 1.9870E-013
2391 2.3083E-013
2392 2.3844E-013
2394 2.4026E-013
2395 2.1691E-013
2396 2.0413E-013
2398 2.2186E-013
2399 2.2080E-013
2401 2.2022E-013
2402 2.4074E-013
2403 2.3348E-013
2405 2.0947E-013
2406 1.9163E-013
2407 2.0301E-013
2409 2.2304E-013
2410 2.2324E-013
2412 1.9394E-013
2413 2.1702E-013
2414 2.1985E-013
2416 2.3763E-013
2417 2.4469E-013
2418 2.5021E-013
2420 2.6268E-013
2421 2.6488E-013
2423 2.6344E-013
2424 2.4757E-013
2425 2.3943E-013
2427 2.5501E-013
2428 2.6003E-013
2429 2.5053E-013
2431 2.5307E-013
2432 2.5727E-013
2434 2.5345E-013
2435 2.4278E-013
2436 2.3476E-013
2438 2.4713E-013
2439 2.4153E-013
2440 2.4575E-013
2442 2.5768E-013
2443 2.5613E-013
2445 2.5379E-013
2446 2.5391E-013
2447 2.5250E-013
2449 2.5560E-013
2450 2.5244E-013
2451 2.5072E-013
2453 2.5482E-013
2454 2.5551E-013
2456 2.6132E-013
2457 2.6281E-013
2458 2.6360E-013
2460 2.6016E-013
2461 2.5892E-013
2462 2.4174E-013
2464 2.4238E-013
2465 2.4772E-013
2467 2.4623E-013
2468 2.5242E-013
2469 2.5250E-013
2471 2.5376E-013
2472 2.5017E-013
2473 2.4358E-013
2475 2.5071E-013
2476 2.5164E-013
2477 2.4741E-013
2479 2.4467E-013
2480 2.3900E-013
2482 2.5251E-013
2483 2.3663E-013
2484 2.2021E-013
2486 2.4267E-013
2487 2.4464E-013
2488 2.3385E-013
2490 2.2505E-013
2491 2.0905E-013
2493 2.3013E-013
2494 2.4716E-013
2495 2.6710E-013
2497 2.7139E-013
2498 2.6841E-013
2499 2.6849E-013
2501 2.6924E-013
2502 2.5524E-013
2504 2.5612E-013
2505 2.5747E-013
2506 2.4251E-013
2508 2.3519E-013
2509 2.6034E-013
2510 2.6742E-013
2512 2.5329E-013
2513 2.4617E-013
2515 2.2758E-013
2516 2.0694E-013
2517 2.0411E-013
2519 2.1830E-013
2520 2.2405E-013
2521 2.4046E-013
2523 2.2452E-013
2524 2.0489E-013
2526 2.0903E-013
2527 2.1070E-013
2528 2.0122E-013
2530 1.9357E-013
2531 2.2563E-013
2532 2.4890E-013
2534 2.5382E-013
2535 2.4316E-013
2537 2.3857E-013
2538 2.3920E-013
2539 2.3583E-013
2541 2.4826E-013
2542 2.4573E-013
2543 2.5232E-013
2545 2.4900E-013
2546 2.4310E-013
2548 2.4576E-013
2549 2.4496E-013
2550 2.3860E-013
2552 2.6515E-013
2553 2.8228E-013
2554 2.8941E-013
2556 2.8875E-013
2557 2.8600E-013
2559 2.9167E-013
2560 2.9154E-013
2561 2.8387E-013
2563 2.6711E-013
2564 2.6064E-013
2565 2.8608E-013
2567 2.8838E-013
2568 2.8377E-013
2570 2.9029E-013
2571 2.8902E-013
2572 2.9117E-013
2574 2.9310E-013
2575 2.8475E-013
2576 2.7108E-013
2578 2.7290E-013
2579 2.8728E-013
2581 2.9492E-013
2582 2.9172E-013
2583 2.8173E-013
2585 2.8660E-013
2586 2.5888E-013
2587 2.6422E-013
2589 2.8544E-013
2590 3.0311E-013
2591 2.9577E-013
2593 2.8703E-013
2594 2.7848E-013
2596 2.9412E-013
2597 2.9237E-013
2598 2.4880E-013
2600 1.9850E-013
2601 2.5333E-013
2602 2.9696E-013
2604 3.0129E-013
2605 2.8782E-013
2607 2.5521E-013
2608 2.5039E-013
2609 2.7592E-013
2611 2.7521E-013
2612 2.4578E-013
2613 2.4723E-013
2615 2.6370E-013
2616 2.9549E-013
2618 2.8872E-013
2619 2.7195E-013
2620 2.8676E-013
2622 2.8173E-013
2623 2.8950E-013
2624 2.8563E-013
2626 2.8007E-013
2627 2.7808E-013
2629 2.7307E-013
2630 2.5757E-013
2631 2.4346E-013
2633 2.5262E-013
2634 2.9948E-013
2635 3.1319E-013
2637 3.1393E-013
2638 3.1856E-013
2640 3.2654E-013
2641 3.2625E-013
2642 3.2485E-013
2644 3.2822E-013
2645 3.2862E-013
2646 3.2678E-013
2648 3.3017E-013
2649 3.3054E-013
2651 3.2801E-013
2652 3.2534E-013
2653 3.2548E-013
2655 3.2922E-013
2656 3.3169E-013
2657 3.3161E-013
2659 3.2918E-013
2660 3.2992E-013
2662 3.2829E-013
2663 3.1660E-013
2664 3.0711E-013
2666 3.1062E-013
2667 3.0307E-013
2668 3.0838E-013
2670 3.1415E-013
2671 3.1969E-013
2672 3.1581E-013
2674 3.1606E-013
2675 3.2893E-013
2677 3.2963E-013
2678 3.1908E-013
2679 3.0721E-013
2681 3.1477E-013
2682 3.2352E-013
2683 3.2809E-013
2685 3.2940E-013
2686 3.3319E-013
2688 3.2619E-013
2689 3.1956E-013
2690 3.1261E-013
2692 3.1589E-013
2693 3.1988E-013
2694 3.2118E-013
2696 3.2166E-013
2697 3.2512E-013
2699 3.1532E-013
2700 3.1880E-013
2701 3.2214E-013
2703 3.2757E-013
2704 3.2844E-013
2705 3.2774E-013
2707 3.2148E-013
2708 3.2293E-013
2710 3.2217E-013
2711 3.2619E-013
2712 3.1684E-013
2714 3.1727E-013
2715 3.1696E-013
2716 3.1786E-013
2718 3.1974E-013
2719 3.0865E-013
2721 3.0395E-013
2722 3.1353E-013
2723 3.1853E-013
2725 3.1410E-013
2726 3.1254E-013
2727 3.1369E-013
2729 3.1017E-013
2730 3.2749E-013
2732 3.2312E-013
2733 3.2079E-013
2734 3.1038E-013
2736 3.1488E-013
2737 3.0226E-013
2738 2.9803E-013
2740 3.0113E-013
2741 2.9503E-013
2742 2.9732E-013
2744 2.7687E-013
2745 2.8775E-013
2747 2.9820E-013
2748 2.7457E-013
2749 2.8224E-013
2751 2.6430E-013
2752 2.9152E-013
2753 3.1494E-013
2755 3.0829E-013
2756 2.9345E-013
2758 2.9053E-013
2759 3.2278E-013
2760 3.2251E-013
2762 3.2665E-013
2763 3.1437E-013
2764 3.2217E-013
2766 3.3661E-013
2767 3.2673E-013
2769 3.2263E-013
2770 3.2684E-013
2771 3.3472E-013
2773 3.3290E-013
2774 3.3420E-013
2775 3.3469E-013
2777 3.2958E-013
2778 3.2143E-013
2780 3.1229E-013
2781 3.1109E-013
2782 3.1583E-013
2784 3.2297E-013
2785 3.2681E-013
2786 3.3359E-013
2788 3.2614E-013
2789 3.1456E-013
2791 3.0266E-013
2792 2.6932E-013
2793 2.2846E-013
2795 1.6127E-013
2796 9.0422E-014
2797 1.0217E-013
2799 1.5126E-013
2800 2.0080E-013
2801 1.8770E-013
2803 1.2566E-013
2804 1.1811E-013
2806 2.0327E-013
2807 2.6936E-013
2808 2.9985E-013
2810 3.2606E-013
2811 3.3255E-013
2812 3.3244E-013
2814 3.3047E-013
2815 3.4199E-013
2817 3.4793E-013
2818 3.4963E-013
2819 3.4865E-013
2821 3.4960E-013
2822 3.4570E-013
2823 3.4589E-013
2825 3.4911E-013
2826 3.4720E-013
2828 3.4642E-013
2829 3.4551E-013
2830 3.4960E-013
2832 3.4321E-013
2833 3.4094E-013
2834 3.5066E-013
2836 3.3964E-013
2837 3.3430E-013
2839 3.4906E-013
2840 3.4567E-013
2841 3.3433E-013
2843 3.3951E-013
2844 3.3163E-013
2845 3.3782E-013
2847 3.4214E-013
2848 3.3923E-013
2850 3.2144E-013
2851 2.9686E-013
2852 2.3689E-013
2854 2.3578E-013
2855 3.1696E-013
2856 3.2759E-013
2858 3.3728E-013
2859 3.3867E-013
2860 3.4901E-013
2862 3.4856E-013
2863 3.4267E-013
2865 3.4475E-013
2866 3.4324E-013
2867 3.3942E-013
2869 3.3826E-013
2870 3.4142E-013
2871 3.5293E-013
2873 3.5287E-013
2874 3.4172E-013
2876 3.4513E-013
2877 3.3788E-013
2878 3.3490E-013
2880 3.4167E-013
2881 3.2433E-013
2882 2.9092E-013
2884 3.3396E-013
2885 3.4710E-013
2887 3.6645E-013
2888 3.6762E-013
2889 3.6184E-013
2891 3.5514E-013
2892 3.5118E-013
2893 3.4540E-013
2895 3.5080E-013
2896 3.5540E-013
2897 3.6806E-013
2899 3.7033E-013
2900 3.7472E-013
2902 3.7458E-013
2903 3.7332E-013
2904 3.7279E-013
2906 3.7373E-013
2907 3.6827E-013
2908 3.6056E-013
2910 3.5993E-013
2911 3.6078E-013
2913 3.7018E-013
2914 3.7472E-013
2915 3.7951E-013
2917 3.7260E-013
2918 3.7022E-013
2919 3.7117E-013
2921 3.7243E-013
2922 3.7459E-013
2924 3.6599E-013
2925 3.5407E-013
2926 3.6039E-013
2928 3.5999E-013
2929 3.5232E-013
2930 3.6174E-013
2932 3.7252E-013
2933 3.7357E-013
2935 3.7248E-013
2936 3.7239E-013
2937 3.5103E-013
2939 3.5516E-013
2940 3.5607E-013
2941 3.6143E-013
2943 3.6344E-013
2944 3.6800E-013
2945 3.5968E-013
2947 3.6231E-013
2948 3.5978E-013
2950 3.5531E-013
2951 3.6927E-013
2952 3.7367E-013
2954 3.6385E-013
2955 3.6215E-013
2956 3.7914E-013
2958 3.7456E-013
2959 3.7892E-013
2961 3.7741E-013
2962 3.8270E-013
2963 3.8334E-013
2965 3.7354E-013
2966 3.5433E-013
2967 3.6019E-013
2969 3.6404E-013
2970 3.5466E-013
2972 3.4876E-013
2973 3.6236E-013
2974 3.6476E-013
2976 3.7891E-013
2977 3.7703E-013
2978 3.8381E-013
2980 3.7944E-013
2981 3.6974E-013
2982 3.6150E-013
2984 3.6196E-013
2985 3.5149E-013
2987 3.5094E-013
2988 3.6327E-013
2989 3.7760E-013
2991 3.8525E-013
2992 3.8843E-013
2993 3.8484E-013
2995 3.7397E-013
2996 3.7869E-013
2998 3.8667E-013
2999 3.8410E-013
3000 3.7247E-013
3002 3.6366E-013
3003 3.5209E-013
3004 3.5915E-013
3006 3.8190E-013
3007 3.8078E-013
3008 3.7024E-013
3010 3.7814E-013
3011 3.8567E-013
3013 3.7865E-013
3014 3.8506E-013
3015 3.8443E-013
3017 3.7873E-013
3018 3.6953E-013
3019 3.6458E-013
3021 3.4805E-013
3022 3.4940E-013
3024 3.8214E-013
3025 3.8125E-013
3026 3.7248E-013
3028 3.8369E-013
3029 3.9431E-013
3030 3.8628E-013
3032 3.8419E-013
3033 3.8978E-013
3035 3.9621E-013
3036 3.9892E-013
3037 3.8786E-013
3039 3.7646E-013
3040 3.8659E-013
3041 3.8506E-013
3043 3.7858E-013
3044 3.8380E-013
3045 3.8833E-013
3047 3.9418E-013
3048 3.8417E-013
3050 3.9041E-013
3051 3.9032E-013
3052 3.9384E-013
3054 3.9496E-013
3055 3.9198E-013
3056 3.9050E-013
3058 3.6955E-013
3059 3.6435E-013
3061 3.8263E-013
3067 3.6283E-013
3070 3.7322E-013
3073 3.7857E-013
3076 3.7987E-013
3078 3.8222E-013
3081 3.8521E-013
3084 3.8703E-013
3087 3.7828E-013
3089 3.6939E-013
3092 3.6318E-013
3095 3.6559E-013
3098 3.6549E-013
3100 3.5864E-013
3103 3.7064E-013
3106 3.8493E-013
3109 3.9359E-013
3111 3.9336E-013
3114 3.9144E-013
3117 3.8272E-013
3120 3.7800E-013
3122 3.8187E-013
3125 3.7994E-013
3128 3.8987E-013
3131 3.9135E-013
3133 3.9154E-013
3136 3.9336E-013
3139 3.9168E-013
3142 3.8896E-013
3144 3.8056E-013
3147 3.8763E-013
3150 3.9898E-013
3152 3.9497E-013
3155 3.8962E-013
3158 3.8368E-013
3161 3.8088E-013
3163 3.9073E-013
3166 3.9875E-013
3169 3.9880E-013
3172 4.0212E-013
3174 4.0285E-013
3177 3.9431E-013
3180 3.8141E-013
3183 3.9105E-013
3185 3.9681E-013
3188 3.9840E-013
3191 3.8988E-013
3194 3.8764E-013
3196 3.8884E-013
3199 4.0042E-013
3202 4.0565E-013
3205 4.0694E-013
3207 4.0045E-013
3210 3.9597E-013
3213 3.8526E-013
3216 3.8955E-013
3218 3.9706E-013
3221 4.0382E-013
3224 3.9899E-013
3227 3.8984E-013
3229 3.8799E-013
3232 3.8941E-013
3235 3.8651E-013
3238 3.9196E-013
3240 3.9967E-013
3243 4.0353E-013
3246 4.1341E-013
3249 4.0255E-013
3251 4.0615E-013
3254 4.0752E-013
3257 4.1671E-013
3260 4.2515E-013
3262 4.1681E-013
3265 4.2088E-013
3268 4.2156E-013
3271 4.1277E-013
3273 4.1250E-013
3276 4.1071E-013
3279 4.0734E-013
3282 4.1264E-013
3284 4.2065E-013
3287 4.1785E-013
3290 4.1964E-013
3293 4.2916E-013
3295 4.2812E-013
3298 4.2830E-013
3301 4.3140E-013
3304 4.2384E-013
3306 4.1951E-013
3309 4.2238E-013
3312 4.2905E-013
3315 4.2446E-013
3317 4.1975E-013
3320 4.1684E-013
3323 4.1015E-013
3326 4.1603E-013
3328 4.2008E-013
3331 4.1548E-013
3334 4.1664E-013
3337 4.1387E-013
3339 4.1656E-013
3342 4.1191E-013
3345 4.1375E-013
3348 4.1425E-013
3350 4.0599E-013
3353 4.2131E-013
3356 4.2936E-013
3359 4.2020E-013
3361 4.1552E-013
3364 4.2135E-013
3367 4.2161E-013
3370 4.1488E-013
3372 4.0725E-013
3375 4.2096E-013
3378 4.2235E-013
3381 4.0874E-013
3383 4.1466E-013
3386 4.2025E-013
3389 4.1730E-013
3392 4.1986E-013
3394 4.1712E-013
3397 4.3001E-013
3400 4.2914E-013
3403 4.2595E-013
3405 4.1896E-013
3408 4.1692E-013
3411 4.2183E-013
3413 4.1589E-013
3416 4.2263E-013
3419 4.2525E-013
3422 4.2384E-013
3424 4.2206E-013
3427 4.2948E-013
3430 4.3421E-013
3433 4.2783E-013
3435 4.2553E-013
3438 4.2333E-013
3441 4.1177E-013
3444 4.0765E-013
3446 4.1592E-013
3449 4.2207E-013
3452 4.2351E-013
3455 4.2514E-013
3457 4.3114E-013
3460 4.1996E-013
3463 4.2220E-013
3466 4.2674E-013
3468 4.2855E-013
3471 4.3008E-013
3474 4.2476E-013
3477 4.1697E-013
3479 4.2819E-013
3482 4.3125E-013
3485 4.2975E-013
3488 4.3133E-013
3490 4.2358E-013
3493 4.2138E-013
3496 4.2601E-013
3499 4.2763E-013
3501 4.2708E-013
3504 4.3131E-013
3507 4.3063E-013
3510 4.2809E-013
3512 4.2363E-013
3515 4.2156E-013
3518 4.3143E-013
3521 4.2876E-013
3523 4.2537E-013
3526 4.1944E-013
3529 4.2155E-013
3532 4.3328E-013
3534 4.3437E-013
3537 4.3627E-013
3540 4.3726E-013
3543 4.3721E-013
3545 4.4239E-013
3548 4.4107E-013
3551 4.4228E-013
3554 4.4274E-013
3556 4.3198E-013
3559 4.3014E-013
3562 4.3930E-013
3565 4.3368E-013
3567 4.2255E-013
3570 4.1738E-013
3573 4.2026E-013
3576 4.2990E-013
3578 4.3225E-013
3581 4.2669E-013
3584 4.2745E-013
3587 4.1469E-013
3589 4.2590E-013
3592 4.3280E-013
3595 4.3363E-013
3598 4.3097E-013
3600 4.4107E-013
3603 4.3736E-013
3606 4.3085E-013
3609 4.2739E-013
3611 4.2693E-013
3614 4.3228E-013
3617 4.3609E-013
3620 4.3075E-013
3622 4.3620E-013
3625 4.4178E-013
3628 4.4405E-013
3631 4.3887E-013
3633 4.2788E-013
3636 4.4040E-013
3639 4.4005E-013
3642 4.4460E-013
3644 4.3855E-013
3647 4.3637E-013
3650 4.3442E-013
3653 4.4289E-013
3655 4.4872E-013
3658 4.4932E-013
3661 4.4803E-013
3664 4.4769E-013
3666 4.5064E-013
3669 4.4910E-013
3672 4.4757E-013
3675 4.4898E-013
3677 4.4747E-013
3680 4.4157E-013
3683 4.4009E-013
3686 4.3516E-013
3688 4.3687E-013
3691 4.4899E-013
3694 4.5252E-013
3697 4.5649E-013
3699 4.5360E-013
3702 4.6046E-013
3705 4.3922E-013
3708 4.4206E-013
3710 4.4946E-013
3713 4.3175E-013
3716 4.6309E-013
3719 4.7617E-013
3721 4.4151E-013
3724 4.2447E-013
3727 4.6982E-013
3730 4.8996E-013
3732 4.6571E-013
3735 4.1180E-013
3738 4.2871E-013
3741 4.6843E-013
3743 5.0224E-013
3746 4.7921E-013
3749 4.3397E-013
3752 4.1110E-013
3754 4.5652E-013
3757 5.0324E-013
3760 5.0815E-013
3763 5.1685E-013
3765 5.0638E-013
3768 4.7445E-013
3771 4.1792E-013
3774 4.2803E-013
3776 4.9590E-013
3779 5.3993E-013
3782 5.6302E-013
3785 5.6338E-013
3787 5.5701E-013
3790 5.4696E-013
3793 5.2308E-013
3796 4.7499E-013
3798 4.1204E-013
3801 4.2136E-013
3804 4.9709E-013
3807 5.2734E-013
3809 5.5342E-013
3812 5.7291E-013
3815 5.7194E-013
3818 5.6935E-013
3820 5.6977E-013
3823 5.6041E-013
3826 5.4457E-013
3829 5.2330E-013
3831 4.9569E-013
3834 4.3639E-013
3837 3.8439E-013
3840 4.3004E-013
3842 4.9392E-013
3845 5.3805E-013
3848 5.5925E-013
3851 5.7288E-013
3853 5.8140E-013
3856 5.8933E-013
3859 5.8099E-013
3862 5.8627E-013
3864 5.9040E-013
3867 5.9471E-013
3870 5.9654E-013
3873 5.8877E-013
3875 5.7830E-013
3878 5.6590E-013
3881 5.4679E-013
3884 5.3930E-013
3886 4.8771E-013
3889 4.1584E-013
3892 4.1004E-013
3894 4.6970E-013
3897 5.2135E-013
3900 5.4270E-013
3903 5.5540E-013
3905 5.6433E-013
3908 5.7391E-013
3911 5.9077E-013
3914 5.9729E-013
3916 5.9665E-013
3919 5.9845E-013
3922 5.8855E-013
3925 5.8920E-013
3927 5.8277E-013
3930 5.4662E-013
3933 4.6000E-013
3936 4.2061E-013
3938 5.1369E-013
3941 5.7713E-013
3944 5.8296E-013
3947 5.9377E-013
3949 5.8889E-013
3952 5.8811E-013
3955 5.8528E-013
3958 5.7599E-013
3960 5.6425E-013
3963 5.3732E-013
3966 4.6516E-013
3969 3.7711E-013
3971 3.4066E-013
3974 4.2960E-013
3977 5.0512E-013
3980 5.4596E-013
3982 5.6317E-013
3985 5.7650E-013
3988 5.8509E-013
3991 5.9343E-013
3993 6.0441E-013
3996 6.0583E-013
3999 6.0324E-013
4002 6.1044E-013
4004 6.0898E-013
4007 6.0430E-013
4010 6.1299E-013
4013 6.1539E-013
4015 6.1564E-013
4018 6.1188E-013
4021 6.1581E-013
4024 6.1178E-013
4026 6.1433E-013
4029 6.1017E-013
4032 6.0333E-013
4035 6.1030E-013
4037 6.1210E-013
4040 6.1686E-013
4043 6.1374E-013
4046 6.0324E-013
4048 6.0352E-013
4051 6.0991E-013
4054 6.1246E-013
4057 6.0646E-013
4059 6.1084E-013
4062 6.0802E-013
4065 5.9744E-013
4068 6.0244E-013
4070 5.9683E-013
4073 5.9458E-013
4076 5.9824E-013
4079 5.8825E-013
4081 5.9154E-013
4084 5.9207E-013
4087 5.8678E-013
4090 5.8235E-013
4092 5.6759E-013
4095 5.5128E-013
4098 5.2165E-013
4101 4.6161E-013
4103 4.0285E-013
4106 4.5857E-013
4109 5.1326E-013
4112 5.4742E-013
4114 5.6774E-013
4117 5.8028E-013
4120 5.8664E-013
4123 5.9124E-013
4125 5.9577E-013
4128 6.0100E-013
4131 5.9018E-013
4134 5.9796E-013
4136 6.0083E-013
4139 6.0651E-013
4142 6.0275E-013
4145 6.0066E-013
4147 6.0156E-013
4150 6.0622E-013
4153 6.0971E-013
4156 6.0722E-013
4158 6.0324E-013
4161 6.0587E-013
4164 6.0883E-013
4167 6.0726E-013
4169 6.0148E-013
4172 6.0474E-013
4175 5.9826E-013
4178 5.9906E-013
4180 5.9987E-013
4183 6.0323E-013
4186 5.9887E-013
4189 6.0028E-013
4191 6.0212E-013
4194 6.0251E-013
4197 5.9950E-013
4200 5.9772E-013
4202 5.9199E-013
4205 5.9614E-013
4208 6.0089E-013
4211 6.0232E-013
4213 6.0165E-013
4216 5.9628E-013
4219 5.9527E-013
4222 5.9363E-013
4224 5.9760E-013
4227 5.8719E-013
4230 5.8694E-013
4233 5.9434E-013
4235 5.9539E-013
4238 5.9665E-013
4241 5.9608E-013
4244 6.0035E-013
4246 5.9490E-013
4249 5.8826E-013
4252 5.8709E-013
4255 5.9206E-013
4257 5.9051E-013
4260 5.9261E-013
4263 5.9523E-013
4266 5.9322E-013
4268 5.9626E-013
4271 5.8345E-013
4274 5.7946E-013
4277 5.8267E-013
4279 5.9160E-013
4282 5.8988E-013
4285 5.8183E-013
4288 5.8178E-013
4290 5.7070E-013
4293 5.6688E-013
4296 5.6933E-013
4299 5.6924E-013
4301 5.5991E-013
4304 5.6215E-013
4307 5.6536E-013
4310 5.5616E-013
4312 5.6535E-013
4315 5.6888E-013
4318 5.7033E-013
4321 5.7068E-013
4323 5.6616E-013
4326 5.5444E-013
4329 5.4590E-013
4332 5.4710E-013
4334 5.2718E-013
4337 4.9879E-013
4340 4.4556E-013
4342 3.9419E-013
4345 4.5185E-013
4348 5.0542E-013
4351 5.3604E-013
4353 5.4453E-013
4356 5.5544E-013
4359 5.6709E-013
4362 5.7074E-013
4364 5.7659E-013
4367 5.7609E-013
4370 5.7627E-013
4373 5.7625E-013
4375 5.7467E-013
4378 5.7647E-013
4381 5.8222E-013
4384 5.7440E-013
4386 5.7234E-013
4389 5.8273E-013
4392 5.8214E-013
4395 5.8219E-013
4397 5.7578E-013
4400 5.8150E-013
4403 5.8152E-013
4406 5.7435E-013
4408 5.8000E-013
4411 5.7978E-013
4414 5.8178E-013
4417 5.7762E-013
4419 5.8073E-013
4422 5.8229E-013
4425 5.7875E-013
4428 5.7595E-013
4430 5.8116E-013
4433 5.8133E-013
4436 5.7921E-013
4439 5.8207E-013
4441 5.8361E-013
4444 5.8083E-013
4447 5.7978E-013
4450 5.7691E-013
4452 5.8006E-013
4455 5.8093E-013
4458 5.7883E-013
4461 5.8146E-013
4463 5.7637E-013
4466 5.8294E-013
4469 5.7401E-013
4472 5.7533E-013
4474 5.7581E-013
4477 5.7965E-013
4480 5.8214E-013
4483 5.7996E-013
4485 5.7876E-013
4488 5.7790E-013
4491 5.8126E-013
4494 5.8442E-013
4496 5.7884E-013
4499 5.8088E-013
4502 5.7791E-013
4505 5.8126E-013
4507 5.8297E-013
4510 5.8233E-013
4513 5.7785E-013
4516 5.7542E-013
4518 5.8293E-013
4521 5.8281E-013
4524 5.7536E-013
4527 5.7737E-013
4529 5.7264E-013
4532 5.6860E-013
4535 5.7304E-013
4538 5.7632E-013
4540 5.7751E-013
4543 5.7687E-013
4546 5.7794E-013
4549 5.6883E-013
4551 5.6799E-013
4554 5.6825E-013
4557 5.7413E-013
4560 5.7469E-013
4562 5.7495E-013
4565 5.7342E-013
4568 5.7640E-013
4571 5.7398E-013
4573 5.7121E-013
4576 5.7531E-013
4579 5.7309E-013
4582 5.7260E-013
4584 5.7189E-013
4587 5.7446E-013
4590 5.7253E-013
4592 5.7201E-013
4595 5.7181E-013
4598 5.7048E-013
4601 5.7175E-013
4603 5.7144E-013
4606 5.7238E-013
4609 5.7142E-013
4612 5.6976E-013
4614 5.7185E-013
4617 5.7101E-013
4620 5.6953E-013
4623 5.6788E-013
4625 5.6997E-013
4628 5.7311E-013
4631 5.7157E-013
4634 5.7147E-013
4636 5.7240E-013
4639 5.6918E-013
4642 5.7288E-013
4645 5.6824E-013
4647 5.6660E-013
4650 5.7129E-013
4653 5.6114E-013
4656 5.6674E-013
4658 5.6787E-013
4661 5.6595E-013
4664 5.6843E-013
4667 5.6824E-013
4669 5.6855E-013
4672 5.6769E-013
4675 5.6236E-013
4678 5.6656E-013
4680 5.6566E-013
4683 5.6702E-013
4686 5.6246E-013
4689 5.6192E-013
4691 5.6712E-013
4694 5.6558E-013
4697 5.6634E-013
4700 5.6536E-013
4702 5.6135E-013
4705 5.6005E-013
4708 5.6228E-013
4711 5.6375E-013
4713 5.6124E-013
4716 5.6230E-013
4719 5.6036E-013
4722 5.6459E-013
4724 5.6255E-013
4727 5.6132E-013
4730 5.6157E-013
4733 5.5858E-013
4735 5.6178E-013
4738 5.5493E-013
4741 5.5712E-013
4744 5.5616E-013
4746 5.5437E-013
4749 5.5979E-013
4752 5.6171E-013
4755 5.5841E-013
4757 5.5767E-013
4760 5.5605E-013
4763 5.5404E-013
4765 5.5510E-013
4768 5.5781E-013
4771 5.5709E-013
4774 5.5334E-013
4776 5.5399E-013
4779 5.5396E-013
4782 5.5260E-013
4785 5.4905E-013
4787 5.4797E-013
4790 5.4830E-013
4793 5.4766E-013
4796 5.4499E-013
4798 5.4873E-013
4801 5.4898E-013
4804 5.4700E-013
4807 5.4366E-013
4809 5.4240E-013
4812 5.4471E-013
4815 5.4443E-013
4818 5.4140E-013
4820 5.4014E-013
4823 5.3989E-013
4826 5.4415E-013
4829 5.4319E-013
4831 5.4141E-013
4834 5.4012E-013
4837 5.3517E-013
4840 5.3394E-013
4842 5.3565E-013
4845 5.3263E-013
4848 5.2276E-013
4851 5.1989E-013
4853 5.0877E-013
4856 4.9339E-013
4859 4.5618E-013
4862 4.0917E-013
4864 3.8172E-013
4867 4.3786E-013
4870 4.7447E-013
4873 4.9677E-013
4875 5.0908E-013
4878 5.1692E-013
4881 5.2191E-013
4884 5.2796E-013
4886 5.2636E-013
4889 5.3023E-013
4892 5.2913E-013
4894 5.2812E-013
4897 5.3079E-013
4900 5.3395E-013
4903 5.3543E-013
4905 5.3679E-013
4908 5.3977E-013
4911 5.3834E-013
4914 5.3597E-013
4916 5.3802E-013
4919 5.3507E-013
4922 5.2715E-013
4925 5.2969E-013
4927 5.3388E-013
4930 5.3748E-013
4933 5.3649E-013
4936 5.3728E-013
4938 5.3550E-013
4941 5.3533E-013
4944 5.3528E-013
4947 5.3892E-013
4949 5.3835E-013
4952 5.3525E-013
4955 5.3536E-013
4958 5.3499E-013
4960 5.2724E-013
4963 5.3370E-013
4966 5.3280E-013
4969 5.3362E-013
4971 5.3647E-013
4974 5.3824E-013
4977 5.3579E-013
4980 5.3943E-013
4982 5.3384E-013
4985 5.3502E-013
4988 5.3187E-013
4991 5.3303E-013
4993 5.3372E-013
4996 5.3469E-013
4999 5.3159E-013
5001 5.3193E-013
5004 5.3091E-013
5007 5.2963E-013
5010 5.3017E-013
5012 5.3048E-013
5015 5.3208E-013
5018 5.3067E-013
5021 5.2845E-013
5023 5.2936E-013
5026 5.2540E-013
5029 5.3239E-013
5032 5.3287E-013
5034 5.3039E-013
5037 5.3144E-013
5040 5.2637E-013
5043 5.2380E-013
5045 5.2825E-013
5048 5.2950E-013
5051 5.1772E-013
5054 5.2630E-013
5056 5.3062E-013
5059 5.3095E-013
5062 5.2718E-013
5065 5.2473E-013
5067 5.2598E-013
5070 5.2659E-013
5073 5.2531E-013
5076 5.2835E-013
5078 5.2548E-013
5081 5.2675E-013
5084 5.2072E-013
5087 5.2189E-013
5089 5.2388E-013
5092 5.2544E-013
5095 5.2621E-013
5097 5.2413E-013
5100 5.2491E-013
5103 5.2504E-013
5106 5.2234E-013
5108 5.2423E-013
5111 5.2030E-013
5114 5.2088E-013
5117 5.2237E-013
5119 5.2050E-013
5122 5.1950E-013
5125 5.1804E-013
5128 5.1411E-013
5130 5.2298E-013
5133 5.1981E-013
5136 5.1702E-013
5139 5.1502E-013
5141 5.1624E-013
5144 5.1999E-013
5147 5.1862E-013
5150 5.1937E-013
5152 5.1703E-013
5155 5.1584E-013
5158 5.1630E-013
5161 5.1407E-013
5163 5.1562E-013
5166 5.1003E-013
5169 5.0076E-013
5172 4.9851E-013
5174 4.9729E-013
5177 5.0501E-013
5180 5.0964E-013
5182 5.0804E-013
5185 5.0497E-013
5188 5.0291E-013
5191 5.0868E-013
5193 5.0729E-013
5196 5.1020E-013
5199 5.1240E-013
5202 5.1272E-013
5204 5.1116E-013
5207 5.0673E-013
5210 5.0910E-013
5213 5.1172E-013
5215 5.1146E-013
5218 5.1123E-013
5221 5.1138E-013
5224 5.1306E-013
5226 5.1028E-013
5229 5.0662E-013
5232 5.0935E-013
5235 5.0411E-013
5237 5.0745E-013
5240 5.0891E-013
5243 5.1091E-013
5246 5.0654E-013
5248 5.0831E-013
5251 5.0734E-013
5254 5.0645E-013
5256 5.0631E-013
5259 5.0875E-013
5262 5.0705E-013
5265 5.0135E-013
5267 5.0158E-013
5270 4.9488E-013
5273 5.0001E-013
5276 4.9965E-013
5278 5.0213E-013
5281 5.0498E-013
5284 5.0463E-013
5287 5.0398E-013
5289 5.0478E-013
5292 5.0689E-013
5295 5.0243E-013
5298 5.0561E-013
5300 5.0393E-013
5303 5.0422E-013
5306 5.0725E-013
5309 5.0475E-013
5311 5.0250E-013
5314 5.0206E-013
5317 4.9954E-013
5320 4.9744E-013
5322 5.0089E-013
5325 4.9854E-013
5328 4.9202E-013
5330 4.9111E-013
5333 4.9499E-013
5336 4.9965E-013
5339 5.0050E-013
5341 4.9672E-013
5344 4.9981E-013
5347 4.9984E-013
5350 4.9982E-013
5352 5.0247E-013
5355 4.9183E-013
5358 4.9875E-013
5361 4.9890E-013
5363 5.0104E-013
5366 4.9761E-013
5369 4.9730E-013
5372 4.9069E-013
5374 4.8935E-013
5377 4.9620E-013
5380 4.9525E-013
5383 4.9430E-013
5385 4.9053E-013
5388 4.9545E-013
5391 4.9398E-013
5393 4.9481E-013
5396 4.9223E-013
5399 4.8919E-013
5402 4.8941E-013
5404 4.8846E-013
5407 4.8741E-013
5410 4.8897E-013
5413 4.8603E-013
5415 4.8795E-013
5418 4.9017E-013
5421 4.9086E-013
5424 4.9368E-013
5426 4.8967E-013
5429 4.8796E-013
5432 4.8770E-013
5435 4.8570E-013
5437 4.8916E-013
5440 4.8747E-013
5443 4.8781E-013
5446 4.8633E-013
5448 4.8342E-013
5455 4.8099E-013
5459 4.8404E-013
5464 4.8886E-013
5469 4.8460E-013
5474 4.8470E-013
5479 4.8553E-013
5484 4.8441E-013
5489 4.8461E-013
5494 4.8595E-013
5498 4.8389E-013
5503 4.8310E-013
5508 4.8330E-013
5513 4.8205E-013
5518 4.8362E-013
5523 4.8367E-013
5528 4.8442E-013
5532 4.8196E-013
5537 4.7971E-013
5542 4.7579E-013
5547 4.7916E-013
5552 4.8022E-013
5557 4.7987E-013
5562 4.7762E-013
5567 4.7359E-013
5571 4.7635E-013
5576 4.7561E-013
5581 4.7732E-013
5586 4.7354E-013
5591 4.7077E-013
5596 4.7022E-013
5601 4.7167E-013
5606 4.6969E-013
5610 4.7105E-013
5615 4.7074E-013
5620 4.6809E-013
5625 4.7243E-013
5630 4.7296E-013
5635 4.6869E-013
5640 4.6472E-013
5645 4.6749E-013
5649 4.6829E-013
5654 4.6531E-013
5659 4.6678E-013
5664 4.6637E-013
5669 4.6612E-013
5674 4.6396E-013
5679 4.6223E-013
5684 4.6418E-013
5688 4.6024E-013
5693 4.6417E-013
5698 4.6187E-013
5703 4.6276E-013
5708 4.6484E-013
5713 4.6132E-013
5718 4.6196E-013
5723 4.5976E-013
5727 4.5880E-013
5732 4.5859E-013
5737 4.5906E-013
5742 4.5942E-013
5747 4.5867E-013
5752 4.5816E-013
5757 4.5747E-013
5762 4.5465E-013
5766 4.5660E-013
5771 4.5481E-013
5776 4.5511E-013
5781 4.5650E-013
5786 4.5304E-013
5791 4.5281E-013
5796 4.5366E-013
5801 4.5123E-013
5805 4.5283E-013
5810 4.4908E-013
5815 4.5061E-013
5820 4.5138E-013
5825 4.5058E-013
5830 4.5062E-013
5835 4.4749E-013
5840 4.5053E-013
5844 4.4769E-013
5849 4.4772E-013
5854 4.4580E-013
5859 4.4232E-013
5864 4.4221E-013
5869 4.4492E-013
5874 4.4611E-013
5879 4.4432E-013
5883 4.4522E-013
5888 4.3973E-013
5893 4.3488E-013
5898 4.3723E-013
5903 4.4211E-013
5908 4.4194E-013
5913 4.4224E-013
5918 4.4180E-013
5922 4.4234E-013
5927 4.3707E-013
5932 4.3977E-013
5937 4.4032E-013
5942 4.4163E-013
5947 4.3178E-013
5952 4.3787E-013
5957 4.3884E-013
5961 4.3590E-013
5966 4.3667E-013
5971 4.3543E-013
5976 4.3597E-013
5981 4.3637E-013
5986 4.3611E-013
5991 4.3541E-013
5996 4.3342E-013
6000 4.3386E-013
6005 4.3256E-013
6010 4.3054E-013
6015 4.3133E-013
6020 4.3109E-013
6025 4.3121E-013
6030 4.3126E-013
6035 4.3230E-013
6039 4.2779E-013
6044 4.3455E-013
6049 4.3095E-013
6054 4.2843E-013
6059 4.2631E-013
6064 4.2333E-013
6069 4.2507E-013
6074 4.2522E-013
6078 4.2428E-013
6083 4.2348E-013
6088 4.2211E-013
6093 4.2236E-013
6098 4.2323E-013
6103 4.2278E-013
6108 4.2354E-013
6113 4.2118E-013
6117 4.1962E-013
6122 4.1924E-013
6127 4.1715E-013
6132 4.2067E-013
6137 4.2396E-013
6142 4.1930E-013
6147 4.1922E-013
6152 4.1687E-013
6156 4.1721E-013
6161 4.1737E-013
6166 4.1642E-013
6171 4.1476E-013
6176 4.1685E-013
6181 4.1681E-013
6186 4.1257E-013
6191 4.1642E-013
6196 4.1420E-013
6200 4.1469E-013
6205 4.1419E-013
6210 4.1241E-013
6215 4.1299E-013
6220 4.1091E-013
6225 4.1169E-013
6230 4.1081E-013
6235 4.1337E-013
6239 4.1258E-013
6244 4.0772E-013
6249 4.0867E-013
6254 4.0887E-013
6259 4.1062E-013
6264 4.0711E-013
6269 4.0640E-013
6274 4.0703E-013
6278 4.0656E-013
6283 4.0501E-013
6288 4.0310E-013
6293 4.0612E-013
6298 4.0750E-013
6303 4.0761E-013
6308 4.0304E-013
6313 4.0380E-013
6317 4.0077E-013
6322 3.9665E-013
6327 3.9435E-013
6332 3.9452E-013
6337 3.9318E-013
6342 3.9682E-013
6347 3.9833E-013
6352 4.0080E-013
6357 4.0079E-013
6361 4.0053E-013
6366 3.9991E-013
6371 3.9646E-013
6376 3.9682E-013
6381 3.9528E-013
6386 3.9783E-013
6391 3.9763E-013
6396 3.9637E-013
6400 3.9928E-013
6405 3.9645E-013
6410 3.9241E-013
6415 3.9189E-013
6420 3.9299E-013
6425 3.9313E-013
6430 3.8945E-013
6435 3.9046E-013
6439 3.8928E-013
6444 3.8594E-013
6449 3.8422E-013
6454 3.8729E-013
6459 3.8708E-013
6464 3.8707E-013
6469 3.8747E-013
6474 3.8840E-013
6479 3.8565E-013
6483 3.8402E-013
6488 3.8557E-013
6493 3.8460E-013
6498 3.8426E-013
6503 3.8405E-013
6508 3.8324E-013
6513 3.8405E-013
6518 3.8133E-013
6522 3.7765E-013
6527 3.7735E-013
6532 3.8019E-013
6537 3.7961E-013
6542 3.7538E-013
6547 3.6820E-013
6552 3.6138E-013
6557 3.4030E-013
6561 3.2193E-013
6566 3.1278E-013
6571 3.2832E-013
6576 3.5022E-013
6581 3.6160E-013
6586 3.6721E-013
6591 3.7335E-013
6596 3.7169E-013
6601 3.7449E-013
6605 3.7379E-013
6610 3.7537E-013
6615 3.7414E-013
6620 3.7566E-013
6625 3.7408E-013
6630 3.7431E-013
6635 3.7269E-013
6640 3.7129E-013
6644 3.7281E-013
6649 3.6948E-013
6654 3.7128E-013
6659 3.7149E-013
6664 3.7263E-013
6669 3.7210E-013
6674 3.7120E-013
6679 3.7126E-013
6684 3.7117E-013
6688 3.7092E-013
6693 3.7139E-013
6698 3.7094E-013
6703 3.6899E-013
6708 3.6795E-013
6713 3.6837E-013
6718 3.6783E-013
6723 3.6710E-013
6727 3.6569E-013
6732 3.6623E-013
6737 3.6630E-013
6742 3.6711E-013
6747 3.6756E-013
6752 3.6572E-013
6757 3.6461E-013
6762 3.6450E-013
6766 3.6490E-013
6771 3.6454E-013
6776 3.6182E-013
6781 3.6404E-013
6786 3.6243E-013
6791 3.6047E-013
6796 3.6162E-013
6801 3.6247E-013
6806 3.6311E-013
6810 3.5956E-013
6815 3.6171E-013
6820 3.6448E-013
6825 3.5925E-013
6830 3.5892E-013
6835 3.5823E-013
6840 3.5650E-013
6845 3.5769E-013
6849 3.5622E-013
6854 3.5443E-013
6859 3.5493E-013
6864 3.5513E-013
6869 3.5618E-013
6874 3.5512E-013
6879 3.5575E-013
6884 3.5240E-013
6889 3.5450E-013
6893 3.5299E-013
6898 3.5325E-013
6903 3.5246E-013
6908 3.5221E-013
6913 3.5210E-013
6918 3.5083E-013
6923 3.5042E-013
6928 3.5125E-013
6932 3.5178E-013
6937 3.4892E-013
6942 3.5002E-013
6947 3.4892E-013
6952 3.4693E-013
6957 3.4704E-013
6962 3.4876E-013
6967 3.4864E-013
6972 3.4703E-013
6976 3.4647E-013
6981 3.4727E-013
6986 3.4520E-013
6991 3.4467E-013
6996 3.4533E-013
7001 3.4408E-013
7006 3.4352E-013
7011 3.4342E-013
7015 3.4396E-013
7020 3.4248E-013
7025 3.4292E-013
7030 3.4200E-013
7035 3.4227E-013
7040 3.4131E-013
7045 3.4052E-013
7050 3.3919E-013
7055 3.3863E-013
7059 3.3941E-013
7064 3.3993E-013
7069 3.3890E-013
7074 3.3843E-013
7079 3.3694E-013
7084 3.3838E-013
7089 3.3529E-013
7094 3.3795E-013
7099 3.3654E-013
7103 3.3628E-013
7108 3.3524E-013
7113 3.3466E-013
7118 3.3499E-013
7123 3.3571E-013
7128 3.3534E-013
7133 3.3295E-013
7138 3.3385E-013
7142 3.3206E-013
7147 3.3382E-013
7152 3.3234E-013
7157 3.3150E-013
7162 3.3345E-013
7167 3.3333E-013
7172 3.3006E-013
7177 3.3027E-013
7182 3.2939E-013
7186 3.3077E-013
7191 3.2857E-013
7196 3.2928E-013
7201 3.2906E-013
7206 3.2931E-013
7211 3.2811E-013
7216 3.2812E-013
7221 3.2785E-013
7225 3.2604E-013
7230 3.2598E-013
7235 3.2602E-013
7240 3.2542E-013
7245 3.2400E-013
7250 3.2273E-013
7255 3.2392E-013
7260 3.2338E-013
7265 3.2268E-013
7269 3.2159E-013
7274 3.2438E-013
7279 3.2154E-013
7284 3.2237E-013
7289 3.2122E-013
7294 3.2025E-013
7299 3.2090E-013
7304 3.1978E-013
7309 3.1863E-013
7313 3.1926E-013
7318 3.1985E-013
7323 3.1942E-013
7328 3.1760E-013
7333 3.1760E-013
7338 3.1742E-013
7343 3.1733E-013
7348 3.1552E-013
7352 3.1702E-013
7357 3.1643E-013
7362 3.1663E-013
7367 3.1649E-013
7372 3.1514E-013
7377 3.1502E-013
7382 3.1437E-013
7387 3.1446E-013
7392 3.1208E-013
7396 3.1269E-013
7401 3.1268E-013
7406 3.1272E-013
7411 3.1077E-013
7416 3.1035E-013
7421 3.0976E-013
7426 3.0965E-013
7431 3.0864E-013
7436 3.0911E-013
7440 3.0934E-013
7445 3.1033E-013
7450 3.0880E-013
7455 3.0821E-013
7460 3.0634E-013
7465 3.0833E-013
7470 3.0759E-013
7475 3.0675E-013
7479 3.0660E-013
7484 3.0677E-013
7489 3.0579E-013
7494 3.0548E-013
7499 3.0444E-013
7504 3.0474E-013
7509 3.0462E-013
7514 3.0424E-013
7519 3.0421E-013
7523 3.0302E-013
7528 3.0242E-013
7533 3.0011E-013
7538 3.0078E-013
7543 3.0249E-013
7548 3.0287E-013
7553 3.0074E-013
7558 3.0133E-013
7563 3.0094E-013
7567 3.0006E-013
7572 2.9987E-013
7577 3.0011E-013
7582 3.0049E-013
7587 2.9875E-013
7592 2.9949E-013
7597 2.9761E-013
7602 2.9815E-013
7606 2.9555E-013
7611 2.9583E-013
7616 2.9535E-013
7621 2.9684E-013
7626 2.9550E-013
7631 2.9445E-013
7636 2.9472E-013
7641 2.9426E-013
7646 2.9450E-013
7650 2.9305E-013
7655 2.9324E-013
7660 2.9264E-013
7665 2.9201E-013
7670 2.9176E-013
7675 2.9395E-013
7680 2.9163E-013
7685 2.9054E-013
7690 2.9154E-013
7694 2.9009E-013
7699 2.9102E-013
7704 2.9029E-013
7709 2.9089E-013
7714 2.8931E-013
7719 2.8925E-013
7724 2.9006E-013
7729 2.8981E-013
7733 2.9049E-013
7738 2.9020E-013
7743 2.8826E-013
7748 2.8711E-013
7753 2.8794E-013
7758 2.8734E-013
7763 2.8929E-013
7768 2.8873E-013
7773 2.8865E-013
7777 2.8620E-013
7782 2.8560E-013
7787 2.8552E-013
7792 2.8498E-013
7797 2.8401E-013
7802 2.8605E-013
7807 2.8474E-013
7812 2.8483E-013
7817 2.8636E-013
7821 2.8502E-013
7826 2.8478E-013
7831 2.8436E-013
7836 2.8241E-013
7841 2.8316E-013
7846 2.8059E-013
7851 2.7902E-013
7856 2.8166E-013
7860 2.8156E-013
7865 2.8231E-013
7870 2.8236E-013
7875 2.8118E-013
7880 2.8015E-013
7885 2.7924E-013
7890 2.8069E-013
7895 2.8033E-013
7900 2.8091E-013
7904 2.8113E-013
7909 2.7953E-013
7914 2.7787E-013
7919 2.7712E-013
7924 2.7745E-013
7929 2.7804E-013
7934 2.7707E-013
7939 2.7694E-013
7944 2.7750E-013
7948 2.7647E-013
7953 2.7661E-013
7958 2.7589E-013
7963 2.7515E-013
7968 2.7395E-013
7973 2.7218E-013
7978 2.7550E-013
7983 2.7617E-013
7987 2.7567E-013
7992 2.7583E-013
7997 2.7407E-013
8002 2.7263E-013
8007 2.7248E-013
8012 2.7261E-013
8017 2.7215E-013
8022 2.7421E-013
8027 2.7285E-013
8031 2.7183E-013
8036 2.6967E-013
8041 2.6884E-013
8046 2.7003E-013
8051 2.6789E-013
8056 2.6873E-013
8061 2.6961E-013
8066 2.6927E-013
8071 2.6856E-013
8075 2.6597E-013
8080 2.6610E-013
8085 2.6551E-013
8090 2.6572E-013
8095 2.6716E-013
8100 2.6701E-013
8105 2.6722E-013
8110 2.6577E-013
8114 2.6453E-013
8119 2.6477E-013
8124 2.6530E-013
8129 2.6602E-013
8134 2.6627E-013
8139 2.6323E-013
8144 2.6215E-013
8149 2.6340E-013
8154 2.6144E-013
8158 2.6356E-013
8163 2.6405E-013
8168 2.6316E-013
8173 2.6138E-013
8178 2.6115E-013
8183 2.6183E-013
8188 2.5908E-013
8193 2.6145E-013
8198 2.6030E-013
8202 2.6106E-013
8207 2.5961E-013
8212 2.5883E-013
8217 2.5822E-013
8222 2.5799E-013
8227 2.5779E-013
8232 2.5872E-013
8237 2.5739E-013
8241 2.5707E-013
8246 2.5727E-013
8251 2.5721E-013
8256 2.5776E-013
8261 2.5576E-013
8266 2.5533E-013
8271 2.5538E-013
8276 2.5626E-013
8281 2.5514E-013
8285 2.5499E-013
8290 2.5460E-013
8295 2.5373E-013
8300 2.5466E-013
8305 2.5200E-013
8310 2.5271E-013
8315 2.5253E-013
8320 2.5285E-013
8325 2.5283E-013
8329 2.5107E-013
8334 2.5079E-013
8339 2.5165E-013
8344 2.5005E-013
8349 2.5042E-013
8354 2.5160E-013
8359 2.5069E-013
8364 2.4863E-013
8368 2.4749E-013
8373 2.4855E-013
8378 2.4970E-013
8383 2.5075E-013
8388 2.5155E-013
8393 2.5008E-013
8398 2.5203E-013
8403 2.5022E-013
8408 2.4773E-013
8412 2.4890E-013
8417 2.4708E-013
8422 2.4734E-013
8427 2.4850E-013
8432 2.4669E-013
8437 2.4755E-013
8442 2.4518E-013
8447 2.4399E-013
8451 2.4494E-013
8456 2.4477E-013
8461 2.4473E-013
8466 2.4594E-013
8471 2.4590E-013
8476 2.4491E-013
8481 2.4471E-013
8486 2.4371E-013
8491 2.4326E-013
8495 2.4054E-013
8500 2.3917E-013
8505 2.3940E-013
8510 2.4140E-013
8515 2.4169E-013
8520 2.4171E-013
8525 2.4143E-013
8530 2.4096E-013
8535 2.3925E-013
8539 2.3795E-013
8544 2.3366E-013
8549 2.3132E-013
8554 2.3827E-013
8559 2.3920E-013
8564 2.4094E-013
8569 2.4228E-013
8574 2.4092E-013
8578 2.4116E-013
8583 2.3903E-013
8588 2.3762E-013
8593 2.3753E-013
8598 2.3676E-013
8603 2.3608E-013
8608 2.3517E-013
8613 2.3725E-013
8618 2.3619E-013
8622 2.3945E-013
8627 2.3648E-013
8632 2.3523E-013
8637 2.3433E-013
8642 2.3410E-013
8647 2.3469E-013
8652 2.3437E-013
8657 2.3186E-013
8661 2.2942E-013
8666 2.2769E-013
8671 2.3026E-013
8676 2.3274E-013
8681 2.3256E-013
8686 2.3384E-013
8691 2.3341E-013
8696 2.3317E-013
8701 2.3294E-013
8705 2.3391E-013
8710 2.3467E-013
8715 2.3345E-013
8720 2.3162E-013
8725 2.3292E-013
8730 2.3216E-013
8735 2.3199E-013
8740 2.3129E-013
8744 2.2863E-013
8749 2.2782E-013
8754 2.2681E-013
8759 2.2855E-013
8764 2.3127E-013
8769 2.3117E-013
8774 2.3046E-013
8779 2.2872E-013
8784 2.2760E-013
8788 2.2833E-013
8793 2.2794E-013
8798 2.2784E-013
8803 2.2861E-013
8808 2.2955E-013
8813 2.2909E-013
8818 2.2670E-013
8823 2.2823E-013
8828 2.2674E-013
8832 2.2755E-013
8837 2.2789E-013
8842 2.2620E-013
8847 2.2671E-013
8852 2.2345E-013
8857 2.2278E-013
8862 2.2058E-013
8867 2.1952E-013
8871 2.2025E-013
8876 2.2220E-013
8881 2.2336E-013
8886 2.2481E-013
8891 2.2396E-013
8896 2.2363E-013
8901 2.2196E-013
8906 2.2116E-013
8911 2.2192E-013
8915 2.2216E-013
8920 2.2358E-013
8925 2.2491E-013
8930 2.2404E-013
8935 2.2252E-013
8940 2.2130E-013
8945 2.1972E-013
8950 2.2125E-013
8954 2.2076E-013
8959 2.2365E-013
8964 2.2250E-013
8969 2.2032E-013
8974 2.2000E-013
8979 2.2060E-013
8984 2.2053E-013
8989 2.1798E-013
8993 2.2131E-013
8998 2.1758E-013
9003 2.1630E-013
9008 2.1342E-013
9013 2.1069E-013
9018 2.1159E-013
9023 2.1275E-013
9028 2.1606E-013
9033 2.1640E-013
9037 2.1876E-013
9042 2.1703E-013
9047 2.1578E-013
9052 2.1718E-013
9057 2.1460E-013
9062 2.1691E-013
9067 2.1725E-013
9072 2.1479E-013
9076 2.1796E-013
9081 2.1819E-013
9086 2.1627E-013
9091 2.1358E-013
9096 2.1343E-013
9101 2.1380E-013
9106 2.1474E-013
9111 2.1412E-013
9116 2.1488E-013
9120 2.1396E-013
9125 2.1327E-013
9130 2.1321E-013
9135 2.1315E-013
9140 2.1196E-013
9145 2.1280E-013
9150 2.1374E-013
9155 2.1269E-013
9159 2.1474E-013
9164 2.1448E-013
9169 2.1145E-013
9174 2.0939E-013
9179 2.0963E-013
9184 2.0860E-013
9189 2.1212E-013
9194 2.1108E-013
9198 2.1225E-013
9203 2.1004E-013
9208 2.0801E-013
9213 2.0719E-013
9218 2.0403E-013
9223 2.0404E-013
9228 2.0285E-013
9233 2.0023E-013
9238 2.0136E-013
9242 2.0296E-013
9247 2.0231E-013
9252 2.0420E-013
9257 2.0508E-013
9262 2.0590E-013
9267 2.0544E-013
9272 2.0547E-013
9277 2.0567E-013
9281 2.0620E-013
9286 2.0562E-013
9291 2.0811E-013
9296 2.0578E-013
9301 2.0535E-013
9306 2.0532E-013
9311 2.0519E-013
9316 2.0349E-013
9321 2.0266E-013
9325 2.0326E-013
9330 2.0433E-013
9335 2.0346E-013
9340 2.0342E-013
9345 2.0216E-013
9350 2.0356E-013
9355 2.0331E-013
9360 2.0449E-013
9364 2.0310E-013
9369 2.0199E-013
9374 2.0205E-013
9379 2.0015E-013
9384 2.0140E-013
9389 2.0077E-013
9394 2.0081E-013
9399 2.0003E-013
9403 2.0122E-013
9408 1.9947E-013
9413 1.9903E-013
9418 1.9877E-013
9423 1.9744E-013
9428 1.9859E-013
9433 1.9818E-013
9438 1.9817E-013
9442 2.0077E-013
9447 1.9980E-013
9452 1.9832E-013
9457 1.9640E-013
9462 1.9842E-013
9467 1.9792E-013
9472 1.9890E-013
9477 1.9968E-013
9482 1.9885E-013
9486 1.9643E-013
9491 1.9628E-013
9496 1.9598E-013
9501 1.9531E-013
9506 1.9445E-013
9511 1.9668E-013
9516 1.9526E-013
9521 1.9401E-013
9525 1.9249E-013
9530 1.9338E-013
9535 1.9240E-013
9540 1.8883E-013
9545 1.8514E-013
9550 1.8212E-013
9555 1.8328E-013
9560 1.8498E-013
9564 1.8943E-013
9569 1.9201E-013
9574 1.9117E-013
9579 1.9117E-013
9584 1.8870E-013
9589 1.9098E-013
9594 1.9125E-013
9599 1.9153E-013
9603 1.9015E-013
9608 1.9041E-013
9613 1.9052E-013
9618 1.9269E-013
9623 1.9010E-013
9628 1.9286E-013
9633 1.9137E-013
9638 1.9105E-013
9642 1.8922E-013
9647 1.8657E-013
9652 1.8842E-013
9657 1.8667E-013
9662 1.8699E-013
9667 1.8817E-013
9672 1.8765E-013
9677 1.8889E-013
9681 1.8714E-013
9686 1.8749E-013
9691 1.8902E-013
9696 1.8976E-013
9701 1.9029E-013
9706 1.8854E-013
9711 1.8640E-013
9716 1.8585E-013
9721 1.8562E-013
9725 1.8393E-013
9730 1.8482E-013
9735 1.8655E-013
9740 1.8472E-013
9745 1.8404E-013
9750 1.8397E-013
9755 1.8542E-013
9760 1.8554E-013
9764 1.8348E-013
9769 1.8409E-013
9774 1.8474E-013
9779 1.8480E-013
9784 1.8575E-013
9789 1.8512E-013
9794 1.8419E-013
9799 1.8232E-013
9803 1.8277E-013
9808 1.8296E-013
9813 1.8206E-013
9818 1.8213E-013
9823 1.8004E-013
9828 1.8103E-013
9833 1.7981E-013
9838 1.8132E-013
9842 1.8008E-013
9847 1.8079E-013
9852 1.8246E-013
9857 1.8191E-013
9862 1.8135E-013
9867 1.8175E-013
9872 1.7877E-013
9877 1.7961E-013
9881 1.8150E-013
9886 1.8114E-013
9891 1.8024E-013
9896 1.7905E-013
9901 1.7933E-013
9906 1.7771E-013
9911 1.7778E-013
9916 1.7790E-013
9920 1.7525E-013
9925 1.7912E-013
9930 1.7769E-013
9935 1.7976E-013
9940 1.7687E-013
9945 1.7733E-013
9950 1.7867E-013
9955 1.7764E-013
9959 1.7711E-013
9964 1.7893E-013
9969 1.7688E-013
9974 1.7551E-013
9979 1.7592E-013
9984 1.7761E-013
9989 1.7680E-013
9994 1.7510E-013
9998 1.7504E-013
1E+004 1.7476E-013
1.001E+004 1.7530E-013
1.001E+004 1.7553E-013
1.002E+004 1.7554E-013
1.002E+004 1.7408E-013
1.003E+004 1.7351E-013
1.003E+004 1.7203E-013
1.004E+004 1.6996E-013
1.004E+004 1.6699E-013
1.005E+004 1.6579E-013
1.005E+004 1.6309E-013
1.006E+004 1.6383E-013
1.006E+004 1.6501E-013
1.007E+004 1.6641E-013
1.007E+004 1.6977E-013
1.008E+004 1.7060E-013
1.008E+004 1.6892E-013
1.009E+004 1.6913E-013
1.009E+004 1.6880E-013
1.01E+004 1.7091E-013
1.01E+004 1.7011E-013
1.011E+004 1.6781E-013
1.011E+004 1.6913E-013
1.012E+004 1.7069E-013
1.013E+004 1.6985E-013
1.018E+004 1.6760E-013
1.023E+004 1.6590E-013
1.028E+004 1.6425E-013
1.033E+004 1.6256E-013
1.038E+004 1.6072E-013
1.043E+004 1.5874E-013
1.048E+004 1.5756E-013
1.053E+004 1.5565E-013
1.058E+004 1.5394E-013
1.063E+004 1.5238E-013
1.068E+004 1.5062E-013
1.073E+004 1.4851E-013
1.078E+004 1.4761E-013
1.083E+004 1.4581E-013
1.088E+004 1.4413E-013
1.093E+004 1.3738E-013
1.098E+004 1.4013E-013
1.103E+004 1.3995E-013
1.108E+004 1.3840E-013
1.113E+004 1.3707E-013
1.118E+004 1.3566E-013
1.123E+004 1.3405E-013
1.128E+004 1.3274E-013
1.133E+004 1.3139E-013
1.138E+004 1.3013E-013
1.143E+004 1.2875E-013
1.148E+004 1.2780E-013
1.153E+004 1.2640E-013
1.158E+004 1.2529E-013
1.163E+004 1.2352E-013
1.168E+004 1.2268E-013
1.173E+004 1.2130E-013
1.178E+004 1.2025E-013
1.183E+004 1.1902E-013
1.188E+004 1.1784E-013
1.193E+004 1.1663E-013
1.198E+004 1.1545E-013
1.203E+004 1.1434E-013
1.208E+004 1.1311E-013
1.213E+004 1.1249E-013
1.218E+004 1.1146E-013
1.223E+004 1.1030E-013
1.228E+004 1.0931E-013
1.233E+004 1.0818E-013
1.238E+004 1.0739E-013
1.243E+004 1.0604E-013
1.248E+004 1.0522E-013
1.253E+004 1.0421E-013
1.258E+004 1.0323E-013
1.263E+004 1.0218E-013
1.268E+004 1.0126E-013
1.273E+004 1.0044E-013
1.278E+004 9.8925E-014
1.283E+004 9.2165E-014
1.288E+004 9.7055E-014
1.293E+004 9.6831E-014
1.298E+004 9.5876E-014
1.303E+004 9.4908E-014
1.308E+004 9.4168E-014
1.313E+004 9.3050E-014
1.318E+004 9.2597E-014
1.323E+004 9.1662E-014
1.328E+004 9.0878E-014
1.333E+004 8.9878E-014
1.338E+004 8.9248E-014
1.343E+004 8.8338E-014
1.348E+004 8.7643E-014
1.353E+004 8.6725E-014
1.358E+004 8.6031E-014
1.363E+004 8.5333E-014
1.368E+004 8.4430E-014
1.373E+004 8.3968E-014
1.378E+004 8.2990E-014
1.383E+004 8.2365E-014
1.388E+004 8.1694E-014
1.393E+004 8.1081E-014
1.398E+004 8.0444E-014
1.403E+004 7.9403E-014
1.408E+004 7.8970E-014
1.413E+004 7.8161E-014
1.418E+004 7.7465E-014
1.423E+004 7.6753E-014
1.428E+004 7.6273E-014
1.433E+004 7.5374E-014
1.438E+004 7.4630E-014
1.443E+004 7.4491E-014
1.448E+004 7.3384E-014
1.453E+004 7.3071E-014
1.457E+004 7.2381E-014
1.462E+004 7.1796E-014
1.468E+004 7.1200E-014
1.473E+004 7.0480E-014
1.478E+004 6.9957E-014
1.483E+004 6.9435E-014
1.488E+004 6.8637E-014
1.493E+004 6.8332E-014
1.498E+004 6.7765E-014
1.503E+004 6.6781E-014
1.508E+004 6.6513E-014
1.513E+004 6.6089E-014
1.518E+004 6.5402E-014
1.523E+004 6.5093E-014
1.528E+004 6.4383E-014
1.533E+004 6.3775E-014
1.538E+004 6.3451E-014
1.543E+004 6.2733E-014
1.548E+004 6.2258E-014
1.553E+004 6.1784E-014
1.558E+004 6.0936E-014
1.563E+004 6.0622E-014
1.568E+004 6.0032E-014
1.573E+004 5.9052E-014
1.578E+004 5.8986E-014
1.583E+004 5.8628E-014
1.588E+004 5.6889E-014
1.593E+004 5.7141E-014
1.598E+004 5.7294E-014
1.605E+004 5.6240E-014
1.615E+004 5.4332E-014
1.625E+004 5.4780E-014
1.635E+004 5.3052E-014
1.645E+004 5.0989E-014
1.655E+004 5.1537E-014
1.665E+004 5.0531E-014
1.675E+004 4.8696E-014
1.685E+004 4.6713E-014
1.695E+004 4.7448E-014
1.705E+004 4.6540E-014
1.715E+004 4.5647E-014
1.725E+004 4.4540E-014
1.735E+004 4.1591E-014
1.745E+004 4.2596E-014
1.755E+004 4.2060E-014
1.765E+004 4.1247E-014
1.775E+004 4.0467E-014
1.785E+004 3.9625E-014
1.795E+004 3.8829E-014
1.805E+004 3.8054E-014
1.815E+004 3.5549E-014
1.825E+004 3.6239E-014
1.835E+004 3.5931E-014
1.845E+004 3.5225E-014
1.855E+004 3.4604E-014
1.865E+004 3.3713E-014
1.875E+004 3.1168E-014
1.885E+004 3.2422E-014
1.895E+004 3.1982E-014
1.905E+004 3.1461E-014
1.915E+004 3.0933E-014
1.925E+004 3.0254E-014
1.935E+004 2.9612E-014
1.945E+004 2.7555E-014
1.955E+004 2.8542E-014
1.965E+004 2.8117E-014
1.975E+004 2.7654E-014
1.985E+004 2.7127E-014
1.995E+004 2.6693E-014
2.005E+004 2.6234E-014
2.015E+004 2.5769E-014
2.025E+004 2.5266E-014
2.035E+004 2.4881E-014
2.045E+004 2.4432E-014
2.055E+004 2.3996E-014
2.065E+004 2.3562E-014
2.075E+004 2.3206E-014
2.085E+004 2.2783E-014
2.095E+004 2.2362E-014
2.105E+004 2.2034E-014
2.115E+004 2.1629E-014
2.125E+004 2.1251E-014
2.135E+004 2.0938E-014
2.145E+004 2.0572E-014
2.155E+004 2.0186E-014
2.165E+004 1.8843E-014
2.175E+004 1.9450E-014
2.185E+004 1.9212E-014
2.195E+004 1.8930E-014
2.205E+004 1.8592E-014
2.215E+004 1.8303E-014
2.225E+004 1.7996E-014
2.235E+004 1.7720E-014
2.245E+004 1.7406E-014
2.255E+004 1.7156E-014
2.265E+004 1.6868E-014
2.275E+004 1.6602E-014
2.285E+004 1.6325E-014
2.295E+004 1.6017E-014
2.305E+004 1.5800E-014
2.315E+004 1.5551E-014
2.325E+004 1.5209E-014
2.335E+004 1.5032E-014
2.345E+004 1.4839E-014
2.355E+004 1.4499E-014
2.365E+004 1.4340E-014
2.375E+004 1.4144E-014
2.385E+004 1.3832E-014
2.395E+004 1.3679E-014
2.405E+004 1.3518E-014
2.415E+004 1.3222E-014
2.425E+004 1.3071E-014
2.435E+004 1.2881E-014
2.445E+004 1.2657E-014
2.455E+004 1.2466E-014
2.465E+004 1.2299E-014
2.475E+004 1.2123E-014
2.485E+004 1.1924E-014
2.495E+004 1.1769E-014
2.505E+004 1.1631E-014
2.515E+004 1.1431E-014
2.525E+004 1.1266E-014
2.535E+004 1.1126E-014
2.545E+004 1.0949E-014
2.555E+004 1.0785E-014
2.565E+004 1.0601E-014
2.575E+004 1.0516E-014
2.585E+004 1.0330E-014
2.595E+004 1.0215E-014
2.605E+004 1.0057E-014
2.615E+004 9.8283E-015
2.625E+004 9.2900E-015
2.635E+004 9.6147E-015
2.645E+004 9.5045E-015
2.655E+004 9.3918E-015
2.665E+004 9.2139E-015
2.675E+004 9.0125E-015
2.685E+004 9.0095E-015
2.695E+004 8.8921E-015
2.705E+004 8.7744E-015
2.715E+004 8.6592E-015
2.725E+004 8.5364E-015
2.735E+004 8.4297E-015
2.745E+004 8.3059E-015
2.755E+004 8.0517E-015
2.765E+004 8.0363E-015
2.775E+004 7.9743E-015
2.785E+004 7.8759E-015
2.795E+004 7.7824E-015
2.805E+004 7.6716E-015
2.815E+004 7.5744E-015
2.825E+004 7.4718E-015
2.835E+004 7.3713E-015
2.845E+004 7.2802E-015
2.855E+004 7.1782E-015
2.865E+004 7.0535E-015
2.875E+004 6.8352E-015
2.885E+004 6.9000E-015
2.895E+004 6.8185E-015
2.905E+004 6.7323E-015
2.915E+004 6.6485E-015
2.925E+004 6.5575E-015
2.935E+004 6.4794E-015
2.945E+004 6.3901E-015
2.955E+004 6.3157E-015
2.965E+004 6.2419E-015
2.975E+004 6.1629E-015
2.985E+004 6.0793E-015
2.995E+004 5.9976E-015
3.005E+004 5.9367E-015
3.015E+004 5.8553E-015
3.025E+004 5.7807E-015
3.035E+004 5.5860E-015
3.045E+004 5.5776E-015
3.055E+004 5.5700E-015
3.065E+004 5.5007E-015
3.075E+004 5.4366E-015
3.085E+004 5.3713E-015
3.095E+004 5.3061E-015
3.105E+004 5.2446E-015
3.115E+004 5.1646E-015
3.125E+004 5.1171E-015
3.135E+004 5.0621E-015
3.145E+004 4.9937E-015
3.155E+004 4.9306E-015
3.165E+004 4.8675E-015
3.175E+004 4.8231E-015
3.185E+004 4.7657E-015
3.195E+004 4.6929E-015
3.21E+004 4.6201E-015
3.23E+004 4.5178E-015
3.25E+004 4.4082E-015
3.27E+004 4.3092E-015
3.29E+004 4.1360E-015
3.31E+004 4.0937E-015
3.33E+004 4.0218E-015
3.35E+004 3.9338E-015
3.37E+004 3.8418E-015
3.39E+004 3.7560E-015
3.41E+004 3.6694E-015
3.43E+004 3.5931E-015
3.45E+004 3.5202E-015
3.47E+004 3.4396E-015
3.49E+004 3.3657E-015
3.51E+004 3.2974E-015
3.53E+004 3.2233E-015
3.55E+004 3.1513E-015
3.57E+004 3.0879E-015
3.59E+004 3.0224E-015
3.61E+004 2.9607E-015
3.63E+004 2.8997E-015
3.65E+004 2.8317E-015
3.67E+004 2.7759E-015
3.69E+004 2.7059E-015
3.71E+004 2.6441E-015
3.73E+004 2.5895E-015
3.75E+004 2.5080E-015
3.77E+004 2.4980E-015
3.79E+004 2.4485E-015
3.81E+004 2.4011E-015
3.83E+004 2.3578E-015
3.85E+004 2.3150E-015
3.87E+004 2.2648E-015
3.89E+004 2.2208E-015
3.91E+004 2.1767E-015
3.93E+004 2.1385E-015
3.95E+004 2.0930E-015
3.97E+004 2.0529E-015
3.99E+004 2.0084E-015
4.01E+004 1.9706E-015
4.03E+004 1.9358E-015
4.05E+004 1.8681E-015
4.07E+004 1.8657E-015
4.09E+004 1.8318E-015
4.11E+004 1.7999E-015
4.13E+004 1.7674E-015
4.15E+004 1.7329E-015
4.17E+004 1.6943E-015
4.19E+004 1.6685E-015
4.21E+004 1.6353E-015
4.23E+004 1.6060E-015
4.25E+004 1.5772E-015
4.27E+004 1.5489E-015
4.29E+004 1.5214E-015
4.31E+004 1.4944E-015
4.33E+004 1.4681E-015
4.35E+004 1.4423E-015
4.37E+004 1.4093E-015
4.39E+004 1.3913E-015
4.41E+004 1.3683E-015
4.43E+004 1.3447E-015
4.45E+004 1.3216E-015
4.47E+004 1.2993E-015
4.49E+004 1.2772E-015
4.51E+004 1.2555E-015
4.53E+004 1.2343E-015
4.55E+004 1.2135E-015
4.57E+004 1.1932E-015
4.59E+004 1.1733E-015
4.61E+004 1.1538E-015
4.63E+004 1.1347E-015
4.65E+004 1.1010E-015
4.67E+004 1.0885E-015
4.69E+004 1.0797E-015
4.71E+004 1.0622E-015
4.73E+004 1.0450E-015
4.75E+004 1.0281E-015
4.77E+004 1.0116E-015
4.79E+004 9.9534E-016
4.81E+004 9.7947E-016
4.83E+004 9.6390E-016
4.85E+004 9.4870E-016
4.87E+004 9.3374E-016
4.89E+004 9.1905E-016
4.91E+004 9.0472E-016
4.93E+004 8.9059E-016
4.95E+004 8.7680E-016
4.97E+004 8.6322E-016
4.99E+004 8.4996E-016
5.01E+004 8.3695E-016
5.03E+004 8.2413E-016
5.05E+004 8.1162E-016
5.07E+004 7.9929E-016
5.09E+004 7.8720E-016
5.11E+004 7.7533E-016
5.13E+004 7.5711E-016
5.15E+004 7.5236E-016
5.17E+004 7.4116E-016
5.19E+004 7.3019E-016
5.21E+004 7.1937E-016
5.23E+004 7.0881E-016
5.25E+004 6.9841E-016
5.27E+004 6.8819E-016
5.29E+004 6.7818E-016
5.31E+004 6.6836E-016
5.33E+004 6.5872E-016
5.35E+004 6.4923E-016
5.37E+004 6.3991E-016
5.39E+004 6.3077E-016
5.41E+004 6.2177E-016
5.43E+004 6.1298E-016
5.45E+004 6.0430E-016
5.47E+004 5.9577E-016
5.49E+004 5.8742E-016
5.51E+004 5.7919E-016
5.53E+004 5.7097E-016
5.55E+004 5.6319E-016
5.57E+004 5.5539E-016
5.59E+004 5.4773E-016
5.61E+004 5.4020E-016
5.63E+004 5.3280E-016
5.65E+004 5.2552E-016
5.67E+004 5.1837E-016
5.69E+004 5.1134E-016
5.71E+004 5.0400E-016
5.73E+004 4.9763E-016
5.75E+004 4.9095E-016
5.77E+004 4.8438E-016
5.79E+004 4.7792E-016
5.81E+004 4.7157E-016
5.83E+004 4.6533E-016
5.85E+004 4.5922E-016
5.87E+004 4.5317E-016
5.89E+004 4.4722E-016
5.91E+004 4.3751E-016
5.93E+004 4.3562E-016
5.95E+004 4.2927E-016
5.97E+004 4.2437E-016
5.99E+004 4.1893E-016
6.01E+004 4.1354E-016
6.03E+004 4.0824E-016
6.05E+004 4.0302E-016
6.07E+004 3.9789E-016
6.09E+004 3.9283E-016
6.11E+004 3.8786E-016
6.13E+004 3.8297E-016
6.15E+004 3.7815E-016
6.17E+004 3.7341E-016
6.19E+004 3.6874E-016
6.21E+004 3.6415E-016
6.23E+004 3.5962E-016
6.25E+004 3.5517E-016
6.27E+004 3.5078E-016
6.29E+004 3.4555E-016
6.31E+004 3.4221E-016
6.33E+004 3.3803E-016
6.35E+004 3.3391E-016
6.37E+004 3.2984E-016
6.39E+004 3.2585E-016
6.42E+004 3.1997E-016
6.46E+004 3.1233E-016
6.5E+004 3.0491E-016
6.54E+004 2.9772E-016
6.58E+004 2.9073E-016
6.62E+004 2.8396E-016
6.66E+004 2.7737E-016
6.7E+004 2.7098E-016
6.74E+004 2.6476E-016
6.78E+004 2.5827E-016
6.82E+004 2.5287E-016
6.86E+004 2.4717E-016
6.9E+004 2.4164E-016
6.94E+004 2.3626E-016
6.98E+004 2.3102E-016
7.02E+004 2.2554E-016
7.06E+004 2.2092E-016
7.1E+004 2.1619E-016
7.14E+004 2.1152E-016
7.18E+004 2.0693E-016
7.22E+004 2.0242E-016
7.26E+004 1.9810E-016
7.3E+004 1.9405E-016
7.34E+004 1.8973E-016
7.38E+004 1.8595E-016
7.42E+004 1.8187E-016
7.46E+004 1.7657E-016
7.5E+004 1.7310E-016
7.54E+004 1.7088E-016
7.58E+004 1.6746E-016
7.62E+004 1.6406E-016
7.66E+004 1.6079E-016
7.7E+004 1.5738E-016
7.74E+004 1.5438E-016
7.78E+004 1.5132E-016
7.82E+004 1.4832E-016
7.86E+004 1.4540E-016
7.9E+004 1.4253E-016
7.94E+004 1.3971E-016
7.98E+004 1.3703E-016
8.02E+004 1.3425E-016
8.06E+004 1.3158E-016
8.1E+004 1.2920E-016
8.14E+004 1.2649E-016
8.18E+004 1.2414E-016
8.22E+004 1.2194E-016
8.26E+004 1.1960E-016
8.3E+004 1.1737E-016
8.34E+004 1.1501E-016
8.38E+004 1.1296E-016
8.42E+004 1.1090E-016
8.46E+004 1.0886E-016
8.5E+004 1.0685E-016
8.54E+004 1.0489E-016
8.58E+004 1.0296E-016
8.62E+004 1.0108E-016
8.66E+004 9.9203E-017
8.7E+004 9.7502E-017
8.74E+004 9.5565E-017
8.78E+004 9.3829E-017
8.82E+004 9.2234E-017
8.86E+004 9.0507E-017
8.9E+004 8.9004E-017
8.94E+004 8.7468E-017
8.98E+004 8.5844E-017
9.02E+004 8.4440E-017
9.06E+004 8.3011E-017
9.1E+004 8.1443E-017
9.14E+004 8.0099E-017
9.18E+004 7.8772E-017
9.22E+004 7.7465E-017
9.26E+004 7.6125E-017
9.3E+004 7.4836E-017
9.34E+004 7.3561E-017
9.38E+004 7.2249E-017
9.42E+004 7.1117E-017
9.46E+004 6.9946E-017
9.5E+004 6.8748E-017
9.54E+004 6.7622E-017
9.58E+004 6.6566E-017
9.62E+004 6.5408E-017
9.66E+004 6.4412E-017
9.7E+004 6.3351E-017
9.74E+004 6.2200E-017
9.78E+004 6.1298E-017
9.82E+004 6.0343E-017
9.86E+004 5.9414E-017
9.9E+004 5.8500E-017
9.94E+004 5.7560E-017
9.98E+004 5.6637E-017
1.002E+005 5.5862E-017
1.005E+005 5.5046E-017
1.01E+005 5.4084E-017
1.015E+005 5.3067E-017
1.02E+005 5.2057E-017
1.025E+005 5.1069E-017
1.03E+005 5.0109E-017
1.035E+005 4.9179E-017
1.04E+005 4.8268E-017
1.045E+005 4.7374E-017
1.05E+005 4.6455E-017
1.055E+005 4.5639E-017
1.06E+005 4.4803E-017
1.065E+005 4.3982E-017
1.07E+005 4.3187E-017
1.075E+005 4.2418E-017
1.08E+005 4.1640E-017
1.085E+005 4.0894E-017
1.09E+005 4.0161E-017
1.095E+005 3.9464E-017
1.1E+005 3.8761E-017
1.105E+005 3.8079E-017
1.11E+005 3.7415E-017
1.115E+005 3.6773E-017
1.12E+005 3.6123E-017
1.125E+005 3.5512E-017
1.13E+005 3.4841E-017
1.135E+005 3.4295E-017
1.14E+005 3.3716E-017
1.145E+005 3.3141E-017
1.15E+005 3.2592E-017
1.155E+005 3.2026E-017
1.16E+005 3.1501E-017
1.165E+005 3.0975E-017
1.17E+005 3.0465E-017
1.175E+005 2.9956E-017
1.18E+005 2.9464E-017
1.185E+005 2.8980E-017
1.19E+005 2.8499E-017
1.195E+005 2.8038E-017
1.2E+005 2.7579E-017
1.205E+005 2.7140E-017
1.21E+005 2.6705E-017
1.215E+005 2.6277E-017
1.22E+005 2.5855E-017
1.225E+005 2.5445E-017
1.23E+005 2.5035E-017
1.235E+005 2.4632E-017
1.24E+005 2.4243E-017
1.245E+005 2.3869E-017
1.25E+005 2.3503E-017
1.255E+005 2.3141E-017
1.26E+005 2.2780E-017
1.265E+005 2.2426E-017
1.27E+005 2.2085E-017
1.275E+005 2.1746E-017
1.28E+005 2.1404E-017
1.285E+005 2.1088E-017
1.29E+005 2.0764E-017
1.295E+005 2.0453E-017
1.3E+005 2.0148E-017
1.305E+005 1.9844E-017
1.31E+005 1.9549E-017
1.315E+005 1.9257E-017
1.32E+005 1.8971E-017
1.325E+005 1.8690E-017
1.33E+005 1.8415E-017
1.335E+005 1.8143E-017
1.34E+005 1.7879E-017
1.345E+005 1.7620E-017
1.35E+005 1.7364E-017
1.355E+005 1.7111E-017
1.36E+005 1.6866E-017
1.365E+005 1.6623E-017
1.37E+005 1.6384E-017
1.375E+005 1.6152E-017
1.38E+005 1.5923E-017
1.385E+005 1.5697E-017
1.39E+005 1.5476E-017
1.395E+005 1.5257E-017
1.4E+005 1.5044E-017
1.405E+005 1.4831E-017
1.41E+005 1.4626E-017
1.415E+005 1.4422E-017
1.42E+005 1.4219E-017
1.425E+005 1.4027E-017
1.43E+005 1.3834E-017
1.435E+005 1.3646E-017
1.44E+005 1.3459E-017
1.445E+005 1.3277E-017
1.45E+005 1.3098E-017
1.455E+005 1.2919E-017
1.46E+005 1.2746E-017
1.465E+005 1.2574E-017
1.47E+005 1.2407E-017
1.475E+005 1.2239E-017
1.48E+005 1.2077E-017
1.485E+005 1.1918E-017
1.49E+005 1.1761E-017
1.495E+005 1.1604E-017
1.5E+005 1.1452E-017
1.505E+005 1.1306E-017
1.51E+005 1.1158E-017
1.515E+005 1.1014E-017
1.52E+005 1.0871E-017
1.525E+005 1.0730E-017
1.53E+005 1.0593E-017
1.535E+005 1.0457E-017
1.54E+005 1.0323E-017
1.545E+005 1.0191E-017
1.55E+005 1.0062E-017
1.555E+005 9.9345E-018
1.56E+005 9.8091E-018
1.565E+005 9.6856E-018
1.57E+005 9.5649E-018
1.575E+005 9.4445E-018
1.58E+005 9.3269E-018
1.585E+005 9.2113E-018
1.59E+005 9.0981E-018
1.595E+005 8.9850E-018
1.6E+005 8.8741E-018
1.605E+005 8.7636E-018
1.61E+005 8.6582E-018
1.615E+005 8.5518E-018
1.62E+005 8.4376E-018
1.625E+005 8.3450E-018
1.63E+005 8.2458E-018
1.635E+005 8.1463E-018
1.64E+005 8.0478E-018
1.645E+005 7.9507E-018
1.65E+005 7.8559E-018
1.655E+005 7.7635E-018
1.66E+005 7.6710E-018
1.665E+005 7.5802E-018
1.67E+005 7.4908E-018
1.675E+005 7.4027E-018
1.68E+005 7.3149E-018
1.685E+005 7.2281E-018
1.69E+005 7.1416E-018
1.695E+005 7.0625E-018
1.7E+005 6.9808E-018
1.705E+005 6.9004E-018
1.71E+005 6.8203E-018
1.715E+005 6.7415E-018
1.72E+005 6.6640E-018
1.725E+005 6.5877E-018
1.73E+005 6.5124E-018
1.735E+005 6.4394E-018
1.74E+005 6.3664E-018
1.745E+005 6.2943E-018
1.75E+005 6.2234E-018
1.755E+005 6.1531E-018
1.76E+005 6.0841E-018
1.765E+005 6.0152E-018
1.77E+005 5.9484E-018
1.775E+005 5.8825E-018
1.78E+005 5.8178E-018
1.785E+005 5.7535E-018
1.79E+005 5.6902E-018
1.795E+005 5.6276E-018
1.8E+005 5.5659E-018
1.805E+005 5.5050E-018
1.81E+005 5.4453E-018
1.815E+005 5.3860E-018
1.82E+005 5.3274E-018
1.825E+005 5.2694E-018
1.83E+005 5.2101E-018
1.835E+005 5.1566E-018
1.84E+005 5.1015E-018
1.845E+005 5.0472E-018
1.85E+005 4.9932E-018
1.855E+005 4.9404E-018
1.86E+005 4.8871E-018
1.865E+005 4.8358E-018
1.87E+005 4.7851E-018
1.875E+005 4.7336E-018
1.88E+005 4.6851E-018
1.885E+005 4.6360E-018
1.89E+005 4.5878E-018
1.895E+005 4.5399E-018
1.9E+005 4.4921E-018
1.905E+005 4.4263E-018
1.91E+005 4.3988E-018
1.915E+005 4.3553E-018
1.92E+005 4.3105E-018
1.925E+005 4.2664E-018
1.93E+005 4.2229E-018
1.935E+005 4.1798E-018
1.94E+005 4.1372E-018
1.945E+005 4.0952E-018
1.95E+005 4.0539E-018
1.955E+005 4.0132E-018
1.96E+005 3.9726E-018
1.965E+005 3.9330E-018
1.97E+005 3.8935E-018
1.975E+005 3.8546E-018
1.98E+005 3.8163E-018
1.985E+005 3.7787E-018
1.99E+005 3.7411E-018
1.995E+005 3.7041E-018
2E+005 3.6586E-018
2.01E+005 3.5961E-018
2.02E+005 3.5263E-018
2.03E+005 3.4582E-018
2.04E+005 3.3918E-018
2.05E+005 3.3269E-018
2.06E+005 3.2635E-018
2.07E+005 3.2019E-018
2.08E+005 3.1414E-018
2.09E+005 3.0823E-018
2.1E+005 3.0247E-018
2.11E+005 2.9686E-018
2.12E+005 2.9137E-018
2.13E+005 2.8600E-018
2.14E+005 2.8076E-018
2.15E+005 2.7564E-018
2.16E+005 2.7063E-018
2.17E+005 2.6573E-018
2.18E+005 2.6094E-018
2.19E+005 2.5625E-018
2.2E+005 2.5171E-018
2.21E+005 2.4724E-018
2.22E+005 2.4287E-018
2.23E+005 2.3842E-018
2.24E+005 2.3435E-018
2.25E+005 2.3031E-018
2.26E+005 2.2630E-018
2.27E+005 2.2239E-018
2.28E+005 2.1855E-018
2.29E+005 2.1481E-018
2.3E+005 2.1114E-018
2.31E+005 2.0754E-018
2.32E+005 2.0404E-018
2.33E+005 2.0059E-018
2.34E+005 1.9722E-018
2.35E+005 1.9394E-018
2.36E+005 1.9071E-018
2.37E+005 1.8753E-018
2.38E+005 1.8443E-018
2.39E+005 1.8137E-018
2.4E+005 1.7844E-018
2.41E+005 1.7553E-018
2.42E+005 1.7266E-018
2.43E+005 1.6987E-018
2.44E+005 1.6713E-018
2.45E+005 1.6445E-018
2.46E+005 1.6184E-018
2.47E+005 1.5926E-018
2.48E+005 1.5671E-018
2.49E+005 1.5423E-018
2.5E+005 1.5181E-018
2.51E+005 1.4944E-018
2.52E+005 1.4710E-018
2.53E+005 1.4482E-018
2.54E+005 1.4257E-018
2.55E+005 1.4037E-018
2.56E+005 1.3821E-018
2.57E+005 1.3609E-018
2.58E+005 1.3401E-018
2.59E+005 1.3197E-018
2.6E+005 1.2998E-018
2.61E+005 1.2803E-018
2.62E+005 1.2608E-018
2.63E+005 1.2420E-018
2.64E+005 1.2236E-018
2.65E+005 1.2053E-018
2.66E+005 1.1875E-018
2.67E+005 1.1699E-018
2.68E+005 1.1527E-018
2.69E+005 1.1359E-018
2.7E+005 1.1194E-018
2.71E+005 1.1030E-018
2.72E+005 1.0870E-018
2.73E+005 1.0713E-018
2.74E+005 1.0559E-018
2.75E+005 1.0407E-018
2.76E+005 1.0259E-018
2.77E+005 1.0113E-018
2.78E+005 9.9487E-019
2.79E+005 9.8294E-019
2.8E+005 9.6925E-019
2.81E+005 9.5561E-019
2.82E+005 9.4201E-019
2.83E+005 9.2889E-019
2.84E+005 9.1595E-019
2.85E+005 9.0322E-019
2.86E+005 8.9088E-019
2.87E+005 8.7861E-019
2.88E+005 8.6646E-019
2.89E+005 8.5464E-019
2.9E+005 8.4307E-019
2.91E+005 8.3168E-019
2.92E+005 8.2041E-019
2.93E+005 8.0938E-019
2.94E+005 7.9851E-019
2.95E+005 7.8779E-019
2.96E+005 7.7730E-019
2.97E+005 7.6700E-019
2.98E+005 7.5653E-019
2.99E+005 7.4661E-019
3E+005 7.3702E-019
3.01E+005 7.2739E-019
3.02E+005 7.1780E-019
3.03E+005 7.0856E-019
3.04E+005 6.9932E-019
3.05E+005 6.9026E-019
3.06E+005 6.8128E-019
3.07E+005 6.7254E-019
3.08E+005 6.6393E-019
3.09E+005 6.5564E-019
3.1E+005 6.4726E-019
3.11E+005 6.3889E-019
3.12E+005 6.3081E-019
3.13E+005 6.2284E-019
3.14E+005 6.1500E-019
3.15E+005 6.0728E-019
3.16E+005 5.9969E-019
3.17E+005 5.9224E-019
3.18E+005 5.8487E-019
3.19E+005 5.7762E-019
3.2E+005 5.7049E-019
3.21E+005 5.6348E-019
3.22E+005 5.5654E-019
3.23E+005 5.4975E-019
3.24E+005 5.4305E-019
3.25E+005 5.3645E-019
3.26E+005 5.2995E-019
3.27E+005 5.2353E-019
3.28E+005 5.1724E-019
3.29E+005 5.1101E-019
3.3E+005 5.0490E-019
3.31E+005 4.9886E-019
3.32E+005 4.9293E-019
3.33E+005 4.8706E-019
3.34E+005 4.8133E-019
3.35E+005 4.7563E-019
3.36E+005 4.7005E-019
3.37E+005 4.6452E-019
3.38E+005 4.5909E-019
3.39E+005 4.5375E-019
3.4E+005 4.4846E-019
3.41E+005 4.4327E-019
3.42E+005 4.3814E-019
3.43E+005 4.3309E-019
3.44E+005 4.2812E-019
3.45E+005 4.2320E-019
3.46E+005 4.1836E-019
3.47E+005 4.1360E-019
3.48E+005 4.0891E-019
3.49E+005 4.0428E-019
3.5E+005 3.9970E-019
3.51E+005 3.9518E-019
3.52E+005 3.9075E-019
3.53E+005 3.8637E-019
3.54E+005 3.8203E-019
3.55E+005 3.7777E-019
3.56E+005 3.7357E-019
3.57E+005 3.6942E-019
3.58E+005 3.6534E-019
3.59E+005 3.6130E-019
3.6E+005 3.5730E-019
3.61E+005 3.5339E-019
3.62E+005 3.4953E-019
3.63E+005 3.4571E-019
3.64E+005 3.4193E-019
3.65E+005 3.3819E-019
3.66E+005 3.3457E-019
3.67E+005 3.3096E-019
3.68E+005 3.2740E-019
3.69E+005 3.2389E-019
3.7E+005 3.2042E-019
3.71E+005 3.1696E-019
3.72E+005 3.1359E-019
3.73E+005 3.1027E-019
3.74E+005 3.0698E-019
3.75E+005 3.0373E-019
3.76E+005 3.0054E-019
3.77E+005 2.9738E-019
3.78E+005 2.9425E-019
3.79E+005 2.9118E-019
3.8E+005 2.8813E-019
3.81E+005 2.8514E-019
3.82E+005 2.8219E-019
3.83E+005 2.7925E-019
3.84E+005 2.7638E-019
3.85E+005 2.7353E-019
3.86E+005 2.7071E-019
3.87E+005 2.6794E-019
3.88E+005 2.6504E-019
3.89E+005 2.6206E-019
3.9E+005 2.5984E-019
3.91E+005 2.5720E-019
3.92E+005 2.5458E-019
3.93E+005 2.5202E-019
3.94E+005 2.4949E-019
3.95E+005 2.4698E-019
3.96E+005 2.4450E-019
3.97E+005 2.4206E-019
3.98E+005 2.3965E-019
3.99E+005 2.3727E-019
