1711 5.6824E-015
1711 5.6824E-015
1712 4.3917E-015
1714 1.2357E-014
1715 5.1438E-015
1716 8.2975E-015
1718 4.0879E-015
1719 1.0516E-014
1720 4.6020E-015
1722 7.4800E-015
1723 -3.0451E-015
1725 7.1403E-015
1726 1.5923E-014
1727 8.2738E-015
1729 1.0005E-014
1730 9.3830E-015
1731 1.3112E-014
1733 4.3442E-015
1734 1.2208E-014
1735 6.7524E-015
1737 1.4900E-014
1738 9.8834E-015
1740 7.0942E-015
1741 1.2832E-014
1742 8.6332E-015
1744 1.1614E-014
1745 1.7971E-014
1746 1.3254E-014
1748 1.7750E-014
1749 1.8695E-014
1751 1.2359E-014
1752 1.7460E-014
1753 1.7386E-014
1755 1.9992E-014
1756 1.2616E-014
1757 2.0901E-014
1759 2.1361E-014
1760 1.6574E-014
1762 2.4314E-014
1763 1.7691E-014
1764 1.7482E-014
1766 1.7216E-014
1767 2.0928E-014
1768 1.9791E-014
1770 1.8855E-014
1771 2.5120E-014
1773 2.4563E-014
1774 2.6505E-014
1775 2.2663E-014
1777 2.8323E-014
1778 3.3814E-014
1779 2.8853E-014
1781 3.2014E-014
1782 2.5219E-014
1783 2.9108E-014
1785 3.2500E-014
1786 2.9106E-014
1788 2.7208E-014
1789 3.1622E-014
1790 2.4525E-014
1792 2.9036E-014
1793 2.6604E-014
1794 2.8983E-014
1796 2.7848E-014
1797 2.7614E-014
1799 3.4332E-014
1800 3.1388E-014
1801 2.9277E-014
1803 3.2929E-014
1804 3.3120E-014
1805 2.8396E-014
1807 2.5707E-014
1808 2.6944E-014
1810 2.8420E-014
1811 3.2057E-014
1812 3.0510E-014
1814 2.7356E-014
1815 3.1355E-014
1816 3.3612E-014
1818 2.6566E-014
1819 2.4830E-014
1821 3.0676E-014
1822 3.5200E-014
1823 3.6852E-014
1825 3.5905E-014
1826 3.4798E-014
1827 3.2876E-014
1829 3.6981E-014
1830 4.1169E-014
1831 3.9497E-014
1833 4.2170E-014
1834 3.7888E-014
1836 3.9621E-014
1837 4.2019E-014
1838 3.6396E-014
1840 3.4029E-014
1841 2.9583E-014
1842 2.9908E-014
1844 2.5812E-014
1845 2.6195E-014
1847 2.3127E-014
1848 1.9354E-014
1849 2.2264E-014
1851 2.5562E-014
1852 2.6940E-014
1853 3.3663E-014
1855 4.2105E-014
1856 4.4905E-014
1858 4.1665E-014
1859 4.3152E-014
1860 4.2553E-014
1862 4.5804E-014
1863 4.3915E-014
1864 4.3316E-014
1866 4.4733E-014
1867 4.9196E-014
1869 5.1018E-014
1870 5.1484E-014
1871 4.9921E-014
1873 5.1236E-014
1874 4.7812E-014
1875 5.0761E-014
1877 4.6780E-014
1878 5.0939E-014
1880 5.5409E-014
1881 4.9986E-014
1882 5.7395E-014
1884 5.5542E-014
1885 5.8739E-014
1886 5.5617E-014
1888 5.6026E-014
1889 6.0221E-014
1891 6.4212E-014
1892 5.7125E-014
1893 5.8866E-014
1895 5.6150E-014
1896 5.8302E-014
1897 5.4984E-014
1899 5.3269E-014
1900 5.1801E-014
1901 5.3369E-014
1903 5.8246E-014
1904 6.1804E-014
1906 6.0240E-014
1907 6.3435E-014
1908 6.5362E-014
1910 6.0401E-014
1911 6.6620E-014
1912 6.8584E-014
1914 6.8698E-014
1915 7.3020E-014
1917 7.1365E-014
1918 7.2540E-014
1919 7.1782E-014
1921 7.2488E-014
1922 7.1779E-014
1923 7.1370E-014
1925 7.3655E-014
1926 7.0731E-014
1928 6.9153E-014
1929 5.8891E-014
1930 4.7300E-014
1932 4.9019E-014
1933 5.5861E-014
1934 6.1248E-014
1936 6.1395E-014
1937 6.9042E-014
1939 7.3709E-014
1940 7.6804E-014
1941 8.0999E-014
1943 8.6680E-014
1944 8.4375E-014
1945 8.1711E-014
1947 7.9479E-014
1948 8.6669E-014
1950 8.2561E-014
1951 8.2467E-014
1952 8.0820E-014
1954 8.2729E-014
1955 8.3415E-014
1956 7.9452E-014
1958 8.6095E-014
1959 7.9683E-014
1961 7.8368E-014
1962 7.8674E-014
1963 7.9177E-014
1965 8.9466E-014
1966 8.8566E-014
1967 9.3871E-014
1969 9.3173E-014
1970 8.9028E-014
1971 9.1430E-014
1973 9.1830E-014
1974 8.8006E-014
1976 8.7809E-014
1977 8.0206E-014
1978 7.9374E-014
1980 7.8715E-014
1981 8.1889E-014
1982 8.5649E-014
1984 8.2478E-014
1985 8.7038E-014
1987 8.2613E-014
1988 7.9662E-014
1989 7.9290E-014
1991 8.5896E-014
1992 8.8815E-014
1993 8.6694E-014
1995 9.0827E-014
1996 9.6977E-014
1998 9.5254E-014
1999 9.4042E-014
2000 9.5976E-014
2002 9.6105E-014
2003 1.0098E-013
2004 9.5612E-014
2006 9.6321E-014
2007 1.0089E-013
2009 9.9455E-014
2010 9.9609E-014
2011 1.0068E-013
2013 1.0627E-013
2014 1.0726E-013
2015 1.0394E-013
2017 1.0533E-013
2018 1.0437E-013
2020 1.0257E-013
2021 1.0132E-013
2022 1.0418E-013
2024 1.0138E-013
2025 9.3670E-014
2026 8.8299E-014
2028 9.2617E-014
2029 1.0752E-013
2031 1.1068E-013
2032 1.0972E-013
2033 1.0895E-013
2035 1.0705E-013
2036 1.1080E-013
2037 1.1390E-013
2039 1.1232E-013
2040 1.1426E-013
2042 1.1494E-013
2043 1.1995E-013
2044 1.2275E-013
2046 1.2047E-013
2047 1.2571E-013
2048 1.2616E-013
2050 1.3100E-013
2051 1.2985E-013
2053 1.2543E-013
2054 1.1880E-013
2055 1.1604E-013
2057 1.0732E-013
2058 1.1050E-013
2059 1.0884E-013
2061 1.1300E-013
2062 1.0845E-013
2064 1.1059E-013
2065 1.1431E-013
2066 1.1858E-013
2068 1.2264E-013
2069 1.2749E-013
2070 1.2746E-013
2072 1.3651E-013
2073 1.3681E-013
2074 1.3742E-013
2076 1.3163E-013
2077 1.4450E-013
2079 1.3995E-013
2080 1.4218E-013
2081 1.3915E-013
2083 1.3575E-013
2084 1.3416E-013
2085 1.3740E-013
2087 1.4079E-013
2088 1.3958E-013
2090 1.3871E-013
2091 1.3856E-013
2092 1.4079E-013
2094 1.4191E-013
2095 1.3731E-013
2096 1.3866E-013
2098 1.3693E-013
2099 1.4015E-013
2101 1.4017E-013
2102 1.3861E-013
2103 1.3999E-013
2105 1.4102E-013
2106 1.4773E-013
2107 1.4131E-013
2109 1.3456E-013
2110 1.3057E-013
2112 1.3484E-013
2113 1.3509E-013
2114 1.3529E-013
2116 1.3921E-013
2117 1.4942E-013
2118 1.5161E-013
2120 1.5116E-013
2121 1.4549E-013
2123 1.3241E-013
2124 1.1447E-013
2125 1.0641E-013
2127 1.2750E-013
2128 1.3982E-013
2129 1.3912E-013
2131 1.3352E-013
2132 1.3249E-013
2134 1.2765E-013
2135 1.1915E-013
2136 1.2692E-013
2138 1.3593E-013
2139 1.3471E-013
2140 1.3826E-013
2142 1.5051E-013
2143 1.5160E-013
2145 1.5068E-013
2146 1.4806E-013
2147 1.4443E-013
2149 1.4405E-013
2150 1.4534E-013
2151 1.4367E-013
2153 1.4371E-013
2154 1.4985E-013
2156 1.4887E-013
2157 1.4644E-013
2158 1.4349E-013
2160 1.3408E-013
2161 1.4230E-013
2162 1.4760E-013
2164 1.5087E-013
2165 1.4076E-013
2167 1.3539E-013
2168 1.3405E-013
2169 1.4095E-013
2171 1.4491E-013
2172 1.4843E-013
2173 1.4590E-013
2175 1.3887E-013
2176 1.3939E-013
2178 1.3969E-013
2179 1.4597E-013
2180 1.5857E-013
2182 1.7041E-013
2183 1.7132E-013
2184 1.6445E-013
2186 1.6160E-013
2187 1.4757E-013
2189 1.5476E-013
2190 1.6299E-013
2191 1.6450E-013
2193 1.6565E-013
2194 1.7314E-013
2195 1.7989E-013
2197 1.7965E-013
2198 1.7882E-013
2200 1.7836E-013
2201 1.6875E-013
2202 1.7363E-013
2204 1.8144E-013
2205 1.8231E-013
2206 1.7091E-013
2208 1.6037E-013
2209 1.4864E-013
2210 1.4055E-013
2212 1.2747E-013
2213 1.4546E-013
2215 1.5428E-013
2216 1.5413E-013
2217 1.4358E-013
2219 1.4809E-013
2220 1.6328E-013
2221 1.7169E-013
2223 1.7121E-013
2224 1.7988E-013
2226 1.7278E-013
2227 1.7453E-013
2228 1.7655E-013
2230 1.8029E-013
2231 1.8045E-013
2232 1.8695E-013
2234 1.9349E-013
2235 1.9186E-013
2237 1.9666E-013
2238 1.9478E-013
2239 1.9522E-013
2241 1.9652E-013
2242 1.8461E-013
2243 1.8063E-013
2245 1.7537E-013
2246 1.7748E-013
2248 1.8514E-013
2249 1.7695E-013
2250 1.6898E-013
2252 1.6820E-013
2253 1.6877E-013
2254 1.6380E-013
2256 1.6276E-013
2257 1.7060E-013
2259 1.7366E-013
2260 1.6788E-013
2261 1.6495E-013
2263 1.7476E-013
2264 1.7347E-013
2265 1.6641E-013
2267 1.6278E-013
2268 1.5918E-013
2270 1.6633E-013
2271 1.6728E-013
2272 1.7222E-013
2274 1.7383E-013
2275 1.7376E-013
2276 1.6993E-013
2278 1.7244E-013
2279 1.7566E-013
2281 1.7996E-013
2282 1.8956E-013
2283 1.9158E-013
2285 1.8544E-013
2286 1.8880E-013
2287 1.8113E-013
2289 1.7807E-013
2290 1.7802E-013
2292 1.7670E-013
2293 1.7724E-013
2294 1.7596E-013
2296 1.7837E-013
2297 1.6784E-013
2298 1.5090E-013
2300 1.5705E-013
2301 1.6571E-013
2303 1.7168E-013
2304 1.7284E-013
2305 1.8462E-013
2307 1.9150E-013
2308 1.9081E-013
2309 1.8703E-013
2311 1.8272E-013
2312 1.6881E-013
2314 1.5962E-013
2315 1.6917E-013
2316 1.8837E-013
2318 1.8352E-013
2319 1.8370E-013
2320 1.7565E-013
2322 1.7992E-013
2323 1.8935E-013
2325 1.9560E-013
2326 1.8001E-013
2327 1.6999E-013
2329 1.7272E-013
2330 1.8305E-013
2331 1.6654E-013
2333 1.4761E-013
2334 1.5117E-013
2336 1.7116E-013
2337 1.6498E-013
2338 1.5171E-013
2340 1.4866E-013
2341 1.6078E-013
2342 1.5895E-013
2344 1.2307E-013
2345 1.0277E-013
2347 1.1972E-013
2348 1.2505E-013
2349 1.3121E-013
2351 1.6164E-013
2352 1.7868E-013
2353 1.8808E-013
2355 1.8048E-013
2356 1.7793E-013
2358 1.8267E-013
2359 1.7301E-013
2360 1.3932E-013
2362 1.4544E-013
2363 1.6673E-013
2364 1.6348E-013
2366 1.5394E-013
2367 1.6004E-013
2369 1.6897E-013
2370 1.7644E-013
2371 1.8476E-013
2373 1.8732E-013
2374 1.6467E-013
2375 1.5511E-013
2377 1.7024E-013
2378 1.7602E-013
2379 1.5810E-013
2381 1.2667E-013
2382 9.1741E-014
2384 8.4817E-014
2385 1.2330E-013
2386 1.5913E-013
2388 1.6161E-013
2389 1.4431E-013
2390 1.5633E-013
2392 1.8122E-013
2393 1.8198E-013
2395 1.6754E-013
2396 1.2008E-013
2397 1.2681E-013
2399 1.4845E-013
2400 1.4282E-013
2401 1.6425E-013
2403 1.6895E-013
2404 1.5078E-013
2406 1.2348E-013
2407 1.1785E-013
2408 1.3616E-013
2410 1.5438E-013
2411 1.2599E-013
2412 1.2326E-013
2414 1.4339E-013
2415 1.6355E-013
2417 1.8702E-013
2418 1.9285E-013
2419 2.0218E-013
2421 2.1338E-013
2422 2.2270E-013
2423 2.1374E-013
2425 1.9351E-013
2426 2.0587E-013
2428 2.1714E-013
2429 2.1193E-013
2430 2.0170E-013
2432 2.1031E-013
2433 2.0743E-013
2434 1.9621E-013
2436 1.7958E-013
2437 1.8459E-013
2439 1.9164E-013
2440 1.9104E-013
2441 2.0225E-013
2443 2.1522E-013
2444 2.1027E-013
2445 2.0541E-013
2447 2.0319E-013
2448 2.0510E-013
2450 2.0420E-013
2451 1.9605E-013
2452 1.9234E-013
2454 1.9291E-013
2455 1.9622E-013
2456 2.0558E-013
2458 2.0678E-013
2459 2.0652E-013
2461 2.0242E-013
2462 1.9054E-013
2463 1.7633E-013
2465 1.8444E-013
2466 1.9074E-013
2467 1.9194E-013
2469 1.9784E-013
2470 1.9705E-013
2472 1.9752E-013
2473 1.8898E-013
2474 1.8767E-013
2476 2.0175E-013
2477 1.9350E-013
2478 1.8382E-013
2480 1.6957E-013
2481 1.7774E-013
2483 1.8032E-013
2484 1.4805E-013
2485 1.5191E-013
2487 1.6049E-013
2488 1.5740E-013
2489 1.4563E-013
2491 1.3120E-013
2492 1.3357E-013
2494 1.6885E-013
2495 1.9500E-013
2496 2.1365E-013
2498 2.0916E-013
2499 2.1270E-013
2500 2.1785E-013
2502 1.9914E-013
2503 1.9839E-013
2505 2.0117E-013
2506 1.7663E-013
2507 1.4753E-013
2509 1.6379E-013
2510 1.9948E-013
2511 1.8753E-013
2513 1.7626E-013
2514 1.4528E-013
2516 1.0208E-013
2517 8.9535E-014
2518 1.0355E-013
2520 1.1935E-013
2521 1.3859E-013
2522 1.4405E-013
2524 1.1962E-013
2525 1.0526E-013
2526 1.2350E-013
2528 1.1805E-013
2529 1.0612E-013
2531 1.2404E-013
2532 1.6446E-013
2533 1.7062E-013
2535 1.7466E-013
2536 1.6458E-013
2537 1.6445E-013
2539 1.6894E-013
2540 1.7175E-013
2542 1.7164E-013
2543 1.7473E-013
2544 1.8596E-013
2546 1.7888E-013
2547 1.7643E-013
2548 1.7665E-013
2550 1.6277E-013
2551 1.8225E-013
2553 2.1112E-013
2554 2.1931E-013
2555 2.2463E-013
2557 2.2177E-013
2558 2.2640E-013
2559 2.3103E-013
2561 2.2636E-013
2562 2.0660E-013
2564 1.8326E-013
2565 2.0407E-013
2566 2.3198E-013
2568 2.2968E-013
2569 2.3647E-013
2570 2.3967E-013
2572 2.3738E-013
2573 2.3916E-013
2575 2.4353E-013
2576 2.2676E-013
2577 2.1554E-013
2579 2.2939E-013
2580 2.4601E-013
2581 2.4605E-013
2583 2.3388E-013
2584 2.3138E-013
2586 2.0938E-013
2587 1.8826E-013
2588 2.2169E-013
2590 2.5033E-013
2591 2.5327E-013
2592 2.4268E-013
2594 2.3544E-013
2595 2.3563E-013
2597 2.4213E-013
2598 2.0204E-013
2599 1.3268E-013
2601 1.5309E-013
2602 2.0019E-013
2603 2.3841E-013
2605 2.2714E-013
2606 1.9752E-013
2608 1.8345E-013
2609 1.9487E-013
2610 2.0774E-013
2612 1.7913E-013
2613 1.5421E-013
2614 1.7029E-013
2616 2.0825E-013
2617 2.2259E-013
2619 2.1910E-013
2620 2.2527E-013
2621 2.3885E-013
2623 2.4090E-013
2624 2.4589E-013
2625 2.3144E-013
2627 2.2234E-013
2628 2.0389E-013
2629 1.8374E-013
2631 1.7528E-013
2632 1.6821E-013
2634 2.0935E-013
2635 2.5409E-013
2636 2.7138E-013
2638 2.8281E-013
2639 2.9290E-013
2640 2.9909E-013
2642 3.0225E-013
2643 3.0683E-013
2645 3.0497E-013
2646 3.0179E-013
2647 3.0079E-013
2649 3.0263E-013
2650 3.0183E-013
2651 3.0271E-013
2653 2.9783E-013
2654 2.9961E-013
2656 3.0964E-013
2657 3.1342E-013
2658 3.0761E-013
2660 3.0239E-013
2661 2.9873E-013
2662 2.8333E-013
2664 2.7480E-013
2665 2.7565E-013
2667 2.7605E-013
2668 2.6871E-013
2669 2.7191E-013
2671 2.8008E-013
2672 2.8529E-013
2673 2.7932E-013
2675 2.9520E-013
2676 3.0203E-013
2678 2.9750E-013
2679 2.7973E-013
2680 2.8153E-013
2682 2.9575E-013
2683 2.9620E-013
2684 2.9634E-013
2686 2.9601E-013
2687 3.0025E-013
2689 2.9150E-013
2690 2.8183E-013
2691 2.7820E-013
2693 2.8178E-013
2694 2.8616E-013
2695 2.7991E-013
2697 2.7798E-013
2698 2.7948E-013
2700 2.7901E-013
2701 2.9111E-013
2702 2.9395E-013
2704 2.9599E-013
2705 3.0001E-013
2706 2.8740E-013
2708 2.8454E-013
2709 2.8382E-013
2710 2.8172E-013
2712 2.7970E-013
2713 2.7642E-013
2715 2.7465E-013
2716 2.7065E-013
2717 2.7257E-013
2719 2.7654E-013
2720 2.4755E-013
2721 2.5093E-013
2723 2.6331E-013
2724 2.6596E-013
2726 2.6259E-013
2727 2.6001E-013
2728 2.6429E-013
2730 2.7527E-013
2731 2.8476E-013
2732 2.7859E-013
2734 2.6844E-013
2735 2.5159E-013
2737 2.4892E-013
2738 2.3557E-013
2739 2.2792E-013
2741 2.2932E-013
2742 2.2730E-013
2743 2.2225E-013
2745 2.1294E-013
2746 2.2231E-013
2748 2.1106E-013
2749 1.9896E-013
2750 2.0127E-013
2752 2.1303E-013
2753 2.4109E-013
2754 2.5342E-013
2756 2.3173E-013
2757 2.1899E-013
2759 2.4602E-013
2760 2.7867E-013
2761 2.7798E-013
2763 2.7324E-013
2764 2.6172E-013
2765 2.7920E-013
2767 2.7283E-013
2768 2.7160E-013
2770 2.6880E-013
2771 2.7130E-013
2772 2.8601E-013
2774 2.8345E-013
2775 2.8744E-013
2776 2.7766E-013
2778 2.6360E-013
2779 2.5039E-013
2780 2.3973E-013
2782 2.3744E-013
2783 2.4513E-013
2785 2.4415E-013
2786 2.4488E-013
2787 2.3661E-013
2789 2.1280E-013
2790 1.8040E-013
2791 1.4165E-013
2793 9.9817E-014
2794 6.7515E-014
2796 4.3647E-014
2797 3.5044E-014
2798 3.9407E-014
2800 4.9339E-014
2801 5.3282E-014
2802 4.5525E-014
2804 4.1003E-014
2805 5.6271E-014
2807 9.4201E-014
2808 1.4148E-013
2809 1.8563E-013
2811 2.1488E-013
2812 2.3660E-013
2813 2.4180E-013
2815 2.5871E-013
2816 2.7692E-013
2818 2.7881E-013
2819 2.8347E-013
2820 2.8424E-013
2822 2.9158E-013
2823 2.9631E-013
2824 3.0133E-013
2826 2.9839E-013
2827 2.9475E-013
2829 2.9905E-013
2830 2.9643E-013
2831 3.0293E-013
2833 3.0217E-013
2834 3.0121E-013
2835 2.9565E-013
2837 2.8577E-013
2838 2.9736E-013
2839 3.0719E-013
2841 2.9836E-013
2842 2.9118E-013
2844 2.8978E-013
2845 2.7992E-013
2846 2.9199E-013
2848 2.7664E-013
2849 2.5754E-013
2850 2.2035E-013
2852 1.5755E-013
2853 1.0952E-013
2855 1.5463E-013
2856 2.2443E-013
2857 2.5386E-013
2859 2.7752E-013
2860 2.9153E-013
2861 3.0771E-013
2863 3.0757E-013
2864 3.0734E-013
2866 3.1180E-013
2867 2.9930E-013
2868 2.9509E-013
2870 2.9149E-013
2871 3.0414E-013
2872 3.1869E-013
2874 3.1926E-013
2875 3.0796E-013
2877 2.9902E-013
2878 2.9298E-013
2879 2.9075E-013
2881 2.7390E-013
2882 2.2165E-013
2883 2.3001E-013
2885 2.9073E-013
2886 3.1729E-013
2887 3.2749E-013
2889 3.2376E-013
2890 3.1103E-013
2892 3.0792E-013
2893 3.0290E-013
2894 2.9913E-013
2896 3.1513E-013
2897 3.2262E-013
2898 3.3720E-013
2900 3.3654E-013
2901 3.4938E-013
2903 3.5013E-013
2904 3.5160E-013
2905 3.5459E-013
2907 3.5540E-013
2908 3.4173E-013
2909 3.3015E-013
2911 3.2969E-013
2912 3.3495E-013
2914 3.4688E-013
2915 3.5003E-013
2916 3.5113E-013
2918 3.4367E-013
2919 3.4021E-013
2920 3.3563E-013
2922 3.4362E-013
2923 3.3943E-013
2924 3.2219E-013
2926 3.2477E-013
2927 3.2847E-013
2929 3.2581E-013
2930 3.1919E-013
2931 3.4227E-013
2933 3.5534E-013
2934 3.5336E-013
2935 3.4781E-013
2937 3.2967E-013
2938 3.1415E-013
2940 3.1962E-013
2941 3.2931E-013
2942 3.3333E-013
2944 3.4346E-013
2945 3.3530E-013
2946 3.3969E-013
2948 3.3527E-013
2949 3.1937E-013
2951 3.2720E-013
2952 3.4526E-013
2953 3.4562E-013
2955 3.3007E-013
2956 3.4384E-013
2957 3.5124E-013
2959 3.5077E-013
2960 3.5470E-013
2962 3.4917E-013
2963 3.6161E-013
2964 3.5814E-013
2966 3.3640E-013
2967 3.2361E-013
2968 3.2357E-013
2970 3.2513E-013
2971 3.1438E-013
2972 3.2249E-013
2974 3.3201E-013
2975 3.5036E-013
2977 3.5923E-013
2978 3.6315E-013
2979 3.6520E-013
2981 3.5208E-013
2982 3.3841E-013
2983 3.3324E-013
2985 3.1726E-013
2986 3.1074E-013
2988 3.1965E-013
2989 3.3363E-013
2990 3.5132E-013
2992 3.6124E-013
2993 3.6285E-013
2994 3.5773E-013
2996 3.4727E-013
2997 3.6373E-013
2998 3.6374E-013
3000 3.5354E-013
3001 3.2974E-013
3003 3.2511E-013
3004 3.2728E-013
3005 3.4599E-013
3007 3.6087E-013
3008 3.5042E-013
3009 3.4407E-013
3011 3.5946E-013
3012 3.6850E-013
3014 3.6416E-013
3015 3.6181E-013
3016 3.5528E-013
3018 3.4664E-013
3019 3.3443E-013
3020 3.1316E-013
3022 3.0252E-013
3023 3.3438E-013
3025 3.6514E-013
3026 3.5259E-013
3027 3.5309E-013
3029 3.7243E-013
3030 3.7707E-013
3031 3.6532E-013
3033 3.6237E-013
3034 3.7503E-013
3035 3.7931E-013
3037 3.7678E-013
3038 3.6064E-013
3040 3.6208E-013
3041 3.7099E-013
3042 3.5783E-013
3044 3.5924E-013
3045 3.6794E-013
3046 3.6861E-013
3048 3.6720E-013
3049 3.6354E-013
3051 3.7491E-013
3052 3.8122E-013
3053 3.8509E-013
3055 3.7631E-013
3056 3.6915E-013
3057 3.5836E-013
3059 3.3620E-013
3060 3.4452E-013
3061 3.6098E-013
3066 3.2853E-013
3069 3.3506E-013
3071 3.4513E-013
3074 3.5149E-013
3077 3.5117E-013
3080 3.5226E-013
3082 3.5962E-013
3085 3.5633E-013
3088 3.3972E-013
3091 3.1750E-013
3093 3.1551E-013
3096 3.2130E-013
3099 3.1859E-013
3102 3.2763E-013
3104 3.4808E-013
3107 3.5874E-013
3110 3.6622E-013
3113 3.6807E-013
3115 3.5995E-013
3118 3.4773E-013
3121 3.4272E-013
3124 3.4785E-013
3126 3.4742E-013
3129 3.5621E-013
3132 3.5567E-013
3134 3.6152E-013
3137 3.6801E-013
3140 3.5705E-013
3143 3.4350E-013
3145 3.3606E-013
3148 3.5991E-013
3151 3.7024E-013
3154 3.5914E-013
3156 3.4778E-013
3159 3.4187E-013
3162 3.3967E-013
3165 3.5906E-013
3167 3.6829E-013
3170 3.8045E-013
3173 3.8315E-013
3176 3.7944E-013
3178 3.5350E-013
3181 3.3764E-013
3184 3.5317E-013
3187 3.6172E-013
3189 3.6492E-013
3192 3.5317E-013
3195 3.6147E-013
3198 3.7300E-013
3200 3.8352E-013
3203 3.8824E-013
3206 3.9455E-013
3209 3.7669E-013
3211 3.5764E-013
3214 3.6107E-013
3217 3.6980E-013
3220 3.7726E-013
3222 3.7862E-013
3225 3.7451E-013
3228 3.5950E-013
3231 3.5639E-013
3233 3.5635E-013
3236 3.6006E-013
3239 3.7008E-013
3242 3.8164E-013
3244 3.8882E-013
3247 3.8507E-013
3250 3.8050E-013
3253 3.8439E-013
3255 3.9627E-013
3258 4.1285E-013
3261 4.1074E-013
3264 4.0697E-013
3266 4.1180E-013
3269 4.1327E-013
3272 4.0558E-013
3275 4.0407E-013
3277 3.9546E-013
3280 3.9710E-013
3283 4.0575E-013
3286 4.0327E-013
3288 4.0523E-013
3291 4.1882E-013
3294 4.2896E-013
3297 4.2748E-013
3299 4.3311E-013
3302 4.2320E-013
3305 4.1567E-013
3308 4.1232E-013
3310 4.2412E-013
3313 4.2377E-013
3316 4.2075E-013
3319 4.1475E-013
3321 4.0867E-013
3324 4.0507E-013
3327 4.1046E-013
3330 4.0880E-013
3332 4.1109E-013
3335 4.0722E-013
3338 4.0667E-013
3341 4.0556E-013
3343 4.0989E-013
3346 4.0965E-013
3349 3.9676E-013
3352 4.0648E-013
3354 4.1964E-013
3357 4.2102E-013
3360 4.0178E-013
3363 3.9755E-013
3365 4.1356E-013
3368 4.0469E-013
3371 3.9171E-013
3374 3.9382E-013
3376 4.1379E-013
3379 4.0275E-013
3382 3.9563E-013
3385 4.0562E-013
3387 4.0844E-013
3390 4.1041E-013
3393 4.0643E-013
3396 4.1279E-013
3398 4.3103E-013
3401 4.2681E-013
3404 4.1379E-013
3406 4.0739E-013
3409 4.0674E-013
3412 4.0928E-013
3415 4.0569E-013
3417 4.1879E-013
3420 4.2497E-013
3423 4.1554E-013
3426 4.1783E-013
3428 4.2700E-013
3431 4.3065E-013
3434 4.2516E-013
3437 4.1961E-013
3439 4.0738E-013
3442 3.9088E-013
3445 3.9846E-013
3448 4.1652E-013
3450 4.1928E-013
3453 4.2119E-013
3456 4.2235E-013
3459 4.2054E-013
3461 4.1558E-013
3464 4.2260E-013
3467 4.2765E-013
3470 4.2389E-013
3472 4.2083E-013
3475 4.0630E-013
3478 4.1338E-013
3481 4.3014E-013
3483 4.2686E-013
3486 4.2789E-013
3489 4.1962E-013
3492 4.1204E-013
3494 4.1334E-013
3497 4.1128E-013
3500 4.2029E-013
3503 4.2441E-013
3505 4.2545E-013
3508 4.2592E-013
3511 4.1621E-013
3514 4.1657E-013
3516 4.1779E-013
3519 4.2138E-013
3522 4.1445E-013
3525 4.0368E-013
3527 4.0818E-013
3530 4.2054E-013
3533 4.2995E-013
3536 4.3687E-013
3538 4.3937E-013
3541 4.3801E-013
3544 4.4230E-013
3547 4.4370E-013
3549 4.4260E-013
3552 4.4551E-013
3555 4.3366E-013
3558 4.3190E-013
3560 4.3447E-013
3563 4.3656E-013
3566 4.2044E-013
3569 4.0804E-013
3571 4.0157E-013
3574 4.0727E-013
3577 4.1918E-013
3580 4.1727E-013
3582 4.0513E-013
3585 3.9656E-013
3588 3.9025E-013
3591 4.1031E-013
3593 4.2455E-013
3596 4.3046E-013
3599 4.3659E-013
3602 4.3831E-013
3604 4.2618E-013
3607 4.1987E-013
3610 4.1610E-013
3613 4.2019E-013
3615 4.2440E-013
3618 4.2141E-013
3621 4.1914E-013
3624 4.2854E-013
3626 4.3909E-013
3629 4.4157E-013
3632 4.1982E-013
3635 4.1801E-013
3637 4.3282E-013
3640 4.3900E-013
3643 4.3579E-013
3646 4.2556E-013
3648 4.2545E-013
3651 4.2238E-013
3654 4.3883E-013
3657 4.5051E-013
3659 4.5192E-013
3662 4.4977E-013
3665 4.5200E-013
3668 4.5164E-013
3670 4.4922E-013
3673 4.4914E-013
3676 4.4858E-013
3679 4.3913E-013
3681 4.3623E-013
3684 4.3420E-013
3687 4.2855E-013
3690 4.3615E-013
3692 4.4870E-013
3695 4.5588E-013
3698 4.5724E-013
3701 4.6007E-013
3703 4.4960E-013
3706 4.2721E-013
3709 4.3397E-013
3712 4.3936E-013
3714 4.4669E-013
3717 4.7041E-013
3720 4.4968E-013
3723 4.1568E-013
3725 4.3815E-013
3728 4.6626E-013
3731 4.6594E-013
3734 4.2750E-013
3736 3.9216E-013
3739 4.3703E-013
3742 4.6421E-013
3745 4.7134E-013
3747 4.3381E-013
3750 3.9590E-013
3753 4.2836E-013
3756 4.6799E-013
3758 4.8826E-013
3761 4.8596E-013
3764 4.9456E-013
3767 4.8077E-013
3769 4.4692E-013
3772 4.1733E-013
3775 4.6591E-013
3778 5.1466E-013
3780 5.4596E-013
3783 5.5515E-013
3786 5.4376E-013
3789 5.3078E-013
3791 5.2451E-013
3794 4.9335E-013
3797 4.3671E-013
3800 4.0758E-013
3802 4.6873E-013
3805 5.1806E-013
3808 5.3240E-013
3811 5.4761E-013
3813 5.4653E-013
3816 5.3725E-013
3819 5.4008E-013
3822 5.3085E-013
3824 5.2484E-013
3827 4.9432E-013
3830 4.6867E-013
3833 4.3081E-013
3835 3.7866E-013
3838 3.8061E-013
3841 4.3386E-013
3844 4.9904E-013
3846 5.3458E-013
3849 5.4951E-013
3852 5.6077E-013
3855 5.7133E-013
3857 5.6206E-013
3860 5.4715E-013
3863 5.6887E-013
3866 5.7659E-013
3868 5.8046E-013
3871 5.7189E-013
3874 5.5109E-013
3877 5.4537E-013
3879 5.2953E-013
3882 5.2639E-013
3885 5.0420E-013
3888 4.3951E-013
3890 3.9807E-013
3893 4.4556E-013
3896 4.8692E-013
3899 5.1344E-013
3901 5.2641E-013
3904 5.3077E-013
3907 5.3269E-013
3910 5.5608E-013
3912 5.7069E-013
3915 5.6648E-013
3918 5.5971E-013
3921 5.4987E-013
3923 5.3396E-013
3926 5.2690E-013
3929 4.7670E-013
3932 3.6997E-013
3934 2.5692E-013
3937 3.0223E-013
3940 4.3249E-013
3943 5.1187E-013
3945 5.3322E-013
3948 5.4546E-013
3951 5.4725E-013
3954 5.4931E-013
3956 5.4590E-013
3959 5.3495E-013
3962 5.1522E-013
3964 4.6028E-013
3967 3.5580E-013
3970 2.6368E-013
3973 3.3548E-013
3975 4.3264E-013
3978 5.0559E-013
3981 5.4178E-013
3984 5.5324E-013
3986 5.6592E-013
3989 5.7472E-013
3992 5.7752E-013
3995 5.8588E-013
3997 5.8698E-013
4000 5.8502E-013
4003 5.9083E-013
4006 5.8686E-013
4008 5.8803E-013
4011 5.9768E-013
4014 5.9619E-013
4017 5.9987E-013
4019 6.0337E-013
4022 6.0525E-013
4025 6.0019E-013
4028 5.9760E-013
4030 5.8600E-013
4033 5.8047E-013
4036 5.8870E-013
4039 5.9985E-013
4041 6.0190E-013
4044 5.9416E-013
4047 5.7938E-013
4050 5.8902E-013
4052 5.9731E-013
4055 5.9812E-013
4058 5.8574E-013
4061 5.9100E-013
4063 5.8978E-013
4066 5.8181E-013
4069 5.8253E-013
4072 5.8431E-013
4074 5.7969E-013
4077 5.8123E-013
4080 5.7712E-013
4083 5.8710E-013
4085 5.8565E-013
4088 5.8560E-013
4091 5.7950E-013
4094 5.6419E-013
4096 5.3750E-013
4099 5.0059E-013
4102 4.3986E-013
4105 4.3853E-013
4107 5.0399E-013
4110 5.3850E-013
4113 5.6056E-013
4116 5.7489E-013
4118 5.8158E-013
4121 5.8214E-013
4124 5.8572E-013
4127 5.9219E-013
4129 5.9359E-013
4132 5.8561E-013
4135 5.8794E-013
4138 5.9539E-013
4140 6.0064E-013
4143 5.9282E-013
4146 5.8939E-013
4149 5.9235E-013
4151 5.9524E-013
4154 5.9358E-013
4157 5.8746E-013
4160 5.8977E-013
4162 5.9525E-013
4165 5.9625E-013
4168 5.9510E-013
4171 5.9519E-013
4173 5.8426E-013
4176 5.7821E-013
4179 5.8260E-013
4182 5.8681E-013
4184 5.8712E-013
4187 5.8344E-013
4190 5.8302E-013
4193 5.8290E-013
4195 5.8971E-013
4198 5.8176E-013
4201 5.7630E-013
4204 5.7679E-013
4206 5.8467E-013
4209 5.8882E-013
4212 5.8833E-013
4215 5.8753E-013
4217 5.8208E-013
4220 5.8131E-013
4223 5.7813E-013
4226 5.6894E-013
4228 5.5350E-013
4231 5.7142E-013
4234 5.7791E-013
4237 5.7750E-013
4239 5.7727E-013
4242 5.8111E-013
4245 5.8235E-013
4248 5.7492E-013
4250 5.7010E-013
4253 5.7310E-013
4256 5.7769E-013
4259 5.7809E-013
4261 5.7899E-013
4264 5.8364E-013
4267 5.8581E-013
4270 5.7752E-013
4272 5.5934E-013
4275 5.6108E-013
4278 5.7305E-013
4281 5.7898E-013
4283 5.7123E-013
4286 5.6294E-013
4289 5.5718E-013
4292 5.4292E-013
4294 5.4339E-013
4297 5.4554E-013
4300 5.3018E-013
4303 5.1470E-013
4305 5.2078E-013
4308 5.1940E-013
4311 5.1721E-013
4314 5.2787E-013
4316 5.4490E-013
4319 5.5836E-013
4322 5.5979E-013
4325 5.5218E-013
4327 5.3597E-013
4330 5.4237E-013
4333 5.4499E-013
4336 5.2727E-013
4338 4.8261E-013
4341 4.2929E-013
4344 4.3088E-013
4347 4.9101E-013
4349 5.2607E-013
4352 5.4284E-013
4355 5.4392E-013
4358 5.6015E-013
4360 5.6935E-013
4363 5.7293E-013
4366 5.7773E-013
4369 5.7081E-013
4371 5.7102E-013
4374 5.6885E-013
4377 5.6657E-013
4380 5.7232E-013
4382 5.7017E-013
4385 5.5751E-013
4388 5.6431E-013
4391 5.6989E-013
4393 5.7378E-013
4396 5.7082E-013
4399 5.7030E-013
4402 5.7221E-013
4404 5.7358E-013
4407 5.7039E-013
4410 5.7795E-013
4413 5.7923E-013
4415 5.7842E-013
4418 5.7060E-013
4421 5.7624E-013
4423 5.7687E-013
4426 5.7446E-013
4429 5.7672E-013
4432 5.8032E-013
4434 5.7907E-013
4437 5.7468E-013
4440 5.8274E-013
4443 5.7734E-013
4445 5.7401E-013
4448 5.7683E-013
4451 5.6915E-013
4454 5.7355E-013
4456 5.6570E-013
4459 5.7081E-013
4462 5.7259E-013
4465 5.7294E-013
4467 5.7643E-013
4470 5.6530E-013
4473 5.7377E-013
4476 5.7534E-013
4478 5.7910E-013
4481 5.7715E-013
4484 5.6960E-013
4487 5.7937E-013
4489 5.7914E-013
4492 5.7692E-013
4495 5.7746E-013
4498 5.7722E-013
4500 5.7976E-013
4503 5.7938E-013
4506 5.8503E-013
4509 5.8522E-013
4511 5.8468E-013
4514 5.8620E-013
4517 5.7196E-013
4520 5.8011E-013
4522 5.7910E-013
4525 5.6670E-013
4528 5.6920E-013
4531 5.6288E-013
4533 5.6202E-013
4536 5.6642E-013
4539 5.7379E-013
4542 5.7383E-013
4544 5.7912E-013
4547 5.7407E-013
4550 5.6470E-013
4553 5.6494E-013
4555 5.6389E-013
4558 5.7065E-013
4561 5.7675E-013
4564 5.7620E-013
4566 5.7409E-013
4569 5.7671E-013
4572 5.7509E-013
4575 5.7476E-013
4577 5.7831E-013
4580 5.7746E-013
4583 5.7348E-013
4586 5.6934E-013
4588 5.7072E-013
4591 5.7100E-013
4594 5.7095E-013
4597 5.7316E-013
4599 5.7573E-013
4602 5.7439E-013
4605 5.7307E-013
4608 5.7696E-013
4610 5.7543E-013
4613 5.7459E-013
4616 5.7698E-013
4619 5.7524E-013
4621 5.7230E-013
4624 5.7114E-013
4627 5.7646E-013
4630 5.7390E-013
4632 5.7538E-013
4635 5.7388E-013
4638 5.7458E-013
4641 5.7321E-013
4643 5.7856E-013
4646 5.6857E-013
4649 5.6576E-013
4651 5.7107E-013
4654 5.6544E-013
4657 5.7132E-013
4660 5.7214E-013
4662 5.6654E-013
4665 5.7178E-013
4668 5.7069E-013
4671 5.6514E-013
4673 5.6916E-013
4676 5.6734E-013
4679 5.6994E-013
4682 5.6993E-013
4684 5.6966E-013
4687 5.6450E-013
4690 5.6197E-013
4693 5.7078E-013
4695 5.7046E-013
4698 5.6842E-013
4701 5.6922E-013
4704 5.5875E-013
4706 5.5892E-013
4709 5.5982E-013
4712 5.6709E-013
4715 5.6101E-013
4717 5.6743E-013
4720 5.6456E-013
4723 5.6786E-013
4726 5.6398E-013
4728 5.6286E-013
4731 5.6475E-013
4734 5.6211E-013
4737 5.6362E-013
4739 5.6227E-013
4742 5.6199E-013
4745 5.6277E-013
4748 5.6605E-013
4750 5.6772E-013
4753 5.6309E-013
4756 5.6374E-013
4759 5.5892E-013
4761 5.5949E-013
4764 5.5745E-013
4767 5.5907E-013
4770 5.6330E-013
4772 5.6354E-013
4775 5.5778E-013
4778 5.5986E-013
4781 5.5813E-013
4783 5.5809E-013
4786 5.5476E-013
4789 5.5543E-013
4792 5.5470E-013
4794 5.5293E-013
4797 5.5565E-013
4800 5.5584E-013
4803 5.5532E-013
4805 5.5073E-013
4808 5.5024E-013
4811 5.5179E-013
4813 5.5326E-013
4816 5.5120E-013
4819 5.4389E-013
4822 5.4540E-013
4824 5.4708E-013
4827 5.5156E-013
4830 5.5062E-013
4833 5.5015E-013
4835 5.4668E-013
4838 5.4295E-013
4841 5.4069E-013
4844 5.4063E-013
4846 5.3973E-013
4849 5.3124E-013
4852 5.2463E-013
4855 5.1447E-013
4857 4.8883E-013
4860 4.4504E-013
4863 4.2206E-013
4866 4.2739E-013
4868 4.7125E-013
4871 5.0220E-013
4874 5.1066E-013
4877 5.1957E-013
4879 5.2321E-013
4882 5.3177E-013
4885 5.3465E-013
4888 5.3104E-013
4890 5.3560E-013
4893 5.3403E-013
4896 5.3746E-013
4899 5.3982E-013
4901 5.3967E-013
4904 5.4202E-013
4907 5.4283E-013
4910 5.4331E-013
4912 5.4059E-013
4915 5.4065E-013
4918 5.4199E-013
4921 5.2947E-013
4923 5.2846E-013
4926 5.3272E-013
4929 5.3798E-013
4932 5.4125E-013
4934 5.3968E-013
4937 5.3835E-013
4940 5.3876E-013
4942 5.4238E-013
4945 5.4184E-013
4948 5.4470E-013
4951 5.4501E-013
4953 5.3955E-013
4956 5.3819E-013
4959 5.3099E-013
4962 5.3285E-013
4964 5.4055E-013
4967 5.4017E-013
4970 5.3853E-013
4973 5.4179E-013
4975 5.3863E-013
4978 5.3970E-013
4981 5.4031E-013
4984 5.3425E-013
4986 5.3383E-013
4989 5.3520E-013
4992 5.3484E-013
4995 5.3566E-013
4997 5.3947E-013
5000 5.3634E-013
5003 5.3179E-013
5006 5.3219E-013
5008 5.2752E-013
5011 5.3062E-013
5014 5.2836E-013
5017 5.2597E-013
5019 5.2849E-013
5022 5.3176E-013
5025 5.3651E-013
5028 5.2672E-013
5030 5.3023E-013
5033 5.2885E-013
5036 5.3355E-013
5039 5.3392E-013
5041 5.2533E-013
5044 5.2528E-013
5047 5.3237E-013
5049 5.3543E-013
5052 5.2752E-013
5055 5.2995E-013
5058 5.3451E-013
5060 5.3529E-013
5063 5.3227E-013
5066 5.3126E-013
5069 5.3044E-013
5071 5.2887E-013
5074 5.2814E-013
5077 5.2889E-013
5080 5.2879E-013
5082 5.2461E-013
5085 5.2264E-013
5088 5.3023E-013
5091 5.2996E-013
5093 5.2985E-013
5096 5.2375E-013
5099 5.2664E-013
5102 5.2705E-013
5104 5.2881E-013
5107 5.2781E-013
5110 5.2559E-013
5113 5.2362E-013
5115 5.2565E-013
5118 5.2601E-013
5121 5.2633E-013
5124 5.2612E-013
5126 5.2259E-013
5129 5.1798E-013
5132 5.2264E-013
5135 5.2064E-013
5137 5.1710E-013
5140 5.1254E-013
5143 5.1406E-013
5145 5.1766E-013
5148 5.1993E-013
5151 5.2196E-013
5154 5.2028E-013
5156 5.2013E-013
5159 5.2076E-013
5162 5.1882E-013
5165 5.1334E-013
5167 5.0190E-013
5170 4.8155E-013
5173 4.8790E-013
5176 4.8654E-013
5178 5.0976E-013
5181 5.1003E-013
5184 4.9937E-013
5187 4.9721E-013
5189 5.0441E-013
5192 5.0604E-013
5195 5.0446E-013
5198 5.0852E-013
5200 5.1338E-013
5203 5.1029E-013
5206 5.0788E-013
5209 5.0540E-013
5211 5.0653E-013
5214 5.1170E-013
5217 5.1349E-013
5220 5.1179E-013
5222 5.1452E-013
5225 5.1504E-013
5228 5.0641E-013
5230 5.0447E-013
5233 5.0714E-013
5236 5.0469E-013
5239 5.1147E-013
5241 5.1486E-013
5244 5.1453E-013
5247 5.1206E-013
5250 5.1335E-013
5252 5.1052E-013
5255 5.1289E-013
5258 5.1139E-013
5261 5.1234E-013
5263 5.0302E-013
5266 4.9537E-013
5269 4.9336E-013
5272 4.8630E-013
5274 5.0075E-013
5277 5.0482E-013
5280 5.0744E-013
5283 5.0723E-013
5285 5.0498E-013
5288 5.0961E-013
5291 5.1085E-013
5293 5.1372E-013
5296 5.0932E-013
5299 5.0876E-013
5302 5.0897E-013
5304 5.0722E-013
5307 5.0876E-013
5310 5.0969E-013
5313 5.0885E-013
5315 5.0518E-013
5318 5.0378E-013
5321 5.0766E-013
5324 5.0446E-013
5326 4.9777E-013
5329 4.9156E-013
5332 4.9708E-013
5335 4.9763E-013
5337 5.0031E-013
5340 5.0031E-013
5343 4.9589E-013
5346 4.9973E-013
5348 5.0007E-013
5351 5.0252E-013
5354 5.0657E-013
5357 4.9794E-013
5359 5.0455E-013
5362 5.0406E-013
5365 5.0055E-013
5367 5.0107E-013
5370 4.9910E-013
5373 4.9281E-013
5376 4.9366E-013
5378 5.0305E-013
5381 5.0089E-013
5384 4.9737E-013
5387 4.9676E-013
5389 4.9777E-013
5392 4.9927E-013
5395 4.9685E-013
5398 4.9318E-013
5400 4.8958E-013
5403 4.8907E-013
5406 4.8907E-013
5409 4.9316E-013
5411 4.9245E-013
5414 4.9334E-013
5417 4.9420E-013
5420 4.9881E-013
5422 4.9692E-013
5425 4.9507E-013
5428 4.9236E-013
5430 4.9249E-013
5433 4.9319E-013
5436 4.9050E-013
5439 4.9403E-013
5441 4.9279E-013
5444 4.9332E-013
5447 4.9090E-013
5450 4.9052E-013
5451 4.8585E-013
5456 4.8565E-013
5461 4.8697E-013
5466 4.9216E-013
5471 4.8840E-013
5476 4.8713E-013
5481 4.9122E-013
5485 4.9056E-013
5490 4.8973E-013
5495 4.9026E-013
5500 4.8782E-013
5505 4.8867E-013
5510 4.8649E-013
5515 4.8663E-013
5519 4.8835E-013
5524 4.8728E-013
5529 4.8644E-013
5534 4.8445E-013
5539 4.8309E-013
5544 4.7940E-013
5549 4.8407E-013
5554 4.8604E-013
5558 4.8575E-013
5563 4.8097E-013
5568 4.7808E-013
5573 4.7901E-013
5578 4.7873E-013
5583 4.7847E-013
5588 4.7331E-013
5593 4.7030E-013
5597 4.7251E-013
5602 4.7293E-013
5607 4.7450E-013
5612 4.7580E-013
5617 4.7359E-013
5622 4.7233E-013
5627 4.7578E-013
5632 4.7574E-013
5636 4.7278E-013
5641 4.7009E-013
5646 4.7234E-013
5651 4.7278E-013
5656 4.7083E-013
5661 4.7177E-013
5666 4.6999E-013
5671 4.7087E-013
5675 4.7055E-013
5680 4.6976E-013
5685 4.6842E-013
5690 4.6648E-013
5695 4.6958E-013
5700 4.6790E-013
5705 4.6840E-013
5710 4.6693E-013
5714 4.6478E-013
5719 4.6673E-013
5724 4.6628E-013
5729 4.6627E-013
5734 4.6551E-013
5739 4.6445E-013
5744 4.6576E-013
5749 4.6550E-013
5753 4.6417E-013
5758 4.6474E-013
5763 4.6151E-013
5768 4.6190E-013
5773 4.6073E-013
5778 4.6160E-013
5783 4.6365E-013
5788 4.6010E-013
5792 4.5847E-013
5797 4.6031E-013
5802 4.5824E-013
5807 4.5920E-013
5812 4.5653E-013
5817 4.5767E-013
5822 4.5786E-013
5827 4.5598E-013
5831 4.5626E-013
5836 4.5330E-013
5841 4.5631E-013
5846 4.5368E-013
5851 4.5357E-013
5856 4.5070E-013
5861 4.4735E-013
5866 4.4935E-013
5870 4.5165E-013
5875 4.5252E-013
5880 4.5091E-013
5885 4.5089E-013
5890 4.4376E-013
5895 4.3852E-013
5900 4.4094E-013
5905 4.4606E-013
5909 4.4653E-013
5914 4.4882E-013
5919 4.4763E-013
5924 4.4761E-013
5929 4.4359E-013
5934 4.4557E-013
5939 4.4687E-013
5944 4.4778E-013
5948 4.4083E-013
5953 4.4399E-013
5958 4.4476E-013
5963 4.4319E-013
5968 4.4397E-013
5973 4.4400E-013
5978 4.4232E-013
5983 4.4109E-013
5987 4.4091E-013
5992 4.4083E-013
5997 4.3912E-013
6002 4.3961E-013
6007 4.3787E-013
6012 4.3759E-013
6017 4.3719E-013
6022 4.3800E-013
6026 4.3629E-013
6031 4.3554E-013
6036 4.3651E-013
6041 4.3454E-013
6046 4.4108E-013
6051 4.3505E-013
6056 4.3404E-013
6061 4.3088E-013
6065 4.3206E-013
6070 4.3121E-013
6075 4.3089E-013
6080 4.3006E-013
6085 4.3262E-013
6090 4.2923E-013
6095 4.2786E-013
6100 4.2609E-013
6104 4.2778E-013
6109 4.2869E-013
6114 4.2576E-013
6119 4.2413E-013
6124 4.2470E-013
6129 4.2313E-013
6134 4.2426E-013
6139 4.2699E-013
6144 4.2273E-013
6148 4.2298E-013
6153 4.2217E-013
6158 4.2161E-013
6163 4.2071E-013
6168 4.2005E-013
6173 4.2013E-013
6178 4.2207E-013
6183 4.2269E-013
6187 4.1953E-013
6192 4.2270E-013
6197 4.1997E-013
6202 4.2192E-013
6207 4.2094E-013
6212 4.1798E-013
6217 4.1889E-013
6222 4.1778E-013
6226 4.1708E-013
6231 4.1763E-013
6236 4.1781E-013
6241 4.1812E-013
6246 4.1297E-013
6251 4.1301E-013
6256 4.1224E-013
6261 4.1468E-013
6265 4.1290E-013
6270 4.1240E-013
6275 4.1548E-013
6280 4.1485E-013
6285 4.1321E-013
6290 4.1330E-013
6295 4.1339E-013
6300 4.1241E-013
6305 4.1366E-013
6309 4.0897E-013
6314 4.0918E-013
6319 4.0554E-013
6324 4.0306E-013
6329 4.0125E-013
6334 3.9945E-013
6339 3.9863E-013
6344 4.0292E-013
6348 4.0523E-013
6353 4.0600E-013
6358 4.0675E-013
6363 4.0534E-013
6368 4.0608E-013
6373 4.0302E-013
6378 4.0284E-013
6383 4.0369E-013
6387 4.0356E-013
6392 4.0251E-013
6397 4.0023E-013
6402 4.0349E-013
6407 4.0039E-013
6412 3.9596E-013
6417 3.9584E-013
6422 3.9703E-013
6426 3.9854E-013
6431 3.9665E-013
6436 3.9551E-013
6441 3.9449E-013
6446 3.9371E-013
6451 3.9005E-013
6456 3.9200E-013
6461 3.9236E-013
6466 3.9057E-013
6470 3.9255E-013
6475 3.9314E-013
6480 3.9230E-013
6485 3.9011E-013
6490 3.9111E-013
6495 3.8887E-013
6500 3.8833E-013
6505 3.8894E-013
6509 3.8841E-013
6514 3.8888E-013
6519 3.8846E-013
6524 3.8583E-013
6529 3.8474E-013
6534 3.8603E-013
6539 3.8593E-013
6544 3.8150E-013
6549 3.7444E-013
6553 3.6517E-013
6558 3.4460E-013
6563 3.2163E-013
6568 3.2021E-013
6573 3.4364E-013
6578 3.6095E-013
6583 3.7122E-013
6588 3.7509E-013
6592 3.7900E-013
6597 3.7583E-013
6602 3.8121E-013
6607 3.8000E-013
6612 3.8081E-013
6617 3.7981E-013
6622 3.8147E-013
6627 3.7976E-013
6631 3.8150E-013
6636 3.7789E-013
6641 3.7635E-013
6646 3.7832E-013
6651 3.7709E-013
6656 3.7763E-013
6661 3.7664E-013
6666 3.7760E-013
6671 3.7750E-013
6675 3.7613E-013
6680 3.7407E-013
6685 3.7714E-013
6690 3.7723E-013
6695 3.7674E-013
6700 3.7625E-013
6705 3.7405E-013
6710 3.7302E-013
6714 3.7354E-013
6719 3.7400E-013
6724 3.7231E-013
6729 3.7021E-013
6734 3.7193E-013
6739 3.7122E-013
6744 3.7142E-013
6749 3.7213E-013
6754 3.7062E-013
6758 3.6941E-013
6763 3.7046E-013
6768 3.7078E-013
6773 3.6950E-013
6778 3.6821E-013
6783 3.6898E-013
6788 3.6701E-013
6793 3.6661E-013
6797 3.6709E-013
6802 3.6742E-013
6807 3.6690E-013
6812 3.6602E-013
6817 3.6641E-013
6822 3.6405E-013
6827 3.6324E-013
6832 3.6302E-013
6837 3.6388E-013
6841 3.6259E-013
6846 3.6276E-013
6851 3.6227E-013
6856 3.6076E-013
6861 3.6047E-013
6866 3.5886E-013
6871 3.6119E-013
6876 3.6074E-013
6880 3.6091E-013
6885 3.5786E-013
6890 3.5965E-013
6895 3.5828E-013
6900 3.5939E-013
6905 3.5779E-013
6910 3.5862E-013
6915 3.5748E-013
6920 3.5739E-013
6924 3.5509E-013
6929 3.5411E-013
6934 3.5639E-013
6939 3.5354E-013
6944 3.5433E-013
6949 3.5369E-013
6954 3.5170E-013
6959 3.5091E-013
6963 3.5348E-013
6968 3.5451E-013
6973 3.5268E-013
6978 3.5155E-013
6983 3.5145E-013
6988 3.5202E-013
6993 3.4913E-013
6998 3.5024E-013
7003 3.4845E-013
7007 3.4882E-013
7012 3.4813E-013
7017 3.4882E-013
7022 3.4762E-013
7027 3.4696E-013
7032 3.4748E-013
7037 3.4669E-013
7042 3.4548E-013
7047 3.4716E-013
7051 3.4320E-013
7056 3.4567E-013
7061 3.4631E-013
7066 3.4365E-013
7071 3.4416E-013
7076 3.4360E-013
7081 3.4300E-013
7086 3.4379E-013
7090 3.4036E-013
7095 3.4173E-013
7100 3.4069E-013
7105 3.4121E-013
7110 3.4175E-013
7115 3.4034E-013
7120 3.3830E-013
7125 3.4037E-013
7130 3.3982E-013
7134 3.3836E-013
7139 3.3753E-013
7144 3.3807E-013
7149 3.3793E-013
7154 3.3623E-013
7159 3.3521E-013
7164 3.3598E-013
7169 3.3800E-013
7173 3.3314E-013
7178 3.3339E-013
7183 3.3245E-013
7188 3.3314E-013
7193 3.3311E-013
7198 3.3275E-013
7203 3.3282E-013
7208 3.3485E-013
7213 3.3365E-013
7217 3.3429E-013
7222 3.3198E-013
7227 3.3030E-013
7232 3.3082E-013
7237 3.3007E-013
7242 3.2933E-013
7247 3.3017E-013
7252 3.2754E-013
7257 3.2775E-013
7261 3.2791E-013
7266 3.2850E-013
7271 3.2678E-013
7276 3.2864E-013
7281 3.2683E-013
7286 3.2701E-013
7291 3.2434E-013
7296 3.2475E-013
7300 3.2501E-013
7305 3.2460E-013
7310 3.2448E-013
7315 3.2359E-013
7320 3.2421E-013
7325 3.2381E-013
7330 3.2392E-013
7335 3.2248E-013
7340 3.2334E-013
7344 3.2219E-013
7349 3.2053E-013
7354 3.2171E-013
7359 3.1977E-013
7364 3.2214E-013
7369 3.2194E-013
7374 3.1988E-013
7379 3.1893E-013
7384 3.1782E-013
7388 3.1963E-013
7393 3.1728E-013
7398 3.1793E-013
7403 3.1674E-013
7408 3.1629E-013
7413 3.1478E-013
7418 3.1639E-013
7423 3.1483E-013
7427 3.1435E-013
7432 3.1501E-013
7437 3.1534E-013
7442 3.1413E-013
7447 3.1373E-013
7452 3.1288E-013
7457 3.1378E-013
7462 3.1254E-013
7467 3.1322E-013
7471 3.1336E-013
7476 3.1221E-013
7481 3.1146E-013
7486 3.1124E-013
7491 3.1030E-013
7496 3.0965E-013
7501 3.0896E-013
7506 3.1035E-013
7511 3.0992E-013
7515 3.0836E-013
7520 3.1026E-013
7525 3.0874E-013
7530 3.0786E-013
7535 3.0644E-013
7540 3.0645E-013
7545 3.0733E-013
7550 3.0768E-013
7554 3.0634E-013
7559 3.0608E-013
7564 3.0615E-013
7569 3.0594E-013
7574 3.0422E-013
7579 3.0369E-013
7584 3.0419E-013
7589 3.0360E-013
7594 3.0467E-013
7598 3.0225E-013
7603 3.0260E-013
7608 3.0126E-013
7613 3.0019E-013
7618 3.0057E-013
7623 3.0066E-013
7628 3.0050E-013
7633 3.0105E-013
7638 3.0039E-013
7642 2.9925E-013
7647 3.0017E-013
7652 2.9934E-013
7657 2.9814E-013
7662 2.9733E-013
7667 2.9701E-013
7672 2.9738E-013
7677 2.9783E-013
7681 2.9774E-013
7686 2.9690E-013
7691 2.9634E-013
7696 2.9641E-013
7701 2.9587E-013
7706 2.9543E-013
7711 2.9628E-013
7716 2.9462E-013
7721 2.9520E-013
7725 2.9510E-013
7730 2.9519E-013
7735 2.9643E-013
7740 2.9452E-013
7745 2.9380E-013
7750 2.9277E-013
7755 2.9317E-013
7760 2.9097E-013
7765 2.9341E-013
7769 2.9219E-013
7774 2.9161E-013
7779 2.8972E-013
7784 2.9014E-013
7789 2.8984E-013
7794 2.8999E-013
7799 2.8841E-013
7804 2.9021E-013
7809 2.8895E-013
7813 2.8882E-013
7818 2.8906E-013
7823 2.8845E-013
7828 2.8894E-013
7833 2.8964E-013
7838 2.8807E-013
7843 2.8770E-013
7848 2.8567E-013
7852 2.8488E-013
7857 2.8675E-013
7862 2.8566E-013
7867 2.8558E-013
7872 2.8507E-013
7877 2.8367E-013
7882 2.8292E-013
7887 2.8148E-013
7892 2.8331E-013
7896 2.8341E-013
7901 2.8454E-013
7906 2.8392E-013
7911 2.8376E-013
7916 2.8061E-013
7921 2.7966E-013
7926 2.8072E-013
7931 2.8179E-013
7936 2.7890E-013
7940 2.8009E-013
7945 2.8025E-013
7950 2.7802E-013
7955 2.8146E-013
7960 2.7798E-013
7965 2.7780E-013
7970 2.7754E-013
7975 2.7666E-013
7979 2.7811E-013
7984 2.7810E-013
7989 2.7870E-013
7994 2.7851E-013
7999 2.7586E-013
8004 2.7510E-013
8009 2.7484E-013
8014 2.7591E-013
8019 2.7553E-013
8023 2.7640E-013
8028 2.7529E-013
8033 2.7668E-013
8038 2.7247E-013
8043 2.7123E-013
8048 2.7286E-013
8053 2.7122E-013
8058 2.7135E-013
8063 2.7122E-013
8067 2.7115E-013
8072 2.7036E-013
8077 2.6931E-013
8082 2.6911E-013
8087 2.6969E-013
8092 2.6860E-013
8097 2.6976E-013
8102 2.6841E-013
8106 2.6967E-013
8111 2.6892E-013
8116 2.6849E-013
8121 2.6947E-013
8126 2.6966E-013
8131 2.6852E-013
8136 2.6873E-013
8141 2.6610E-013
8146 2.6555E-013
8150 2.6595E-013
8155 2.6604E-013
8160 2.6638E-013
8165 2.6564E-013
8170 2.6462E-013
8175 2.6351E-013
8180 2.6500E-013
8185 2.6467E-013
8190 2.6314E-013
8194 2.6436E-013
8199 2.6205E-013
8204 2.6281E-013
8209 2.6154E-013
8214 2.6201E-013
8219 2.6090E-013
8224 2.6054E-013
8229 2.6023E-013
8234 2.6047E-013
8238 2.5956E-013
8243 2.5921E-013
8248 2.5919E-013
8253 2.5946E-013
8258 2.5922E-013
8263 2.5851E-013
8268 2.5831E-013
8273 2.5797E-013
8277 2.5707E-013
8282 2.5849E-013
8287 2.5768E-013
8292 2.5678E-013
8297 2.5437E-013
8302 2.5564E-013
8307 2.5701E-013
8312 2.5701E-013
8317 2.5535E-013
8321 2.5651E-013
8326 2.5525E-013
8331 2.5367E-013
8336 2.5296E-013
8341 2.5456E-013
8346 2.5138E-013
8351 2.5139E-013
8356 2.5253E-013
8361 2.5285E-013
8365 2.5132E-013
8370 2.5039E-013
8375 2.5057E-013
8380 2.5224E-013
8385 2.5169E-013
8390 2.5254E-013
8395 2.5072E-013
8400 2.5297E-013
8404 2.5307E-013
8409 2.5033E-013
8414 2.5067E-013
8419 2.4978E-013
8424 2.4951E-013
8429 2.5136E-013
8434 2.4855E-013
8439 2.4907E-013
8444 2.4628E-013
8448 2.4617E-013
8453 2.4612E-013
8458 2.4659E-013
8463 2.4560E-013
8468 2.4777E-013
8473 2.4778E-013
8478 2.4751E-013
8483 2.4673E-013
8488 2.4450E-013
8492 2.4482E-013
8497 2.4433E-013
8502 2.3788E-013
8507 2.3870E-013
8512 2.4240E-013
8517 2.4303E-013
8522 2.4239E-013
8527 2.4135E-013
8531 2.4015E-013
8536 2.3828E-013
8541 2.3207E-013
8546 2.2852E-013
8551 2.2704E-013
8556 2.3869E-013
8561 2.3886E-013
8566 2.4042E-013
8571 2.4319E-013
8575 2.4253E-013
8580 2.4237E-013
8585 2.4053E-013
8590 2.4027E-013
8595 2.3932E-013
8600 2.3926E-013
8605 2.3845E-013
8610 2.3762E-013
8614 2.3841E-013
8619 2.3745E-013
8624 2.3933E-013
8629 2.3783E-013
8634 2.3740E-013
8639 2.3629E-013
8644 2.3504E-013
8649 2.3416E-013
8654 2.3508E-013
8658 2.3125E-013
8663 2.2425E-013
8668 2.2323E-013
8673 2.2844E-013
8678 2.3129E-013
8683 2.3208E-013
8688 2.3531E-013
8693 2.3364E-013
8698 2.3482E-013
8702 2.3416E-013
8707 2.3450E-013
8712 2.3572E-013
8717 2.3435E-013
8722 2.3305E-013
8727 2.3354E-013
8732 2.3149E-013
8737 2.3220E-013
8741 2.3264E-013
8746 2.3088E-013
8751 2.2877E-013
8756 2.2811E-013
8761 2.3017E-013
8766 2.3166E-013
8771 2.3214E-013
8776 2.3231E-013
8781 2.3040E-013
8785 2.3152E-013
8790 2.2967E-013
8795 2.2973E-013
8800 2.2950E-013
8805 2.2969E-013
8810 2.2787E-013
8815 2.2827E-013
8820 2.2780E-013
8824 2.2800E-013
8829 2.2777E-013
8834 2.2910E-013
8839 2.2763E-013
8844 2.2793E-013
8849 2.2859E-013
8854 2.2508E-013
8859 2.2474E-013
8864 2.2217E-013
8868 2.2175E-013
8873 2.2231E-013
8878 2.2475E-013
8883 2.2521E-013
8888 2.2659E-013
8893 2.2609E-013
8898 2.2386E-013
8903 2.2300E-013
8907 2.2336E-013
8912 2.2456E-013
8917 2.2468E-013
8922 2.2535E-013
8927 2.2562E-013
8932 2.2426E-013
8937 2.2229E-013
8942 2.2273E-013
8947 2.2248E-013
8951 2.2384E-013
8956 2.2236E-013
8961 2.2544E-013
8966 2.2247E-013
8971 2.2258E-013
8976 2.2189E-013
8981 2.2208E-013
8986 2.2094E-013
8990 2.2025E-013
8995 2.2081E-013
9000 2.1734E-013
9005 2.1725E-013
9010 2.1607E-013
9015 2.1370E-013
9020 2.1398E-013
9025 2.1628E-013
9030 2.1743E-013
9034 2.1730E-013
9039 2.1986E-013
9044 2.1855E-013
9049 2.1771E-013
9054 2.1928E-013
9059 2.1665E-013
9064 2.1592E-013
9069 2.1653E-013
9073 2.1631E-013
9078 2.2001E-013
9083 2.1732E-013
9088 2.1480E-013
9093 2.1358E-013
9098 2.1352E-013
9103 2.1500E-013
9108 2.1459E-013
9113 2.1407E-013
9117 2.1562E-013
9122 2.1574E-013
9127 2.1415E-013
9132 2.1403E-013
9137 2.1431E-013
9142 2.1395E-013
9147 2.1343E-013
9152 2.1463E-013
9156 2.1394E-013
9161 2.1515E-013
9166 2.1488E-013
9171 2.1246E-013
9176 2.1099E-013
9181 2.1166E-013
9186 2.1019E-013
9191 2.1241E-013
9195 2.1431E-013
9200 2.1168E-013
9205 2.1082E-013
9210 2.0863E-013
9215 2.0642E-013
9220 2.0482E-013
9225 2.0496E-013
9230 2.0386E-013
9235 2.0184E-013
9239 2.0297E-013
9244 2.0294E-013
9249 2.0405E-013
9254 2.0613E-013
9259 2.0626E-013
9264 2.0847E-013
9269 2.0578E-013
9274 2.0638E-013
9278 2.0743E-013
9283 2.0705E-013
9288 2.0821E-013
9293 2.1088E-013
9298 2.0837E-013
9303 2.0683E-013
9308 2.0742E-013
9313 2.0646E-013
9318 2.0490E-013
9322 2.0434E-013
9327 2.0543E-013
9332 2.0681E-013
9337 2.0574E-013
9342 2.0551E-013
9347 2.0306E-013
9352 2.0493E-013
9357 2.0556E-013
9361 2.0486E-013
9366 2.0361E-013
9371 2.0331E-013
9376 2.0186E-013
9381 2.0054E-013
9386 2.0097E-013
9391 2.0036E-013
9396 2.0123E-013
9400 2.0125E-013
9405 2.0208E-013
9410 2.0041E-013
9415 2.0064E-013
9420 1.9886E-013
9425 1.9827E-013
9430 1.9972E-013
9435 1.9953E-013
9439 2.0152E-013
9444 2.0129E-013
9449 2.0027E-013
9454 1.9911E-013
9459 1.9868E-013
9464 2.0037E-013
9469 1.9991E-013
9474 2.0049E-013
9479 2.0106E-013
9483 2.0005E-013
9488 1.9798E-013
9493 1.9759E-013
9498 1.9661E-013
9503 1.9699E-013
9508 1.9570E-013
9513 1.9724E-013
9518 1.9642E-013
9522 1.9621E-013
9527 1.9310E-013
9532 1.9454E-013
9537 1.9315E-013
9542 1.9100E-013
9547 1.8783E-013
9552 1.8497E-013
9557 1.8703E-013
9561 1.8824E-013
9566 1.9127E-013
9571 1.9289E-013
9576 1.9276E-013
9581 1.9318E-013
9586 1.9128E-013
9591 1.9225E-013
9596 1.9213E-013
9600 1.9230E-013
9605 1.9235E-013
9610 1.9323E-013
9615 1.9121E-013
9620 1.9566E-013
9625 1.9308E-013
9630 1.9455E-013
9635 1.9261E-013
9640 1.9057E-013
9644 1.8999E-013
9649 1.8921E-013
9654 1.8982E-013
9659 1.8761E-013
9664 1.8893E-013
9669 1.8921E-013
9674 1.9002E-013
9679 1.8842E-013
9683 1.8780E-013
9688 1.8960E-013
9693 1.8930E-013
9698 1.9002E-013
9703 1.8989E-013
9708 1.8915E-013
9713 1.8653E-013
9718 1.8642E-013
9722 1.8670E-013
9727 1.8489E-013
9732 1.8760E-013
9737 1.8840E-013
9742 1.8622E-013
9747 1.8658E-013
9752 1.8561E-013
9757 1.8705E-013
9761 1.8685E-013
9766 1.8481E-013
9771 1.8533E-013
9776 1.8600E-013
9781 1.8726E-013
9786 1.8606E-013
9791 1.8745E-013
9796 1.8653E-013
9800 1.8461E-013
9805 1.8463E-013
9810 1.8352E-013
9815 1.8365E-013
9820 1.8273E-013
9825 1.8068E-013
9830 1.8105E-013
9835 1.8066E-013
9839 1.8252E-013
9844 1.8278E-013
9849 1.8251E-013
9854 1.8206E-013
9859 1.8145E-013
9864 1.8326E-013
9869 1.8301E-013
9874 1.8023E-013
9878 1.7983E-013
9883 1.8282E-013
9888 1.8167E-013
9893 1.8119E-013
9898 1.8075E-013
9903 1.8101E-013
9908 1.7841E-013
9913 1.7923E-013
9917 1.7987E-013
9922 1.7669E-013
9927 1.7927E-013
9932 1.8098E-013
9937 1.8037E-013
9942 1.7707E-013
9947 1.8018E-013
9952 1.8030E-013
9956 1.7789E-013
9961 1.7820E-013
9966 1.8021E-013
9971 1.7894E-013
9976 1.7792E-013
9981 1.7615E-013
9986 1.7749E-013
9991 1.7728E-013
9995 1.7754E-013
1E+004 1.7918E-013
1.001E+004 1.7755E-013
1.001E+004 1.7943E-013
1.001E+004 1.7641E-013
1.002E+004 1.7603E-013
1.002E+004 1.7472E-013
1.003E+004 1.7296E-013
1.003E+004 1.7272E-013
1.004E+004 1.7165E-013
1.004E+004 1.7100E-013
1.005E+004 1.6760E-013
1.005E+004 1.6291E-013
1.006E+004 1.6542E-013
1.006E+004 1.6842E-013
1.007E+004 1.6948E-013
1.007E+004 1.6916E-013
1.008E+004 1.7172E-013
1.008E+004 1.6995E-013
1.009E+004 1.7098E-013
1.009E+004 1.6999E-013
1.01E+004 1.7108E-013
1.01E+004 1.7082E-013
1.011E+004 1.7245E-013
1.011E+004 1.7152E-013
1.012E+004 1.7176E-013
1.013E+004 1.7109E-013
1.018E+004 1.6879E-013
1.023E+004 1.6713E-013
1.028E+004 1.6550E-013
1.033E+004 1.6367E-013
1.038E+004 1.6190E-013
1.043E+004 1.5996E-013
1.048E+004 1.5860E-013
1.053E+004 1.5684E-013
1.058E+004 1.5505E-013
1.063E+004 1.5340E-013
1.068E+004 1.5117E-013
1.073E+004 1.4947E-013
1.078E+004 1.4850E-013
1.083E+004 1.4646E-013
1.088E+004 1.4502E-013
1.093E+004 1.3958E-013
1.098E+004 1.4146E-013
1.103E+004 1.4105E-013
1.108E+004 1.3956E-013
1.113E+004 1.3819E-013
1.118E+004 1.3674E-013
1.123E+004 1.3519E-013
1.128E+004 1.3369E-013
1.133E+004 1.3243E-013
1.138E+004 1.3121E-013
1.143E+004 1.2969E-013
1.148E+004 1.2893E-013
1.153E+004 1.2753E-013
1.158E+004 1.2638E-013
1.163E+004 1.2442E-013
1.168E+004 1.2364E-013
1.173E+004 1.2242E-013
1.178E+004 1.2109E-013
1.183E+004 1.1981E-013
1.188E+004 1.1869E-013
1.193E+004 1.1776E-013
1.198E+004 1.1603E-013
1.203E+004 1.1524E-013
1.208E+004 1.1393E-013
1.213E+004 1.1354E-013
1.218E+004 1.1259E-013
1.223E+004 1.1142E-013
1.228E+004 1.1038E-013
1.233E+004 1.0930E-013
1.238E+004 1.0850E-013
1.243E+004 1.0715E-013
1.248E+004 1.0635E-013
1.253E+004 1.0533E-013
1.258E+004 1.0434E-013
1.263E+004 1.0328E-013
1.268E+004 1.0238E-013
1.273E+004 1.0162E-013
1.278E+004 1.0032E-013
1.283E+004 9.4301E-014
1.288E+004 9.8398E-014
1.293E+004 9.7981E-014
1.298E+004 9.7027E-014
1.303E+004 9.6052E-014
1.308E+004 9.5329E-014
1.313E+004 9.4133E-014
1.318E+004 9.3663E-014
1.323E+004 9.2831E-014
1.328E+004 9.2009E-014
1.333E+004 9.1034E-014
1.338E+004 9.0407E-014
1.343E+004 8.9522E-014
1.348E+004 8.8830E-014
1.353E+004 8.7912E-014
1.358E+004 8.7189E-014
1.363E+004 8.6522E-014
1.368E+004 8.5619E-014
1.373E+004 8.5132E-014
1.378E+004 8.4183E-014
1.383E+004 8.3569E-014
1.388E+004 8.2919E-014
1.393E+004 8.2309E-014
1.398E+004 8.1676E-014
1.403E+004 8.0614E-014
1.408E+004 8.0217E-014
1.413E+004 7.9371E-014
1.418E+004 7.8724E-014
1.423E+004 7.7939E-014
1.428E+004 7.7439E-014
1.433E+004 7.6636E-014
1.438E+004 7.5912E-014
1.443E+004 7.5554E-014
1.448E+004 7.4670E-014
1.453E+004 7.4197E-014
1.457E+004 7.3613E-014
1.462E+004 7.3070E-014
1.468E+004 7.2495E-014
1.473E+004 7.1732E-014
1.478E+004 7.1214E-014
1.483E+004 7.0720E-014
1.488E+004 6.9645E-014
1.493E+004 6.9669E-014
1.498E+004 6.9072E-014
1.503E+004 6.7798E-014
1.508E+004 6.7650E-014
1.513E+004 6.7431E-014
1.518E+004 6.6754E-014
1.523E+004 6.6402E-014
1.528E+004 6.5725E-014
1.533E+004 6.5129E-014
1.538E+004 6.4788E-014
1.543E+004 6.4107E-014
1.548E+004 6.3617E-014
1.553E+004 6.3142E-014
1.558E+004 6.2337E-014
1.563E+004 6.1968E-014
1.568E+004 6.1411E-014
1.573E+004 6.0460E-014
1.578E+004 6.0063E-014
1.583E+004 5.9927E-014
1.588E+004 5.8253E-014
1.593E+004 5.8501E-014
1.598E+004 5.8561E-014
1.605E+004 5.7579E-014
1.615E+004 5.5789E-014
1.625E+004 5.6057E-014
1.635E+004 5.4388E-014
1.645E+004 5.2446E-014
1.655E+004 5.2760E-014
1.665E+004 5.1714E-014
1.675E+004 4.9960E-014
1.685E+004 4.8088E-014
1.695E+004 4.8573E-014
1.705E+004 4.7579E-014
1.715E+004 4.6649E-014
1.725E+004 4.5576E-014
1.735E+004 4.2875E-014
1.745E+004 4.3623E-014
1.755E+004 4.3005E-014
1.765E+004 4.2164E-014
1.775E+004 4.1377E-014
1.785E+004 4.0519E-014
1.795E+004 3.9710E-014
1.805E+004 3.8948E-014
1.815E+004 3.6653E-014
1.825E+004 3.7153E-014
1.835E+004 3.6744E-014
1.845E+004 3.5989E-014
1.855E+004 3.5377E-014
1.865E+004 3.4513E-014
1.875E+004 3.2101E-014
1.885E+004 3.3198E-014
1.895E+004 3.2647E-014
1.905E+004 3.2166E-014
1.915E+004 3.1622E-014
1.925E+004 3.0929E-014
1.935E+004 3.0310E-014
1.945E+004 2.8390E-014
1.955E+004 2.9218E-014
1.965E+004 2.8739E-014
1.975E+004 2.8239E-014
1.985E+004 2.7725E-014
1.995E+004 2.7282E-014
2.005E+004 2.6821E-014
2.015E+004 2.6350E-014
2.025E+004 2.5828E-014
2.035E+004 2.5423E-014
2.045E+004 2.4982E-014
2.055E+004 2.4534E-014
2.065E+004 2.4075E-014
2.075E+004 2.3723E-014
2.085E+004 2.3293E-014
2.095E+004 2.2850E-014
2.105E+004 2.2525E-014
2.115E+004 2.2109E-014
2.125E+004 2.1722E-014
2.135E+004 2.1403E-014
2.145E+004 2.1032E-014
2.155E+004 2.0662E-014
2.165E+004 1.9405E-014
2.175E+004 1.9914E-014
2.185E+004 1.9629E-014
2.195E+004 1.9352E-014
2.205E+004 1.8991E-014
2.215E+004 1.8708E-014
2.225E+004 1.8396E-014
2.235E+004 1.8113E-014
2.245E+004 1.7792E-014
2.255E+004 1.7531E-014
2.265E+004 1.7240E-014
2.275E+004 1.6969E-014
2.285E+004 1.6687E-014
2.295E+004 1.6375E-014
2.305E+004 1.6167E-014
2.315E+004 1.5911E-014
2.325E+004 1.5562E-014
2.335E+004 1.5378E-014
2.345E+004 1.5185E-014
2.355E+004 1.4834E-014
2.365E+004 1.4675E-014
2.375E+004 1.4468E-014
2.385E+004 1.4148E-014
2.395E+004 1.3995E-014
2.405E+004 1.3830E-014
2.415E+004 1.3524E-014
2.425E+004 1.3371E-014
2.435E+004 1.3171E-014
2.445E+004 1.2944E-014
2.455E+004 1.2741E-014
2.465E+004 1.2579E-014
2.475E+004 1.2394E-014
2.485E+004 1.2168E-014
2.495E+004 1.2032E-014
2.505E+004 1.1886E-014
2.515E+004 1.1681E-014
2.525E+004 1.1521E-014
2.535E+004 1.1370E-014
2.545E+004 1.1183E-014
2.555E+004 1.1020E-014
2.565E+004 1.0840E-014
2.575E+004 1.0747E-014
2.585E+004 1.0543E-014
2.595E+004 1.0433E-014
2.605E+004 1.0283E-014
2.615E+004 1.0067E-014
2.625E+004 9.5426E-015
2.635E+004 9.8333E-015
2.645E+004 9.7041E-015
2.655E+004 9.5883E-015
2.665E+004 9.4055E-015
2.675E+004 9.2344E-015
2.685E+004 9.2083E-015
2.695E+004 9.0816E-015
2.705E+004 8.9609E-015
2.715E+004 8.8433E-015
2.725E+004 8.7180E-015
2.735E+004 8.6090E-015
2.745E+004 8.4874E-015
2.755E+004 8.2541E-015
2.765E+004 8.2207E-015
2.775E+004 8.1437E-015
2.785E+004 8.0435E-015
2.795E+004 7.9481E-015
2.805E+004 7.8349E-015
2.815E+004 7.7359E-015
2.825E+004 7.6309E-015
2.835E+004 7.5284E-015
2.845E+004 7.4345E-015
2.855E+004 7.3309E-015
2.865E+004 7.2135E-015
2.875E+004 7.0135E-015
2.885E+004 7.0510E-015
2.895E+004 6.9638E-015
2.905E+004 6.8753E-015
2.915E+004 6.7898E-015
2.925E+004 6.6962E-015
2.935E+004 6.6170E-015
2.945E+004 6.5253E-015
2.955E+004 6.4499E-015
2.965E+004 6.3746E-015
2.975E+004 6.2937E-015
2.985E+004 6.2083E-015
2.995E+004 6.1246E-015
3.005E+004 6.0624E-015
3.015E+004 5.9796E-015
3.025E+004 5.9058E-015
3.035E+004 5.7268E-015
3.045E+004 5.7088E-015
3.055E+004 5.6882E-015
3.065E+004 5.6165E-015
3.075E+004 5.5519E-015
3.085E+004 5.4847E-015
3.095E+004 5.4180E-015
3.105E+004 5.3554E-015
3.115E+004 5.2700E-015
3.125E+004 5.2250E-015
3.135E+004 5.1689E-015
3.145E+004 5.0991E-015
3.155E+004 5.0329E-015
3.165E+004 4.9703E-015
3.175E+004 4.9244E-015
3.185E+004 4.8661E-015
3.195E+004 4.7920E-015
3.21E+004 4.7171E-015
3.23E+004 4.6129E-015
3.25E+004 4.5010E-015
3.27E+004 4.3999E-015
3.29E+004 4.2360E-015
3.31E+004 4.1826E-015
3.33E+004 4.1044E-015
3.35E+004 4.0153E-015
3.37E+004 3.9212E-015
3.39E+004 3.8332E-015
3.41E+004 3.7447E-015
3.43E+004 3.6677E-015
3.45E+004 3.5933E-015
3.47E+004 3.5112E-015
3.49E+004 3.4356E-015
3.51E+004 3.3659E-015
3.53E+004 3.2899E-015
3.55E+004 3.2167E-015
3.57E+004 3.1516E-015
3.59E+004 3.0848E-015
3.61E+004 3.0221E-015
3.63E+004 2.9597E-015
3.65E+004 2.8900E-015
3.67E+004 2.8328E-015
3.69E+004 2.7610E-015
3.71E+004 2.6983E-015
3.73E+004 2.6460E-015
3.75E+004 2.5642E-015
3.77E+004 2.5493E-015
3.79E+004 2.4990E-015
3.81E+004 2.4508E-015
3.83E+004 2.4069E-015
3.85E+004 2.3628E-015
3.87E+004 2.3113E-015
3.89E+004 2.2665E-015
3.91E+004 2.2225E-015
3.93E+004 2.1825E-015
3.95E+004 2.1359E-015
3.97E+004 2.0952E-015
3.99E+004 2.0494E-015
4.01E+004 2.0114E-015
4.03E+004 1.9768E-015
4.05E+004 1.9097E-015
4.07E+004 1.9038E-015
4.09E+004 1.8693E-015
4.11E+004 1.8369E-015
4.13E+004 1.8036E-015
4.15E+004 1.7683E-015
4.17E+004 1.7311E-015
4.19E+004 1.7026E-015
4.21E+004 1.6682E-015
4.23E+004 1.6389E-015
4.25E+004 1.6094E-015
4.27E+004 1.5808E-015
4.29E+004 1.5526E-015
4.31E+004 1.5250E-015
4.33E+004 1.4980E-015
4.35E+004 1.4717E-015
4.37E+004 1.4394E-015
4.39E+004 1.4199E-015
4.41E+004 1.3957E-015
4.43E+004 1.3717E-015
4.45E+004 1.3483E-015
4.47E+004 1.3254E-015
4.49E+004 1.3028E-015
4.51E+004 1.2807E-015
4.53E+004 1.2590E-015
4.55E+004 1.2379E-015
4.57E+004 1.2171E-015
4.59E+004 1.1968E-015
4.61E+004 1.1770E-015
4.63E+004 1.1575E-015
4.65E+004 1.1254E-015
4.67E+004 1.1129E-015
4.69E+004 1.1014E-015
4.71E+004 1.0836E-015
4.73E+004 1.0661E-015
4.75E+004 1.0488E-015
4.77E+004 1.0320E-015
4.79E+004 1.0155E-015
4.81E+004 9.9928E-016
4.83E+004 9.8344E-016
4.85E+004 9.6785E-016
4.87E+004 9.5260E-016
4.89E+004 9.3762E-016
4.91E+004 9.2298E-016
4.93E+004 9.0859E-016
4.95E+004 8.9447E-016
4.97E+004 8.8063E-016
4.99E+004 8.6715E-016
5.01E+004 8.5379E-016
5.03E+004 8.4078E-016
5.05E+004 8.2794E-016
5.07E+004 8.1542E-016
5.09E+004 8.0306E-016
5.11E+004 7.9090E-016
5.13E+004 7.7399E-016
5.15E+004 7.6750E-016
5.17E+004 7.5612E-016
5.19E+004 7.4490E-016
5.21E+004 7.3385E-016
5.23E+004 7.2305E-016
5.25E+004 7.1250E-016
5.27E+004 7.0207E-016
5.29E+004 6.9185E-016
5.31E+004 6.8185E-016
5.33E+004 6.7201E-016
5.35E+004 6.6231E-016
5.37E+004 6.5279E-016
5.39E+004 6.4346E-016
5.41E+004 6.3434E-016
5.43E+004 6.2531E-016
5.45E+004 6.1649E-016
5.47E+004 6.0770E-016
5.49E+004 5.9927E-016
5.51E+004 5.9089E-016
5.53E+004 5.8255E-016
5.55E+004 5.7457E-016
5.57E+004 5.6662E-016
5.59E+004 5.5874E-016
5.61E+004 5.5112E-016
5.63E+004 5.4354E-016
5.65E+004 5.3614E-016
5.67E+004 5.2884E-016
5.69E+004 5.2167E-016
5.71E+004 5.1434E-016
5.73E+004 5.0768E-016
5.75E+004 5.0087E-016
5.77E+004 4.9416E-016
5.79E+004 4.8758E-016
5.81E+004 4.8109E-016
5.83E+004 4.7472E-016
5.85E+004 4.6848E-016
5.87E+004 4.6231E-016
5.89E+004 4.5622E-016
5.91E+004 4.4720E-016
5.93E+004 4.4441E-016
5.95E+004 4.3812E-016
5.97E+004 4.3293E-016
5.99E+004 4.2737E-016
6.01E+004 4.2187E-016
6.03E+004 4.1647E-016
6.05E+004 4.1115E-016
6.07E+004 4.0590E-016
6.09E+004 4.0073E-016
6.11E+004 3.9564E-016
6.13E+004 3.9068E-016
6.15E+004 3.8577E-016
6.17E+004 3.8093E-016
6.19E+004 3.7617E-016
6.21E+004 3.7148E-016
6.23E+004 3.6683E-016
6.25E+004 3.6230E-016
6.27E+004 3.5783E-016
6.29E+004 3.5280E-016
6.31E+004 3.4909E-016
6.33E+004 3.4484E-016
6.35E+004 3.4063E-016
6.37E+004 3.3649E-016
6.39E+004 3.3241E-016
6.42E+004 3.2641E-016
6.46E+004 3.1861E-016
6.5E+004 3.1104E-016
6.54E+004 3.0372E-016
6.58E+004 2.9659E-016
6.62E+004 2.8967E-016
6.66E+004 2.8296E-016
6.7E+004 2.7643E-016
6.74E+004 2.7010E-016
6.78E+004 2.6360E-016
6.82E+004 2.5796E-016
6.86E+004 2.5215E-016
6.9E+004 2.4650E-016
6.94E+004 2.4101E-016
6.98E+004 2.3567E-016
7.02E+004 2.3008E-016
7.06E+004 2.2537E-016
7.1E+004 2.2054E-016
7.14E+004 2.1578E-016
7.18E+004 2.1110E-016
7.22E+004 2.0649E-016
7.26E+004 2.0208E-016
7.3E+004 1.9795E-016
7.34E+004 1.9354E-016
7.38E+004 1.8969E-016
7.42E+004 1.8553E-016
7.46E+004 1.8024E-016
7.5E+004 1.7683E-016
7.54E+004 1.7431E-016
7.58E+004 1.7083E-016
7.62E+004 1.6736E-016
7.66E+004 1.6402E-016
7.7E+004 1.6055E-016
7.74E+004 1.5748E-016
7.78E+004 1.5436E-016
7.82E+004 1.5130E-016
7.86E+004 1.4833E-016
7.9E+004 1.4540E-016
7.94E+004 1.4252E-016
7.98E+004 1.3980E-016
8.02E+004 1.3697E-016
8.06E+004 1.3426E-016
8.1E+004 1.3185E-016
8.14E+004 1.2910E-016
8.18E+004 1.2670E-016
8.22E+004 1.2446E-016
8.26E+004 1.2209E-016
8.3E+004 1.1983E-016
8.34E+004 1.1743E-016
8.38E+004 1.1534E-016
8.42E+004 1.1326E-016
8.46E+004 1.1119E-016
8.5E+004 1.0915E-016
8.54E+004 1.0717E-016
8.58E+004 1.0521E-016
8.62E+004 1.0331E-016
8.66E+004 1.0143E-016
8.7E+004 9.9682E-017
8.74E+004 9.7753E-017
8.78E+004 9.5995E-017
8.82E+004 9.4344E-017
8.86E+004 9.2595E-017
8.9E+004 9.1073E-017
8.94E+004 8.9518E-017
8.98E+004 8.7872E-017
9.02E+004 8.6453E-017
9.06E+004 8.5008E-017
9.1E+004 8.3420E-017
9.14E+004 8.2063E-017
9.18E+004 8.0724E-017
9.22E+004 7.9405E-017
9.26E+004 7.8049E-017
9.3E+004 7.6748E-017
9.34E+004 7.5453E-017
9.38E+004 7.4149E-017
9.42E+004 7.2973E-017
9.46E+004 7.1780E-017
9.5E+004 7.0558E-017
9.54E+004 6.9412E-017
9.58E+004 6.8333E-017
9.62E+004 6.7153E-017
9.66E+004 6.6136E-017
9.7E+004 6.5055E-017
9.74E+004 6.3874E-017
9.78E+004 6.2949E-017
9.82E+004 6.1970E-017
9.86E+004 6.1015E-017
9.9E+004 6.0073E-017
9.94E+004 5.9104E-017
9.98E+004 5.8151E-017
1.002E+005 5.7350E-017
1.005E+005 5.6508E-017
1.01E+005 5.5513E-017
1.015E+005 5.4461E-017
1.02E+005 5.3418E-017
1.025E+005 5.2396E-017
1.03E+005 5.1403E-017
1.035E+005 5.0442E-017
1.04E+005 4.9501E-017
1.045E+005 4.8576E-017
1.05E+005 4.7628E-017
1.055E+005 4.6785E-017
1.06E+005 4.5922E-017
1.065E+005 4.5075E-017
1.07E+005 4.4254E-017
1.075E+005 4.3462E-017
1.08E+005 4.2660E-017
1.085E+005 4.1891E-017
1.09E+005 4.1136E-017
1.095E+005 4.0419E-017
1.1E+005 3.9694E-017
1.105E+005 3.8992E-017
1.11E+005 3.8307E-017
1.115E+005 3.7647E-017
1.12E+005 3.6977E-017
1.125E+005 3.6347E-017
1.13E+005 3.5656E-017
1.135E+005 3.5094E-017
1.14E+005 3.4497E-017
1.145E+005 3.3905E-017
1.15E+005 3.3339E-017
1.155E+005 3.2757E-017
1.16E+005 3.2216E-017
1.165E+005 3.1675E-017
1.17E+005 3.1151E-017
1.175E+005 3.0628E-017
1.18E+005 3.0122E-017
1.185E+005 2.9625E-017
1.19E+005 2.9132E-017
1.195E+005 2.8658E-017
1.2E+005 2.8186E-017
1.205E+005 2.7736E-017
1.21E+005 2.7289E-017
1.215E+005 2.6850E-017
1.22E+005 2.6417E-017
1.225E+005 2.5996E-017
1.23E+005 2.5576E-017
1.235E+005 2.5161E-017
1.24E+005 2.4762E-017
1.245E+005 2.4379E-017
1.25E+005 2.4004E-017
1.255E+005 2.3633E-017
1.26E+005 2.3263E-017
1.265E+005 2.2901E-017
1.27E+005 2.2551E-017
1.275E+005 2.2205E-017
1.28E+005 2.1855E-017
1.285E+005 2.1531E-017
1.29E+005 2.1200E-017
1.295E+005 2.0882E-017
1.3E+005 2.0570E-017
1.305E+005 2.0259E-017
1.31E+005 1.9958E-017
1.315E+005 1.9660E-017
1.32E+005 1.9367E-017
1.325E+005 1.9080E-017
1.33E+005 1.8799E-017
1.335E+005 1.8522E-017
1.34E+005 1.8252E-017
1.345E+005 1.7987E-017
1.35E+005 1.7726E-017
1.355E+005 1.7467E-017
1.36E+005 1.7217E-017
1.365E+005 1.6969E-017
1.37E+005 1.6724E-017
1.375E+005 1.6488E-017
1.38E+005 1.6254E-017
1.385E+005 1.6023E-017
1.39E+005 1.5798E-017
1.395E+005 1.5574E-017
1.4E+005 1.5357E-017
1.405E+005 1.5139E-017
1.41E+005 1.4930E-017
1.415E+005 1.4722E-017
1.42E+005 1.4516E-017
1.425E+005 1.4319E-017
1.43E+005 1.4123E-017
1.435E+005 1.3930E-017
1.44E+005 1.3740E-017
1.445E+005 1.3553E-017
1.45E+005 1.3371E-017
1.455E+005 1.3189E-017
1.46E+005 1.3012E-017
1.465E+005 1.2836E-017
1.47E+005 1.2666E-017
1.475E+005 1.2495E-017
1.48E+005 1.2330E-017
1.485E+005 1.2167E-017
1.49E+005 1.2007E-017
1.495E+005 1.1847E-017
1.5E+005 1.1691E-017
1.505E+005 1.1543E-017
1.51E+005 1.1391E-017
1.515E+005 1.1244E-017
1.52E+005 1.1099E-017
1.525E+005 1.0955E-017
1.53E+005 1.0815E-017
1.535E+005 1.0676E-017
1.54E+005 1.0540E-017
1.545E+005 1.0405E-017
1.55E+005 1.0274E-017
1.555E+005 1.0144E-017
1.56E+005 1.0016E-017
1.565E+005 9.8897E-018
1.57E+005 9.7666E-018
1.575E+005 9.6438E-018
1.58E+005 9.5238E-018
1.585E+005 9.4059E-018
1.59E+005 9.2903E-018
1.595E+005 9.1750E-018
1.6E+005 9.0618E-018
1.605E+005 8.9491E-018
1.61E+005 8.8416E-018
1.615E+005 8.7331E-018
1.62E+005 8.6166E-018
1.625E+005 8.5222E-018
1.63E+005 8.4210E-018
1.635E+005 8.3194E-018
1.64E+005 8.2190E-018
1.645E+005 8.1199E-018
1.65E+005 8.0232E-018
1.655E+005 7.9290E-018
1.66E+005 7.8346E-018
1.665E+005 7.7421E-018
1.67E+005 7.6509E-018
1.675E+005 7.5610E-018
1.68E+005 7.4714E-018
1.685E+005 7.3828E-018
1.69E+005 7.2946E-018
1.695E+005 7.2140E-018
1.7E+005 7.1306E-018
1.705E+005 7.0486E-018
1.71E+005 6.9668E-018
1.715E+005 6.8864E-018
1.72E+005 6.8074E-018
1.725E+005 6.7296E-018
1.73E+005 6.6528E-018
1.735E+005 6.5783E-018
1.74E+005 6.5038E-018
1.745E+005 6.4303E-018
1.75E+005 6.3579E-018
1.755E+005 6.2862E-018
1.76E+005 6.2158E-018
1.765E+005 6.1455E-018
1.77E+005 6.0774E-018
1.775E+005 6.0102E-018
1.78E+005 5.9441E-018
1.785E+005 5.8785E-018
1.79E+005 5.8139E-018
1.795E+005 5.7500E-018
1.8E+005 5.6870E-018
1.805E+005 5.6249E-018
1.81E+005 5.5639E-018
1.815E+005 5.5034E-018
1.82E+005 5.4436E-018
1.825E+005 5.3844E-018
1.83E+005 5.3238E-018
1.835E+005 5.2691E-018
1.84E+005 5.2129E-018
1.845E+005 5.1574E-018
1.85E+005 5.1024E-018
1.855E+005 5.0483E-018
1.86E+005 4.9939E-018
1.865E+005 4.9415E-018
1.87E+005 4.8897E-018
1.875E+005 4.8371E-018
1.88E+005 4.7875E-018
1.885E+005 4.7373E-018
1.89E+005 4.6881E-018
1.895E+005 4.6391E-018
1.9E+005 4.5902E-018
1.905E+005 4.5230E-018
1.91E+005 4.4948E-018
1.915E+005 4.4503E-018
1.92E+005 4.4045E-018
1.925E+005 4.3593E-018
1.93E+005 4.3149E-018
1.935E+005 4.2708E-018
1.94E+005 4.2272E-018
1.945E+005 4.1842E-018
1.95E+005 4.1420E-018
1.955E+005 4.1003E-018
1.96E+005 4.0587E-018
1.965E+005 4.0183E-018
1.97E+005 3.9778E-018
1.975E+005 3.9380E-018
1.98E+005 3.8988E-018
1.985E+005 3.8603E-018
1.99E+005 3.8218E-018
1.995E+005 3.7839E-018
2E+005 3.7373E-018
2.01E+005 3.6733E-018
2.02E+005 3.6018E-018
2.03E+005 3.5320E-018
2.04E+005 3.4639E-018
2.05E+005 3.3974E-018
2.06E+005 3.3325E-018
2.07E+005 3.2693E-018
2.08E+005 3.2073E-018
2.09E+005 3.1468E-018
2.1E+005 3.0877E-018
2.11E+005 3.0303E-018
2.12E+005 2.9740E-018
2.13E+005 2.9190E-018
2.14E+005 2.8653E-018
2.15E+005 2.8128E-018
2.16E+005 2.7615E-018
2.17E+005 2.7114E-018
2.18E+005 2.6623E-018
2.19E+005 2.6143E-018
2.2E+005 2.5678E-018
2.21E+005 2.5220E-018
2.22E+005 2.4772E-018
2.23E+005 2.4317E-018
2.24E+005 2.3901E-018
2.25E+005 2.3487E-018
2.26E+005 2.3077E-018
2.27E+005 2.2676E-018
2.28E+005 2.2284E-018
2.29E+005 2.1901E-018
2.3E+005 2.1525E-018
2.31E+005 2.1157E-018
2.32E+005 2.0799E-018
2.33E+005 2.0446E-018
2.34E+005 2.0101E-018
2.35E+005 1.9765E-018
2.36E+005 1.9435E-018
2.37E+005 1.9110E-018
2.38E+005 1.8794E-018
2.39E+005 1.8481E-018
2.4E+005 1.8180E-018
2.41E+005 1.7883E-018
2.42E+005 1.7590E-018
2.43E+005 1.7305E-018
2.44E+005 1.7024E-018
2.45E+005 1.6750E-018
2.46E+005 1.6483E-018
2.47E+005 1.6220E-018
2.48E+005 1.5960E-018
2.49E+005 1.5706E-018
2.5E+005 1.5459E-018
2.51E+005 1.5216E-018
2.52E+005 1.4977E-018
2.53E+005 1.4744E-018
2.54E+005 1.4514E-018
2.55E+005 1.4290E-018
2.56E+005 1.4069E-018
2.57E+005 1.3853E-018
2.58E+005 1.3641E-018
2.59E+005 1.3432E-018
2.6E+005 1.3229E-018
2.61E+005 1.3030E-018
2.62E+005 1.2831E-018
2.63E+005 1.2639E-018
2.64E+005 1.2451E-018
2.65E+005 1.2264E-018
2.66E+005 1.2082E-018
2.67E+005 1.1903E-018
2.68E+005 1.1728E-018
2.69E+005 1.1556E-018
2.7E+005 1.1387E-018
2.71E+005 1.1220E-018
2.72E+005 1.1057E-018
2.73E+005 1.0897E-018
2.74E+005 1.0740E-018
2.75E+005 1.0585E-018
2.76E+005 1.0433E-018
2.77E+005 1.0285E-018
2.78E+005 1.0117E-018
2.79E+005 9.9956E-019
2.8E+005 9.8560E-019
2.81E+005 9.7169E-019
2.82E+005 9.5783E-019
2.83E+005 9.4446E-019
2.84E+005 9.3126E-019
2.85E+005 9.1829E-019
2.86E+005 9.0570E-019
2.87E+005 8.9319E-019
2.88E+005 8.8081E-019
2.89E+005 8.6876E-019
2.9E+005 8.5697E-019
2.91E+005 8.4535E-019
2.92E+005 8.3387E-019
2.93E+005 8.2262E-019
2.94E+005 8.1155E-019
2.95E+005 8.0063E-019
2.96E+005 7.8993E-019
2.97E+005 7.7944E-019
2.98E+005 7.6877E-019
2.99E+005 7.5866E-019
3E+005 7.4888E-019
3.01E+005 7.3908E-019
3.02E+005 7.2931E-019
3.03E+005 7.1988E-019
3.04E+005 7.1047E-019
3.05E+005 7.0124E-019
3.06E+005 6.9209E-019
3.07E+005 6.8319E-019
3.08E+005 6.7442E-019
3.09E+005 6.6598E-019
3.1E+005 6.5744E-019
3.11E+005 6.4891E-019
3.12E+005 6.4068E-019
3.13E+005 6.3256E-019
3.14E+005 6.2458E-019
3.15E+005 6.1672E-019
3.16E+005 6.0899E-019
3.17E+005 6.0139E-019
3.18E+005 5.9389E-019
3.19E+005 5.8651E-019
3.2E+005 5.7925E-019
3.21E+005 5.7211E-019
3.22E+005 5.6504E-019
3.23E+005 5.5813E-019
3.24E+005 5.5131E-019
3.25E+005 5.4458E-019
3.26E+005 5.3797E-019
3.27E+005 5.3144E-019
3.28E+005 5.2503E-019
3.29E+005 5.1869E-019
3.3E+005 5.1247E-019
3.31E+005 5.0632E-019
3.32E+005 5.0028E-019
3.33E+005 4.9431E-019
3.34E+005 4.8848E-019
3.35E+005 4.8267E-019
3.36E+005 4.7699E-019
3.37E+005 4.7137E-019
3.38E+005 4.6584E-019
3.39E+005 4.6041E-019
3.4E+005 4.5503E-019
3.41E+005 4.4974E-019
3.42E+005 4.4452E-019
3.43E+005 4.3938E-019
3.44E+005 4.3432E-019
3.45E+005 4.2932E-019
3.46E+005 4.2439E-019
3.47E+005 4.1955E-019
3.48E+005 4.1477E-019
3.49E+005 4.1007E-019
3.5E+005 4.0541E-019
3.51E+005 4.0082E-019
3.52E+005 3.9632E-019
3.53E+005 3.9187E-019
3.54E+005 3.8746E-019
3.55E+005 3.8313E-019
3.56E+005 3.7886E-019
3.57E+005 3.7466E-019
3.58E+005 3.7051E-019
3.59E+005 3.6641E-019
3.6E+005 3.6234E-019
3.61E+005 3.5838E-019
3.62E+005 3.5446E-019
3.63E+005 3.5058E-019
3.64E+005 3.4673E-019
3.65E+005 3.4294E-019
3.66E+005 3.3926E-019
3.67E+005 3.3560E-019
3.68E+005 3.3198E-019
3.69E+005 3.2842E-019
3.7E+005 3.2490E-019
3.71E+005 3.2138E-019
3.72E+005 3.1797E-019
3.73E+005 3.1459E-019
3.74E+005 3.1125E-019
3.75E+005 3.0795E-019
3.76E+005 3.0471E-019
3.77E+005 3.0151E-019
3.78E+005 2.9832E-019
3.79E+005 2.9521E-019
3.8E+005 2.9211E-019
3.81E+005 2.8908E-019
3.82E+005 2.8608E-019
3.83E+005 2.8310E-019
3.84E+005 2.8018E-019
3.85E+005 2.7729E-019
3.86E+005 2.7443E-019
3.87E+005 2.7162E-019
3.88E+005 2.6867E-019
3.89E+005 2.6565E-019
3.9E+005 2.6340E-019
3.91E+005 2.6072E-019
3.92E+005 2.5805E-019
3.93E+005 2.5545E-019
3.94E+005 2.5289E-019
3.95E+005 2.5035E-019
3.96E+005 2.4782E-019
3.97E+005 2.4535E-019
3.98E+005 2.4290E-019
3.99E+005 2.4048E-019
