1711 2.3705E-014
1711 2.3705E-014
1712 1.6796E-014
1713 1.8628E-014
1715 1.9999E-014
1716 2.5618E-014
1717 2.5237E-014
1719 1.9936E-014
1720 3.0686E-014
1722 3.2578E-014
1723 3.0732E-014
1724 3.0634E-014
1726 2.9404E-014
1727 3.5279E-014
1728 3.0509E-014
1730 3.0236E-014
1731 3.3429E-014
1733 3.1995E-014
1734 3.2600E-014
1735 3.3768E-014
1737 3.2368E-014
1738 3.4116E-014
1739 3.9249E-014
1741 4.4457E-014
1742 3.9280E-014
1743 4.1757E-014
1745 3.8103E-014
1746 3.6829E-014
1748 4.4757E-014
1749 4.5576E-014
1750 4.3109E-014
1752 4.5379E-014
1753 4.4561E-014
1754 4.9464E-014
1756 5.1797E-014
1757 5.1586E-014
1759 5.1721E-014
1760 4.9672E-014
1761 4.7891E-014
1763 4.7120E-014
1764 4.6421E-014
1765 5.5318E-014
1767 4.9615E-014
1768 5.4899E-014
1770 5.8627E-014
1771 6.0288E-014
1772 5.8721E-014
1774 5.8243E-014
1775 6.1229E-014
1776 6.2990E-014
1778 6.4549E-014
1779 6.8579E-014
1781 6.3222E-014
1782 6.3901E-014
1783 6.5313E-014
1785 6.9461E-014
1786 6.7699E-014
1787 7.2928E-014
1789 7.7499E-014
1790 7.7700E-014
1791 7.4641E-014
1793 7.1536E-014
1794 6.9023E-014
1796 6.9173E-014
1797 7.3855E-014
1798 7.8491E-014
1800 8.2668E-014
1801 8.2695E-014
1802 7.6135E-014
1804 7.2561E-014
1805 5.4679E-014
1807 5.3819E-014
1808 6.8194E-014
1809 8.0370E-014
1811 7.4746E-014
1812 7.0824E-014
1813 7.2485E-014
1815 7.4497E-014
1816 7.3081E-014
1818 7.1242E-014
1819 6.8256E-014
1820 7.8506E-014
1822 8.2065E-014
1823 8.1659E-014
1824 7.2819E-014
1826 7.8322E-014
1827 8.2240E-014
1829 8.4965E-014
1830 8.2992E-014
1831 8.7841E-014
1833 8.7121E-014
1834 8.3300E-014
1835 8.5436E-014
1837 8.1476E-014
1838 6.9005E-014
1840 6.6801E-014
1841 8.0390E-014
1842 7.2848E-014
1844 6.4466E-014
1845 5.4449E-014
1846 5.4529E-014
1848 6.4297E-014
1849 5.6272E-014
1851 6.3530E-014
1852 8.0192E-014
1853 8.8732E-014
1855 8.8818E-014
1856 8.6792E-014
1857 8.4901E-014
1859 9.1209E-014
1860 9.0833E-014
1861 9.1496E-014
1863 8.7115E-014
1864 9.3808E-014
1866 1.0249E-013
1867 1.0333E-013
1868 1.0377E-013
1870 1.0275E-013
1871 1.0002E-013
1872 9.8228E-014
1874 9.3735E-014
1875 9.3351E-014
1877 9.6455E-014
1878 1.0096E-013
1879 9.9426E-014
1881 1.0875E-013
1882 1.1189E-013
1883 1.1586E-013
1885 1.1499E-013
1886 1.0911E-013
1888 1.1332E-013
1889 1.1329E-013
1890 1.1189E-013
1892 1.1197E-013
1893 1.1665E-013
1894 1.1158E-013
1896 1.0867E-013
1897 1.0067E-013
1899 9.7008E-014
1900 9.9817E-014
1901 1.1256E-013
1903 1.1364E-013
1904 1.1372E-013
1905 1.1813E-013
1907 1.1805E-013
1908 1.1454E-013
1910 1.2118E-013
1911 1.2303E-013
1912 1.2370E-013
1914 1.2990E-013
1915 1.2641E-013
1916 1.2708E-013
1918 1.3384E-013
1919 1.3496E-013
1921 1.3153E-013
1922 1.3049E-013
1923 1.2438E-013
1925 1.2568E-013
1926 1.2359E-013
1927 1.0961E-013
1929 9.1022E-014
1930 9.8122E-014
1932 1.1139E-013
1933 1.1634E-013
1934 1.1775E-013
1936 1.2653E-013
1937 1.4222E-013
1938 1.4041E-013
1940 1.4434E-013
1941 1.4844E-013
1942 1.4376E-013
1944 1.4109E-013
1945 1.4280E-013
1947 1.4691E-013
1948 1.4287E-013
1949 1.3947E-013
1951 1.3599E-013
1952 1.4659E-013
1953 1.4050E-013
1955 1.4000E-013
1956 1.4126E-013
1958 1.4494E-013
1959 1.3737E-013
1960 1.3832E-013
1962 1.4021E-013
1963 1.4960E-013
1964 1.5553E-013
1966 1.5686E-013
1967 1.5929E-013
1969 1.5746E-013
1970 1.5303E-013
1971 1.5069E-013
1973 1.4697E-013
1974 1.4624E-013
1975 1.4602E-013
1977 1.4115E-013
1978 1.4393E-013
1980 1.4731E-013
1981 1.4845E-013
1982 1.4595E-013
1984 1.4356E-013
1985 1.4283E-013
1986 1.4050E-013
1988 1.3851E-013
1989 1.4662E-013
1991 1.5170E-013
1992 1.5047E-013
1993 1.5131E-013
1995 1.5426E-013
1996 1.5577E-013
1997 1.5035E-013
1999 1.4969E-013
2000 1.5441E-013
2002 1.5547E-013
2003 1.5013E-013
2004 1.5646E-013
2006 1.5140E-013
2007 1.5788E-013
2008 1.5850E-013
2010 1.5017E-013
2011 1.5936E-013
2013 1.6150E-013
2014 1.6229E-013
2015 1.5976E-013
2017 1.6378E-013
2018 1.5782E-013
2019 1.5543E-013
2021 1.5441E-013
2022 1.5430E-013
2024 1.4344E-013
2025 1.3673E-013
2026 1.5829E-013
2028 1.6590E-013
2029 1.7192E-013
2030 1.7081E-013
2032 1.6241E-013
2033 1.6587E-013
2035 1.6786E-013
2036 1.7345E-013
2037 1.6864E-013
2039 1.6929E-013
2040 1.7540E-013
2041 1.8479E-013
2043 1.8290E-013
2044 1.8682E-013
2046 1.9046E-013
2047 1.9332E-013
2048 1.9171E-013
2050 1.8904E-013
2051 1.8981E-013
2052 1.8052E-013
2054 1.6499E-013
2055 1.6682E-013
2057 1.7171E-013
2058 1.7461E-013
2059 1.7615E-013
2061 1.6675E-013
2062 1.7667E-013
2063 1.8063E-013
2065 1.7894E-013
2066 1.8401E-013
2067 1.9160E-013
2069 1.9397E-013
2070 1.9965E-013
2072 2.0046E-013
2073 2.0399E-013
2074 2.0946E-013
2076 2.0636E-013
2077 2.0489E-013
2078 2.0353E-013
2080 1.9497E-013
2081 1.9510E-013
2083 1.9649E-013
2084 2.0061E-013
2085 2.0699E-013
2087 2.0395E-013
2088 2.0271E-013
2089 2.0082E-013
2091 2.0287E-013
2092 1.9670E-013
2094 1.9481E-013
2095 2.0230E-013
2096 2.0149E-013
2098 2.0172E-013
2099 1.9552E-013
2100 1.9896E-013
2102 1.9287E-013
2103 2.0499E-013
2105 2.0648E-013
2106 1.9481E-013
2107 1.8706E-013
2109 1.8684E-013
2110 1.9287E-013
2111 1.9127E-013
2113 1.9309E-013
2114 2.0797E-013
2116 2.1526E-013
2117 2.1500E-013
2118 2.1572E-013
2120 2.1057E-013
2121 1.8710E-013
2122 1.6430E-013
2124 1.7225E-013
2125 1.9713E-013
2127 1.9655E-013
2128 1.8901E-013
2129 1.8096E-013
2131 1.7460E-013
2132 1.6828E-013
2133 1.6639E-013
2135 1.8311E-013
2136 1.9314E-013
2138 1.8933E-013
2139 1.9816E-013
2140 2.0815E-013
2142 2.1035E-013
2143 2.0746E-013
2144 2.0381E-013
2146 1.9996E-013
2147 2.0259E-013
2149 2.0002E-013
2150 1.9203E-013
2151 2.0481E-013
2153 2.0717E-013
2154 2.0420E-013
2155 2.0271E-013
2157 1.8966E-013
2158 1.8196E-013
2160 1.9546E-013
2161 2.0302E-013
2162 2.0189E-013
2164 1.8879E-013
2165 1.8009E-013
2166 1.8938E-013
2168 1.9520E-013
2169 2.0072E-013
2171 1.9922E-013
2172 1.9603E-013
2173 1.8923E-013
2175 1.9371E-013
2176 1.9751E-013
2177 2.1444E-013
2179 2.2600E-013
2180 2.3508E-013
2182 2.2729E-013
2183 2.1689E-013
2184 2.1645E-013
2186 2.0369E-013
2187 2.1738E-013
2188 2.2358E-013
2190 2.2496E-013
2191 2.3131E-013
2193 2.4491E-013
2194 2.4539E-013
2195 2.4189E-013
2197 2.4640E-013
2198 2.3994E-013
2199 2.2671E-013
2201 2.4047E-013
2202 2.4830E-013
2204 2.4264E-013
2205 2.2572E-013
2206 2.1562E-013
2208 2.0626E-013
2209 1.8687E-013
2210 1.9465E-013
2212 2.1536E-013
2213 2.1419E-013
2215 2.0407E-013
2216 1.9521E-013
2217 2.1924E-013
2219 2.2790E-013
2220 2.3078E-013
2221 2.3077E-013
2223 2.3089E-013
2224 2.3007E-013
2226 2.2838E-013
2227 2.3386E-013
2228 2.4398E-013
2230 2.4682E-013
2231 2.5525E-013
2232 2.5764E-013
2234 2.5979E-013
2235 2.5757E-013
2237 2.5679E-013
2238 2.5988E-013
2239 2.5029E-013
2241 2.3698E-013
2242 2.3299E-013
2243 2.2907E-013
2245 2.3836E-013
2246 2.3553E-013
2248 2.2368E-013
2249 2.2102E-013
2250 2.2536E-013
2252 2.1957E-013
2253 2.1544E-013
2254 2.2122E-013
2256 2.3299E-013
2257 2.2791E-013
2259 2.1728E-013
2260 2.2600E-013
2261 2.3234E-013
2263 2.2393E-013
2264 2.1770E-013
2265 2.1369E-013
2267 2.1594E-013
2268 2.2580E-013
2270 2.3052E-013
2271 2.3283E-013
2272 2.3267E-013
2274 2.2691E-013
2275 2.2682E-013
2276 2.3554E-013
2278 2.3905E-013
2279 2.4820E-013
2281 2.5915E-013
2282 2.4533E-013
2283 2.5185E-013
2285 2.4751E-013
2286 2.3427E-013
2287 2.4247E-013
2289 2.3471E-013
2290 2.3408E-013
2292 2.3721E-013
2293 2.3774E-013
2294 2.3251E-013
2296 2.1130E-013
2297 2.0515E-013
2298 2.2008E-013
2300 2.2869E-013
2301 2.3190E-013
2303 2.3589E-013
2304 2.5418E-013
2305 2.5257E-013
2307 2.4704E-013
2308 2.4866E-013
2309 2.3609E-013
2311 2.1867E-013
2312 2.2443E-013
2313 2.4032E-013
2315 2.4847E-013
2316 2.4764E-013
2318 2.4303E-013
2319 2.3896E-013
2320 2.5247E-013
2322 2.6073E-013
2323 2.4512E-013
2324 2.2188E-013
2326 2.2153E-013
2327 2.4395E-013
2329 2.3523E-013
2330 2.0329E-013
2331 1.9649E-013
2333 2.1864E-013
2334 2.3405E-013
2335 2.1152E-013
2337 1.9682E-013
2338 2.1421E-013
2340 2.1652E-013
2341 1.8632E-013
2342 1.4450E-013
2344 1.5198E-013
2345 1.6818E-013
2346 1.7083E-013
2348 2.0890E-013
2349 2.3630E-013
2351 2.4858E-013
2352 2.4129E-013
2353 2.2952E-013
2355 2.4293E-013
2356 2.3733E-013
2357 1.9523E-013
2359 1.7883E-013
2360 2.1423E-013
2362 2.2451E-013
2363 2.1053E-013
2364 2.1268E-013
2366 2.2355E-013
2367 2.3293E-013
2368 2.4314E-013
2370 2.4727E-013
2371 2.2819E-013
2373 2.0362E-013
2374 2.2352E-013
2375 2.4409E-013
2377 2.2134E-013
2378 1.8243E-013
2379 1.4229E-013
2381 1.1291E-013
2382 1.5442E-013
2384 2.0681E-013
2385 2.2329E-013
2386 1.9201E-013
2388 1.9669E-013
2389 2.3834E-013
2390 2.4636E-013
2392 2.3201E-013
2393 1.7828E-013
2395 1.6290E-013
2396 1.9787E-013
2397 1.9266E-013
2399 2.0702E-013
2400 2.3023E-013
2401 2.1231E-013
2403 1.6782E-013
2404 1.5252E-013
2406 1.7634E-013
2407 2.0424E-013
2408 1.8624E-013
2410 1.6296E-013
2411 1.9249E-013
2412 2.0905E-013
2414 2.4039E-013
2415 2.4998E-013
2417 2.6088E-013
2418 2.7298E-013
2419 2.8602E-013
2421 2.8078E-013
2422 2.5598E-013
2423 2.5649E-013
2425 2.7485E-013
2426 2.7480E-013
2428 2.6340E-013
2429 2.6955E-013
2430 2.7211E-013
2432 2.5544E-013
2433 2.4055E-013
2434 2.3723E-013
2436 2.4908E-013
2437 2.5525E-013
2439 2.5945E-013
2440 2.7959E-013
2441 2.8165E-013
2443 2.6898E-013
2444 2.6298E-013
2445 2.6233E-013
2447 2.6591E-013
2448 2.5782E-013
2450 2.4819E-013
2451 2.5208E-013
2452 2.5612E-013
2454 2.6487E-013
2455 2.6978E-013
2456 2.7386E-013
2458 2.6621E-013
2459 2.5552E-013
2461 2.3981E-013
2462 2.4277E-013
2463 2.5252E-013
2465 2.5384E-013
2466 2.5357E-013
2467 2.6126E-013
2469 2.5869E-013
2470 2.5243E-013
2472 2.4317E-013
2473 2.6232E-013
2474 2.5539E-013
2476 2.4491E-013
2477 2.3594E-013
2478 2.4252E-013
2480 2.5383E-013
2481 2.2240E-013
2483 2.0935E-013
2484 2.4060E-013
2485 2.3920E-013
2487 2.1472E-013
2488 1.9780E-013
2489 2.0080E-013
2491 2.2334E-013
2492 2.5225E-013
2494 2.7835E-013
2495 2.8084E-013
2496 2.7903E-013
2498 2.8357E-013
2499 2.7794E-013
2500 2.5699E-013
2502 2.6572E-013
2503 2.5659E-013
2505 2.2280E-013
2506 2.2409E-013
2507 2.6999E-013
2509 2.7087E-013
2510 2.4149E-013
2511 2.2342E-013
2513 1.8094E-013
2514 1.5882E-013
2516 1.6392E-013
2517 1.8680E-013
2518 1.9850E-013
2520 2.1449E-013
2521 1.8858E-013
2522 1.6544E-013
2524 1.7476E-013
2525 1.8076E-013
2527 1.5736E-013
2528 1.6177E-013
2529 2.1661E-013
2531 2.3681E-013
2532 2.2957E-013
2533 2.2082E-013
2535 2.1455E-013
2536 2.1954E-013
2538 2.2138E-013
2539 2.3070E-013
2540 2.2865E-013
2542 2.4239E-013
2543 2.3687E-013
2544 2.2971E-013
2546 2.3208E-013
2547 2.1667E-013
2549 2.2425E-013
2550 2.6939E-013
2551 2.8410E-013
2553 2.8936E-013
2554 2.8515E-013
2555 2.8486E-013
2557 2.9500E-013
2558 2.9104E-013
2560 2.7882E-013
2561 2.4800E-013
2562 2.5357E-013
2564 2.9820E-013
2565 3.0136E-013
2566 2.9829E-013
2568 3.0201E-013
2569 3.0456E-013
2570 3.0413E-013
2572 3.0946E-013
2573 2.9461E-013
2575 2.7457E-013
2576 2.8757E-013
2577 3.0956E-013
2579 3.1610E-013
2580 3.0642E-013
2581 2.9203E-013
2583 2.8587E-013
2584 2.4280E-013
2586 2.8122E-013
2587 3.1227E-013
2588 3.3367E-013
2590 3.1061E-013
2591 2.9714E-013
2592 2.9147E-013
2594 3.1195E-013
2595 2.6843E-013
2597 1.8411E-013
2598 1.6618E-013
2599 2.5855E-013
2601 3.0403E-013
2602 2.9915E-013
2603 2.5849E-013
2605 2.1908E-013
2606 2.3787E-013
2608 2.7196E-013
2609 2.4512E-013
2610 2.0062E-013
2612 2.2153E-013
2613 2.6628E-013
2614 3.0870E-013
2616 2.7796E-013
2617 2.8980E-013
2619 3.0221E-013
2620 2.9775E-013
2621 3.1053E-013
2623 2.9964E-013
2624 2.6639E-013
2625 2.7235E-013
2627 2.5067E-013
2628 2.3971E-013
2630 2.1133E-013
2631 2.6805E-013
2632 3.2977E-013
2634 3.4771E-013
2635 3.5834E-013
2636 3.7027E-013
2638 3.7547E-013
2639 3.7609E-013
2641 3.8468E-013
2642 3.8431E-013
2643 3.7819E-013
2645 3.7677E-013
2646 3.7952E-013
2647 3.7893E-013
2649 3.8482E-013
2650 3.8008E-013
2652 3.7863E-013
2653 3.9077E-013
2654 3.9181E-013
2656 3.8422E-013
2657 3.7338E-013
2658 3.7557E-013
2660 3.5726E-013
2661 3.4283E-013
2663 3.3793E-013
2664 3.4834E-013
2665 3.3856E-013
2667 3.4389E-013
2668 3.4953E-013
2669 3.6019E-013
2671 3.5874E-013
2672 3.7515E-013
2674 3.8239E-013
2675 3.6785E-013
2676 3.4721E-013
2678 3.4656E-013
2679 3.6857E-013
2680 3.7226E-013
2682 3.7092E-013
2683 3.7101E-013
2685 3.7274E-013
2686 3.5787E-013
2687 3.4213E-013
2689 3.4224E-013
2690 3.5302E-013
2691 3.5609E-013
2693 3.5455E-013
2694 3.4878E-013
2695 3.4799E-013
2697 3.4698E-013
2698 3.6901E-013
2700 3.6233E-013
2701 3.7070E-013
2702 3.7238E-013
2704 3.6117E-013
2705 3.4732E-013
2706 3.5178E-013
2708 3.4583E-013
2709 3.4686E-013
2711 3.4606E-013
2712 3.4620E-013
2713 3.3432E-013
2715 3.4338E-013
2716 3.3560E-013
2717 3.2878E-013
2719 3.3426E-013
2720 3.4287E-013
2722 3.3713E-013
2723 3.3181E-013
2724 3.3174E-013
2726 3.2695E-013
2727 3.5140E-013
2728 3.6208E-013
2730 3.5425E-013
2731 3.4013E-013
2733 3.3281E-013
2734 3.2346E-013
2735 2.9972E-013
2737 3.0742E-013
2738 2.8983E-013
2739 3.0089E-013
2741 2.7307E-013
2742 2.8441E-013
2744 2.9260E-013
2745 2.5360E-013
2746 2.7398E-013
2748 2.5209E-013
2749 2.9381E-013
2750 3.2971E-013
2752 3.1712E-013
2753 2.8514E-013
2755 2.7814E-013
2756 3.3173E-013
2757 3.5203E-013
2759 3.4215E-013
2760 3.3121E-013
2761 3.3910E-013
2763 3.5712E-013
2764 3.5097E-013
2766 3.4193E-013
2767 3.3810E-013
2768 3.5153E-013
2770 3.5802E-013
2771 3.6317E-013
2772 3.6800E-013
2774 3.4947E-013
2775 3.3704E-013
2777 3.1965E-013
2778 3.1545E-013
2779 3.2054E-013
2781 3.2521E-013
2782 3.2643E-013
2783 3.3305E-013
2785 3.2198E-013
2786 2.9045E-013
2787 2.5235E-013
2789 1.9791E-013
2790 1.4260E-013
2792 8.8342E-014
2793 5.9246E-014
2794 5.4217E-014
2796 6.9000E-014
2797 9.2431E-014
2798 9.1870E-014
2800 6.9372E-014
2801 7.0991E-014
2803 1.1034E-013
2804 1.7958E-013
2805 2.4716E-013
2807 2.9661E-013
2808 3.1457E-013
2809 3.2635E-013
2811 3.4322E-013
2812 3.6055E-013
2814 3.7252E-013
2815 3.7329E-013
2816 3.7734E-013
2818 3.8565E-013
2819 3.8577E-013
2820 3.8824E-013
2822 3.9122E-013
2823 3.8804E-013
2825 3.8420E-013
2826 3.8556E-013
2827 3.8549E-013
2829 3.8715E-013
2830 3.8387E-013
2831 3.8552E-013
2833 3.7344E-013
2834 3.6379E-013
2836 3.8462E-013
2837 3.8080E-013
2838 3.6743E-013
2840 3.7259E-013
2841 3.6351E-013
2842 3.6318E-013
2844 3.6871E-013
2845 3.6044E-013
2846 3.3033E-013
2848 2.9000E-013
2849 2.2145E-013
2851 2.0876E-013
2852 2.9180E-013
2853 3.3729E-013
2855 3.5308E-013
2856 3.6822E-013
2857 3.8832E-013
2859 3.9418E-013
2860 3.8513E-013
2862 3.8688E-013
2863 3.8433E-013
2864 3.7443E-013
2866 3.7027E-013
2867 3.7250E-013
2868 3.8823E-013
2870 3.9740E-013
2871 3.9051E-013
2873 3.8064E-013
2874 3.7301E-013
2875 3.7310E-013
2877 3.6784E-013
2878 3.4054E-013
2879 3.0009E-013
2881 3.5282E-013
2882 3.9503E-013
2884 4.0847E-013
2885 4.0777E-013
2886 3.9467E-013
2888 3.8583E-013
2889 3.9030E-013
2890 3.7551E-013
2892 3.8077E-013
2893 3.9696E-013
2895 4.1052E-013
2896 4.1850E-013
2897 4.2613E-013
2899 4.3587E-013
2900 4.3346E-013
2901 4.4178E-013
2903 4.4765E-013
2904 4.3338E-013
2905 4.1583E-013
2907 4.1027E-013
2908 4.0555E-013
2910 4.1833E-013
2911 4.3295E-013
2912 4.3328E-013
2914 4.2718E-013
2915 4.2577E-013
2916 4.2477E-013
2918 4.2593E-013
2919 4.2079E-013
2921 4.1366E-013
2922 3.9528E-013
2923 4.0146E-013
2925 4.0287E-013
2926 3.9835E-013
2927 4.0245E-013
2929 4.3396E-013
2930 4.3295E-013
2932 4.3058E-013
2933 4.2343E-013
2934 3.9685E-013
2936 3.9947E-013
2937 4.0939E-013
2938 4.1837E-013
2940 4.1713E-013
2941 4.2780E-013
2943 4.1166E-013
2944 4.2428E-013
2945 4.0127E-013
2947 3.9376E-013
2948 4.1884E-013
2949 4.3140E-013
2951 4.2047E-013
2952 4.1065E-013
2953 4.3950E-013
2955 4.3438E-013
2956 4.3919E-013
2958 4.3532E-013
2959 4.4008E-013
2960 4.4897E-013
2962 4.2819E-013
2963 4.0220E-013
2964 4.0359E-013
2966 4.1256E-013
2967 3.9813E-013
2969 3.9336E-013
2970 4.1992E-013
2971 4.2375E-013
2973 4.4506E-013
2974 4.3948E-013
2975 4.5419E-013
2977 4.4319E-013
2978 4.2440E-013
2980 4.1546E-013
2981 4.1064E-013
2982 3.8782E-013
2984 3.9045E-013
2985 4.1022E-013
2986 4.2978E-013
2988 4.4967E-013
2989 4.5482E-013
2990 4.4756E-013
2992 4.3895E-013
2993 4.4168E-013
2995 4.5568E-013
2996 4.5293E-013
2997 4.2489E-013
2999 4.0958E-013
3000 4.0646E-013
3001 4.1747E-013
3003 4.4721E-013
3004 4.4395E-013
3006 4.2784E-013
3007 4.4114E-013
3008 4.5436E-013
3010 4.5218E-013
3011 4.5339E-013
3012 4.4281E-013
3014 4.3199E-013
3015 4.1931E-013
3017 4.0946E-013
3018 3.7981E-013
3019 3.9275E-013
3021 4.4961E-013
3022 4.4788E-013
3023 4.3583E-013
3025 4.4923E-013
3026 4.6575E-013
3027 4.5082E-013
3029 4.3962E-013
3030 4.4623E-013
3032 4.5737E-013
3033 4.6030E-013
3034 4.5356E-013
3036 4.4056E-013
3037 4.5760E-013
3038 4.4453E-013
3040 4.3324E-013
3041 4.4591E-013
3043 4.5380E-013
3044 4.5457E-013
3045 4.4279E-013
3047 4.5240E-013
3048 4.6435E-013
3049 4.6721E-013
3051 4.6635E-013
3052 4.5229E-013
3054 4.4835E-013
3055 4.2437E-013
3056 4.1339E-013
3058 4.3296E-013
3059 4.5110E-013
3060 4.4524E-013
3062 4.3022E-013
3063 4.1344E-013
3064 3.9619E-013
3066 4.2334E-013
3069 4.3627E-013
3071 4.3858E-013
3074 4.4170E-013
3077 4.4404E-013
3080 4.5264E-013
3082 4.5022E-013
3085 4.3218E-013
3088 4.1566E-013
3091 4.1233E-013
3093 4.1467E-013
3096 4.0674E-013
3099 4.1231E-013
3102 4.3471E-013
3104 4.5117E-013
3107 4.5921E-013
3110 4.6163E-013
3113 4.5394E-013
3115 4.3468E-013
3118 4.3153E-013
3121 4.3977E-013
3123 4.4117E-013
3126 4.4695E-013
3129 4.4585E-013
3132 4.5302E-013
3134 4.5409E-013
3137 4.5336E-013
3140 4.3858E-013
3143 4.3550E-013
3145 4.5617E-013
3148 4.6047E-013
3151 4.4993E-013
3154 4.3801E-013
3156 4.2647E-013
3159 4.3169E-013
3162 4.5109E-013
3165 4.6044E-013
3167 4.7377E-013
3170 4.8161E-013
3173 4.7016E-013
3176 4.4191E-013
3178 4.2696E-013
3181 4.4013E-013
3184 4.5282E-013
3187 4.5344E-013
3189 4.3943E-013
3192 4.4591E-013
3195 4.5971E-013
3198 4.7179E-013
3200 4.7988E-013
3203 4.8175E-013
3206 4.6674E-013
3209 4.4314E-013
3211 4.3914E-013
3214 4.5120E-013
3217 4.6352E-013
3220 4.6361E-013
3222 4.5439E-013
3225 4.3773E-013
3228 4.3578E-013
3231 4.3579E-013
3233 4.3792E-013
3236 4.5535E-013
3239 4.6492E-013
3242 4.7008E-013
3244 4.6611E-013
3247 4.6214E-013
3250 4.6719E-013
3253 4.8097E-013
3255 4.9679E-013
3258 4.9522E-013
3261 4.9513E-013
3264 4.9301E-013
3266 4.9588E-013
3269 4.8986E-013
3272 4.8417E-013
3275 4.7521E-013
3277 4.8024E-013
3280 4.9186E-013
3283 4.9052E-013
3286 4.9084E-013
3288 5.0530E-013
3291 5.1277E-013
3294 5.1427E-013
3297 5.1405E-013
3299 5.0849E-013
3302 5.0049E-013
3305 4.9840E-013
3308 5.0761E-013
3310 5.0844E-013
3313 5.0232E-013
3316 5.0049E-013
3319 4.9249E-013
3321 4.9073E-013
3324 4.9466E-013
3327 4.9453E-013
3330 4.9850E-013
3332 4.9297E-013
3335 4.8890E-013
3338 4.8509E-013
3341 4.9289E-013
3343 4.9292E-013
3346 4.7512E-013
3349 4.8966E-013
3351 5.0125E-013
3354 5.0015E-013
3357 4.8067E-013
3360 4.8221E-013
3362 4.9672E-013
3365 4.8603E-013
3368 4.7288E-013
3371 4.8068E-013
3373 5.0011E-013
3376 4.8272E-013
3379 4.8007E-013
3382 4.9402E-013
3384 5.0075E-013
3387 4.9820E-013
3390 4.8732E-013
3393 4.9833E-013
3395 5.1778E-013
3398 5.1275E-013
3401 4.9639E-013
3404 4.9014E-013
3406 4.9158E-013
3409 4.9314E-013
3412 4.9236E-013
3415 5.0441E-013
3417 5.1059E-013
3420 5.0253E-013
3423 5.0405E-013
3426 5.1270E-013
3428 5.1892E-013
3431 5.1560E-013
3434 5.1056E-013
3437 4.9069E-013
3439 4.7625E-013
3442 4.8499E-013
3445 5.0504E-013
3448 5.0731E-013
3450 5.0400E-013
3453 5.1125E-013
3456 5.0401E-013
3459 5.0088E-013
3461 5.0787E-013
3464 5.1025E-013
3467 5.1526E-013
3470 5.0498E-013
3472 4.8965E-013
3475 4.9993E-013
3478 5.1516E-013
3481 5.1346E-013
3483 5.1316E-013
3486 5.0030E-013
3489 4.9285E-013
3492 4.9533E-013
3494 4.9633E-013
3497 5.0688E-013
3500 5.1052E-013
3503 5.0742E-013
3505 5.0577E-013
3508 4.9849E-013
3511 4.9583E-013
3514 5.0501E-013
3516 5.0690E-013
3519 4.9764E-013
3522 4.8827E-013
3525 4.8901E-013
3527 5.0791E-013
3530 5.1375E-013
3533 5.1860E-013
3536 5.2147E-013
3538 5.2066E-013
3541 5.2769E-013
3544 5.3187E-013
3547 5.3163E-013
3549 5.2844E-013
3552 5.2210E-013
3555 5.1797E-013
3558 5.2430E-013
3560 5.2040E-013
3563 5.0159E-013
3566 4.9294E-013
3569 4.8326E-013
3571 4.9144E-013
3574 5.0072E-013
3577 5.0053E-013
3580 4.9068E-013
3582 4.7632E-013
3585 4.7399E-013
3588 4.9809E-013
3591 5.1475E-013
3593 5.1963E-013
3596 5.2516E-013
3599 5.1964E-013
3602 5.0559E-013
3604 5.0441E-013
3607 5.0134E-013
3610 5.0634E-013
3613 5.0982E-013
3615 5.0388E-013
3618 5.0615E-013
3621 5.1825E-013
3624 5.2786E-013
3626 5.1987E-013
3629 5.0130E-013
3632 5.1016E-013
3635 5.2033E-013
3637 5.2149E-013
3640 5.1187E-013
3643 5.1085E-013
3646 5.1171E-013
3648 5.1871E-013
3651 5.3146E-013
3654 5.3962E-013
3657 5.4108E-013
3659 5.4110E-013
3662 5.3996E-013
3665 5.3760E-013
3668 5.3521E-013
3670 5.4099E-013
3673 5.3170E-013
3676 5.2051E-013
3679 5.2098E-013
3681 5.1851E-013
3684 5.1530E-013
3687 5.2838E-013
3690 5.4088E-013
3692 5.4287E-013
3695 5.4512E-013
3698 5.4952E-013
3701 5.2866E-013
3703 5.1187E-013
3706 5.2424E-013
3709 5.2497E-013
3712 5.4921E-013
3714 5.7331E-013
3717 5.3310E-013
3720 5.0590E-013
3723 5.5275E-013
3725 5.7845E-013
3728 5.5748E-013
3731 4.9886E-013
3734 4.9076E-013
3736 5.6007E-013
3739 5.9511E-013
3742 5.7227E-013
3745 5.2106E-013
3747 4.8252E-013
3750 5.3788E-013
3753 5.9937E-013
3755 6.1122E-013
3758 6.1318E-013
3761 6.1596E-013
3764 5.8178E-013
3766 5.2075E-013
3769 5.1837E-013
3772 5.9087E-013
3775 6.5078E-013
3777 6.8465E-013
3780 6.9598E-013
3783 6.8022E-013
3786 6.6199E-013
3788 6.4303E-013
3791 5.8746E-013
3794 5.1195E-013
3797 5.1440E-013
3799 6.0424E-013
3802 6.5711E-013
3805 6.7702E-013
3808 6.9872E-013
3810 6.8648E-013
3813 6.7977E-013
3816 6.8775E-013
3819 6.7475E-013
3821 6.5976E-013
3824 6.2808E-013
3827 5.8909E-013
3830 5.2429E-013
3832 4.7117E-013
3835 5.0082E-013
3838 5.8370E-013
3841 6.5138E-013
3843 6.8779E-013
3846 7.0904E-013
3849 7.2134E-013
3852 7.2813E-013
3854 7.1877E-013
3857 7.1925E-013
3860 7.3410E-013
3863 7.4016E-013
3865 7.4330E-013
3868 7.2544E-013
3871 7.0473E-013
3874 6.9668E-013
3876 6.7215E-013
3879 6.5926E-013
3882 6.0125E-013
3885 5.1316E-013
3887 5.0207E-013
3890 5.7801E-013
3893 6.3439E-013
3896 6.5594E-013
3898 6.7302E-013
3901 6.8410E-013
3904 6.9589E-013
3907 7.2543E-013
3909 7.3462E-013
3912 7.2673E-013
3915 7.1665E-013
3918 7.1338E-013
3920 7.0586E-013
3923 6.7656E-013
3926 5.8997E-013
3929 4.4092E-013
3931 3.6348E-013
3934 4.9451E-013
3937 6.2990E-013
3940 6.8248E-013
3942 6.9786E-013
3945 7.0720E-013
3948 7.0316E-013
3951 7.0386E-013
3953 6.9115E-013
3956 6.7313E-013
3959 6.3206E-013
3962 5.4323E-013
3964 4.0264E-013
3967 3.6421E-013
3970 4.8662E-013
3973 5.9684E-013
3975 6.5818E-013
3978 6.9105E-013
3981 7.0565E-013
3984 7.2219E-013
3986 7.3530E-013
3989 7.4492E-013
3992 7.4644E-013
3995 7.4437E-013
3997 7.5118E-013
4000 7.5460E-013
4003 7.4689E-013
4006 7.5571E-013
4008 7.6156E-013
4011 7.6183E-013
4014 7.7003E-013
4017 7.7148E-013
4019 7.6819E-013
4022 7.6469E-013
4025 7.6298E-013
4028 7.4621E-013
4030 7.4533E-013
4033 7.5851E-013
4036 7.7090E-013
4039 7.6619E-013
4041 7.5422E-013
4044 7.4960E-013
4047 7.6430E-013
4050 7.6614E-013
4052 7.5710E-013
4055 7.5337E-013
4058 7.5328E-013
4061 7.4141E-013
4063 7.4176E-013
4066 7.4384E-013
4069 7.4093E-013
4072 7.3827E-013
4074 7.2892E-013
4077 7.3440E-013
4080 7.4021E-013
4083 7.3375E-013
4085 7.3140E-013
4088 7.1931E-013
4091 6.9193E-013
4094 6.4751E-013
4096 5.7266E-013
4099 5.1683E-013
4102 5.8105E-013
4105 6.4819E-013
4107 6.8609E-013
4110 7.1278E-013
4113 7.2735E-013
4116 7.3229E-013
4118 7.3607E-013
4121 7.4572E-013
4124 7.4924E-013
4127 7.4607E-013
4129 7.4196E-013
4132 7.5060E-013
4135 7.6005E-013
4138 7.6288E-013
4140 7.5311E-013
4143 7.5621E-013
4146 7.5819E-013
4149 7.5801E-013
4151 7.5050E-013
4154 7.5157E-013
4157 7.5529E-013
4160 7.6144E-013
4162 7.5908E-013
4165 7.5571E-013
4168 7.5001E-013
4171 7.3992E-013
4173 7.3952E-013
4176 7.4628E-013
4179 7.4719E-013
4182 7.4651E-013
4184 7.4216E-013
4187 7.4961E-013
4190 7.5369E-013
4193 7.5128E-013
4195 7.3827E-013
4198 7.3774E-013
4201 7.3991E-013
4204 7.5111E-013
4206 7.5217E-013
4209 7.5087E-013
4212 7.4272E-013
4215 7.3839E-013
4217 7.4520E-013
4220 7.3559E-013
4223 7.1463E-013
4226 7.2049E-013
4228 7.3978E-013
4231 7.3472E-013
4234 7.3552E-013
4236 7.4415E-013
4239 7.4920E-013
4242 7.4458E-013
4245 7.3070E-013
4247 7.3000E-013
4250 7.3731E-013
4253 7.4261E-013
4256 7.4011E-013
4258 7.4140E-013
4261 7.4992E-013
4264 7.4544E-013
4267 7.3296E-013
4269 7.2131E-013
4272 7.3078E-013
4275 7.3938E-013
4278 7.3474E-013
4280 7.2608E-013
4283 7.2091E-013
4286 7.0798E-013
4289 7.0605E-013
4291 7.0960E-013
4294 7.0037E-013
4297 6.7947E-013
4300 6.7521E-013
4302 6.8420E-013
4305 6.8004E-013
4308 6.8722E-013
4311 6.9280E-013
4313 7.0395E-013
4316 7.0880E-013
4319 7.0202E-013
4322 6.8919E-013
4324 6.8194E-013
4327 6.8226E-013
4330 6.6394E-013
4333 6.1757E-013
4335 5.4045E-013
4338 5.0429E-013
4341 5.7576E-013
4344 6.3918E-013
4346 6.6744E-013
4349 6.7764E-013
4352 6.9781E-013
4355 7.1451E-013
4357 7.2104E-013
4360 7.2877E-013
4363 7.3040E-013
4366 7.2403E-013
4368 7.2373E-013
4371 7.1882E-013
4374 7.2150E-013
4377 7.2717E-013
4379 7.1733E-013
4382 7.1224E-013
4385 7.2374E-013
4388 7.2681E-013
4390 7.2566E-013
4393 7.2304E-013
4396 7.2282E-013
4399 7.1788E-013
4401 7.2069E-013
4404 7.2539E-013
4407 7.3388E-013
4410 7.3301E-013
4412 7.2244E-013
4415 7.2264E-013
4418 7.3048E-013
4421 7.3046E-013
4423 7.2898E-013
4426 7.3194E-013
4429 7.3290E-013
4432 7.2575E-013
4434 7.3052E-013
4437 7.3190E-013
4440 7.2164E-013
4443 7.2403E-013
4445 7.2987E-013
4448 7.2674E-013
4451 7.1856E-013
4454 7.1769E-013
4456 7.2090E-013
4459 7.2376E-013
4462 7.2550E-013
4465 7.1885E-013
4467 7.2361E-013
4470 7.3160E-013
4473 7.3018E-013
4476 7.3076E-013
4478 7.2225E-013
4481 7.2549E-013
4484 7.3243E-013
4487 7.3193E-013
4489 7.3011E-013
4492 7.2867E-013
4495 7.2968E-013
4498 7.2880E-013
4500 7.3225E-013
4503 7.3595E-013
4506 7.3364E-013
4509 7.3408E-013
4511 7.3492E-013
4514 7.3218E-013
4517 7.2903E-013
4519 7.2314E-013
4522 7.2010E-013
4525 7.1342E-013
4528 7.0872E-013
4530 7.0587E-013
4533 7.1419E-013
4536 7.2593E-013
4539 7.2777E-013
4541 7.2558E-013
4544 7.1769E-013
4547 7.1069E-013
4550 7.1194E-013
4552 7.1195E-013
4555 7.2161E-013
4558 7.2415E-013
4561 7.2217E-013
4563 7.2283E-013
4566 7.2447E-013
4569 7.1804E-013
4572 7.2294E-013
4574 7.2387E-013
4577 7.2132E-013
4580 7.1724E-013
4583 7.1569E-013
4585 7.1810E-013
4588 7.1814E-013
4591 7.2246E-013
4594 7.2394E-013
4596 7.2442E-013
4599 7.2207E-013
4602 7.2304E-013
4605 7.2374E-013
4607 7.2170E-013
4610 7.2012E-013
4613 7.2150E-013
4616 7.2316E-013
4618 7.2209E-013
4621 7.2194E-013
4624 7.2320E-013
4627 7.2221E-013
4629 7.2258E-013
4632 7.2054E-013
4635 7.1999E-013
4638 7.2010E-013
4640 7.2108E-013
4643 7.1380E-013
4646 7.1558E-013
4649 7.1725E-013
4651 7.1218E-013
4654 7.1453E-013
4657 7.1767E-013
4660 7.1826E-013
4662 7.1445E-013
4665 7.1330E-013
4668 7.1398E-013
4671 7.1682E-013
4673 7.1590E-013
4676 7.1399E-013
4679 7.1251E-013
4682 7.1615E-013
4684 7.1550E-013
4687 7.1429E-013
4690 7.1439E-013
4693 7.1373E-013
4695 7.1319E-013
4698 7.0650E-013
4701 7.0263E-013
4703 7.0613E-013
4706 7.0799E-013
4709 7.0999E-013
4712 7.0846E-013
4714 7.0758E-013
4717 7.0803E-013
4720 7.1181E-013
4723 7.0789E-013
4725 7.0603E-013
4728 7.0526E-013
4731 7.0442E-013
4734 7.0488E-013
4736 7.0474E-013
4739 7.0634E-013
4742 7.0584E-013
4745 7.0746E-013
4747 7.0608E-013
4750 7.0449E-013
4753 7.0278E-013
4756 7.0110E-013
4758 6.9933E-013
4761 6.9884E-013
4764 6.9980E-013
4767 7.0005E-013
4769 7.0077E-013
4772 7.0048E-013
4775 6.9954E-013
4778 6.9484E-013
4780 6.9374E-013
4783 6.9472E-013
4786 6.9338E-013
4789 6.9154E-013
4791 6.9414E-013
4794 6.9312E-013
4797 6.9189E-013
4800 6.9259E-013
4802 6.8675E-013
4805 6.8817E-013
4808 6.8854E-013
4811 6.8792E-013
4813 6.8629E-013
4816 6.8593E-013
4819 6.8246E-013
4822 6.8206E-013
4824 6.8476E-013
4827 6.7987E-013
4830 6.8067E-013
4833 6.7666E-013
4835 6.6973E-013
4838 6.7047E-013
4841 6.6838E-013
4843 6.6081E-013
4846 6.4983E-013
4849 6.3415E-013
4852 6.0498E-013
4854 5.5301E-013
4857 4.8559E-013
4860 5.0952E-013
4863 5.7371E-013
4865 6.0746E-013
4868 6.2234E-013
4871 6.4045E-013
4874 6.4639E-013
4876 6.5660E-013
4879 6.6269E-013
4882 6.6480E-013
4885 6.6259E-013
4887 6.5799E-013
4890 6.6513E-013
4893 6.7398E-013
4896 6.7590E-013
4898 6.7441E-013
4901 6.7506E-013
4904 6.7654E-013
4907 6.7478E-013
4909 6.7332E-013
4912 6.7090E-013
4915 6.6505E-013
4918 6.5973E-013
4920 6.6301E-013
4923 6.7198E-013
4926 6.7451E-013
4929 6.7174E-013
4931 6.6748E-013
4934 6.7077E-013
4937 6.7208E-013
4940 6.7720E-013
4942 6.7692E-013
4945 6.7730E-013
4948 6.7943E-013
4951 6.7383E-013
4953 6.6151E-013
4956 6.6544E-013
4959 6.7284E-013
4961 6.7247E-013
4964 6.7464E-013
4967 6.7651E-013
4970 6.7396E-013
4972 6.7216E-013
4975 6.6984E-013
4978 6.6232E-013
4981 6.6012E-013
4983 6.6731E-013
4986 6.6859E-013
4989 6.6476E-013
4992 6.6600E-013
4994 6.6904E-013
4997 6.6417E-013
5000 6.6272E-013
5003 6.5670E-013
5005 6.5893E-013
5008 6.5858E-013
5011 6.5483E-013
5014 6.5304E-013
5016 6.5746E-013
5019 6.6420E-013
5022 6.6679E-013
5025 6.6450E-013
5027 6.6699E-013
5030 6.6666E-013
5033 6.6241E-013
5036 6.5745E-013
5038 6.5344E-013
5041 6.5837E-013
5044 6.6307E-013
5047 6.5797E-013
5049 6.6063E-013
5052 6.6395E-013
5055 6.6452E-013
5058 6.5904E-013
5060 6.5755E-013
5063 6.5615E-013
5066 6.5792E-013
5068 6.6074E-013
5071 6.5861E-013
5074 6.5613E-013
5077 6.5235E-013
5079 6.5306E-013
5082 6.5645E-013
5085 6.5774E-013
5088 6.5881E-013
5090 6.5838E-013
5093 6.5465E-013
5096 6.5283E-013
5099 6.5378E-013
5101 6.5255E-013
5104 6.4936E-013
5107 6.5036E-013
5110 6.5249E-013
5112 6.5606E-013
5115 6.5571E-013
5118 6.5289E-013
5121 6.4858E-013
5123 6.4674E-013
5126 6.4673E-013
5129 6.4914E-013
5132 6.4623E-013
5134 6.4177E-013
5137 6.3987E-013
5140 6.4290E-013
5143 6.4469E-013
5145 6.4443E-013
5148 6.4684E-013
5151 6.4668E-013
5153 6.4726E-013
5156 6.4639E-013
5159 6.3821E-013
5162 6.2336E-013
5164 6.0069E-013
5167 6.0575E-013
5170 6.1311E-013
5173 6.3092E-013
5175 6.3370E-013
5178 6.2069E-013
5181 6.1232E-013
5184 6.2465E-013
5186 6.2651E-013
5189 6.2739E-013
5192 6.3185E-013
5195 6.3510E-013
5197 6.3559E-013
5200 6.2861E-013
5203 6.2534E-013
5206 6.2845E-013
5208 6.3449E-013
5211 6.3867E-013
5214 6.3956E-013
5217 6.4120E-013
5219 6.3925E-013
5222 6.2804E-013
5225 6.2586E-013
5227 6.3116E-013
5230 6.3080E-013
5233 6.3668E-013
5236 6.4209E-013
5238 6.4105E-013
5241 6.4137E-013
5244 6.3799E-013
5247 6.3632E-013
5249 6.3778E-013
5252 6.3876E-013
5255 6.3568E-013
5258 6.2858E-013
5260 6.1964E-013
5263 6.1284E-013
5266 6.0758E-013
5269 6.1836E-013
5271 6.2437E-013
5274 6.3010E-013
5277 6.2884E-013
5280 6.2862E-013
5282 6.3155E-013
5285 6.3542E-013
5288 6.3534E-013
5291 6.3406E-013
5293 6.2969E-013
5296 6.3241E-013
5299 6.3108E-013
5301 6.3248E-013
5304 6.3261E-013
5307 6.3164E-013
5310 6.2802E-013
5312 6.2459E-013
5315 6.2753E-013
5318 6.2597E-013
5321 6.1788E-013
5323 6.0987E-013
5326 6.1415E-013
5329 6.2333E-013
5332 6.2491E-013
5334 6.2126E-013
5337 6.1894E-013
5340 6.2257E-013
5343 6.2338E-013
5345 6.2296E-013
5348 6.2592E-013
5351 6.2898E-013
5354 6.2673E-013
5356 6.2599E-013
5359 6.2268E-013
5362 6.1862E-013
5364 6.1600E-013
5367 6.1606E-013
5370 6.1829E-013
5373 6.1970E-013
5375 6.2131E-013
5378 6.1923E-013
5381 6.1880E-013
5384 6.1905E-013
5386 6.1708E-013
5389 6.1475E-013
5392 6.1215E-013
5395 6.0955E-013
5397 6.0989E-013
5400 6.0579E-013
5403 6.0685E-013
5406 6.1035E-013
5408 6.1281E-013
5411 6.1220E-013
5414 6.1419E-013
5417 6.1534E-013
5419 6.1239E-013
5422 6.1073E-013
5425 6.0685E-013
5427 6.0834E-013
5430 6.0826E-013
5433 6.1135E-013
5436 6.1217E-013
5438 6.1148E-013
5441 6.0645E-013
5444 6.0737E-013
5447 6.1011E-013
5449 6.0695E-013
5454 6.0289E-013
5459 6.0597E-013
5464 6.0706E-013
5469 6.0582E-013
5474 6.0526E-013
5479 6.0698E-013
5484 6.0684E-013
5488 6.0778E-013
5493 6.0577E-013
5498 6.0459E-013
5503 6.0121E-013
5508 6.0184E-013
5513 6.0160E-013
5518 6.0383E-013
5523 6.0197E-013
5527 6.0085E-013
5532 6.0138E-013
5537 6.0136E-013
5542 6.0042E-013
5547 6.0222E-013
5552 6.0054E-013
5557 5.9864E-013
5562 5.9757E-013
5566 5.9197E-013
5571 5.9407E-013
5576 5.9395E-013
5581 5.9043E-013
5586 5.8684E-013
5591 5.8575E-013
5596 5.8436E-013
5601 5.8622E-013
5605 5.8786E-013
5610 5.8694E-013
5615 5.8683E-013
5620 5.8853E-013
5625 5.9257E-013
5630 5.9203E-013
5635 5.8678E-013
5639 5.8960E-013
5644 5.8697E-013
5649 5.8682E-013
5654 5.8425E-013
5659 5.8466E-013
5664 5.8405E-013
5669 5.8393E-013
5674 5.8499E-013
5678 5.8499E-013
5683 5.8424E-013
5688 5.8301E-013
5693 5.8168E-013
5698 5.8167E-013
5703 5.8054E-013
5708 5.7745E-013
5713 5.7718E-013
5717 5.8054E-013
5722 5.7785E-013
5727 5.7676E-013
5732 5.7617E-013
5737 5.7601E-013
5742 5.7718E-013
5747 5.7769E-013
5752 5.7500E-013
5756 5.7367E-013
5761 5.7232E-013
5766 5.7348E-013
5771 5.7351E-013
5776 5.7407E-013
5781 5.7164E-013
5786 5.7076E-013
5791 5.7088E-013
5795 5.7057E-013
5800 5.6964E-013
5805 5.6831E-013
5810 5.6837E-013
5815 5.6953E-013
5820 5.6782E-013
5825 5.6475E-013
5830 5.6376E-013
5834 5.6328E-013
5839 5.6489E-013
5844 5.6381E-013
5849 5.6204E-013
5854 5.6186E-013
5859 5.6052E-013
5864 5.5779E-013
5869 5.6082E-013
5873 5.6063E-013
5878 5.5785E-013
5883 5.5119E-013
5888 5.4357E-013
5893 5.4421E-013
5898 5.4959E-013
5903 5.5414E-013
5908 5.5548E-013
5912 5.5667E-013
5917 5.5559E-013
5922 5.5571E-013
5927 5.5337E-013
5932 5.5276E-013
5937 5.5219E-013
5942 5.5262E-013
5947 5.4994E-013
5951 5.5182E-013
5956 5.5196E-013
5961 5.5144E-013
5966 5.5113E-013
5971 5.4858E-013
5976 5.4936E-013
5981 5.4820E-013
5986 5.4623E-013
5990 5.4700E-013
5995 5.4463E-013
6000 5.4470E-013
6005 5.4145E-013
6010 5.4193E-013
6015 5.4235E-013
6020 5.4177E-013
6025 5.4043E-013
6029 5.4130E-013
6034 5.4189E-013
6039 5.3952E-013
6044 5.4052E-013
6049 5.3790E-013
6054 5.3781E-013
6059 5.3628E-013
6064 5.3567E-013
6068 5.3453E-013
6073 5.3396E-013
6078 5.3524E-013
6083 5.3509E-013
6088 5.3145E-013
6093 5.2863E-013
6098 5.2948E-013
6103 5.2955E-013
6108 5.3082E-013
6112 5.2716E-013
6117 5.2461E-013
6122 5.2442E-013
6127 5.2703E-013
6132 5.2395E-013
6137 5.2729E-013
6142 5.2585E-013
6147 5.2633E-013
6151 5.2397E-013
6156 5.2022E-013
6161 5.2026E-013
6166 5.2126E-013
6171 5.2188E-013
6176 5.2393E-013
6181 5.2250E-013
6186 5.1968E-013
6190 5.1975E-013
6195 5.2064E-013
6200 5.2183E-013
6205 5.2215E-013
6210 5.1878E-013
6215 5.1669E-013
6220 5.1491E-013
6225 5.1456E-013
6229 5.1622E-013
6234 5.1756E-013
6239 5.1364E-013
6244 5.1013E-013
6249 5.1097E-013
6254 5.1096E-013
6259 5.1325E-013
6264 5.1039E-013
6268 5.1003E-013
6273 5.1498E-013
6278 5.1149E-013
6283 5.1075E-013
6288 5.1080E-013
6293 5.1209E-013
6298 5.1119E-013
6303 5.0723E-013
6308 5.0288E-013
6312 5.0308E-013
6317 5.0059E-013
6322 4.9834E-013
6327 4.9684E-013
6332 4.9726E-013
6337 4.9453E-013
6342 4.9868E-013
6347 5.0221E-013
6351 5.0140E-013
6356 5.0086E-013
6361 4.9921E-013
6366 4.9725E-013
6371 4.9741E-013
6376 4.9815E-013
6381 4.9733E-013
6386 4.9777E-013
6390 4.9658E-013
6395 4.9458E-013
6400 4.9283E-013
6405 4.9247E-013
6410 4.9172E-013
6415 4.9285E-013
6420 4.9226E-013
6425 4.9222E-013
6429 4.8999E-013
6434 4.8903E-013
6439 4.8896E-013
6444 4.8727E-013
6449 4.8481E-013
6454 4.8701E-013
6459 4.8540E-013
6464 4.8530E-013
6469 4.8704E-013
6473 4.8627E-013
6478 4.8384E-013
6483 4.8271E-013
6488 4.8209E-013
6493 4.7915E-013
6498 4.8176E-013
6503 4.8245E-013
6508 4.8113E-013
6512 4.8011E-013
6517 4.7919E-013
6522 4.7686E-013
6527 4.7508E-013
6532 4.7476E-013
6537 4.7155E-013
6542 4.6353E-013
6547 4.4932E-013
6551 4.2796E-013
6556 3.9565E-013
6561 3.8985E-013
6566 4.2013E-013
6571 4.4658E-013
6576 4.5990E-013
6581 4.6390E-013
6586 4.6723E-013
6591 4.7018E-013
6595 4.6932E-013
6600 4.7082E-013
6605 4.7143E-013
6610 4.7205E-013
6615 4.6970E-013
6620 4.7039E-013
6625 4.6985E-013
6630 4.6976E-013
6634 4.6801E-013
6639 4.6662E-013
6644 4.6781E-013
6649 4.6707E-013
6654 4.6665E-013
6659 4.6690E-013
6664 4.6722E-013
6669 4.6569E-013
6674 4.6476E-013
6678 4.6375E-013
6683 4.6563E-013
6688 4.6492E-013
6693 4.6433E-013
6698 4.6403E-013
6703 4.6194E-013
6708 4.6058E-013
6713 4.6044E-013
6717 4.6221E-013
6722 4.6010E-013
6727 4.5894E-013
6732 4.5997E-013
6737 4.5986E-013
6742 4.5989E-013
6747 4.5918E-013
6752 4.5707E-013
6757 4.5687E-013
6761 4.5733E-013
6766 4.5661E-013
6771 4.5423E-013
6776 4.5568E-013
6781 4.5368E-013
6786 4.5263E-013
6791 4.5218E-013
6796 4.5169E-013
6800 4.5255E-013
6805 4.5132E-013
6810 4.4966E-013
6815 4.5080E-013
6820 4.4984E-013
6825 4.4935E-013
6830 4.5063E-013
6835 4.4896E-013
6839 4.4747E-013
6844 4.4734E-013
6849 4.4539E-013
6854 4.4443E-013
6859 4.4426E-013
6864 4.4370E-013
6869 4.4534E-013
6874 4.4502E-013
6879 4.4479E-013
6883 4.4312E-013
6888 4.4283E-013
6893 4.4295E-013
6898 4.4184E-013
6903 4.4114E-013
6908 4.4150E-013
6913 4.4001E-013
6918 4.4020E-013
6922 4.3939E-013
6927 4.3927E-013
6932 4.4014E-013
6937 4.3710E-013
6942 4.3725E-013
6947 4.3665E-013
6952 4.3486E-013
6957 4.3612E-013
6962 4.3577E-013
6966 4.3697E-013
6971 4.3380E-013
6976 4.3276E-013
6981 4.3403E-013
6986 4.3293E-013
6991 4.3170E-013
6996 4.3060E-013
7001 4.2984E-013
7005 4.2870E-013
7010 4.2972E-013
7015 4.3012E-013
7020 4.2989E-013
7025 4.2907E-013
7030 4.2922E-013
7035 4.2821E-013
7040 4.2728E-013
7045 4.2854E-013
7049 4.2707E-013
7054 4.2614E-013
7059 4.2521E-013
7064 4.2465E-013
7069 4.2464E-013
7074 4.2353E-013
7079 4.2255E-013
7084 4.2226E-013
7089 4.2096E-013
7093 4.2132E-013
7098 4.2048E-013
7103 4.2074E-013
7108 4.2073E-013
7113 4.2061E-013
7118 4.1961E-013
7123 4.1867E-013
7128 4.1858E-013
7132 4.1753E-013
7137 4.1612E-013
7142 4.1482E-013
7147 4.1467E-013
7152 4.1647E-013
7157 4.1441E-013
7162 4.1491E-013
7167 4.1456E-013
7172 4.1419E-013
7176 4.1326E-013
7181 4.1180E-013
7186 4.1169E-013
7191 4.1145E-013
7196 4.1000E-013
7201 4.1012E-013
7206 4.1092E-013
7211 4.1183E-013
7215 4.1145E-013
7220 4.1050E-013
7225 4.1033E-013
7230 4.1069E-013
7235 4.0981E-013
7240 4.0837E-013
7245 4.0653E-013
7250 4.0583E-013
7255 4.0645E-013
7259 4.0686E-013
7264 4.0669E-013
7269 4.0692E-013
7274 4.0506E-013
7279 4.0363E-013
7284 4.0449E-013
7289 4.0193E-013
7294 4.0355E-013
7299 4.0103E-013
7303 4.0063E-013
7308 4.0079E-013
7313 3.9938E-013
7318 3.9965E-013
7323 3.9942E-013
7328 3.9854E-013
7333 3.9970E-013
7338 3.9841E-013
7342 3.9884E-013
7347 3.9816E-013
7352 3.9643E-013
7357 3.9523E-013
7362 3.9671E-013
7367 3.9660E-013
7372 3.9602E-013
7377 3.9548E-013
7382 3.9545E-013
7386 3.9322E-013
7391 3.9152E-013
7396 3.9193E-013
7401 3.9196E-013
7406 3.9020E-013
7411 3.9025E-013
7416 3.8948E-013
7421 3.8978E-013
7425 3.9008E-013
7430 3.8773E-013
7435 3.8785E-013
7440 3.8822E-013
7445 3.8809E-013
7450 3.8853E-013
7455 3.8828E-013
7460 3.8660E-013
7465 3.8753E-013
7469 3.8554E-013
7474 3.8579E-013
7479 3.8555E-013
7484 3.8482E-013
7489 3.8304E-013
7494 3.8240E-013
7499 3.8149E-013
7504 3.8106E-013
7509 3.8171E-013
7513 3.8213E-013
7518 3.8167E-013
7523 3.8097E-013
7528 3.8005E-013
7533 3.8004E-013
7538 3.8041E-013
7543 3.8004E-013
7548 3.7797E-013
7552 3.7705E-013
7557 3.7789E-013
7562 3.7856E-013
7567 3.7868E-013
7572 3.7558E-013
7577 3.7593E-013
7582 3.7696E-013
7587 3.7616E-013
7592 3.7514E-013
7596 3.7406E-013
7601 3.7460E-013
7606 3.7278E-013
7611 3.7258E-013
7616 3.7283E-013
7621 3.7227E-013
7626 3.7106E-013
7631 3.7189E-013
7636 3.7136E-013
7640 3.7092E-013
7645 3.7012E-013
7650 3.6896E-013
7655 3.6656E-013
7660 3.6624E-013
7665 3.6756E-013
7670 3.6890E-013
7675 3.6915E-013
7679 3.6750E-013
7684 3.6548E-013
7689 3.6575E-013
7694 3.6433E-013
7699 3.6554E-013
7704 3.6481E-013
7709 3.6415E-013
7714 3.6350E-013
7719 3.6448E-013
7723 3.6438E-013
7728 3.6420E-013
7733 3.6413E-013
7738 3.6185E-013
7743 3.6247E-013
7748 3.5994E-013
7753 3.5912E-013
7758 3.6134E-013
7763 3.6341E-013
7767 3.5943E-013
7772 3.5845E-013
7777 3.5944E-013
7782 3.5817E-013
7787 3.5852E-013
7792 3.5829E-013
7797 3.5836E-013
7802 3.5904E-013
7806 3.5874E-013
7811 3.5684E-013
7816 3.5683E-013
7821 3.5746E-013
7826 3.5653E-013
7831 3.5542E-013
7836 3.5386E-013
7841 3.5459E-013
7846 3.5222E-013
7850 3.5079E-013
7855 3.5408E-013
7860 3.5357E-013
7865 3.5380E-013
7870 3.5538E-013
7875 3.5162E-013
7880 3.5115E-013
7885 3.5061E-013
7890 3.5068E-013
7894 3.5134E-013
7899 3.5193E-013
7904 3.5140E-013
7909 3.4956E-013
7914 3.4848E-013
7919 3.4874E-013
7924 3.4950E-013
7929 3.4885E-013
7933 3.4861E-013
7938 3.4854E-013
7943 3.4802E-013
7948 3.4898E-013
7953 3.4922E-013
7958 3.4570E-013
7963 3.4409E-013
7968 3.4395E-013
7973 3.4323E-013
7977 3.4446E-013
7982 3.4572E-013
7987 3.4461E-013
7992 3.4263E-013
7997 3.4221E-013
8002 3.4064E-013
8007 3.4023E-013
8012 3.4115E-013
8017 3.4080E-013
8021 3.4125E-013
8026 3.4019E-013
8031 3.4000E-013
8036 3.3846E-013
8041 3.3729E-013
8046 3.3668E-013
8051 3.3578E-013
8056 3.3685E-013
8060 3.3624E-013
8065 3.3691E-013
8070 3.3544E-013
8075 3.3527E-013
8080 3.3336E-013
8085 3.3372E-013
8090 3.3381E-013
8095 3.3361E-013
8100 3.3318E-013
8104 3.3259E-013
8109 3.3214E-013
8114 3.3232E-013
8119 3.3188E-013
8124 3.3239E-013
8129 3.3275E-013
8134 3.3247E-013
8139 3.3020E-013
8144 3.2934E-013
8148 3.2939E-013
8153 3.2924E-013
8158 3.2934E-013
8163 3.2875E-013
8168 3.2853E-013
8173 3.2760E-013
8178 3.2564E-013
8183 3.2477E-013
8187 3.2430E-013
8192 3.2351E-013
8197 3.2271E-013
8202 3.2317E-013
8207 3.2372E-013
8212 3.2352E-013
8217 3.2303E-013
8222 3.2369E-013
8227 3.2315E-013
8231 3.2220E-013
8236 3.2145E-013
8241 3.2089E-013
8246 3.2031E-013
8251 3.2110E-013
8256 3.2200E-013
8261 3.2022E-013
8266 3.1996E-013
8271 3.1976E-013
8275 3.2004E-013
8280 3.2026E-013
8285 3.1901E-013
8290 3.1776E-013
8295 3.1602E-013
8300 3.1675E-013
8305 3.1708E-013
8310 3.1662E-013
8314 3.1608E-013
8319 3.1585E-013
8324 3.1484E-013
8329 3.1452E-013
8334 3.1381E-013
8339 3.1448E-013
8344 3.1335E-013
8349 3.1269E-013
8354 3.1335E-013
8358 3.1261E-013
8363 3.1212E-013
8368 3.1180E-013
8373 3.1206E-013
8378 3.1329E-013
8383 3.1241E-013
8388 3.1018E-013
8393 3.0979E-013
8397 3.1063E-013
8402 3.1013E-013
8407 3.0777E-013
8412 3.0937E-013
8417 3.0841E-013
8422 3.0808E-013
8427 3.0792E-013
8432 3.0826E-013
8437 3.0666E-013
8441 3.0320E-013
8446 3.0407E-013
8451 3.0575E-013
8456 3.0592E-013
8461 3.0414E-013
8466 3.0332E-013
8471 3.0543E-013
8476 3.0377E-013
8481 3.0362E-013
8485 3.0085E-013
8490 2.9742E-013
8495 2.9442E-013
8500 2.9725E-013
8505 3.0025E-013
8510 3.0002E-013
8515 3.0206E-013
8520 2.9914E-013
8524 2.9585E-013
8529 2.9176E-013
8534 2.8138E-013
8539 2.7717E-013
8544 2.8527E-013
8549 2.9288E-013
8554 2.9703E-013
8559 2.9744E-013
8564 2.9722E-013
8568 2.9793E-013
8573 2.9836E-013
8578 2.9771E-013
8583 2.9712E-013
8588 2.9485E-013
8593 2.9426E-013
8598 2.9443E-013
8603 2.9535E-013
8607 2.9454E-013
8612 2.9552E-013
8617 2.9415E-013
8622 2.9399E-013
8627 2.9350E-013
8632 2.9386E-013
8637 2.9211E-013
8642 2.8887E-013
8647 2.8719E-013
8651 2.8338E-013
8656 2.7293E-013
8661 2.7500E-013
8666 2.8437E-013
8671 2.8592E-013
8676 2.8778E-013
8681 2.8721E-013
8686 2.8996E-013
8690 2.9005E-013
8695 2.9097E-013
8700 2.9170E-013
8705 2.9209E-013
8710 2.8941E-013
8715 2.8897E-013
8720 2.8813E-013
8725 2.8711E-013
8730 2.8425E-013
8734 2.8432E-013
8739 2.8324E-013
8744 2.8006E-013
8749 2.8119E-013
8754 2.8252E-013
8759 2.8504E-013
8764 2.8682E-013
8769 2.8616E-013
8774 2.8620E-013
8778 2.8551E-013
8783 2.8462E-013
8788 2.8471E-013
8793 2.8466E-013
8798 2.8361E-013
8803 2.8341E-013
8808 2.8421E-013
8813 2.8269E-013
8817 2.8124E-013
8822 2.8183E-013
8827 2.8128E-013
8832 2.8210E-013
8837 2.8062E-013
8842 2.8013E-013
8847 2.7899E-013
8852 2.7628E-013
8857 2.7312E-013
8861 2.7249E-013
8866 2.7498E-013
8871 2.7698E-013
8876 2.7913E-013
8881 2.8121E-013
8886 2.8005E-013
8891 2.7923E-013
8896 2.7767E-013
8900 2.7650E-013
8905 2.7627E-013
8910 2.7718E-013
8915 2.7807E-013
8920 2.7937E-013
8925 2.7786E-013
8930 2.7667E-013
8935 2.7581E-013
8939 2.7531E-013
8944 2.7391E-013
8949 2.7554E-013
8954 2.7604E-013
8959 2.7627E-013
8964 2.7701E-013
8969 2.7543E-013
8974 2.7313E-013
8979 2.7324E-013
8983 2.7217E-013
8988 2.7195E-013
8993 2.7095E-013
8998 2.6613E-013
9003 2.6417E-013
9008 2.5973E-013
9013 2.6025E-013
9018 2.6460E-013
9022 2.6986E-013
9027 2.6971E-013
9032 2.6994E-013
9037 2.7044E-013
9042 2.6836E-013
9047 2.6923E-013
9052 2.6864E-013
9057 2.6694E-013
9062 2.7000E-013
9066 2.7157E-013
9071 2.6948E-013
9076 2.7130E-013
9081 2.7002E-013
9086 2.6651E-013
9091 2.6512E-013
9096 2.6684E-013
9101 2.6668E-013
9105 2.6641E-013
9110 2.6709E-013
9115 2.6650E-013
9120 2.6606E-013
9125 2.6599E-013
9130 2.6510E-013
9135 2.6648E-013
9140 2.6714E-013
9145 2.6835E-013
9149 2.6981E-013
9154 2.6979E-013
9159 2.6773E-013
9164 2.6603E-013
9169 2.6474E-013
9174 2.6135E-013
9179 2.6099E-013
9184 2.6184E-013
9188 2.6269E-013
9193 2.6182E-013
9198 2.6229E-013
9203 2.5879E-013
9208 2.5393E-013
9213 2.5234E-013
9218 2.4799E-013
9223 2.4480E-013
9227 2.4719E-013
9232 2.5050E-013
9237 2.5281E-013
9242 2.5341E-013
9247 2.5302E-013
9252 2.5310E-013
9257 2.5513E-013
9262 2.5601E-013
9267 2.5539E-013
9271 2.5518E-013
9276 2.5587E-013
9281 2.5432E-013
9286 2.5438E-013
9291 2.5751E-013
9296 2.5679E-013
9301 2.5557E-013
9306 2.5451E-013
9310 2.5309E-013
9315 2.5096E-013
9320 2.4963E-013
9325 2.5107E-013
9330 2.5069E-013
9335 2.5180E-013
9340 2.5140E-013
9345 2.4885E-013
9349 2.4944E-013
9354 2.5038E-013
9359 2.5201E-013
9364 2.5073E-013
9369 2.5147E-013
9374 2.5100E-013
9379 2.5088E-013
9384 2.5047E-013
9389 2.5103E-013
9393 2.5115E-013
9398 2.4905E-013
9403 2.4870E-013
9408 2.4747E-013
9413 2.4765E-013
9418 2.4509E-013
9423 2.4496E-013
9428 2.4531E-013
9432 2.4575E-013
9437 2.4555E-013
9442 2.4773E-013
9447 2.4745E-013
9452 2.4682E-013
9457 2.4662E-013
9462 2.4528E-013
9467 2.4539E-013
9471 2.4409E-013
9476 2.4427E-013
9481 2.4530E-013
9486 2.4236E-013
9491 2.4223E-013
9496 2.4142E-013
9501 2.4121E-013
9506 2.4153E-013
9510 2.3958E-013
9515 2.3852E-013
9520 2.3836E-013
9525 2.3491E-013
9530 2.3483E-013
9535 2.3205E-013
9540 2.2648E-013
9545 2.2771E-013
9549 2.3275E-013
9554 2.3366E-013
9559 2.3520E-013
9564 2.3834E-013
9569 2.3816E-013
9574 2.3651E-013
9579 2.3716E-013
9584 2.3572E-013
9589 2.3631E-013
9593 2.3700E-013
9598 2.3631E-013
9603 2.3566E-013
9608 2.3659E-013
9613 2.3709E-013
9618 2.3637E-013
9623 2.3490E-013
9628 2.3338E-013
9632 2.3251E-013
9637 2.3353E-013
9642 2.3324E-013
9647 2.3172E-013
9652 2.3373E-013
9657 2.3338E-013
9662 2.3414E-013
9667 2.3490E-013
9671 2.3458E-013
9676 2.3281E-013
9681 2.3043E-013
9686 2.3089E-013
9691 2.3228E-013
9696 2.3340E-013
9701 2.3357E-013
9706 2.3222E-013
9710 2.2919E-013
9715 2.2851E-013
9720 2.2713E-013
9725 2.2712E-013
9730 2.2712E-013
9735 2.2774E-013
9740 2.2611E-013
9745 2.2570E-013
9749 2.2600E-013
9754 2.2754E-013
9759 2.2786E-013
9764 2.2756E-013
9769 2.2711E-013
9774 2.2697E-013
9779 2.2771E-013
9784 2.2782E-013
9788 2.2955E-013
9793 2.2617E-013
9798 2.2604E-013
9803 2.2813E-013
9808 2.2614E-013
9813 2.2437E-013
9818 2.2288E-013
9823 2.2304E-013
9827 2.2401E-013
9832 2.2336E-013
9837 2.2407E-013
9842 2.2409E-013
9847 2.2398E-013
9852 2.2507E-013
9857 2.2300E-013
9862 2.2211E-013
9866 2.2244E-013
9871 2.1929E-013
9876 2.2282E-013
9881 2.2559E-013
9886 2.2484E-013
9891 2.2297E-013
9896 2.2234E-013
9901 2.2098E-013
9905 2.1785E-013
9910 2.1943E-013
9915 2.1859E-013
9920 2.1888E-013
9925 2.2157E-013
9930 2.1863E-013
9935 2.1871E-013
9940 2.1859E-013
9944 2.1829E-013
9949 2.1779E-013
9954 2.1661E-013
9959 2.1730E-013
9964 2.1840E-013
9969 2.1676E-013
9974 2.1565E-013
9979 2.1767E-013
9983 2.1720E-013
9988 2.1669E-013
9993 2.1611E-013
9998 2.1720E-013
1E+004 2.1771E-013
1.001E+004 2.1698E-013
1.001E+004 2.1642E-013
1.002E+004 2.1668E-013
1.002E+004 2.1393E-013
1.003E+004 2.1044E-013
1.003E+004 2.0833E-013
1.004E+004 2.0765E-013
1.004E+004 2.0292E-013
1.005E+004 2.0239E-013
1.005E+004 2.0415E-013
1.006E+004 2.0760E-013
1.006E+004 2.0864E-013
1.007E+004 2.1027E-013
1.007E+004 2.1006E-013
1.008E+004 2.1180E-013
1.008E+004 2.0935E-013
1.009E+004 2.0841E-013
1.009E+004 2.0892E-013
1.01E+004 2.1110E-013
1.01E+004 2.1019E-013
1.011E+004 2.1014E-013
1.011E+004 2.1098E-013
1.012E+004 2.1172E-013
1.012E+004 2.1055E-013
1.012E+004 2.1235E-013
1.013E+004 2.1369E-013
1.013E+004 2.1244E-013
1.014E+004 2.1287E-013
1.014E+004 2.1044E-013
1.015E+004 2.1115E-013
1.015E+004 2.1104E-013
1.016E+004 2.0816E-013
1.017E+004 2.1056E-013
1.02E+004 2.0957E-013
1.023E+004 2.0838E-013
1.025E+004 2.0707E-013
1.028E+004 2.0580E-013
1.031E+004 2.0455E-013
1.034E+004 2.0296E-013
1.037E+004 2.0213E-013
1.039E+004 2.0172E-013
1.042E+004 2.0045E-013
1.045E+004 1.9901E-013
1.048E+004 1.9768E-013
1.051E+004 1.9661E-013
1.054E+004 1.9540E-013
1.056E+004 1.9503E-013
1.059E+004 1.9387E-013
1.062E+004 1.9248E-013
1.065E+004 1.9192E-013
1.068E+004 1.8949E-013
1.07E+004 1.8800E-013
1.073E+004 1.8699E-013
1.076E+004 1.8527E-013
1.079E+004 1.8496E-013
1.082E+004 1.8405E-013
1.084E+004 1.8180E-013
1.087E+004 1.7936E-013
1.09E+004 1.7652E-013
1.093E+004 1.7563E-013
1.096E+004 1.7539E-013
1.099E+004 1.7471E-013
1.101E+004 1.7585E-013
1.104E+004 1.7507E-013
1.107E+004 1.7414E-013
1.11E+004 1.7319E-013
1.113E+004 1.7184E-013
1.115E+004 1.7155E-013
1.118E+004 1.7021E-013
1.121E+004 1.6922E-013
1.124E+004 1.6909E-013
1.127E+004 1.6802E-013
1.129E+004 1.6675E-013
1.132E+004 1.6547E-013
1.135E+004 1.6402E-013
1.138E+004 1.6217E-013
1.141E+004 1.6090E-013
1.144E+004 1.6059E-013
1.146E+004 1.5977E-013
1.149E+004 1.5864E-013
1.152E+004 1.5853E-013
1.155E+004 1.5812E-013
1.158E+004 1.5659E-013
1.16E+004 1.5570E-013
1.163E+004 1.5412E-013
1.166E+004 1.5264E-013
1.169E+004 1.5144E-013
1.172E+004 1.5312E-013
1.176E+004 1.5170E-013
1.18E+004 1.5031E-013
1.184E+004 1.4858E-013
1.188E+004 1.4719E-013
1.192E+004 1.4591E-013
1.196E+004 1.4457E-013
1.2E+004 1.4324E-013
1.204E+004 1.4210E-013
1.208E+004 1.4095E-013
1.212E+004 1.4001E-013
1.216E+004 1.3943E-013
1.22E+004 1.3854E-013
1.224E+004 1.3734E-013
1.228E+004 1.3604E-013
1.232E+004 1.3503E-013
1.236E+004 1.3419E-013
1.24E+004 1.3316E-013
1.244E+004 1.3187E-013
1.248E+004 1.3044E-013
1.252E+004 1.2929E-013
1.256E+004 1.2806E-013
1.26E+004 1.2668E-013
1.264E+004 1.2522E-013
1.268E+004 1.2358E-013
1.272E+004 1.2222E-013
1.276E+004 1.2064E-013
1.28E+004 1.1937E-013
1.284E+004 1.1885E-013
1.288E+004 1.1852E-013
1.292E+004 1.1818E-013
1.296E+004 1.1761E-013
1.3E+004 1.1741E-013
1.304E+004 1.1714E-013
1.308E+004 1.1673E-013
1.312E+004 1.1615E-013
1.316E+004 1.1511E-013
1.32E+004 1.1431E-013
1.324E+004 1.1357E-013
1.328E+004 1.1276E-013
1.332E+004 1.1173E-013
1.336E+004 1.1063E-013
1.34E+004 1.0990E-013
1.344E+004 1.0916E-013
1.348E+004 1.0822E-013
1.352E+004 1.0729E-013
1.356E+004 1.0661E-013
1.36E+004 1.0597E-013
1.364E+004 1.0541E-013
1.368E+004 1.0487E-013
1.372E+004 1.0433E-013
1.376E+004 1.0384E-013
1.38E+004 1.0314E-013
1.384E+004 1.0234E-013
1.388E+004 1.0156E-013
1.392E+004 1.0069E-013
1.396E+004 9.9848E-014
1.4E+004 9.9032E-014
1.404E+004 9.8162E-014
1.408E+004 9.7526E-014
1.412E+004 9.6996E-014
1.416E+004 9.6299E-014
1.42E+004 9.5564E-014
1.424E+004 9.5114E-014
1.428E+004 9.4565E-014
1.432E+004 9.3856E-014
1.436E+004 9.3287E-014
1.44E+004 9.2734E-014
1.444E+004 9.2134E-014
1.448E+004 9.1476E-014
1.452E+004 9.1068E-014
1.456E+004 9.0627E-014
1.46E+004 8.9965E-014
1.464E+004 8.9342E-014
1.468E+004 8.8890E-014
1.472E+004 8.8399E-014
1.476E+004 8.7591E-014
1.48E+004 8.6807E-014
1.484E+004 8.6289E-014
1.488E+004 8.5930E-014
1.492E+004 8.5435E-014
1.496E+004 8.4730E-014
1.5E+004 8.4120E-014
1.504E+004 8.3617E-014
1.508E+004 8.3255E-014
1.512E+004 8.2769E-014
1.516E+004 8.2209E-014
1.52E+004 8.1637E-014
1.524E+004 8.1145E-014
1.528E+004 8.0694E-014
1.532E+004 8.0178E-014
1.536E+004 7.9866E-014
1.54E+004 7.9484E-014
1.544E+004 7.9058E-014
1.548E+004 7.8427E-014
1.552E+004 7.7769E-014
1.556E+004 7.7292E-014
1.56E+004 7.6767E-014
1.564E+004 7.6054E-014
1.568E+004 7.5236E-014
1.572E+004 7.4601E-014
1.576E+004 7.4083E-014
1.58E+004 7.3733E-014
1.584E+004 7.3302E-014
1.588E+004 7.2943E-014
1.592E+004 7.2535E-014
1.596E+004 7.2021E-014
1.6E+004 7.1476E-014
1.604E+004 7.0910E-014
1.608E+004 7.0337E-014
1.612E+004 6.9890E-014
1.616E+004 6.9631E-014
1.62E+004 6.9146E-014
1.624E+004 6.8682E-014
1.628E+004 6.8095E-014
1.632E+004 6.7346E-014
1.636E+004 6.6617E-014
1.64E+004 6.6002E-014
1.644E+004 6.5594E-014
1.648E+004 6.5338E-014
1.652E+004 6.5061E-014
1.656E+004 6.4695E-014
1.66E+004 6.4190E-014
1.664E+004 6.3488E-014
1.668E+004 6.2758E-014
1.672E+004 6.2041E-014
1.676E+004 6.1296E-014
1.68E+004 6.0581E-014
1.684E+004 6.0201E-014
1.688E+004 6.0028E-014
1.692E+004 5.9888E-014
1.696E+004 5.9658E-014
1.7E+004 5.9333E-014
1.704E+004 5.8913E-014
1.708E+004 5.8335E-014
1.712E+004 5.7765E-014
1.716E+004 5.7217E-014
1.72E+004 5.6682E-014
1.724E+004 5.5962E-014
1.728E+004 5.5107E-014
1.732E+004 5.4274E-014
1.736E+004 5.3638E-014
1.74E+004 5.3398E-014
1.744E+004 5.3436E-014
1.748E+004 5.3365E-014
1.752E+004 5.3109E-014
1.756E+004 5.2804E-014
1.76E+004 5.2435E-014
1.764E+004 5.1979E-014
1.768E+004 5.1479E-014
1.772E+004 5.1110E-014
1.776E+004 5.0722E-014
1.78E+004 5.0311E-014
1.784E+004 4.9877E-014
1.788E+004 4.9511E-014
1.792E+004 4.9157E-014
1.796E+004 4.8699E-014
1.8E+004 4.8233E-014
1.804E+004 4.7670E-014
1.808E+004 4.7102E-014
1.812E+004 4.6393E-014
1.816E+004 4.5779E-014
1.82E+004 4.5389E-014
1.824E+004 4.5285E-014
1.828E+004 4.5191E-014
1.832E+004 4.5017E-014
1.836E+004 4.4768E-014
1.84E+004 4.4363E-014
1.844E+004 4.4037E-014
1.848E+004 4.3635E-014
1.852E+004 4.3333E-014
1.856E+004 4.2826E-014
1.86E+004 4.2366E-014
1.864E+004 4.1650E-014
1.868E+004 4.0955E-014
1.872E+004 4.0087E-014
1.876E+004 3.9860E-014
1.88E+004 4.0214E-014
1.884E+004 4.0149E-014
1.888E+004 4.0246E-014
1.893E+004 3.9859E-014
1.899E+004 3.9503E-014
1.905E+004 3.9045E-014
1.911E+004 3.8589E-014
1.916E+004 3.8195E-014
1.922E+004 3.7790E-014
1.928E+004 3.7392E-014
1.934E+004 3.6761E-014
1.939E+004 3.6108E-014
1.945E+004 3.5736E-014
1.951E+004 3.5643E-014
1.957E+004 3.5570E-014
1.962E+004 3.5345E-014
1.968E+004 3.5015E-014
1.974E+004 3.4589E-014
1.979E+004 3.4184E-014
1.985E+004 3.3846E-014
1.991E+004 3.3521E-014
1.997E+004 3.3216E-014
2.002E+004 3.2871E-014
2.008E+004 3.2542E-014
2.014E+004 3.2235E-014
2.02E+004 3.1937E-014
2.025E+004 3.1622E-014
2.031E+004 3.1328E-014
2.037E+004 3.1024E-014
2.043E+004 3.0729E-014
2.048E+004 3.0445E-014
2.054E+004 3.0110E-014
2.06E+004 2.9801E-014
2.066E+004 2.9502E-014
2.071E+004 2.9195E-014
2.077E+004 2.8892E-014
2.083E+004 2.8567E-014
2.089E+004 2.8274E-014
2.094E+004 2.8001E-014
2.1E+004 2.7741E-014
2.106E+004 2.7484E-014
2.111E+004 2.7180E-014
2.117E+004 2.6894E-014
2.123E+004 2.6646E-014
2.129E+004 2.6457E-014
2.134E+004 2.6200E-014
2.14E+004 2.5877E-014
2.146E+004 2.5574E-014
2.152E+004 2.5240E-014
2.157E+004 2.4869E-014
2.163E+004 2.4575E-014
2.169E+004 2.4392E-014
2.175E+004 2.4324E-014
2.18E+004 2.4269E-014
2.186E+004 2.4144E-014
2.192E+004 2.3964E-014
2.198E+004 2.3749E-014
2.203E+004 2.3497E-014
2.209E+004 2.3248E-014
2.215E+004 2.3059E-014
2.221E+004 2.2870E-014
2.226E+004 2.2707E-014
2.232E+004 2.2530E-014
2.238E+004 2.2298E-014
2.243E+004 2.2101E-014
2.249E+004 2.1914E-014
2.255E+004 2.1732E-014
2.261E+004 2.1546E-014
2.266E+004 2.1289E-014
2.272E+004 2.1049E-014
2.278E+004 2.0888E-014
2.284E+004 2.0711E-014
2.289E+004 2.0493E-014
2.295E+004 2.0268E-014
2.301E+004 2.0081E-014
2.307E+004 1.9912E-014
2.312E+004 1.9749E-014
2.318E+004 1.9550E-014
2.324E+004 1.9372E-014
2.33E+004 1.9213E-014
2.335E+004 1.9068E-014
2.341E+004 1.8935E-014
2.347E+004 1.8744E-014
2.352E+004 1.8547E-014
2.358E+004 1.8338E-014
2.364E+004 1.8156E-014
2.37E+004 1.7994E-014
2.375E+004 1.7825E-014
2.381E+004 1.7695E-014
2.387E+004 1.7547E-014
2.393E+004 1.7376E-014
2.398E+004 1.7210E-014
2.404E+004 1.7035E-014
2.41E+004 1.6837E-014
2.416E+004 1.6629E-014
2.421E+004 1.6434E-014
2.427E+004 1.6290E-014
2.433E+004 1.6159E-014
2.439E+004 1.5988E-014
2.444E+004 1.5804E-014
2.45E+004 1.5671E-014
2.456E+004 1.5526E-014
2.462E+004 1.5466E-014
2.467E+004 1.5489E-014
2.473E+004 1.5475E-014
