1140 3.4667E-012
1140 3.4667E-012
1141 3.1665E-012
1142 3.1849E-012
1142 3.1955E-012
1143 3.1681E-012
1143 3.2413E-012
1144 3.2682E-012
1144 3.2554E-012
1145 3.2880E-012
1146 3.2808E-012
1146 3.3142E-012
1147 3.3186E-012
1147 3.3051E-012
1148 3.3024E-012
1149 3.3056E-012
1149 3.2952E-012
1150 3.3003E-012
1150 3.2835E-012
1151 3.2677E-012
1151 3.2459E-012
1152 3.2303E-012
1153 3.2513E-012
1153 3.2542E-012
1154 3.2571E-012
1154 3.2674E-012
1155 3.2592E-012
1156 3.2675E-012
1156 3.2602E-012
1157 3.2570E-012
1157 3.2676E-012
1158 3.2715E-012
1158 3.2647E-012
1159 3.2711E-012
1160 3.2981E-012
1160 3.2997E-012
1161 3.2958E-012
1161 3.2825E-012
1162 3.2760E-012
1163 3.2358E-012
1163 3.2483E-012
1164 3.2445E-012
1164 3.2515E-012
1165 3.2483E-012
1165 3.2292E-012
1166 3.2167E-012
1167 3.2015E-012
1167 3.1642E-012
1168 3.1541E-012
1168 3.1468E-012
1169 3.1432E-012
1170 3.1539E-012
1170 3.1464E-012
1171 3.1377E-012
1171 3.1500E-012
1172 3.1538E-012
1172 3.1415E-012
1173 3.1303E-012
1174 3.1474E-012
1174 3.1561E-012
1175 3.1454E-012
1175 3.1350E-012
1176 3.1348E-012
1177 3.1292E-012
1177 3.1094E-012
1178 3.1014E-012
1178 3.1024E-012
1179 3.0833E-012
1179 3.0705E-012
1180 3.0471E-012
1181 3.0449E-012
1181 3.0292E-012
1182 3.0253E-012
1182 3.0229E-012
1183 3.0238E-012
1184 3.0111E-012
1184 2.9892E-012
1185 2.9668E-012
1185 2.9645E-012
1186 2.9473E-012
1187 2.9365E-012
1187 2.9202E-012
1188 2.9147E-012
1188 2.8982E-012
1189 2.9027E-012
1189 2.8890E-012
1190 2.8823E-012
1191 2.8625E-012
1191 2.8704E-012
1192 2.8681E-012
1192 2.8572E-012
1193 2.8416E-012
1194 2.8229E-012
1194 2.8093E-012
1195 2.7771E-012
1195 2.7544E-012
1196 2.7290E-012
1196 2.7086E-012
1197 2.6988E-012
1198 2.6618E-012
1198 2.6307E-012
1199 2.5893E-012
1199 2.5378E-012
1200 2.4950E-012
1201 2.4770E-012
1201 2.4673E-012
1202 2.4618E-012
1202 2.4146E-012
1203 2.3725E-012
1203 2.3328E-012
1204 2.2928E-012
1205 2.2472E-012
1205 2.1904E-012
1206 2.1402E-012
1206 2.0936E-012
1207 2.0383E-012
1208 1.9720E-012
1208 1.9008E-012
1209 1.8207E-012
1209 1.7490E-012
1210 1.6693E-012
1210 1.5777E-012
1211 1.4842E-012
1212 1.3913E-012
1212 1.3009E-012
1213 1.2046E-012
1213 1.1053E-012
1214 9.9898E-013
1215 9.0013E-013
1215 8.0900E-013
1216 7.7375E-013
1216 8.4217E-013
1217 9.3010E-013
1217 1.0167E-012
1218 1.1113E-012
1219 1.2065E-012
1219 1.2925E-012
1220 1.3802E-012
1220 1.4616E-012
1221 1.5442E-012
1222 1.6173E-012
1222 1.6884E-012
1223 1.7502E-012
1223 1.8127E-012
1224 1.8719E-012
1224 1.9237E-012
1225 1.9856E-012
1226 2.0302E-012
1226 2.0820E-012
1227 2.1201E-012
1227 2.1729E-012
1228 2.1954E-012
1229 2.2441E-012
1229 2.2657E-012
1230 2.2979E-012
1230 2.3130E-012
1231 2.3296E-012
1231 2.3664E-012
1232 2.4001E-012
1233 2.4192E-012
1233 2.4354E-012
1234 2.4601E-012
1234 2.4628E-012
1235 2.4725E-012
1236 2.4892E-012
1236 2.4926E-012
1237 2.5095E-012
1237 2.5148E-012
1238 2.5361E-012
1238 2.5307E-012
1239 2.5367E-012
1240 2.5374E-012
1240 2.5520E-012
1241 2.5492E-012
1241 2.5561E-012
1242 2.5501E-012
1243 2.5473E-012
1243 2.5489E-012
1244 2.5474E-012
1244 2.5567E-012
1245 2.5413E-012
1245 2.5496E-012
1246 2.5462E-012
1247 2.5458E-012
1247 2.5505E-012
1248 2.5560E-012
1248 2.5542E-012
1249 2.5537E-012
1250 2.5588E-012
1250 2.5460E-012
1251 2.5506E-012
1251 2.5506E-012
1252 2.5515E-012
1253 2.5528E-012
1253 2.5442E-012
1254 2.5466E-012
1254 2.5417E-012
1255 2.5380E-012
1255 2.5319E-012
1256 2.5312E-012
1257 2.5402E-012
1257 2.5411E-012
1258 2.5347E-012
1258 2.5204E-012
1259 2.5185E-012
1260 2.5088E-012
1260 2.5094E-012
1261 2.5096E-012
1261 2.5163E-012
1262 2.5080E-012
1262 2.5143E-012
1263 2.5106E-012
1264 2.5111E-012
1264 2.5121E-012
1265 2.5120E-012
1265 2.4896E-012
1266 2.4984E-012
1267 2.4798E-012
1267 2.4882E-012
1268 2.4791E-012
1268 2.4903E-012
1269 2.4728E-012
1269 2.4763E-012
1270 2.4582E-012
1271 2.4723E-012
1271 2.4646E-012
1272 2.4619E-012
1272 2.4560E-012
1273 2.4442E-012
1274 2.4442E-012
1274 2.4559E-012
1275 2.4494E-012
1275 2.4426E-012
1276 2.4354E-012
1276 2.4447E-012
1277 2.4106E-012
1278 2.4300E-012
1278 2.4285E-012
1279 2.4294E-012
1279 2.4317E-012
1280 2.4125E-012
1281 2.4157E-012
1281 2.4059E-012
1282 2.3972E-012
1282 2.3943E-012
1283 2.3949E-012
1283 2.3989E-012
1284 2.4045E-012
1285 2.3967E-012
1285 2.3948E-012
1286 2.3943E-012
1286 2.3916E-012
1287 2.3808E-012
1288 2.3751E-012
1288 2.3680E-012
1289 2.3754E-012
1289 2.3613E-012
1290 2.3620E-012
1290 2.3542E-012
1291 2.3524E-012
1292 2.3434E-012
1292 2.3494E-012
1293 2.3487E-012
1293 2.3320E-012
1294 2.3273E-012
1295 2.3254E-012
1295 2.3284E-012
1296 2.3203E-012
1296 2.3186E-012
1297 2.3224E-012
1297 2.3195E-012
1298 2.3110E-012
1299 2.3143E-012
1299 2.3174E-012
1300 2.3127E-012
1300 2.3152E-012
1301 2.3032E-012
1302 2.2799E-012
1302 2.2762E-012
1303 2.2806E-012
1303 2.2996E-012
1304 2.2840E-012
1304 2.3002E-012
1305 2.2766E-012
1306 2.2926E-012
1306 2.2864E-012
1307 2.2871E-012
1307 2.2702E-012
1308 2.2789E-012
1309 2.2694E-012
1309 2.2574E-012
1310 2.2515E-012
1310 2.2416E-012
1311 2.2297E-012
1311 2.2359E-012
1312 2.2338E-012
1313 2.2361E-012
1313 2.2286E-012
1314 2.2349E-012
1314 2.2262E-012
1315 2.2179E-012
1316 2.2235E-012
1316 2.2206E-012
1317 2.2202E-012
1317 2.2215E-012
1318 2.2204E-012
1318 2.2114E-012
1319 2.2162E-012
1320 2.2104E-012
1320 2.2042E-012
1321 2.2031E-012
1321 2.1903E-012
1322 2.1844E-012
1323 2.1747E-012
1323 2.1821E-012
1324 2.1802E-012
1324 2.1768E-012
1325 2.1716E-012
1325 2.1770E-012
1326 2.1744E-012
1327 2.1645E-012
1327 2.1603E-012
1328 2.1653E-012
1328 2.1646E-012
1329 2.1557E-012
1330 2.1498E-012
1330 2.1435E-012
1331 2.1414E-012
1331 2.1378E-012
1332 2.1324E-012
1333 2.1278E-012
1333 2.1149E-012
1334 2.0994E-012
1334 2.0828E-012
1335 2.0900E-012
1335 2.0967E-012
1336 2.1104E-012
1337 2.1035E-012
1337 2.1021E-012
1338 2.0993E-012
1338 2.1112E-012
1339 2.1043E-012
1340 2.1099E-012
1340 2.1004E-012
1341 2.0950E-012
1341 2.0710E-012
1342 2.0876E-012
1342 2.0809E-012
1343 2.0881E-012
1344 2.0755E-012
1344 2.0715E-012
1345 2.0722E-012
1345 2.0722E-012
1346 2.0647E-012
1347 2.0672E-012
1347 2.0609E-012
1348 2.0671E-012
1348 2.0597E-012
1349 2.0510E-012
1349 2.0485E-012
1350 2.0455E-012
1351 2.0407E-012
1351 2.0369E-012
1352 2.0332E-012
1352 2.0324E-012
1353 2.0258E-012
1354 2.0269E-012
1354 2.0207E-012
1355 2.0267E-012
1355 2.0142E-012
1356 2.0147E-012
1356 2.0223E-012
1357 2.0162E-012
1358 2.0140E-012
1358 2.0128E-012
1359 2.0056E-012
1359 1.9924E-012
1360 1.9949E-012
1361 2.0022E-012
1361 1.9816E-012
1362 1.9839E-012
1362 1.9785E-012
1363 1.9883E-012
1363 1.9857E-012
1364 1.9807E-012
1365 1.9755E-012
1365 1.9692E-012
1366 1.9744E-012
1366 1.9701E-012
1367 1.9781E-012
1368 1.9597E-012
1368 1.9679E-012
1369 1.9592E-012
1369 1.9631E-012
1370 1.9534E-012
1370 1.9485E-012
1371 1.9408E-012
1372 1.9516E-012
1372 1.9517E-012
1373 1.9384E-012
1373 1.9331E-012
1374 1.9274E-012
1375 1.9295E-012
1375 1.9370E-012
1376 1.9314E-012
1376 1.9281E-012
1377 1.9268E-012
1377 1.9170E-012
1378 1.9153E-012
1379 1.9096E-012
1379 1.9084E-012
1380 1.9021E-012
1380 1.9102E-012
1381 1.9050E-012
1382 1.9019E-012
1382 1.8979E-012
1383 1.9007E-012
1383 1.8939E-012
1384 1.8920E-012
1384 1.8847E-012
1385 1.8882E-012
1386 1.8818E-012
1386 1.8888E-012
1387 1.8736E-012
1387 1.8754E-012
1388 1.8735E-012
1389 1.8755E-012
1389 1.8627E-012
1390 1.8694E-012
1390 1.8585E-012
1391 1.8581E-012
1391 1.8513E-012
1392 1.8488E-012
1393 1.8503E-012
1393 1.8441E-012
1394 1.8314E-012
1394 1.8428E-012
1395 1.8435E-012
1396 1.8417E-012
1396 1.8352E-012
1397 1.8394E-012
1397 1.8325E-012
1398 1.8346E-012
1398 1.8329E-012
1399 1.8248E-012
1400 1.8208E-012
1400 1.8205E-012
1401 1.8217E-012
1401 1.8140E-012
1402 1.8050E-012
1403 1.7934E-012
1403 1.8017E-012
1404 1.8049E-012
1404 1.8007E-012
1405 1.8000E-012
1405 1.7919E-012
1406 1.7887E-012
1407 1.7836E-012
1407 1.7792E-012
1408 1.7739E-012
1408 1.7757E-012
1409 1.7817E-012
1410 1.7726E-012
1410 1.7764E-012
1411 1.7756E-012
1411 1.7764E-012
1412 1.7754E-012
1412 1.7684E-012
1413 1.7716E-012
1414 1.7727E-012
1414 1.7615E-012
1415 1.7642E-012
1415 1.7628E-012
1416 1.7639E-012
1417 1.7571E-012
1417 1.7484E-012
1418 1.7464E-012
1418 1.7465E-012
1419 1.7470E-012
1420 1.7404E-012
1420 1.7403E-012
1421 1.7356E-012
1421 1.7324E-012
1422 1.7268E-012
1422 1.7265E-012
1423 1.7184E-012
1424 1.7201E-012
1424 1.7159E-012
1425 1.7244E-012
1425 1.7160E-012
1426 1.7223E-012
1427 1.7099E-012
1427 1.7158E-012
1428 1.7168E-012
1428 1.7076E-012
1429 1.7019E-012
1429 1.7019E-012
1430 1.7004E-012
1431 1.6981E-012
1431 1.6947E-012
1432 1.6923E-012
1432 1.6861E-012
1433 1.6818E-012
1434 1.6839E-012
1434 1.6856E-012
1435 1.6780E-012
1435 1.6859E-012
1436 1.6801E-012
1436 1.6771E-012
1437 1.6680E-012
1438 1.6646E-012
1438 1.6675E-012
1439 1.6648E-012
1439 1.6547E-012
1440 1.6597E-012
1441 1.6588E-012
1441 1.6563E-012
1442 1.6485E-012
1442 1.6597E-012
1443 1.6552E-012
1443 1.6533E-012
1444 1.6476E-012
1445 1.6446E-012
1445 1.6399E-012
1446 1.6485E-012
1446 1.6363E-012
1447 1.6301E-012
1448 1.6355E-012
1448 1.6311E-012
1449 1.6264E-012
1449 1.6205E-012
1450 1.6194E-012
1450 1.6114E-012
1451 1.6079E-012
1452 1.6100E-012
1452 1.6124E-012
1453 1.6142E-012
1453 1.6170E-012
1454 1.6183E-012
1455 1.6118E-012
1455 1.6086E-012
1456 1.5956E-012
1456 1.5996E-012
1457 1.5962E-012
1457 1.5993E-012
1458 1.5907E-012
1459 1.6005E-012
1459 1.5969E-012
1460 1.5905E-012
1460 1.5850E-012
1461 1.5857E-012
1462 1.5811E-012
1462 1.5742E-012
1463 1.5755E-012
1463 1.5723E-012
1464 1.5733E-012
1464 1.5721E-012
1465 1.5821E-012
1466 1.5710E-012
1466 1.5643E-012
1467 1.5622E-012
1467 1.5608E-012
1468 1.5606E-012
1469 1.5571E-012
1469 1.5601E-012
1470 1.5549E-012
1470 1.5571E-012
1471 1.5568E-012
1471 1.5504E-012
1472 1.5388E-012
1473 1.5429E-012
1473 1.5372E-012
1474 1.5372E-012
1474 1.5312E-012
1475 1.5281E-012
1476 1.5253E-012
1476 1.5257E-012
1477 1.5169E-012
1477 1.5187E-012
1478 1.5211E-012
1478 1.5182E-012
1479 1.5235E-012
1480 1.5248E-012
1480 1.5222E-012
1481 1.5177E-012
1481 1.5160E-012
1482 1.5167E-012
1483 1.5086E-012
1483 1.5084E-012
1484 1.5106E-012
1484 1.5101E-012
1485 1.5052E-012
1485 1.5076E-012
1486 1.4994E-012
1487 1.4881E-012
1487 1.4841E-012
1488 1.4964E-012
1488 1.4880E-012
1489 1.5023E-012
1490 1.4922E-012
1490 1.4802E-012
1491 1.4812E-012
1491 1.4830E-012
1492 1.4776E-012
1492 1.4768E-012
1493 1.4690E-012
1494 1.4701E-012
1494 1.4685E-012
1495 1.4713E-012
1495 1.4697E-012
1496 1.4559E-012
1497 1.4600E-012
1497 1.4685E-012
1498 1.4617E-012
1498 1.4585E-012
1499 1.4631E-012
1499 1.4588E-012
1500 1.4561E-012
1501 1.4575E-012
1501 1.4548E-012
1502 1.4443E-012
1502 1.4501E-012
1503 1.4467E-012
1504 1.4395E-012
1504 1.4437E-012
1505 1.4383E-012
1505 1.4378E-012
1506 1.4342E-012
1506 1.4316E-012
1507 1.4293E-012
1508 1.4283E-012
1508 1.4277E-012
1509 1.4236E-012
1509 1.4171E-012
1510 1.4233E-012
1511 1.4166E-012
1511 1.4160E-012
1512 1.4090E-012
1512 1.4253E-012
1513 1.4107E-012
1513 1.4200E-012
1514 1.4230E-012
1515 1.4137E-012
1515 1.4047E-012
1516 1.4012E-012
1516 1.4022E-012
1517 1.4023E-012
1518 1.3942E-012
1518 1.3966E-012
1519 1.3867E-012
1519 1.3865E-012
1520 1.3829E-012
1520 1.3887E-012
1521 1.3835E-012
1522 1.3818E-012
1522 1.3850E-012
1523 1.3873E-012
1523 1.3842E-012
1524 1.3817E-012
1525 1.3844E-012
1525 1.3818E-012
1526 1.3774E-012
1526 1.3665E-012
1527 1.3743E-012
1527 1.3652E-012
1528 1.3666E-012
1529 1.3697E-012
1529 1.3646E-012
1530 1.3625E-012
1530 1.3596E-012
1531 1.3585E-012
1532 1.3570E-012
1532 1.3554E-012
1533 1.3514E-012
1533 1.3511E-012
1534 1.3494E-012
1535 1.3575E-012
1535 1.3432E-012
1536 1.3450E-012
1536 1.3375E-012
1537 1.3406E-012
1537 1.3371E-012
1538 1.3442E-012
1539 1.3424E-012
1539 1.3411E-012
1540 1.3388E-012
1540 1.3295E-012
1541 1.3253E-012
1542 1.3238E-012
1542 1.3281E-012
1543 1.3268E-012
1543 1.3253E-012
1544 1.3248E-012
1544 1.3191E-012
1545 1.3230E-012
1546 1.3203E-012
1546 1.3144E-012
1547 1.3189E-012
1547 1.3253E-012
1548 1.3159E-012
1549 1.3143E-012
1549 1.3238E-012
1550 1.3130E-012
1550 1.3075E-012
1551 1.2986E-012
1551 1.3016E-012
1552 1.3020E-012
1553 1.2995E-012
1553 1.2958E-012
1554 1.2954E-012
1554 1.2963E-012
1555 1.2905E-012
1556 1.2956E-012
1556 1.2906E-012
1557 1.2877E-012
1557 1.2891E-012
1558 1.2825E-012
1558 1.2784E-012
1559 1.2821E-012
1560 1.2839E-012
1560 1.2827E-012
1561 1.2788E-012
1561 1.2786E-012
1562 1.2745E-012
1563 1.2697E-012
1563 1.2656E-012
1564 1.2623E-012
1564 1.2599E-012
1565 1.2741E-012
1565 1.2686E-012
1566 1.2607E-012
1567 1.2631E-012
1567 1.2536E-012
1568 1.2489E-012
1568 1.2501E-012
1569 1.2473E-012
1570 1.2482E-012
1570 1.2543E-012
1571 1.2495E-012
1571 1.2514E-012
1572 1.2531E-012
1572 1.2474E-012
1573 1.2449E-012
1574 1.2530E-012
1574 1.2454E-012
1575 1.2412E-012
1575 1.2347E-012
1576 1.2323E-012
1577 1.2295E-012
1577 1.2365E-012
1578 1.2417E-012
1578 1.2318E-012
1579 1.2231E-012
1579 1.2279E-012
1580 1.2287E-012
1581 1.2252E-012
1581 1.2202E-012
1582 1.2240E-012
1582 1.2133E-012
1583 1.2155E-012
1584 1.2156E-012
1584 1.2167E-012
1585 1.2095E-012
1585 1.2118E-012
1586 1.2074E-012
1586 1.1974E-012
1587 1.2004E-012
1588 1.2049E-012
1588 1.2008E-012
1589 1.1934E-012
1589 1.1930E-012
1590 1.1905E-012
1591 1.1928E-012
1591 1.2020E-012
1592 1.2028E-012
1592 1.2007E-012
1593 1.1952E-012
1593 1.1933E-012
1594 1.1953E-012
1595 1.1893E-012
1595 1.1896E-012
1596 1.1886E-012
1596 1.1933E-012
1597 1.1824E-012
1598 1.1839E-012
1598 1.1848E-012
1599 1.1768E-012
1599 1.1796E-012
1600 1.1791E-012
1600 1.1833E-012
1601 1.1789E-012
1602 1.1645E-012
1602 1.1689E-012
1603 1.1728E-012
1603 1.1682E-012
1604 1.1667E-012
1605 1.1710E-012
1605 1.1582E-012
1606 1.1645E-012
1606 1.1698E-012
1607 1.1680E-012
1607 1.1592E-012
1608 1.1545E-012
1609 1.1507E-012
1609 1.1550E-012
1610 1.1569E-012
1610 1.1557E-012
1611 1.1643E-012
1612 1.1573E-012
1612 1.1465E-012
1613 1.1469E-012
1613 1.1489E-012
1614 1.1445E-012
1614 1.1457E-012
1615 1.1442E-012
1616 1.1421E-012
1616 1.1389E-012
1617 1.1385E-012
1617 1.1464E-012
1618 1.1436E-012
1619 1.1308E-012
1619 1.1331E-012
1620 1.1322E-012
1620 1.1210E-012
1621 1.1182E-012
1621 1.1190E-012
1622 1.1199E-012
1623 1.1144E-012
1623 1.1243E-012
1624 1.1238E-012
1624 1.1247E-012
1625 1.1125E-012
1626 1.1195E-012
1626 1.1218E-012
1627 1.1090E-012
1627 1.1051E-012
1628 1.1177E-012
1628 1.1108E-012
1629 1.1142E-012
1630 1.1122E-012
1630 1.1061E-012
1631 1.0996E-012
1631 1.1011E-012
1632 1.0957E-012
1633 1.1044E-012
1633 1.0959E-012
1634 1.0903E-012
1634 1.0892E-012
1635 1.0959E-012
1635 1.0927E-012
1636 1.0904E-012
1637 1.0988E-012
1637 1.0955E-012
1638 1.0954E-012
1638 1.0906E-012
1639 1.0863E-012
1640 1.0786E-012
1640 1.0799E-012
1641 1.0851E-012
1641 1.0842E-012
1642 1.0854E-012
1642 1.0833E-012
1643 1.0821E-012
1644 1.0801E-012
1644 1.0750E-012
1645 1.0817E-012
1645 1.0618E-012
1646 1.0611E-012
1647 1.0593E-012
1647 1.0641E-012
1648 1.0580E-012
1648 1.0677E-012
1649 1.0647E-012
1649 1.0648E-012
1650 1.0585E-012
1651 1.0533E-012
1651 1.0627E-012
1652 1.0514E-012
1652 1.0608E-012
1653 1.0579E-012
1654 1.0531E-012
1654 1.0555E-012
1655 1.0548E-012
1655 1.0476E-012
1656 1.0563E-012
1656 1.0596E-012
1657 1.0475E-012
1658 1.0470E-012
1658 1.0479E-012
1659 1.0462E-012
1659 1.0396E-012
1660 1.0434E-012
1661 1.0363E-012
1661 1.0387E-012
1662 1.0366E-012
1662 1.0377E-012
1663 1.0290E-012
1663 1.0259E-012
1664 1.0271E-012
1665 1.0245E-012
1665 1.0210E-012
1666 1.0247E-012
1666 1.0285E-012
1667 1.0208E-012
1668 1.0300E-012
1668 1.0270E-012
1669 1.0297E-012
1669 1.0260E-012
1670 1.0244E-012
1670 1.0201E-012
1671 1.0258E-012
1672 1.0226E-012
1672 1.0245E-012
1673 1.0224E-012
1673 1.0169E-012
1674 1.0116E-012
1675 1.0131E-012
1675 1.0064E-012
1676 1.0059E-012
1676 1.0014E-012
1677 9.9109E-013
1677 9.8929E-013
1679 1.0007E-012
1680 9.9591E-013
1682 9.9336E-013
1683 9.8993E-013
1684 9.8970E-013
1686 9.8888E-013
1687 9.8246E-013
1689 9.8248E-013
1690 9.8007E-013
1691 9.7761E-013
1693 9.7159E-013
1694 9.6967E-013
1695 9.6785E-013
1697 9.6715E-013
1698 9.6537E-013
1700 9.6330E-013
1701 9.6034E-013
1702 9.5848E-013
1704 9.5367E-013
1705 9.5406E-013
1706 9.4920E-013
1708 9.4806E-013
1709 9.4415E-013
1711 9.4116E-013
1712 9.4117E-013
1713 9.3532E-013
1715 9.2999E-013
1716 9.2737E-013
1717 9.2790E-013
1719 9.2622E-013
1720 9.2807E-013
1722 9.2404E-013
1723 9.1959E-013
1724 9.1983E-013
1726 9.1672E-013
1727 9.0888E-013
1728 9.0551E-013
1730 9.0463E-013
1731 9.0464E-013
1732 9.0001E-013
1734 8.9807E-013
1735 8.9536E-013
1737 8.9659E-013
1738 8.9442E-013
1739 8.9116E-013
1741 8.8944E-013
1742 8.8578E-013
1743 8.8020E-013
1745 8.7758E-013
1746 8.7764E-013
1748 8.7626E-013
1749 8.7053E-013
1750 8.7030E-013
1752 8.7123E-013
1753 8.7025E-013
1754 8.6619E-013
1756 8.5901E-013
1757 8.5756E-013
1759 8.5649E-013
1760 8.5542E-013
1761 8.5679E-013
1763 8.5182E-013
1764 8.5324E-013
1765 8.5099E-013
1767 8.4556E-013
1768 8.4133E-013
1770 8.3757E-013
1771 8.3235E-013
1772 8.3354E-013
1774 8.3503E-013
1775 8.3104E-013
1776 8.2761E-013
1778 8.2738E-013
1779 8.2776E-013
1780 8.2501E-013
1782 8.2143E-013
1783 8.2020E-013
1785 8.1837E-013
1786 8.1684E-013
1787 8.1304E-013
1789 8.0942E-013
1790 8.0521E-013
1791 8.0409E-013
1793 8.0355E-013
1794 8.0052E-013
1796 8.0067E-013
1797 7.9593E-013
1798 7.9907E-013
1800 7.9972E-013
1801 7.9577E-013
1802 7.9182E-013
1804 7.8959E-013
1805 7.8389E-013
1807 7.8040E-013
1808 7.8055E-013
1809 7.7828E-013
1811 7.7434E-013
1812 7.7494E-013
1813 7.7421E-013
1815 7.7147E-013
1816 7.6815E-013
1818 7.6607E-013
1819 7.6326E-013
1820 7.6179E-013
1822 7.5911E-013
1823 7.5861E-013
1824 7.5663E-013
1826 7.5771E-013
1827 7.5364E-013
1829 7.5060E-013
1830 7.4862E-013
1831 7.4895E-013
1833 7.4695E-013
1834 7.4472E-013
1835 7.4291E-013
1837 7.4276E-013
1838 7.4022E-013
1839 7.3520E-013
1841 7.3508E-013
1842 7.3525E-013
1844 7.3223E-013
1845 7.2986E-013
1846 7.2799E-013
1848 7.2769E-013
1849 7.2715E-013
1850 7.2305E-013
1852 7.1672E-013
1853 7.1605E-013
1855 7.1852E-013
1856 7.1708E-013
1857 7.1111E-013
1859 7.1215E-013
1860 7.1055E-013
1861 7.0865E-013
1863 7.0786E-013
1864 7.0698E-013
1866 7.0687E-013
1867 7.0289E-013
1868 6.9926E-013
1870 7.0143E-013
1871 6.9895E-013
1872 6.9700E-013
1874 6.9342E-013
1875 6.9192E-013
1877 6.8876E-013
1878 6.8615E-013
1879 6.8394E-013
1881 6.8378E-013
1882 6.8122E-013
1883 6.8208E-013
1885 6.8225E-013
1886 6.7983E-013
1888 6.7765E-013
1889 6.7451E-013
1890 6.7097E-013
1892 6.6962E-013
1893 6.6868E-013
1894 6.7030E-013
1896 6.6775E-013
1897 6.6343E-013
1899 6.5980E-013
1900 6.5854E-013
1901 6.5744E-013
1903 6.5572E-013
1904 6.5425E-013
1905 6.5327E-013
1907 6.5072E-013
1908 6.4988E-013
1910 6.4934E-013
1911 6.4985E-013
1912 6.4874E-013
1914 6.4596E-013
1915 6.4363E-013
1916 6.3960E-013
1918 6.3836E-013
1919 6.3941E-013
1920 6.3675E-013
1922 6.3436E-013
1923 6.3308E-013
1925 6.3098E-013
1926 6.3157E-013
1927 6.3021E-013
1929 6.2791E-013
1930 6.2716E-013
1931 6.2363E-013
1933 6.2324E-013
1934 6.2161E-013
1936 6.1960E-013
1937 6.1938E-013
1938 6.1878E-013
1940 6.1582E-013
1941 6.1433E-013
1942 6.1332E-013
1944 6.1449E-013
1945 6.1235E-013
1947 6.0746E-013
1948 6.0747E-013
1949 6.0475E-013
1951 6.0176E-013
1952 6.0208E-013
1953 6.0169E-013
1955 6.0003E-013
1956 5.9721E-013
1958 5.9479E-013
1959 5.9366E-013
1960 5.9380E-013
1962 5.9212E-013
1963 5.9128E-013
1964 5.8915E-013
1966 5.8645E-013
1967 5.8473E-013
1969 5.8305E-013
1970 5.8409E-013
1971 5.8155E-013
1973 5.8063E-013
1974 5.8030E-013
1975 5.7945E-013
1977 5.7801E-013
1978 5.7605E-013
1980 5.7529E-013
1981 5.7413E-013
1982 5.7271E-013
1984 5.7263E-013
1985 5.7023E-013
1986 5.6809E-013
1988 5.6779E-013
1989 5.6741E-013
1991 5.6515E-013
1992 5.6166E-013
1993 5.6018E-013
1995 5.6208E-013
1996 5.5983E-013
1997 5.5776E-013
1999 5.5656E-013
2000 5.5338E-013
2002 5.5297E-013
2003 5.5262E-013
2004 5.4960E-013
2006 5.5079E-013
2007 5.5032E-013
2008 5.4799E-013
2010 5.4535E-013
2011 5.4522E-013
2013 5.4365E-013
2014 5.4212E-013
2015 5.4146E-013
2017 5.4082E-013
2018 5.3915E-013
2019 5.3702E-013
2021 5.3508E-013
2022 5.3296E-013
2023 5.3379E-013
2025 5.3254E-013
2026 5.3121E-013
2028 5.3090E-013
2029 5.3046E-013
2030 5.3005E-013
2032 5.2830E-013
2033 5.2581E-013
2034 5.2312E-013
2036 5.2157E-013
2037 5.1968E-013
2039 5.1904E-013
2040 5.1941E-013
2041 5.1889E-013
2043 5.1830E-013
2044 5.1586E-013
2045 5.1321E-013
2047 5.1192E-013
2048 5.1095E-013
2050 5.1087E-013
2051 5.1100E-013
2052 5.0829E-013
2054 5.0572E-013
2055 5.0625E-013
2056 5.0542E-013
2058 5.0378E-013
2059 5.0335E-013
2061 5.0286E-013
2062 5.0142E-013
2063 4.9986E-013
2065 4.9811E-013
2066 4.9760E-013
2067 4.9665E-013
2069 4.9366E-013
2070 4.9304E-013
2072 4.9277E-013
2073 4.9206E-013
2074 4.8977E-013
2076 4.8856E-013
2077 4.8876E-013
2078 4.8846E-013
2080 4.8653E-013
2081 4.8375E-013
2083 4.8259E-013
2084 4.8301E-013
2085 4.8222E-013
2087 4.8031E-013
2088 4.7886E-013
2089 4.7811E-013
2091 4.7590E-013
2092 4.7519E-013
2094 4.7405E-013
2095 4.7435E-013
2096 4.7209E-013
2098 4.7164E-013
2099 4.7157E-013
2100 4.7140E-013
2102 4.6895E-013
2103 4.6689E-013
2105 4.6524E-013
2106 4.6530E-013
2107 4.6612E-013
2109 4.6485E-013
2110 4.6218E-013
2111 4.6086E-013
2113 4.6054E-013
2114 4.6051E-013
2116 4.5840E-013
2117 4.5863E-013
2118 4.5608E-013
2120 4.5538E-013
2121 4.5459E-013
2122 4.5486E-013
2124 4.5227E-013
2125 4.4905E-013
2127 4.4945E-013
2128 4.4879E-013
2129 4.4640E-013
2131 4.4726E-013
2132 4.4511E-013
2133 4.4495E-013
2135 4.4293E-013
2136 4.4191E-013
2138 4.4192E-013
2139 4.3991E-013
2140 4.3919E-013
2142 4.3974E-013
2143 4.3903E-013
2144 4.3776E-013
2146 4.3686E-013
2147 4.3690E-013
2149 4.3591E-013
2150 4.3403E-013
2151 4.3272E-013
2153 4.3190E-013
2154 4.3048E-013
2155 4.2919E-013
2157 4.2801E-013
2158 4.2727E-013
2160 4.2482E-013
2161 4.2424E-013
2162 4.2503E-013
2164 4.2489E-013
2165 4.2380E-013
2166 4.2283E-013
2168 4.2166E-013
2169 4.2122E-013
2171 4.2004E-013
2172 4.1857E-013
2173 4.1811E-013
2175 4.1791E-013
2176 4.1587E-013
2177 4.1546E-013
2179 4.1511E-013
2180 4.1244E-013
2182 4.1030E-013
2183 4.0981E-013
2184 4.0987E-013
2186 4.0986E-013
2187 4.0784E-013
2188 4.0598E-013
2190 4.0634E-013
2191 4.0703E-013
2192 4.0606E-013
2194 4.0286E-013
2195 4.0296E-013
2197 4.0213E-013
2198 4.0153E-013
2199 4.0107E-013
2201 3.9944E-013
2202 3.9754E-013
2203 3.9770E-013
2205 3.9723E-013
2206 3.9729E-013
2208 3.9540E-013
2209 3.9375E-013
2210 3.9305E-013
2212 3.9182E-013
2213 3.9252E-013
2214 3.9183E-013
2216 3.9122E-013
2217 3.8986E-013
2219 3.9039E-013
2220 3.8936E-013
2221 3.8721E-013
2223 3.8586E-013
2224 3.8487E-013
2225 3.8456E-013
2227 3.8415E-013
2228 3.8245E-013
2230 3.8166E-013
2231 3.8189E-013
2232 3.8143E-013
2234 3.7935E-013
2235 3.7821E-013
2236 3.7802E-013
2238 3.7682E-013
2239 3.7590E-013
2241 3.7570E-013
2242 3.7567E-013
2243 3.7423E-013
2245 3.7300E-013
2246 3.7234E-013
2247 3.7249E-013
2249 3.7102E-013
2250 3.6921E-013
2252 3.6910E-013
2253 3.6849E-013
2254 3.6857E-013
2256 3.6817E-013
2257 3.6642E-013
2258 3.6559E-013
2260 3.6527E-013
2261 3.6566E-013
2263 3.6467E-013
2264 3.6491E-013
2265 3.6194E-013
2267 3.6145E-013
2268 3.6188E-013
2269 3.6043E-013
2271 3.5902E-013
2272 3.5698E-013
2274 3.5628E-013
2275 3.5638E-013
2276 3.5574E-013
2278 3.5542E-013
2279 3.5438E-013
2280 3.5264E-013
2282 3.5220E-013
2283 3.5192E-013
2285 3.5202E-013
2286 3.5069E-013
2287 3.4935E-013
2289 3.4834E-013
2290 3.4724E-013
2291 3.4746E-013
2293 3.4696E-013
2294 3.4489E-013
2296 3.4476E-013
2297 3.4448E-013
2298 3.4439E-013
2300 3.4419E-013
2301 3.4406E-013
2302 3.4342E-013
2304 3.4198E-013
2305 3.4123E-013
2307 3.4044E-013
2308 3.3991E-013
2309 3.3926E-013
2311 3.3845E-013
2312 3.3815E-013
2313 3.3663E-013
2315 3.3543E-013
2316 3.3444E-013
2318 3.3413E-013
2319 3.3431E-013
2320 3.3360E-013
2322 3.3248E-013
2323 3.3130E-013
2324 3.3087E-013
2326 3.3034E-013
2327 3.2891E-013
2329 3.2847E-013
2330 3.2823E-013
2331 3.2785E-013
2333 3.2667E-013
2334 3.2575E-013
2335 3.2566E-013
2337 3.2521E-013
2338 3.2549E-013
2340 3.2519E-013
2341 3.2327E-013
2342 3.2268E-013
2344 3.2155E-013
2345 3.2063E-013
2346 3.2015E-013
2348 3.1977E-013
2349 3.1895E-013
2351 3.1894E-013
2352 3.1807E-013
2353 3.1683E-013
2355 3.1675E-013
2356 3.1631E-013
2357 3.1530E-013
2359 3.1508E-013
2360 3.1352E-013
2362 3.1227E-013
2363 3.1295E-013
2364 3.1270E-013
2366 3.1243E-013
2367 3.1233E-013
2368 3.1125E-013
2370 3.0960E-013
2371 3.0941E-013
2373 3.0945E-013
2374 3.0792E-013
2375 3.0677E-013
2377 3.0643E-013
2378 3.0680E-013
2379 3.0692E-013
2381 3.0476E-013
2382 3.0280E-013
2384 3.0347E-013
2385 3.0310E-013
2386 3.0245E-013
2388 3.0228E-013
2389 3.0227E-013
2390 3.0103E-013
2392 2.9923E-013
2393 2.9975E-013
2395 2.9891E-013
2396 2.9812E-013
2397 2.9815E-013
2399 2.9789E-013
2400 2.9663E-013
2401 2.9600E-013
2403 2.9536E-013
2404 2.9472E-013
2406 2.9372E-013
2407 2.9318E-013
2408 2.9369E-013
2410 2.9258E-013
2411 2.9183E-013
2412 2.9121E-013
2414 2.9067E-013
2415 2.9008E-013
2417 2.8938E-013
2418 2.8841E-013
2419 2.8756E-013
2421 2.8776E-013
2422 2.8711E-013
2423 2.8722E-013
2425 2.8622E-013
2426 2.8492E-013
2428 2.8437E-013
2429 2.8383E-013
2430 2.8308E-013
2432 2.8253E-013
2433 2.8202E-013
2434 2.8193E-013
2436 2.8231E-013
2437 2.8233E-013
2439 2.8183E-013
2440 2.8012E-013
2441 2.7950E-013
2443 2.7887E-013
2444 2.7782E-013
2445 2.7787E-013
2447 2.7737E-013
2448 2.7625E-013
2450 2.7538E-013
2451 2.7555E-013
2452 2.7570E-013
2454 2.7435E-013
2455 2.7287E-013
2456 2.7368E-013
2458 2.7364E-013
2459 2.7279E-013
2461 2.7236E-013
2462 2.7196E-013
2463 2.7121E-013
2465 2.7003E-013
2466 2.6917E-013
2467 2.6852E-013
2469 2.6878E-013
2470 2.6818E-013
2471 2.6801E-013
2473 2.6761E-013
2474 2.6762E-013
2476 2.6638E-013
2477 2.6536E-013
2478 2.6498E-013
2480 2.6540E-013
2481 2.6471E-013
2482 2.6444E-013
2484 2.6263E-013
2485 2.6294E-013
2487 2.6201E-013
2488 2.6137E-013
2489 2.6050E-013
2491 2.5956E-013
2492 2.6038E-013
2493 2.5927E-013
2495 2.5822E-013
2496 2.5760E-013
2498 2.5752E-013
2499 2.5754E-013
2500 2.5738E-013
2502 2.5675E-013
2503 2.5648E-013
2504 2.5611E-013
2506 2.5501E-013
2507 2.5480E-013
2509 2.5391E-013
2510 2.5361E-013
2511 2.5302E-013
2513 2.5216E-013
2514 2.5138E-013
2515 2.5125E-013
2517 2.5161E-013
2518 2.5151E-013
2520 2.5118E-013
2521 2.4987E-013
2522 2.4858E-013
2524 2.4758E-013
2525 2.4753E-013
2526 2.4741E-013
2528 2.4789E-013
2529 2.4749E-013
2531 2.4635E-013
2532 2.4471E-013
2533 2.4564E-013
2535 2.4480E-013
2536 2.4512E-013
2537 2.4457E-013
2539 2.4391E-013
2540 2.4353E-013
2542 2.4293E-013
2543 2.4288E-013
2544 2.4187E-013
2546 2.4111E-013
2547 2.4114E-013
2548 2.3993E-013
2550 2.3973E-013
2551 2.3957E-013
2553 2.3890E-013
2554 2.3899E-013
2555 2.3847E-013
2557 2.3827E-013
2558 2.3688E-013
2559 2.3651E-013
2561 2.3607E-013
2562 2.3540E-013
2564 2.3585E-013
2565 2.3568E-013
2566 2.3527E-013
2568 2.3474E-013
2569 2.3320E-013
2570 2.3293E-013
2572 2.3275E-013
2573 2.3311E-013
2575 2.3276E-013
2576 2.3233E-013
2577 2.3126E-013
2579 2.3093E-013
2580 2.3110E-013
2581 2.2979E-013
2583 2.2901E-013
2584 2.2882E-013
2586 2.2864E-013
2587 2.2842E-013
2588 2.2840E-013
2590 2.2775E-013
2591 2.2778E-013
2592 2.2711E-013
2594 2.2673E-013
2595 2.2600E-013
2597 2.2575E-013
2598 2.2476E-013
2599 2.2299E-013
2601 2.2398E-013
2602 2.2403E-013
2603 2.2433E-013
2605 2.2360E-013
2606 2.2218E-013
2608 2.2202E-013
2609 2.2120E-013
2610 2.2206E-013
2612 2.2151E-013
2613 2.2093E-013
2614 2.2044E-013
2616 2.2012E-013
2617 2.1994E-013
2619 2.1921E-013
2620 2.1806E-013
2621 2.1802E-013
2623 2.1685E-013
2624 2.1686E-013
2625 2.1665E-013
2627 2.1698E-013
2628 2.1639E-013
2630 2.1616E-013
2631 2.1527E-013
2632 2.1502E-013
2634 2.1483E-013
2635 2.1376E-013
2636 2.1327E-013
2638 2.1217E-013
2639 2.1214E-013
2640 2.1183E-013
2642 2.1123E-013
2643 2.1075E-013
2645 2.1126E-013
2646 2.1115E-013
2647 2.1059E-013
2649 2.1024E-013
2650 2.0991E-013
2651 2.0893E-013
2653 2.0907E-013
2654 2.0905E-013
2656 2.0880E-013
2657 2.0741E-013
2658 2.0699E-013
2660 2.0634E-013
2661 2.0623E-013
2662 2.0638E-013
2664 2.0571E-013
2665 2.0572E-013
2667 2.0538E-013
2668 2.0510E-013
2669 2.0469E-013
2671 2.0377E-013
2672 2.0342E-013
2673 2.0310E-013
2675 2.0279E-013
2676 2.0251E-013
2678 2.0134E-013
2679 2.0115E-013
2680 2.0168E-013
2682 2.0183E-013
2683 2.0117E-013
2684 2.0075E-013
2686 2.0035E-013
2687 1.9954E-013
2689 1.9937E-013
2690 1.9914E-013
2691 1.9841E-013
2693 1.9780E-013
2694 1.9779E-013
2695 1.9715E-013
2697 1.9700E-013
2698 1.9670E-013
2700 1.9609E-013
2701 1.9654E-013
2702 1.9586E-013
2704 1.9546E-013
2705 1.9505E-013
2706 1.9443E-013
2708 1.9415E-013
2709 1.9408E-013
2711 1.9410E-013
2712 1.9303E-013
2713 1.9241E-013
2715 1.9220E-013
2716 1.9175E-013
2717 1.9127E-013
2719 1.9086E-013
2720 1.9026E-013
2722 1.9102E-013
2723 1.9036E-013
2724 1.9010E-013
2726 1.9064E-013
2727 1.8965E-013
2728 1.8877E-013
2730 1.8914E-013
2731 1.8828E-013
2732 1.8855E-013
2734 1.8897E-013
2735 1.8794E-013
2737 1.8690E-013
2738 1.8671E-013
2739 1.8636E-013
2741 1.8633E-013
2742 1.8604E-013
2743 1.8623E-013
2745 1.8524E-013
2746 1.8467E-013
2748 1.8423E-013
2749 1.8381E-013
2750 1.8373E-013
2752 1.8429E-013
2753 1.8327E-013
2754 1.8318E-013
2756 1.8321E-013
2757 1.8260E-013
2759 1.8222E-013
2760 1.8175E-013
2761 1.8135E-013
2763 1.8115E-013
2764 1.8079E-013
2765 1.8117E-013
2767 1.8001E-013
2768 1.7938E-013
2770 1.7919E-013
2771 1.7883E-013
2772 1.7865E-013
2774 1.7841E-013
2775 1.7861E-013
2776 1.7734E-013
2778 1.7696E-013
2779 1.7758E-013
2781 1.7747E-013
2782 1.7722E-013
2783 1.7625E-013
2785 1.7590E-013
2786 1.7634E-013
2787 1.7545E-013
2789 1.7525E-013
2790 1.7526E-013
2792 1.7436E-013
2793 1.7402E-013
2794 1.7264E-013
2796 1.7173E-013
2797 1.7265E-013
2798 1.7269E-013
2800 1.7260E-013
2801 1.7217E-013
2803 1.7127E-013
2804 1.7113E-013
2805 1.7176E-013
2807 1.7189E-013
2808 1.7195E-013
2809 1.7071E-013
2811 1.7070E-013
2812 1.7038E-013
2813 1.6961E-013
2815 1.6954E-013
2816 1.6973E-013
2818 1.6905E-013
2819 1.6855E-013
2820 1.6863E-013
2822 1.6898E-013
2823 1.6797E-013
2824 1.6844E-013
2826 1.6759E-013
2827 1.6638E-013
2829 1.6696E-013
2830 1.6669E-013
2831 1.6630E-013
2833 1.6564E-013
2834 1.6514E-013
2835 1.6514E-013
2837 1.6487E-013
2838 1.6462E-013
2840 1.6470E-013
2841 1.6442E-013
2842 1.6390E-013
2844 1.6383E-013
2845 1.6342E-013
2846 1.6258E-013
2848 1.6269E-013
2849 1.6219E-013
2851 1.6204E-013
2852 1.6183E-013
2853 1.6206E-013
2855 1.6127E-013
2856 1.6139E-013
2857 1.6102E-013
2859 1.6116E-013
2860 1.6078E-013
2862 1.6070E-013
2863 1.6054E-013
2864 1.6000E-013
2866 1.6013E-013
2867 1.6003E-013
2868 1.5945E-013
2870 1.5857E-013
2871 1.5806E-013
2872 1.5810E-013
2874 1.5808E-013
2875 1.5751E-013
2877 1.5742E-013
2878 1.5678E-013
2879 1.5649E-013
2881 1.5594E-013
2882 1.5564E-013
2883 1.5475E-013
2885 1.5508E-013
2886 1.5525E-013
2888 1.5485E-013
2889 1.5418E-013
2890 1.5348E-013
2892 1.5331E-013
2893 1.5301E-013
2894 1.5259E-013
2896 1.5309E-013
2897 1.5289E-013
2899 1.5249E-013
2900 1.5325E-013
2901 1.5253E-013
2903 1.5247E-013
2904 1.5158E-013
2905 1.5229E-013
2907 1.5232E-013
2908 1.5109E-013
2910 1.5090E-013
2911 1.5133E-013
2912 1.5030E-013
2914 1.5009E-013
2915 1.4997E-013
2916 1.4941E-013
2918 1.4925E-013
2919 1.4874E-013
2920 1.4875E-013
2922 1.4824E-013
2923 1.4801E-013
2925 1.4799E-013
2926 1.4799E-013
2927 1.4771E-013
2929 1.4742E-013
2930 1.4727E-013
2931 1.4727E-013
2933 1.4637E-013
2934 1.4669E-013
2936 1.4661E-013
2937 1.4608E-013
2938 1.4600E-013
2940 1.4531E-013
2941 1.4490E-013
2942 1.4448E-013
2944 1.4467E-013
2945 1.4411E-013
2947 1.4329E-013
2948 1.4322E-013
2949 1.4375E-013
2951 1.4333E-013
2952 1.4330E-013
2953 1.4325E-013
2955 1.4341E-013
2956 1.4283E-013
2958 1.4252E-013
2959 1.4254E-013
2960 1.4223E-013
2962 1.4211E-013
2963 1.4162E-013
2964 1.4080E-013
2966 1.4080E-013
2967 1.4107E-013
2968 1.4076E-013
2970 1.4041E-013
2971 1.4051E-013
2973 1.4012E-013
2974 1.3865E-013
2975 1.3864E-013
2977 1.3876E-013
2978 1.3850E-013
2979 1.3881E-013
2981 1.3861E-013
2982 1.3809E-013
2984 1.3803E-013
2985 1.3845E-013
2986 1.3821E-013
2988 1.3805E-013
2989 1.3691E-013
2990 1.3640E-013
2992 1.3654E-013
2993 1.3680E-013
2995 1.3652E-013
2996 1.3618E-013
2997 1.3562E-013
2999 1.3510E-013
3000 1.3472E-013
3001 1.3485E-013
3003 1.3460E-013
3004 1.3412E-013
3005 1.3409E-013
3007 1.3401E-013
3008 1.3411E-013
3010 1.3353E-013
3011 1.3380E-013
3012 1.3343E-013
3014 1.3322E-013
3015 1.3339E-013
3016 1.3317E-013
3018 1.3250E-013
3019 1.3201E-013
3021 1.3233E-013
3022 1.3216E-013
3023 1.3103E-013
3025 1.3094E-013
3026 1.3094E-013
3027 1.3076E-013
3029 1.3099E-013
3030 1.3013E-013
3032 1.3042E-013
3033 1.3026E-013
3034 1.2992E-013
3036 1.2946E-013
3037 1.2925E-013
3038 1.2963E-013
3040 1.2884E-013
3041 1.2840E-013
3042 1.2823E-013
3044 1.2828E-013
3045 1.2793E-013
3047 1.2742E-013
3048 1.2749E-013
3049 1.2785E-013
3051 1.2748E-013
3052 1.2737E-013
3053 1.2682E-013
3055 1.2649E-013
3056 1.2664E-013
3058 1.2619E-013
3059 1.2620E-013
3060 1.2598E-013
3062 1.2708E-013
3063 1.2545E-013
3065 1.2478E-013
3068 1.2506E-013
3070 1.2489E-013
3073 1.2361E-013
3076 1.2303E-013
3078 1.2248E-013
3081 1.2277E-013
3084 1.2210E-013
3087 1.2220E-013
3089 1.2210E-013
3092 1.2216E-013
3095 1.2094E-013
3098 1.2107E-013
3100 1.2012E-013
3103 1.1944E-013
3106 1.1904E-013
3109 1.1924E-013
3111 1.1824E-013
3114 1.1809E-013
3117 1.1784E-013
3120 1.1786E-013
3122 1.1721E-013
3125 1.1622E-013
3128 1.1679E-013
3131 1.1639E-013
3133 1.1615E-013
3136 1.1553E-013
3139 1.1569E-013
3142 1.1476E-013
3144 1.1381E-013
3147 1.1355E-013
3150 1.1343E-013
3153 1.1272E-013
3155 1.1280E-013
3158 1.1299E-013
3161 1.1270E-013
3164 1.1179E-013
3166 1.1203E-013
3169 1.1149E-013
3172 1.1064E-013
3175 1.1017E-013
3177 1.0958E-013
3180 1.0944E-013
3183 1.0925E-013
3186 1.0924E-013
3188 1.0890E-013
3191 1.0924E-013
3194 1.0803E-013
3197 1.0785E-013
3199 1.0724E-013
3202 1.0695E-013
3205 1.0664E-013
3208 1.0610E-013
3210 1.0619E-013
3213 1.0581E-013
3216 1.0518E-013
3219 1.0497E-013
3221 1.0490E-013
3224 1.0442E-013
3227 1.0469E-013
3230 1.0431E-013
3232 1.0374E-013
3235 1.0317E-013
3238 1.0326E-013
3241 1.0264E-013
3243 1.0232E-013
3246 1.0228E-013
3249 1.0158E-013
3252 1.0108E-013
3254 1.0111E-013
3257 1.0102E-013
3260 1.0047E-013
3263 9.9666E-014
3265 9.9501E-014
3268 9.9450E-014
3271 9.9070E-014
3273 9.8636E-014
3276 9.8479E-014
3279 9.8352E-014
3282 9.8527E-014
3284 9.7954E-014
3287 9.7868E-014
3290 9.7431E-014
3293 9.7063E-014
3295 9.7080E-014
3298 9.6449E-014
3301 9.5986E-014
3304 9.5350E-014
3306 9.5212E-014
3309 9.5163E-014
3312 9.5376E-014
3315 9.3943E-014
3317 9.4416E-014
3320 9.4598E-014
3323 9.3793E-014
3326 9.3683E-014
3328 9.3561E-014
3331 9.3281E-014
3334 9.2875E-014
3337 9.2220E-014
3339 9.1867E-014
3342 9.1477E-014
3345 9.1526E-014
3348 9.1528E-014
3350 9.1367E-014
3353 9.0724E-014
3356 9.0497E-014
3359 9.0056E-014
3361 8.9769E-014
3364 8.9444E-014
3367 8.9452E-014
3370 8.9029E-014
3372 8.9292E-014
3375 8.9075E-014
3378 8.8309E-014
3381 8.8137E-014
3383 8.7975E-014
3386 8.7671E-014
3389 8.7336E-014
3392 8.6951E-014
3394 8.6899E-014
3397 8.6665E-014
3400 8.6386E-014
3403 8.6010E-014
3405 8.5666E-014
3408 8.5440E-014
3411 8.5678E-014
3414 8.5370E-014
3416 8.4726E-014
3419 8.4321E-014
3422 8.4240E-014
3425 8.4152E-014
3427 8.4094E-014
3430 8.4084E-014
3433 8.3661E-014
3436 8.3361E-014
3438 8.2951E-014
3441 8.2674E-014
3444 8.2476E-014
3447 8.2331E-014
3449 8.2403E-014
3452 8.2013E-014
3455 8.1652E-014
3458 8.1442E-014
3460 8.1128E-014
3463 8.0795E-014
3466 8.0883E-014
3469 8.0674E-014
3471 8.0702E-014
3474 7.9981E-014
3477 8.0047E-014
3480 7.9449E-014
3482 7.9026E-014
3485 7.8778E-014
3488 7.8442E-014
3491 7.8178E-014
3493 7.7854E-014
3496 7.8032E-014
3499 7.8239E-014
3502 7.7753E-014
3504 7.7252E-014
3507 7.7300E-014
3510 7.7079E-014
3513 7.6776E-014
3515 7.6719E-014
3518 7.6523E-014
3521 7.6778E-014
3524 7.6235E-014
3526 7.6046E-014
3529 7.5613E-014
3532 7.5296E-014
3535 7.5155E-014
3537 7.5243E-014
3540 7.4805E-014
3543 7.4934E-014
3546 7.4627E-014
3548 7.3859E-014
3551 7.4217E-014
3554 7.4153E-014
3557 7.3868E-014
3559 7.3332E-014
3562 7.3105E-014
3565 7.2969E-014
3568 7.2989E-014
3570 7.2734E-014
3573 7.2234E-014
3576 7.2383E-014
3579 7.2069E-014
3581 7.2100E-014
3584 7.2000E-014
3587 7.1512E-014
3590 7.1108E-014
3592 7.1105E-014
3595 7.1088E-014
3598 7.0916E-014
3601 7.0386E-014
3603 7.0040E-014
3606 6.9766E-014
3609 6.9938E-014
3611 6.9680E-014
3614 6.9303E-014
3617 6.9222E-014
3620 6.9222E-014
3622 6.8974E-014
3625 6.8632E-014
3628 6.8436E-014
3631 6.8176E-014
3633 6.8170E-014
3636 6.7836E-014
3639 6.7485E-014
3642 6.7568E-014
3644 6.7266E-014
3647 6.6969E-014
3650 6.7051E-014
3653 6.6933E-014
3655 6.6604E-014
3658 6.6338E-014
3661 6.6306E-014
3664 6.6145E-014
3666 6.6007E-014
3669 6.6040E-014
3672 6.6179E-014
3675 6.5859E-014
3677 6.5525E-014
3680 6.5517E-014
3683 6.5348E-014
3686 6.5052E-014
3688 6.4637E-014
3691 6.4699E-014
3694 6.4612E-014
3697 6.4207E-014
3699 6.3979E-014
3702 6.4012E-014
3705 6.3582E-014
3708 6.3671E-014
3710 6.3217E-014
3713 6.3054E-014
3716 6.3039E-014
3719 6.3083E-014
3721 6.2666E-014
3724 6.2176E-014
3727 6.2084E-014
3730 6.2201E-014
3732 6.2057E-014
3735 6.2140E-014
3738 6.1877E-014
3741 6.1951E-014
3743 6.1626E-014
3746 6.1493E-014
3749 6.0879E-014
3752 6.0904E-014
3754 6.1202E-014
3757 6.1004E-014
3760 6.0472E-014
3763 6.0519E-014
3765 6.0188E-014
3768 6.0255E-014
3771 5.9906E-014
3774 5.9680E-014
3776 5.9898E-014
3779 5.9651E-014
3782 5.9274E-014
3785 5.9134E-014
3787 5.9036E-014
3790 5.8987E-014
3793 5.8540E-014
3796 5.8489E-014
3798 5.8314E-014
3801 5.8172E-014
3804 5.8151E-014
3807 5.8255E-014
3809 5.7955E-014
3812 5.7627E-014
3815 5.7460E-014
3818 5.7382E-014
3820 5.7316E-014
3823 5.7219E-014
3826 5.6765E-014
3829 5.6629E-014
3831 5.6295E-014
3834 5.6228E-014
3837 5.6238E-014
3840 5.6250E-014
3842 5.5971E-014
3845 5.6150E-014
3848 5.6217E-014
3851 5.6214E-014
3853 5.5981E-014
3856 5.5943E-014
3859 5.5909E-014
3862 5.5779E-014
3864 5.5502E-014
3867 5.5197E-014
3870 5.4944E-014
3873 5.4541E-014
3875 5.4119E-014
3878 5.3810E-014
3881 5.3296E-014
3884 5.2962E-014
3886 5.2862E-014
3889 5.2463E-014
3892 5.2308E-014
3895 5.2635E-014
3897 5.2914E-014
3900 5.3123E-014
3903 5.3339E-014
3906 5.3367E-014
3908 5.3605E-014
3911 5.3556E-014
3914 5.3549E-014
3917 5.3667E-014
3919 5.3620E-014
3922 5.3634E-014
3925 5.3423E-014
3928 5.3406E-014
3930 5.3273E-014
3933 5.2989E-014
3936 5.2658E-014
3939 5.2475E-014
3941 5.2260E-014
3944 5.1960E-014
3947 5.1460E-014
3950 5.0849E-014
3952 5.0097E-014
3955 4.9522E-014
3958 4.8925E-014
3961 4.8270E-014
3963 4.7406E-014
3966 4.6798E-014
3969 4.6268E-014
3972 4.6073E-014
3974 4.6357E-014
3977 4.6729E-014
3980 4.7218E-014
3983 4.7954E-014
3985 4.8380E-014
3988 4.8685E-014
3991 4.8940E-014
3994 4.9407E-014
3996 4.9741E-014
3999 5.0071E-014
4002 5.0153E-014
4005 5.0146E-014
4007 5.0514E-014
4010 5.0798E-014
4013 5.1037E-014
4016 5.0823E-014
4018 5.0621E-014
4021 5.0767E-014
4024 5.0915E-014
4027 5.0625E-014
4029 5.0324E-014
4032 5.0272E-014
4035 5.0393E-014
4038 5.0136E-014
4040 4.9846E-014
4043 4.9739E-014
4046 4.9678E-014
4049 4.9326E-014
4051 4.9071E-014
4054 4.9039E-014
4057 4.8787E-014
4060 4.8213E-014
4062 4.7990E-014
4065 4.7604E-014
4068 4.6928E-014
4071 4.6820E-014
4073 4.6270E-014
4076 4.5787E-014
4079 4.5281E-014
4082 4.4684E-014
4084 4.3939E-014
4087 4.3062E-014
4090 4.2281E-014
4093 4.1297E-014
4095 4.0076E-014
4098 3.9447E-014
4101 3.8731E-014
4104 3.8323E-014
4106 3.8769E-014
4109 3.9383E-014
4112 4.0099E-014
4115 4.0972E-014
4117 4.1785E-014
4120 4.2368E-014
4123 4.2797E-014
4126 4.3221E-014
4128 4.3733E-014
4131 4.4187E-014
4134 4.4445E-014
4137 4.4558E-014
4139 4.4746E-014
4142 4.4994E-014
4145 4.5058E-014
4148 4.5113E-014
4150 4.5203E-014
4153 4.5330E-014
4156 4.5448E-014
4159 4.5291E-014
4161 4.5355E-014
4164 4.5317E-014
4167 4.5302E-014
4170 4.5381E-014
4172 4.5388E-014
4175 4.5343E-014
4178 4.5206E-014
4181 4.5043E-014
4183 4.5078E-014
4186 4.4961E-014
4189 4.4793E-014
4192 4.4629E-014
4194 4.4691E-014
4197 4.4514E-014
4200 4.4573E-014
4203 4.4547E-014
4205 4.4458E-014
4208 4.4129E-014
4211 4.4124E-014
4214 4.3994E-014
4216 4.3918E-014
4219 4.3943E-014
4222 4.3665E-014
4225 4.3577E-014
4227 4.3561E-014
4230 4.3522E-014
4233 4.3224E-014
4236 4.3118E-014
4238 4.3161E-014
4241 4.3126E-014
4244 4.2876E-014
4247 4.2748E-014
4249 4.2485E-014
4252 4.2527E-014
4255 4.2376E-014
4258 4.2281E-014
4260 4.2075E-014
4263 4.1795E-014
4266 4.1614E-014
4269 4.1598E-014
4271 4.1609E-014
4274 4.1344E-014
4277 4.1069E-014
4280 4.0861E-014
4282 4.0557E-014
4285 4.0403E-014
4288 4.0363E-014
4291 3.9985E-014
4293 3.9821E-014
4296 3.9602E-014
4299 3.9235E-014
4302 3.8832E-014
4304 3.8538E-014
4307 3.8228E-014
4310 3.7846E-014
4313 3.7137E-014
4315 3.6771E-014
4318 3.6296E-014
4321 3.5571E-014
4324 3.4853E-014
4326 3.4216E-014
4329 3.3281E-014
4332 3.2263E-014
4335 3.1512E-014
4337 3.0682E-014
4340 2.9907E-014
4343 2.9721E-014
4346 3.0252E-014
4348 3.1080E-014
4351 3.1833E-014
4354 3.2631E-014
4357 3.3498E-014
4359 3.3940E-014
4362 3.4318E-014
4365 3.4759E-014
4368 3.4948E-014
4370 3.5359E-014
4373 3.5611E-014
4376 3.5886E-014
4379 3.6189E-014
4381 3.6456E-014
4384 3.6536E-014
4387 3.6565E-014
4390 3.6855E-014
4392 3.6783E-014
4395 3.6762E-014
4398 3.6909E-014
4401 3.6997E-014
4403 3.6887E-014
4406 3.6851E-014
4409 3.6846E-014
4412 3.6936E-014
4414 3.6902E-014
4417 3.6861E-014
4420 3.6782E-014
4423 3.6688E-014
4425 3.6615E-014
4428 3.6672E-014
4431 3.6592E-014
4433 3.6529E-014
4436 3.6552E-014
4439 3.6621E-014
4442 3.6433E-014
4444 3.6275E-014
4447 3.6166E-014
4450 3.6027E-014
4453 3.6079E-014
4455 3.5919E-014
4458 3.5850E-014
4461 3.5894E-014
4464 3.5779E-014
4466 3.5773E-014
4469 3.5559E-014
4472 3.5375E-014
4475 3.5361E-014
4477 3.5514E-014
4480 3.5368E-014
4483 3.5425E-014
4486 3.5215E-014
4488 3.5241E-014
4491 3.5122E-014
4494 3.4970E-014
4497 3.4804E-014
4499 3.4815E-014
4502 3.4559E-014
4505 3.4576E-014
4508 3.4647E-014
4510 3.4624E-014
4513 3.4410E-014
4516 3.4243E-014
4519 3.4224E-014
4521 3.4282E-014
4524 3.4178E-014
4527 3.4088E-014
4530 3.4050E-014
4532 3.3828E-014
4535 3.3721E-014
4538 3.3725E-014
4541 3.3577E-014
4543 3.3403E-014
4546 3.3583E-014
4549 3.3384E-014
4552 3.3280E-014
4554 3.3137E-014
4557 3.3126E-014
4560 3.3228E-014
4563 3.3017E-014
4565 3.2995E-014
4568 3.2999E-014
4571 3.2857E-014
4574 3.2799E-014
4576 3.2814E-014
4579 3.2596E-014
4582 3.2503E-014
4585 3.2445E-014
4587 3.2289E-014
4590 3.2233E-014
4593 3.2246E-014
4596 3.2165E-014
4598 3.2077E-014
4601 3.2061E-014
4604 3.1962E-014
4607 3.1814E-014
4609 3.1666E-014
4612 3.1763E-014
4615 3.1756E-014
4618 3.1691E-014
4620 3.1641E-014
4623 3.1545E-014
4626 3.1356E-014
4629 3.1314E-014
4631 3.1127E-014
4634 3.1180E-014
4637 3.1138E-014
4640 3.1136E-014
4642 3.1064E-014
4645 3.0918E-014
4648 3.0806E-014
4651 3.0797E-014
4653 3.0582E-014
4656 3.0547E-014
4659 3.0445E-014
4662 3.0456E-014
4664 3.0503E-014
4667 3.0349E-014
4670 3.0310E-014
4673 3.0256E-014
4675 3.0113E-014
4678 3.0055E-014
4681 2.9971E-014
4684 2.9904E-014
4686 2.9959E-014
4689 2.9981E-014
4692 2.9830E-014
4695 2.9727E-014
4697 2.9591E-014
4700 2.9571E-014
4703 2.9455E-014
4706 2.9319E-014
4708 2.9227E-014
4711 2.9251E-014
4714 2.9132E-014
4717 2.9217E-014
4719 2.9252E-014
4722 2.9005E-014
4725 2.8846E-014
4728 2.8772E-014
4730 2.8797E-014
4733 2.8836E-014
4736 2.8726E-014
4739 2.8655E-014
4741 2.8558E-014
4744 2.8482E-014
4747 2.8297E-014
4750 2.8355E-014
4752 2.8322E-014
4755 2.8107E-014
4758 2.8194E-014
4761 2.7952E-014
4763 2.7799E-014
4766 2.7768E-014
4769 2.7562E-014
4771 2.7367E-014
4774 2.7324E-014
4777 2.7222E-014
4780 2.7156E-014
4782 2.7082E-014
4785 2.7049E-014
4788 2.7061E-014
4791 2.6805E-014
4793 2.6694E-014
4796 2.6655E-014
4799 2.6443E-014
4802 2.6431E-014
4804 2.6265E-014
4807 2.6177E-014
4810 2.6077E-014
4813 2.6041E-014
4815 2.5848E-014
4818 2.5687E-014
4821 2.5424E-014
4824 2.5234E-014
4826 2.5124E-014
4829 2.4862E-014
4832 2.4537E-014
4835 2.4167E-014
4837 2.3795E-014
4840 2.3609E-014
4843 2.3167E-014
4846 2.2688E-014
4848 2.2169E-014
4851 2.1770E-014
4854 2.1226E-014
4857 2.0626E-014
4859 1.9973E-014
4862 1.9581E-014
4865 1.9701E-014
4868 2.0192E-014
4870 2.0751E-014
4873 2.1245E-014
4876 2.1591E-014
4879 2.1956E-014
4881 2.2324E-014
4884 2.2525E-014
4887 2.2931E-014
4890 2.3177E-014
4892 2.3321E-014
4895 2.3543E-014
4898 2.3690E-014
4901 2.3807E-014
4903 2.3984E-014
4906 2.4029E-014
4909 2.4178E-014
4912 2.4115E-014
4914 2.4160E-014
4917 2.3928E-014
4920 2.3959E-014
4923 2.4107E-014
4925 2.4225E-014
4928 2.4183E-014
4931 2.4202E-014
4934 2.4148E-014
4936 2.4199E-014
4939 2.4280E-014
4942 2.4327E-014
4945 2.4155E-014
4947 2.4124E-014
4950 2.4140E-014
4953 2.4010E-014
4955 2.3925E-014
4958 2.3954E-014
4961 2.3969E-014
4964 2.3961E-014
4966 2.3950E-014
4969 2.3780E-014
4972 2.3847E-014
4975 2.3755E-014
4977 2.3791E-014
4980 2.3632E-014
4983 2.3511E-014
4986 2.3601E-014
4988 2.3513E-014
4991 2.3517E-014
4994 2.3400E-014
4997 2.3381E-014
4999 2.3387E-014
5002 2.3357E-014
5005 2.3370E-014
5008 2.3235E-014
5010 2.3274E-014
5013 2.3232E-014
5016 2.3142E-014
5019 2.3115E-014
5021 2.3132E-014
5024 2.3023E-014
5027 2.2940E-014
5030 2.2875E-014
5032 2.2892E-014
5035 2.2869E-014
5038 2.2855E-014
5041 2.2676E-014
5043 2.2606E-014
5046 2.2639E-014
5049 2.2591E-014
5052 2.2558E-014
5054 2.2548E-014
5057 2.2474E-014
5060 2.2370E-014
5063 2.2338E-014
5065 2.2314E-014
5068 2.2325E-014
5071 2.2239E-014
5074 2.2216E-014
5076 2.2235E-014
5079 2.2142E-014
5082 2.2089E-014
5085 2.1996E-014
5087 2.1968E-014
5090 2.1954E-014
5093 2.1851E-014
5095 2.1852E-014
5098 2.1808E-014
5101 2.1728E-014
5104 2.1671E-014
5106 2.1638E-014
5109 2.1602E-014
5112 2.1691E-014
5115 2.1603E-014
5117 2.1517E-014
5120 2.1442E-014
5123 2.1371E-014
5126 2.1389E-014
5128 2.1367E-014
5131 2.1310E-014
5134 2.1280E-014
5137 2.1219E-014
5139 2.1077E-014
5142 2.1059E-014
5145 2.1105E-014
5148 2.0999E-014
5150 2.0948E-014
5153 2.0933E-014
5156 2.0926E-014
5159 2.0872E-014
5161 2.0885E-014
5164 2.0825E-014
5167 2.0744E-014
5170 2.0721E-014
5172 2.0717E-014
5175 2.0685E-014
5178 2.0663E-014
5181 2.0491E-014
5183 2.0446E-014
5186 2.0478E-014
5189 2.0413E-014
5192 2.0338E-014
5194 2.0260E-014
5197 2.0369E-014
5200 2.0282E-014
5202 2.0224E-014
5205 2.0209E-014
5208 2.0171E-014
5211 2.0062E-014
5213 2.0030E-014
5216 1.9977E-014
5219 1.9932E-014
5222 1.9949E-014
5224 1.9881E-014
5227 1.9773E-014
5230 1.9798E-014
5233 1.9797E-014
5235 1.9772E-014
5238 1.9703E-014
5241 1.9736E-014
5244 1.9633E-014
5246 1.9579E-014
5249 1.9580E-014
5252 1.9468E-014
5255 1.9415E-014
5257 1.9441E-014
5260 1.9446E-014
5263 1.9338E-014
5266 1.9320E-014
5268 1.9282E-014
5271 1.9219E-014
5274 1.9224E-014
5277 1.9209E-014
5279 1.9173E-014
5282 1.9086E-014
5285 1.9111E-014
5288 1.9053E-014
5290 1.9132E-014
5293 1.8955E-014
5296 1.8869E-014
5298 1.8879E-014
5301 1.8815E-014
5304 1.8766E-014
5307 1.8824E-014
5309 1.8759E-014
5312 1.8692E-014
5315 1.8685E-014
5318 1.8641E-014
5320 1.8572E-014
5323 1.8491E-014
5326 1.8499E-014
5329 1.8466E-014
5331 1.8404E-014
5334 1.8385E-014
5337 1.8316E-014
5340 1.8344E-014
5342 1.8254E-014
5345 1.8199E-014
5348 1.8154E-014
5351 1.8148E-014
5353 1.8135E-014
5356 1.8071E-014
5359 1.8123E-014
5362 1.8135E-014
5364 1.8109E-014
5367 1.8014E-014
5370 1.7864E-014
5373 1.7899E-014
5375 1.7859E-014
5378 1.7827E-014
5381 1.7778E-014
5383 1.7751E-014
5386 1.7762E-014
5389 1.7740E-014
5392 1.7673E-014
5394 1.7625E-014
5397 1.7587E-014
5400 1.7547E-014
5403 1.7471E-014
5405 1.7401E-014
5408 1.7424E-014
5411 1.7369E-014
5414 1.7411E-014
5416 1.7373E-014
5419 1.7298E-014
5422 1.7239E-014
5425 1.7274E-014
5427 1.7243E-014
5430 1.7223E-014
5433 1.7219E-014
5436 1.7095E-014
5438 1.7095E-014
5441 1.7125E-014
5444 1.7033E-014
5447 1.6921E-014
5449 1.6912E-014
5451 1.6976E-014
5456 1.6911E-014
5460 1.6795E-014
5465 1.6726E-014
5470 1.6754E-014
5475 1.6671E-014
5480 1.6539E-014
5485 1.6493E-014
5490 1.6470E-014
5495 1.6366E-014
5499 1.6404E-014
5504 1.6335E-014
5509 1.6206E-014
5514 1.6152E-014
5519 1.6126E-014
5524 1.6105E-014
5529 1.6017E-014
5534 1.5980E-014
5538 1.5883E-014
5543 1.5824E-014
5548 1.5811E-014
5553 1.5762E-014
5558 1.5700E-014
5563 1.5626E-014
5568 1.5613E-014
5572 1.5562E-014
5577 1.5507E-014
5582 1.5464E-014
5587 1.5418E-014
5592 1.5342E-014
5597 1.5301E-014
5602 1.5275E-014
5607 1.5226E-014
5611 1.5153E-014
5616 1.5097E-014
5621 1.5086E-014
5626 1.5042E-014
5631 1.4975E-014
5636 1.4904E-014
5641 1.4869E-014
5646 1.4817E-014
5650 1.4774E-014
5655 1.4699E-014
5660 1.4685E-014
5665 1.4604E-014
5670 1.4538E-014
5675 1.4534E-014
5680 1.4471E-014
5685 1.4405E-014
5689 1.4345E-014
5694 1.4347E-014
5699 1.4288E-014
5704 1.4251E-014
5709 1.4177E-014
5714 1.4079E-014
5719 1.4091E-014
5724 1.4063E-014
5728 1.4008E-014
5733 1.3967E-014
5738 1.3920E-014
5743 1.3871E-014
5748 1.3849E-014
5753 1.3839E-014
5758 1.3689E-014
5763 1.3609E-014
5767 1.3598E-014
5772 1.3603E-014
5777 1.3557E-014
5782 1.3541E-014
5787 1.3475E-014
5792 1.3435E-014
5797 1.3386E-014
5802 1.3334E-014
5806 1.3274E-014
5811 1.3243E-014
5816 1.3225E-014
5821 1.3191E-014
5826 1.3156E-014
5831 1.3085E-014
5836 1.3034E-014
5841 1.3017E-014
5845 1.2990E-014
5850 1.2922E-014
5855 1.2893E-014
5860 1.2851E-014
5865 1.2798E-014
5870 1.2747E-014
5875 1.2720E-014
5880 1.2698E-014
5884 1.2663E-014
5889 1.2568E-014
5894 1.2596E-014
5899 1.2539E-014
5904 1.2459E-014
5909 1.2399E-014
5914 1.2375E-014
5919 1.2363E-014
5923 1.2283E-014
5928 1.2261E-014
5933 1.2236E-014
5938 1.2207E-014
5943 1.2154E-014
5948 1.2107E-014
5953 1.2084E-014
5958 1.2077E-014
5962 1.2026E-014
5967 1.1995E-014
5972 1.1966E-014
5977 1.1946E-014
5982 1.1885E-014
5987 1.1859E-014
5992 1.1771E-014
5997 1.1714E-014
6001 1.1708E-014
6006 1.1661E-014
6011 1.1627E-014
6016 1.1614E-014
6021 1.1618E-014
6026 1.1562E-014
6031 1.1499E-014
6036 1.1460E-014
6040 1.1448E-014
6045 1.1398E-014
6050 1.1378E-014
6055 1.1310E-014
6060 1.1283E-014
6065 1.1268E-014
6070 1.1208E-014
6075 1.1166E-014
6079 1.1121E-014
6084 1.1102E-014
6089 1.1047E-014
6094 1.1019E-014
6099 1.0987E-014
6104 1.0958E-014
6109 1.0960E-014
6114 1.0931E-014
6118 1.0889E-014
6123 1.0855E-014
6128 1.0790E-014
6133 1.0774E-014
6138 1.0750E-014
6143 1.0720E-014
6148 1.0687E-014
6153 1.0643E-014
6157 1.0609E-014
6162 1.0601E-014
6167 1.0593E-014
6172 1.0545E-014
6177 1.0503E-014
6182 1.0447E-014
6187 1.0444E-014
6192 1.0406E-014
6197 1.0334E-014
6201 1.0325E-014
6206 1.0330E-014
6211 1.0279E-014
6216 1.0215E-014
6221 1.0156E-014
6226 1.0140E-014
6231 1.0151E-014
6236 1.0107E-014
6240 1.0051E-014
6245 1.0008E-014
6250 9.9955E-015
6255 9.9805E-015
6260 9.9602E-015
6265 9.9087E-015
6270 9.8599E-015
6275 9.8655E-015
6279 9.8431E-015
6284 9.8530E-015
6289 9.8109E-015
6294 9.7952E-015
6299 9.7708E-015
6304 9.7281E-015
6309 9.6929E-015
6314 9.6609E-015
6318 9.6073E-015
6323 9.5520E-015
6328 9.5221E-015
6333 9.5248E-015
6338 9.4846E-015
6343 9.4615E-015
6348 9.4474E-015
6353 9.4279E-015
6357 9.4100E-015
6362 9.3588E-015
6367 9.3226E-015
6372 9.2994E-015
6377 9.2707E-015
6382 9.2781E-015
6387 9.2438E-015
6392 9.2108E-015
6397 9.1719E-015
6401 9.1660E-015
6406 9.1087E-015
6411 9.0703E-015
6416 9.0461E-015
6421 9.0136E-015
6426 8.9936E-015
6431 8.9670E-015
6436 8.9354E-015
6440 8.8908E-015
6445 8.8315E-015
6450 8.7928E-015
6455 8.7675E-015
6460 8.7522E-015
6465 8.7416E-015
6470 8.6945E-015
6475 8.6484E-015
6479 8.6450E-015
6484 8.5996E-015
6489 8.5587E-015
6494 8.5112E-015
6499 8.4820E-015
6504 8.4140E-015
6509 8.3611E-015
6514 8.2917E-015
6519 8.2111E-015
6523 8.1112E-015
6528 8.0484E-015
6533 7.9625E-015
6538 7.8229E-015
6543 7.6632E-015
6548 7.4613E-015
6553 7.2436E-015
6558 7.0633E-015
6562 6.8901E-015
6567 6.8914E-015
6572 7.0372E-015
6577 7.2069E-015
6582 7.3576E-015
6587 7.4941E-015
6592 7.5875E-015
6597 7.6558E-015
6601 7.7401E-015
6606 7.7844E-015
6611 7.7945E-015
6616 7.8162E-015
6621 7.8460E-015
6626 7.8627E-015
6631 7.8361E-015
6636 7.8294E-015
6641 7.8301E-015
6645 7.8312E-015
6650 7.8346E-015
6655 7.8121E-015
6660 7.7775E-015
6665 7.7696E-015
6670 7.7480E-015
6675 7.7667E-015
6680 7.7598E-015
6684 7.7058E-015
6689 7.7000E-015
6694 7.6944E-015
6699 7.6633E-015
6704 7.6468E-015
6709 7.6104E-015
6714 7.6040E-015
6719 7.5876E-015
6724 7.5587E-015
6728 7.5364E-015
6733 7.4964E-015
6738 7.5066E-015
6743 7.5047E-015
6748 7.4878E-015
6753 7.4594E-015
6758 7.4363E-015
6763 7.4040E-015
6767 7.3901E-015
6772 7.3622E-015
6777 7.3510E-015
6782 7.3654E-015
6787 7.3219E-015
6792 7.2764E-015
6797 7.2579E-015
6802 7.2633E-015
6806 7.2269E-015
6811 7.2158E-015
6816 7.2078E-015
6821 7.1881E-015
6826 7.1473E-015
6831 7.1269E-015
6836 7.1330E-015
6841 7.1248E-015
6846 7.1059E-015
6850 7.0845E-015
6855 7.0612E-015
6860 7.0256E-015
6865 7.0270E-015
6870 6.9891E-015
6875 6.9549E-015
6880 6.9541E-015
6885 6.9167E-015
6889 6.8975E-015
6894 6.8855E-015
6899 6.8598E-015
6904 6.8502E-015
6909 6.8386E-015
6914 6.8195E-015
6919 6.7922E-015
6924 6.7761E-015
6929 6.7601E-015
6933 6.7424E-015
6938 6.7231E-015
6943 6.6935E-015
6948 6.6875E-015
6953 6.6697E-015
6958 6.6565E-015
6963 6.6325E-015
6968 6.6044E-015
6972 6.5953E-015
6977 6.5854E-015
6982 6.5529E-015
6987 6.5334E-015
6992 6.5337E-015
6997 6.5258E-015
7002 6.4889E-015
7007 6.4592E-015
7012 6.4493E-015
7016 6.4561E-015
7021 6.4321E-015
7026 6.4051E-015
7031 6.3846E-015
7036 6.3735E-015
7041 6.3638E-015
7046 6.3594E-015
7051 6.3276E-015
7055 6.2973E-015
7060 6.2838E-015
7065 6.2741E-015
7070 6.2436E-015
7075 6.2188E-015
7080 6.2091E-015
7085 6.1930E-015
7090 6.1845E-015
7095 6.1706E-015
7099 6.1572E-015
7104 6.1362E-015
7109 6.1108E-015
7114 6.0959E-015
7119 6.0846E-015
7124 6.0706E-015
7129 6.0578E-015
7134 6.0411E-015
7139 6.0363E-015
7143 6.0239E-015
7148 6.0193E-015
7153 5.9939E-015
7158 5.9811E-015
7163 5.9611E-015
7168 5.9391E-015
7173 5.9094E-015
7178 5.8759E-015
7182 5.8870E-015
7187 5.8752E-015
7192 5.8659E-015
7197 5.8563E-015
7202 5.8347E-015
7207 5.8134E-015
7212 5.7981E-015
7217 5.7772E-015
7222 5.7561E-015
7226 5.7575E-015
7231 5.7224E-015
7236 5.7167E-015
7241 5.7243E-015
7246 5.6933E-015
7251 5.6837E-015
7256 5.6847E-015
7261 5.6658E-015
7265 5.6420E-015
7270 5.6113E-015
7275 5.5904E-015
7280 5.5835E-015
7285 5.5726E-015
7290 5.5412E-015
7295 5.5172E-015
7300 5.5092E-015
7305 5.5256E-015
7309 5.5169E-015
7314 5.4924E-015
7319 5.4772E-015
7324 5.4635E-015
7329 5.4433E-015
7334 5.4183E-015
7339 5.3968E-015
7344 5.3822E-015
7348 5.3795E-015
7353 5.3749E-015
7358 5.3503E-015
7363 5.3484E-015
7368 5.3467E-015
7373 5.3605E-015
7378 5.3236E-015
7383 5.3060E-015
7388 5.2714E-015
7392 5.2705E-015
7397 5.2793E-015
7402 5.2412E-015
7407 5.2165E-015
7412 5.2064E-015
7417 5.2273E-015
7422 5.2003E-015
7427 5.1774E-015
7432 5.1587E-015
7436 5.1775E-015
7441 5.1400E-015
7446 5.1306E-015
7451 5.1471E-015
7456 5.1140E-015
7461 5.0971E-015
7466 5.0844E-015
7471 5.0774E-015
7475 5.0507E-015
7480 5.0306E-015
7485 5.0228E-015
7490 4.9986E-015
7495 4.9674E-015
7500 4.9669E-015
7505 4.9684E-015
7510 4.9649E-015
7515 4.9653E-015
7519 4.9357E-015
7524 4.9223E-015
7529 4.9198E-015
7534 4.8966E-015
7539 4.9009E-015
7544 4.8817E-015
7549 4.8790E-015
7554 4.8928E-015
7559 4.8463E-015
7563 4.8186E-015
7568 4.8106E-015
7573 4.8141E-015
7578 4.7946E-015
7583 4.7837E-015
7588 4.7528E-015
7593 4.7294E-015
7598 4.7361E-015
7602 4.7173E-015
7607 4.7223E-015
7612 4.7073E-015
7617 4.7033E-015
7622 4.7006E-015
7627 4.6700E-015
7632 4.6776E-015
7637 4.6694E-015
7642 4.6395E-015
7646 4.6295E-015
7651 4.6146E-015
7656 4.5928E-015
7661 4.5913E-015
7666 4.5946E-015
7671 4.5913E-015
7676 4.5648E-015
7681 4.5581E-015
7686 4.5298E-015
7690 4.5035E-015
7695 4.4939E-015
7700 4.4892E-015
7705 4.4946E-015
7710 4.4713E-015
7715 4.4521E-015
7720 4.4739E-015
7725 4.4641E-015
7729 4.4496E-015
7734 4.4588E-015
7739 4.4361E-015
7744 4.4259E-015
7749 4.4084E-015
7754 4.3956E-015
7759 4.3812E-015
7764 4.3707E-015
7769 4.3648E-015
7773 4.3376E-015
7778 4.3258E-015
7783 4.3224E-015
7788 4.3138E-015
7793 4.2933E-015
7798 4.2719E-015
7803 4.2581E-015
7808 4.2517E-015
7812 4.2595E-015
7817 4.2565E-015
7822 4.2574E-015
7827 4.2223E-015
7832 4.2049E-015
7837 4.2023E-015
7842 4.1899E-015
7847 4.1850E-015
7852 4.1628E-015
7856 4.1412E-015
7861 4.1369E-015
7866 4.1560E-015
7871 4.1434E-015
7876 4.1354E-015
7881 4.1272E-015
7886 4.1010E-015
7891 4.0956E-015
7896 4.1018E-015
7900 4.0774E-015
7905 4.0590E-015
7910 4.0439E-015
7915 4.0465E-015
7920 4.0292E-015
7925 4.0251E-015
7930 4.0190E-015
7935 4.0033E-015
7939 4.0002E-015
7944 3.9918E-015
7949 3.9763E-015
7954 3.9648E-015
7959 3.9636E-015
7964 3.9486E-015
7969 3.9320E-015
7974 3.9482E-015
7979 3.9366E-015
7983 3.9301E-015
7988 3.9131E-015
7993 3.9143E-015
7998 3.9136E-015
8003 3.8876E-015
8008 3.8768E-015
8013 3.8840E-015
8018 3.8700E-015
8023 3.8628E-015
8027 3.8488E-015
8032 3.8554E-015
8037 3.8419E-015
8042 3.8133E-015
8047 3.8050E-015
8052 3.7850E-015
8057 3.7601E-015
8062 3.7541E-015
8066 3.7784E-015
8071 3.7780E-015
8076 3.7595E-015
8081 3.7525E-015
8086 3.7203E-015
8091 3.7155E-015
8096 3.6979E-015
8101 3.6882E-015
8106 3.6733E-015
8110 3.6874E-015
8115 3.6773E-015
8120 3.6753E-015
8125 3.6651E-015
8130 3.6684E-015
8135 3.6514E-015
8140 3.6288E-015
8145 3.6287E-015
8150 3.6103E-015
8154 3.6048E-015
8159 3.6058E-015
8164 3.5920E-015
8169 3.5901E-015
8174 3.5730E-015
8179 3.5814E-015
8184 3.5576E-015
8189 3.5517E-015
8193 3.5598E-015
8198 3.5307E-015
8203 3.5385E-015
8208 3.5436E-015
8213 3.5381E-015
8218 3.5247E-015
8223 3.5152E-015
8228 3.4979E-015
8233 3.4697E-015
8237 3.4660E-015
8242 3.4705E-015
8247 3.4855E-015
8252 3.4772E-015
8257 3.4387E-015
8262 3.4249E-015
8267 3.4311E-015
8272 3.4169E-015
8277 3.4170E-015
8281 3.4267E-015
8286 3.4065E-015
8291 3.3924E-015
8296 3.3747E-015
8301 3.3575E-015
8306 3.3585E-015
8311 3.3639E-015
8316 3.3538E-015
8320 3.3523E-015
8325 3.3351E-015
8330 3.3347E-015
8335 3.3487E-015
8340 3.3396E-015
8345 3.3139E-015
8350 3.3008E-015
8355 3.2949E-015
8360 3.2779E-015
8364 3.2691E-015
8369 3.2643E-015
8374 3.2789E-015
8379 3.2817E-015
8384 3.2538E-015
8389 3.2515E-015
8394 3.2518E-015
8399 3.2309E-015
8403 3.2350E-015
8408 3.2185E-015
8413 3.2175E-015
8418 3.2086E-015
8423 3.2065E-015
8428 3.1901E-015
8433 3.1979E-015
8438 3.1842E-015
8443 3.1704E-015
8447 3.1611E-015
8452 3.1617E-015
8457 3.1668E-015
8462 3.1518E-015
8467 3.1339E-015
8472 3.1239E-015
8477 3.1290E-015
8482 3.1240E-015
8487 3.0996E-015
8491 3.1055E-015
8496 3.1012E-015
8501 3.1092E-015
8506 3.0763E-015
8511 3.0713E-015
8516 3.0631E-015
8521 3.0469E-015
8526 3.0472E-015
8530 3.0383E-015
8535 3.0457E-015
8540 3.0353E-015
8545 3.0144E-015
8550 3.0177E-015
8555 3.0137E-015
8560 3.0056E-015
8565 3.0163E-015
8570 2.9912E-015
8574 2.9657E-015
8579 2.9542E-015
8584 2.9331E-015
8589 2.9284E-015
8594 2.9331E-015
8599 2.9414E-015
8604 2.9615E-015
8609 2.9742E-015
8613 2.9797E-015
8618 2.9512E-015
8623 2.9355E-015
8628 2.8704E-015
8633 2.8712E-015
8638 2.8693E-015
8643 2.8521E-015
8648 2.8665E-015
8653 2.8695E-015
8657 2.8864E-015
8662 2.8938E-015
8667 2.8572E-015
8672 2.8512E-015
8677 2.8359E-015
8682 2.8277E-015
8687 2.8483E-015
8692 2.8476E-015
8696 2.8316E-015
8701 2.8216E-015
8706 2.8324E-015
8711 2.8147E-015
8716 2.8017E-015
8721 2.7979E-015
8726 2.7860E-015
8731 2.7833E-015
8736 2.7883E-015
8740 2.7966E-015
8745 2.8083E-015
8750 2.7887E-015
8755 2.7566E-015
8760 2.7551E-015
8765 2.7612E-015
8770 2.7441E-015
8775 2.7317E-015
8779 2.7306E-015
8784 2.7165E-015
8789 2.7139E-015
8794 2.7001E-015
8799 2.7072E-015
8804 2.7106E-015
8809 2.6919E-015
8814 2.7008E-015
8819 2.6972E-015
8823 2.6621E-015
8828 2.6595E-015
8833 2.6589E-015
8838 2.6570E-015
8843 2.6632E-015
8848 2.6393E-015
8853 2.6314E-015
8858 2.6279E-015
8862 2.6266E-015
8867 2.6131E-015
8872 2.6197E-015
8877 2.6226E-015
8882 2.6214E-015
8887 2.6129E-015
8892 2.5952E-015
8897 2.5808E-015
8902 2.5709E-015
8906 2.5587E-015
8911 2.5742E-015
8916 2.6118E-015
8921 2.5982E-015
8926 2.5841E-015
8931 2.5467E-015
8936 2.5266E-015
8941 2.5155E-015
8945 2.5374E-015
8950 2.5256E-015
8955 2.5306E-015
8960 2.5246E-015
8965 2.5170E-015
8970 2.5183E-015
8975 2.4888E-015
8980 2.4723E-015
8985 2.4870E-015
8989 2.4853E-015
8994 2.4856E-015
8999 2.4787E-015
9004 2.4697E-015
9009 2.4639E-015
9014 2.4512E-015
9019 2.4553E-015
9024 2.4425E-015
9028 2.4410E-015
9033 2.4525E-015
9038 2.4563E-015
9043 2.4562E-015
9048 2.4333E-015
9053 2.4082E-015
9058 2.4043E-015
9063 2.3995E-015
9067 2.3947E-015
9072 2.3981E-015
9077 2.4156E-015
9082 2.4233E-015
9087 2.4062E-015
9092 2.3872E-015
9097 2.3774E-015
9102 2.3717E-015
9107 2.3909E-015
9111 2.3796E-015
9116 2.3589E-015
9121 2.3501E-015
9126 2.3363E-015
9131 2.3424E-015
9136 2.3427E-015
9141 2.3460E-015
9146 2.3332E-015
9150 2.3507E-015
9155 2.3462E-015
9160 2.3414E-015
9165 2.3334E-015
9170 2.3067E-015
9175 2.2843E-015
9180 2.2733E-015
9185 2.2904E-015
9190 2.2855E-015
9194 2.2837E-015
9199 2.2952E-015
9204 2.2733E-015
9209 2.2669E-015
9214 2.2739E-015
9219 2.2617E-015
9224 2.2562E-015
9229 2.2564E-015
9233 2.2356E-015
9238 2.2174E-015
9243 2.2292E-015
9248 2.2360E-015
9253 2.2255E-015
9258 2.2279E-015
9263 2.2357E-015
9268 2.2165E-015
9272 2.2019E-015
9277 2.1936E-015
9282 2.2146E-015
9287 2.2262E-015
9292 2.2261E-015
9297 2.2218E-015
9302 2.2365E-015
9307 2.2025E-015
9311 2.1735E-015
9316 2.1749E-015
9321 2.1680E-015
9326 2.1671E-015
9331 2.1643E-015
9336 2.1459E-015
9341 2.1413E-015
9346 2.1400E-015
9351 2.1310E-015
9355 2.1184E-015
9360 2.1330E-015
9365 2.1387E-015
9370 2.1182E-015
9375 2.1262E-015
9380 2.1217E-015
9385 2.1082E-015
9390 2.1185E-015
9394 2.1131E-015
9399 2.1043E-015
9404 2.0810E-015
9409 2.0876E-015
9414 2.0859E-015
9419 2.0766E-015
9424 2.0669E-015
9429 2.0784E-015
9433 2.0752E-015
9438 2.0865E-015
9443 2.0870E-015
9448 2.0774E-015
9453 2.0558E-015
9458 2.0487E-015
9463 2.0466E-015
9468 2.0364E-015
9472 2.0562E-015
9477 2.0341E-015
9482 2.0136E-015
9487 1.9962E-015
9492 1.9999E-015
9497 1.9971E-015
9502 1.9961E-015
9507 2.0012E-015
9512 2.0004E-015
9516 1.9897E-015
9521 1.9780E-015
9526 1.9701E-015
9531 1.9590E-015
9536 1.9554E-015
9541 1.9488E-015
9546 1.9521E-015
9551 1.9655E-015
9555 1.9667E-015
9560 1.9555E-015
9565 1.9470E-015
9570 1.9421E-015
9575 1.9316E-015
9580 1.9296E-015
9585 1.9196E-015
9590 1.9183E-015
9594 1.9362E-015
9599 1.9372E-015
9604 1.9630E-015
9609 1.9342E-015
9614 1.9294E-015
9619 1.9170E-015
9624 1.8919E-015
9629 1.8787E-015
9633 1.8843E-015
9638 1.9087E-015
9643 1.9165E-015
9648 1.9089E-015
9653 1.9014E-015
9658 1.9050E-015
9663 1.9020E-015
9668 1.9115E-015
9672 1.8994E-015
9677 1.8855E-015
9682 1.8915E-015
9687 1.8754E-015
9692 1.8661E-015
9697 1.8724E-015
9702 1.8566E-015
9707 1.8675E-015
9711 1.8664E-015
9716 1.8637E-015
9721 1.8611E-015
9726 1.8573E-015
9731 1.8375E-015
9736 1.8303E-015
9741 1.8338E-015
9746 1.8199E-015
9750 1.8369E-015
9755 1.8252E-015
9760 1.8269E-015
9765 1.8312E-015
9770 1.8345E-015
9775 1.8287E-015
9780 1.8166E-015
9785 1.8036E-015
9789 1.8041E-015
9794 1.8199E-015
9799 1.8086E-015
9804 1.7916E-015
9809 1.7812E-015
9814 1.7780E-015
9819 1.7849E-015
9824 1.7597E-015
9828 1.7614E-015
9833 1.7550E-015
9838 1.7628E-015
9843 1.7934E-015
9848 1.7719E-015
9853 1.7546E-015
9858 1.7629E-015
9863 1.7786E-015
9867 1.7724E-015
9872 1.7361E-015
9877 1.7646E-015
9882 1.7836E-015
9887 1.7705E-015
9892 1.7545E-015
9897 1.7345E-015
9902 1.7341E-015
9906 1.7321E-015
9911 1.7207E-015
9916 1.6905E-015
9921 1.6782E-015
9926 1.6913E-015
9931 1.6843E-015
9936 1.6818E-015
9941 1.6802E-015
9945 1.6867E-015
9950 1.6736E-015
9955 1.6687E-015
9960 1.6751E-015
9965 1.6574E-015
9970 1.6460E-015
9975 1.6778E-015
9980 1.6631E-015
9984 1.6477E-015
9989 1.6345E-015
9994 1.6381E-015
9999 1.6594E-015
1E+004 1.6465E-015
1.001E+004 1.6330E-015
1.001E+004 1.6445E-015
1.002E+004 1.6443E-015
1.002E+004 1.6247E-015
1.003E+004 1.6136E-015
1.003E+004 1.5790E-015
1.004E+004 1.5902E-015
1.004E+004 1.5895E-015
1.007E+004 1.5677E-015
1.01E+004 1.5557E-015
1.013E+004 1.5538E-015
1.015E+004 1.5488E-015
1.018E+004 1.5386E-015
1.021E+004 1.5236E-015
1.024E+004 1.5102E-015
1.027E+004 1.4994E-015
1.029E+004 1.4852E-015
1.032E+004 1.4727E-015
1.035E+004 1.4581E-015
1.038E+004 1.4414E-015
1.041E+004 1.4326E-015
1.043E+004 1.4215E-015
1.046E+004 1.4016E-015
1.049E+004 1.3835E-015
1.052E+004 1.3753E-015
1.055E+004 1.3591E-015
1.058E+004 1.3432E-015
1.06E+004 1.3290E-015
1.063E+004 1.3090E-015
1.066E+004 1.2950E-015
1.069E+004 1.2787E-015
1.072E+004 1.2661E-015
1.074E+004 1.2552E-015
1.077E+004 1.2337E-015
1.08E+004 1.2130E-015
1.083E+004 1.1909E-015
1.086E+004 1.1697E-015
1.089E+004 1.1517E-015
1.091E+004 1.1215E-015
1.094E+004 1.1086E-015
1.097E+004 1.1059E-015
1.1E+004 1.0998E-015
1.103E+004 1.1016E-015
1.105E+004 1.0992E-015
1.108E+004 1.0960E-015
1.111E+004 1.0903E-015
1.114E+004 1.0818E-015
1.117E+004 1.0787E-015
1.119E+004 1.0675E-015
1.122E+004 1.0531E-015
1.125E+004 1.0474E-015
1.128E+004 1.0416E-015
1.131E+004 1.0348E-015
1.134E+004 1.0283E-015
1.136E+004 1.0190E-015
1.139E+004 1.0046E-015
1.142E+004 9.9363E-016
1.145E+004 9.8763E-016
1.148E+004 9.7997E-016
1.15E+004 9.7064E-016
1.153E+004 9.5791E-016
1.156E+004 9.4830E-016
1.159E+004 9.3629E-016
1.162E+004 9.2760E-016
1.165E+004 9.1971E-016
1.167E+004 9.1115E-016
1.17E+004 9.0462E-016
1.174E+004 8.9056E-016
1.178E+004 8.7813E-016
1.182E+004 8.6938E-016
1.186E+004 8.5810E-016
1.19E+004 8.4579E-016
1.194E+004 8.3544E-016
1.198E+004 8.2555E-016
1.202E+004 8.1117E-016
1.206E+004 8.0140E-016
1.21E+004 7.9417E-016
1.214E+004 7.8345E-016
1.218E+004 7.7093E-016
1.222E+004 7.5964E-016
1.226E+004 7.5173E-016
1.23E+004 7.4429E-016
1.234E+004 7.3470E-016
1.238E+004 7.2482E-016
1.242E+004 7.1571E-016
1.246E+004 7.0930E-016
1.25E+004 6.9865E-016
1.254E+004 6.8930E-016
1.258E+004 6.7729E-016
1.262E+004 6.6583E-016
1.266E+004 6.5344E-016
1.27E+004 6.3683E-016
1.274E+004 6.2224E-016
1.278E+004 6.1184E-016
1.282E+004 6.0210E-016
1.286E+004 5.9565E-016
1.29E+004 5.9263E-016
1.294E+004 5.9093E-016
1.298E+004 5.9120E-016
1.302E+004 5.8882E-016
1.306E+004 5.8447E-016
1.31E+004 5.7951E-016
1.314E+004 5.7583E-016
1.318E+004 5.7137E-016
1.322E+004 5.6437E-016
1.326E+004 5.5588E-016
1.33E+004 5.4882E-016
1.334E+004 5.4369E-016
1.338E+004 5.3797E-016
1.342E+004 5.3233E-016
1.346E+004 5.2701E-016
1.35E+004 5.2104E-016
1.354E+004 5.1436E-016
1.358E+004 5.0769E-016
1.362E+004 5.0197E-016
1.366E+004 4.9576E-016
1.37E+004 4.8950E-016
1.374E+004 4.8466E-016
1.378E+004 4.7905E-016
1.382E+004 4.7210E-016
1.386E+004 4.6605E-016
1.39E+004 4.6215E-016
1.394E+004 4.5850E-016
1.398E+004 4.5326E-016
1.402E+004 4.4730E-016
1.406E+004 4.4088E-016
1.41E+004 4.3511E-016
1.414E+004 4.3090E-016
1.418E+004 4.2777E-016
1.422E+004 4.2361E-016
1.426E+004 4.1850E-016
1.43E+004 4.1360E-016
1.434E+004 4.0847E-016
1.438E+004 4.0327E-016
1.442E+004 3.9897E-016
1.446E+004 3.9566E-016
1.45E+004 3.9201E-016
1.454E+004 3.8827E-016
1.458E+004 3.8555E-016
1.462E+004 3.8155E-016
1.466E+004 3.7671E-016
1.47E+004 3.7302E-016
1.474E+004 3.6855E-016
1.478E+004 3.6443E-016
1.482E+004 3.6058E-016
1.486E+004 3.5607E-016
1.49E+004 3.5157E-016
1.494E+004 3.4770E-016
1.498E+004 3.4392E-016
1.502E+004 3.4063E-016
1.506E+004 3.3743E-016
1.51E+004 3.3501E-016
1.514E+004 3.3288E-016
1.518E+004 3.2927E-016
1.522E+004 3.2520E-016
1.526E+004 3.2164E-016
1.53E+004 3.1832E-016
1.534E+004 3.1459E-016
1.538E+004 3.1165E-016
1.542E+004 3.0845E-016
1.546E+004 3.0543E-016
1.55E+004 3.0211E-016
1.554E+004 2.9934E-016
1.558E+004 2.9728E-016
1.562E+004 2.9454E-016
1.566E+004 2.9139E-016
1.57E+004 2.8795E-016
1.574E+004 2.8525E-016
1.578E+004 2.8238E-016
1.582E+004 2.7917E-016
1.586E+004 2.7577E-016
1.59E+004 2.7375E-016
1.594E+004 2.7247E-016
1.598E+004 2.7039E-016
1.602E+004 2.6741E-016
1.606E+004 2.6338E-016
1.61E+004 2.5999E-016
1.614E+004 2.5744E-016
1.618E+004 2.5515E-016
1.622E+004 2.5331E-016
1.626E+004 2.5130E-016
1.63E+004 2.4861E-016
1.634E+004 2.4595E-016
1.638E+004 2.4325E-016
1.642E+004 2.4058E-016
1.646E+004 2.3796E-016
1.65E+004 2.3550E-016
1.654E+004 2.3352E-016
1.658E+004 2.3160E-016
1.662E+004 2.2966E-016
1.666E+004 2.2768E-016
1.67E+004 2.2579E-016
1.674E+004 2.2379E-016
1.678E+004 2.2183E-016
1.682E+004 2.1974E-016
1.686E+004 2.1728E-016
1.69E+004 2.1514E-016
1.694E+004 2.1315E-016
1.698E+004 2.1069E-016
1.702E+004 2.0878E-016
1.706E+004 2.0757E-016
1.71E+004 2.0601E-016
1.714E+004 2.0408E-016
1.718E+004 2.0170E-016
1.722E+004 1.9966E-016
1.726E+004 1.9826E-016
1.73E+004 1.9695E-016
1.734E+004 1.9557E-016
1.738E+004 1.9394E-016
1.742E+004 1.9159E-016
1.746E+004 1.8924E-016
1.75E+004 1.8772E-016
1.754E+004 1.8649E-016
1.758E+004 1.8512E-016
1.762E+004 1.8343E-016
1.766E+004 1.8154E-016
1.77E+004 1.7957E-016
1.774E+004 1.7797E-016
1.778E+004 1.7649E-016
1.782E+004 1.7491E-016
1.786E+004 1.7326E-016
1.79E+004 1.7159E-016
1.794E+004 1.7020E-016
1.798E+004 1.6881E-016
1.802E+004 1.6753E-016
1.806E+004 1.6612E-016
1.81E+004 1.6471E-016
1.814E+004 1.6288E-016
1.818E+004 1.6158E-016
1.822E+004 1.6042E-016
1.826E+004 1.5922E-016
1.83E+004 1.5831E-016
1.834E+004 1.5692E-016
1.838E+004 1.5551E-016
1.842E+004 1.5383E-016
1.846E+004 1.5218E-016
1.85E+004 1.5013E-016
1.854E+004 1.4864E-016
1.858E+004 1.4693E-016
1.862E+004 1.4548E-016
1.866E+004 1.4350E-016
1.87E+004 1.4185E-016
1.874E+004 1.4052E-016
1.878E+004 1.3900E-016
1.882E+004 1.3855E-016
1.886E+004 1.3747E-016
1.889E+004 1.3537E-016
1.895E+004 1.3372E-016
1.901E+004 1.3272E-016
1.907E+004 1.3275E-016
1.912E+004 1.3151E-016
1.918E+004 1.2970E-016
1.924E+004 1.2719E-016
1.93E+004 1.2427E-016
1.935E+004 1.2211E-016
1.941E+004 1.2055E-016
1.947E+004 1.1941E-016
1.953E+004 1.1889E-016
1.958E+004 1.1845E-016
1.964E+004 1.1699E-016
1.97E+004 1.1610E-016
1.976E+004 1.1500E-016
1.981E+004 1.1358E-016
1.987E+004 1.1220E-016
1.993E+004 1.1079E-016
1.998E+004 1.0963E-016
2.004E+004 1.0851E-016
2.01E+004 1.0732E-016
2.016E+004 1.0649E-016
2.021E+004 1.0550E-016
2.027E+004 1.0377E-016
2.033E+004 1.0238E-016
2.039E+004 1.0161E-016
2.044E+004 1.0036E-016
2.05E+004 9.9095E-017
2.056E+004 9.7726E-017
2.062E+004 9.6370E-017
2.067E+004 9.6021E-017
2.073E+004 9.6206E-017
2.079E+004 9.5186E-017
2.085E+004 9.3679E-017
2.09E+004 9.2650E-017
2.096E+004 9.1947E-017
2.102E+004 9.1151E-017
2.107E+004 8.9996E-017
2.113E+004 8.8945E-017
2.119E+004 8.7795E-017
2.125E+004 8.6913E-017
2.13E+004 8.5766E-017
2.136E+004 8.4598E-017
2.142E+004 8.3833E-017
2.148E+004 8.2227E-017
2.153E+004 8.0880E-017
2.159E+004 7.9882E-017
2.165E+004 7.9197E-017
2.171E+004 7.8363E-017
2.176E+004 7.7135E-017
2.182E+004 7.6159E-017
2.188E+004 7.5601E-017
2.194E+004 7.4846E-017
2.199E+004 7.4313E-017
2.205E+004 7.4009E-017
2.211E+004 7.3358E-017
2.217E+004 7.2526E-017
2.222E+004 7.1649E-017
2.228E+004 7.0456E-017
2.234E+004 6.9570E-017
2.239E+004 6.9440E-017
2.245E+004 6.9240E-017
2.251E+004 6.8288E-017
2.257E+004 6.7314E-017
2.262E+004 6.7215E-017
2.268E+004 6.7029E-017
2.274E+004 6.6206E-017
2.28E+004 6.5433E-017
2.285E+004 6.5106E-017
2.291E+004 6.4941E-017
2.297E+004 6.3941E-017
2.303E+004 6.2944E-017
2.308E+004 6.2184E-017
2.314E+004 6.1178E-017
2.32E+004 6.1027E-017
2.326E+004 6.0508E-017
2.331E+004 5.9745E-017
2.337E+004 5.9645E-017
2.343E+004 5.9240E-017
2.348E+004 5.8218E-017
2.354E+004 5.7582E-017
2.36E+004 5.7330E-017
2.366E+004 5.6927E-017
2.371E+004 5.6601E-017
2.377E+004 5.5839E-017
2.383E+004 5.4858E-017
2.389E+004 5.4229E-017
2.394E+004 5.3781E-017
2.4E+004 5.3225E-017
2.406E+004 5.3216E-017
2.412E+004 5.3212E-017
2.417E+004 5.2576E-017
2.423E+004 5.1335E-017
2.429E+004 5.0240E-017
2.435E+004 5.0013E-017
2.44E+004 5.0219E-017
2.446E+004 4.9889E-017
2.452E+004 4.9604E-017
2.458E+004 4.9329E-017
2.463E+004 4.8991E-017
2.469E+004 4.8474E-017
2.475E+004 4.8143E-017
2.48E+004 4.7757E-017
2.486E+004 4.7594E-017
2.492E+004 4.7624E-017
