1140.6 5.0127754E-012
1140.6 5.0127754E-012
1141.6 4.3319003E-012
1142.6 3.8944499E-012
1143.6 4.3005751E-012
1144.6 3.7246504E-012
1145.6 3.9175503E-012
1146.6 3.7861502E-012
1147.6 3.9135253E-012
1148.6 4.0540002E-012
1149.65 4.1007753E-012
1150.65 3.9349001E-012
1151.65 3.6946002E-012
1152.65 4.4499751E-012
1153.65 3.9726252E-012
1154.65 3.5772752E-012
1155.65 3.9494003E-012
1156.675 3.7458001E-012
1157.7001 3.3591253E-012
1158.7001 3.6816999E-012
1159.7001 3.4522001E-012
1160.7001 3.585825E-012
1161.7001 4.0562753E-012
1162.7001 4.0275001E-012
1163.7001 3.682E-012
1164.7251 3.9658754E-012
1165.75 3.6023001E-012
1166.75 3.6033251E-012
1167.75 3.5606251E-012
1168.75 3.5232002E-012
1169.75 3.6268751E-012
1170.75 3.44035E-012
1171.8 3.4718001E-012
1172.8 3.605E-012
1173.8 3.6503751E-012
1174.8 3.7376499E-012
1175.8 3.3710001E-012
1176.8 3.4819001E-012
1177.8 3.5802002E-012
1178.8251 3.5836503E-012
1179.85 3.5916751E-012
1180.85 3.3720251E-012
1181.85 3.3255753E-012
1182.85 3.4753001E-012
1183.85 3.1898002E-012
1184.875 3.2796253E-012
1185.9 3.1786501E-012
1186.9 3.220675E-012
1187.9 3.1717751E-012
1188.9 3.1317E-012
1189.9 2.9933001E-012
1190.9 3.1507002E-012
1191.925 3.1566999E-012
1192.9501 3.1701751E-012
1193.9501 2.9660751E-012
1194.9501 3.0245999E-012
1195.9501 2.922225E-012
1196.9501 2.780925E-012
1197.9751 2.8494501E-012
1199 2.7106752E-012
1200 2.4574251E-012
1201 2.5653251E-012
1202 2.4106502E-012
1203 2.4811251E-012
1204 2.2271501E-012
1205.05 2.2436252E-012
1206.05 2.0965001E-012
1207.05 1.89105E-012
1208.05 1.6405251E-012
1209.05 1.496475E-012
1210.0751 1.2681501E-012
1211.1 1.211025E-012
1212.1 1.1092175E-012
1213.1 9.0031503E-013
1214.1 6.8057002E-013
1215.1 6.346275E-013
1216.125 4.9360001E-013
1217.15 5.19615E-013
1218.15 6.5791507E-013
1219.15 7.8898249E-013
1220.15 1.0104275E-012
1221.15 1.1792751E-012
1222.2001 1.3056251E-012
1223.2001 1.4673749E-012
1224.2001 1.7010749E-012
1225.2001 1.8295502E-012
1226.2001 1.88215E-012
1227.2001 2.0356752E-012
1228.25 2.1755252E-012
1229.25 2.1824001E-012
1230.25 2.1604251E-012
1231.25 2.3058751E-012
1232.25 2.3590752E-012
1233.275 2.3445501E-012
1234.3 2.5552752E-012
1235.3 2.6713751E-012
1236.3 2.7205252E-012
1237.3 2.71025E-012
1238.3 2.7296501E-012
1239.3251 2.7965E-012
1240.35 2.7790751E-012
1241.35 2.7614E-012
1242.35 2.7556252E-012
1243.35 2.8684501E-012
1244.375 2.9395501E-012
1245.4 2.9922E-012
1246.4 2.793675E-012
1247.4 2.8215E-012
1248.4 2.8243501E-012
1249.4 2.811925E-012
1250.4501 2.8472251E-012
1251.4501 2.9759502E-012
1252.4501 2.869225E-012
1253.4501 2.9510001E-012
1254.4501 2.9484002E-012
1255.4751 2.8792001E-012
1256.5 2.8808249E-012
1257.5 2.8834251E-012
1258.5 2.8989751E-012
1259.5 2.9130251E-012
1260.5 2.7493251E-012
1261.55 2.823475E-012
1262.55 2.8827002E-012
1263.55 2.8914E-012
1264.55 2.8189502E-012
1265.55 2.8982752E-012
1266.6 2.8414751E-012
1267.6 2.8182001E-012
1268.6 2.8836501E-012
1269.6 2.8359752E-012
1270.6 2.9058251E-012
1271.625 2.7830999E-012
1272.65 2.7984E-012
1273.65 2.8572251E-012
1274.65 2.756025E-012
1275.65 2.69005E-012
1276.675 2.7848E-012
1277.7001 2.8247749E-012
1278.7001 2.6624E-012
1279.7001 2.7462249E-012
1280.7001 2.8263E-012
1281.7001 2.7982501E-012
1282.75 2.7576502E-012
1283.75 2.762975E-012
1284.75 2.7792501E-012
1285.75 2.8281251E-012
1286.75 2.7955752E-012
1287.8 2.7646752E-012
1288.8 2.7031251E-012
1289.8 2.7120253E-012
1290.8 2.798625E-012
1291.8 2.6973502E-012
1292.8 2.7137251E-012
1293.85 2.7374752E-012
1294.85 2.7069E-012
1295.85 2.7093252E-012
1296.85 2.6629751E-012
1297.85 2.6766751E-012
1298.9 2.654525E-012
1299.9 2.6317999E-012
1300.9 2.5738251E-012
1301.9 2.6056E-012
1302.9 2.53995E-012
1303.925 2.6900251E-012
1304.9501 2.6910752E-012
1305.9501 2.6344001E-012
1306.9501 2.7068749E-012
1307.9501 2.5807002E-012
1308.9751 2.6566E-012
1310 2.6322252E-012
1311 2.6182001E-012
1312 2.5955002E-012
1313 2.6153502E-012
1314 2.6356252E-012
1315.05 2.5908999E-012
1316.05 2.5345002E-012
1317.05 2.4399751E-012
1318.05 2.548425E-012
1319.05 2.4403749E-012
1320.1 2.5477749E-012
1321.1 2.5815001E-012
1322.1 2.501725E-012
1323.1 2.5163502E-012
1324.1 2.6078003E-012
1325.1 2.5293999E-012
1326.15 2.5370502E-012
1327.15 2.5775001E-012
1328.15 2.501875E-012
1329.15 2.501175E-012
1330.15 2.480675E-012
1331.2001 2.5045502E-012
1332.2001 2.5264751E-012
1333.2001 2.50455E-012
1334.2001 2.4340501E-012
1335.2001 2.3659E-012
1336.2251 2.439575E-012
1337.25 2.4947501E-012
1338.25 2.4418503E-012
1339.25 2.4601749E-012
1340.25 2.3553E-012
1341.25 2.35255E-012
1342.3 2.5232999E-012
1343.3 2.42265E-012
1344.3 2.4744252E-012
1345.3 2.3599501E-012
1346.3 2.3766252E-012
1347.3 2.3885501E-012
1348.35 2.459625E-012
1349.35 2.3767E-012
1350.35 2.4109501E-012
1351.35 2.3461502E-012
1352.35 2.390225E-012
1353.375 2.342875E-012
1354.4 2.4068E-012
1355.4 2.3318502E-012
1356.4 2.363325E-012
1357.4 2.3167E-012
1358.4 2.2799252E-012
1359.425 2.2944749E-012
1360.4501 2.352025E-012
1361.4501 2.2926502E-012
1362.4501 2.2387253E-012
1363.4501 2.31225E-012
1364.4501 2.2974749E-012
1365.5 2.289225E-012
1366.5 2.3394002E-012
1367.5 2.260925E-012
1368.5 2.2614001E-012
1369.5 2.2391501E-012
1370.5 2.2505251E-012
1371.55 2.2710252E-012
1372.55 2.2379251E-012
1373.55 2.2714001E-012
1374.55 2.2893E-012
1375.55 2.29975E-012
1376.55 2.291375E-012
1377.6 2.2592251E-012
1378.6 2.320275E-012
1379.6 2.2035752E-012
1380.6 2.1879501E-012
1381.6 2.197225E-012
1382.6 2.1552751E-012
1383.625 2.15865E-012
1384.65 2.1814E-012
1385.65 2.226925E-012
1386.65 2.1627251E-012
1387.65 2.1780501E-012
1388.65 2.1695E-012
1389.65 2.14845E-012
1390.7001 2.13075E-012
1391.7001 2.2138749E-012
1392.7001 2.1381501E-012
1393.7001 2.1190502E-012
1394.7001 2.0972E-012
1395.7001 2.0913252E-012
1396.7251 2.0481251E-012
1397.75 2.0210251E-012
1398.75 2.1544502E-012
1399.75 2.1353251E-012
1400.75 2.146925E-012
1401.75 2.0641501E-012
1402.75 2.0881751E-012
1403.775 2.1293E-012
1404.8 2.0617752E-012
1405.8 2.0900252E-012
1406.8 2.089675E-012
1407.8 2.0913249E-012
1408.8 2.0998502E-012
1409.8 2.0434251E-012
1410.8 2.0516251E-012
1411.8501 2.0609502E-012
1412.8501 2.1292252E-012
1413.8501 2.0147E-012
1414.8501 1.9992499E-012
1415.8501 2.0295E-012
1416.8501 1.9606001E-012
1417.8501 2.0484001E-012
1418.9001 1.9776251E-012
1419.9001 2.0550001E-012
1420.9001 1.9927001E-012
1421.9001 1.9308251E-012
1422.9001 1.9479E-012
1423.9001 1.98355E-012
1424.9001 2.0210001E-012
1425.9001 1.9879751E-012
1426.925 1.992725E-012
1427.9501 1.9422502E-012
1428.9501 1.9910751E-012
1429.9501 1.8961751E-012
1430.9501 2.0297251E-012
1431.9501 1.986225E-012
1432.9501 1.9261749E-012
1433.9501 1.9557001E-012
1434.975 1.906025E-012
1436 1.9656501E-012
1437 1.9101001E-012
1438 1.933675E-012
1439 1.9222252E-012
1440 1.854E-012
1441 1.965075E-012
1442 1.9643501E-012
1443 1.93205E-012
1444 1.9142749E-012
1445.05 1.9627752E-012
1446.05 1.8806001E-012
1447.05 1.8405E-012
1448.05 1.887625E-012
1449.05 1.857425E-012
1450.05 1.8726752E-012
1451.05 1.8898251E-012
1452.05 1.8965001E-012
1453.05 1.8720999E-012
1454.05 1.8666249E-012
1455.1 1.9029001E-012
1456.1 1.8057E-012
1457.1 1.9299751E-012
1458.1 1.821475E-012
1459.1 1.8198E-012
1460.1 1.8249501E-012
1461.1 1.809625E-012
1462.1 1.8477002E-012
1463.1 1.8149251E-012
1464.1 1.8344751E-012
1465.1 1.80925E-012
1466.1 1.81425E-012
1467.15 1.7735499E-012
1468.15 1.78425E-012
1469.15 1.8009001E-012
1470.15 1.8474751E-012
1471.15 1.8658E-012
1472.15 1.8375501E-012
1473.15 1.7913001E-012
1474.15 1.8728751E-012
1475.15 1.8163751E-012
1476.15 1.8032001E-012
1477.15 1.8250252E-012
1478.15 1.745025E-012
1479.15 1.8003E-012
1480.15 1.76055E-012
1481.175 1.8271751E-012
1482.2001 1.7863751E-012
1483.2001 1.763475E-012
1484.2001 1.7579251E-012
1485.2001 1.743475E-012
1486.2001 1.721375E-012
1487.2001 1.7008001E-012
1488.2001 1.7413501E-012
1489.2001 1.7563001E-012
1490.2001 1.72405E-012
1491.2001 1.6529E-012
1492.2001 1.6977E-012
1493.2001 1.7034001E-012
1494.2001 1.6568501E-012
1495.2001 1.66785E-012
1496.2001 1.6889751E-012
1497.2001 1.67015E-012
1498.2001 1.6980251E-012
1499.2001 1.6211E-012
1500.2001 1.6313001E-012
1501.2001 1.65115E-012
1502.2001 1.6913251E-012
1503.2001 1.7077001E-012
1504.2001 1.6621E-012
1505.2001 1.6003501E-012
1506.2001 1.664325E-012
1507.25 1.6427001E-012
1508.25 1.6200751E-012
1509.25 1.7066E-012
1510.25 1.6954501E-012
1511.25 1.6511751E-012
1512.25 1.6945251E-012
1513.25 1.636575E-012
1514.25 1.6423251E-012
1515.25 1.6346E-012
1516.25 1.5873751E-012
1517.25 1.6233E-012
1518.25 1.5864001E-012
1519.25 1.6554001E-012
1520.25 1.6194751E-012
1521.25 1.63225E-012
1522.25 1.6871E-012
1523.25 1.619925E-012
1524.25 1.5838001E-012
1525.25 1.692575E-012
1526.25 1.6621E-012
1527.25 1.6445001E-012
1528.25 1.6472E-012
1529.25 1.580475E-012
1530.25 1.555075E-012
1531.25 1.6241751E-012
1532.25 1.5910251E-012
1533.2251 1.58415E-012
1534.2001 1.5261501E-012
1535.2001 1.5152251E-012
1536.2001 1.5471749E-012
1537.2001 1.628775E-012
1538.2001 1.548375E-012
1539.2001 1.51235E-012
1540.2001 1.563075E-012
1541.2001 1.5576501E-012
1542.2001 1.6240001E-012
1543.2001 1.577025E-012
1544.2001 1.5487E-012
1545.2001 1.532775E-012
1546.2001 1.5508251E-012
1547.2001 1.5376E-012
1548.2001 1.5069751E-012
1549.2001 1.49885E-012
1550.2001 1.5228E-012
1551.2001 1.47365E-012
1552.2001 1.49605E-012
1553.2001 1.4968501E-012
1554.2001 1.523225E-012
1555.2001 1.502725E-012
1556.175 1.5241001E-012
1557.15 1.51535E-012
1558.15 1.4577751E-012
1559.15 1.4963E-012
1560.15 1.552825E-012
1561.15 1.4676E-012
1562.15 1.4849E-012
1563.15 1.4222751E-012
1564.15 1.4723E-012
1565.15 1.4425751E-012
1566.15 1.4276E-012
1567.15 1.4309501E-012
1568.15 1.4903751E-012
1569.125 1.4376E-012
1570.1 1.4624501E-012
1571.1 1.4510501E-012
1572.1 1.4522001E-012
1573.1 1.446625E-012
1574.1 1.4554501E-012
1575.1 1.441675E-012
1576.1 1.4498251E-012
1577.1 1.441025E-012
1578.1 1.41585E-012
1579.075 1.4784001E-012
1580.05 1.4324501E-012
1581.05 1.4285751E-012
1582.425 1.457525E-012
1583.875 1.374875E-012
1585.35 1.4297E-012
1586.8251 1.37125E-012
1588.2751 1.3775E-012
1589.7501 1.4112751E-012
1591.2251 1.364525E-012
1592.675 1.3668001E-012
1594.1501 1.353425E-012
1595.6251 1.3663751E-012
1597.0751 1.360025E-012
1598.5751 1.3477001E-012
1600.05 1.3917E-012
1601.525 1.323675E-012
1602.9751 1.3616501E-012
1604.4501 1.3239999E-012
1605.925 1.3447001E-012
1607.375 1.3119751E-012
1608.85 1.3626251E-012
1610.3251 1.29435E-012
1611.7751 1.32885E-012
1613.2501 1.31375E-012
1614.7251 1.3087001E-012
1616.175 1.332925E-012
1617.6501 1.323325E-012
1619.1251 1.29445E-012
1620.5751 1.296075E-012
1622.05 1.3346501E-012
1623.525 1.3011001E-012
1625.025 1.269025E-012
1626.4751 1.321875E-012
1627.9501 1.31045E-012
1629.425 1.28315E-012
1630.875 1.2818501E-012
1632.35 1.2952751E-012
1633.8251 1.27115E-012
1635.2751 1.3400501E-012
1636.7501 1.2566501E-012
1638.2251 1.2825751E-012
1639.7001 1.262225E-012
1641.175 1.2955751E-012
1642.6501 1.27245E-012
1644.1251 1.2538251E-012
1645.5751 1.2563999E-012
1647.05 1.2431751E-012
1648.525 1.2652501E-012
1649.9751 1.262725E-012
1651.4501 1.258475E-012
1652.925 1.233475E-012
1654.425 1.2251501E-012
1655.875 1.252275E-012
1657.35 1.19005E-012
1658.8251 1.19825E-012
1660.2751 1.2055E-012
1661.7501 1.246E-012
1663.2251 1.1736751E-012
1664.7001 1.1798501E-012
1666.175 1.1755E-012
1667.6501 1.155475E-012
1669.1251 1.1752251E-012
1670.5751 1.211575E-012
1672.05 1.17195E-012
1673.525 1.1989E-012
1675.0001 1.175925E-012
1676.4751 1.1607501E-012
1677.9501 1.17105E-012
1679.425 1.1446E-012
1680.875 1.1752E-012
1682.35 1.15415E-012
1683.8251 1.1085251E-012
1685.3251 1.1418001E-012
1686.7751 1.1123251E-012
1688.2501 1.1190001E-012
1689.7251 1.1348E-012
1691.175 1.1527501E-012
1692.6501 1.1563001E-012
1694.1501 1.1209E-012
1695.6251 1.1691E-012
1697.0751 1.106475E-012
1698.55 1.124125E-012
1700.025 1.100625E-012
1701.5001 1.118775E-012
1702.9751 1.08705E-012
1704.4501 1.08485E-012
1705.925 1.1261751E-012
1707.375 1.1181001E-012
1708.85 1.1334251E-012
1710.3251 1.102175E-012
1711.8251 1.0852751E-012
1713.2751 1.0780501E-012
1714.7501 1.10345E-012
1716.2251 1.096E-012
1717.7001 1.0594501E-012
1719.175 1.0871751E-012
1720.6501 1.0542251E-012
1722.1251 1.0628251E-012
1723.5751 1.07095E-012
1725.05 1.0296701E-012
1726.55 1.03314E-012
1728.025 1.0381251E-012
1729.4751 1.023175E-012
1730.9501 1.0322751E-012
1732.425 1.0728251E-012
1733.925 1.03605E-012
1735.375 1.039775E-012
1736.85 1.0081725E-012
1738.3251 1.0499751E-012
1739.8 1.0598875E-012
1741.2751 1.021475E-012
1742.7501 1.04795E-012
1744.2251 1.0385251E-012
1745.675 1.020475E-012
1747.1501 1.0519E-012
1748.6501 1.02575E-012
1750.1251 1.0186875E-012
1751.5751 1.010215E-012
1753.05 9.7954002E-013
1754.55 1.0041925E-012
1756.025 9.7433509E-013
1757.4751 1.0024225E-012
1758.9501 1.01639E-012
1760.425 9.6529761E-013
1761.925 9.9261007E-013
1763.375 9.8849509E-013
1764.85 1.0218925E-012
1766.3251 9.9287007E-013
1767.8 9.5833508E-013
1769.2751 9.8268756E-013
1770.7501 9.9030246E-013
1772.2251 9.7712257E-013
1773.675 9.7534752E-013
1775.175 9.5799247E-013
1776.6501 9.7159759E-013
1778.1251 9.330001E-013
1779.5751 9.6320749E-013
1781.0751 9.5920754E-013
1782.55 9.65385E-013
1784.025 9.5813006E-013
1785.4751 9.4130259E-013
1786.9501 9.6329249E-013
1788.4501 9.2642257E-013
1789.925 9.2440996E-013
1791.375 9.3827008E-013
1792.85 9.3107748E-013
1794.35 9.3073758E-013
1795.8251 9.4272008E-013
1797.2751 9.1374011E-013
1798.7501 9.5441504E-013
1800.2501 9.1538008E-013
1801.7251 9.3105005E-013
1803.175 9.2536504E-013
1804.6501 9.3733506E-013
1806.1251 9.1543505E-013
1807.6251 9.4929251E-013
1809.0751 9.2491748E-013
1810.55 9.1864255E-013
1812.025 9.0791003E-013
1813.525 9.3704753E-013
1814.9751 9.3773502E-013
1816.4501 9.1621003E-013
1817.925 8.8471504E-013
1819.425 8.7814006E-013
1820.875 8.8712002E-013
1822.35 9.0546754E-013
1823.8251 8.8585503E-013
1825.3251 8.607925E-013
1826.7751 8.8438247E-013
1828.2501 8.9307001E-013
1829.7251 8.8743504E-013
1831.2001 8.6105754E-013
1832.675 8.4736753E-013
1834.1501 8.4730004E-013
1835.6251 8.8074003E-013
1837.1001 8.490925E-013
1838.5751 8.3887248E-013
1840.05 8.6353255E-013
1841.525 8.7863749E-013
1843.0001 8.5461748E-013
1844.4751 8.6709253E-013
1845.9501 8.4582753E-013
1847.425 8.7548252E-013
1848.9 8.5926004E-013
1850.375 8.5223755E-013
1851.85 8.4290756E-013
1853.3251 8.4290002E-013
1854.7751 8.1755756E-013
1856.2751 8.4617751E-013
1857.7501 8.1985753E-013
1859.2251 8.190325E-013
1860.675 8.2332752E-013
1862.175 8.3044498E-013
1863.6501 8.3446504E-013
1865.1251 8.1656248E-013
1866.5751 8.2314006E-013
1868.0751 8.2193502E-013
1869.55 8.5336252E-013
1871.025 8.2282006E-013
1872.4751 8.0756002E-013
1873.9501 8.4180503E-013
1875.4501 8.0814999E-013
1876.925 8.0299E-013
1878.375 8.3061753E-013
1879.85 8.0182004E-013
1881.35 7.9917003E-013
1882.8251 7.7778002E-013
1884.2751 7.8353003E-013
1885.7501 7.7665999E-013
1887.2501 8.0155002E-013
1888.7251 8.0462503E-013
1890.175 8.0125251E-013
1891.6501 7.8312752E-013
1893.1251 7.8654249E-013
1894.6251 7.8224498E-013
1896.0751 7.6984003E-013
1897.55 7.4280252E-013
1899.025 7.6108998E-013
1900.525 7.7483251E-013
1901.9751 8.0401506E-013
1903.4501 8.0681501E-013
1904.925 7.8942755E-013
1906.4 7.52395E-013
1907.875 7.635825E-013
1909.35 7.4928502E-013
1910.8251 7.4920257E-013
1912.2751 7.6441501E-013
1913.7751 7.50425E-013
1915.2501 7.5037752E-013
1916.7251 7.5207505E-013
1918.175 7.3228755E-013
1919.675 7.476225E-013
1921.1501 7.6720753E-013
1922.6251 7.2977751E-013
1924.0751 7.3152248E-013
1925.55 7.4158003E-013
1927.05 7.2701751E-013
1928.525 7.3427256E-013
1929.9751 7.3570002E-013
1931.4501 7.3381004E-013
1932.925 7.3276503E-013
1934.425 7.3758247E-013
1935.875 7.3954753E-013
1937.35 7.2195001E-013
1938.8251 7.2788748E-013
1940.2751 7.3675002E-013
1941.7751 7.1225258E-013
1943.2501 7.2612505E-013
1944.7251 7.5364498E-013
1946.175 7.1993756E-013
1947.6501 7.3668003E-013
1949.1501 7.2189504E-013
1950.6251 7.1993252E-013
1952.0751 7.0229998E-013
1953.55 7.0126256E-013
1955.025 7.1378006E-013
1956.5001 6.9838753E-013
1957.9751 6.9978002E-013
1959.4501 7.1515748E-013
1960.925 6.948675E-013
1962.375 7.0163753E-013
1963.875 6.9015502E-013
1965.35 6.9150756E-013
1966.8251 7.0022753E-013
1968.2751 6.9019253E-013
1969.7501 6.9570754E-013
1971.2251 6.7506E-013
1972.7001 6.7935252E-013
1974.175 6.9010254E-013
1975.6501 6.9297004E-013
1977.1251 6.8428753E-013
1978.5751 6.6878252E-013
1980.05 6.9075252E-013
1981.55 6.8358248E-013
1983.025 6.6998257E-013
1984.4751 6.5034751E-013
1985.9501 6.7473999E-013
1987.425 6.5974E-013
1988.875 6.5564497E-013
1990.375 6.5610755E-013
1991.85 6.7575253E-013
1993.3251 6.8047754E-013
1994.7751 6.6608503E-013
1996.2501 6.7304501E-013
1997.7251 6.5293501E-013
1999.175 6.4880002E-013
2000.675 6.552275E-013
2002.1501 6.6516752E-013
2003.6251 6.4089256E-013
2005.0751 6.3531499E-013
2006.55 6.2262256E-013
2008.025 6.4516507E-013
2009.4751 6.3681753E-013
2010.9751 6.2946252E-013
2012.4501 6.3732754E-013
2013.925 6.3477755E-013
2015.375 6.26155E-013
2016.85 6.16335E-013
2018.3251 6.4336004E-013
2019.7751 6.3305253E-013
2021.2501 6.1919756E-013
2022.7501 6.4563751E-013
2024.2251 6.3984251E-013
2025.675 6.2024252E-013
2027.1501 6.4295504E-013
2028.6251 6.234575E-013
2030.0751 6.2106754E-013
2031.55 6.3340755E-013
2033.025 6.1722253E-013
2034.4751 6.3034501E-013
2035.9751 6.2840754E-013
2037.4501 6.4064753E-013
2038.925 6.1895253E-013
2040.375 6.0960503E-013
2041.85 6.2342254E-013
2043.3251 6.0122252E-013
2044.7751 6.0444499E-013
2046.2501 6.1791501E-013
2047.7251 6.1604254E-013
2049.175 6.1191248E-013
2050.6501 5.8395503E-013
2052.125 6.0255506E-013
2053.625 5.9912752E-013
2055.0752 5.8501251E-013
2056.55 6.0201253E-013
2058.0251 5.7890254E-013
2059.4751 5.7110751E-013
2060.9502 5.9306249E-013
2062.425 5.9971505E-013
2063.875 5.7441503E-013
2065.3501 5.8187E-013
2066.8252 5.7420757E-013
2068.2751 5.7535503E-013
2069.75 5.8270001E-013
2071.2251 5.7762004E-013
2072.675 5.8053752E-013
2074.1501 5.7566002E-013
2075.625 5.8993256E-013
2077.0752 5.8089747E-013
2078.55 5.7932755E-013
2080.05 5.7930505E-013
2081.5251 5.8063504E-013
2082.9751 5.8843251E-013
2084.4502 5.64305E-013
2085.925 5.7279751E-013
2087.375 5.7297499E-013
2088.8501 5.6075001E-013
2090.3252 5.6248002E-013
2091.7751 5.6996503E-013
2093.25 5.6351001E-013
2094.7251 5.6441749E-013
2096.175 5.5973E-013
2097.6501 5.6359751E-013
2099.125 5.7043503E-013
2100.5752 5.6782503E-013
2102.05 5.4738749E-013
2103.5251 5.4677004E-013
2104.9751 5.4971251E-013
2106.4502 5.6103505E-013
2107.925 5.4827253E-013
2109.375 5.4742002E-013
2110.8501 5.5224998E-013
2112.3252 5.3821503E-013
2113.75 5.3591002E-013
2115.2251 5.3052501E-013
2116.675 5.4928002E-013
2118.1501 5.3844001E-013
2119.625 5.2061507E-013
2121.0752 5.3413003E-013
2122.55 5.45545E-013
2124.0251 5.3106499E-013
2125.4751 5.232325E-013
2126.9502 5.3082999E-013
2128.425 5.2979002E-013
2129.875 5.3599502E-013
2131.3501 5.3573254E-013
2132.8252 5.1674501E-013
2134.2751 5.2485999E-013
2135.75 5.3335754E-013
2137.2251 5.2147251E-013
2138.675 5.3031754E-013
2140.125 5.3024252E-013
2141.5752 5.2718252E-013
2143.05 5.0792503E-013
2144.5251 5.1882749E-013
2145.9751 5.2452752E-013
2147.4502 5.41095E-013
2148.925 5.3457504E-013
2150.375 5.2737252E-013
2151.8501 5.2827252E-013
2153.3 5.1169252E-013
2154.75 5.0518254E-013
2156.2251 5.117875E-013
2157.675 5.0365002E-013
2159.1501 5.058625E-013
2160.625 5.0943001E-013
2162.0752 4.9631751E-013
2163.55 4.9223001E-013
2165.0002 5.0893502E-013
2166.4502 5.13625E-013
2167.925 4.9060002E-013
2169.375 4.965125E-013
2170.8501 4.9431504E-013
2172.3252 4.9049252E-013
2173.7751 4.9186501E-013
2175.2251 5.0916254E-013
2176.675 4.8843503E-013
2178.1501 5.0218E-013
2179.625 4.9192253E-013
2181.0752 4.8910501E-013
2182.55 4.8372748E-013
2183.9751 4.8005751E-013
2185.4502 4.8251502E-013
2186.925 4.9678751E-013
2188.375 4.8471253E-013
2189.8501 4.8144252E-013
2191.2751 4.8536999E-013
2192.75 4.8046002E-013
2194.2251 4.7751256E-013
2195.675 4.8003501E-013
2197.1501 4.7663999E-013
2198.5752 4.7378751E-013
2200.05 4.7154251E-013
2201.5251 4.7684003E-013
2202.9751 4.6459754E-013
2204.425 4.7373E-013
2205.875 4.6293503E-013
2207.3501 4.6849503E-013
2208.8252 4.6856751E-013
2210.25 4.6625252E-013
2211.7251 4.6477004E-013
2213.175 4.5570503E-013
2214.6501 4.6452751E-013
2216.0752 4.5720003E-013
2217.55 4.5987254E-013
2219.0251 4.6417248E-013
2220.4502 4.6871253E-013
2221.925 4.5376252E-013
2223.375 4.496275E-013
2224.8501 4.6267005E-013
2226.2751 4.4703501E-013
2227.75 4.5745254E-013
2229.2251 4.5738999E-013
2230.6501 4.6505752E-013
2232.125 4.5812751E-013
2233.5752 4.5777753E-013
2235.0251 4.4898002E-013
2236.4751 4.6055E-013
2237.9502 4.394125E-013
2239.4001 4.4311503E-013
2240.8501 4.5013502E-013
2242.3252 4.4239501E-013
2243.75 4.5146753E-013
2245.2251 4.4671501E-013
2246.675 4.463025E-013
2248.125 4.5144501E-013
2249.5752 4.4292751E-013
2251.05 4.4448001E-013
2252.4751 4.3335002E-013
2253.9502 4.4028E-013
2255.4001 4.4605503E-013
2256.8501 4.404E-013
2258.3252 4.3734002E-013
2259.75 4.3354751E-013
2261.2251 4.4131501E-013
2262.6501 4.2804749E-013
2264.125 4.3757001E-013
2265.5752 4.3230751E-013
2267.0251 4.2786502E-013
2268.4751 4.3409501E-013
2269.925 4.287375E-013
2271.375 4.2016E-013
2272.8501 4.2664003E-013
2274.2751 4.3481251E-013
2275.75 4.2129001E-013
2277.175 4.2379999E-013
2278.6501 4.33915E-013
2280.0752 4.2214753E-013
2281.55 4.2673501E-013
2283.0002 4.2662502E-013
2284.4502 4.220975E-013
2285.9001 4.1926502E-013
2287.3501 4.0882253E-013
2288.8 4.1326E-013
2290.25 4.2387502E-013
2291.7 4.1896253E-013
2293.1501 4.1087251E-013
2294.6001 4.1475252E-013
2296.05 4.1707252E-013
2297.95 4.1433502E-013
2300.05 4.188325E-013
2302.1499 4.1459251E-013
2304.25 4.19465E-013
2306.3501 4.0620751E-013
2308.45 4.0537251E-013
2310.55 4.0657001E-013
2312.6499 4.1117251E-013
2314.75 4.041675E-013
2316.8501 3.9946001E-013
2318.95 4.0168999E-013
2321.05 3.9463753E-013
2323.1499 3.9505999E-013
2325.25 3.9851249E-013
2327.3501 3.961025E-013
2329.45 4.0081751E-013
2331.55 3.9656752E-013
2333.6499 3.8195751E-013
2335.75 3.8471502E-013
2337.8501 3.814475E-013
2339.95 3.8588249E-013
2342.05 3.8559501E-013
2344.1499 3.8485502E-013
2346.25 3.817375E-013
2348.3501 3.83215E-013
2350.45 3.8818251E-013
2352.55 3.8077999E-013
2354.6499 3.7544002E-013
2356.75 3.7311251E-013
2358.8501 3.785625E-013
2360.95 3.7051002E-013
2363.05 3.731825E-013
2365.1499 3.6765502E-013
2367.2751 3.72785E-013
2369.375 3.70785E-013
2371.4751 3.7472E-013
2373.5752 3.7637252E-013
2375.675 3.7045752E-013
2377.7751 3.6775251E-013
2379.875 3.7040003E-013
2381.9751 3.6903502E-013
2384.0752 3.6798751E-013
2386.175 3.6582E-013
2388.2751 3.6318751E-013
2390.375 3.644325E-013
2392.4751 3.6206002E-013
2394.5752 3.5688751E-013
2396.675 3.6382751E-013
2398.7751 3.6124752E-013
2400.9001 3.5037251E-013
2403 3.5021001E-013
2405.1001 3.5274E-013
2407.2 3.553825E-013
2409.3 3.5150751E-013
2411.4001 3.4950501E-013
2413.5 3.5193999E-013
2415.6001 3.4775999E-013
2417.7 3.498625E-013
2419.8 3.4387499E-013
2421.9001 3.4601751E-013
2424 3.4106501E-013
2426.125 3.3795251E-013
2428.2251 3.3847751E-013
2430.3252 3.4258252E-013
2432.425 3.4087501E-013
2434.5251 3.3780501E-013
2436.625 3.4162752E-013
2438.7251 3.3499001E-013
2440.8252 3.3567252E-013
2442.925 3.3767249E-013
2445.0251 3.4068749E-013
2447.125 3.3673251E-013
2449.25 3.3057002E-013
2451.3501 3.3570499E-013
2453.45 3.323625E-013
2455.55 3.3747503E-013
2457.6499 3.3182501E-013
2459.75 3.310275E-013
2461.8501 3.3046753E-013
2463.95 3.3074251E-013
2466.05 3.2985501E-013
2468.175 3.2142751E-013
2470.2751 3.2767254E-013
2472.375 3.2313751E-013
2474.4751 3.211975E-013
2476.5752 3.2822502E-013
2478.675 3.1712249E-013
2480.7751 3.1959502E-013
2482.875 3.2147752E-013
2484.9751 3.163175E-013
2487.1001 3.1199251E-013
2489.2 3.1497252E-013
2491.3 3.1446753E-013
2493.4001 3.139025E-013
2495.5 3.07215E-013
2497.6001 3.1486004E-013
2499.7 3.084675E-013
2501.8 3.1190502E-013
2503.9001 3.058025E-013
2506.0251 3.0975252E-013
2508.125 3.0602501E-013
2510.2251 3.0558252E-013
2512.3252 3.0423003E-013
2514.425 3.0379751E-013
2516.5251 3.0847999E-013
2518.625 3.0455502E-013
2520.7251 3.0209751E-013
2522.8252 2.9657751E-013
2524.95 2.9806252E-013
2527.05 3.0091749E-013
2529.1499 2.9227001E-013
2531.25 2.9852501E-013
2533.3501 2.9945751E-013
2535.45 2.9020501E-013
2537.55 2.9581752E-013
2539.6499 2.9370251E-013
2541.7751 2.93995E-013
2543.875 2.9368001E-013
2545.9751 2.912025E-013
2548.0752 2.8964252E-013
2550.175 2.8891749E-013
2552.2751 2.91565E-013
2554.375 2.8681501E-013
2556.4751 2.8197751E-013
2558.5752 2.8756001E-013
2560.7 2.8680752E-013
2562.8 2.8727999E-013
2564.9001 2.8287E-013
2567 2.8383752E-013
2569.1001 2.8130251E-013
2571.2 2.8032001E-013
2573.3 2.8103502E-013
2575.4001 2.8306751E-013
2577.5 2.8474502E-013
2579.625 2.8035251E-013
2581.7251 2.7398502E-013
2583.8252 2.75885E-013
2585.925 2.75735E-013
2588.0251 2.708575E-013
2590.125 2.7573001E-013
2592.2251 2.7663001E-013
2594.3252 2.7254002E-013
2596.425 2.7381E-013
2598.5251 2.7431001E-013
2601.375 2.69755E-013
2603.45 2.736175E-013
2605.4751 2.72215E-013
2607.55 2.7007501E-013
2609.55 2.7029E-013
2611.6499 2.6512503E-013
2613.6499 2.6767502E-013
2615.7251 2.656275E-013
2617.75 2.6633001E-013
2619.8 2.6795501E-013
2621.8501 2.6595252E-013
2623.875 2.634225E-013
2625.95 2.630075E-013
2627.95 2.64375E-013
2630.05 2.6341752E-013
2632.05 2.583975E-013
2634.125 2.6417499E-013
2636.1499 2.6328251E-013
2638.2 2.6207251E-013
2640.25 2.5598501E-013
2642.2751 2.6143503E-013
2644.3501 2.5499251E-013
2646.3501 2.5562752E-013
2648.45 2.5714001E-013
2650.45 2.53135E-013
2652.5251 2.56505E-013
2654.55 2.5313752E-013
2656.6001 2.5440251E-013
2658.6499 2.5408001E-013
2660.6499 2.5176752E-013
2662.75 2.5397252E-013
2664.75 2.4947503E-013
2666.8252 2.5180999E-013
2668.8501 2.4932251E-013
2670.9001 2.4412501E-013
2672.95 2.50215E-013
2674.9751 2.4345253E-013
2677.05 2.4963752E-013
2679.05 2.4530502E-013
2681.1499 2.4281751E-013
2683.1499 2.446525E-013
2685.2251 2.4707E-013
2687.25 2.4319251E-013
2689.2751 2.4246002E-013
2691.3501 2.4198251E-013
2693.3501 2.4491252E-013
2695.45 2.4539003E-013
2697.45 2.4031753E-013
2699.5251 2.3666502E-013
2701.55 2.4041251E-013
2703.6001 2.3603501E-013
2705.6499 2.3544751E-013
2707.6499 2.3839001E-013
2709.75 2.3563001E-013
2711.75 2.3771003E-013
2713.8252 2.3771252E-013
2715.8501 2.3533001E-013
2717.9001 2.348425E-013
2719.95 2.341375E-013
2721.9751 2.3385252E-013
2724.05 2.3213251E-013
2726.05 2.3062753E-013
2728.125 2.293E-013
2730.1499 2.3413002E-013
2732.2 2.3046251E-013
2734.25 2.2904001E-013
2736.2751 2.2906002E-013
2738.3503 2.2897249E-013
2740.3503 2.2978001E-013
2742.425 2.2606751E-013
2744.45 2.2727501E-013
2746.5 2.272575E-013
2748.55 2.2617501E-013
2750.55 2.2721751E-013
2752.6501 2.2464501E-013
2754.6501 2.25275E-013
2756.7251 2.2197E-013
2758.75 2.24585E-013
2760.8003 2.2216E-013
2762.8503 2.2100251E-013
2764.8503 2.2116501E-013
2766.95 2.2419001E-013
2768.95 2.1940499E-013
2771.0249 2.1924751E-013
2773.05 2.202525E-013
2775.0752 2.1979002E-013
2777.1501 2.19675E-013
2779.1501 2.1871251E-013
2781.25 2.1570751E-013
2783.25 2.1877751E-013
2785.3003 2.195875E-013
2787.3503 2.124425E-013
2789.3752 2.137125E-013
2791.45 2.1856499E-013
2793.45 2.1214251E-013
2795.5249 2.080625E-013
2797.55 2.1131251E-013
2799.6001 2.1153751E-013
2801.6501 2.083675E-013
2803.6501 2.0611501E-013
2805.75 2.0894E-013
2807.75 2.0933251E-013
2809.8252 2.084325E-013
2811.8503 2.073625E-013
2813.8752 2.095025E-013
2815.95 2.0697001E-013
2817.95 2.0846751E-013
2820.05 2.0504501E-013
2822.05 2.0673501E-013
2824.1001 2.070675E-013
2826.1501 2.0570251E-013
2828.175 2.05005E-013
2830.25 2.076725E-013
2832.25 2.0142502E-013
2834.3252 1.99725E-013
2836.3503 2.0522E-013
2838.3752 2.03425E-013
2840.45 2.042875E-013
2842.45 1.9794E-013
2844.55 2.004525E-013
2846.55 2.000825E-013
2848.6001 2.0095251E-013
2850.6501 1.984675E-013
2852.675 1.9846501E-013
2854.75 1.9866E-013
2856.75 1.9911751E-013
2858.8252 2.0018502E-013
2860.8503 1.9544E-013
2862.8752 1.9595251E-013
2864.95 1.9371001E-013
2866.95 1.941325E-013
2869.05 1.926975E-013
2871.05 1.97555E-013
2873.1001 1.9410001E-013
2875.1501 1.958225E-013
2877.1501 1.9524501E-013
2879.25 1.9207001E-013
2881.25 1.9112E-013
2883.3252 1.919225E-013
2885.3503 1.89745E-013
2887.3752 1.880125E-013
2889.45 1.9171E-013
2891.45 1.9083751E-013
2893.55 1.9267251E-013
2895.55 1.8688251E-013
2897.6001 1.85485E-013
2899.6501 1.8950251E-013
2901.6501 1.8743751E-013
2903.75 1.875475E-013
2905.75 1.879525E-013
2907.8252 1.83845E-013
2909.8503 1.83835E-013
2911.8752 1.8299751E-013
2913.95 1.864925E-013
2915.95 1.848775E-013
2918.0249 1.812325E-013
2920.05 1.8426E-013
2922.1001 1.8069251E-013
2924.1501 1.80515E-013
2926.1501 1.83645E-013
2928.25 1.8259251E-013
2930.25 1.7934752E-013
2932.3003 1.8090001E-013
2934.3503 1.833825E-013
2936.3752 1.8090751E-013
2938.45 1.79665E-013
2940.45 1.7721E-013
2942.5249 1.7920001E-013
2944.55 1.80845E-013
2946.5752 1.7998001E-013
2948.6501 1.7447499E-013
2950.6501 1.7620001E-013
2952.75 1.780325E-013
2954.75 1.7700751E-013
2956.8003 1.7608251E-013
2958.8503 1.7559001E-013
2960.8503 1.7695001E-013
2962.95 1.7287499E-013
2964.95 1.746175E-013
2967.0249 1.7366001E-013
2969.05 1.7298252E-013
2971.0752 1.7283249E-013
2973.1501 1.7139751E-013
2975.1501 1.7346E-013
2977.2251 1.7368E-013
2979.25 1.7267751E-013
2981.3003 1.7065749E-013
2983.3503 1.69545E-013
2985.3503 1.7045251E-013
2987.45 1.6893251E-013
2989.45 1.6853001E-013
2991.5 1.6850251E-013
2993.55 1.691925E-013
2995.5752 1.6582001E-013
2997.6501 1.6581501E-013
2999.6501 1.6548251E-013
3001.7251 1.6723751E-013
3003.75 1.6866501E-013
3005.7751 1.6550251E-013
3007.8503 1.6182002E-013
3009.8503 1.6535001E-013
3011.95 1.65315E-013
3013.95 1.6551749E-013
3016 1.6537001E-013
3018.05 1.6499749E-013
3020.0752 1.6101751E-013
3022.1501 1.6025001E-013
3024.1501 1.6439751E-013
3026.2251 1.6188751E-013
3028.25 1.6320501E-013
3030.2751 1.5987251E-013
3032.3503 1.6258251E-013
3034.3503 1.580025E-013
3036.45 1.6144001E-013
3038.45 1.5907001E-013
3040.5 1.6104501E-013
3042.55 1.6E-013
3044.55 1.588E-013
3046.6501 1.593125E-013
3048.6501 1.5817251E-013
3050.7251 1.6114501E-013
3052.75 1.5849502E-013
3054.7751 1.568575E-013
3056.8503 1.5776001E-013
3058.8503 1.5335002E-013
3060.95 1.5596751E-013
3062.95 1.58955E-013
3065 1.5691501E-013
3067.05 1.568E-013
3069.0752 1.537725E-013
3071.1501 1.5162501E-013
3073.1501 1.51365E-013
3075.2251 1.5126251E-013
3077.25 1.4966751E-013
3079.3003 1.50805E-013
3081.3503 1.5317251E-013
3083.3503 1.5344E-013
3085.45 1.527525E-013
3087.45 1.5156E-013
3089.5249 1.50885E-013
3091.55 1.50715E-013
3093.5752 1.50965E-013
3095.6501 1.487075E-013
3097.6501 1.46405E-013
3099.75 1.4854501E-013
3101.75 1.4962001E-013
3103.8003 1.4591751E-013
3105.8503 1.456375E-013
3107.8752 1.4855001E-013
3109.95 1.4657251E-013
3111.95 1.4949251E-013
3114.0249 1.47055E-013
3116.05 1.47755E-013
3118.1001 1.48025E-013
3120.1501 1.4618E-013
3122.1501 1.4750251E-013
3124.25 1.4676501E-013
3126.25 1.4304751E-013
3128.3252 1.4485251E-013
3130.3503 1.4501501E-013
3132.3752 1.4456001E-013
3134.45 1.418775E-013
3136.45 1.4499501E-013
3138.55 1.428775E-013
3140.55 1.3972501E-013
3142.6252 1.42215E-013
3144.6501 1.4367251E-013
3146.675 1.388525E-013
3148.75 1.3939501E-013
3150.75 1.397825E-013
3152.8503 1.4188751E-013
3154.8503 1.4129251E-013
3156.9001 1.3979501E-013
3158.95 1.3896001E-013
3160.9749 1.3887501E-013
3163.05 1.39345E-013
3165.05 1.39765E-013
3167.1501 1.3678251E-013
3169.1501 1.376525E-013
3171.2251 1.397975E-013
3173.25 1.367225E-013
3175.2751 1.3340751E-013
3177.3503 1.3347E-013
3179.3503 1.361075E-013
3181.45 1.3738E-013
3183.45 1.384075E-013
3185.5249 1.3536251E-013
3187.55 1.3421751E-013
3189.5752 1.370325E-013
3191.6501 1.386975E-013
3193.6501 1.352675E-013
3195.75 1.332625E-013
3197.75 1.343475E-013
3199.8252 1.3241501E-013
3201.8503 1.3376751E-013
3203.9001 1.3240751E-013
3205.95 1.32235E-013
3207.9749 1.3345751E-013
3210.05 1.3267751E-013
3212.05 1.2910251E-013
3214.1252 1.307E-013
3216.1501 1.299475E-013
3218.2 1.31045E-013
3220.25 1.2833751E-013
3222.2751 1.29245E-013
3224.3503 1.290525E-013
3226.3503 1.284225E-013
3228.45 1.2900251E-013
3230.45 1.2879E-013
3232.5249 1.295125E-013
3234.55 1.297125E-013
3236.6001 1.2784251E-013
3238.6501 1.27095E-013
3240.675 1.2636001E-013
3242.75 1.256725E-013
3244.75 1.2922251E-013
3246.7251 1.2906251E-013
3249.3501 1.2831751E-013
3252.4001 1.2725751E-013
3255.4001 1.2716502E-013
3258.4001 1.2650999E-013
3261.4502 1.27015E-013
3264.4502 1.2296251E-013
3267.4502 1.23855E-013
3270.4502 1.245125E-013
3273.5002 1.2343501E-013
3276.5002 1.2319001E-013
3279.5002 1.23705E-013
3282.55 1.20555E-013
3285.55 1.2047E-013
3288.55 1.2031751E-013
3291.55 1.2161E-013
3294.6001 1.216625E-013
3297.6001 1.1887751E-013
3300.6001 1.2012501E-013
3303.625 1.18335E-013
3306.6501 1.1887251E-013
3309.6501 1.1979751E-013
3312.6501 1.1765002E-013
3315.675 1.1507E-013
3318.7002 1.13965E-013
3321.7002 1.1671E-013
3324.7002 1.15925E-013
3327.7253 1.1621501E-013
3330.7502 1.1490001E-013
3333.7502 1.143625E-013
3336.7502 1.1502751E-013
3339.7502 1.1418E-013
3342.8 1.1412751E-013
3345.8 1.146175E-013
3348.8 1.1428E-013
3351.8 1.1396751E-013
3354.8501 1.1346E-013
3357.8501 1.1193E-013
3360.8501 1.134325E-013
3363.8501 1.122675E-013
3366.8501 1.11955E-013
3369.9001 1.1167251E-013
3372.9001 1.1054E-013
3375.9001 1.1142251E-013
3378.9001 1.0980251E-013
3381.9253 1.084025E-013
3384.9502 1.0938E-013
3387.9502 1.1068501E-013
3390.9502 1.10135E-013
3393.9502 1.093125E-013
3396.9502 1.0938E-013
3400.0002 1.086025E-013
3403.0002 1.08915E-013
3406.0002 1.0669E-013
3409.0002 1.06835E-013
3412.0002 1.080875E-013
3415.0251 1.05935E-013
3418.05 1.054775E-013
3421.05 1.0422751E-013
3424.05 1.072925E-013
3427.05 1.050625E-013
3430.05 1.0426E-013
3433.0752 1.0434001E-013
3436.1001 1.049425E-013
3439.1001 1.0372E-013
3442.1001 1.03E-013
3445.1001 1.0173251E-013
3448.1001 1.0234251E-013
3451.125 1.009625E-013
3454.1501 1.0202001E-013
3457.1501 1.0110825E-013
3460.1501 1.010025E-013
3463.1501 1.0204751E-013
3466.1501 1.0062375E-013
3469.1501 1.001965E-013
3472.1501 9.8712752E-014
3475.2002 1.0105325E-013
3478.2002 9.8573249E-014
3481.2002 1.0006651E-013
3484.2002 9.8598003E-014
3487.2002 9.9049499E-014
3490.2002 9.8589749E-014
3493.2002 9.8038751E-014
3496.2253 9.7961752E-014
3499.2502 9.7453255E-014
3502.2502 9.5919752E-014
3505.2502 9.7472994E-014
3508.2502 9.6931747E-014
3511.2502 9.6372752E-014
3514.2502 9.7553997E-014
3517.2502 9.6003751E-014
3520.2502 9.5999252E-014
3523.2502 9.5199009E-014
3526.3 9.5546001E-014
3529.3 9.4965749E-014
3532.3 9.4110002E-014
3535.3 9.4682251E-014
3538.3 9.291225E-014
3541.3 9.4436001E-014
3544.3 9.2457251E-014
3547.3 9.1337751E-014
3550.3 9.1369505E-014
3553.3 9.4321001E-014
3556.325 9.2643253E-014
3559.3501 9.1114751E-014
3562.3501 9.1978251E-014
3565.3501 9.1442255E-014
3568.3501 9.1824999E-014
3571.3501 9.1868001E-014
3574.3501 9.0120748E-014
3577.3501 8.9806255E-014
3580.3501 9.1002753E-014
3583.3501 8.8859252E-014
3586.3501 8.9139504E-014
3589.3501 8.9906503E-014
3592.3501 8.9065752E-014
3595.3501 8.9408E-014
3598.3501 8.83565E-014
3601.375 8.8292004E-014
3604.4001 8.8952249E-014
3607.4001 8.8120002E-014
3610.4001 8.7217756E-014
3613.4001 8.6416002E-014
3616.4001 8.6203498E-014
3619.4001 8.6126249E-014
3622.4001 8.6940498E-014
3625.4001 8.6152507E-014
3628.4001 8.5852E-014
3631.4001 8.46175E-014
3634.4001 8.2202752E-014
3637.4001 8.3165747E-014
3640.4001 8.3643501E-014
3643.4001 8.5128505E-014
3646.4001 8.4637999E-014
3649.4001 8.4620502E-014
3652.4001 8.4473505E-014
3655.4001 8.3228251E-014
3658.4001 8.3634509E-014
3661.4001 8.2706249E-014
3664.4001 8.3061257E-014
3667.4001 8.2620502E-014
3670.4001 8.1490749E-014
3673.4001 8.3411996E-014
3676.4001 8.2499755E-014
3679.4001 8.0482502E-014
3682.4001 8.2509256E-014
3685.4001 8.0529997E-014
3688.4001 8.0644747E-014
3691.4001 8.1200007E-014
3694.4001 8.0483499E-014
3697.4001 8.0491007E-014
3700.4001 8.0372009E-014
3703.4001 8.0414245E-014
3706.4001 8.081025E-014
3709.4001 7.96835E-014
3712.4001 7.9811754E-014
3715.4001 7.9288254E-014
3718.4001 7.7449501E-014
3721.4001 7.7644251E-014
3724.4001 7.72825E-014
3727.4001 7.9132752E-014
3730.4001 7.7854254E-014
3733.4001 7.7263499E-014
3736.4001 7.7129004E-014
3739.4001 7.7474004E-014
3742.4001 7.7389003E-014
3745.4001 7.6011002E-014
3748.4001 7.5778746E-014
3751.4001 7.6015752E-014
3754.4001 7.5539753E-014
3757.4001 7.5353006E-014
3760.4001 7.7319248E-014
3763.4001 7.50715E-014
3766.4001 7.5253504E-014
3769.4001 7.5097501E-014
3772.4001 7.4786748E-014
3775.4001 7.5092256E-014
3778.4001 7.4545506E-014
3781.4001 7.5469755E-014
3784.4001 7.47615E-014
3787.4001 7.4404004E-014
3790.4001 7.2900751E-014
3793.4001 7.3335753E-014
3796.4001 7.3314002E-014
3799.4001 7.4061505E-014
3802.4001 7.1990753E-014
3805.375 7.3765504E-014
3808.3501 7.2679255E-014
3811.3501 7.2744003E-014
3814.3501 7.2532997E-014
3817.3501 7.1521253E-014
3820.3501 7.1645252E-014
3823.3501 7.0930004E-014
3826.3501 7.0090506E-014
3829.3501 6.9868753E-014
3832.3501 7.0349752E-014
3835.3501 7.0477004E-014
3838.3501 7.0274753E-014
3841.3501 6.8993002E-014
3844.3501 7.0633E-014
3847.3501 7.1907005E-014
3850.3501 7.1859002E-014
3853.3501 6.9104749E-014
3856.3 7.0014253E-014
3859.3 7.0585756E-014
3862.3 6.924125E-014
3865.3 6.9469997E-014
3868.3 7.0237253E-014
3871.3 6.8785499E-014
3874.3 6.8242754E-014
3877.3 6.7329504E-014
3880.3 6.7707253E-014
3883.3 6.6081506E-014
3886.3 6.5046499E-014
3889.3 6.5522003E-014
3892.3 6.5224756E-014
3895.2751 6.5487255E-014
3898.2502 6.6407254E-014
3901.2502 6.7007503E-014
3904.2502 6.8305753E-014
3907.2502 6.8961004E-014
3910.2502 6.8381505E-014
3913.2502 6.9678001E-014
3916.2502 6.9810003E-014
3919.2502 6.9345252E-014
3922.2502 6.8761003E-014
3925.2502 6.9929E-014
3928.2002 6.9016753E-014
3931.2002 6.8792499E-014
3934.2002 6.695725E-014
3937.2002 6.7509502E-014
3940.2002 6.7170255E-014
3943.2002 6.4934752E-014
3946.2002 6.3738003E-014
3949.2002 6.4041749E-014
3952.2002 6.3266253E-014
3955.2002 6.1928253E-014
3958.1501 6.0069496E-014
3961.1501 5.9237256E-014
3964.1501 5.7294007E-014
3967.1501 5.6214253E-014
3970.1501 5.5057501E-014
3973.1501 5.7680254E-014
3976.1501 5.7454746E-014
3979.1501 5.882675E-014
3982.1501 5.9664255E-014
3985.1001 6.1249752E-014
3988.1001 6.2482002E-014
3991.1001 6.3332504E-014
3994.1001 6.2776749E-014
3997.1001 6.3970754E-014
4000.1001 6.5292755E-014
4003.1001 6.4091751E-014
4006.1001 6.4780253E-014
4009.0752 6.6141503E-014
4012.05 6.5394752E-014
4015.05 6.5473004E-014
4018.05 6.6171251E-014
4021.05 6.520175E-014
4024.05 6.6757499E-014
4027.05 6.61335E-014
4030.05 6.6343747E-014
4033.0251 6.7376504E-014
4036.0002 6.5664501E-014
4039.0002 6.5656499E-014
4042.0002 6.5562004E-014
4045.0002 6.4844004E-014
4048.0002 6.4008247E-014
4051.0002 6.5305258E-014
4054.0002 6.4161004E-014
4056.9751 6.3998753E-014
4059.9502 6.2839003E-014
4062.9502 6.2900504E-014
4065.9502 6.1482754E-014
4068.9502 6.1265005E-014
4071.9502 5.9281004E-014
4074.9502 5.8227999E-014
4077.925 5.8511755E-014
4080.9001 5.6814755E-014
4083.9001 5.5084999E-014
4086.9001 5.4460752E-014
4089.9001 5.148025E-014
4092.9001 4.9893002E-014
4095.9001 4.7521754E-014
4098.875 4.5274755E-014
4101.8501 4.4224502E-014
4104.8501 4.6646501E-014
4107.8501 4.8940751E-014
4110.8501 4.9963001E-014
4113.8501 5.1413003E-014
4116.8501 5.3403499E-014
4119.8252 5.4531253E-014
4122.8003 5.5607001E-014
4125.8003 5.5625253E-014
4128.8003 5.6505504E-014
4131.8003 5.8274498E-014
4134.8003 5.7560503E-014
4137.8003 5.8398253E-014
4140.75 5.8503251E-014
4143.75 5.9668003E-014
4146.75 5.9030248E-014
4149.75 5.9379496E-014
4152.75 5.9844003E-014
4155.75 6.0593003E-014
4158.7251 6.0159756E-014
4161.7002 5.97165E-014
4164.7002 6.0654755E-014
4167.7002 6.0677002E-014
4170.7002 5.9882505E-014
4173.7002 5.9625753E-014
4176.7002 6.0312256E-014
4179.6499 6.0506504E-014
4182.6499 5.9697249E-014
4185.6499 6.0191754E-014
4188.6499 5.8138756E-014
4191.6499 6.0815502E-014
4194.6499 5.8692004E-014
4197.6001 5.897475E-014
4200.6001 5.79585E-014
4203.6001 5.9167006E-014
4206.6001 5.8112749E-014
4209.6001 5.8142252E-014
4212.6001 5.7058254E-014
4215.5752 5.8206505E-014
4218.5503 5.8367753E-014
4221.5503 5.7786756E-014
4224.5503 5.7576753E-014
4227.5503 5.8164255E-014
4230.5503 5.7648249E-014
4233.5254 5.7917755E-014
4236.5 5.7426001E-014
4239.5 5.6118E-014
4242.5 5.7883257E-014
4245.5 5.648675E-014
4248.5 5.7491751E-014
4251.4751 5.6814752E-014
4254.4502 5.5466753E-014
4257.4502 5.6270001E-014
4260.4502 5.5751749E-014
4263.4502 5.5664501E-014
4266.4502 5.5736503E-014
4269.4253 5.4672002E-014
4272.3999 5.4279501E-014
4275.3999 5.4834999E-014
4278.3999 5.3280002E-014
4281.3999 5.4492499E-014
4284.3999 5.2902252E-014
4287.375 5.1907253E-014
4290.3501 5.3021501E-014
4293.3501 5.165025E-014
4296.3501 5.0746001E-014
4299.3501 5.1965E-014
4302.3501 4.9769E-014
4305.3003 4.895225E-014
4308.3003 4.8968753E-014
4311.3003 4.8667E-014
4314.3003 4.6948502E-014
4317.3003 4.6683753E-014
4320.3003 4.4515501E-014
4323.25 4.3699755E-014
4326.25 4.2510754E-014
4329.25 4.0565251E-014
4332.25 3.9329E-014
4335.25 3.6913503E-014
4338.2251 3.5286251E-014
4341.2002 3.4717753E-014
4344.2002 3.6050752E-014
4347.2002 3.7762003E-014
4350.2002 3.9678499E-014
4353.2002 4.1181251E-014
4356.1753 4.2475751E-014
4359.1499 4.32475E-014
4362.1499 4.4683753E-014
4365.1499 4.4646002E-014
4368.1499 4.44785E-014
4371.1499 4.5882253E-014
4374.1001 4.6564501E-014
4377.1001 4.6350002E-014
4380.1001 4.8508001E-014
4383.1001 4.7502251E-014
4386.1001 4.8821498E-014
4389.1001 4.852875E-014
4392.0503 4.8794004E-014
4395.0503 4.9035002E-014
4398.0503 4.9447503E-014
4401.0503 4.8141751E-014
4404.0503 4.8558251E-014
4407.0254 4.8273502E-014
4410 4.8494002E-014
4413 4.8664252E-014
4416 4.9167251E-014
4419 4.9324002E-014
4422 4.8380001E-014
4424.9751 4.8898002E-014
4427.9502 4.946525E-014
4430.9502 4.9519999E-014
4433.9502 4.8837755E-014
4436.9502 4.8782504E-014
4439.9502 4.8818002E-014
4442.8999 4.8357003E-014
4445.8999 4.828225E-014
4448.8999 4.7357748E-014
4451.8999 4.8306499E-014
4454.8999 4.8800001E-014
4457.8999 4.8193251E-014
4460.875 4.8130503E-014
4463.8501 4.7476752E-014
4466.8501 4.7191004E-014
4469.8501 4.74795E-014
4472.8501 4.7752502E-014
4475.8501 4.777975E-014
4478.8003 4.6085003E-014
4481.8003 4.6769751E-014
4484.8003 4.6820251E-014
4487.8003 4.6726749E-014
4490.8003 4.6485504E-014
4493.8003 4.6813E-014
4496.75 4.6646501E-014
4499.75 4.4851001E-014
4502.75 4.6575001E-014
4505.75 4.7672E-014
4508.75 4.6423003E-014
4511.7251 4.5410002E-014
4514.7002 4.6348752E-014
4517.7002 4.6232251E-014
4520.7002 4.6626003E-014
4523.7002 4.5704251E-014
4526.7002 4.5742751E-014
4529.7002 4.5205749E-014
4532.6499 4.3960251E-014
4535.6499 4.5470999E-014
4538.6499 4.5323754E-014
4541.6499 4.4408752E-014
4544.6499 4.3705501E-014
4547.6499 4.4744004E-014
4550.6001 4.4297997E-014
4553.6001 4.3847501E-014
4556.6001 4.4076501E-014
4559.6001 4.4464751E-014
4562.6001 4.4687002E-014
4565.6001 4.4040255E-014
4568.5503 4.3867254E-014
4571.5503 4.3369249E-014
4574.5503 4.444475E-014
4577.5503 4.3491754E-014
4580.5503 4.3058249E-014
4583.5503 4.3362253E-014
4586.5 4.3695502E-014
4589.5 4.2487999E-014
4592.5 4.2768001E-014
4595.5 4.2055752E-014
4598.5 4.263625E-014
4601.5 4.3621001E-014
4604.5 4.3063003E-014
4607.4502 4.2508752E-014
4610.4502 4.2674502E-014
4613.4502 4.1392999E-014
4616.4502 4.2381754E-014
4619.4502 4.148125E-014
4622.5 4.2186002E-014
4626.6753 4.23405E-014
4631.0503 4.1040752E-014
4635.4502 4.237075E-014
4639.8501 4.1493501E-014
4644.25 4.0336251E-014
4648.6504 4.1393751E-014
4653.0503 4.0979749E-014
4657.375 4.0956001E-014
4661.75 4.098375E-014
4666.1504 4.0540501E-014
4670.5503 4.0114999E-014
4674.9502 3.9849251E-014
4679.3501 4.0006E-014
4683.7251 3.9872002E-014
4688.0503 3.961425E-014
4692.4502 4.0264501E-014
4696.8501 3.9441249E-014
4701.25 3.9866249E-014
4705.6504 3.9239753E-014
4710 3.9127003E-014
4714.3501 3.8773001E-014
4718.75 3.9880751E-014
4723.1504 3.8074751E-014
4727.5503 3.9574501E-014
4731.9502 3.8262752E-014
4736.25 3.9220251E-014
4740.6504 3.8933751E-014
4745.0503 3.8377752E-014
4749.4502 3.8118248E-014
4753.8501 3.783975E-014
4758.1753 3.7194501E-014
4762.5503 3.7216002E-014
4766.9502 3.7575249E-014
4771.3501 3.7974998E-014
4775.75 3.65395E-014
4780.0503 3.6561252E-014
4784.4502 3.6001502E-014
4788.8501 3.6211001E-014
4793.25 3.634575E-014
4797.6255 3.4937002E-014
4801.9502 3.5160751E-014
4806.3501 3.4943003E-014
4810.75 3.4184251E-014
4815.1504 3.4006001E-014
4819.4751 3.3798251E-014
4823.8501 3.2557751E-014
4828.25 3.2467E-014
4832.6504 3.1221502E-014
4837 3.0996002E-014
4841.3501 3.0573752E-014
4845.75 2.88325E-014
4850.1504 2.79325E-014
4854.5254 2.6157001E-014
4858.8501 2.4714751E-014
4863.25 2.3974002E-014
4867.6504 2.5117251E-014
4872.0254 2.602775E-014
4876.3501 2.726875E-014
4880.75 2.9076503E-014
4885.1504 2.9797752E-014
4889.5 3.0222003E-014
4893.8501 3.0739002E-014
4898.25 3.10975E-014
4902.6504 3.122075E-014
4906.9751 3.1662749E-014
4911.3501 3.2191751E-014
4915.75 3.1794002E-014
4920.1504 3.2112252E-014
4924.4502 3.2446E-014
4928.8501 3.2410001E-014
4933.25 3.2447003E-014
4937.6255 3.2190501E-014
4941.9502 3.2115003E-014
4946.3501 3.2676251E-014
4950.75 3.24225E-014
4955.0752 3.2539753E-014
4959.4502 3.2441501E-014
4963.8501 3.1624002E-014
4968.2002 3.2315252E-014
4972.5503 3.2049501E-014
4976.9502 3.1719249E-014
4981.3501 3.2096254E-014
4985.6504 3.2058252E-014
4990.0503 3.1441002E-014
4994.4502 3.1253754E-014
4998.7749 3.18625E-014
5003.1504 3.1216501E-014
5007.5503 3.1441253E-014
5011.9004 3.117725E-014
5016.25 3.0621999E-014
5020.6504 3.04215E-014
5025.0254 3.0648501E-014
5029.3501 3.0753002E-014
5033.75 3.0901002E-014
5038.1504 3.0864251E-014
5042.4502 3.1356001E-014
5046.8501 2.9282502E-014
5051.25 3.0674502E-014
5055.5503 3.0156751E-014
5059.9502 2.9287252E-014
5064.3501 3.0120251E-014
5068.6504 3.032775E-014
5073.0503 2.9561751E-014
5077.4502 2.9348502E-014
5081.75 3.0013E-014
5086.1504 2.9435252E-014
5090.5503 2.9301001E-014
5094.8501 2.9465251E-014
5099.25 2.891825E-014
5103.6504 2.8995002E-014
5107.9502 2.894625E-014
5112.3501 2.8211752E-014
5116.7251 2.8626752E-014
5121.0503 2.867625E-014
5125.4502 2.958125E-014
5129.7998 2.8248252E-014
5134.1504 2.8334252E-014
5138.5503 2.832675E-014
5142.9004 2.9490502E-014
5147.25 2.8134501E-014
5151.6504 2.8378751E-014
5155.9751 2.7988501E-014
5160.3501 2.7932251E-014
5164.75 2.7546752E-014
5169.0503 2.7884501E-014
5173.4502 2.748E-014
5177.8252 2.7856501E-014
5182.1504 2.780075E-014
5186.5503 2.73695E-014
5190.875 2.7518501E-014
5195.25 2.730875E-014
5199.6504 2.7201752E-014
5203.9502 2.693825E-014
5208.3501 2.6998501E-014
5212.7251 2.6767E-014
5217.0503 2.6969751E-014
5221.4502 2.6964001E-014
5225.7749 2.6628002E-014
5230.1504 2.6033002E-014
5234.5503 2.696575E-014
5238.8501 2.6378251E-014
5243.25 2.6506E-014
5247.6006 2.6398751E-014
5251.9502 2.6505501E-014
5256.3501 2.6277251E-014
5260.6504 2.6320251E-014
5265.0503 2.5933501E-014
5269.4004 2.5710252E-014
5273.75 2.581175E-014
5278.1504 2.5552001E-014
5282.4502 2.5651251E-014
5286.8501 2.5535001E-014
5291.2002 2.5462251E-014
5295.5503 2.538525E-014
5299.9502 2.552225E-014
5304.25 2.5093751E-014
5308.6504 2.5277001E-014
5313 2.5001751E-014
5317.3501 2.50595E-014
5321.7251 2.46475E-014
5326.0503 2.4827501E-014
5330.4502 2.4805001E-014
5334.7749 2.4499501E-014
5339.1504 2.443225E-014
5343.5254 2.448975E-014
5347.8501 2.5016002E-014
5352.25 2.442925E-014
5356.5503 2.4268749E-014
5360.9502 2.4096E-014
5365.2998 2.4070001E-014
5369.6504 2.47665E-014
5374.0254 2.3542751E-014
5378.3501 2.3800752E-014
5382.75 2.3555E-014
5387.0752 2.4040752E-014
5391.4502 2.3967502E-014
5395.7998 2.3442252E-014
5400.1504 2.3532501E-014
5404.5254 2.4024001E-014
5408.8501 2.330025E-014
5413.25 2.32505E-014
5417.5503 2.319875E-014
5421.9502 2.3225001E-014
5426.2749 2.3565751E-014
5430.6504 2.358E-014
5435.0254 2.3103999E-014
5439.3501 2.28125E-014
5443.75 2.30055E-014
5448.0503 2.357125E-014
5452.4502 2.291475E-014
5456.7749 2.3074501E-014
5461.1504 2.2923751E-014
5465.5 2.233775E-014
5469.8501 2.29465E-014
5474.2256 2.2327001E-014
5478.5503 2.2331E-014
5482.9253 2.2566501E-014
5487.2505 2.2362502E-014
5491.6504 2.272325E-014
5495.9502 2.2132251E-014
5500.3501 2.2619502E-014
5504.6753 2.215125E-014
5509.0503 2.172225E-014
5513.3999 2.1976249E-014
5517.7505 2.1837001E-014
5522.1255 2.1988001E-014
5526.4502 2.1733E-014
5530.8252 2.1666002E-014
5535.1504 2.159925E-014
5539.5503 2.1490251E-014
5543.8501 2.13925E-014
5548.2505 2.0793751E-014
5552.5752 2.1408E-014
5556.9502 2.1532001E-014
5561.2754 2.1751001E-014
5565.6504 2.1057E-014
5570 2.1453251E-014
5574.3501 2.0444502E-014
5578.7007 2.0247001E-014
5583.0503 2.0881749E-014
5587.4253 2.0933001E-014
5591.7505 2.1565501E-014
5596.1255 2.030475E-014
5600.4502 2.0304501E-014
5604.8501 2.0111251E-014
5609.1504 2.0528001E-014
5613.5503 2.0690001E-014
5617.8501 2.0178E-014
5622.2505 2.03975E-014
5626.5752 2.030575E-014
5630.9502 2.0482751E-014
5635.2754 1.9948502E-014
5639.6504 2.0244501E-014
5644 1.9984001E-014
5648.3501 1.9681751E-014
5652.7007 2.0362752E-014
5657.0503 1.9912001E-014
5661.3999 1.9850751E-014
5665.7505 1.967675E-014
5670.1006 2.0376252E-014
5674.4502 1.8924751E-014
5678.8252 1.9707501E-014
5683.1504 1.93865E-014
5687.5249 1.978425E-014
5691.8501 1.98095E-014
5696.2256 1.9350751E-014
5700.5503 1.936125E-014
5704.9253 1.9483501E-014
5709.2505 1.8923751E-014
5713.6504 1.8661E-014
5717.9502 1.8953001E-014
5722.3501 1.8884501E-014
5726.6504 1.9114251E-014
5731.0503 1.9041252E-014
5735.3501 1.8724E-014
5739.7505 1.8909501E-014
5744.0503 1.8694251E-014
5748.4502 1.8405001E-014
5752.7505 1.8815751E-014
5757.1504 1.871625E-014
5761.4502 1.8331501E-014
5765.8501 1.8468E-014
5770.1753 1.884E-014
5774.5503 1.806425E-014
5778.875 1.823925E-014
5783.2505 1.8342251E-014
5787.5752 1.7815751E-014
5791.9502 1.7967751E-014
5796.2754 1.8087001E-014
5800.6504 1.8228501E-014
5804.9751 1.758375E-014
5809.3501 1.7999501E-014
5813.6753 1.7964751E-014
5818.0503 1.787775E-014
5822.375 1.7976501E-014
5826.7505 1.8094501E-014
5831.0752 1.7503751E-014
5835.4502 1.82145E-014
5839.7754 1.7190002E-014
5844.1504 1.7653251E-014
5848.4751 1.755625E-014
5852.8501 1.7915252E-014
5857.1753 1.7485001E-014
5861.5503 1.7614501E-014
5865.875 1.7006501E-014
5870.2505 1.747875E-014
5874.5752 1.7598251E-014
5878.9502 1.7369751E-014
5883.2754 1.7083501E-014
5887.6504 1.6831251E-014
5891.9751 1.69695E-014
5896.3501 1.7059501E-014
5900.6753 1.741E-014
5905.0503 1.6937E-014
5909.375 1.6601249E-014
5913.7505 1.6856252E-014
5918.0752 1.7273252E-014
5922.4502 1.6568251E-014
5926.7754 1.6506001E-014
5931.1504 1.6584251E-014
5935.4502 1.6730251E-014
5939.8501 1.6449251E-014
5944.1504 1.6670499E-014
5948.5503 1.6740502E-014
5952.8501 1.6767E-014
5957.2505 1.6485501E-014
5961.5503 1.6287251E-014
5965.9502 1.6788501E-014
5970.2505 1.66195E-014
5974.6504 1.554875E-014
5978.9502 1.511175E-014
5983.3501 1.5455249E-014
5987.6504 1.5905751E-014
5992.0503 1.55295E-014
5996.3501 1.6120001E-014
6000.7505 1.63745E-014
6005.0503 1.53745E-014
6009.4502 1.5552001E-014
6013.7505 1.6219251E-014
6018.1504 1.6067251E-014
6022.4502 1.5917252E-014
6026.8252 1.5687752E-014
6031.1504 1.5738751E-014
6035.5249 1.567475E-014
6039.8501 1.5354E-014
6044.2256 1.5525001E-014
6048.5503 1.5668E-014
6052.9253 1.5299749E-014
6057.2505 1.5746251E-014
6061.6255 1.52975E-014
6065.9502 1.5885751E-014
6070.3252 1.5108501E-014
6074.6504 1.5161751E-014
6079.0249 1.4982E-014
6083.3501 1.5320751E-014
6087.7256 1.5286749E-014
6092.0503 1.5174751E-014
6096.4253 1.5000501E-014
6100.7505 1.4471001E-014
6105.1255 1.484E-014
6109.4502 1.5342252E-014
6113.8252 1.42965E-014
6118.1504 1.4512251E-014
6122.5249 1.471725E-014
6126.8501 1.475825E-014
6131.2007 1.4674E-014
6135.5503 1.393375E-014
6139.8999 1.4394751E-014
6144.2505 1.50405E-014
6148.6006 1.499725E-014
6152.9502 1.4242751E-014
6157.3003 1.3849E-014
6161.6504 1.42515E-014
6166 1.424425E-014
6170.3501 1.4168E-014
6174.7007 1.40995E-014
6179.0503 1.3723E-014
6183.3999 1.3814E-014
6187.7505 1.3913501E-014
6192.1006 1.3965251E-014
6196.4502 1.429775E-014
6200.8003 1.4309502E-014
6205.1504 1.388125E-014
6209.5 1.4254501E-014
6213.8501 1.3849499E-014
6218.2007 1.37625E-014
6222.5503 1.3764001E-014
6226.8999 1.3990501E-014
6231.2505 1.3691751E-014
6235.6006 1.4227501E-014
6239.9502 1.3723751E-014
6244.3003 1.345675E-014
6248.6504 1.38115E-014
6253 1.382475E-014
6257.3501 1.410625E-014
6261.7007 1.3826501E-014
6266.0503 1.350475E-014
6270.4253 1.3018E-014
6274.7505 1.369E-014
6279.1255 1.3120251E-014
6283.4502 1.322475E-014
6287.8252 1.3695251E-014
6292.1504 1.3027001E-014
6296.5249 1.3537E-014
6300.8501 1.324975E-014
6305.2256 1.331175E-014
6309.5503 1.30245E-014
6313.9253 1.30825E-014
6318.2505 1.2789751E-014
6322.6255 1.308525E-014
6326.9502 1.2669001E-014
6331.3501 1.288975E-014
6335.6504 1.27465E-014
6340.0503 1.29675E-014
6344.3501 1.31125E-014
6348.7505 1.285725E-014
6353.0503 1.274625E-014
6357.4502 1.264075E-014
6361.7505 1.2738501E-014
6366.1504 1.2440751E-014
6370.4751 1.2803E-014
6374.8501 1.2396501E-014
6379.1753 1.2366001E-014
6383.5503 1.2506E-014
6387.875 1.207125E-014
6392.2505 1.235625E-014
6396.5752 1.2414499E-014
6400.9502 1.292375E-014
6405.2998 1.2085751E-014
6410.6504 1.2342E-014
6416.3999 1.239475E-014
6422.1504 1.22065E-014
6427.875 1.2334E-014
6433.6255 1.24905E-014
6439.3501 1.188E-014
6445.0752 1.21085E-014
6450.8252 1.19065E-014
6456.5503 1.216E-014
6462.2754 1.18325E-014
6468.0503 1.1834E-014
6473.7754 1.19635E-014
6479.5254 1.1580501E-014
6485.2505 1.1645E-014
6490.9751 1.169775E-014
6496.7251 1.1460251E-014
6502.4502 1.14705E-014
6508.1753 1.135E-014
6513.9248 1.08075E-014
6519.6504 1.0775251E-014
6525.375 1.0985E-014
6531.1504 1.061475E-014
6536.875 1.0684E-014
6542.6255 9.8485258E-015
6548.3501 9.6284505E-015
6554.0752 9.2553003E-015
6559.8252 9.1016003E-015
6565.5503 8.34665E-015
6571.2754 8.6128758E-015
6577.0254 8.8308758E-015
6582.7505 9.6700754E-015
6588.4751 1.02525E-014
6594.2251 1.0017976E-014
6599.9502 1.03595E-014
6605.6753 1.0107675E-014
6611.4248 1.0705E-014
6617.1504 1.065025E-014
6622.875 1.0554501E-014
6628.6255 1.0442226E-014
6634.3501 1.067175E-014
6640.0752 1.062275E-014
6645.8252 1.0684E-014
6651.5503 1.04035E-014
6657.2754 1.0427251E-014
6663.0254 1.0462001E-014
6668.7505 1.0313275E-014
6674.4751 1.0593501E-014
6680.2251 1.0635751E-014
6685.9502 1.0259E-014
6691.6753 1.041925E-014
6697.4248 1.023745E-014
6703.1504 1.0162825E-014
6708.875 1.0297E-014
6714.6255 1.0202601E-014
6720.3501 1.0951751E-014
6726.0752 1.0390001E-014
6731.8252 1.0209E-014
6737.5503 1.0185176E-014
6743.2754 1.05415E-014
6749.0254 1.0458E-014
6754.7505 1.0311E-014
6760.4751 1.0186001E-014
6766.2251 9.9201246E-015
6771.9502 1.014E-014
6777.6753 1.0117025E-014
6783.4248 1.0090825E-014
6789.1504 1.0098425E-014
6794.875 1.0307E-014
6800.6255 1.0084975E-014
6806.3501 1.013235E-014
6812.0752 9.9552003E-015
6817.8003 9.9369501E-015
6823.5254 9.9224252E-015
6829.2505 9.9250501E-015
6834.9751 9.8198003E-015
6840.7251 1.000925E-014
6846.4502 9.6530755E-015
6852.1753 9.8140507E-015
6857.9248 9.4040249E-015
6863.6504 9.3777754E-015
6869.375 9.3093749E-015
6875.1255 9.6060499E-015
6880.8252 9.2327252E-015
6886.5503 9.3911754E-015
6892.2754 9.5976998E-015
6898.0254 9.1029758E-015
6903.7505 9.2916753E-015
6909.4751 9.1071E-015
6915.2251 9.2555256E-015
6920.9502 9.141E-015
6926.6753 9.1564999E-015
6932.375 9.1005753E-015
6938.1255 9.2228005E-015
6943.8501 9.0304503E-015
6949.5752 9.0220249E-015
6955.3252 9.1698753E-015
6961.0503 9.0403259E-015
6966.7754 9.0601507E-015
6972.4751 8.9856499E-015
6978.2251 8.7641254E-015
6983.9502 9.2063249E-015
6989.6753 8.813E-015
6995.4248 8.8068497E-015
7001.1255 9.0144499E-015
7006.8501 8.6068254E-015
7012.5752 8.3437997E-015
7018.3252 8.6145004E-015
7024.0503 8.8196755E-015
7029.7754 8.9709251E-015
7035.4751 8.3092509E-015
7041.2251 8.8151507E-015
7046.9502 8.7261004E-015
7052.6753 8.8597258E-015
7058.4248 8.7250001E-015
7064.1255 8.4595755E-015
7069.8501 8.4277508E-015
7075.5752 8.5461753E-015
7081.3252 8.3938255E-015
7087.0503 8.4417006E-015
7092.7505 8.5296997E-015
7098.4751 8.8530503E-015
7104.2251 8.3766502E-015
7109.9502 8.5890759E-015
7115.6504 8.3934257E-015
7121.375 8.2107749E-015
7127.1255 8.5451504E-015
7132.8501 8.2668002E-015
7138.5503 8.2005503E-015
7144.2754 8.30425E-015
7150.0254 8.219025E-015
7155.7505 8.4778257E-015
7161.4502 8.2496257E-015
7167.1753 8.1128756E-015
7172.9248 7.9591002E-015
7178.6504 8.1627752E-015
7184.3501 8.0777255E-015
7190.0752 8.099025E-015
7195.8252 8.1486755E-015
7201.5254 7.9270502E-015
7207.2505 8.0770758E-015
7212.9751 7.9425E-015
7218.7251 7.6402253E-015
7224.4248 7.8440757E-015
7230.1504 7.8688251E-015
7235.875 7.9092752E-015
7241.6006 7.7850002E-015
7247.3252 7.7069004E-015
7253.0503 7.8125754E-015
7258.7754 7.4416503E-015
7264.4751 7.8359755E-015
7270.2251 7.5424252E-015
7275.9502 7.319775E-015
7281.6504 7.5342505E-015
7287.375 7.7490504E-015
7293.1006 7.5218753E-015
7298.8252 7.7010753E-015
7304.5503 7.3464751E-015
7310.2754 7.5532003E-015
7315.9751 7.3580253E-015
7321.7251 7.5921003E-015
7327.4248 7.415001E-015
7333.1504 7.5012501E-015
7338.875 7.2358255E-015
7344.6006 7.1952256E-015
7350.3252 7.116E-015
7356.0503 7.1581001E-015
7361.7505 7.3744001E-015
7367.4751 6.9712252E-015
7373.2002 7.4737503E-015
7378.9248 7.1297253E-015
7384.6504 7.4143504E-015
7390.3501 7.223475E-015
7396.0752 7.2361254E-015
7401.8003 7.1806507E-015
7407.5254 7.1381499E-015
7413.2505 6.9398252E-015
7418.9502 7.4649505E-015
7424.6753 6.7390255E-015
7430.3999 6.9110003E-015
7436.1255 7.2928757E-015
7441.8501 6.8629502E-015
7447.5503 6.8592504E-015
7453.2754 6.9378504E-015
7459 6.7472751E-015
7464.7251 6.9653002E-015
7470.4502 7.3969498E-015
7476.1504 6.5763752E-015
7481.875 6.5115501E-015
7487.5752 7.1063006E-015
7493.3252 7.0215254E-015
7499.0254 6.9837502E-015
7504.7505 6.9973252E-015
7510.4751 6.9897752E-015
7516.1753 6.5108251E-015
7521.8999 7.0776002E-015
7527.6255 6.6902753E-015
7533.3501 6.8849002E-015
7539.0503 7.1027499E-015
7544.7754 6.4839999E-015
7550.4751 6.6120751E-015
7556.2251 6.60725E-015
7561.9248 6.33005E-015
7567.6504 6.8352751E-015
7573.3501 6.2315502E-015
7579.0752 6.5817751E-015
7584.7754 6.58945E-015
7590.5254 6.7612999E-015
7596.2251 6.4022998E-015
7601.9502 6.3389752E-015
7607.6504 6.4955005E-015
7613.375 6.2930753E-015
7619.0752 6.1715752E-015
7624.8003 6.3700503E-015
7630.5254 6.7501504E-015
7636.2505 6.6724749E-015
7641.9502 6.4096E-015
7647.6753 6.3350001E-015
7653.375 6.3031999E-015
7659.1006 6.1732748E-015
7664.8252 6.0822251E-015
7670.5254 6.9187752E-015
7676.2505 5.960825E-015
7681.9502 5.7313498E-015
7687.6753 6.5884251E-015
7693.375 6.4909748E-015
7699.1006 6.2716001E-015
7704.8252 6.1524255E-015
7710.5254 5.9991502E-015
7716.2505 6.3179751E-015
7721.9502 6.0699753E-015
7727.6753 6.1975004E-015
7733.375 5.9838249E-015
7739.1006 6.1025001E-015
7744.8252 5.9932752E-015
7750.5254 5.8114249E-015
7756.2505 5.9063002E-015
7761.9502 5.9750505E-015
7767.6753 5.9415499E-015
7773.375 5.7846002E-015
7779.0752 5.9536252E-015
7784.8003 5.8180499E-015
7790.5254 5.7452004E-015
7796.2251 5.6754502E-015
7801.9502 5.9113502E-015
7807.6504 5.8233502E-015
7813.375 5.9598754E-015
7819.0752 5.6453751E-015
7824.7754 5.8117251E-015
7830.5 6.3252003E-015
7836.2251 6.1103754E-015
7841.9248 5.4825749E-015
7847.6504 5.7443255E-015
7853.3501 5.8125751E-015
7859.0503 5.4760002E-015
7864.7754 5.8928256E-015
7870.4751 5.7683748E-015
7876.2002 5.8398E-015
7881.8999 5.4166004E-015
7887.6255 5.4883254E-015
7893.3252 5.6875751E-015
7899.0254 5.6337504E-015
7904.7505 5.3364503E-015
7910.4502 5.6872998E-015
7916.1753 5.5864999E-015
7921.875 5.6749005E-015
7927.5752 5.7939751E-015
7933.3003 5.5223253E-015
7939 5.5348504E-015
7944.7251 4.927125E-015
7950.4248 5.6973503E-015
7956.1255 5.5941503E-015
7961.8501 5.3364249E-015
7967.5503 5.6874002E-015
7973.2505 5.4922002E-015
7978.9751 5.3430754E-015
7984.6753 5.5271754E-015
7990.375 5.8346001E-015
7996.1006 5.3570501E-015
8001.8003 5.4463249E-015
8007.5254 5.6719503E-015
8013.2251 5.0843254E-015
8018.9248 5.2467753E-015
8024.6255 5.2861755E-015
8030.3501 5.3173251E-015
8036.0503 4.9089252E-015
8041.7505 5.2839753E-015
8047.4751 4.9327751E-015
8053.1753 5.1002751E-015
8058.875 5.101325E-015
8064.5752 5.1745501E-015
8070.3003 5.63795E-015
8076 4.8556003E-015
8081.7002 5.2115002E-015
8087.4248 5.1009002E-015
8093.1255 4.8307504E-015
8098.8252 5.6048755E-015
8104.5254 4.910175E-015
8110.2505 4.9964E-015
8115.9502 5.2112504E-015
8121.6504 5.6065005E-015
8127.3501 5.3877254E-015
8133.0503 5.6880003E-015
8138.7754 4.8419254E-015
8144.4751 4.95005E-015
8150.1753 5.1477E-015
8155.875 4.9816252E-015
8161.5752 4.6940254E-015
8167.3003 4.9315249E-015
8173 4.827375E-015
8178.7002 4.8923751E-015
8184.3999 5.1793003E-015
8190.1006 4.836625E-015
8195.8252 5.0401747E-015
8201.5254 4.4998752E-015
8207.2256 5.0616753E-015
8212.9248 5.0599999E-015
8218.625 5.2525004E-015
8224.3252 4.3449754E-015
8230.0508 4.7306002E-015
8235.75 5.149325E-015
8241.4502 4.8795751E-015
8247.1504 4.91615E-015
8252.8506 5.0103502E-015
8258.5508 4.9877256E-015
8264.25 4.8878252E-015
8269.9502 4.6239499E-015
8275.6504 4.7020751E-015
8281.375 5.0410251E-015
8287.0752 5.1248001E-015
8292.7754 4.781025E-015
8298.4756 4.6321E-015
8304.1748 4.4588251E-015
8309.875 4.562925E-015
8315.5752 4.7482503E-015
8321.2754 5.8371997E-015
8326.9756 5.9360001E-015
8332.6748 5.3346004E-015
8338.375 6.0199504E-015
8344.0752 6.3471753E-015
8349.7754 5.5680253E-015
8355.4756 5.7148E-015
8361.1748 4.9797253E-015
8366.9004 4.81135E-015
8372.6006 5.1614749E-015
8378.3008 4.8412753E-015
8384.001 4.7777753E-015
8389.7002 4.4479E-015
8395.4004 4.63225E-015
8401.1006 5.832325E-015
8406.8008 4.8368249E-015
8412.501 4.8570504E-015
8418.2002 4.761425E-015
8423.9004 4.1762002E-015
8429.6006 4.2414002E-015
8435.2754 4.6880254E-015
8440.9756 3.5735753E-015
8446.6748 3.6718002E-015
8452.375 3.9516001E-015
8458.0752 3.7456E-015
8463.7754 4.0424499E-015
8469.4756 3.6713E-015
8475.1748 4.131825E-015
8480.875 5.0110753E-015
8486.5752 4.8971752E-015
