1710 5.9501E-015
1710 5.9501E-015
1712 1.3620E-014
1713 1.3475E-014
1714 5.6270E-015
1716 1.8802E-014
1717 2.3803E-014
1718 1.1581E-014
1720 1.1255E-014
1721 1.6574E-014
1722 1.0672E-014
1724 1.8279E-014
1725 1.8858E-014
1727 2.2831E-014
1728 1.2738E-014
1729 1.2545E-014
1731 2.3177E-014
1732 2.5860E-014
1733 1.2522E-014
1735 1.1115E-014
1736 1.6107E-014
1738 1.6669E-014
1739 1.2172E-014
1740 2.0985E-014
1742 1.6470E-014
1743 1.8380E-014
1744 1.6098E-014
1746 1.6104E-014
1747 1.7793E-014
1749 1.1978E-014
1750 1.9913E-014
1751 2.1171E-014
1753 1.4383E-014
1754 2.3383E-014
1755 2.1073E-014
1757 1.7769E-014
1758 1.8555E-014
1759 2.1557E-014
1761 2.7658E-014
1762 2.6693E-014
1764 2.2652E-014
1765 2.6705E-014
1766 2.8525E-014
1768 2.2340E-014
1769 2.8462E-014
1770 2.5556E-014
1772 2.4465E-014
1773 2.6206E-014
1775 3.0883E-014
1776 3.2365E-014
1777 2.6876E-014
1779 2.9296E-014
1780 3.2807E-014
1781 2.6988E-014
1783 2.9252E-014
1784 3.7777E-014
1786 3.3928E-014
1787 2.5601E-014
1788 3.0222E-014
1790 3.2744E-014
1791 3.2991E-014
1792 3.0107E-014
1794 3.1678E-014
1795 3.2975E-014
1797 3.4494E-014
1798 3.2515E-014
1799 3.8945E-014
1801 3.7613E-014
1802 3.3280E-014
1803 3.8369E-014
1805 3.4373E-014
1806 3.2292E-014
1808 2.7868E-014
1809 4.3172E-014
1810 3.4619E-014
1812 3.8710E-014
1813 3.6627E-014
1814 3.3975E-014
1816 3.5405E-014
1817 3.2640E-014
1818 3.8482E-014
1820 3.0424E-014
1821 3.4192E-014
1823 4.0224E-014
1824 4.1627E-014
1825 3.7621E-014
1827 3.2620E-014
1828 4.1248E-014
1829 4.4208E-014
1831 4.2680E-014
1832 4.4924E-014
1834 4.7295E-014
1835 4.3236E-014
1836 4.1890E-014
1838 4.7868E-014
1839 4.5473E-014
1840 3.1469E-014
1842 2.8951E-014
1843 3.7756E-014
1845 2.8490E-014
1846 2.4170E-014
1847 2.0211E-014
1849 2.3612E-014
1850 2.4366E-014
1851 2.2845E-014
1853 3.2232E-014
1854 4.5512E-014
1856 4.9734E-014
1857 5.2637E-014
1858 4.8447E-014
1860 5.1581E-014
1861 5.1939E-014
1862 5.3280E-014
1864 5.3082E-014
1865 5.0501E-014
1866 5.4404E-014
1868 6.0781E-014
1869 5.8689E-014
1871 6.1890E-014
1872 6.1968E-014
1873 5.9686E-014
1875 5.0862E-014
1876 5.5963E-014
1877 5.7466E-014
1879 5.6516E-014
1880 5.5734E-014
1882 6.1118E-014
1883 6.6271E-014
1884 6.2738E-014
1886 6.6362E-014
1887 7.5414E-014
1888 7.1311E-014
1890 6.8989E-014
1891 7.1197E-014
1893 7.1582E-014
1894 6.8038E-014
1895 7.3079E-014
1897 6.8161E-014
1898 6.4515E-014
1899 6.1845E-014
1901 5.6535E-014
1902 5.9035E-014
1904 6.7820E-014
1905 7.1610E-014
1906 8.0325E-014
1908 7.4338E-014
1909 8.1205E-014
1910 7.5112E-014
1912 7.6338E-014
1913 8.0332E-014
1915 8.1978E-014
1916 8.7024E-014
1917 8.3837E-014
1919 8.6370E-014
1920 9.2028E-014
1921 8.9586E-014
1923 8.8798E-014
1924 8.8887E-014
1926 8.8711E-014
1927 8.4850E-014
1928 8.0435E-014
1930 6.7492E-014
1931 4.9421E-014
1932 5.3994E-014
1934 6.3489E-014
1935 6.6285E-014
1936 7.1027E-014
1938 7.6964E-014
1939 9.4128E-014
1941 9.9852E-014
1942 1.0695E-013
1943 1.0670E-013
1945 1.0973E-013
1946 1.0843E-013
1947 1.0112E-013
1949 1.0769E-013
1950 1.0519E-013
1952 9.9860E-014
1953 1.0418E-013
1954 1.0992E-013
1956 9.8402E-014
1957 1.0649E-013
1958 1.0009E-013
1960 1.0425E-013
1961 9.7942E-014
1963 9.7965E-014
1964 1.0498E-013
1965 1.1469E-013
1967 1.2083E-013
1968 1.2485E-013
1969 1.2316E-013
1971 1.2119E-013
1972 1.1661E-013
1974 1.2293E-013
1975 1.1949E-013
1976 1.1095E-013
1978 9.7620E-014
1979 9.7111E-014
1980 9.5304E-014
1982 1.0258E-013
1983 1.0379E-013
1985 1.0928E-013
1986 1.0492E-013
1987 9.8078E-014
1989 9.0968E-014
1990 1.0011E-013
1991 1.0855E-013
1993 1.1486E-013
1994 1.1593E-013
1996 1.2424E-013
1997 1.2165E-013
1998 1.2786E-013
2000 1.2285E-013
2001 1.2267E-013
2002 1.3021E-013
2004 1.3151E-013
2005 1.2119E-013
2007 1.3229E-013
2008 1.2602E-013
2009 1.3133E-013
2011 1.3007E-013
2012 1.2720E-013
2013 1.3601E-013
2015 1.3769E-013
2016 1.3820E-013
2018 1.4100E-013
2019 1.4221E-013
2020 1.3776E-013
2022 1.3534E-013
2023 1.3105E-013
2024 1.2866E-013
2026 1.1298E-013
2027 1.0144E-013
2028 1.3311E-013
2030 1.3928E-013
2031 1.4565E-013
2033 1.5327E-013
2034 1.4317E-013
2035 1.4104E-013
2037 1.5687E-013
2038 1.5746E-013
2039 1.5377E-013
2041 1.4881E-013
2042 1.5721E-013
2044 1.6521E-013
2045 1.7546E-013
2046 1.8496E-013
2048 1.7749E-013
2049 1.7162E-013
2050 1.7523E-013
2052 1.7316E-013
2053 1.7049E-013
2055 1.6524E-013
2056 1.5985E-013
2057 1.4169E-013
2059 1.3788E-013
2060 1.4483E-013
2061 1.5358E-013
2063 1.3963E-013
2064 1.4868E-013
2066 1.5607E-013
2067 1.5614E-013
2068 1.6218E-013
2070 1.6944E-013
2071 1.7660E-013
2072 1.8148E-013
2074 1.8108E-013
2075 1.8845E-013
2077 1.9785E-013
2078 1.9733E-013
2079 1.8769E-013
2081 1.8751E-013
2082 1.9048E-013
2083 1.8823E-013
2085 1.8617E-013
2086 1.8291E-013
2088 1.9494E-013
2089 1.9553E-013
2090 1.9707E-013
2092 1.9023E-013
2093 1.9434E-013
2094 1.9109E-013
2096 1.9491E-013
2097 1.9917E-013
2099 1.9705E-013
2100 2.0039E-013
2101 1.9639E-013
2103 1.9980E-013
2104 1.8937E-013
2105 2.0378E-013
2107 2.0801E-013
2108 1.9602E-013
2110 1.8620E-013
2111 1.8816E-013
2112 1.9153E-013
2114 1.9673E-013
2115 1.9292E-013
2116 1.9880E-013
2118 2.2662E-013
2119 2.1599E-013
2121 2.2379E-013
2122 2.1088E-013
2123 1.8498E-013
2125 1.3344E-013
2126 1.5380E-013
2127 1.9387E-013
2129 2.0571E-013
2130 1.9940E-013
2132 1.8772E-013
2133 1.8544E-013
2134 1.7957E-013
2136 1.7231E-013
2137 1.8384E-013
2138 1.9940E-013
2140 1.8580E-013
2141 1.9917E-013
2142 2.1820E-013
2144 2.2080E-013
2145 2.2382E-013
2147 2.1473E-013
2148 2.0221E-013
2149 2.1171E-013
2151 2.0947E-013
2152 1.9791E-013
2153 2.1360E-013
2155 2.1806E-013
2156 2.1540E-013
2158 2.1722E-013
2159 1.9970E-013
2160 1.8972E-013
2162 2.0889E-013
2163 2.1727E-013
2164 2.1246E-013
2166 1.9521E-013
2167 1.8315E-013
2169 1.8229E-013
2170 1.9586E-013
2171 2.1244E-013
2173 2.1435E-013
2174 2.1076E-013
2175 2.0133E-013
2177 2.0295E-013
2178 1.9979E-013
2180 2.1194E-013
2181 2.3692E-013
2182 2.5440E-013
2184 2.5440E-013
2185 2.3590E-013
2186 2.3520E-013
2188 2.0411E-013
2189 2.2861E-013
2191 2.3997E-013
2192 2.3882E-013
2193 2.4253E-013
2195 2.6255E-013
2196 2.7118E-013
2197 2.5865E-013
2199 2.6409E-013
2200 2.7120E-013
2202 2.4022E-013
2203 2.5438E-013
2204 2.7425E-013
2206 2.6473E-013
2207 2.4984E-013
2208 2.2323E-013
2210 2.1018E-013
2211 1.9008E-013
2213 1.6980E-013
2214 2.2433E-013
2215 2.2615E-013
2217 2.1725E-013
2218 2.0149E-013
2219 2.0995E-013
2221 2.4793E-013
2222 2.5269E-013
2224 2.5714E-013
2225 2.5610E-013
2226 2.5521E-013
2228 2.5726E-013
2229 2.6229E-013
2230 2.7211E-013
2232 2.7842E-013
2233 2.7941E-013
2235 2.9285E-013
2236 2.9562E-013
2237 2.9479E-013
2239 2.9489E-013
2240 2.9524E-013
2241 2.8854E-013
2243 2.7841E-013
2244 2.6781E-013
2246 2.5954E-013
2247 2.7083E-013
2248 2.7210E-013
2250 2.6333E-013
2251 2.4999E-013
2252 2.4374E-013
2254 2.5659E-013
2255 2.3692E-013
2257 2.4745E-013
2258 2.5308E-013
2259 2.5841E-013
2261 2.5017E-013
2262 2.4065E-013
2263 2.6960E-013
2265 2.5783E-013
2266 2.4727E-013
2268 2.3436E-013
2269 2.3521E-013
2270 2.3942E-013
2272 2.4835E-013
2273 2.5016E-013
2274 2.5552E-013
2276 2.5052E-013
2277 2.4519E-013
2279 2.5437E-013
2280 2.5932E-013
2281 2.6913E-013
2283 3.0554E-013
2284 2.8799E-013
2285 2.7544E-013
2287 2.8796E-013
2288 2.5252E-013
2289 2.6411E-013
2291 2.5986E-013
2292 2.5878E-013
2294 2.6659E-013
2295 2.6748E-013
2296 2.6906E-013
2298 2.3718E-013
2299 2.1096E-013
2300 2.3393E-013
2302 2.4299E-013
2303 2.5924E-013
2305 2.4873E-013
2306 2.8346E-013
2307 2.9212E-013
2309 2.8512E-013
2310 2.8586E-013
2311 2.6390E-013
2313 2.3594E-013
2314 2.2868E-013
2316 2.5814E-013
2317 2.6600E-013
2318 2.7178E-013
2320 2.6716E-013
2321 2.5717E-013
2322 2.6229E-013
2324 2.8937E-013
2325 2.8881E-013
2327 2.6021E-013
2328 2.4054E-013
2329 2.5573E-013
2331 2.7028E-013
2332 2.3252E-013
2333 1.9783E-013
2335 2.2173E-013
2336 2.4662E-013
2338 2.5758E-013
2339 2.0939E-013
2340 2.1467E-013
2342 2.3496E-013
2343 2.3362E-013
2344 1.5290E-013
2346 1.3750E-013
2347 1.7062E-013
2349 1.7502E-013
2350 1.8491E-013
2351 2.4994E-013
2353 2.7066E-013
2354 2.8227E-013
2355 2.5898E-013
2357 2.5766E-013
2358 2.7469E-013
2360 2.4732E-013
2361 1.7765E-013
2362 2.1069E-013
2364 2.4819E-013
2365 2.4066E-013
2366 2.1266E-013
2368 2.3047E-013
2369 2.4712E-013
2371 2.5794E-013
2372 2.7590E-013
2373 2.6553E-013
2375 2.1343E-013
2376 2.2302E-013
2377 2.6414E-013
2379 2.7226E-013
2380 2.1670E-013
2382 1.6578E-013
2383 1.0162E-013
2384 1.1408E-013
2386 1.8755E-013
2387 2.4682E-013
2388 2.4251E-013
2390 1.9449E-013
2391 2.4666E-013
2393 2.7923E-013
2394 2.8628E-013
2395 2.3863E-013
2397 1.7280E-013
2398 1.8038E-013
2399 2.1156E-013
2401 1.8667E-013
2402 2.4738E-013
2404 2.4106E-013
2405 2.0875E-013
2406 1.5133E-013
2408 1.5781E-013
2409 2.0113E-013
2410 2.2735E-013
2412 1.5620E-013
2413 1.7757E-013
2415 1.9680E-013
2416 2.5221E-013
2417 2.8058E-013
2419 2.9182E-013
2420 3.0621E-013
2421 3.3229E-013
2423 3.4515E-013
2424 3.1516E-013
2426 2.8565E-013
2427 3.0979E-013
2428 3.2381E-013
2430 3.0745E-013
2431 3.0901E-013
2432 3.3328E-013
2434 3.1221E-013
2435 2.8739E-013
2437 2.5081E-013
2438 2.7404E-013
2439 2.8846E-013
2441 2.8653E-013
2442 3.0783E-013
2443 3.2479E-013
2445 3.1089E-013
2446 3.0538E-013
2447 3.0473E-013
2449 3.0372E-013
2450 3.0694E-013
2452 2.8515E-013
2453 2.8237E-013
2454 2.8596E-013
2456 2.9441E-013
2457 3.0117E-013
2458 3.0850E-013
2460 3.0486E-013
2461 2.9537E-013
2463 2.6920E-013
2464 2.4496E-013
2465 2.7334E-013
2467 2.8679E-013
2468 2.8023E-013
2469 2.8880E-013
2471 2.9142E-013
2472 2.9539E-013
2474 2.6485E-013
2475 2.8038E-013
2476 3.0010E-013
2478 2.8159E-013
2479 2.6310E-013
2480 2.3340E-013
2482 2.6312E-013
2483 2.3209E-013
2485 1.7473E-013
2486 2.0260E-013
2487 2.0915E-013
2489 2.0533E-013
2490 1.7976E-013
2491 1.5544E-013
2493 1.8423E-013
2494 2.5219E-013
2496 2.9722E-013
2497 3.1607E-013
2498 3.1152E-013
2500 3.1159E-013
2501 3.2631E-013
2502 2.7330E-013
2504 2.9334E-013
2505 2.8942E-013
2507 2.5519E-013
2508 1.8027E-013
2509 2.3607E-013
2511 2.9098E-013
2512 2.5552E-013
2513 2.3693E-013
2515 1.7941E-013
2516 1.1367E-013
2518 9.9718E-014
2519 1.3008E-013
2520 1.4322E-013
2522 2.0230E-013
2523 1.9451E-013
2524 1.4108E-013
2526 1.3346E-013
2527 1.4925E-013
2529 1.3160E-013
2530 1.1555E-013
2531 1.8129E-013
2533 2.4231E-013
2534 2.5283E-013
2535 2.4332E-013
2537 2.3363E-013
2538 2.3821E-013
2540 2.4284E-013
2541 2.5242E-013
2542 2.4313E-013
2544 2.6040E-013
2545 2.7384E-013
2546 2.5916E-013
2548 2.5414E-013
2549 2.5540E-013
2551 2.3008E-013
2552 2.7590E-013
2553 3.3320E-013
2555 3.3114E-013
2556 3.4407E-013
2557 3.3710E-013
2559 3.3800E-013
2560 3.5955E-013
2562 3.3618E-013
2563 3.1302E-013
2564 2.6278E-013
2566 3.1742E-013
2567 3.6386E-013
2568 3.5230E-013
2570 3.5936E-013
2571 3.6699E-013
2572 3.5801E-013
2574 3.7501E-013
2575 3.7270E-013
2577 3.2459E-013
2578 3.1335E-013
2579 3.5589E-013
2581 3.8127E-013
2582 3.7942E-013
2583 3.5681E-013
2585 3.5054E-013
2586 3.0354E-013
2588 2.8188E-013
2589 3.5145E-013
2590 3.8424E-013
2592 4.0546E-013
2593 3.6757E-013
2594 3.5153E-013
2596 3.5861E-013
2597 3.6531E-013
2599 2.8773E-013
2600 2.1254E-013
2601 2.0804E-013
2603 3.4999E-013
2604 3.7691E-013
2605 3.3251E-013
2607 2.7658E-013
2608 2.2255E-013
2610 2.8819E-013
2611 3.1260E-013
2612 2.5104E-013
2614 2.1118E-013
2615 2.3050E-013
2616 3.0249E-013
2618 3.5799E-013
2619 2.9525E-013
2621 3.5699E-013
2622 3.5418E-013
2623 3.4769E-013
2625 3.6724E-013
2626 3.3740E-013
2627 2.9466E-013
2629 2.9951E-013
2630 2.7333E-013
2632 2.4845E-013
2633 2.2404E-013
2634 3.2658E-013
2636 4.1411E-013
2637 4.3087E-013
2638 4.5298E-013
2640 4.7356E-013
2641 4.7873E-013
2643 4.7445E-013
2644 4.9203E-013
2645 4.9223E-013
2647 4.7782E-013
2648 4.7728E-013
2649 4.7348E-013
2651 4.7491E-013
2652 4.7837E-013
2654 4.7743E-013
2655 4.7847E-013
2656 4.9940E-013
2658 4.8990E-013
2659 4.8771E-013
2660 4.7720E-013
2662 4.7040E-013
2663 4.4511E-013
2664 4.3793E-013
2666 4.3375E-013
2667 4.2934E-013
2669 4.2739E-013
2670 4.3468E-013
2671 4.4500E-013
2673 4.4751E-013
2674 4.2407E-013
2675 4.7591E-013
2677 4.8707E-013
2678 4.6187E-013
2680 4.3877E-013
2681 4.4307E-013
2682 4.6775E-013
2684 4.7690E-013
2685 4.6788E-013
2686 4.6863E-013
2688 4.6513E-013
2689 4.5262E-013
2691 4.3716E-013
2692 4.3058E-013
2693 4.4786E-013
2695 4.4893E-013
2696 4.4268E-013
2697 4.2790E-013
2699 4.3324E-013
2700 4.4511E-013
2702 4.6067E-013
2703 4.6198E-013
2704 4.6965E-013
2706 4.7455E-013
2707 4.6100E-013
2708 4.4650E-013
2710 4.5042E-013
2711 4.4077E-013
2713 4.4008E-013
2714 4.4170E-013
2715 4.2980E-013
2717 4.0101E-013
2718 4.2692E-013
2719 4.0472E-013
2721 3.5567E-013
2722 3.7759E-013
2724 4.0926E-013
2725 4.0689E-013
2726 3.9742E-013
2728 4.0882E-013
2729 3.9915E-013
2730 4.3768E-013
2732 4.5572E-013
2733 4.3433E-013
2734 4.1265E-013
2736 3.8981E-013
2737 3.8488E-013
2739 3.3161E-013
2740 3.5843E-013
2741 3.3616E-013
2743 3.6342E-013
2744 3.0714E-013
2745 3.1004E-013
2747 3.5229E-013
2748 2.7558E-013
2750 3.2005E-013
2751 2.7692E-013
2752 3.3518E-013
2754 4.0329E-013
2755 3.8780E-013
2756 3.3927E-013
2758 3.0528E-013
2759 3.9519E-013
2761 4.4390E-013
2762 4.4004E-013
2763 4.1004E-013
2765 4.1011E-013
2766 4.3202E-013
2767 4.3740E-013
2769 4.1909E-013
2770 4.0784E-013
2772 4.2966E-013
2773 4.4858E-013
2774 4.3732E-013
2776 4.4608E-013
2777 4.2555E-013
2778 3.9799E-013
2780 3.6847E-013
2781 3.4795E-013
2783 3.5017E-013
2784 3.5549E-013
2785 3.5616E-013
2787 3.5440E-013
2788 3.3921E-013
2789 2.8930E-013
2791 2.4012E-013
2792 1.7281E-013
2794 1.1852E-013
2795 8.0008E-014
2796 5.4413E-014
2798 5.0047E-014
2799 5.4009E-014
2800 6.5405E-014
2802 7.1800E-014
2803 5.8452E-014
2804 5.6620E-014
2806 8.3812E-014
2807 1.2992E-013
2809 1.9557E-013
2810 2.6836E-013
2811 3.0891E-013
2813 3.2504E-013
2814 3.5306E-013
2815 3.8943E-013
2817 4.1798E-013
2818 4.1474E-013
2820 4.2627E-013
2821 4.4206E-013
2822 4.5166E-013
2824 4.5654E-013
2825 4.6356E-013
2826 4.7309E-013
2828 4.5415E-013
2829 4.7092E-013
2831 4.6741E-013
2832 4.7449E-013
2833 4.6541E-013
2835 4.7390E-013
2836 4.6343E-013
2837 4.2807E-013
2839 4.8104E-013
2840 4.7528E-013
2842 4.5012E-013
2843 4.5432E-013
2844 4.4749E-013
2846 4.2994E-013
2847 4.3859E-013
2848 4.1910E-013
2850 3.6254E-013
2851 2.8889E-013
2852 1.8210E-013
2854 1.2609E-013
2855 2.0616E-013
2857 3.2460E-013
2858 3.8459E-013
2859 4.2295E-013
2861 4.5604E-013
2862 4.9183E-013
2863 4.7831E-013
2865 4.8260E-013
2866 4.8334E-013
2868 4.7256E-013
2869 4.6095E-013
2870 4.6216E-013
2872 4.8752E-013
2873 5.1501E-013
2874 5.0639E-013
2876 4.8526E-013
2877 4.6557E-013
2879 4.5792E-013
2880 4.5620E-013
2881 4.2238E-013
2883 2.9732E-013
2884 3.4599E-013
2885 4.5370E-013
2887 5.0465E-013
2888 5.1615E-013
2890 5.1182E-013
2891 4.9505E-013
2892 4.9363E-013
2894 4.8141E-013
2895 4.8241E-013
2896 4.9871E-013
2898 5.2515E-013
2899 5.4266E-013
2900 5.4651E-013
2902 5.6981E-013
2903 5.5416E-013
2905 5.7141E-013
2906 5.7562E-013
2907 5.7209E-013
2909 5.4608E-013
2910 5.2320E-013
2911 5.2833E-013
2913 5.4322E-013
2914 5.5827E-013
2916 5.6393E-013
2917 5.5781E-013
2918 5.4876E-013
2920 5.3252E-013
2921 5.4755E-013
2922 5.5498E-013
2924 5.4834E-013
2925 5.1889E-013
2927 5.2128E-013
2928 5.1804E-013
2929 5.1466E-013
2931 5.0898E-013
2932 5.6272E-013
2933 5.7883E-013
2935 5.6298E-013
2936 5.5868E-013
2937 5.1987E-013
2939 4.8576E-013
2940 5.1826E-013
2942 5.4307E-013
2943 5.2578E-013
2944 5.6834E-013
2946 5.3397E-013
2947 5.4842E-013
2948 5.2137E-013
2950 4.9029E-013
2951 5.3600E-013
2953 5.9210E-013
2954 5.8924E-013
2955 5.0941E-013
2957 5.6819E-013
2958 5.6062E-013
2959 5.6569E-013
2961 5.7239E-013
2962 5.7003E-013
2964 5.8585E-013
2965 5.8754E-013
2966 5.2663E-013
2968 4.9981E-013
2969 5.0662E-013
2970 5.1511E-013
2972 4.7781E-013
2973 5.3223E-013
2974 5.2376E-013
2976 5.8093E-013
2977 5.7110E-013
2979 5.9280E-013
2980 6.0182E-013
2981 5.6696E-013
2983 5.3476E-013
2984 5.3130E-013
2985 4.8673E-013
2987 4.8125E-013
2988 5.1313E-013
2990 5.3250E-013
2991 5.7237E-013
2992 5.8900E-013
2994 5.8132E-013
2995 5.6396E-013
2996 5.4164E-013
2998 5.8830E-013
2999 6.0183E-013
3001 5.6100E-013
3002 5.1085E-013
3003 5.1228E-013
3005 5.1566E-013
3006 5.7067E-013
3007 5.9354E-013
3009 5.5065E-013
3010 5.4470E-013
3011 5.8437E-013
3013 5.9466E-013
3014 5.8715E-013
3016 5.8292E-013
3017 5.7094E-013
3018 5.4789E-013
3020 5.1872E-013
3021 4.8652E-013
3022 4.2489E-013
3024 5.5788E-013
3025 5.8804E-013
3027 5.6345E-013
3028 5.6371E-013
3029 6.2677E-013
3031 6.1149E-013
3032 5.8344E-013
3033 5.8820E-013
3035 6.1163E-013
3036 6.2093E-013
3037 6.2213E-013
3039 5.5937E-013
3040 5.9768E-013
3042 6.0158E-013
3043 5.6136E-013
3044 5.8560E-013
3046 6.0526E-013
3047 6.1255E-013
3048 5.8344E-013
3050 5.7585E-013
3051 6.1486E-013
3053 6.1995E-013
3054 6.3622E-013
3055 6.0128E-013
3057 5.9918E-013
3058 5.8143E-013
3059 5.2194E-013
3061 5.4391E-013
3067 5.1354E-013
3070 5.4091E-013
3073 5.5475E-013
3076 5.6113E-013
3078 5.6739E-013
3081 5.7179E-013
3084 5.7638E-013
3087 5.6928E-013
3089 5.2924E-013
3092 5.0679E-013
3095 5.0129E-013
3098 5.0612E-013
3100 5.0048E-013
3103 5.3478E-013
3106 5.6734E-013
3109 5.9506E-013
3111 5.9610E-013
3114 5.9271E-013
3117 5.8693E-013
3120 5.5632E-013
3122 5.4743E-013
3125 5.5746E-013
3128 5.6970E-013
3131 5.7532E-013
3133 5.7987E-013
3136 5.8968E-013
3139 5.9598E-013
3142 5.7936E-013
3144 5.2513E-013
3147 5.4313E-013
3150 5.8262E-013
3153 5.8838E-013
3155 5.7286E-013
3158 5.4111E-013
3161 5.2859E-013
3164 5.5505E-013
3166 5.8061E-013
3169 5.9161E-013
3172 6.1430E-013
3175 6.2907E-013
3177 6.0394E-013
3180 5.5783E-013
3183 5.5266E-013
3186 5.7185E-013
3188 5.9369E-013
3191 5.8785E-013
3194 5.7228E-013
3197 5.8292E-013
3199 6.1296E-013
3202 6.2585E-013
3205 6.4362E-013
3208 6.4180E-013
3210 6.0734E-013
3213 5.8032E-013
3216 5.8769E-013
3218 6.0517E-013
3221 6.1804E-013
3224 6.0610E-013
3227 5.9555E-013
3229 5.7405E-013
3232 5.7529E-013
3235 5.7594E-013
3238 5.9210E-013
3240 6.0802E-013
3243 6.2538E-013
3246 6.3813E-013
3249 6.1591E-013
3251 6.2375E-013
3254 6.3361E-013
3257 6.6459E-013
3260 6.7738E-013
3262 6.7796E-013
3265 6.7403E-013
3268 6.8258E-013
3271 6.8099E-013
3273 6.6978E-013
3276 6.6201E-013
3279 6.5250E-013
3282 6.6425E-013
3284 6.7090E-013
3287 6.7044E-013
3290 6.7146E-013
3293 6.9855E-013
3295 7.1288E-013
3298 7.1731E-013
3301 7.1307E-013
3304 6.9738E-013
3306 6.8374E-013
3309 6.8738E-013
3312 7.0413E-013
3315 6.9427E-013
3317 6.8452E-013
3320 6.9254E-013
3323 6.7225E-013
3326 6.7755E-013
3328 6.7992E-013
3331 6.7307E-013
3334 6.7891E-013
3337 6.6909E-013
3339 6.6763E-013
3342 6.6770E-013
3345 6.7840E-013
3348 6.7171E-013
3350 6.4347E-013
3353 6.8034E-013
3356 6.9015E-013
3359 6.8358E-013
3361 6.4606E-013
3364 6.6015E-013
3367 6.8000E-013
3370 6.5775E-013
3372 6.4747E-013
3375 6.6179E-013
3378 6.8875E-013
3381 6.5944E-013
3383 6.5432E-013
3386 6.7935E-013
3389 6.8728E-013
3392 6.8379E-013
3394 6.7188E-013
3397 6.9623E-013
3400 7.1304E-013
3403 7.0900E-013
3405 6.8132E-013
3408 6.7735E-013
3411 6.7876E-013
3414 6.7349E-013
3416 6.7386E-013
3419 6.9968E-013
3422 7.1126E-013
3425 6.9236E-013
3427 6.9993E-013
3430 7.1738E-013
3433 7.1672E-013
3436 7.0961E-013
3438 6.9372E-013
3441 6.5486E-013
3444 6.3692E-013
3447 6.6324E-013
3449 6.9275E-013
3452 6.9812E-013
3455 6.9299E-013
3458 7.0775E-013
3460 6.9787E-013
3463 6.8718E-013
3466 7.0129E-013
3469 7.0243E-013
3471 7.1546E-013
3474 6.9113E-013
3477 6.6515E-013
3480 6.9333E-013
3482 7.1692E-013
3485 7.0564E-013
3488 7.1258E-013
3491 6.9526E-013
3493 6.8817E-013
3496 6.9132E-013
3499 6.8721E-013
3502 7.0143E-013
3504 7.1020E-013
3507 7.0673E-013
3510 7.0297E-013
3513 6.8905E-013
3515 6.8583E-013
3518 7.0419E-013
3521 7.0538E-013
3524 6.8190E-013
3526 6.5854E-013
3529 6.7217E-013
3532 7.0427E-013
3534 7.1636E-013
3537 7.2387E-013
3540 7.3490E-013
3543 7.3345E-013
3545 7.4227E-013
3548 7.4319E-013
3551 7.4625E-013
3554 7.3227E-013
3556 7.2016E-013
3559 7.2028E-013
3562 7.2840E-013
3565 7.2479E-013
3567 6.8416E-013
3570 6.6754E-013
3573 6.5856E-013
3576 6.7910E-013
3578 6.8467E-013
3581 6.7804E-013
3584 6.5806E-013
3587 6.3961E-013
3589 6.4820E-013
3592 6.8822E-013
3595 7.1479E-013
3598 7.2516E-013
3600 7.3628E-013
3603 7.2377E-013
3606 7.0045E-013
3609 6.9263E-013
3611 6.8737E-013
3614 6.9445E-013
3617 7.0499E-013
3620 6.9082E-013
3622 6.9355E-013
3625 7.1454E-013
3628 7.3616E-013
3631 7.2508E-013
3633 6.8266E-013
3636 7.0386E-013
3639 7.2579E-013
3642 7.3644E-013
3644 7.1137E-013
3647 7.0185E-013
3650 6.9619E-013
3653 7.1846E-013
3655 7.4285E-013
3658 7.5683E-013
3661 7.5797E-013
3664 7.5773E-013
3666 7.5225E-013
3669 7.5763E-013
3672 7.4990E-013
3675 7.5538E-013
3677 7.4425E-013
3680 7.3087E-013
3683 7.2758E-013
3686 7.2190E-013
3688 7.1141E-013
3691 7.3974E-013
3694 7.5889E-013
3697 7.6255E-013
3699 7.6292E-013
3702 7.7536E-013
3705 7.3995E-013
3708 7.0474E-013
3710 7.1717E-013
3713 7.3278E-013
3716 7.7267E-013
3719 7.8282E-013
3721 7.1468E-013
3724 6.9685E-013
3727 7.5054E-013
3730 7.7764E-013
3732 7.4782E-013
3735 6.6976E-013
3738 6.5092E-013
3741 7.2859E-013
3743 7.8731E-013
3746 7.4512E-013
3749 6.8633E-013
3752 6.7410E-013
3754 7.3442E-013
3757 8.1084E-013
3760 7.9469E-013
3763 7.9963E-013
3765 8.1135E-013
3768 7.8427E-013
3771 7.2185E-013
3774 7.1656E-013
3776 8.0429E-013
3779 8.6840E-013
3782 9.0020E-013
3785 9.0582E-013
3787 8.9013E-013
3790 8.6728E-013
3793 8.5088E-013
3796 7.9446E-013
3798 7.0757E-013
3801 6.9622E-013
3804 8.0743E-013
3807 8.7303E-013
3809 8.7782E-013
3812 9.0034E-013
3815 8.8038E-013
3818 8.5367E-013
3820 8.7495E-013
3823 8.4835E-013
3826 8.2897E-013
3829 7.8486E-013
3831 7.3878E-013
3834 6.6602E-013
3837 5.9972E-013
3840 6.3363E-013
3842 7.3290E-013
3845 8.3421E-013
3848 8.8714E-013
3851 9.1599E-013
3853 9.2329E-013
3856 9.3033E-013
3859 9.0523E-013
3862 8.8637E-013
3864 9.2842E-013
3867 9.4526E-013
3870 9.4531E-013
3873 9.2653E-013
3875 8.8078E-013
3878 8.8819E-013
3881 8.6236E-013
3884 8.7029E-013
3886 8.0739E-013
3889 6.9329E-013
3892 6.6789E-013
3895 7.6331E-013
3897 8.1649E-013
3900 8.5119E-013
3903 8.6443E-013
3906 8.6440E-013
3908 8.7052E-013
3911 9.1164E-013
3914 9.2246E-013
3917 9.1711E-013
3919 9.0085E-013
3922 8.6825E-013
3925 8.6036E-013
3928 8.3213E-013
3930 7.0393E-013
3933 5.0260E-013
3936 3.6745E-013
3939 5.1777E-013
3941 7.2653E-013
3944 8.2322E-013
3947 8.5656E-013
3950 8.8131E-013
3952 8.9058E-013
3955 8.9222E-013
3958 8.8399E-013
3961 8.6809E-013
3963 8.0306E-013
3966 6.9152E-013
3969 4.9369E-013
3972 4.1825E-013
3974 5.9182E-013
3977 7.6411E-013
3980 8.5094E-013
3983 8.9658E-013
3985 9.1524E-013
3988 9.2605E-013
3991 9.4189E-013
3994 9.6459E-013
3996 9.5818E-013
3999 9.5192E-013
4002 9.6349E-013
4005 9.6867E-013
4007 9.5720E-013
4010 9.6891E-013
4013 9.8293E-013
4016 9.8156E-013
4018 9.8579E-013
4021 9.8509E-013
4024 9.8620E-013
4027 9.8472E-013
4029 9.7489E-013
4032 9.5805E-013
4035 9.5227E-013
4038 9.7101E-013
4040 9.9382E-013
4043 9.8568E-013
4046 9.5817E-013
4049 9.5045E-013
4051 9.7577E-013
4054 9.8797E-013
4057 9.7377E-013
4060 9.6650E-013
4062 9.7025E-013
4065 9.4755E-013
4068 9.4446E-013
4071 9.6206E-013
4073 9.5663E-013
4076 9.5610E-013
4079 9.4761E-013
4082 9.5279E-013
4084 9.6714E-013
4087 9.6030E-013
4090 9.6606E-013
4092 9.5956E-013
4095 9.3106E-013
4098 8.9278E-013
4101 8.1028E-013
4103 7.1259E-013
4106 7.7560E-013
4109 8.6610E-013
4112 9.1362E-013
4114 9.4630E-013
4117 9.6252E-013
4120 9.5947E-013
4123 9.6087E-013
4125 9.7467E-013
4128 9.8015E-013
4131 9.7622E-013
4134 9.6993E-013
4136 9.6709E-013
4139 9.8799E-013
4142 9.9330E-013
4145 9.7228E-013
4147 9.7657E-013
4150 9.8396E-013
4153 9.7916E-013
4156 9.7050E-013
4158 9.6689E-013
4161 9.7587E-013
4164 9.8681E-013
4167 9.8456E-013
4169 9.8231E-013
4172 9.7036E-013
4175 9.5628E-013
4178 9.5477E-013
4180 9.5966E-013
4183 9.6954E-013
4186 9.6503E-013
4189 9.5760E-013
4191 9.6220E-013
4194 9.7145E-013
4197 9.6247E-013
4200 9.5149E-013
4202 9.4539E-013
4205 9.5451E-013
4208 9.6639E-013
4211 9.6856E-013
4213 9.6625E-013
4216 9.6177E-013
4219 9.5317E-013
4222 9.5522E-013
4224 9.4792E-013
4227 9.1879E-013
4230 9.0356E-013
4233 9.5002E-013
4235 9.5047E-013
4238 9.4723E-013
4241 9.5406E-013
4244 9.6212E-013
4246 9.6086E-013
4249 9.4143E-013
4252 9.3270E-013
4255 9.4546E-013
4257 9.4655E-013
4260 9.5916E-013
4263 9.4769E-013
4266 9.6194E-013
4268 9.6177E-013
4271 9.4323E-013
4274 9.1470E-013
4277 9.2401E-013
4279 9.4600E-013
4282 9.4294E-013
4285 9.2904E-013
4288 9.2340E-013
4290 9.0456E-013
4293 8.9129E-013
4296 8.9766E-013
4299 8.8713E-013
4301 8.4672E-013
4304 8.3000E-013
4307 8.3947E-013
4310 8.2831E-013
4312 8.3497E-013
4315 8.6945E-013
4318 9.0789E-013
4321 9.3518E-013
4323 9.2814E-013
4326 8.9757E-013
4329 8.8856E-013
4332 9.1658E-013
4334 9.1506E-013
4337 8.7094E-013
4340 7.8516E-013
4343 6.9635E-013
4345 7.5953E-013
4348 8.4895E-013
4351 8.9836E-013
4354 8.9886E-013
4356 9.1233E-013
4359 9.3174E-013
4362 9.4663E-013
4365 9.5470E-013
4367 9.5397E-013
4370 9.4457E-013
4373 9.4311E-013
4376 9.3920E-013
4378 9.3653E-013
4381 9.4653E-013
4384 9.3366E-013
4387 9.0769E-013
4389 9.3102E-013
4392 9.4641E-013
4395 9.4923E-013
4398 9.4297E-013
4400 9.4579E-013
4403 9.4397E-013
4406 9.4381E-013
4409 9.4426E-013
4411 9.5548E-013
4414 9.6774E-013
4417 9.5647E-013
4420 9.5306E-013
4422 9.5782E-013
4425 9.6021E-013
4428 9.6332E-013
4431 9.6135E-013
4433 9.6660E-013
4436 9.5993E-013
4439 9.5546E-013
4442 9.7106E-013
4444 9.5741E-013
4447 9.5375E-013
4450 9.4667E-013
4453 9.6065E-013
4455 9.5239E-013
4458 9.3817E-013
4461 9.4881E-013
4463 9.5003E-013
4466 9.5590E-013
4469 9.5015E-013
4472 9.4778E-013
4474 9.5753E-013
4477 9.6592E-013
4480 9.6666E-013
4483 9.5694E-013
4485 9.5187E-013
4488 9.6589E-013
4491 9.6617E-013
4494 9.5978E-013
4496 9.6105E-013
4499 9.6242E-013
4502 9.6422E-013
4505 9.6993E-013
4507 9.7518E-013
4510 9.7740E-013
4513 9.7970E-013
4516 9.7380E-013
4518 9.6906E-013
4521 9.6852E-013
4524 9.5075E-013
4527 9.5353E-013
4529 9.4611E-013
4532 9.3768E-013
4535 9.3551E-013
4538 9.3786E-013
4540 9.5484E-013
4543 9.6781E-013
4546 9.6249E-013
4549 9.5164E-013
4551 9.4027E-013
4554 9.3547E-013
4557 9.4166E-013
4560 9.5135E-013
4562 9.5747E-013
4565 9.6123E-013
4568 9.6554E-013
4571 9.6463E-013
4573 9.5420E-013
4576 9.5781E-013
4579 9.6440E-013
4582 9.5868E-013
4584 9.5222E-013
4587 9.4519E-013
4590 9.5587E-013
4593 9.5347E-013
4595 9.5457E-013
4598 9.5714E-013
4601 9.5862E-013
4604 9.5676E-013
4606 9.5306E-013
4609 9.5594E-013
4612 9.6211E-013
4615 9.6399E-013
4617 9.6253E-013
4620 9.6125E-013
4623 9.6039E-013
4626 9.6443E-013
4628 9.5945E-013
4631 9.5837E-013
4634 9.5759E-013
4637 9.5663E-013
4639 9.5875E-013
4642 9.6218E-013
4645 9.5332E-013
4648 9.5279E-013
4650 9.4715E-013
4653 9.4792E-013
4656 9.4964E-013
4659 9.4722E-013
4661 9.5076E-013
4664 9.5844E-013
4667 9.5549E-013
4669 9.3977E-013
4672 9.4722E-013
4675 9.5164E-013
4678 9.5112E-013
4680 9.5295E-013
4683 9.5039E-013
4686 9.4945E-013
4689 9.4990E-013
4691 9.5477E-013
4694 9.5684E-013
4697 9.5527E-013
4700 9.5491E-013
4702 9.4586E-013
4705 9.3409E-013
4708 9.3273E-013
4711 9.3944E-013
4713 9.4251E-013
4716 9.4521E-013
4719 9.4385E-013
4722 9.4699E-013
4724 9.4502E-013
4727 9.4207E-013
4730 9.4420E-013
4733 9.4411E-013
4735 9.4298E-013
4738 9.4128E-013
4741 9.4004E-013
4744 9.4271E-013
4746 9.4740E-013
4749 9.4783E-013
4752 9.4594E-013
4755 9.4451E-013
4757 9.4067E-013
4760 9.3739E-013
4763 9.3485E-013
4766 9.3175E-013
4768 9.3495E-013
4771 9.3816E-013
4774 9.3425E-013
4777 9.3770E-013
4779 9.3658E-013
4782 9.3643E-013
4785 9.3509E-013
4788 9.2645E-013
4790 9.2857E-013
4793 9.2586E-013
4796 9.3061E-013
4799 9.3266E-013
4801 9.2603E-013
4804 9.2631E-013
4807 9.2566E-013
4810 9.2470E-013
4812 9.2725E-013
4815 9.2514E-013
4818 9.2001E-013
4821 9.2331E-013
4823 9.2372E-013
4826 9.2463E-013
4829 9.2408E-013
4831 9.2450E-013
4834 9.2321E-013
4837 9.1841E-013
4840 9.1671E-013
4842 9.1630E-013
4845 9.1060E-013
4848 8.9888E-013
4851 8.9570E-013
4853 8.9021E-013
4856 8.6417E-013
4859 8.1497E-013
4862 7.2853E-013
4864 6.7255E-013
4867 7.5253E-013
4870 8.2515E-013
4873 8.5038E-013
4875 8.6066E-013
4878 8.7232E-013
4881 8.8319E-013
4884 8.9495E-013
4886 8.9402E-013
4889 8.9760E-013
4892 8.9396E-013
4895 8.9399E-013
4897 9.0735E-013
4900 9.0907E-013
4903 9.1127E-013
4906 9.0871E-013
4908 9.0799E-013
4911 9.0649E-013
4914 9.0945E-013
4917 9.1056E-013
4919 8.9821E-013
4922 8.8631E-013
4925 8.9019E-013
4928 8.9493E-013
4930 9.0630E-013
4933 9.0365E-013
4936 8.9832E-013
4939 8.9920E-013
4941 9.0273E-013
4944 9.0772E-013
4947 9.1322E-013
4949 9.1684E-013
4952 9.1388E-013
4955 9.1146E-013
4958 9.0153E-013
4960 8.8818E-013
4963 9.0038E-013
4966 9.0746E-013
4969 9.0741E-013
4971 9.0983E-013
4974 9.0852E-013
4977 9.1138E-013
4980 9.0893E-013
4982 9.0234E-013
4985 8.9544E-013
4988 8.9310E-013
4991 8.9758E-013
4993 9.0049E-013
4996 9.0283E-013
4999 9.0401E-013
5002 8.9664E-013
5004 8.9254E-013
5007 8.8941E-013
5010 8.8715E-013
5013 8.8993E-013
5015 8.8386E-013
5018 8.8644E-013
5021 8.8957E-013
5024 8.9404E-013
5026 8.9352E-013
5029 8.9703E-013
5032 8.9148E-013
5035 8.9784E-013
5037 8.9915E-013
5040 8.8836E-013
5043 8.8474E-013
5046 8.8412E-013
5048 8.9661E-013
5051 8.9401E-013
5054 8.9033E-013
5056 8.9513E-013
5059 8.9983E-013
5062 8.9932E-013
5065 8.9604E-013
5067 8.9494E-013
5070 8.9246E-013
5073 8.9216E-013
5076 8.9124E-013
5078 8.8756E-013
5081 8.8108E-013
5084 8.7561E-013
5087 8.8371E-013
5089 8.8911E-013
5092 8.9355E-013
5095 8.8634E-013
5098 8.8629E-013
5100 8.8376E-013
5103 8.8539E-013
5106 8.9058E-013
5109 8.8420E-013
5111 8.7855E-013
5114 8.8392E-013
5117 8.8848E-013
5120 8.8878E-013
5122 8.8838E-013
5125 8.8459E-013
5128 8.7859E-013
5131 8.7977E-013
5133 8.7842E-013
5136 8.7647E-013
5139 8.7411E-013
5141 8.6497E-013
5144 8.6862E-013
5147 8.7282E-013
5150 8.7710E-013
5152 8.7617E-013
5155 8.7424E-013
5158 8.7802E-013
5161 8.7958E-013
5163 8.7181E-013
5166 8.6130E-013
5169 8.2727E-013
5172 8.0451E-013
5174 8.0451E-013
5177 8.2635E-013
5180 8.5714E-013
5183 8.5332E-013
5185 8.3040E-013
5188 8.2143E-013
5191 8.4480E-013
5194 8.4720E-013
5196 8.4976E-013
5199 8.5733E-013
5202 8.5918E-013
5205 8.5856E-013
5207 8.5042E-013
5210 8.4836E-013
5213 8.5706E-013
5216 8.6660E-013
5218 8.6322E-013
5221 8.6639E-013
5224 8.7139E-013
5226 8.6430E-013
5229 8.4749E-013
5232 8.4737E-013
5235 8.5517E-013
5237 8.5955E-013
5240 8.6839E-013
5243 8.6980E-013
5246 8.6374E-013
5248 8.6840E-013
5251 8.6616E-013
5254 8.6567E-013
5257 8.6721E-013
5259 8.6745E-013
5262 8.6175E-013
5265 8.4844E-013
5268 8.3484E-013
5270 8.2675E-013
5273 8.2630E-013
5276 8.4257E-013
5279 8.5124E-013
5281 8.5691E-013
5284 8.5217E-013
5287 8.5443E-013
5290 8.6238E-013
5292 8.6538E-013
5295 8.6089E-013
5298 8.6417E-013
5300 8.5637E-013
5303 8.5809E-013
5306 8.5686E-013
5309 8.6103E-013
5311 8.6287E-013
5314 8.5680E-013
5317 8.5602E-013
5320 8.5451E-013
5322 8.5356E-013
5325 8.4594E-013
5328 8.3728E-013
5331 8.3025E-013
5333 8.3836E-013
5336 8.4771E-013
5339 8.4979E-013
5342 8.4153E-013
5344 8.4328E-013
5347 8.4574E-013
5350 8.4952E-013
5353 8.5263E-013
5355 8.4773E-013
5358 8.5608E-013
5361 8.5561E-013
5363 8.5307E-013
5366 8.4836E-013
5369 8.3910E-013
5372 8.3375E-013
5374 8.3147E-013
5377 8.4501E-013
5380 8.4967E-013
5383 8.4520E-013
5385 8.4260E-013
5388 8.4388E-013
5391 8.4548E-013
5394 8.4290E-013
5396 8.3765E-013
5399 8.3045E-013
5402 8.2767E-013
5405 8.3008E-013
5407 8.2617E-013
5410 8.2994E-013
5413 8.3109E-013
5416 8.3422E-013
5418 8.3957E-013
5421 8.3854E-013
5424 8.3773E-013
5426 8.3549E-013
5429 8.3368E-013
5432 8.2676E-013
5435 8.2414E-013
5437 8.2837E-013
5440 8.3319E-013
5443 8.3573E-013
5446 8.3484E-013
5448 8.2637E-013
5452 8.2806E-013
5456 8.2885E-013
5461 8.3737E-013
5466 8.3342E-013
5471 8.3337E-013
5476 8.3363E-013
5481 8.3037E-013
5486 8.3140E-013
5491 8.3124E-013
5495 8.2833E-013
5500 8.2497E-013
5505 8.2450E-013
5510 8.2218E-013
5515 8.2587E-013
5520 8.2991E-013
5525 8.2632E-013
5530 8.1534E-013
5534 8.1703E-013
5539 8.1488E-013
5544 8.2288E-013
5549 8.2684E-013
5554 8.2156E-013
5559 8.1971E-013
5564 8.1263E-013
5569 8.1484E-013
5573 8.1171E-013
5578 8.1331E-013
5583 8.1244E-013
5588 8.0211E-013
5593 8.0023E-013
5598 8.0321E-013
5603 8.0157E-013
5607 8.0661E-013
5612 8.0617E-013
5617 8.0057E-013
5622 8.1374E-013
5627 8.1306E-013
5632 8.0597E-013
5637 8.0023E-013
5642 8.0235E-013
5646 8.0780E-013
5651 8.0005E-013
5656 8.0172E-013
5661 8.0024E-013
5666 8.0169E-013
5671 7.9889E-013
5676 7.9964E-013
5681 8.0077E-013
5685 7.9464E-013
5690 7.9640E-013
5695 7.9761E-013
5700 7.9818E-013
5705 7.9560E-013
5710 7.9011E-013
5715 7.9254E-013
5720 7.9094E-013
5724 7.9229E-013
5729 7.9108E-013
5734 7.9123E-013
5739 7.9253E-013
5744 7.9260E-013
5749 7.8998E-013
5754 7.8669E-013
5759 7.8288E-013
5763 7.8819E-013
5768 7.8585E-013
5773 7.8772E-013
5778 7.9165E-013
5783 7.8595E-013
5788 7.8388E-013
5793 7.8643E-013
5798 7.8130E-013
5802 7.8245E-013
5807 7.7645E-013
5812 7.8148E-013
5817 7.8464E-013
5822 7.7935E-013
5827 7.7760E-013
5832 7.7226E-013
5837 7.7616E-013
5841 7.7605E-013
5846 7.7355E-013
5851 7.6617E-013
5856 7.5866E-013
5861 7.6050E-013
5866 7.6556E-013
5871 7.7023E-013
5876 7.6907E-013
5880 7.6924E-013
5885 7.6242E-013
5890 7.4721E-013
5895 7.4688E-013
5900 7.5191E-013
5905 7.5682E-013
5910 7.6595E-013
5915 7.6382E-013
5919 7.6358E-013
5924 7.5139E-013
5929 7.5960E-013
5934 7.5921E-013
5939 7.6076E-013
5944 7.5452E-013
5949 7.5571E-013
5954 7.5552E-013
5958 7.5473E-013
5963 7.5693E-013
5968 7.5648E-013
5973 7.5424E-013
5978 7.5343E-013
5983 7.5104E-013
5988 7.5278E-013
5993 7.4947E-013
5997 7.5261E-013
6002 7.4817E-013
6007 7.4650E-013
6012 7.4465E-013
6017 7.4627E-013
6022 7.4617E-013
6027 7.4476E-013
6032 7.4551E-013
6036 7.4303E-013
6041 7.5537E-013
6046 7.4247E-013
6051 7.4154E-013
6056 7.3765E-013
6061 7.3914E-013
6066 7.3678E-013
6071 7.3551E-013
6075 7.3563E-013
6080 7.4067E-013
6085 7.3308E-013
6090 7.3245E-013
6095 7.3375E-013
6100 7.3350E-013
6105 7.3221E-013
6110 7.2766E-013
6115 7.2716E-013
6119 7.2884E-013
6124 7.2008E-013
6129 7.2423E-013
6134 7.3139E-013
6139 7.2212E-013
6144 7.2167E-013
6149 7.2185E-013
6154 7.2241E-013
6158 7.2185E-013
6163 7.1733E-013
6168 7.1496E-013
6173 7.2052E-013
6178 7.2402E-013
6183 7.1878E-013
6188 7.1963E-013
6193 7.1807E-013
6197 7.1800E-013
6202 7.1960E-013
6207 7.1698E-013
6212 7.1972E-013
6217 7.1395E-013
6222 7.1055E-013
6227 7.1361E-013
6232 7.1383E-013
6236 7.1241E-013
6241 7.0596E-013
6246 7.0779E-013
6251 7.0692E-013
6256 7.0743E-013
6261 7.0410E-013
6266 7.0284E-013
6271 7.0849E-013
6276 7.0985E-013
6280 7.0673E-013
6285 7.0540E-013
6290 7.0623E-013
6295 7.0915E-013
6300 7.0663E-013
6305 6.9750E-013
6310 6.9772E-013
6315 6.9425E-013
6319 6.8838E-013
6324 6.8498E-013
6329 6.8559E-013
6334 6.8331E-013
6339 6.8725E-013
6344 6.8854E-013
6349 6.9119E-013
6354 6.9838E-013
6358 6.9655E-013
6363 6.9337E-013
6368 6.9045E-013
6373 6.9109E-013
6378 6.9172E-013
6383 6.9291E-013
6388 6.9418E-013
6393 6.8974E-013
6397 6.9174E-013
6402 6.8394E-013
6407 6.8045E-013
6412 6.7936E-013
6417 6.7930E-013
6422 6.8030E-013
6427 6.7996E-013
6432 6.7890E-013
6437 6.7885E-013
6441 6.7333E-013
6446 6.6898E-013
6451 6.7481E-013
6456 6.7289E-013
6461 6.7169E-013
6466 6.7236E-013
6471 6.7406E-013
6476 6.7067E-013
6480 6.7060E-013
6485 6.7042E-013
6490 6.6819E-013
6495 6.6481E-013
6500 6.6070E-013
6505 6.6605E-013
6510 6.6791E-013
6515 6.6725E-013
6519 6.6138E-013
6524 6.6177E-013
6529 6.6365E-013
6534 6.6454E-013
6539 6.5918E-013
6544 6.5153E-013
6549 6.4186E-013
6554 6.2151E-013
6559 5.9756E-013
6563 5.5777E-013
6568 5.4628E-013
6573 6.0030E-013
6578 6.2510E-013
6583 6.3927E-013
6588 6.4937E-013
6593 6.4757E-013
6598 6.5138E-013
6602 6.5065E-013
6607 6.5448E-013
6612 6.5125E-013
6617 6.5351E-013
6622 6.5116E-013
6627 6.5503E-013
6632 6.5224E-013
6637 6.4768E-013
6642 6.5033E-013
6646 6.4689E-013
6651 6.4903E-013
6656 6.4857E-013
6661 6.4946E-013
6666 6.4929E-013
6671 6.4591E-013
6676 6.4484E-013
6681 6.4658E-013
6685 6.4514E-013
6690 6.4773E-013
6695 6.4571E-013
6700 6.4322E-013
6705 6.4314E-013
6710 6.4105E-013
6715 6.4234E-013
6720 6.4073E-013
6725 6.3897E-013
6729 6.4028E-013
6734 6.3847E-013
6739 6.4077E-013
6744 6.4352E-013
6749 6.3745E-013
6754 6.3774E-013
6759 6.3687E-013
6764 6.3780E-013
6768 6.3441E-013
6773 6.3219E-013
6778 6.3478E-013
6783 6.3336E-013
6788 6.3147E-013
6793 6.3191E-013
6798 6.3192E-013
6803 6.2887E-013
6807 6.2737E-013
6812 6.3200E-013
6817 6.2924E-013
6822 6.2544E-013
6827 6.2659E-013
6832 6.2540E-013
6837 6.2278E-013
6842 6.2465E-013
6847 6.2289E-013
6851 6.2171E-013
6856 6.1924E-013
6861 6.1812E-013
6866 6.2077E-013
6871 6.1936E-013
6876 6.1918E-013
6881 6.1702E-013
6886 6.2014E-013
6891 6.1869E-013
6895 6.1869E-013
6900 6.1399E-013
6905 6.1738E-013
6910 6.1405E-013
6915 6.1289E-013
6920 6.1143E-013
6925 6.1116E-013
6930 6.1371E-013
6934 6.0945E-013
6939 6.1224E-013
6944 6.1193E-013
6949 6.0661E-013
6954 6.0504E-013
6959 6.0606E-013
6964 6.0950E-013
6969 6.0862E-013
6974 6.0916E-013
6978 6.0832E-013
6983 6.0525E-013
6988 6.0223E-013
6993 6.0439E-013
6998 6.0472E-013
7003 5.9953E-013
7008 5.9761E-013
7013 6.0087E-013
7017 5.9715E-013
7022 5.9861E-013
7027 5.9588E-013
7032 5.9589E-013
7037 5.9423E-013
7042 5.9861E-013
7047 5.9293E-013
7052 5.9495E-013
7057 5.9544E-013
7061 5.9421E-013
7066 5.9398E-013
7071 5.9091E-013
7076 5.9030E-013
7081 5.9187E-013
7086 5.8484E-013
7091 5.9013E-013
7096 5.8836E-013
7100 5.8809E-013
7105 5.8728E-013
7110 5.8508E-013
7115 5.8706E-013
7120 5.8671E-013
7125 5.8553E-013
7130 5.8362E-013
7135 5.8390E-013
7140 5.8265E-013
7144 5.8255E-013
7149 5.7958E-013
7154 5.7806E-013
7159 5.7959E-013
7164 5.7900E-013
7169 5.7761E-013
7174 5.7827E-013
7179 5.7527E-013
7183 5.7609E-013
7188 5.7477E-013
7193 5.7276E-013
7198 5.7480E-013
7203 5.7677E-013
7208 5.7523E-013
7213 5.7446E-013
7218 5.7254E-013
7223 5.7157E-013
7227 5.7160E-013
7232 5.7277E-013
7237 5.6983E-013
7242 5.7042E-013
7247 5.6732E-013
7252 5.6762E-013
7257 5.6573E-013
7262 5.6646E-013
7267 5.6737E-013
7271 5.6851E-013
7276 5.6511E-013
7281 5.6493E-013
7286 5.6053E-013
7291 5.6278E-013
7296 5.6089E-013
7301 5.6041E-013
7306 5.5873E-013
7310 5.6018E-013
7315 5.6028E-013
7320 5.6014E-013
7325 5.5880E-013
7330 5.5651E-013
7335 5.5779E-013
7340 5.5908E-013
7345 5.5658E-013
7350 5.5928E-013
7354 5.5452E-013
7359 5.5508E-013
7364 5.5400E-013
7369 5.5201E-013
7374 5.5243E-013
7379 5.5288E-013
7384 5.5206E-013
7389 5.4909E-013
7394 5.4935E-013
7398 5.5050E-013
7403 5.4994E-013
7408 5.4433E-013
7413 5.4293E-013
7418 5.4484E-013
7423 5.4297E-013
7428 5.4314E-013
7433 5.4429E-013
7437 5.4320E-013
7442 5.4585E-013
7447 5.4143E-013
7452 5.4154E-013
7457 5.3867E-013
7462 5.4039E-013
7467 5.3892E-013
7472 5.4074E-013
7477 5.3753E-013
7481 5.3842E-013
7486 5.3723E-013
7491 5.3524E-013
7496 5.3299E-013
7501 5.3574E-013
7506 5.3423E-013
7511 5.3513E-013
7516 5.3472E-013
7521 5.3476E-013
7525 5.3169E-013
7530 5.3100E-013
7535 5.3065E-013
7540 5.3102E-013
7545 5.3261E-013
7550 5.2816E-013
7555 5.2960E-013
7560 5.2938E-013
7564 5.3031E-013
7569 5.2762E-013
7574 5.2868E-013
7579 5.2844E-013
7584 5.2671E-013
7589 5.2432E-013
7594 5.2357E-013
7599 5.2254E-013
7604 5.2134E-013
7608 5.2181E-013
7613 5.2235E-013
7618 5.2299E-013
7623 5.2325E-013
7628 5.2055E-013
7633 5.2131E-013
7638 5.2158E-013
7643 5.2164E-013
7648 5.1973E-013
7652 5.1795E-013
7657 5.1377E-013
7662 5.1371E-013
7667 5.1330E-013
7672 5.1743E-013
7677 5.1789E-013
7682 5.1617E-013
7687 5.1455E-013
7691 5.1413E-013
7696 5.1346E-013
7701 5.1062E-013
7706 5.1037E-013
7711 5.1084E-013
7716 5.1145E-013
7721 5.1397E-013
7726 5.1353E-013
7731 5.1381E-013
7735 5.1281E-013
7740 5.1068E-013
7745 5.0595E-013
7750 5.0770E-013
7755 5.0525E-013
7760 5.0868E-013
7765 5.0674E-013
7770 5.0572E-013
7775 5.0411E-013
7779 5.0367E-013
7784 5.0241E-013
7789 5.0148E-013
7794 5.0074E-013
7799 5.0198E-013
7804 5.0172E-013
7809 5.0209E-013
7814 4.9989E-013
7818 5.0183E-013
7823 4.9847E-013
7828 5.0232E-013
7833 4.9798E-013
7838 4.9966E-013
7843 4.9513E-013
7848 4.9116E-013
7853 4.9405E-013
7858 4.9316E-013
7862 4.9537E-013
7867 4.9770E-013
7872 4.9293E-013
7877 4.9368E-013
7882 4.9250E-013
7887 4.9465E-013
7892 4.9568E-013
7897 4.9540E-013
7902 4.9663E-013
7906 4.9345E-013
7911 4.8562E-013
7916 4.8676E-013
7921 4.8722E-013
7926 4.8817E-013
7931 4.8314E-013
7936 4.8481E-013
7941 4.8303E-013
7945 4.8090E-013
7950 4.8340E-013
7955 4.8306E-013
7960 4.8529E-013
7965 4.8564E-013
7970 4.8361E-013
7975 4.8913E-013
7980 4.8678E-013
7985 4.8482E-013
7989 4.8238E-013
7994 4.7987E-013
7999 4.7545E-013
8004 4.7498E-013
8009 4.7853E-013
8014 4.8058E-013
8019 4.8284E-013
8024 4.7968E-013
8029 4.7997E-013
8033 4.7477E-013
8038 4.7359E-013
8043 4.7588E-013
8048 4.7377E-013
8053 4.7327E-013
8058 4.7377E-013
8063 4.7425E-013
8068 4.7232E-013
8072 4.7029E-013
8077 4.6884E-013
8082 4.6728E-013
8087 4.6649E-013
8092 4.6916E-013
8097 4.6526E-013
8102 4.6627E-013
8107 4.6472E-013
8112 4.6467E-013
8116 4.6540E-013
8121 4.6556E-013
8126 4.6520E-013
8131 4.6728E-013
8136 4.6339E-013
8141 4.6356E-013
8146 4.6419E-013
8151 4.6242E-013
8156 4.6404E-013
8160 4.6024E-013
8165 4.6150E-013
8170 4.5973E-013
8175 4.6080E-013
8180 4.5930E-013
8185 4.5392E-013
8190 4.5742E-013
8195 4.5666E-013
8200 4.5601E-013
8204 4.5437E-013
8209 4.5628E-013
8214 4.5451E-013
8219 4.5511E-013
8224 4.5355E-013
8229 4.5265E-013
8234 4.4989E-013
8239 4.5090E-013
8243 4.5220E-013
8248 4.5441E-013
8253 4.5232E-013
8258 4.5057E-013
8263 4.4911E-013
8268 4.4869E-013
8273 4.4755E-013
8278 4.4952E-013
8283 4.4808E-013
8287 4.4888E-013
8292 4.4415E-013
8297 4.4819E-013
8302 4.4564E-013
8307 4.4413E-013
8312 4.4297E-013
8317 4.4416E-013
8322 4.4220E-013
8326 4.4106E-013
8331 4.4186E-013
8336 4.4069E-013
8341 4.4041E-013
8346 4.3930E-013
8351 4.4049E-013
8356 4.3891E-013
8361 4.3910E-013
8366 4.3508E-013
8370 4.3473E-013
8375 4.3660E-013
8380 4.3801E-013
8385 4.3979E-013
8390 4.3612E-013
8395 4.3651E-013
8400 4.3702E-013
8405 4.3361E-013
8410 4.3704E-013
8414 4.3585E-013
8419 4.3586E-013
8424 4.3755E-013
8429 4.3472E-013
8434 4.3401E-013
8439 4.2884E-013
8444 4.2730E-013
8449 4.2707E-013
8453 4.2595E-013
8458 4.2835E-013
8463 4.3272E-013
8468 4.3479E-013
8473 4.2881E-013
8478 4.2958E-013
8483 4.2784E-013
8488 4.2813E-013
8493 4.2589E-013
8497 4.1996E-013
8502 4.0977E-013
8507 4.1467E-013
8512 4.2242E-013
8517 4.2034E-013
8522 4.2097E-013
8527 4.2110E-013
8532 4.1423E-013
8537 4.1096E-013
8541 3.9521E-013
8546 3.7863E-013
8551 3.9872E-013
8556 4.1220E-013
8561 4.1413E-013
8566 4.2156E-013
8571 4.2516E-013
8576 4.2579E-013
8580 4.2331E-013
8585 4.2070E-013
8590 4.1906E-013
8595 4.1809E-013
8600 4.1528E-013
8605 4.1350E-013
8610 4.1474E-013
8615 4.1369E-013
8620 4.1853E-013
8624 4.1511E-013
8629 4.1405E-013
8634 4.1028E-013
8639 4.1017E-013
8644 4.1456E-013
8649 4.1419E-013
8654 4.0496E-013
8659 4.0236E-013
8663 3.8864E-013
8668 3.8042E-013
8673 3.9624E-013
8678 4.0139E-013
8683 4.0397E-013
8688 4.0789E-013
8693 4.0852E-013
8698 4.0950E-013
8703 4.0938E-013
8707 4.0902E-013
8712 4.0665E-013
8717 4.0531E-013
8722 4.0457E-013
8727 4.0380E-013
8732 4.0482E-013
8737 4.0485E-013
8742 4.0247E-013
8747 4.0009E-013
8751 3.9852E-013
8756 3.9786E-013
8761 4.0119E-013
8766 4.0402E-013
8771 4.0359E-013
8776 4.0453E-013
8781 4.0314E-013
8786 3.9875E-013
8790 3.9977E-013
8795 3.9928E-013
8800 3.9712E-013
8805 3.9895E-013
8810 3.9728E-013
8815 3.9367E-013
8820 3.9708E-013
8825 3.9303E-013
8830 3.9292E-013
8834 3.9586E-013
8839 3.9627E-013
8844 3.9902E-013
8849 3.9450E-013
8854 3.9375E-013
8859 3.9051E-013
8864 3.8805E-013
8869 3.8483E-013
8873 3.8811E-013
8878 3.9196E-013
8883 3.9183E-013
8888 3.9383E-013
8893 3.9115E-013
8898 3.8779E-013
8903 3.8839E-013
8908 3.8792E-013
8913 3.8912E-013
8917 3.9181E-013
8922 3.9256E-013
8927 3.9007E-013
8932 3.8594E-013
8937 3.8683E-013
8942 3.8202E-013
8947 3.8664E-013
8952 3.8686E-013
8956 3.9187E-013
8961 3.8737E-013
8966 3.8788E-013
8971 3.8532E-013
8976 3.8360E-013
8981 3.8547E-013
8986 3.8232E-013
8991 3.8703E-013
8996 3.8017E-013
9000 3.8038E-013
9005 3.7817E-013
9010 3.7603E-013
9015 3.7522E-013
9020 3.7456E-013
9025 3.7830E-013
9030 3.7912E-013
9035 3.8024E-013
9039 3.7928E-013
9044 3.7895E-013
9049 3.7829E-013
9054 3.7425E-013
9059 3.7649E-013
9064 3.7767E-013
9069 3.7613E-013
9074 3.7981E-013
9078 3.7970E-013
9083 3.7702E-013
9088 3.7212E-013
9093 3.7251E-013
9098 3.7218E-013
9103 3.7239E-013
9108 3.7577E-013
9113 3.7614E-013
9118 3.7379E-013
9122 3.7457E-013
9127 3.7179E-013
9132 3.7392E-013
9137 3.7419E-013
9142 3.7542E-013
9147 3.7898E-013
9152 3.7829E-013
9157 3.7807E-013
9161 3.7709E-013
9166 3.7053E-013
9171 3.6807E-013
9176 3.6712E-013
9181 3.6555E-013
9186 3.7097E-013
9191 3.7150E-013
9196 3.7344E-013
9201 3.7024E-013
9205 3.6740E-013
9210 3.6549E-013
9215 3.5958E-013
9220 3.6124E-013
9225 3.6160E-013
9230 3.5855E-013
9235 3.5583E-013
9240 3.5471E-013
9244 3.5253E-013
9249 3.5775E-013
9254 3.5785E-013
9259 3.6018E-013
9264 3.5633E-013
9269 3.5512E-013
9274 3.5867E-013
9279 3.5901E-013
9283 3.6255E-013
9288 3.6629E-013
9293 3.6597E-013
9298 3.6338E-013
9303 3.6095E-013
9308 3.5924E-013
9313 3.5544E-013
9318 3.5159E-013
9323 3.5239E-013
9327 3.5384E-013
9332 3.5340E-013
9337 3.5333E-013
9342 3.4895E-013
9347 3.5035E-013
9352 3.4821E-013
9357 3.5172E-013
9362 3.5344E-013
9366 3.5164E-013
9371 3.5237E-013
9376 3.4870E-013
9381 3.4718E-013
9386 3.4705E-013
9391 3.5202E-013
9396 3.4897E-013
9401 3.4936E-013
9405 3.4805E-013
9410 3.4963E-013
9415 3.4505E-013
9420 3.4155E-013
9425 3.4462E-013
9430 3.4558E-013
9435 3.4648E-013
9440 3.4943E-013
9445 3.4862E-013
9449 3.4615E-013
9454 3.4374E-013
9459 3.4492E-013
9464 3.4663E-013
9469 3.4826E-013
9474 3.4706E-013
9479 3.4605E-013
9484 3.4518E-013
9488 3.4294E-013
9493 3.4384E-013
9498 3.4199E-013
9503 3.3924E-013
9508 3.4117E-013
9513 3.4140E-013
9518 3.3912E-013
9523 3.3699E-013
9527 3.3580E-013
9532 3.3621E-013
9537 3.3209E-013
9542 3.3370E-013
9547 3.2854E-013
9552 3.2472E-013
9557 3.2663E-013
9562 3.3301E-013
9566 3.3287E-013
9571 3.3479E-013
9576 3.3362E-013
9581 3.2870E-013
9586 3.3428E-013
9591 3.3261E-013
9596 3.3740E-013
9601 3.3758E-013
9605 3.3695E-013
9610 3.3448E-013
9615 3.3631E-013
9620 3.2928E-013
9625 3.3154E-013
9630 3.3132E-013
9635 3.3021E-013
9640 3.3180E-013
9645 3.2596E-013
9649 3.2749E-013
9654 3.2711E-013
9659 3.2618E-013
9664 3.2673E-013
9669 3.2868E-013
9674 3.2788E-013
9679 3.2657E-013
9684 3.2704E-013
9688 3.2936E-013
9693 3.3117E-013
9698 3.3263E-013
9703 3.3080E-013
9708 3.2265E-013
9713 3.2215E-013
9718 3.2222E-013
9723 3.1899E-013
9727 3.2231E-013
9732 3.2239E-013
9737 3.2114E-013
9742 3.2157E-013
9747 3.2140E-013
9752 3.2603E-013
9757 3.2682E-013
9762 3.2405E-013
9766 3.2448E-013
9771 3.2233E-013
9776 3.2539E-013
9781 3.2172E-013
9786 3.2169E-013
9791 3.1965E-013
9796 3.1400E-013
9801 3.1680E-013
9805 3.1968E-013
9810 3.1696E-013
9815 3.1431E-013
9820 3.1549E-013
9825 3.1312E-013
9830 3.1493E-013
9835 3.1602E-013
9840 3.1489E-013
9844 3.1559E-013
9849 3.1624E-013
9854 3.1649E-013
9859 3.1681E-013
9864 3.1356E-013
9869 3.0788E-013
9874 3.0968E-013
9879 3.1593E-013
9883 3.1516E-013
9888 3.1475E-013
9893 3.1306E-013
9898 3.1480E-013
9903 3.0892E-013
9908 3.0930E-013
9913 3.0974E-013
9918 3.0675E-013
9922 3.1238E-013
9927 3.0872E-013
9932 3.0962E-013
9937 3.0665E-013
9942 3.0903E-013
9947 3.0781E-013
9952 3.0519E-013
9957 3.0783E-013
9961 3.0845E-013
9966 3.0653E-013
9971 3.0663E-013
9976 3.0609E-013
9981 3.0837E-013
9986 3.0835E-013
9991 3.0690E-013
9996 3.0440E-013
1E+004 3.0504E-013
1.001E+004 3.0631E-013
1.001E+004 3.0541E-013
1.002E+004 3.0487E-013
1.002E+004 3.0525E-013
1.002E+004 3.0220E-013
1.003E+004 2.9856E-013
1.003E+004 3.0004E-013
1.004E+004 2.9679E-013
1.004E+004 2.9379E-013
1.005E+004 2.8811E-013
1.005E+004 2.8831E-013
1.006E+004 2.8858E-013
1.006E+004 2.9183E-013
1.007E+004 2.9344E-013
1.007E+004 2.9715E-013
1.008E+004 2.9611E-013
1.008E+004 2.9572E-013
1.009E+004 2.9509E-013
1.009E+004 2.9607E-013
1.01E+004 2.9751E-013
1.01E+004 2.9322E-013
1.011E+004 2.9370E-013
1.011E+004 2.9616E-013
1.012E+004 2.9712E-013
1.013E+004 2.9863E-013
1.018E+004 2.9464E-013
1.023E+004 2.9180E-013
1.028E+004 2.8902E-013
1.033E+004 2.8580E-013
1.038E+004 2.8278E-013
1.043E+004 2.7948E-013
1.048E+004 2.7713E-013
1.053E+004 2.7411E-013
1.058E+004 2.7097E-013
1.063E+004 2.6809E-013
1.068E+004 2.6422E-013
1.073E+004 2.6136E-013
1.078E+004 2.5961E-013
1.083E+004 2.5602E-013
1.088E+004 2.5362E-013
1.093E+004 2.4531E-013
1.098E+004 2.4783E-013
1.103E+004 2.4685E-013
1.108E+004 2.4430E-013
1.113E+004 2.4193E-013
1.118E+004 2.3940E-013
1.123E+004 2.3675E-013
1.128E+004 2.3411E-013
1.133E+004 2.3199E-013
1.138E+004 2.2986E-013
1.143E+004 2.2717E-013
1.148E+004 2.2595E-013
1.153E+004 2.2353E-013
1.158E+004 2.2153E-013
1.163E+004 2.1806E-013
1.168E+004 2.1679E-013
1.173E+004 2.1470E-013
1.178E+004 2.1237E-013
1.183E+004 2.1008E-013
1.188E+004 2.0813E-013
1.193E+004 2.0664E-013
1.198E+004 2.0346E-013
1.203E+004 2.0216E-013
1.208E+004 1.9989E-013
1.213E+004 1.9931E-013
1.218E+004 1.9771E-013
1.223E+004 1.9568E-013
1.228E+004 1.9386E-013
1.233E+004 1.9201E-013
1.238E+004 1.9063E-013
1.243E+004 1.8828E-013
1.248E+004 1.8690E-013
1.253E+004 1.8514E-013
1.258E+004 1.8344E-013
1.263E+004 1.8159E-013
1.268E+004 1.8002E-013
1.273E+004 1.7874E-013
1.278E+004 1.7671E-013
1.283E+004 1.6693E-013
1.288E+004 1.7331E-013
1.293E+004 1.7243E-013
1.298E+004 1.7077E-013
1.303E+004 1.6907E-013
1.308E+004 1.6783E-013
1.313E+004 1.6570E-013
1.318E+004 1.6490E-013
1.323E+004 1.6350E-013
1.328E+004 1.6206E-013
1.333E+004 1.6037E-013
1.338E+004 1.5929E-013
1.343E+004 1.5777E-013
1.348E+004 1.5657E-013
1.353E+004 1.5498E-013
1.358E+004 1.5371E-013
1.363E+004 1.5257E-013
1.368E+004 1.5100E-013
1.373E+004 1.5017E-013
1.378E+004 1.4852E-013
1.383E+004 1.4746E-013
1.388E+004 1.4633E-013
1.393E+004 1.4528E-013
1.398E+004 1.4418E-013
1.403E+004 1.4232E-013
1.408E+004 1.4165E-013
1.413E+004 1.4017E-013
1.418E+004 1.3907E-013
1.423E+004 1.3767E-013
1.428E+004 1.3679E-013
1.433E+004 1.3544E-013
1.438E+004 1.3419E-013
1.443E+004 1.3354E-013
1.448E+004 1.3204E-013
1.453E+004 1.3119E-013
1.457E+004 1.3018E-013
1.462E+004 1.2927E-013
1.468E+004 1.2827E-013
1.473E+004 1.2692E-013
1.478E+004 1.2603E-013
1.483E+004 1.2518E-013
1.488E+004 1.2319E-013
1.493E+004 1.2338E-013
1.498E+004 1.2232E-013
1.503E+004 1.1996E-013
1.508E+004 1.1977E-013
1.513E+004 1.1949E-013
1.518E+004 1.1831E-013
1.523E+004 1.1769E-013
1.528E+004 1.1652E-013
1.533E+004 1.1550E-013
1.538E+004 1.1489E-013
1.543E+004 1.1376E-013
1.548E+004 1.1287E-013
1.553E+004 1.1204E-013
1.558E+004 1.1071E-013
1.563E+004 1.0996E-013
1.568E+004 1.0906E-013
1.573E+004 1.0746E-013
1.578E+004 1.0650E-013
1.583E+004 1.0638E-013
1.588E+004 1.0370E-013
1.593E+004 1.0395E-013
1.598E+004 1.0396E-013
1.605E+004 1.0232E-013
1.615E+004 9.9388E-014
1.625E+004 9.9583E-014
1.635E+004 9.6753E-014
1.645E+004 9.3571E-014
1.655E+004 9.3749E-014
1.665E+004 9.1880E-014
1.675E+004 8.8941E-014
1.685E+004 8.5883E-014
1.695E+004 8.6337E-014
1.705E+004 8.4541E-014
1.715E+004 8.2877E-014
1.725E+004 8.1042E-014
1.735E+004 7.6691E-014
1.745E+004 7.7634E-014
1.755E+004 7.6460E-014
1.765E+004 7.4966E-014
1.775E+004 7.3573E-014
1.785E+004 7.2056E-014
1.795E+004 7.0623E-014
1.805E+004 6.9303E-014
1.815E+004 6.5564E-014
1.825E+004 6.6198E-014
1.835E+004 6.5377E-014
1.845E+004 6.4017E-014
1.855E+004 6.2944E-014
1.865E+004 6.1454E-014
1.875E+004 5.7365E-014
1.885E+004 5.9133E-014
1.895E+004 5.8093E-014
1.905E+004 5.7251E-014
1.915E+004 5.6285E-014
1.925E+004 5.5061E-014
1.935E+004 5.3999E-014
1.945E+004 5.0804E-014
1.955E+004 5.2063E-014
1.965E+004 5.1172E-014
1.975E+004 5.0269E-014
1.985E+004 4.9371E-014
1.995E+004 4.8586E-014
2.005E+004 4.7772E-014
2.015E+004 4.6938E-014
2.025E+004 4.6007E-014
2.035E+004 4.5282E-014
2.045E+004 4.4507E-014
2.055E+004 4.3712E-014
2.065E+004 4.2887E-014
2.075E+004 4.2269E-014
2.085E+004 4.1506E-014
2.095E+004 4.0713E-014
2.105E+004 4.0143E-014
2.115E+004 3.9402E-014
2.125E+004 3.8716E-014
2.135E+004 3.8148E-014
2.145E+004 3.7490E-014
2.155E+004 3.6856E-014
2.165E+004 3.4742E-014
2.175E+004 3.5534E-014
2.185E+004 3.4992E-014
2.195E+004 3.4503E-014
2.205E+004 3.3854E-014
2.215E+004 3.3358E-014
2.225E+004 3.2801E-014
2.235E+004 3.2299E-014
2.245E+004 3.1728E-014
2.255E+004 3.1263E-014
2.265E+004 3.0745E-014
2.275E+004 3.0264E-014
2.285E+004 2.9761E-014
2.295E+004 2.9210E-014
2.305E+004 2.8841E-014
2.315E+004 2.8386E-014
2.325E+004 2.7764E-014
2.335E+004 2.7435E-014
2.345E+004 2.7095E-014
2.355E+004 2.6466E-014
2.365E+004 2.6185E-014
2.375E+004 2.5815E-014
2.385E+004 2.5243E-014
2.395E+004 2.4974E-014
2.405E+004 2.4680E-014
2.415E+004 2.4133E-014
2.425E+004 2.3862E-014
2.435E+004 2.3507E-014
2.445E+004 2.3104E-014
2.455E+004 2.2737E-014
2.465E+004 2.2453E-014
2.475E+004 2.2121E-014
2.485E+004 2.1707E-014
2.495E+004 2.1482E-014
2.505E+004 2.1212E-014
2.515E+004 2.0845E-014
2.525E+004 2.0574E-014
2.535E+004 2.0293E-014
2.545E+004 1.9953E-014
2.555E+004 1.9669E-014
2.565E+004 1.9364E-014
2.575E+004 1.9181E-014
2.585E+004 1.8810E-014
2.595E+004 1.8619E-014
2.605E+004 1.8364E-014
2.615E+004 1.7999E-014
2.625E+004 1.7084E-014
2.635E+004 1.7563E-014
2.645E+004 1.7318E-014
2.655E+004 1.7111E-014
2.665E+004 1.6789E-014
2.675E+004 1.6521E-014
2.685E+004 1.6443E-014
2.695E+004 1.6210E-014
2.705E+004 1.5995E-014
2.715E+004 1.5785E-014
2.725E+004 1.5562E-014
2.735E+004 1.5367E-014
2.745E+004 1.5154E-014
2.755E+004 1.4775E-014
2.765E+004 1.4690E-014
2.775E+004 1.4538E-014
2.785E+004 1.4360E-014
2.795E+004 1.4190E-014
2.805E+004 1.3988E-014
2.815E+004 1.3811E-014
2.825E+004 1.3624E-014
2.835E+004 1.3441E-014
2.845E+004 1.3274E-014
2.855E+004 1.3089E-014
2.865E+004 1.2890E-014
2.875E+004 1.2565E-014
2.885E+004 1.2594E-014
2.895E+004 1.2434E-014
2.905E+004 1.2276E-014
2.915E+004 1.2124E-014
2.925E+004 1.1957E-014
2.935E+004 1.1816E-014
2.945E+004 1.1652E-014
2.955E+004 1.1518E-014
2.965E+004 1.1383E-014
2.975E+004 1.1239E-014
2.985E+004 1.1087E-014
2.995E+004 1.0937E-014
3.005E+004 1.0826E-014
3.015E+004 1.0679E-014
3.025E+004 1.0549E-014
3.035E+004 1.0256E-014
3.045E+004 1.0210E-014
3.055E+004 1.0159E-014
3.065E+004 1.0031E-014
3.075E+004 9.9157E-015
3.085E+004 9.7956E-015
3.095E+004 9.6765E-015
3.105E+004 9.5651E-015
3.115E+004 9.4107E-015
3.125E+004 9.3323E-015
3.135E+004 9.2320E-015
3.145E+004 9.1076E-015
3.155E+004 8.9882E-015
3.165E+004 8.8778E-015
3.175E+004 8.7954E-015
3.185E+004 8.6917E-015
3.195E+004 8.5595E-015
3.21E+004 8.4257E-015
3.23E+004 8.2397E-015
3.25E+004 8.0399E-015
3.27E+004 7.8595E-015
3.29E+004 7.5809E-015
3.31E+004 7.4741E-015
3.33E+004 7.3305E-015
3.35E+004 7.1722E-015
3.37E+004 7.0043E-015
3.39E+004 6.8464E-015
3.41E+004 6.6887E-015
3.43E+004 6.5517E-015
3.45E+004 6.4186E-015
3.47E+004 6.2721E-015
3.49E+004 6.1374E-015
3.51E+004 6.0128E-015
3.53E+004 5.8769E-015
3.55E+004 5.7464E-015
3.57E+004 5.6299E-015
3.59E+004 5.5107E-015
3.61E+004 5.3990E-015
3.63E+004 5.2875E-015
3.65E+004 5.1630E-015
3.67E+004 5.0606E-015
3.69E+004 4.9323E-015
3.71E+004 4.8204E-015
3.73E+004 4.7299E-015
3.75E+004 4.5860E-015
3.77E+004 4.5544E-015
3.79E+004 4.4646E-015
3.81E+004 4.3792E-015
3.83E+004 4.3005E-015
3.85E+004 4.2214E-015
3.87E+004 4.1294E-015
3.89E+004 4.0494E-015
3.91E+004 3.9721E-015
3.93E+004 3.8994E-015
3.95E+004 3.8162E-015
3.97E+004 3.7435E-015
3.99E+004 3.6615E-015
4.01E+004 3.5943E-015
4.03E+004 3.5331E-015
4.05E+004 3.4150E-015
4.07E+004 3.4015E-015
4.09E+004 3.3398E-015
4.11E+004 3.2819E-015
4.13E+004 3.2226E-015
4.15E+004 3.1596E-015
4.17E+004 3.0956E-015
4.19E+004 3.0421E-015
4.21E+004 2.9804E-015
4.23E+004 2.9285E-015
4.25E+004 2.8757E-015
4.27E+004 2.8245E-015
4.29E+004 2.7741E-015
4.31E+004 2.7246E-015
4.33E+004 2.6762E-015
4.35E+004 2.6290E-015
4.37E+004 2.5734E-015
4.39E+004 2.5368E-015
4.41E+004 2.4929E-015
4.43E+004 2.4501E-015
4.45E+004 2.4081E-015
4.47E+004 2.3671E-015
4.49E+004 2.3268E-015
4.51E+004 2.2871E-015
4.53E+004 2.2485E-015
4.55E+004 2.2109E-015
4.57E+004 2.1738E-015
4.59E+004 2.1375E-015
4.61E+004 2.1023E-015
4.63E+004 2.0674E-015
4.65E+004 2.0124E-015
4.67E+004 1.9904E-015
4.69E+004 1.9675E-015
4.71E+004 1.9358E-015
4.73E+004 1.9046E-015
4.75E+004 1.8737E-015
4.77E+004 1.8436E-015
4.79E+004 1.8142E-015
4.81E+004 1.7852E-015
4.83E+004 1.7569E-015
4.85E+004 1.7291E-015
4.87E+004 1.7018E-015
4.89E+004 1.6750E-015
4.91E+004 1.6489E-015
4.93E+004 1.6232E-015
4.95E+004 1.5980E-015
4.97E+004 1.5732E-015
4.99E+004 1.5492E-015
5.01E+004 1.5253E-015
5.03E+004 1.5021E-015
5.05E+004 1.4791E-015
5.07E+004 1.4567E-015
5.09E+004 1.4347E-015
5.11E+004 1.4130E-015
5.13E+004 1.3843E-015
5.15E+004 1.3712E-015
5.17E+004 1.3509E-015
5.19E+004 1.3308E-015
5.21E+004 1.3111E-015
5.23E+004 1.2918E-015
5.25E+004 1.2730E-015
5.27E+004 1.2543E-015
5.29E+004 1.2360E-015
5.31E+004 1.2182E-015
5.33E+004 1.2006E-015
5.35E+004 1.1833E-015
5.37E+004 1.1663E-015
5.39E+004 1.1496E-015
5.41E+004 1.1334E-015
5.43E+004 1.1172E-015
5.45E+004 1.1015E-015
5.47E+004 1.0857E-015
5.49E+004 1.0707E-015
5.51E+004 1.0558E-015
5.53E+004 1.0410E-015
5.55E+004 1.0266E-015
5.57E+004 1.0124E-015
5.59E+004 9.9831E-016
5.61E+004 9.8474E-016
5.63E+004 9.7120E-016
5.65E+004 9.5800E-016
5.67E+004 9.4496E-016
5.69E+004 9.3213E-016
5.71E+004 9.1920E-016
5.73E+004 9.0716E-016
5.75E+004 8.9499E-016
5.77E+004 8.8300E-016
5.79E+004 8.7123E-016
5.81E+004 8.5966E-016
5.83E+004 8.4827E-016
5.85E+004 8.3711E-016
5.87E+004 8.2608E-016
5.89E+004 8.1519E-016
5.91E+004 7.9994E-016
5.93E+004 7.9411E-016
5.95E+004 7.8312E-016
5.97E+004 7.7361E-016
5.99E+004 7.6366E-016
6.01E+004 7.5383E-016
6.03E+004 7.4418E-016
6.05E+004 7.3467E-016
6.07E+004 7.2530E-016
6.09E+004 7.1606E-016
6.11E+004 7.0695E-016
6.13E+004 6.9810E-016
6.15E+004 6.8934E-016
6.17E+004 6.8069E-016
6.19E+004 6.7218E-016
6.21E+004 6.6380E-016
6.23E+004 6.5547E-016
6.25E+004 6.4739E-016
6.27E+004 6.3941E-016
6.29E+004 6.3075E-016
6.31E+004 6.2380E-016
6.33E+004 6.1620E-016
6.35E+004 6.0868E-016
6.37E+004 6.0127E-016
6.39E+004 5.9399E-016
6.42E+004 5.8327E-016
6.46E+004 5.6934E-016
6.5E+004 5.5580E-016
6.54E+004 5.4272E-016
6.58E+004 5.2999E-016
6.62E+004 5.1763E-016
6.66E+004 5.0563E-016
6.7E+004 4.9397E-016
6.74E+004 4.8265E-016
6.78E+004 4.7120E-016
6.82E+004 4.6097E-016
6.86E+004 4.5059E-016
6.9E+004 4.4049E-016
6.94E+004 4.3067E-016
6.98E+004 4.2114E-016
7.02E+004 4.1114E-016
7.06E+004 4.0273E-016
7.1E+004 3.9409E-016
7.14E+004 3.8559E-016
7.18E+004 3.7723E-016
7.22E+004 3.6899E-016
7.26E+004 3.6111E-016
7.3E+004 3.5374E-016
7.34E+004 3.4585E-016
7.38E+004 3.3898E-016
7.42E+004 3.3153E-016
7.46E+004 3.2222E-016
7.5E+004 3.1624E-016
7.54E+004 3.1150E-016
7.58E+004 3.0528E-016
7.62E+004 2.9908E-016
7.66E+004 2.9311E-016
7.7E+004 2.8690E-016
7.74E+004 2.8142E-016
7.78E+004 2.7585E-016
7.82E+004 2.7038E-016
7.86E+004 2.6506E-016
7.9E+004 2.5983E-016
7.94E+004 2.5469E-016
7.98E+004 2.4983E-016
8.02E+004 2.4476E-016
8.06E+004 2.3992E-016
8.1E+004 2.3562E-016
8.14E+004 2.3072E-016
8.18E+004 2.2642E-016
8.22E+004 2.2242E-016
8.26E+004 2.1817E-016
8.3E+004 2.1413E-016
8.34E+004 2.0986E-016
8.38E+004 2.0612E-016
8.42E+004 2.0241E-016
8.46E+004 1.9870E-016
8.5E+004 1.9507E-016
8.54E+004 1.9151E-016
8.58E+004 1.8801E-016
8.62E+004 1.8461E-016
8.66E+004 1.8128E-016
8.7E+004 1.7814E-016
8.74E+004 1.7472E-016
8.78E+004 1.7158E-016
8.82E+004 1.6860E-016
8.86E+004 1.6547E-016
8.9E+004 1.6275E-016
8.94E+004 1.5998E-016
8.98E+004 1.5703E-016
9.02E+004 1.5450E-016
9.06E+004 1.5192E-016
9.1E+004 1.4908E-016
9.14E+004 1.4665E-016
9.18E+004 1.4426E-016
9.22E+004 1.4190E-016
9.26E+004 1.3948E-016
9.3E+004 1.3716E-016
9.34E+004 1.3484E-016
9.38E+004 1.3253E-016
9.42E+004 1.3041E-016
9.46E+004 1.2828E-016
9.5E+004 1.2609E-016
9.54E+004 1.2404E-016
9.58E+004 1.2212E-016
9.62E+004 1.2001E-016
9.66E+004 1.1819E-016
9.7E+004 1.1626E-016
9.74E+004 1.1415E-016
9.78E+004 1.1249E-016
9.82E+004 1.1075E-016
9.86E+004 1.0904E-016
9.9E+004 1.0735E-016
9.94E+004 1.0562E-016
9.98E+004 1.0392E-016
1.002E+005 1.0249E-016
1.005E+005 1.0099E-016
1.01E+005 9.9207E-017
1.015E+005 9.7329E-017
1.02E+005 9.5463E-017
1.025E+005 9.3637E-017
1.03E+005 9.1864E-017
1.035E+005 9.0146E-017
1.04E+005 8.8463E-017
1.045E+005 8.6811E-017
1.05E+005 8.5116E-017
1.055E+005 8.3609E-017
1.06E+005 8.2068E-017
1.065E+005 8.0554E-017
1.07E+005 7.9087E-017
1.075E+005 7.7671E-017
1.08E+005 7.6238E-017
1.085E+005 7.4864E-017
1.09E+005 7.3514E-017
1.095E+005 7.2232E-017
1.1E+005 7.0938E-017
1.105E+005 6.9682E-017
1.11E+005 6.8458E-017
1.115E+005 6.7278E-017
1.12E+005 6.6081E-017
1.125E+005 6.4955E-017
1.13E+005 6.3721E-017
1.135E+005 6.2717E-017
1.14E+005 6.1649E-017
1.145E+005 6.0592E-017
1.15E+005 5.9580E-017
1.155E+005 5.8539E-017
1.16E+005 5.7574E-017
1.165E+005 5.6607E-017
1.17E+005 5.5670E-017
1.175E+005 5.4736E-017
1.18E+005 5.3831E-017
1.185E+005 5.2943E-017
1.19E+005 5.2061E-017
1.195E+005 5.1214E-017
1.2E+005 5.0371E-017
1.205E+005 4.9567E-017
1.21E+005 4.8769E-017
1.215E+005 4.7984E-017
1.22E+005 4.7210E-017
1.225E+005 4.6457E-017
1.23E+005 4.5706E-017
1.235E+005 4.4966E-017
1.24E+005 4.4253E-017
1.245E+005 4.3567E-017
1.25E+005 4.2897E-017
1.255E+005 4.2234E-017
1.26E+005 4.1572E-017
1.265E+005 4.0926E-017
1.27E+005 4.0300E-017
1.275E+005 3.9682E-017
1.28E+005 3.9056E-017
1.285E+005 3.8477E-017
1.29E+005 3.7886E-017
1.295E+005 3.7317E-017
1.3E+005 3.6760E-017
1.305E+005 3.6205E-017
1.31E+005 3.5666E-017
1.315E+005 3.5133E-017
1.32E+005 3.4611E-017
1.325E+005 3.4098E-017
1.33E+005 3.3595E-017
1.335E+005 3.3099E-017
1.34E+005 3.2617E-017
1.345E+005 3.2144E-017
1.35E+005 3.1677E-017
1.355E+005 3.1214E-017
1.36E+005 3.0768E-017
1.365E+005 3.0325E-017
1.37E+005 2.9888E-017
1.375E+005 2.9466E-017
1.38E+005 2.9048E-017
1.385E+005 2.8634E-017
1.39E+005 2.8232E-017
1.395E+005 2.7832E-017
1.4E+005 2.7444E-017
1.405E+005 2.7055E-017
1.41E+005 2.6681E-017
1.415E+005 2.6310E-017
1.42E+005 2.5940E-017
1.425E+005 2.5589E-017
1.43E+005 2.5238E-017
1.435E+005 2.4895E-017
1.44E+005 2.4554E-017
1.445E+005 2.4221E-017
1.45E+005 2.3896E-017
1.455E+005 2.3569E-017
1.46E+005 2.3254E-017
1.465E+005 2.2940E-017
1.47E+005 2.2635E-017
1.475E+005 2.2329E-017
1.48E+005 2.2034E-017
1.485E+005 2.1744E-017
1.49E+005 2.1457E-017
1.495E+005 2.1171E-017
1.5E+005 2.0893E-017
1.505E+005 2.0627E-017
1.51E+005 2.0357E-017
1.515E+005 2.0094E-017
1.52E+005 1.9835E-017
1.525E+005 1.9578E-017
1.53E+005 1.9327E-017
1.535E+005 1.9079E-017
1.54E+005 1.8836E-017
1.545E+005 1.8595E-017
1.55E+005 1.8360E-017
1.555E+005 1.8127E-017
1.56E+005 1.7898E-017
1.565E+005 1.7673E-017
1.57E+005 1.7453E-017
1.575E+005 1.7234E-017
1.58E+005 1.7020E-017
1.585E+005 1.6809E-017
1.59E+005 1.6602E-017
1.595E+005 1.6396E-017
1.6E+005 1.6194E-017
1.605E+005 1.5992E-017
1.61E+005 1.5800E-017
1.615E+005 1.5606E-017
1.62E+005 1.5398E-017
1.625E+005 1.5230E-017
1.63E+005 1.5049E-017
1.635E+005 1.4867E-017
1.64E+005 1.4688E-017
1.645E+005 1.4511E-017
1.65E+005 1.4338E-017
1.655E+005 1.4170E-017
1.66E+005 1.4001E-017
1.665E+005 1.3835E-017
1.67E+005 1.3672E-017
1.675E+005 1.3512E-017
1.68E+005 1.3352E-017
1.685E+005 1.3193E-017
1.69E+005 1.3036E-017
1.695E+005 1.2892E-017
1.7E+005 1.2743E-017
1.705E+005 1.2596E-017
1.71E+005 1.2450E-017
1.715E+005 1.2306E-017
1.72E+005 1.2165E-017
1.725E+005 1.2026E-017
1.73E+005 1.1889E-017
1.735E+005 1.1756E-017
1.74E+005 1.1623E-017
1.745E+005 1.1491E-017
1.75E+005 1.1362E-017
1.755E+005 1.1234E-017
1.76E+005 1.1108E-017
1.765E+005 1.0982E-017
1.77E+005 1.0860E-017
1.775E+005 1.0740E-017
1.78E+005 1.0622E-017
1.785E+005 1.0505E-017
1.79E+005 1.0390E-017
1.795E+005 1.0275E-017
1.8E+005 1.0163E-017
1.805E+005 1.0052E-017
1.81E+005 9.9430E-018
1.815E+005 9.8348E-018
1.82E+005 9.7280E-018
1.825E+005 9.6221E-018
1.83E+005 9.5139E-018
1.835E+005 9.4161E-018
1.84E+005 9.3156E-018
1.845E+005 9.2165E-018
1.85E+005 9.1181E-018
1.855E+005 9.0215E-018
1.86E+005 8.9242E-018
1.865E+005 8.8307E-018
1.87E+005 8.7380E-018
1.875E+005 8.6440E-018
1.88E+005 8.5554E-018
1.885E+005 8.4657E-018
1.89E+005 8.3777E-018
1.895E+005 8.2901E-018
1.9E+005 8.2028E-018
1.905E+005 8.0827E-018
1.91E+005 8.0324E-018
1.915E+005 7.9528E-018
1.92E+005 7.8710E-018
1.925E+005 7.7903E-018
1.93E+005 7.7108E-018
1.935E+005 7.6320E-018
1.94E+005 7.5541E-018
1.945E+005 7.4773E-018
1.95E+005 7.4019E-018
1.955E+005 7.3273E-018
1.96E+005 7.2530E-018
1.965E+005 7.1807E-018
1.97E+005 7.1085E-018
1.975E+005 7.0373E-018
1.98E+005 6.9673E-018
1.985E+005 6.8984E-018
1.99E+005 6.8296E-018
1.995E+005 6.7620E-018
2E+005 6.6787E-018
2.01E+005 6.5642E-018
2.02E+005 6.4365E-018
2.03E+005 6.3117E-018
2.04E+005 6.1901E-018
2.05E+005 6.0712E-018
2.06E+005 5.9552E-018
2.07E+005 5.8423E-018
2.08E+005 5.7315E-018
2.09E+005 5.6233E-018
2.1E+005 5.5178E-018
2.11E+005 5.4151E-018
2.12E+005 5.3145E-018
2.13E+005 5.2162E-018
2.14E+005 5.1203E-018
2.15E+005 5.0265E-018
2.16E+005 4.9348E-018
2.17E+005 4.8452E-018
2.18E+005 4.7575E-018
2.19E+005 4.6717E-018
2.2E+005 4.5885E-018
2.21E+005 4.5067E-018
2.22E+005 4.4267E-018
2.23E+005 4.3453E-018
2.24E+005 4.2710E-018
2.25E+005 4.1971E-018
2.26E+005 4.1237E-018
2.27E+005 4.0521E-018
2.28E+005 3.9820E-018
2.29E+005 3.9136E-018
2.3E+005 3.8464E-018
2.31E+005 3.7807E-018
2.32E+005 3.7166E-018
2.33E+005 3.6536E-018
2.34E+005 3.5920E-018
2.35E+005 3.5319E-018
2.36E+005 3.4729E-018
2.37E+005 3.4148E-018
2.38E+005 3.3583E-018
2.39E+005 3.3024E-018
2.4E+005 3.2486E-018
2.41E+005 3.1955E-018
2.42E+005 3.1432E-018
2.43E+005 3.0922E-018
2.44E+005 3.0421E-018
2.45E+005 2.9931E-018
2.46E+005 2.9454E-018
2.47E+005 2.8984E-018
2.48E+005 2.8519E-018
2.49E+005 2.8065E-018
2.5E+005 2.7623E-018
2.51E+005 2.7190E-018
2.52E+005 2.6763E-018
2.53E+005 2.6346E-018
2.54E+005 2.5935E-018
2.55E+005 2.5534E-018
2.56E+005 2.5139E-018
2.57E+005 2.4753E-018
2.58E+005 2.4374E-018
2.59E+005 2.4001E-018
2.6E+005 2.3638E-018
2.61E+005 2.3282E-018
2.62E+005 2.2927E-018
2.63E+005 2.2584E-018
2.64E+005 2.2248E-018
2.65E+005 2.1914E-018
2.66E+005 2.1589E-018
2.67E+005 2.1269E-018
2.68E+005 2.0955E-018
2.69E+005 2.0648E-018
2.7E+005 2.0347E-018
2.71E+005 2.0048E-018
2.72E+005 1.9757E-018
2.73E+005 1.9471E-018
2.74E+005 1.9190E-018
2.75E+005 1.8913E-018
2.76E+005 1.8643E-018
2.77E+005 1.8377E-018
2.78E+005 1.8078E-018
2.79E+005 1.7860E-018
2.8E+005 1.7611E-018
2.81E+005 1.7362E-018
2.82E+005 1.7115E-018
2.83E+005 1.6876E-018
2.84E+005 1.6640E-018
2.85E+005 1.6408E-018
2.86E+005 1.6183E-018
2.87E+005 1.5960E-018
2.88E+005 1.5738E-018
2.89E+005 1.5523E-018
2.9E+005 1.5312E-018
2.91E+005 1.5105E-018
2.92E+005 1.4900E-018
2.93E+005 1.4699E-018
2.94E+005 1.4501E-018
2.95E+005 1.4306E-018
2.96E+005 1.4114E-018
2.97E+005 1.3927E-018
2.98E+005 1.3736E-018
2.99E+005 1.3556E-018
3E+005 1.3381E-018
3.01E+005 1.3206E-018
3.02E+005 1.3031E-018
3.03E+005 1.2863E-018
3.04E+005 1.2695E-018
3.05E+005 1.2530E-018
3.06E+005 1.2366E-018
3.07E+005 1.2207E-018
3.08E+005 1.2050E-018
3.09E+005 1.1899E-018
3.1E+005 1.1747E-018
3.11E+005 1.1595E-018
3.12E+005 1.1447E-018
3.13E+005 1.1302E-018
3.14E+005 1.1160E-018
3.15E+005 1.1019E-018
3.16E+005 1.0881E-018
3.17E+005 1.0745E-018
3.18E+005 1.0611E-018
3.19E+005 1.0479E-018
3.2E+005 1.0350E-018
3.21E+005 1.0222E-018
3.22E+005 1.0096E-018
3.23E+005 9.9723E-019
3.24E+005 9.8504E-019
3.25E+005 9.7303E-019
3.26E+005 9.6121E-019
3.27E+005 9.4953E-019
3.28E+005 9.3809E-019
3.29E+005 9.2676E-019
3.3E+005 9.1564E-019
3.31E+005 9.0466E-019
3.32E+005 8.9387E-019
3.33E+005 8.8319E-019
3.34E+005 8.7278E-019
3.35E+005 8.6240E-019
3.36E+005 8.5225E-019
3.37E+005 8.4220E-019
3.38E+005 8.3232E-019
3.39E+005 8.2261E-019
3.4E+005 8.1300E-019
3.41E+005 8.0355E-019
3.42E+005 7.9422E-019
3.43E+005 7.8504E-019
3.44E+005 7.7600E-019
3.45E+005 7.6707E-019
3.46E+005 7.5826E-019
3.47E+005 7.4961E-019
3.48E+005 7.4107E-019
3.49E+005 7.3266E-019
3.5E+005 7.2434E-019
3.51E+005 7.1614E-019
3.52E+005 7.0810E-019
3.53E+005 7.0015E-019
3.54E+005 6.9227E-019
3.55E+005 6.8453E-019
3.56E+005 6.7691E-019
3.57E+005 6.6939E-019
3.58E+005 6.6197E-019
3.59E+005 6.5466E-019
3.6E+005 6.4739E-019
3.61E+005 6.4030E-019
3.62E+005 6.3330E-019
3.63E+005 6.2636E-019
3.64E+005 6.1950E-019
3.65E+005 6.1272E-019
3.66E+005 6.0614E-019
3.67E+005 5.9960E-019
3.68E+005 5.9314E-019
3.69E+005 5.8678E-019
3.7E+005 5.8048E-019
3.71E+005 5.7420E-019
3.72E+005 5.6809E-019
3.73E+005 5.6207E-019
3.74E+005 5.5609E-019
3.75E+005 5.5020E-019
3.76E+005 5.4442E-019
3.77E+005 5.3868E-019
3.78E+005 5.3300E-019
3.79E+005 5.2744E-019
3.8E+005 5.2190E-019
3.81E+005 5.1649E-019
3.82E+005 5.1112E-019
3.83E+005 5.0580E-019
3.84E+005 5.0058E-019
3.85E+005 4.9542E-019
3.86E+005 4.9031E-019
3.87E+005 4.8529E-019
3.88E+005 4.8002E-019
3.89E+005 4.7462E-019
3.9E+005 4.7060E-019
3.91E+005 4.6581E-019
3.92E+005 4.6105E-019
3.93E+005 4.5640E-019
3.94E+005 4.5181E-019
3.95E+005 4.4727E-019
3.96E+005 4.4276E-019
3.97E+005 4.3834E-019
3.98E+005 4.3397E-019
3.99E+005 4.2965E-019
