1711 2.4311E-014
1711 2.4311E-014
1712 2.0807E-014
1713 2.5869E-014
1715 2.0830E-014
1716 2.6122E-014
1718 1.5667E-014
1719 2.1513E-014
1720 1.9411E-014
1722 2.8044E-014
1723 2.3756E-014
1724 1.5643E-014
1726 2.6008E-014
1727 3.2942E-014
1729 2.3242E-014
1730 3.2249E-014
1731 3.7789E-014
1733 2.7656E-014
1734 3.3408E-014
1735 3.4521E-014
1737 2.7945E-014
1738 3.1289E-014
1740 3.6375E-014
1741 3.3084E-014
1742 4.0993E-014
1744 4.5516E-014
1745 3.5820E-014
1746 3.9169E-014
1748 4.3223E-014
1749 3.9774E-014
1750 4.1832E-014
1752 5.1484E-014
1753 4.7268E-014
1755 4.8029E-014
1756 5.4590E-014
1757 5.7375E-014
1759 5.2955E-014
1760 4.8588E-014
1761 4.9660E-014
1763 4.4078E-014
1764 4.5938E-014
1766 4.1410E-014
1767 5.2202E-014
1768 5.8583E-014
1770 4.7780E-014
1771 5.2028E-014
1772 5.7969E-014
1774 5.7676E-014
1775 6.3324E-014
1777 6.4262E-014
1778 6.3825E-014
1779 6.3270E-014
1781 7.0400E-014
1782 6.8148E-014
1783 7.0516E-014
1785 7.3128E-014
1786 6.9532E-014
1788 6.1473E-014
1789 7.1056E-014
1790 7.5587E-014
1792 7.6505E-014
1793 7.6625E-014
1794 7.3633E-014
1796 7.3477E-014
1797 7.6264E-014
1798 7.7213E-014
1800 7.9568E-014
1801 7.9039E-014
1803 8.1998E-014
1804 8.2308E-014
1805 7.2662E-014
1807 6.9617E-014
1808 6.4507E-014
1809 6.2431E-014
1811 7.7914E-014
1812 7.9816E-014
1814 7.9125E-014
1815 7.0353E-014
1816 7.9767E-014
1818 7.9460E-014
1819 7.8841E-014
1820 8.1609E-014
1822 8.1843E-014
1823 8.6407E-014
1825 8.9463E-014
1826 8.4790E-014
1827 7.6142E-014
1829 8.0723E-014
1830 8.7735E-014
1831 8.7052E-014
1833 8.5812E-014
1834 9.1131E-014
1836 9.4336E-014
1837 9.1375E-014
1838 9.0133E-014
1840 8.4825E-014
1841 8.2618E-014
1842 7.9617E-014
1844 8.1591E-014
1845 7.6966E-014
1847 6.9799E-014
1848 6.2197E-014
1849 6.7971E-014
1851 7.2293E-014
1852 7.3329E-014
1853 7.7190E-014
1855 9.3004E-014
1856 9.1881E-014
1857 9.3145E-014
1859 8.8680E-014
1860 9.0089E-014
1862 9.3127E-014
1863 9.2861E-014
1864 9.5026E-014
1866 9.3116E-014
1867 9.8102E-014
1868 1.0417E-013
1870 1.0917E-013
1871 1.1018E-013
1873 1.0186E-013
1874 1.0222E-013
1875 9.7556E-014
1877 9.6000E-014
1878 9.8147E-014
1879 1.0354E-013
1881 1.0393E-013
1882 1.0583E-013
1884 1.0971E-013
1885 1.1654E-013
1886 1.1818E-013
1888 1.1733E-013
1889 1.1556E-013
1890 1.1748E-013
1892 1.1369E-013
1893 1.1633E-013
1895 1.1498E-013
1896 1.1521E-013
1897 1.1490E-013
1899 1.1440E-013
1900 1.0586E-013
1901 1.0544E-013
1903 1.0687E-013
1904 1.1565E-013
1906 1.1603E-013
1907 1.2613E-013
1908 1.2061E-013
1910 1.2393E-013
1911 1.1497E-013
1912 1.2149E-013
1914 1.2544E-013
1915 1.2666E-013
1917 1.3070E-013
1918 1.2782E-013
1919 1.2646E-013
1921 1.2986E-013
1922 1.2799E-013
1923 1.3340E-013
1925 1.3228E-013
1926 1.3158E-013
1927 1.2476E-013
1929 1.2837E-013
1930 1.1479E-013
1932 9.4415E-014
1933 1.0264E-013
1934 1.1478E-013
1936 1.1823E-013
1937 1.1874E-013
1938 1.2249E-013
1940 1.3151E-013
1941 1.3273E-013
1943 1.3896E-013
1944 1.4125E-013
1945 1.3886E-013
1947 1.3503E-013
1948 1.4189E-013
1949 1.4349E-013
1951 1.3673E-013
1952 1.3511E-013
1954 1.3492E-013
1955 1.4123E-013
1956 1.3932E-013
1958 1.4215E-013
1959 1.3484E-013
1960 1.3556E-013
1962 1.3678E-013
1963 1.3891E-013
1965 1.4099E-013
1966 1.4805E-013
1967 1.5174E-013
1969 1.5163E-013
1970 1.4854E-013
1971 1.5029E-013
1973 1.4930E-013
1974 1.5241E-013
1976 1.5477E-013
1977 1.4569E-013
1978 1.4384E-013
1980 1.4207E-013
1981 1.4426E-013
1982 1.4956E-013
1984 1.4663E-013
1985 1.5439E-013
1987 1.4819E-013
1988 1.5252E-013
1989 1.4653E-013
1991 1.3808E-013
1992 1.5143E-013
1993 1.5009E-013
1995 1.5318E-013
1996 1.5274E-013
1998 1.5664E-013
1999 1.5531E-013
2000 1.5454E-013
2002 1.5012E-013
2003 1.5575E-013
2004 1.5600E-013
2006 1.5255E-013
2007 1.6007E-013
2008 1.5168E-013
2010 1.5406E-013
2011 1.6219E-013
2013 1.5502E-013
2014 1.6167E-013
2015 1.6020E-013
2017 1.6286E-013
2018 1.6237E-013
2019 1.6397E-013
2021 1.6163E-013
2022 1.5906E-013
2024 1.6039E-013
2025 1.6046E-013
2026 1.5044E-013
2028 1.3870E-013
2029 1.5899E-013
2030 1.6490E-013
2032 1.7137E-013
2033 1.7285E-013
2035 1.6512E-013
2036 1.6644E-013
2037 1.6868E-013
2039 1.7336E-013
2040 1.7434E-013
2041 1.6983E-013
2043 1.7629E-013
2044 1.8195E-013
2046 1.8078E-013
2047 1.8202E-013
2048 1.8766E-013
2050 1.8132E-013
2051 1.9986E-013
2052 1.8741E-013
2054 1.8208E-013
2055 1.8107E-013
2057 1.7177E-013
2058 1.6611E-013
2059 1.7055E-013
2061 1.7348E-013
2062 1.7568E-013
2063 1.7237E-013
2065 1.7462E-013
2066 1.7932E-013
2068 1.7359E-013
2069 1.8041E-013
2070 1.8425E-013
2072 1.9053E-013
2073 1.9518E-013
2074 1.9028E-013
2076 1.8880E-013
2077 1.9614E-013
2079 2.0234E-013
2080 1.9447E-013
2081 1.9699E-013
2083 1.9485E-013
2084 1.9093E-013
2085 1.9281E-013
2087 1.8985E-013
2088 1.9706E-013
2090 2.0054E-013
2091 1.9829E-013
2092 1.9556E-013
2094 1.9730E-013
2095 1.9432E-013
2096 1.9234E-013
2098 1.9602E-013
2099 2.0122E-013
2101 2.0057E-013
2102 1.9983E-013
2103 1.9959E-013
2105 1.8937E-013
2106 2.0008E-013
2107 2.0423E-013
2109 1.9460E-013
2110 1.8756E-013
2112 1.9192E-013
2113 1.8729E-013
2114 1.9529E-013
2116 1.9087E-013
2117 1.9621E-013
2118 2.1444E-013
2120 2.0726E-013
2121 2.1046E-013
2122 2.1219E-013
2124 2.0263E-013
2125 1.7356E-013
2127 1.8276E-013
2128 1.9912E-013
2129 2.0461E-013
2131 1.9521E-013
2132 1.8865E-013
2133 1.8675E-013
2135 1.8406E-013
2136 1.7456E-013
2138 1.8113E-013
2139 1.9593E-013
2140 1.9266E-013
2142 2.0123E-013
2143 2.0141E-013
2144 2.1204E-013
2146 2.0953E-013
2147 2.0473E-013
2149 2.0018E-013
2150 2.0204E-013
2151 1.9527E-013
2153 1.9112E-013
2154 1.9778E-013
2155 2.1079E-013
2157 2.0651E-013
2158 2.0974E-013
2160 1.9928E-013
2161 1.8703E-013
2162 1.9806E-013
2164 2.0611E-013
2165 2.0433E-013
2166 1.9999E-013
2168 1.8914E-013
2169 1.8973E-013
2171 1.9317E-013
2172 2.0462E-013
2173 2.0644E-013
2175 2.0356E-013
2176 1.9469E-013
2177 1.9729E-013
2179 2.0014E-013
2180 2.0879E-013
2182 2.1907E-013
2183 2.2961E-013
2184 2.3217E-013
2186 2.1883E-013
2187 2.2103E-013
2188 2.1244E-013
2190 2.1414E-013
2191 2.2585E-013
2193 2.2610E-013
2194 2.2290E-013
2195 2.3598E-013
2197 2.4082E-013
2198 2.3624E-013
2199 2.3761E-013
2201 2.3607E-013
2202 2.2377E-013
2204 2.2807E-013
2205 2.4036E-013
2206 2.3571E-013
2208 2.3236E-013
2209 2.2262E-013
2210 2.1459E-013
2212 2.0501E-013
2213 1.8752E-013
2215 2.1527E-013
2216 2.1815E-013
2217 2.1680E-013
2219 2.0350E-013
2220 2.1360E-013
2221 2.2827E-013
2223 2.3149E-013
2224 2.3478E-013
2226 2.3199E-013
2227 2.3372E-013
2228 2.3356E-013
2230 2.3622E-013
2231 2.4104E-013
2232 2.4442E-013
2234 2.4229E-013
2235 2.4716E-013
2237 2.4798E-013
2238 2.5295E-013
2239 2.5645E-013
2241 2.5602E-013
2242 2.4796E-013
2243 2.4380E-013
2245 2.3639E-013
2246 2.3062E-013
2248 2.3491E-013
2249 2.3759E-013
2250 2.3324E-013
2252 2.2526E-013
2253 2.2132E-013
2254 2.2691E-013
2256 2.1714E-013
2257 2.2320E-013
2259 2.2656E-013
2260 2.3335E-013
2261 2.2886E-013
2263 2.1780E-013
2264 2.3109E-013
2265 2.3035E-013
2267 2.2346E-013
2268 2.2013E-013
2270 2.2219E-013
2271 2.2065E-013
2272 2.3201E-013
2274 2.3549E-013
2275 2.4152E-013
2276 2.3937E-013
2278 2.3350E-013
2279 2.3452E-013
2280 2.3790E-013
2282 2.4295E-013
2283 2.5871E-013
2285 2.4887E-013
2286 2.4486E-013
2287 2.4522E-013
2289 2.3785E-013
2290 2.3834E-013
2291 2.4105E-013
2293 2.3489E-013
2294 2.3646E-013
2296 2.4162E-013
2297 2.4364E-013
2298 2.2877E-013
2300 2.1113E-013
2301 2.2156E-013
2302 2.2968E-013
2304 2.3482E-013
2305 2.3198E-013
2307 2.4414E-013
2308 2.5212E-013
2309 2.4972E-013
2311 2.5180E-013
2312 2.5032E-013
2313 2.3370E-013
2315 2.2637E-013
2316 2.3713E-013
2318 2.4508E-013
2319 2.4980E-013
2320 2.4978E-013
2322 2.4286E-013
2323 2.4200E-013
2324 2.5407E-013
2326 2.5936E-013
2327 2.4375E-013
2329 2.3181E-013
2330 2.3817E-013
2331 2.5725E-013
2333 2.3749E-013
2334 2.1817E-013
2335 2.2549E-013
2337 2.3700E-013
2338 2.4492E-013
2340 2.1488E-013
2341 2.2431E-013
2342 2.3203E-013
2344 2.2830E-013
2345 1.8821E-013
2346 1.6790E-013
2348 1.9529E-013
2349 2.0003E-013
2351 2.1225E-013
2352 2.4292E-013
2353 2.5257E-013
2355 2.5961E-013
2356 2.4874E-013
2357 2.3969E-013
2359 2.5381E-013
2360 2.4509E-013
2362 2.1505E-013
2363 2.1259E-013
2364 2.3230E-013
2366 2.3485E-013
2367 2.2259E-013
2368 2.3299E-013
2370 2.4009E-013
2371 2.4590E-013
2373 2.5322E-013
2374 2.5303E-013
2375 2.2516E-013
2377 2.3372E-013
2378 2.4309E-013
2379 2.5937E-013
2381 2.2725E-013
2382 2.0066E-013
2384 1.5144E-013
2385 1.4603E-013
2386 2.0272E-013
2388 2.3756E-013
2389 2.3125E-013
2390 2.0376E-013
2392 2.2648E-013
2393 2.5625E-013
2395 2.6162E-013
2396 2.4355E-013
2397 1.8694E-013
2399 2.0587E-013
2400 2.2421E-013
2401 2.1219E-013
2403 2.4268E-013
2404 2.4458E-013
2406 2.2506E-013
2407 1.8253E-013
2408 1.9548E-013
2410 2.1506E-013
2411 2.3708E-013
2412 1.9547E-013
2414 2.0001E-013
2415 2.1852E-013
2417 2.4096E-013
2418 2.5510E-013
2419 2.6514E-013
2421 2.7602E-013
2422 2.8188E-013
2423 2.9113E-013
2425 2.7662E-013
2426 2.5976E-013
2428 2.6557E-013
2429 2.7888E-013
2430 2.7554E-013
2432 2.6693E-013
2433 2.7814E-013
2434 2.7025E-013
2436 2.6223E-013
2437 2.4600E-013
2439 2.5351E-013
2440 2.5864E-013
2441 2.6435E-013
2443 2.7253E-013
2444 2.7745E-013
2445 2.7769E-013
2447 2.7345E-013
2448 2.6906E-013
2449 2.7180E-013
2451 2.7783E-013
2452 2.6673E-013
2454 2.6266E-013
2455 2.7082E-013
2456 2.6833E-013
2458 2.8245E-013
2459 2.8155E-013
2460 2.7952E-013
2462 2.7791E-013
2463 2.6615E-013
2465 2.5058E-013
2466 2.5941E-013
2467 2.6291E-013
2469 2.6354E-013
2470 2.6727E-013
2471 2.7812E-013
2473 2.6821E-013
2474 2.5893E-013
2476 2.5782E-013
2477 2.7416E-013
2478 2.6292E-013
2480 2.5775E-013
2481 2.4576E-013
2482 2.6091E-013
2484 2.6242E-013
2485 2.2247E-013
2487 2.3848E-013
2488 2.5574E-013
2489 2.4741E-013
2491 2.3296E-013
2492 2.1569E-013
2493 2.1400E-013
2495 2.5106E-013
2496 2.7259E-013
2498 2.8968E-013
2499 2.8731E-013
2500 2.8648E-013
2502 2.9528E-013
2503 2.7507E-013
2504 2.7316E-013
2506 2.7251E-013
2507 2.7164E-013
2509 2.2964E-013
2510 2.5229E-013
2511 2.8761E-013
2513 2.7560E-013
2514 2.6120E-013
2515 2.4374E-013
2517 2.0503E-013
2518 1.8658E-013
2520 2.0512E-013
2521 2.1891E-013
2522 2.3689E-013
2524 2.2957E-013
2525 2.1127E-013
2526 1.9662E-013
2528 2.0873E-013
2529 2.0510E-013
2531 1.8069E-013
2532 2.0229E-013
2533 2.5170E-013
2535 2.5904E-013
2536 2.5028E-013
2537 2.4374E-013
2539 2.3931E-013
2540 2.4691E-013
2542 2.4337E-013
2543 2.5009E-013
2544 2.5189E-013
2546 2.6048E-013
2547 2.5366E-013
2548 2.5207E-013
2550 2.5306E-013
2551 2.3531E-013
2553 2.5235E-013
2554 2.8984E-013
2555 2.9706E-013
2557 3.0181E-013
2558 2.9661E-013
2559 3.0291E-013
2561 3.0834E-013
2562 2.9720E-013
2564 2.8768E-013
2565 2.5874E-013
2566 2.8050E-013
2568 3.0797E-013
2569 3.0179E-013
2570 3.0113E-013
2572 3.0040E-013
2573 3.0117E-013
2574 3.0901E-013
2576 3.0862E-013
2577 2.9269E-013
2579 2.7851E-013
2580 2.9620E-013
2581 3.1351E-013
2583 3.1623E-013
2584 3.0694E-013
2585 2.9907E-013
2587 2.8821E-013
2588 2.6020E-013
2590 2.9820E-013
2591 3.1612E-013
2592 3.2751E-013
2594 3.1115E-013
2595 3.0447E-013
2596 3.0494E-013
2598 3.1799E-013
2599 2.8471E-013
2601 2.0526E-013
2602 2.2975E-013
2603 2.9374E-013
2605 3.2238E-013
2606 3.0608E-013
2607 2.8085E-013
2609 2.4252E-013
2610 2.6836E-013
2612 2.8836E-013
2613 2.6608E-013
2614 2.3114E-013
2616 2.4561E-013
2617 2.8193E-013
2618 3.0651E-013
2620 2.8371E-013
2621 3.0183E-013
2623 3.0166E-013
2624 3.0200E-013
2625 3.1245E-013
2627 3.0529E-013
2628 2.8028E-013
2629 2.8012E-013
2631 2.7408E-013
2632 2.6361E-013
2634 2.2767E-013
2635 2.8114E-013
2636 3.2850E-013
2638 3.3446E-013
2639 3.4265E-013
2640 3.5387E-013
2642 3.5737E-013
2643 3.5326E-013
2645 3.6080E-013
2646 3.6290E-013
2647 3.6021E-013
2649 3.5873E-013
2650 3.6048E-013
2651 3.5876E-013
2653 3.6042E-013
2654 3.5830E-013
2656 3.5819E-013
2657 3.6356E-013
2658 3.6403E-013
2660 3.6130E-013
2661 3.5336E-013
2662 3.5209E-013
2664 3.4534E-013
2665 3.3552E-013
2667 3.2834E-013
2668 3.3249E-013
2669 3.3079E-013
2671 3.3393E-013
2672 3.3669E-013
2673 3.4671E-013
2675 3.3158E-013
2676 3.5089E-013
2677 3.6470E-013
2679 3.4931E-013
2680 3.4143E-013
2682 3.3708E-013
2683 3.4741E-013
2684 3.5875E-013
2686 3.5728E-013
2687 3.5684E-013
2688 3.5565E-013
2690 3.4906E-013
2691 3.3980E-013
2693 3.3407E-013
2694 3.4401E-013
2695 3.4256E-013
2697 3.4912E-013
2698 3.4203E-013
2699 3.4176E-013
2701 3.3682E-013
2702 3.4608E-013
2704 3.5448E-013
2705 3.5102E-013
2706 3.5495E-013
2708 3.4897E-013
2709 3.4246E-013
2710 3.4453E-013
2712 3.4032E-013
2713 3.4134E-013
2715 3.3345E-013
2716 3.3664E-013
2717 3.3538E-013
2719 3.3848E-013
2720 3.3496E-013
2721 3.2148E-013
2723 3.3249E-013
2724 3.3870E-013
2726 3.3463E-013
2727 3.2980E-013
2728 3.3320E-013
2730 3.2659E-013
2731 3.3661E-013
2732 3.4724E-013
2734 3.4026E-013
2735 3.3107E-013
2737 3.2736E-013
2738 3.2938E-013
2739 3.0463E-013
2741 3.1569E-013
2742 3.0341E-013
2743 3.1446E-013
2745 2.9410E-013
2746 2.8429E-013
2747 3.1006E-013
2749 2.8031E-013
2750 2.8618E-013
2752 2.6850E-013
2753 2.9433E-013
2754 3.3490E-013
2756 3.2818E-013
2757 3.1293E-013
2758 2.8304E-013
2760 3.1541E-013
2761 3.4684E-013
2763 3.4992E-013
2764 3.4211E-013
2765 3.3033E-013
2767 3.4099E-013
2768 3.5224E-013
2769 3.4573E-013
2771 3.3899E-013
2772 3.3880E-013
2774 3.5907E-013
2775 3.5140E-013
2776 3.5938E-013
2778 3.5429E-013
2779 3.4420E-013
2780 3.3339E-013
2782 3.2296E-013
2783 3.2401E-013
2785 3.3428E-013
2786 3.3866E-013
2787 3.5987E-013
2789 3.5588E-013
2790 3.3238E-013
2791 3.0912E-013
2793 2.7623E-013
2794 2.2612E-013
2796 1.6447E-013
2797 8.8200E-014
2798 7.2639E-014
2800 8.5582E-014
2801 1.3054E-013
2802 1.5557E-013
2804 1.1084E-013
2805 7.8945E-014
2806 1.2037E-013
2808 2.1412E-013
2809 2.7920E-013
2811 3.1556E-013
2812 3.3498E-013
2813 3.4629E-013
2815 3.4645E-013
2816 3.5549E-013
2817 3.6940E-013
2819 3.7431E-013
2820 3.7008E-013
2822 3.7388E-013
2823 3.7691E-013
2824 3.7349E-013
2826 3.7093E-013
2827 3.8081E-013
2828 3.6188E-013
2830 3.7064E-013
2831 3.7066E-013
2833 3.7603E-013
2834 3.6891E-013
2835 3.6713E-013
2837 3.7444E-013
2838 3.5217E-013
2839 3.6624E-013
2841 3.7407E-013
2842 3.6594E-013
2844 3.5517E-013
2845 3.6065E-013
2846 3.4486E-013
2848 3.6027E-013
2849 3.6715E-013
2850 3.4671E-013
2852 3.2636E-013
2853 2.8714E-013
2854 2.0300E-013
2856 2.7193E-013
2857 3.4131E-013
2859 3.4761E-013
2860 3.5659E-013
2861 3.5750E-013
2863 3.8119E-013
2864 3.7101E-013
2865 3.6969E-013
2867 3.7051E-013
2868 3.6551E-013
2870 3.5504E-013
2871 3.5767E-013
2872 3.6405E-013
2874 3.7972E-013
2875 3.7591E-013
2876 3.5936E-013
2878 3.6373E-013
2879 3.5697E-013
2881 3.5912E-013
2882 3.6132E-013
2883 3.1810E-013
2885 3.1382E-013
2886 3.6551E-013
2887 3.8029E-013
2889 3.9176E-013
2890 3.8810E-013
2892 3.7968E-013
2893 3.7761E-013
2894 3.7153E-013
2896 3.6678E-013
2897 3.6978E-013
2898 3.8458E-013
2900 3.8993E-013
2901 3.9494E-013
2902 4.0705E-013
2904 4.0665E-013
2905 4.0631E-013
2907 4.0344E-013
2908 4.0735E-013
2909 3.9715E-013
2911 3.8626E-013
2912 3.8468E-013
2913 3.8818E-013
2915 3.9674E-013
2916 4.0882E-013
2918 4.0676E-013
2919 3.9977E-013
2920 3.8933E-013
2922 4.0052E-013
2923 4.0046E-013
2924 3.9828E-013
2926 3.8616E-013
2927 3.8158E-013
2929 3.8686E-013
2930 3.8507E-013
2931 3.7028E-013
2933 3.9333E-013
2934 4.0747E-013
2935 4.0203E-013
2937 3.9897E-013
2938 3.9101E-013
2940 3.6718E-013
2941 3.8278E-013
2942 3.8811E-013
2944 3.8635E-013
2945 3.9581E-013
2946 3.9095E-013
2948 3.9016E-013
2949 3.9680E-013
2950 3.7317E-013
2952 3.8324E-013
2953 3.9899E-013
2955 4.0069E-013
2956 3.8259E-013
2957 4.0015E-013
2959 4.1286E-013
2960 4.0439E-013
2961 4.1007E-013
2963 4.0475E-013
2964 4.1006E-013
2966 4.2033E-013
2967 3.8945E-013
2968 3.8203E-013
2970 3.8732E-013
2971 3.9560E-013
2972 3.6404E-013
2974 3.8323E-013
2975 3.9249E-013
2977 4.0376E-013
2978 4.0513E-013
2979 4.1215E-013
2981 4.2021E-013
2982 4.0504E-013
2983 3.9935E-013
2985 3.9339E-013
2986 3.8497E-013
2987 3.6945E-013
2989 3.7602E-013
2990 3.8405E-013
2992 4.0556E-013
2993 4.1642E-013
2994 4.1527E-013
2996 4.0814E-013
2997 4.0239E-013
2998 4.1233E-013
3000 4.2167E-013
3001 4.1221E-013
3003 3.9097E-013
3004 3.8571E-013
3005 3.8783E-013
3007 3.9852E-013
3008 4.1797E-013
3009 4.0202E-013
3011 4.0080E-013
3012 4.0884E-013
3013 4.1768E-013
3015 4.1297E-013
3016 4.1165E-013
3018 4.0662E-013
3019 4.0183E-013
3020 3.9064E-013
3022 3.8469E-013
3023 3.5878E-013
3024 3.9683E-013
3026 4.1545E-013
3027 4.0746E-013
3029 3.9714E-013
3030 4.2143E-013
3031 4.2728E-013
3033 4.0471E-013
3034 4.0468E-013
3035 4.1943E-013
3037 4.2852E-013
3038 4.2990E-013
3040 4.1165E-013
3041 4.1363E-013
3042 4.2430E-013
3044 4.0937E-013
3045 4.0289E-013
3046 4.1331E-013
3048 4.1648E-013
3049 4.1796E-013
3050 4.1187E-013
3052 4.2211E-013
3053 4.2641E-013
3055 4.3012E-013
3056 4.2274E-013
3057 4.1431E-013
3059 4.1115E-013
3060 3.8614E-013
3061 3.9364E-013
3065 3.9845E-013
3068 3.9675E-013
3071 4.0689E-013
3074 4.0814E-013
3076 4.0614E-013
3079 4.1180E-013
3082 4.1655E-013
3085 4.1791E-013
3087 4.1387E-013
3090 3.9936E-013
3093 3.9287E-013
3096 3.9204E-013
3098 3.9490E-013
3101 3.8429E-013
3104 3.9557E-013
3107 4.0945E-013
3109 4.1992E-013
3112 4.2177E-013
3115 4.1915E-013
3118 4.1157E-013
3120 4.0439E-013
3123 4.0472E-013
3126 4.0558E-013
3129 4.1553E-013
3131 4.1323E-013
3134 4.1468E-013
3137 4.2320E-013
3140 4.2161E-013
3142 4.1987E-013
3145 4.0639E-013
3148 4.1766E-013
3151 4.3053E-013
3153 4.2306E-013
3156 4.1724E-013
3159 4.0797E-013
3162 4.0329E-013
3164 4.1330E-013
3167 4.2444E-013
3170 4.2734E-013
3173 4.3293E-013
3175 4.4011E-013
3178 4.3064E-013
3181 4.0587E-013
3184 4.1365E-013
3186 4.1991E-013
3189 4.2291E-013
3192 4.1482E-013
3195 4.1125E-013
3197 4.1731E-013
3200 4.2571E-013
3203 4.3161E-013
3205 4.4102E-013
3208 4.3670E-013
3211 4.2248E-013
3214 4.1207E-013
3216 4.1398E-013
3219 4.2042E-013
3222 4.2861E-013
3225 4.2334E-013
3227 4.1915E-013
3230 4.0692E-013
3233 4.1502E-013
3236 4.0920E-013
3238 4.1479E-013
3241 4.2162E-013
3244 4.3217E-013
3247 4.3348E-013
3249 4.2653E-013
3252 4.2875E-013
3255 4.2865E-013
3258 4.4757E-013
3260 4.5146E-013
3263 4.4460E-013
3266 4.5053E-013
3269 4.5035E-013
3271 4.4731E-013
3274 4.4197E-013
3277 4.4225E-013
3280 4.2959E-013
3282 4.3406E-013
3285 4.4004E-013
3288 4.4323E-013
3291 4.4417E-013
3293 4.5450E-013
3296 4.5723E-013
3299 4.6529E-013
3302 4.6092E-013
3304 4.4955E-013
3307 4.4290E-013
3310 4.4838E-013
3313 4.5333E-013
3315 4.4850E-013
3318 4.4166E-013
3321 4.4297E-013
3324 4.3570E-013
3326 4.3972E-013
3329 4.3992E-013
3332 4.4178E-013
3335 4.4132E-013
3337 4.3783E-013
3340 4.3961E-013
3343 4.3179E-013
3346 4.3933E-013
3348 4.3727E-013
3351 4.2416E-013
3354 4.4448E-013
3357 4.4750E-013
3359 4.1987E-013
3362 3.8950E-013
3365 4.2044E-013
3368 4.3404E-013
3370 4.2329E-013
3373 4.0934E-013
3376 4.2594E-013
3379 4.4096E-013
3381 4.2937E-013
3384 4.3082E-013
3387 4.3625E-013
3390 4.4035E-013
3392 4.4248E-013
3395 4.3445E-013
3398 4.4828E-013
3401 4.5416E-013
3403 4.4915E-013
3406 4.4024E-013
3409 4.3643E-013
3412 4.3921E-013
3414 4.3635E-013
3417 4.4065E-013
3420 4.5074E-013
3423 4.5042E-013
3425 4.4661E-013
3428 4.5262E-013
3431 4.6125E-013
3434 4.5651E-013
3436 4.5187E-013
3439 4.4886E-013
3442 4.3973E-013
3445 4.3286E-013
3447 4.3940E-013
3450 4.4880E-013
3453 4.5553E-013
3456 4.5066E-013
3458 4.5736E-013
3461 4.4944E-013
3464 4.5257E-013
3467 4.5783E-013
3469 4.5642E-013
3472 4.6217E-013
3475 4.4995E-013
3478 4.4244E-013
3480 4.5169E-013
3483 4.6142E-013
3486 4.5700E-013
3489 4.6305E-013
3491 4.5366E-013
3494 4.4688E-013
3497 4.5136E-013
3500 4.5089E-013
3502 4.5541E-013
3505 4.5755E-013
3508 4.5853E-013
3511 4.5868E-013
3513 4.4972E-013
3516 4.4821E-013
3519 4.5733E-013
3522 4.5639E-013
3524 4.5245E-013
3527 4.4584E-013
3530 4.4538E-013
3533 4.5451E-013
3535 4.6407E-013
3538 4.6523E-013
3541 4.6706E-013
3543 4.6803E-013
3546 4.7630E-013
3549 4.7303E-013
3552 4.7471E-013
3554 4.7290E-013
3557 4.6464E-013
3560 4.5991E-013
3563 4.6887E-013
3565 4.6717E-013
3568 4.5396E-013
3571 4.4917E-013
3574 4.4486E-013
3576 4.4880E-013
3579 4.5560E-013
3582 4.5622E-013
3585 4.4917E-013
3587 4.3656E-013
3590 4.4077E-013
3593 4.5932E-013
3596 4.6187E-013
3598 4.6127E-013
3601 4.7109E-013
3604 4.6395E-013
3607 4.5353E-013
3609 4.5434E-013
3612 4.5205E-013
3615 4.5436E-013
3618 4.5746E-013
3620 4.5732E-013
3623 4.5869E-013
3626 4.6647E-013
3629 4.7315E-013
3631 4.6975E-013
3634 4.5273E-013
3637 4.6447E-013
3640 4.6566E-013
3642 4.7447E-013
3645 4.6019E-013
3648 4.5919E-013
3651 4.5764E-013
3653 4.6698E-013
3656 4.7448E-013
3659 4.8059E-013
3662 4.7768E-013
3664 4.8142E-013
3667 4.8078E-013
3670 4.8511E-013
3673 4.8315E-013
3675 4.8057E-013
3678 4.7371E-013
3681 4.7039E-013
3684 4.6617E-013
3686 4.6203E-013
3689 4.5717E-013
3692 4.7288E-013
3695 4.7967E-013
3697 4.8643E-013
3700 4.7691E-013
3703 4.9192E-013
3706 4.7073E-013
3708 4.6029E-013
3711 4.7306E-013
3714 4.5849E-013
3717 4.8869E-013
3719 5.0676E-013
3722 4.7639E-013
3725 4.5611E-013
3728 4.9004E-013
3730 5.1866E-013
3733 4.9568E-013
3736 4.4390E-013
3739 4.3998E-013
3741 4.9861E-013
3744 5.3437E-013
3747 5.1351E-013
3750 4.6979E-013
3752 4.5194E-013
3755 4.8334E-013
3758 5.3263E-013
3761 5.4461E-013
3763 5.4588E-013
3766 5.4786E-013
3769 5.1435E-013
3772 4.5879E-013
3774 4.4478E-013
3777 5.1879E-013
3780 5.7229E-013
3783 6.0173E-013
3785 6.0530E-013
3788 6.0061E-013
3791 5.8855E-013
3794 5.7042E-013
3796 5.2497E-013
3799 4.5335E-013
3802 4.3577E-013
3805 5.1942E-013
3807 5.6275E-013
3810 5.9097E-013
3813 6.1318E-013
3816 6.0829E-013
3818 6.0276E-013
3821 6.1400E-013
3824 6.0216E-013
3827 5.8827E-013
3829 5.6074E-013
3832 5.3420E-013
3835 4.7613E-013
3838 4.0931E-013
3840 4.3812E-013
3843 5.1115E-013
3846 5.6544E-013
3849 5.8722E-013
3851 6.0896E-013
3854 6.2057E-013
3857 6.3305E-013
3860 6.2559E-013
3862 6.2249E-013
3865 6.3710E-013
3868 6.3849E-013
3871 6.4074E-013
3873 6.3418E-013
3876 6.1942E-013
3879 6.1090E-013
3882 5.7977E-013
3884 5.7823E-013
3887 5.3536E-013
3890 4.5744E-013
3893 4.2423E-013
3895 4.9472E-013
3898 5.5140E-013
3901 5.7407E-013
3904 5.9077E-013
3906 6.0254E-013
3909 6.1120E-013
3912 6.3346E-013
3915 6.4037E-013
3917 6.3929E-013
3920 6.4140E-013
3923 6.1918E-013
3926 6.2647E-013
3928 6.2585E-013
3931 5.8309E-013
3934 4.7676E-013
3937 3.6441E-013
3939 4.7514E-013
3942 5.8881E-013
3945 6.1920E-013
3948 6.2430E-013
3950 6.2790E-013
3953 6.2575E-013
3956 6.2635E-013
3959 6.1681E-013
3961 6.0104E-013
3964 5.7948E-013
3967 5.2513E-013
3970 4.0970E-013
3972 3.2730E-013
3975 4.1975E-013
3978 5.2234E-013
3981 5.7537E-013
3983 6.0044E-013
3986 6.1730E-013
3989 6.2956E-013
3992 6.3218E-013
3994 6.4660E-013
3997 6.5002E-013
4000 6.4665E-013
4003 6.4977E-013
4005 6.5521E-013
4008 6.5031E-013
4011 6.5610E-013
4014 6.6071E-013
4016 6.6403E-013
4019 6.6587E-013
4022 6.6900E-013
4025 6.6323E-013
4027 6.6009E-013
4030 6.5582E-013
4033 6.5001E-013
4036 6.4899E-013
4038 6.5489E-013
4041 6.6604E-013
4044 6.6482E-013
4047 6.5317E-013
4049 6.5113E-013
4052 6.5671E-013
4055 6.5959E-013
4058 6.5373E-013
4060 6.5843E-013
4063 6.5780E-013
4066 6.4523E-013
4069 6.4330E-013
4071 6.4766E-013
4074 6.4047E-013
4077 6.4104E-013
4080 6.3471E-013
4082 6.3565E-013
4085 6.3988E-013
4088 6.3524E-013
4091 6.2813E-013
4093 6.1767E-013
4096 6.0010E-013
4099 5.7333E-013
4102 5.1724E-013
4104 4.4068E-013
4107 4.6950E-013
4110 5.3769E-013
4113 5.8031E-013
4115 6.0947E-013
4118 6.2042E-013
4121 6.2654E-013
4124 6.3332E-013
4126 6.3933E-013
4129 6.4447E-013
4132 6.4191E-013
4135 6.4109E-013
4137 6.4264E-013
4140 6.5074E-013
4143 6.4956E-013
4146 6.4661E-013
4148 6.4775E-013
4151 6.5479E-013
4154 6.5457E-013
4157 6.5065E-013
4159 6.4607E-013
4162 6.4985E-013
4165 6.5238E-013
4167 6.5397E-013
4170 6.5373E-013
4173 6.5372E-013
4176 6.4309E-013
4178 6.4033E-013
4181 6.4203E-013
4184 6.4768E-013
4187 6.4346E-013
4189 6.4426E-013
4192 6.4030E-013
4195 6.4722E-013
4198 6.4515E-013
4200 6.3863E-013
4203 6.3236E-013
4206 6.4067E-013
4209 6.4703E-013
4211 6.4832E-013
4214 6.4561E-013
4217 6.4217E-013
4220 6.3734E-013
4222 6.3778E-013
4225 6.3910E-013
4228 6.3295E-013
4231 6.2092E-013
4233 6.3731E-013
4236 6.3656E-013
4239 6.3651E-013
4242 6.3805E-013
4244 6.4030E-013
4247 6.3981E-013
4250 6.3193E-013
4253 6.2849E-013
4255 6.3148E-013
4258 6.2885E-013
4261 6.3960E-013
4264 6.3640E-013
4266 6.3942E-013
4269 6.4295E-013
4272 6.2747E-013
4275 6.2332E-013
4277 6.2307E-013
4280 6.3222E-013
4283 6.3738E-013
4286 6.2576E-013
4288 6.2551E-013
4291 6.1844E-013
4294 6.0076E-013
4297 6.1421E-013
4299 6.1653E-013
4302 6.0151E-013
4305 5.9630E-013
4308 6.0391E-013
4310 5.9861E-013
4313 5.9800E-013
4316 6.0602E-013
4319 6.0546E-013
4321 6.1108E-013
4324 6.1018E-013
4327 5.9797E-013
4330 5.8352E-013
4332 5.8998E-013
4335 5.8041E-013
4338 5.5071E-013
4341 4.9771E-013
4343 4.2473E-013
4346 4.5758E-013
4349 5.2209E-013
4352 5.6886E-013
4354 5.7668E-013
4357 5.9055E-013
4360 6.0434E-013
4363 6.1201E-013
4365 6.1998E-013
4368 6.1672E-013
4371 6.1674E-013
4374 6.1733E-013
4376 6.2029E-013
4379 6.1954E-013
4382 6.2523E-013
4385 6.2214E-013
4387 6.0963E-013
4390 6.1744E-013
4393 6.2649E-013
4396 6.2719E-013
4398 6.1725E-013
4401 6.2465E-013
4404 6.2310E-013
4407 6.2092E-013
4409 6.2251E-013
4412 6.2503E-013
4415 6.2924E-013
4418 6.1935E-013
4420 6.2227E-013
4423 6.2355E-013
4426 6.2500E-013
4429 6.2642E-013
4431 6.2219E-013
4434 6.2684E-013
4437 6.2565E-013
4440 6.2390E-013
4442 6.2567E-013
4445 6.2150E-013
4448 6.1921E-013
4451 6.1538E-013
4453 6.1990E-013
4456 6.2105E-013
4459 6.1886E-013
4462 6.1982E-013
4464 6.1984E-013
4467 6.2312E-013
4470 6.1080E-013
4473 6.1331E-013
4475 6.1420E-013
4478 6.2338E-013
4481 6.2156E-013
4484 6.1835E-013
4486 6.1683E-013
4489 6.2229E-013
4492 6.2092E-013
4495 6.2374E-013
4497 6.2073E-013
4500 6.1980E-013
4503 6.1921E-013
4506 6.2115E-013
4508 6.2471E-013
4511 6.2342E-013
4514 6.2697E-013
4516 6.2411E-013
4519 6.2300E-013
4522 6.2215E-013
4525 6.0858E-013
4527 6.1464E-013
4530 6.1018E-013
4533 6.0741E-013
4536 6.0749E-013
4538 6.0989E-013
4541 6.1253E-013
4544 6.1822E-013
4547 6.1724E-013
4549 6.1253E-013
4552 6.0847E-013
4555 6.0369E-013
4558 6.0714E-013
4560 6.1258E-013
4563 6.1495E-013
4566 6.1259E-013
4569 6.1193E-013
4571 6.1386E-013
4574 6.1241E-013
4577 6.1351E-013
4580 6.1801E-013
4582 6.1613E-013
4585 6.1214E-013
4588 6.0958E-013
4591 6.0904E-013
4593 6.0883E-013
4596 6.0867E-013
4599 6.1322E-013
4602 6.1364E-013
4604 6.1159E-013
4607 6.1350E-013
4610 6.1174E-013
4613 6.1243E-013
4615 6.1341E-013
4618 6.1241E-013
4621 6.1071E-013
4624 6.1056E-013
4626 6.1191E-013
4629 6.1056E-013
4632 6.1234E-013
4635 6.0854E-013
4637 6.1236E-013
4640 6.0984E-013
4643 6.1538E-013
4646 6.0519E-013
4648 6.0660E-013
4651 6.0679E-013
4654 6.0214E-013
4657 6.0850E-013
4659 6.0487E-013
4662 6.0235E-013
4665 6.0628E-013
4668 6.0913E-013
4670 6.0340E-013
4673 6.0361E-013
4676 6.0141E-013
4679 6.0534E-013
4681 6.0454E-013
4684 6.0442E-013
4687 5.9886E-013
4690 5.9568E-013
4692 6.0607E-013
4695 6.0244E-013
4698 6.0134E-013
4701 6.0650E-013
4703 6.0051E-013
4706 5.9675E-013
4709 5.9373E-013
4712 6.0108E-013
4714 5.9804E-013
4717 6.0101E-013
4720 5.9694E-013
4722 6.0154E-013
4725 5.9502E-013
4728 5.9440E-013
4731 5.9879E-013
4733 5.9669E-013
4736 5.9833E-013
4739 5.9650E-013
4742 5.9401E-013
4744 5.9522E-013
4747 5.9915E-013
4750 6.0024E-013
4753 5.9557E-013
4755 5.9566E-013
4758 5.9096E-013
4761 5.8994E-013
4764 5.9068E-013
4766 5.9291E-013
4769 5.9458E-013
4772 5.9371E-013
4775 5.8933E-013
4777 5.9074E-013
4780 5.8777E-013
4783 5.8784E-013
4786 5.8957E-013
4788 5.8656E-013
4791 5.8638E-013
4794 5.8338E-013
4797 5.8482E-013
4799 5.8569E-013
4802 5.8581E-013
4805 5.8081E-013
4808 5.8241E-013
4810 5.8144E-013
4813 5.8306E-013
4816 5.8057E-013
4819 5.7392E-013
4821 5.7483E-013
4824 5.7648E-013
4827 5.8061E-013
4830 5.8028E-013
4832 5.7945E-013
4835 5.7684E-013
4838 5.7286E-013
4841 5.7085E-013
4843 5.6997E-013
4846 5.6663E-013
4849 5.5911E-013
4852 5.5524E-013
4854 5.4812E-013
4857 5.3341E-013
4860 5.0301E-013
4862 4.4878E-013
4865 3.9589E-013
4868 4.4031E-013
4871 4.9261E-013
4873 5.2171E-013
4876 5.3381E-013
4879 5.4349E-013
4882 5.5178E-013
4884 5.5841E-013
4887 5.5623E-013
4890 5.6435E-013
4893 5.6337E-013
4895 5.5979E-013
4898 5.6326E-013
4901 5.6575E-013
4904 5.7070E-013
4906 5.7252E-013
4909 5.7216E-013
4912 5.6988E-013
4915 5.7088E-013
4917 5.7451E-013
4920 5.6634E-013
4923 5.6401E-013
4926 5.6449E-013
4928 5.6566E-013
4931 5.6823E-013
4934 5.6935E-013
4937 5.7017E-013
4939 5.6756E-013
4942 5.7023E-013
4945 5.6818E-013
4948 5.7150E-013
4950 5.7216E-013
4953 5.6879E-013
4956 5.6771E-013
4959 5.6848E-013
4961 5.6094E-013
4964 5.6252E-013
4967 5.6507E-013
4970 5.6791E-013
4972 5.6995E-013
4975 5.6942E-013
4978 5.6946E-013
4980 5.6880E-013
4983 5.6649E-013
4986 5.6420E-013
4989 5.6140E-013
4991 5.6529E-013
4994 5.6495E-013
4997 5.6720E-013
5000 5.6493E-013
5002 5.6286E-013
5005 5.6454E-013
5008 5.6134E-013
5011 5.5927E-013
5013 5.6025E-013
5016 5.5965E-013
5019 5.6067E-013
5022 5.5986E-013
5024 5.6166E-013
5027 5.5422E-013
5030 5.5919E-013
5033 5.5468E-013
5035 5.6059E-013
5038 5.6447E-013
5041 5.5571E-013
5044 5.5787E-013
5046 5.5829E-013
5049 5.6357E-013
5052 5.6043E-013
5055 5.5732E-013
5057 5.5924E-013
5060 5.6156E-013
5063 5.5995E-013
5066 5.5807E-013
5068 5.5871E-013
5071 5.5623E-013
5074 5.5650E-013
5077 5.5688E-013
5079 5.5742E-013
5082 5.5571E-013
5085 5.5133E-013
5087 5.5579E-013
5090 5.5437E-013
5093 5.5623E-013
5096 5.5401E-013
5098 5.5483E-013
5101 5.5469E-013
5104 5.5549E-013
5107 5.5418E-013
5109 5.5431E-013
5112 5.5035E-013
5115 5.5130E-013
5118 5.5200E-013
5120 5.5020E-013
5123 5.5260E-013
5126 5.5066E-013
5129 5.4431E-013
5131 5.5152E-013
5134 5.4714E-013
5137 5.4350E-013
5140 5.4521E-013
5142 5.4397E-013
5145 5.4413E-013
5148 5.4623E-013
5151 5.4747E-013
5153 5.4726E-013
5156 5.4827E-013
5159 5.4775E-013
5162 5.4656E-013
5164 5.4637E-013
5167 5.4186E-013
5170 5.3239E-013
5172 5.1862E-013
5175 5.2077E-013
5178 5.2546E-013
5181 5.4013E-013
5183 5.3784E-013
5186 5.3288E-013
5189 5.2328E-013
5192 5.3372E-013
5194 5.3542E-013
5197 5.3382E-013
5200 5.3593E-013
5203 5.3665E-013
5205 5.3789E-013
5208 5.3768E-013
5211 5.3307E-013
5214 5.3356E-013
5216 5.3994E-013
5219 5.3755E-013
5222 5.3693E-013
5225 5.4138E-013
5227 5.3850E-013
5230 5.3354E-013
5233 5.2926E-013
5236 5.3054E-013
5238 5.3180E-013
5241 5.3652E-013
5244 5.3940E-013
5247 5.3741E-013
5249 5.3716E-013
5252 5.3552E-013
5255 5.3512E-013
5257 5.3753E-013
5260 5.3748E-013
5263 5.3497E-013
5266 5.2915E-013
5268 5.2773E-013
5271 5.1823E-013
5274 5.2005E-013
5277 5.2516E-013
5279 5.2782E-013
5282 5.3069E-013
5285 5.2912E-013
5288 5.2912E-013
5290 5.3139E-013
5293 5.3489E-013
5296 5.3074E-013
5299 5.3443E-013
5301 5.3130E-013
5304 5.2971E-013
5307 5.2926E-013
5310 5.3266E-013
5312 5.3065E-013
5315 5.2668E-013
5318 5.2573E-013
5320 5.2819E-013
5323 5.2628E-013
5326 5.2451E-013
5329 5.1900E-013
5331 5.1740E-013
5334 5.1782E-013
5337 5.2244E-013
5340 5.2459E-013
5342 5.2085E-013
5345 5.2255E-013
5348 5.2361E-013
5351 5.2629E-013
5353 5.2802E-013
5356 5.1680E-013
5359 5.2393E-013
5362 5.2394E-013
5364 5.2475E-013
5367 5.2575E-013
5370 5.2471E-013
5373 5.1834E-013
5375 5.0774E-013
5378 5.1941E-013
5381 5.2163E-013
5384 5.2132E-013
5386 5.1864E-013
5389 5.1922E-013
5392 5.1915E-013
5394 5.2264E-013
5397 5.1789E-013
5400 5.1339E-013
5403 5.0726E-013
5405 5.1343E-013
5408 5.1364E-013
5411 5.1211E-013
5414 5.1419E-013
5416 5.1375E-013
5419 5.1643E-013
5422 5.1550E-013
5425 5.1797E-013
5427 5.1372E-013
5430 5.1513E-013
5433 5.1234E-013
5436 5.1072E-013
5438 5.0807E-013
5441 5.1157E-013
5444 5.1200E-013
5446 5.1261E-013
5449 5.0861E-013
5451 5.0809E-013
5455 5.0918E-013
5460 5.0474E-013
5465 5.0576E-013
5470 5.0682E-013
5475 5.1143E-013
5480 5.0850E-013
5485 5.0689E-013
5490 5.0603E-013
5494 5.0699E-013
5499 5.0585E-013
5504 5.0771E-013
5509 5.0509E-013
5514 5.0452E-013
5519 5.0647E-013
5524 5.0964E-013
5528 5.0299E-013
5533 5.0054E-013
5538 5.0269E-013
5543 4.9815E-013
5548 5.0242E-013
5553 5.0127E-013
5558 5.0045E-013
5563 5.0069E-013
5567 5.0062E-013
5572 4.9900E-013
5577 4.9558E-013
5582 4.9740E-013
5587 4.9966E-013
5592 4.9510E-013
5597 4.9041E-013
5602 4.9410E-013
5606 4.9262E-013
5611 4.9608E-013
5616 4.8935E-013
5621 4.8778E-013
5626 4.9051E-013
5631 4.9278E-013
5636 4.8997E-013
5641 4.8865E-013
5645 4.8781E-013
5650 4.8753E-013
5655 4.8926E-013
5660 4.8897E-013
5665 4.8751E-013
5670 4.8757E-013
5675 4.8628E-013
5680 4.8413E-013
5684 4.8537E-013
5689 4.8030E-013
5694 4.8275E-013
5699 4.8366E-013
5704 4.8557E-013
5709 4.8282E-013
5714 4.8085E-013
5719 4.8341E-013
5723 4.8282E-013
5728 4.8057E-013
5733 4.7894E-013
5738 4.7992E-013
5743 4.7772E-013
5748 4.7882E-013
5753 4.7945E-013
5758 4.7808E-013
5762 4.7655E-013
5767 4.7790E-013
5772 4.7724E-013
5777 4.7750E-013
5782 4.8001E-013
5787 4.7471E-013
5792 4.7291E-013
5797 4.7233E-013
5801 4.7337E-013
5806 4.7039E-013
5811 4.7345E-013
5816 4.7177E-013
5821 4.7244E-013
5826 4.7011E-013
5831 4.6889E-013
5836 4.6794E-013
5840 4.6744E-013
5845 4.6796E-013
5850 4.6718E-013
5855 4.6237E-013
5860 4.5891E-013
5865 4.6371E-013
5870 4.6409E-013
5875 4.6538E-013
5879 4.6425E-013
5884 4.6319E-013
5889 4.6082E-013
5894 4.5358E-013
5899 4.5447E-013
5904 4.5378E-013
5909 4.5941E-013
5914 4.6245E-013
5918 4.5635E-013
5923 4.6177E-013
5928 4.5459E-013
5933 4.6075E-013
5938 4.5810E-013
5943 4.5999E-013
5948 4.5605E-013
5953 4.5621E-013
5957 4.5858E-013
5962 4.5316E-013
5967 4.5576E-013
5972 4.5599E-013
5977 4.5464E-013
5982 4.5213E-013
5987 4.5256E-013
5992 4.5167E-013
5996 4.5152E-013
6001 4.5174E-013
6006 4.4865E-013
6011 4.4983E-013
6016 4.4958E-013
6021 4.4861E-013
6026 4.4931E-013
6031 4.4797E-013
6035 4.4837E-013
6040 4.4705E-013
6045 4.5152E-013
6050 4.4803E-013
6055 4.4437E-013
6060 4.4324E-013
6065 4.4336E-013
6070 4.4290E-013
6074 4.4276E-013
6079 4.4187E-013
6084 4.4216E-013
6089 4.4003E-013
6094 4.4070E-013
6099 4.4133E-013
6104 4.4169E-013
6109 4.4181E-013
6113 4.4031E-013
6118 4.3928E-013
6123 4.3894E-013
6128 4.3169E-013
6133 4.3817E-013
6138 4.3620E-013
6143 4.3520E-013
6148 4.3428E-013
6153 4.3505E-013
6157 4.3404E-013
6162 4.3459E-013
6167 4.3181E-013
6172 4.3117E-013
6177 4.3407E-013
6182 4.3464E-013
6187 4.3261E-013
6192 4.3149E-013
6196 4.3203E-013
6201 4.3059E-013
6206 4.2999E-013
6211 4.2955E-013
6216 4.2942E-013
6221 4.2862E-013
6226 4.2733E-013
6231 4.2852E-013
6235 4.2749E-013
6240 4.2738E-013
6245 4.2574E-013
6250 4.2578E-013
6255 4.2311E-013
6260 4.2495E-013
6265 4.2494E-013
6270 4.2270E-013
6274 4.2286E-013
6279 4.2386E-013
6284 4.2377E-013
6289 4.2214E-013
6294 4.2038E-013
6299 4.2062E-013
6304 4.1925E-013
6309 4.1743E-013
6314 4.1633E-013
6318 4.1652E-013
6323 4.1476E-013
6328 4.1243E-013
6333 4.1120E-013
6338 4.1105E-013
6343 4.1370E-013
6348 4.1278E-013
6353 4.1328E-013
6357 4.1225E-013
6362 4.1476E-013
6367 4.1389E-013
6372 4.1277E-013
6377 4.1176E-013
6382 4.1392E-013
6387 4.1134E-013
6392 4.1203E-013
6396 4.0863E-013
6401 4.0978E-013
6406 4.0950E-013
6411 4.0747E-013
6416 4.0709E-013
6421 4.0712E-013
6426 4.0588E-013
6431 4.0634E-013
6436 4.0546E-013
6440 4.0367E-013
6445 4.0179E-013
6450 4.0156E-013
6455 4.0191E-013
6460 4.0160E-013
6465 4.0004E-013
6470 4.0059E-013
6475 4.0080E-013
6479 3.9899E-013
6484 3.9920E-013
6489 3.9930E-013
6494 3.9673E-013
6499 3.9762E-013
6504 3.9606E-013
6509 3.9911E-013
6514 3.9661E-013
6518 3.9674E-013
6523 3.9517E-013
6528 3.9535E-013
6533 3.9313E-013
6538 3.9091E-013
6543 3.9006E-013
6548 3.8641E-013
6553 3.7904E-013
6558 3.6785E-013
6562 3.4836E-013
6567 3.1486E-013
6572 3.2120E-013
6577 3.5280E-013
6582 3.6766E-013
6587 3.7762E-013
6592 3.8376E-013
6597 3.8320E-013
6601 3.8687E-013
6606 3.8675E-013
6611 3.8795E-013
6616 3.8687E-013
6621 3.8664E-013
6626 3.8554E-013
6631 3.8622E-013
6636 3.8657E-013
6641 3.8600E-013
6645 3.8773E-013
6650 3.8543E-013
6655 3.8610E-013
6660 3.8549E-013
6665 3.8512E-013
6670 3.8328E-013
6675 3.8369E-013
6680 3.8488E-013
6684 3.8050E-013
6689 3.8239E-013
6694 3.8131E-013
6699 3.8179E-013
6704 3.8166E-013
6709 3.8073E-013
6714 3.8015E-013
6719 3.7995E-013
6724 3.8164E-013
6728 3.8180E-013
6733 3.7841E-013
6738 3.7794E-013
6743 3.7927E-013
6748 3.7937E-013
6753 3.7727E-013
6758 3.7686E-013
6763 3.7579E-013
6767 3.7658E-013
6772 3.7669E-013
6777 3.7442E-013
6782 3.7523E-013
6787 3.7400E-013
6792 3.7561E-013
6797 3.7364E-013
6802 3.7352E-013
6807 3.7171E-013
6811 3.7254E-013
6816 3.7246E-013
6821 3.7156E-013
6826 3.7043E-013
6831 3.7238E-013
6836 3.7104E-013
6841 3.7039E-013
6846 3.6944E-013
6850 3.6887E-013
6855 3.6958E-013
6860 3.6490E-013
6865 3.6603E-013
6870 3.6439E-013
6875 3.6565E-013
6880 3.6890E-013
6885 3.6424E-013
6890 3.6558E-013
6894 3.6779E-013
6899 3.6661E-013
6904 3.6309E-013
6909 3.6337E-013
6914 3.6180E-013
6919 3.6464E-013
6924 3.6147E-013
6929 3.6252E-013
6933 3.6397E-013
6938 3.5967E-013
6943 3.6100E-013
6948 3.6003E-013
6953 3.5779E-013
6958 3.5977E-013
6963 3.5991E-013
6968 3.5820E-013
6973 3.5776E-013
6977 3.5730E-013
6982 3.5772E-013
6987 3.5669E-013
6992 3.5830E-013
6997 3.5546E-013
7002 3.5740E-013
7007 3.5505E-013
7012 3.5439E-013
7016 3.5283E-013
7021 3.5213E-013
7026 3.5436E-013
7031 3.5382E-013
7036 3.5252E-013
7041 3.4889E-013
7046 3.4987E-013
7051 3.5062E-013
7056 3.5059E-013
7060 3.5007E-013
7065 3.4875E-013
7070 3.4846E-013
7075 3.4896E-013
7080 3.4659E-013
7085 3.4822E-013
7090 3.4627E-013
7095 3.4731E-013
7100 3.4634E-013
7104 3.4849E-013
7109 3.4693E-013
7114 3.4602E-013
7119 3.4273E-013
7124 3.4516E-013
7129 3.4488E-013
7134 3.4305E-013
7139 3.4286E-013
7143 3.4476E-013
7148 3.4324E-013
7153 3.4297E-013
7158 3.4015E-013
7163 3.4112E-013
7168 3.4116E-013
7173 3.4138E-013
7178 3.4083E-013
7183 3.3793E-013
7187 3.3851E-013
7192 3.3922E-013
7197 3.3931E-013
7202 3.3802E-013
7207 3.3651E-013
7212 3.3688E-013
7217 3.3782E-013
7222 3.3681E-013
7226 3.3797E-013
7231 3.3542E-013
7236 3.3586E-013
7241 3.3394E-013
7246 3.3760E-013
7251 3.3539E-013
7256 3.3466E-013
7261 3.3208E-013
7266 3.3228E-013
7270 3.3423E-013
7275 3.3253E-013
7280 3.3026E-013
7285 3.3329E-013
7290 3.3061E-013
7295 3.3153E-013
7300 3.3162E-013
7305 3.2935E-013
7310 3.3052E-013
7314 3.2909E-013
7319 3.2814E-013
7324 3.2978E-013
7329 3.2740E-013
7334 3.2654E-013
7339 3.2783E-013
7344 3.2630E-013
7349 3.2806E-013
7353 3.2954E-013
7358 3.2659E-013
7363 3.2583E-013
7368 3.2356E-013
7373 3.2529E-013
7378 3.2317E-013
7383 3.2370E-013
7388 3.2350E-013
7393 3.2064E-013
7397 3.2272E-013
7402 3.2225E-013
7407 3.2161E-013
7412 3.2018E-013
7417 3.2118E-013
7422 3.1958E-013
7427 3.2038E-013
7432 3.1904E-013
7437 3.1915E-013
7441 3.1874E-013
7446 3.2043E-013
7451 3.1948E-013
7456 3.1922E-013
7461 3.1700E-013
7466 3.1594E-013
7471 3.1882E-013
7476 3.1589E-013
7480 3.1580E-013
7485 3.1474E-013
7490 3.1574E-013
7495 3.1551E-013
7500 3.1421E-013
7505 3.1383E-013
7510 3.1287E-013
7515 3.1441E-013
7520 3.1241E-013
7524 3.1431E-013
7529 3.1147E-013
7534 3.1054E-013
7539 3.1101E-013
7544 3.1070E-013
7549 3.1332E-013
7554 3.1015E-013
7559 3.1109E-013
7564 3.1164E-013
7568 3.1130E-013
7573 3.0860E-013
7578 3.0772E-013
7583 3.0747E-013
7588 3.0906E-013
7593 3.0686E-013
7598 3.0658E-013
7603 3.0661E-013
7607 3.0691E-013
7612 3.0804E-013
7617 3.0632E-013
7622 3.0670E-013
7627 3.0745E-013
7632 3.0440E-013
7637 3.0583E-013
7642 3.0348E-013
7647 3.0252E-013
7651 3.0496E-013
7656 3.0524E-013
7661 3.0234E-013
7666 3.0135E-013
7671 3.0206E-013
7676 3.0158E-013
7681 3.0221E-013
7686 3.0324E-013
7691 2.9987E-013
7695 3.0134E-013
7700 2.9788E-013
7705 2.9998E-013
7710 2.9995E-013
7715 2.9683E-013
7720 2.9922E-013
7725 2.9982E-013
7730 2.9941E-013
7735 3.0165E-013
7739 2.9764E-013
7744 2.9777E-013
7749 2.9609E-013
7754 2.9520E-013
7759 2.9649E-013
7764 2.9698E-013
7769 2.9639E-013
7774 2.9683E-013
7778 2.9515E-013
7783 2.9313E-013
7788 2.9511E-013
7793 2.9532E-013
7798 2.9386E-013
7803 2.9261E-013
7808 2.9496E-013
7813 2.9299E-013
7818 2.9289E-013
7822 2.9183E-013
7827 2.9232E-013
7832 2.9165E-013
7837 2.9120E-013
7842 2.9098E-013
7847 2.9024E-013
7852 2.8992E-013
7857 2.9196E-013
7862 2.9282E-013
7866 2.9002E-013
7871 2.8834E-013
7876 2.8791E-013
7881 2.8637E-013
7886 2.8724E-013
7891 2.8723E-013
7896 2.8934E-013
7901 2.8789E-013
7905 2.8669E-013
7910 2.8411E-013
7915 2.8390E-013
7920 2.8265E-013
7925 2.8342E-013
7930 2.8362E-013
7935 2.8166E-013
7940 2.8305E-013
7945 2.8084E-013
7949 2.8208E-013
7954 2.8217E-013
7959 2.7987E-013
7964 2.8321E-013
7969 2.8179E-013
7974 2.8195E-013
7979 2.8488E-013
7984 2.8318E-013
7989 2.8155E-013
7993 2.8166E-013
7998 2.7858E-013
8003 2.7923E-013
8008 2.7970E-013
8013 2.8041E-013
8018 2.8110E-013
8023 2.7957E-013
8028 2.7999E-013
8032 2.8016E-013
8037 2.7777E-013
8042 2.7878E-013
8047 2.7663E-013
8052 2.7648E-013
8057 2.7553E-013
8062 2.7593E-013
8067 2.7455E-013
8072 2.7537E-013
8076 2.7417E-013
8081 2.7360E-013
8086 2.7234E-013
8091 2.7291E-013
8096 2.7241E-013
8101 2.7233E-013
8106 2.7282E-013
8111 2.7012E-013
8116 2.7210E-013
8120 2.7187E-013
8125 2.7076E-013
8130 2.7177E-013
8135 2.7252E-013
8140 2.6961E-013
8145 2.6992E-013
8150 2.7201E-013
8155 2.6998E-013
8160 2.6948E-013
8164 2.6929E-013
8169 2.6781E-013
8174 2.6823E-013
8179 2.6699E-013
8184 2.6844E-013
8189 2.6429E-013
8194 2.6538E-013
8199 2.6669E-013
8203 2.6623E-013
8208 2.6284E-013
8213 2.6481E-013
8218 2.6565E-013
8223 2.6365E-013
8228 2.6481E-013
8233 2.6681E-013
8238 2.6374E-013
8243 2.6485E-013
8247 2.6445E-013
8252 2.6431E-013
8257 2.6362E-013
8262 2.6307E-013
8267 2.6007E-013
8272 2.6126E-013
8277 2.6051E-013
8282 2.6159E-013
8287 2.6034E-013
8291 2.6050E-013
8296 2.5943E-013
8301 2.5998E-013
8306 2.5965E-013
8311 2.5938E-013
8316 2.5881E-013
8321 2.5806E-013
8326 2.5728E-013
8330 2.5873E-013
8335 2.5905E-013
8340 2.5680E-013
8345 2.5733E-013
8350 2.5608E-013
8355 2.5461E-013
8360 2.5617E-013
8365 2.5283E-013
8370 2.5237E-013
8374 2.5214E-013
8379 2.5475E-013
8384 2.5171E-013
8389 2.5372E-013
8394 2.5412E-013
8399 2.5433E-013
8404 2.5358E-013
8409 2.5251E-013
8414 2.5417E-013
8418 2.5323E-013
8423 2.5244E-013
8428 2.5154E-013
8433 2.5193E-013
8438 2.5319E-013
8443 2.5111E-013
8448 2.4945E-013
8453 2.4762E-013
8457 2.4880E-013
8462 2.4940E-013
8467 2.5128E-013
8472 2.5058E-013
8477 2.4929E-013
8482 2.4983E-013
8487 2.4936E-013
8492 2.4941E-013
8497 2.4791E-013
8501 2.4647E-013
8506 2.4150E-013
8511 2.4324E-013
8516 2.4355E-013
8521 2.4475E-013
8526 2.4625E-013
8531 2.4617E-013
8536 2.4277E-013
8540 2.4217E-013
8545 2.3967E-013
8550 2.3151E-013
8555 2.3692E-013
8560 2.4238E-013
8565 2.4097E-013
8570 2.4532E-013
8575 2.4496E-013
8580 2.4654E-013
8584 2.4341E-013
8589 2.4194E-013
8594 2.4104E-013
8599 2.4139E-013
8604 2.4093E-013
8609 2.4053E-013
8614 2.3909E-013
8619 2.3893E-013
8624 2.4020E-013
8628 2.3940E-013
8633 2.3946E-013
8638 2.3831E-013
8643 2.3941E-013
8648 2.3790E-013
8653 2.3978E-013
8658 2.3736E-013
8663 2.3602E-013
8667 2.3007E-013
8672 2.2796E-013
8677 2.3156E-013
8682 2.3352E-013
8687 2.3501E-013
8692 2.3649E-013
8697 2.3643E-013
8702 2.3660E-013
8707 2.3662E-013
8711 2.3622E-013
8716 2.3594E-013
8721 2.3657E-013
8726 2.3720E-013
8731 2.3565E-013
8736 2.3503E-013
8741 2.3514E-013
8746 2.3282E-013
8750 2.3127E-013
8755 2.3037E-013
8760 2.3114E-013
8765 2.3120E-013
8770 2.3298E-013
8775 2.3315E-013
8780 2.3216E-013
8785 2.3084E-013
8790 2.3232E-013
8794 2.2996E-013
8799 2.3044E-013
8804 2.3106E-013
8809 2.3106E-013
8814 2.3124E-013
8819 2.3084E-013
8824 2.3115E-013
8829 2.2845E-013
8834 2.2810E-013
8838 2.2948E-013
8843 2.2894E-013
8848 2.2930E-013
8853 2.2708E-013
8858 2.2692E-013
8863 2.2569E-013
8868 2.2264E-013
8873 2.2153E-013
8877 2.2458E-013
8882 2.2612E-013
8887 2.2486E-013
8892 2.2564E-013
8897 2.2514E-013
8902 2.2423E-013
8907 2.2401E-013
8912 2.2475E-013
8917 2.2554E-013
8921 2.2469E-013
8926 2.2572E-013
8931 2.2615E-013
8936 2.2424E-013
8941 2.2647E-013
8946 2.2092E-013
8951 2.2510E-013
8956 2.2485E-013
8960 2.2588E-013
8965 2.2428E-013
8970 2.2397E-013
8975 2.2521E-013
8980 2.2325E-013
8985 2.2595E-013
8990 2.2286E-013
8995 2.2586E-013
9000 2.2147E-013
9004 2.1908E-013
9009 2.1774E-013
9014 2.1458E-013
9019 2.1490E-013
9024 2.1184E-013
9029 2.1510E-013
9034 2.1741E-013
9039 2.2011E-013
9043 2.2007E-013
9048 2.1736E-013
9053 2.1999E-013
9058 2.1755E-013
9063 2.1651E-013
9068 2.1796E-013
9073 2.1675E-013
9078 2.2040E-013
9083 2.2073E-013
9087 2.1732E-013
9092 2.1623E-013
9097 2.1502E-013
9102 2.1592E-013
9107 2.1631E-013
9112 2.1802E-013
9117 2.1905E-013
9122 2.1729E-013
9126 2.1633E-013
9131 2.1578E-013
9136 2.1562E-013
9141 2.1363E-013
9146 2.1570E-013
9151 2.1470E-013
9156 2.1446E-013
9161 2.1559E-013
9165 2.1629E-013
9170 2.1418E-013
9175 2.1137E-013
9180 2.1086E-013
9185 2.1164E-013
9190 2.1434E-013
9195 2.1354E-013
9200 2.1395E-013
9205 2.1247E-013
9209 2.0995E-013
9214 2.1033E-013
9219 2.0771E-013
9224 2.0868E-013
9229 2.0816E-013
9234 2.0284E-013
9239 2.0293E-013
9244 2.0269E-013
9248 2.0205E-013
9253 2.0533E-013
9258 2.0637E-013
9263 2.0900E-013
9268 2.0937E-013
9273 2.0893E-013
9278 2.0801E-013
9283 2.0756E-013
9288 2.0898E-013
9292 2.0925E-013
9297 2.1001E-013
9302 2.0807E-013
9307 2.0682E-013
9312 2.0580E-013
9317 2.0404E-013
9322 2.0399E-013
9327 2.0439E-013
9331 2.0513E-013
9336 2.0531E-013
9341 2.0544E-013
9346 2.0382E-013
9351 2.0252E-013
9356 2.0304E-013
9361 2.0355E-013
9366 2.0403E-013
9370 2.0380E-013
9375 2.0425E-013
9380 2.0228E-013
9385 2.0030E-013
9390 2.0048E-013
9395 2.0065E-013
9400 2.0193E-013
9405 2.0185E-013
9409 2.0234E-013
9414 2.0144E-013
9419 1.9973E-013
9424 1.9751E-013
9429 1.9967E-013
9434 1.9926E-013
9439 1.9842E-013
9444 2.0061E-013
9449 1.9942E-013
9453 1.9979E-013
9458 1.9969E-013
9463 1.9960E-013
9468 2.0030E-013
9473 2.0042E-013
9478 2.0124E-013
9483 1.9906E-013
9488 1.9632E-013
9492 1.9700E-013
9497 1.9782E-013
9502 1.9729E-013
9507 1.9701E-013
9512 1.9813E-013
9517 1.9700E-013
9522 1.9711E-013
9527 1.9668E-013
9531 1.9464E-013
9536 1.9562E-013
9541 1.9295E-013
9546 1.8901E-013
9551 1.8700E-013
9556 1.8239E-013
9561 1.8491E-013
9566 1.8943E-013
9570 1.9178E-013
9575 1.8845E-013
9580 1.9051E-013
9585 1.8915E-013
9590 1.9013E-013
9595 1.9113E-013
9600 1.9136E-013
9605 1.9312E-013
9610 1.9178E-013
9614 1.9275E-013
9619 1.9231E-013
9624 1.9496E-013
9629 1.9347E-013
9634 1.9140E-013
9639 1.9004E-013
9644 1.8925E-013
9649 1.8741E-013
9653 1.8733E-013
9658 1.8543E-013
9663 1.8643E-013
9668 1.8675E-013
9673 1.8927E-013
9678 1.8853E-013
9683 1.9009E-013
9688 1.8904E-013
9692 1.8875E-013
9697 1.9084E-013
9702 1.9071E-013
9707 1.8937E-013
9712 1.8591E-013
9717 1.8505E-013
9722 1.8521E-013
9727 1.8501E-013
9731 1.8547E-013
9736 1.8658E-013
9741 1.8670E-013
9746 1.8576E-013
9751 1.8534E-013
9756 1.8623E-013
9761 1.8581E-013
9766 1.8494E-013
9770 1.8501E-013
9775 1.8569E-013
9780 1.8533E-013
9785 1.8498E-013
9790 1.8244E-013
9795 1.8301E-013
9800 1.8323E-013
9805 1.8261E-013
9809 1.8163E-013
9814 1.8169E-013
9819 1.8161E-013
9824 1.8069E-013
9829 1.7858E-013
9834 1.8017E-013
9839 1.8265E-013
9844 1.8136E-013
9848 1.8082E-013
9853 1.7938E-013
9858 1.8353E-013
9863 1.8366E-013
9868 1.8441E-013
9873 1.8127E-013
9878 1.7887E-013
9883 1.8071E-013
9887 1.7803E-013
9892 1.7989E-013
9897 1.7909E-013
9902 1.7863E-013
9907 1.7723E-013
9912 1.7957E-013
9917 1.7790E-013
9922 1.7426E-013
9926 1.8090E-013
9931 1.7945E-013
9936 1.7970E-013
9941 1.7704E-013
9946 1.7869E-013
9951 1.7901E-013
9956 1.8171E-013
9961 1.7951E-013
9965 1.7907E-013
9970 1.7801E-013
9975 1.7911E-013
9980 1.7750E-013
9985 1.7789E-013
9990 1.7603E-013
9995 1.7545E-013
1E+004 1.7601E-013
1E+004 1.7656E-013
1.001E+004 1.7706E-013
1.001E+004 1.7446E-013
1.002E+004 1.7466E-013
1.002E+004 1.7216E-013
1.003E+004 1.7251E-013
1.003E+004 1.7170E-013
1.004E+004 1.7182E-013
1.004E+004 1.7140E-013
1.005E+004 1.6720E-013
1.005E+004 1.6371E-013
1.006E+004 1.6373E-013
1.006E+004 1.6219E-013
1.007E+004 1.6710E-013
1.007E+004 1.6776E-013
1.008E+004 1.7092E-013
1.008E+004 1.6990E-013
1.009E+004 1.6985E-013
1.009E+004 1.7088E-013
1.01E+004 1.6860E-013
1.01E+004 1.7181E-013
1.011E+004 1.7114E-013
1.011E+004 1.7127E-013
1.012E+004 1.6941E-013
1.013E+004 1.7176E-013
1.018E+004 1.6946E-013
1.023E+004 1.6771E-013
1.028E+004 1.6600E-013
1.033E+004 1.6425E-013
1.038E+004 1.6237E-013
1.043E+004 1.6034E-013
1.048E+004 1.5910E-013
1.053E+004 1.5715E-013
1.058E+004 1.5540E-013
1.063E+004 1.5379E-013
1.068E+004 1.5192E-013
1.073E+004 1.4981E-013
1.078E+004 1.4888E-013
1.083E+004 1.4702E-013
1.088E+004 1.4528E-013
1.093E+004 1.3825E-013
1.098E+004 1.4113E-013
1.103E+004 1.4103E-013
1.108E+004 1.3945E-013
1.113E+004 1.3809E-013
1.118E+004 1.3664E-013
1.123E+004 1.3500E-013
1.128E+004 1.3365E-013
1.133E+004 1.3227E-013
1.138E+004 1.3098E-013
1.143E+004 1.2956E-013
1.148E+004 1.2860E-013
1.153E+004 1.2716E-013
1.158E+004 1.2603E-013
1.163E+004 1.2422E-013
1.168E+004 1.2335E-013
1.173E+004 1.2195E-013
1.178E+004 1.2085E-013
1.183E+004 1.1960E-013
1.188E+004 1.1841E-013
1.193E+004 1.1719E-013
1.198E+004 1.1594E-013
1.203E+004 1.1484E-013
1.208E+004 1.1358E-013
1.213E+004 1.1295E-013
1.218E+004 1.1191E-013
1.223E+004 1.1072E-013
1.228E+004 1.0971E-013
1.233E+004 1.0856E-013
1.238E+004 1.0775E-013
1.243E+004 1.0638E-013
1.248E+004 1.0554E-013
1.253E+004 1.0451E-013
1.258E+004 1.0352E-013
1.263E+004 1.0244E-013
1.268E+004 1.0151E-013
1.273E+004 1.0066E-013
1.278E+004 9.9093E-014
1.283E+004 9.2168E-014
1.288E+004 9.7202E-014
1.293E+004 9.6988E-014
1.298E+004 9.6030E-014
1.303E+004 9.5047E-014
1.308E+004 9.4293E-014
1.313E+004 9.3157E-014
1.318E+004 9.2689E-014
1.323E+004 9.1745E-014
1.328E+004 9.0946E-014
1.333E+004 8.9933E-014
1.338E+004 8.9289E-014
1.343E+004 8.8367E-014
1.348E+004 8.7659E-014
1.353E+004 8.6729E-014
1.358E+004 8.6022E-014
1.363E+004 8.5313E-014
1.368E+004 8.4398E-014
1.373E+004 8.3920E-014
1.378E+004 8.2935E-014
1.383E+004 8.2300E-014
1.388E+004 8.1618E-014
1.393E+004 8.0994E-014
1.398E+004 8.0347E-014
1.403E+004 7.9296E-014
1.408E+004 7.8853E-014
1.413E+004 7.8032E-014
1.418E+004 7.7328E-014
1.423E+004 7.6604E-014
1.428E+004 7.6113E-014
1.433E+004 7.5210E-014
1.438E+004 7.4458E-014
1.443E+004 7.4291E-014
1.448E+004 7.3193E-014
1.453E+004 7.2859E-014
1.457E+004 7.2172E-014
1.462E+004 7.1581E-014
1.468E+004 7.0978E-014
1.473E+004 7.0249E-014
1.478E+004 6.9718E-014
1.483E+004 6.9191E-014
1.488E+004 6.8369E-014
1.493E+004 6.8076E-014
1.498E+004 6.7501E-014
1.503E+004 6.6493E-014
1.508E+004 6.6227E-014
1.513E+004 6.5804E-014
1.518E+004 6.5110E-014
1.523E+004 6.4796E-014
1.528E+004 6.4072E-014
1.533E+004 6.3456E-014
1.538E+004 6.3138E-014
1.543E+004 6.2386E-014
1.548E+004 6.1936E-014
1.553E+004 6.1458E-014
1.558E+004 6.0548E-014
1.563E+004 6.0311E-014
1.568E+004 5.9671E-014
1.573E+004 5.8630E-014
1.578E+004 5.8661E-014
1.583E+004 5.8306E-014
1.588E+004 5.6371E-014
1.593E+004 5.6791E-014
1.598E+004 5.6979E-014
1.605E+004 5.5898E-014
1.615E+004 5.3886E-014
1.625E+004 5.4469E-014
1.635E+004 5.2701E-014
1.645E+004 5.0549E-014
1.655E+004 5.1227E-014
1.665E+004 5.0223E-014
1.675E+004 4.8357E-014
1.685E+004 4.6305E-014
1.695E+004 4.7144E-014
1.705E+004 4.6241E-014
1.715E+004 4.5348E-014
1.725E+004 4.4236E-014
1.735E+004 4.1210E-014
1.745E+004 4.2289E-014
1.755E+004 4.1766E-014
1.765E+004 4.0957E-014
1.775E+004 4.0179E-014
1.785E+004 3.9339E-014
1.795E+004 3.8546E-014
1.805E+004 3.7769E-014
1.815E+004 3.5226E-014
1.825E+004 3.5949E-014
1.835E+004 3.5653E-014
1.845E+004 3.4951E-014
1.855E+004 3.4332E-014
1.865E+004 3.3441E-014
1.875E+004 3.0893E-014
1.885E+004 3.2154E-014
1.895E+004 3.1718E-014
1.905E+004 3.1203E-014
1.915E+004 3.0677E-014
1.925E+004 3.0000E-014
1.935E+004 2.9356E-014
1.945E+004 2.7286E-014
1.955E+004 2.8292E-014
1.965E+004 2.7874E-014
1.975E+004 2.7412E-014
1.985E+004 2.6889E-014
1.995E+004 2.6457E-014
2.005E+004 2.6001E-014
2.015E+004 2.5539E-014
2.025E+004 2.5039E-014
2.035E+004 2.4655E-014
2.045E+004 2.4210E-014
2.055E+004 2.3776E-014
2.065E+004 2.3344E-014
2.075E+004 2.2991E-014
2.085E+004 2.2571E-014
2.095E+004 2.2152E-014
2.105E+004 2.1826E-014
2.115E+004 2.1423E-014
2.125E+004 2.1048E-014
2.135E+004 2.0737E-014
2.145E+004 2.0373E-014
2.155E+004 1.9987E-014
2.165E+004 1.8644E-014
2.175E+004 1.9256E-014
2.185E+004 1.9021E-014
2.195E+004 1.8743E-014
2.205E+004 1.8407E-014
2.215E+004 1.8120E-014
2.225E+004 1.7816E-014
2.235E+004 1.7542E-014
2.245E+004 1.7230E-014
2.255E+004 1.6982E-014
2.265E+004 1.6697E-014
2.275E+004 1.6432E-014
2.285E+004 1.6157E-014
2.295E+004 1.5852E-014
2.305E+004 1.5637E-014
2.315E+004 1.5390E-014
2.325E+004 1.5051E-014
2.335E+004 1.4875E-014
2.345E+004 1.4684E-014
2.355E+004 1.4347E-014
2.365E+004 1.4189E-014
2.375E+004 1.3994E-014
2.385E+004 1.3685E-014
2.395E+004 1.3533E-014
2.405E+004 1.3374E-014
2.415E+004 1.3081E-014
2.425E+004 1.2931E-014
2.435E+004 1.2742E-014
2.445E+004 1.2520E-014
2.455E+004 1.2330E-014
2.465E+004 1.2165E-014
2.475E+004 1.1990E-014
2.485E+004 1.1791E-014
2.495E+004 1.1637E-014
2.505E+004 1.1501E-014
2.515E+004 1.1304E-014
2.525E+004 1.1137E-014
2.535E+004 1.1002E-014
2.545E+004 1.0829E-014
2.555E+004 1.0664E-014
2.565E+004 1.0474E-014
2.575E+004 1.0399E-014
2.585E+004 1.0217E-014
2.595E+004 1.0102E-014
2.605E+004 9.9431E-015
2.615E+004 9.7067E-015
2.625E+004 9.1811E-015
2.635E+004 9.5070E-015
2.645E+004 9.3981E-015
2.655E+004 9.2880E-015
2.665E+004 9.1092E-015
2.675E+004 8.8950E-015
2.685E+004 8.9074E-015
2.695E+004 8.7933E-015
2.705E+004 8.6766E-015
2.715E+004 8.5626E-015
2.725E+004 8.4409E-015
2.735E+004 8.3352E-015
2.745E+004 8.2119E-015
2.755E+004 7.9463E-015
2.765E+004 7.9418E-015
2.775E+004 7.8839E-015
2.785E+004 7.7868E-015
2.795E+004 7.6942E-015
2.805E+004 7.5845E-015
2.815E+004 7.4883E-015
2.825E+004 7.3867E-015
2.835E+004 7.2873E-015
2.845E+004 7.1970E-015
2.855E+004 7.0959E-015
2.865E+004 6.9708E-015
2.875E+004 6.7440E-015
2.885E+004 6.8200E-015
2.895E+004 6.7400E-015
2.905E+004 6.6547E-015
2.915E+004 6.5718E-015
2.925E+004 6.4817E-015
2.935E+004 6.4043E-015
2.945E+004 6.3160E-015
2.955E+004 6.2423E-015
2.965E+004 6.1693E-015
2.975E+004 6.0912E-015
2.985E+004 6.0084E-015
2.995E+004 5.9276E-015
3.005E+004 5.8673E-015
3.015E+004 5.7867E-015
3.025E+004 5.7126E-015
3.035E+004 5.5136E-015
3.045E+004 5.5092E-015
3.055E+004 5.5042E-015
3.065E+004 5.4359E-015
3.075E+004 5.3725E-015
3.085E+004 5.3079E-015
3.095E+004 5.2434E-015
3.105E+004 5.1826E-015
3.115E+004 5.1033E-015
3.125E+004 5.0565E-015
3.135E+004 5.0021E-015
3.145E+004 4.9344E-015
3.155E+004 4.8719E-015
3.165E+004 4.8095E-015
3.175E+004 4.7656E-015
3.185E+004 4.7089E-015
3.195E+004 4.6369E-015
3.21E+004 4.5648E-015
3.23E+004 4.4637E-015
3.25E+004 4.3553E-015
3.27E+004 4.2574E-015
3.29E+004 4.0835E-015
3.31E+004 4.0435E-015
3.33E+004 3.9732E-015
3.35E+004 3.8865E-015
3.37E+004 3.7955E-015
3.39E+004 3.7107E-015
3.41E+004 3.6250E-015
3.43E+004 3.5496E-015
3.45E+004 3.4776E-015
3.47E+004 3.3979E-015
3.49E+004 3.3248E-015
3.51E+004 3.2573E-015
3.53E+004 3.1840E-015
3.55E+004 3.1129E-015
3.57E+004 3.0500E-015
3.59E+004 2.9854E-015
3.61E+004 2.9243E-015
3.63E+004 2.8641E-015
3.65E+004 2.7966E-015
3.67E+004 2.7417E-015
3.69E+004 2.6720E-015
3.71E+004 2.6115E-015
3.73E+004 2.5569E-015
3.75E+004 2.4757E-015
3.77E+004 2.4670E-015
3.79E+004 2.4183E-015
3.81E+004 2.3709E-015
3.83E+004 2.3283E-015
3.85E+004 2.2863E-015
3.87E+004 2.2366E-015
3.89E+004 2.1932E-015
3.91E+004 2.1487E-015
3.93E+004 2.1118E-015
3.95E+004 2.0669E-015
3.97E+004 2.0273E-015
3.99E+004 1.9833E-015
4.01E+004 1.9455E-015
4.03E+004 1.9108E-015
4.05E+004 1.8440E-015
4.07E+004 1.8422E-015
4.09E+004 1.8088E-015
4.11E+004 1.7773E-015
4.13E+004 1.7451E-015
4.15E+004 1.7111E-015
4.17E+004 1.6718E-015
4.19E+004 1.6474E-015
4.21E+004 1.6147E-015
4.23E+004 1.5857E-015
4.25E+004 1.5572E-015
4.27E+004 1.5294E-015
4.29E+004 1.5022E-015
4.31E+004 1.4755E-015
4.33E+004 1.4495E-015
4.35E+004 1.4240E-015
4.37E+004 1.3904E-015
4.39E+004 1.3736E-015
4.41E+004 1.3509E-015
4.43E+004 1.3276E-015
4.45E+004 1.3048E-015
4.47E+004 1.2828E-015
4.49E+004 1.2609E-015
4.51E+004 1.2395E-015
4.53E+004 1.2186E-015
4.55E+004 1.1981E-015
4.57E+004 1.1780E-015
4.59E+004 1.1583E-015
4.61E+004 1.1391E-015
4.63E+004 1.1202E-015
4.65E+004 1.0865E-015
4.67E+004 1.0738E-015
4.69E+004 1.0658E-015
4.71E+004 1.0486E-015
4.73E+004 1.0316E-015
4.75E+004 1.0149E-015
4.77E+004 9.9861E-016
4.79E+004 9.8259E-016
4.81E+004 9.6690E-016
4.83E+004 9.5154E-016
4.85E+004 9.3650E-016
4.87E+004 9.2173E-016
4.89E+004 9.0724E-016
4.91E+004 8.9307E-016
4.93E+004 8.7913E-016
4.95E+004 8.6551E-016
4.97E+004 8.5210E-016
4.99E+004 8.3900E-016
5.01E+004 8.2614E-016
5.03E+004 8.1350E-016
5.05E+004 8.0114E-016
5.07E+004 7.8897E-016
5.09E+004 7.7703E-016
5.11E+004 7.6530E-016
5.13E+004 7.4683E-016
5.15E+004 7.4262E-016
5.17E+004 7.3157E-016
5.19E+004 7.2073E-016
5.21E+004 7.1005E-016
5.23E+004 6.9962E-016
5.25E+004 6.8936E-016
5.27E+004 6.7925E-016
5.29E+004 6.6938E-016
5.31E+004 6.5969E-016
5.33E+004 6.5016E-016
5.35E+004 6.4080E-016
5.37E+004 6.3156E-016
5.39E+004 6.2254E-016
5.41E+004 6.1369E-016
5.43E+004 6.0500E-016
5.45E+004 5.9644E-016
5.47E+004 5.8801E-016
5.49E+004 5.7977E-016
5.51E+004 5.7165E-016
5.53E+004 5.6343E-016
5.55E+004 5.5585E-016
5.57E+004 5.4815E-016
5.59E+004 5.4058E-016
5.61E+004 5.3315E-016
5.63E+004 5.2584E-016
5.65E+004 5.1866E-016
5.67E+004 5.1160E-016
5.69E+004 5.0465E-016
5.71E+004 4.9730E-016
5.73E+004 4.9112E-016
5.75E+004 4.8453E-016
5.77E+004 4.7804E-016
5.79E+004 4.7167E-016
5.81E+004 4.6540E-016
5.83E+004 4.5923E-016
5.85E+004 4.5321E-016
5.87E+004 4.4724E-016
5.89E+004 4.4136E-016
5.91E+004 4.3155E-016
5.93E+004 4.2992E-016
5.95E+004 4.2351E-016
5.97E+004 4.1877E-016
5.99E+004 4.1344E-016
6.01E+004 4.0812E-016
6.03E+004 4.0288E-016
6.05E+004 3.9773E-016
6.07E+004 3.9266E-016
6.09E+004 3.8768E-016
6.11E+004 3.8276E-016
6.13E+004 3.7794E-016
6.15E+004 3.7318E-016
6.17E+004 3.6850E-016
6.19E+004 3.6389E-016
6.21E+004 3.5936E-016
6.23E+004 3.5489E-016
6.25E+004 3.5049E-016
6.27E+004 3.4616E-016
6.29E+004 3.4084E-016
6.31E+004 3.3771E-016
6.33E+004 3.3358E-016
6.35E+004 3.2951E-016
6.37E+004 3.2550E-016
6.39E+004 3.2156E-016
6.42E+004 3.1575E-016
6.46E+004 3.0821E-016
6.5E+004 3.0089E-016
6.54E+004 2.9379E-016
6.58E+004 2.8690E-016
6.62E+004 2.8021E-016
6.66E+004 2.7371E-016
6.7E+004 2.6740E-016
6.74E+004 2.6127E-016
6.78E+004 2.5479E-016
6.82E+004 2.4953E-016
6.86E+004 2.4391E-016
6.9E+004 2.3844E-016
6.94E+004 2.3313E-016
6.98E+004 2.2797E-016
7.02E+004 2.2256E-016
7.06E+004 2.1800E-016
7.1E+004 2.1332E-016
7.14E+004 2.0872E-016
7.18E+004 2.0419E-016
7.22E+004 1.9973E-016
7.26E+004 1.9547E-016
7.3E+004 1.9148E-016
7.34E+004 1.8721E-016
7.38E+004 1.8348E-016
7.42E+004 1.7945E-016
7.46E+004 1.7420E-016
7.5E+004 1.7072E-016
7.54E+004 1.6861E-016
7.58E+004 1.6524E-016
7.62E+004 1.6189E-016
7.66E+004 1.5865E-016
7.7E+004 1.5529E-016
7.74E+004 1.5232E-016
7.78E+004 1.4930E-016
7.82E+004 1.4635E-016
7.86E+004 1.4347E-016
7.9E+004 1.4064E-016
7.94E+004 1.3785E-016
7.98E+004 1.3522E-016
8.02E+004 1.3247E-016
8.06E+004 1.2985E-016
8.1E+004 1.2751E-016
8.14E+004 1.2482E-016
8.18E+004 1.2252E-016
8.22E+004 1.2035E-016
8.26E+004 1.1805E-016
8.3E+004 1.1586E-016
8.34E+004 1.1354E-016
8.38E+004 1.1151E-016
8.42E+004 1.0949E-016
8.46E+004 1.0748E-016
8.5E+004 1.0551E-016
8.54E+004 1.0358E-016
8.58E+004 1.0168E-016
8.62E+004 9.9837E-017
8.66E+004 9.7974E-017
8.7E+004 9.6317E-017
8.74E+004 9.4401E-017
8.78E+004 9.2695E-017
8.82E+004 9.1138E-017
8.86E+004 8.9440E-017
8.9E+004 8.7963E-017
8.94E+004 8.6454E-017
8.98E+004 8.4857E-017
9.02E+004 8.3479E-017
9.06E+004 8.2074E-017
9.1E+004 8.0534E-017
9.14E+004 7.9215E-017
9.18E+004 7.7913E-017
9.22E+004 7.6630E-017
9.26E+004 7.5314E-017
9.3E+004 7.4049E-017
9.34E+004 7.2794E-017
9.38E+004 7.1491E-017
9.42E+004 7.0389E-017
9.46E+004 6.9235E-017
9.5E+004 6.8053E-017
9.54E+004 6.6944E-017
9.58E+004 6.5901E-017
9.62E+004 6.4759E-017
9.66E+004 6.3776E-017
9.7E+004 6.2729E-017
9.74E+004 6.1590E-017
9.78E+004 6.0698E-017
9.82E+004 5.9753E-017
9.86E+004 5.8832E-017
9.9E+004 5.7926E-017
9.94E+004 5.6994E-017
9.98E+004 5.6077E-017
1.002E+005 5.5307E-017
1.005E+005 5.4497E-017
1.01E+005 5.3541E-017
1.015E+005 5.2531E-017
1.02E+005 5.1527E-017
1.025E+005 5.0546E-017
1.03E+005 4.9592E-017
1.035E+005 4.8668E-017
1.04E+005 4.7763E-017
1.045E+005 4.6875E-017
1.05E+005 4.5962E-017
1.055E+005 4.5152E-017
1.06E+005 4.4322E-017
1.065E+005 4.3507E-017
1.07E+005 4.2718E-017
1.075E+005 4.1955E-017
1.08E+005 4.1184E-017
1.085E+005 4.0443E-017
1.09E+005 3.9716E-017
1.095E+005 3.9026E-017
1.1E+005 3.8329E-017
1.105E+005 3.7652E-017
1.11E+005 3.6993E-017
1.115E+005 3.6357E-017
1.12E+005 3.5712E-017
1.125E+005 3.5106E-017
1.13E+005 3.4441E-017
1.135E+005 3.3900E-017
1.14E+005 3.3325E-017
1.145E+005 3.2755E-017
1.15E+005 3.2210E-017
1.155E+005 3.1649E-017
1.16E+005 3.1129E-017
1.165E+005 3.0608E-017
1.17E+005 3.0103E-017
1.175E+005 2.9598E-017
1.18E+005 2.9111E-017
1.185E+005 2.8632E-017
1.19E+005 2.8156E-017
1.195E+005 2.7699E-017
1.2E+005 2.7244E-017
1.205E+005 2.6810E-017
1.21E+005 2.6379E-017
1.215E+005 2.5956E-017
1.22E+005 2.5538E-017
1.225E+005 2.5132E-017
1.23E+005 2.4727E-017
1.235E+005 2.4327E-017
1.24E+005 2.3942E-017
1.245E+005 2.3572E-017
1.25E+005 2.3210E-017
1.255E+005 2.2852E-017
1.26E+005 2.2495E-017
1.265E+005 2.2145E-017
1.27E+005 2.1808E-017
1.275E+005 2.1473E-017
1.28E+005 2.1135E-017
1.285E+005 2.0822E-017
1.29E+005 2.0502E-017
1.295E+005 2.0195E-017
1.3E+005 1.9894E-017
1.305E+005 1.9594E-017
1.31E+005 1.9302E-017
1.315E+005 1.9014E-017
1.32E+005 1.8732E-017
1.325E+005 1.8454E-017
1.33E+005 1.8182E-017
1.335E+005 1.7914E-017
1.34E+005 1.7653E-017
1.345E+005 1.7397E-017
1.35E+005 1.7145E-017
1.355E+005 1.6894E-017
1.36E+005 1.6653E-017
1.365E+005 1.6413E-017
1.37E+005 1.6176E-017
1.375E+005 1.5948E-017
1.38E+005 1.5722E-017
1.385E+005 1.5498E-017
1.39E+005 1.5280E-017
1.395E+005 1.5064E-017
1.4E+005 1.4854E-017
1.405E+005 1.4644E-017
1.41E+005 1.4441E-017
1.415E+005 1.4240E-017
1.42E+005 1.4040E-017
1.425E+005 1.3850E-017
1.43E+005 1.3660E-017
1.435E+005 1.3474E-017
1.44E+005 1.3290E-017
1.445E+005 1.3110E-017
1.45E+005 1.2934E-017
1.455E+005 1.2757E-017
1.46E+005 1.2586E-017
1.465E+005 1.2416E-017
1.47E+005 1.2251E-017
1.475E+005 1.2086E-017
1.48E+005 1.1926E-017
1.485E+005 1.1769E-017
1.49E+005 1.1614E-017
1.495E+005 1.1459E-017
1.5E+005 1.1309E-017
1.505E+005 1.1165E-017
1.51E+005 1.1018E-017
1.515E+005 1.0876E-017
1.52E+005 1.0736E-017
1.525E+005 1.0597E-017
1.53E+005 1.0461E-017
1.535E+005 1.0327E-017
1.54E+005 1.0195E-017
1.545E+005 1.0065E-017
1.55E+005 9.9376E-018
1.555E+005 9.8114E-018
1.56E+005 9.6876E-018
1.565E+005 9.5657E-018
1.57E+005 9.4466E-018
1.575E+005 9.3278E-018
1.58E+005 9.2117E-018
1.585E+005 9.0977E-018
1.59E+005 8.9859E-018
1.595E+005 8.8743E-018
1.6E+005 8.7648E-018
1.605E+005 8.6557E-018
1.61E+005 8.5518E-018
1.615E+005 8.4467E-018
1.62E+005 8.3341E-018
1.625E+005 8.2427E-018
1.63E+005 8.1448E-018
1.635E+005 8.0465E-018
1.64E+005 7.9494E-018
1.645E+005 7.8535E-018
1.65E+005 7.7600E-018
1.655E+005 7.6688E-018
1.66E+005 7.5775E-018
1.665E+005 7.4879E-018
1.67E+005 7.3997E-018
1.675E+005 7.3127E-018
1.68E+005 7.2260E-018
1.685E+005 7.1403E-018
1.69E+005 7.0550E-018
1.695E+005 6.9770E-018
1.7E+005 6.8963E-018
1.705E+005 6.8170E-018
1.71E+005 6.7379E-018
1.715E+005 6.6601E-018
1.72E+005 6.5836E-018
1.725E+005 6.5084E-018
1.73E+005 6.4340E-018
1.735E+005 6.3620E-018
1.74E+005 6.2899E-018
1.745E+005 6.2187E-018
1.75E+005 6.1487E-018
1.755E+005 6.0793E-018
1.76E+005 6.0112E-018
1.765E+005 5.9432E-018
1.77E+005 5.8773E-018
1.775E+005 5.8123E-018
1.78E+005 5.7484E-018
1.785E+005 5.6849E-018
1.79E+005 5.6224E-018
1.795E+005 5.5606E-018
1.8E+005 5.4997E-018
1.805E+005 5.4396E-018
1.81E+005 5.3806E-018
1.815E+005 5.3221E-018
1.82E+005 5.2643E-018
1.825E+005 5.2069E-018
1.83E+005 5.1484E-018
1.835E+005 5.0955E-018
1.84E+005 5.0411E-018
1.845E+005 4.9875E-018
1.85E+005 4.9342E-018
1.855E+005 4.8820E-018
1.86E+005 4.8293E-018
1.865E+005 4.7787E-018
1.87E+005 4.7286E-018
1.875E+005 4.6777E-018
1.88E+005 4.6298E-018
1.885E+005 4.5812E-018
1.89E+005 4.5337E-018
1.895E+005 4.4863E-018
1.9E+005 4.4390E-018
1.905E+005 4.3741E-018
1.91E+005 4.3469E-018
1.915E+005 4.3039E-018
1.92E+005 4.2596E-018
1.925E+005 4.2160E-018
1.93E+005 4.1730E-018
1.935E+005 4.1304E-018
1.94E+005 4.0883E-018
1.945E+005 4.0467E-018
1.95E+005 4.0059E-018
1.955E+005 3.9656E-018
1.96E+005 3.9255E-018
1.965E+005 3.8864E-018
1.97E+005 3.8473E-018
1.975E+005 3.8089E-018
1.98E+005 3.7710E-018
1.985E+005 3.7337E-018
1.99E+005 3.6965E-018
1.995E+005 3.6600E-018
2E+005 3.6150E-018
2.01E+005 3.5531E-018
2.02E+005 3.4842E-018
2.03E+005 3.4168E-018
2.04E+005 3.3511E-018
2.05E+005 3.2868E-018
2.06E+005 3.2242E-018
2.07E+005 3.1632E-018
2.08E+005 3.1033E-018
2.09E+005 3.0449E-018
2.1E+005 2.9879E-018
2.11E+005 2.9324E-018
2.12E+005 2.8781E-018
2.13E+005 2.8250E-018
2.14E+005 2.7732E-018
2.15E+005 2.7225E-018
2.16E+005 2.6729E-018
2.17E+005 2.6245E-018
2.18E+005 2.5771E-018
2.19E+005 2.5307E-018
2.2E+005 2.4858E-018
2.21E+005 2.4415E-018
2.22E+005 2.3983E-018
2.23E+005 2.3543E-018
2.24E+005 2.3142E-018
2.25E+005 2.2742E-018
2.26E+005 2.2345E-018
2.27E+005 2.1958E-018
2.28E+005 2.1579E-018
2.29E+005 2.1209E-018
2.3E+005 2.0846E-018
2.31E+005 2.0491E-018
2.32E+005 2.0144E-018
2.33E+005 1.9804E-018
2.34E+005 1.9470E-018
2.35E+005 1.9145E-018
2.36E+005 1.8826E-018
2.37E+005 1.8512E-018
2.38E+005 1.8206E-018
2.39E+005 1.7904E-018
2.4E+005 1.7613E-018
2.41E+005 1.7326E-018
2.42E+005 1.7043E-018
2.43E+005 1.6767E-018
2.44E+005 1.6496E-018
2.45E+005 1.6230E-018
2.46E+005 1.5973E-018
2.47E+005 1.5718E-018
2.48E+005 1.5466E-018
2.49E+005 1.5221E-018
2.5E+005 1.4982E-018
2.51E+005 1.4747E-018
2.52E+005 1.4516E-018
2.53E+005 1.4291E-018
2.54E+005 1.4068E-018
2.55E+005 1.3851E-018
2.56E+005 1.3638E-018
2.57E+005 1.3428E-018
2.58E+005 1.3223E-018
2.59E+005 1.3021E-018
2.6E+005 1.2825E-018
2.61E+005 1.2632E-018
2.62E+005 1.2440E-018
2.63E+005 1.2254E-018
2.64E+005 1.2072E-018
2.65E+005 1.1891E-018
2.66E+005 1.1716E-018
2.67E+005 1.1542E-018
2.68E+005 1.1372E-018
2.69E+005 1.1206E-018
2.7E+005 1.1043E-018
2.71E+005 1.0881E-018
2.72E+005 1.0723E-018
2.73E+005 1.0568E-018
2.74E+005 1.0416E-018
2.75E+005 1.0266E-018
2.76E+005 1.0119E-018
2.77E+005 9.9755E-019
2.78E+005 9.8134E-019
2.79E+005 9.6956E-019
2.8E+005 9.5605E-019
2.81E+005 9.4258E-019
2.82E+005 9.2915E-019
2.83E+005 9.1620E-019
2.84E+005 9.0342E-019
2.85E+005 8.9086E-019
2.86E+005 8.7867E-019
2.87E+005 8.6656E-019
2.88E+005 8.5457E-019
2.89E+005 8.4290E-019
2.9E+005 8.3148E-019
2.91E+005 8.2023E-019
2.92E+005 8.0911E-019
2.93E+005 7.9821E-019
2.94E+005 7.8749E-019
2.95E+005 7.7691E-019
2.96E+005 7.6655E-019
2.97E+005 7.5638E-019
2.98E+005 7.4605E-019
2.99E+005 7.3626E-019
3E+005 7.2679E-019
3.01E+005 7.1729E-019
3.02E+005 7.0782E-019
3.03E+005 6.9869E-019
3.04E+005 6.8958E-019
3.05E+005 6.8063E-019
3.06E+005 6.7177E-019
3.07E+005 6.6314E-019
3.08E+005 6.5465E-019
3.09E+005 6.4647E-019
3.1E+005 6.3819E-019
3.11E+005 6.2994E-019
3.12E+005 6.2196E-019
3.13E+005 6.1409E-019
3.14E+005 6.0636E-019
3.15E+005 5.9874E-019
3.16E+005 5.9125E-019
3.17E+005 5.8389E-019
3.18E+005 5.7662E-019
3.19E+005 5.6946E-019
3.2E+005 5.6243E-019
3.21E+005 5.5551E-019
3.22E+005 5.4866E-019
3.23E+005 5.4196E-019
3.24E+005 5.3535E-019
3.25E+005 5.2883E-019
3.26E+005 5.2242E-019
3.27E+005 5.1609E-019
3.28E+005 5.0988E-019
3.29E+005 5.0373E-019
3.3E+005 4.9770E-019
3.31E+005 4.9174E-019
3.32E+005 4.8589E-019
3.33E+005 4.8010E-019
3.34E+005 4.7445E-019
3.35E+005 4.6882E-019
3.36E+005 4.6331E-019
3.37E+005 4.5786E-019
3.38E+005 4.5250E-019
3.39E+005 4.4723E-019
3.4E+005 4.4201E-019
3.41E+005 4.3689E-019
3.42E+005 4.3183E-019
3.43E+005 4.2685E-019
3.44E+005 4.2194E-019
3.45E+005 4.1709E-019
3.46E+005 4.1231E-019
3.47E+005 4.0762E-019
3.48E+005 4.0298E-019
3.49E+005 3.9842E-019
3.5E+005 3.9390E-019
3.51E+005 3.8945E-019
3.52E+005 3.8508E-019
3.53E+005 3.8077E-019
3.54E+005 3.7648E-019
3.55E+005 3.7228E-019
3.56E+005 3.6814E-019
3.57E+005 3.6406E-019
3.58E+005 3.6003E-019
3.59E+005 3.5606E-019
3.6E+005 3.5211E-019
3.61E+005 3.4826E-019
3.62E+005 3.4445E-019
3.63E+005 3.4069E-019
3.64E+005 3.3696E-019
3.65E+005 3.3327E-019
3.66E+005 3.2970E-019
3.67E+005 3.2614E-019
3.68E+005 3.2264E-019
3.69E+005 3.1918E-019
3.7E+005 3.1576E-019
3.71E+005 3.1235E-019
3.72E+005 3.0903E-019
3.73E+005 3.0576E-019
3.74E+005 3.0251E-019
3.75E+005 2.9931E-019
3.76E+005 2.9617E-019
3.77E+005 2.9305E-019
3.78E+005 2.8996E-019
3.79E+005 2.8694E-019
3.8E+005 2.8393E-019
3.81E+005 2.8099E-019
3.82E+005 2.7807E-019
3.83E+005 2.7518E-019
3.84E+005 2.7235E-019
3.85E+005 2.6954E-019
3.86E+005 2.6676E-019
3.87E+005 2.6404E-019
3.88E+005 2.6117E-019
3.89E+005 2.5824E-019
3.9E+005 2.5605E-019
3.91E+005 2.5345E-019
3.92E+005 2.5086E-019
3.93E+005 2.4834E-019
3.94E+005 2.4584E-019
3.95E+005 2.4338E-019
3.96E+005 2.4093E-019
3.97E+005 2.3852E-019
3.98E+005 2.3615E-019
3.99E+005 2.3380E-019
