1140 1.6002E-012
1140 1.6002E-012
1141 1.5625E-012
1142 1.4890E-012
1142 1.6060E-012
1143 1.5856E-012
1143 1.6648E-012
1144 1.8384E-012
1145 1.7258E-012
1145 1.6626E-012
1146 1.7037E-012
1146 1.7839E-012
1147 1.8288E-012
1147 1.7951E-012
1148 1.7840E-012
1149 1.8783E-012
1149 1.9864E-012
1150 2.0733E-012
1150 2.0725E-012
1151 2.1124E-012
1152 2.1255E-012
1152 2.0697E-012
1153 2.0169E-012
1153 1.9989E-012
1154 1.9567E-012
1154 1.9589E-012
1155 2.0191E-012
1156 2.0981E-012
1156 1.9181E-012
1157 1.7632E-012
1157 1.7173E-012
1158 1.6405E-012
1159 1.6014E-012
1159 1.5963E-012
1160 1.7135E-012
1160 1.9081E-012
1161 1.9842E-012
1161 2.0966E-012
1162 2.1502E-012
1163 2.1909E-012
1163 2.2452E-012
1164 2.1984E-012
1164 2.1637E-012
1165 2.1492E-012
1166 2.0714E-012
1166 2.0308E-012
1167 1.9029E-012
1167 1.8484E-012
1168 1.7250E-012
1168 1.6882E-012
1169 1.6766E-012
1170 1.6432E-012
1170 1.5818E-012
1171 1.4835E-012
1171 1.4295E-012
1172 1.4820E-012
1173 1.5709E-012
1173 1.5819E-012
1174 1.5723E-012
1174 1.6666E-012
1175 1.6726E-012
1175 1.5815E-012
1176 1.5363E-012
1177 1.5524E-012
1177 1.6080E-012
1178 1.6295E-012
1178 1.5895E-012
1179 1.5997E-012
1180 1.5955E-012
1180 1.5811E-012
1181 1.5000E-012
1181 1.4297E-012
1182 1.3860E-012
1182 1.3839E-012
1183 1.3570E-012
1184 1.2799E-012
1184 1.1836E-012
1185 1.1464E-012
1185 1.0784E-012
1186 9.9533E-013
1187 8.9867E-013
1187 8.0777E-013
1188 7.4214E-013
1188 6.5572E-013
1189 5.3976E-013
1189 4.8342E-013
1190 4.1607E-013
1191 3.7225E-013
1191 3.3369E-013
1192 3.0308E-013
1192 2.8913E-013
1193 2.4892E-013
1194 2.1113E-013
1194 1.8892E-013
1195 1.6341E-013
1195 1.6383E-013
1196 1.6997E-013
1196 1.7006E-013
1197 1.4832E-013
1198 1.3372E-013
1198 1.2131E-013
1199 1.0770E-013
1199 9.3480E-014
1200 8.0093E-014
1201 7.5525E-014
1201 6.5702E-014
1202 6.3001E-014
1202 5.7706E-014
1203 5.3690E-014
1203 5.4049E-014
1204 4.6814E-014
1205 4.2578E-014
1205 3.8218E-014
1206 3.7252E-014
1206 3.4134E-014
1207 2.6322E-014
1208 2.9488E-014
1208 2.7391E-014
1209 2.1395E-014
1209 2.4200E-014
1210 2.0756E-014
1210 2.0047E-014
1211 1.7997E-014
1212 1.6344E-014
1212 1.5963E-014
1213 1.3277E-014
1213 1.0341E-014
1214 1.0057E-014
1215 8.6858E-015
1215 9.0439E-015
1216 1.0947E-014
1216 1.1326E-014
1217 1.0254E-014
1217 1.1124E-014
1218 1.1188E-014
1219 1.6142E-014
1219 1.7812E-014
1220 1.6888E-014
1220 1.7103E-014
1221 2.1476E-014
1222 2.3593E-014
1222 2.4424E-014
1223 2.7182E-014
1223 2.9746E-014
1224 3.2636E-014
1224 3.6527E-014
1225 3.9834E-014
1226 4.1130E-014
1226 4.8196E-014
1227 5.0636E-014
1227 5.6429E-014
1228 6.1206E-014
1229 6.5329E-014
1229 7.2304E-014
1230 8.1228E-014
1230 8.7519E-014
1231 9.9090E-014
1231 1.1001E-013
1232 1.2238E-013
1233 1.3955E-013
1233 1.6232E-013
1234 1.7956E-013
1234 2.1393E-013
1235 2.4841E-013
1236 2.7814E-013
1236 3.3152E-013
1237 3.7123E-013
1237 4.3328E-013
1238 4.9327E-013
1238 5.7271E-013
1239 6.4250E-013
1240 7.1988E-013
1240 7.8498E-013
1241 8.7574E-013
1241 9.3417E-013
1242 9.8702E-013
1243 1.0358E-012
1243 1.0599E-012
1244 1.1313E-012
1244 1.1915E-012
1245 1.2932E-012
1245 1.3381E-012
1246 1.4400E-012
1247 1.4778E-012
1247 1.5880E-012
1248 1.5998E-012
1248 1.6925E-012
1249 1.7344E-012
1250 1.7891E-012
1250 1.8278E-012
1251 1.8741E-012
1251 2.0156E-012
1252 2.1898E-012
1252 2.3476E-012
1253 2.3708E-012
1254 2.3825E-012
1254 2.4590E-012
1255 2.5719E-012
1255 2.6049E-012
1256 2.5268E-012
1257 2.5051E-012
1257 2.5103E-012
1258 2.3932E-012
1258 2.2757E-012
1259 1.9364E-012
1259 1.6536E-012
1260 1.3854E-012
1261 1.3339E-012
1261 1.3711E-012
1262 1.6008E-012
1262 1.7522E-012
1263 1.9130E-012
1264 1.7968E-012
1264 1.5827E-012
1265 1.3763E-012
1265 1.4549E-012
1266 1.6897E-012
1266 2.0823E-012
1267 2.5450E-012
1268 2.9768E-012
1268 3.3552E-012
1269 3.5946E-012
1269 3.6612E-012
1270 3.9646E-012
1271 3.9343E-012
1271 4.0566E-012
1272 3.8527E-012
1272 3.9051E-012
1273 3.7479E-012
1273 3.8708E-012
1274 3.6340E-012
1275 3.4527E-012
1275 3.3465E-012
1276 3.3338E-012
1276 3.4848E-012
1277 3.4906E-012
1278 3.4271E-012
1278 3.6051E-012
1279 3.9541E-012
1279 4.1367E-012
1280 4.0475E-012
1280 4.1007E-012
1281 4.3887E-012
1282 4.6778E-012
1282 4.9129E-012
1283 4.8799E-012
1283 4.8838E-012
1284 4.7840E-012
1285 5.1093E-012
1285 5.0722E-012
1286 4.8891E-012
1286 4.6882E-012
1287 4.6312E-012
1287 4.3138E-012
1288 4.1635E-012
1289 3.9755E-012
1289 4.1766E-012
1290 4.3320E-012
1290 4.4213E-012
1291 4.4805E-012
1292 4.4858E-012
1292 4.4775E-012
1293 4.6032E-012
1293 4.6774E-012
1294 4.5306E-012
1294 4.3911E-012
1295 4.5020E-012
1296 4.4507E-012
1296 4.2154E-012
1297 4.4340E-012
1297 4.3817E-012
1298 4.8897E-012
1299 4.1960E-012
1299 4.3443E-012
1300 4.0783E-012
1300 4.4819E-012
1301 4.1256E-012
1301 4.0330E-012
1302 3.3590E-012
1303 3.1874E-012
1303 3.0662E-012
1304 2.9577E-012
1304 2.5787E-012
1305 2.2016E-012
1306 2.0861E-012
1306 2.3307E-012
1307 2.6946E-012
1307 3.0998E-012
1308 3.1693E-012
1308 3.0605E-012
1309 2.5941E-012
1310 2.4490E-012
1310 2.5854E-012
1311 3.0820E-012
1311 3.4422E-012
1312 4.0918E-012
1313 4.6119E-012
1313 4.9181E-012
1314 5.1369E-012
1314 5.3088E-012
1315 5.4204E-012
1315 5.6339E-012
1316 5.3535E-012
1317 5.2306E-012
1317 5.1139E-012
1318 5.5298E-012
1318 5.4475E-012
1319 5.4937E-012
1320 5.5173E-012
1320 5.6423E-012
1321 5.7282E-012
1321 5.6476E-012
1322 5.9866E-012
1322 5.5624E-012
1323 5.3554E-012
1324 5.0635E-012
1324 5.1990E-012
1325 5.2168E-012
1325 5.4209E-012
1326 5.5921E-012
1327 5.5640E-012
1327 5.3972E-012
1328 5.4436E-012
1328 5.1303E-012
1329 5.0766E-012
1329 5.3682E-012
1330 5.2723E-012
1331 5.5238E-012
1331 5.4871E-012
1332 5.5805E-012
1332 5.5995E-012
1333 5.6066E-012
1334 4.9086E-012
1334 4.3474E-012
1335 3.8245E-012
1335 3.4771E-012
1336 3.6640E-012
1336 4.4975E-012
1337 5.0710E-012
1338 6.1013E-012
1338 5.8113E-012
1339 6.9247E-012
1339 6.1849E-012
1340 6.4257E-012
1341 6.0747E-012
1341 6.4258E-012
1342 6.0011E-012
1342 6.3216E-012
1343 6.4252E-012
1343 6.7719E-012
1344 6.1615E-012
1345 6.4941E-012
1345 6.1015E-012
1346 6.2223E-012
1346 6.0879E-012
1347 6.1255E-012
1348 5.9519E-012
1348 6.1413E-012
1349 6.1130E-012
1349 5.8846E-012
1350 5.9113E-012
1350 5.7961E-012
1351 5.8339E-012
1352 5.9191E-012
1352 5.6883E-012
1353 5.7187E-012
1353 5.5270E-012
1354 5.6690E-012
1355 5.6202E-012
1355 5.9106E-012
1356 5.9903E-012
1356 5.9746E-012
1357 6.0195E-012
1357 6.1302E-012
1358 6.4162E-012
1359 6.1356E-012
1359 6.3119E-012
1360 6.3040E-012
1360 6.0962E-012
1361 5.8603E-012
1362 5.8364E-012
1362 5.5416E-012
1363 5.4984E-012
1363 5.4574E-012
1364 5.4182E-012
1364 5.3066E-012
1365 5.4282E-012
1366 5.6487E-012
1366 5.6371E-012
1367 5.4727E-012
1367 5.4782E-012
1368 5.0808E-012
1369 5.1603E-012
1369 5.1502E-012
1370 5.2675E-012
1370 5.3411E-012
1371 5.3705E-012
1371 5.7186E-012
1372 5.6410E-012
1373 5.7989E-012
1373 5.4620E-012
1374 5.6111E-012
1374 5.3828E-012
1375 5.6528E-012
1376 5.4855E-012
1376 6.1300E-012
1377 5.5922E-012
1377 5.9953E-012
1378 5.6810E-012
1378 6.0482E-012
1379 5.5677E-012
1380 5.6535E-012
1380 5.5032E-012
1381 5.8143E-012
1381 5.3574E-012
1382 5.6585E-012
1383 5.3607E-012
1383 5.7796E-012
1384 5.6107E-012
1384 5.9897E-012
1385 5.7990E-012
1385 5.8607E-012
1386 5.9358E-012
1387 5.8911E-012
1387 5.9478E-012
1388 5.6791E-012
1388 5.6865E-012
1389 6.0054E-012
1390 6.1792E-012
1390 6.3590E-012
1391 6.1315E-012
1391 6.3583E-012
1392 5.9786E-012
1392 6.1301E-012
1393 5.5348E-012
1394 5.7099E-012
1394 5.7138E-012
1395 6.1400E-012
1395 6.2469E-012
1396 5.9562E-012
1397 6.0747E-012
1397 6.0359E-012
1398 5.7461E-012
1398 5.5461E-012
1399 5.6376E-012
1399 5.7632E-012
1400 5.7901E-012
1401 5.6551E-012
1401 5.9363E-012
1402 5.7289E-012
1402 5.8016E-012
1403 5.6666E-012
1404 5.7450E-012
1404 5.5547E-012
1405 5.6940E-012
1405 5.8944E-012
1406 6.0586E-012
1406 5.8373E-012
1407 6.0831E-012
1408 5.6706E-012
1408 5.4504E-012
1409 5.0411E-012
1409 4.9841E-012
1410 4.9661E-012
1411 4.9292E-012
1411 5.3976E-012
1412 5.4486E-012
1412 5.8586E-012
1413 5.6886E-012
1413 6.1481E-012
1414 5.9506E-012
1415 5.8489E-012
1415 5.5845E-012
1416 5.9691E-012
1416 5.5853E-012
1417 5.6752E-012
1418 5.5490E-012
1418 5.8252E-012
1419 5.8332E-012
1419 5.9841E-012
1420 5.7312E-012
1420 6.0205E-012
1421 5.6990E-012
1422 6.0747E-012
1422 5.8128E-012
1423 6.2187E-012
1423 6.0853E-012
1424 5.7660E-012
1425 5.8439E-012
1425 5.6349E-012
1426 5.9543E-012
1426 6.4591E-012
1427 6.3601E-012
1427 6.2596E-012
1428 6.4372E-012
1429 6.5510E-012
1429 6.1963E-012
1430 6.3331E-012
1430 5.7794E-012
1431 5.9089E-012
1432 5.4617E-012
1432 5.3215E-012
1433 4.9412E-012
1433 4.9023E-012
1434 5.1270E-012
1434 5.1976E-012
1435 5.4122E-012
1436 5.2967E-012
1436 5.8023E-012
1437 6.1161E-012
1437 6.0071E-012
1438 5.7737E-012
1439 5.6385E-012
1439 5.6088E-012
1440 5.9411E-012
1440 6.2684E-012
1441 6.3148E-012
1441 6.0887E-012
1442 6.0873E-012
1443 6.2771E-012
1443 6.2580E-012
1444 6.1261E-012
1444 6.2943E-012
1445 6.4151E-012
1446 6.1271E-012
1446 6.2846E-012
1447 6.5601E-012
1447 6.4546E-012
1448 6.1529E-012
1448 6.6724E-012
1449 6.5675E-012
1450 6.7585E-012
1450 6.5052E-012
1451 6.6745E-012
1451 6.4519E-012
1452 6.4081E-012
1453 6.6621E-012
1453 6.7112E-012
1454 6.5582E-012
1454 6.7081E-012
1455 6.5029E-012
1455 6.6409E-012
1456 6.3789E-012
1457 6.8615E-012
1457 6.5200E-012
1458 7.0713E-012
1458 6.7188E-012
1459 7.1743E-012
1460 6.5822E-012
1460 6.8892E-012
1461 6.6769E-012
1461 6.5256E-012
1462 6.5354E-012
1462 6.2729E-012
1463 6.3528E-012
1464 6.2662E-012
1464 6.4594E-012
1465 6.3761E-012
1465 6.2913E-012
1466 6.2215E-012
1467 5.9403E-012
1467 5.7693E-012
1468 5.5362E-012
1468 5.8174E-012
1469 5.7905E-012
1469 6.0108E-012
1470 5.8340E-012
1471 5.6686E-012
1471 5.9285E-012
1472 6.1969E-012
1472 6.0636E-012
1473 5.8749E-012
1473 5.7023E-012
1474 5.6894E-012
1475 5.3542E-012
1475 5.3828E-012
1476 5.4718E-012
1476 5.7478E-012
1477 5.9008E-012
1478 5.7695E-012
1478 5.7962E-012
1479 5.7319E-012
1479 5.9986E-012
1480 6.0805E-012
1480 6.1696E-012
1481 5.7735E-012
1482 5.7073E-012
1482 5.7934E-012
1483 5.5427E-012
1483 5.2761E-012
1484 5.2883E-012
1485 5.2919E-012
1485 4.8433E-012
1486 4.8461E-012
1486 5.2464E-012
1487 5.7363E-012
1487 6.0464E-012
1488 6.4269E-012
1489 6.6823E-012
1489 6.4010E-012
1490 6.3731E-012
1490 6.4132E-012
1491 6.2704E-012
1492 6.1514E-012
1492 5.9742E-012
1493 5.5877E-012
1493 5.5138E-012
1494 5.6977E-012
1494 5.5721E-012
1495 5.7965E-012
1496 5.9751E-012
1496 6.6728E-012
1497 6.3827E-012
1497 6.6120E-012
1498 6.7384E-012
1499 6.7314E-012
1499 6.5165E-012
1500 6.6911E-012
1500 6.5437E-012
1501 6.6580E-012
1501 6.4514E-012
1502 6.5335E-012
1503 6.4399E-012
1503 6.7081E-012
1504 6.7216E-012
1504 6.6377E-012
1505 6.3478E-012
1506 6.3477E-012
1506 6.2211E-012
1507 6.1599E-012
1507 6.0141E-012
1508 5.9987E-012
1508 5.6465E-012
1509 5.4570E-012
1510 5.4424E-012
1510 5.6620E-012
1511 5.7190E-012
1511 5.7475E-012
1512 5.5030E-012
1513 5.9468E-012
1513 5.8463E-012
1514 6.1574E-012
1514 5.9929E-012
1515 5.9394E-012
1515 5.6836E-012
1516 5.7703E-012
1517 5.5886E-012
1517 5.7860E-012
1518 6.0958E-012
1518 6.1177E-012
1519 6.2450E-012
1520 6.1864E-012
1520 5.9069E-012
1521 5.8976E-012
1521 6.0000E-012
1522 6.1327E-012
1522 6.2257E-012
1523 6.2247E-012
1524 6.0068E-012
1524 6.2054E-012
1525 5.7567E-012
1525 5.5261E-012
1526 5.1254E-012
1527 4.4790E-012
1527 4.1520E-012
1528 4.7685E-012
1528 5.4652E-012
1529 6.0115E-012
1529 6.0284E-012
1530 5.9628E-012
1531 5.6513E-012
1531 5.6874E-012
1532 5.5300E-012
1532 5.1339E-012
1533 4.6610E-012
1534 3.9528E-012
1534 4.2145E-012
1535 4.8077E-012
1535 5.4046E-012
1536 5.4995E-012
1536 5.5148E-012
1537 5.4423E-012
1538 5.5942E-012
1538 5.8113E-012
1539 5.7878E-012
1539 5.9365E-012
1540 5.7116E-012
1541 6.0789E-012
1541 5.8726E-012
1542 6.0681E-012
1542 5.8773E-012
1543 5.9004E-012
1543 5.9236E-012
1544 5.9979E-012
1545 5.9126E-012
1545 5.6673E-012
1546 5.8171E-012
1546 5.7240E-012
1547 5.8754E-012
1548 5.8475E-012
1548 5.7253E-012
1549 5.9235E-012
1549 5.7727E-012
1550 6.1107E-012
1550 5.6767E-012
1551 5.6760E-012
1552 5.5283E-012
1552 5.5823E-012
1553 5.3363E-012
1553 5.3271E-012
1554 5.3914E-012
1554 5.5582E-012
1555 5.4749E-012
1556 5.5640E-012
1556 5.4980E-012
1557 5.6200E-012
1557 5.6024E-012
1558 5.5462E-012
1559 5.3112E-012
1559 5.2331E-012
1560 5.1892E-012
1560 5.0879E-012
1561 4.9099E-012
1561 4.9026E-012
1562 5.1824E-012
1563 5.2531E-012
1563 5.2549E-012
1564 5.2272E-012
1564 5.4409E-012
1565 5.6236E-012
1566 5.7931E-012
1566 5.4214E-012
1567 5.3013E-012
1567 5.3556E-012
1568 5.2978E-012
1568 5.1803E-012
1569 5.3204E-012
1570 5.1624E-012
1570 5.1781E-012
1571 5.1219E-012
1571 5.2531E-012
1572 5.3330E-012
1573 5.1867E-012
1573 5.0877E-012
1574 4.7321E-012
1574 4.7098E-012
1575 4.7332E-012
1575 5.0435E-012
1576 5.3311E-012
1577 5.4416E-012
1577 5.3739E-012
1578 5.6195E-012
1578 5.4300E-012
1579 5.5977E-012
1580 5.5288E-012
1580 5.6896E-012
1581 5.4391E-012
1581 5.4557E-012
1582 5.4892E-012
1582 5.8593E-012
1583 5.7965E-012
1584 6.0308E-012
1584 5.8167E-012
1585 5.6455E-012
1585 5.4400E-012
1586 5.5893E-012
1587 5.5670E-012
1587 5.5542E-012
1588 5.5558E-012
1588 5.5406E-012
1589 5.4941E-012
1589 5.5846E-012
1590 5.4915E-012
1591 5.5348E-012
1591 5.4971E-012
1592 5.5010E-012
1592 5.5714E-012
1593 5.5691E-012
1594 5.4676E-012
1594 5.4186E-012
1595 5.3440E-012
1595 5.3971E-012
1596 5.5794E-012
1596 5.7048E-012
1597 5.6769E-012
1598 5.9352E-012
1598 5.7071E-012
1599 5.8108E-012
1599 5.7586E-012
1600 5.6782E-012
1601 5.3947E-012
1601 5.3373E-012
1602 5.2443E-012
1602 5.2055E-012
1603 5.2141E-012
1603 5.5238E-012
1604 5.7341E-012
1605 5.6075E-012
1605 5.5574E-012
1606 5.1898E-012
1606 5.1308E-012
1607 5.3552E-012
1608 5.4100E-012
1608 5.1911E-012
1609 5.1416E-012
1609 5.3395E-012
1610 5.5139E-012
1610 5.5175E-012
1611 5.2736E-012
1612 5.1152E-012
1612 5.0250E-012
1613 4.8731E-012
1613 5.0812E-012
1614 5.4468E-012
1614 5.5144E-012
1615 5.6547E-012
1616 5.6553E-012
1616 5.5441E-012
1617 5.4349E-012
1617 5.6394E-012
1618 5.4832E-012
1619 5.6175E-012
1619 5.4102E-012
1620 5.3927E-012
1620 5.3560E-012
1621 5.3572E-012
1621 4.9553E-012
1622 5.0798E-012
1623 5.1757E-012
1623 5.3510E-012
1624 5.3493E-012
1624 5.6591E-012
1625 5.5956E-012
1626 5.2866E-012
1626 5.2742E-012
1627 5.4633E-012
1627 5.4770E-012
1628 5.8515E-012
1628 5.6964E-012
1629 5.3949E-012
1630 5.2639E-012
1630 5.2399E-012
1631 5.4029E-012
1631 5.4056E-012
1632 5.2923E-012
1633 5.3329E-012
1633 5.4704E-012
1634 5.4112E-012
1634 5.2811E-012
1635 5.4045E-012
1635 5.3137E-012
1636 5.3191E-012
1637 5.1903E-012
1637 5.3722E-012
1638 5.4576E-012
1638 5.5955E-012
1639 5.4819E-012
1640 5.2914E-012
1640 5.2251E-012
1641 5.2695E-012
1641 5.3411E-012
1642 5.2020E-012
1642 5.0793E-012
1643 5.0302E-012
1644 5.0509E-012
1644 5.2355E-012
1645 5.4633E-012
1645 5.5879E-012
1646 5.6365E-012
1647 5.6825E-012
1647 5.5882E-012
1648 5.2952E-012
1648 5.4494E-012
1649 5.1225E-012
1649 4.8796E-012
1650 4.8745E-012
1651 5.0189E-012
1651 5.3822E-012
1652 5.4833E-012
1652 5.4771E-012
1653 5.2978E-012
1654 5.2235E-012
1654 4.9069E-012
1655 4.8234E-012
1655 4.8133E-012
1656 4.9950E-012
1656 4.5799E-012
1657 4.1728E-012
1658 4.1814E-012
1658 4.5916E-012
1659 4.8613E-012
1659 5.0285E-012
1660 5.2791E-012
1661 5.4203E-012
1661 5.2511E-012
1662 5.3203E-012
1662 5.2262E-012
1663 5.1797E-012
1663 5.0949E-012
1664 5.2052E-012
1665 5.2757E-012
1665 5.4516E-012
1666 5.4406E-012
1666 5.3802E-012
1667 5.2800E-012
1667 5.1962E-012
1668 5.2532E-012
1669 5.2449E-012
1669 4.7254E-012
1670 4.2145E-012
1670 3.4031E-012
1671 3.0305E-012
1672 3.6724E-012
1672 4.5300E-012
1673 4.7332E-012
1673 4.8836E-012
1674 4.6587E-012
1674 4.6684E-012
1675 4.9103E-012
1676 5.1761E-012
1676 5.2158E-012
1677 5.0599E-012
1677 5.1993E-012
1678 5.3301E-012
1679 5.1319E-012
1680 5.1160E-012
1682 5.2232E-012
1683 5.3625E-012
1684 5.3245E-012
1686 5.1842E-012
1687 5.1983E-012
1688 5.4745E-012
1690 5.3219E-012
1691 5.2908E-012
1693 5.2743E-012
1694 5.2883E-012
1695 5.1214E-012
1697 5.2106E-012
1698 5.3289E-012
1699 5.2904E-012
1701 5.1928E-012
1702 5.1945E-012
1703 5.1501E-012
1705 5.1966E-012
1706 4.9753E-012
1708 5.0721E-012
1709 4.9658E-012
1710 4.9906E-012
1712 4.9694E-012
1713 5.0148E-012
1714 5.0265E-012
1716 5.0344E-012
1717 4.9740E-012
1719 4.8308E-012
1720 4.5355E-012
1721 4.6633E-012
1723 4.7056E-012
1724 4.4203E-012
1725 4.5443E-012
1727 4.8764E-012
1728 5.0216E-012
1730 4.8927E-012
1731 4.6499E-012
1732 4.7077E-012
1734 4.7246E-012
1735 4.8132E-012
1736 4.8712E-012
1738 4.8873E-012
1739 5.0770E-012
1740 4.9462E-012
1742 4.8240E-012
1743 5.0386E-012
1745 4.9673E-012
1746 4.9192E-012
1747 4.8173E-012
1749 4.8881E-012
1750 5.1067E-012
1751 5.0612E-012
1753 5.2655E-012
1754 5.3238E-012
1756 5.3493E-012
1757 5.1365E-012
1758 4.9391E-012
1760 4.5495E-012
1761 4.5343E-012
1762 4.6472E-012
1764 4.7131E-012
1765 4.6763E-012
1767 4.7170E-012
1768 4.7108E-012
1769 4.7699E-012
1771 4.8137E-012
1772 4.6660E-012
1773 4.6485E-012
1775 4.7124E-012
1776 4.7233E-012
1778 4.7859E-012
1779 4.9723E-012
1780 4.8442E-012
1782 4.8443E-012
1783 4.8545E-012
1784 4.7664E-012
1786 4.6758E-012
1787 4.6661E-012
1788 4.8754E-012
1790 5.1100E-012
1791 5.2556E-012
1793 5.2369E-012
1794 5.2216E-012
1795 5.2573E-012
1797 5.1617E-012
1798 5.1621E-012
1799 5.2105E-012
1801 5.2786E-012
1802 5.2477E-012
1804 5.0191E-012
1805 5.0580E-012
1806 5.0193E-012
1808 4.9476E-012
1809 4.9956E-012
1810 5.2042E-012
1812 5.1663E-012
1813 5.2501E-012
1815 5.0730E-012
1816 5.0180E-012
1817 4.9114E-012
1819 4.9828E-012
1820 4.9799E-012
1821 5.0218E-012
1823 5.0408E-012
1824 5.0164E-012
1826 5.0231E-012
1827 4.9967E-012
1828 4.9243E-012
1830 4.7585E-012
1831 4.6027E-012
1832 4.5869E-012
1834 4.8491E-012
1835 4.8909E-012
1836 4.9352E-012
1838 4.9056E-012
1839 4.6678E-012
1841 4.5305E-012
1842 4.3596E-012
1843 4.4763E-012
1845 4.5781E-012
1846 4.5999E-012
1847 4.5732E-012
1849 4.7874E-012
1850 4.8162E-012
1852 4.6300E-012
1853 4.4286E-012
1854 4.2927E-012
1856 4.5719E-012
1857 4.6690E-012
1858 4.6426E-012
1860 4.5308E-012
1861 4.4910E-012
1863 4.3469E-012
1864 4.5149E-012
1865 4.6045E-012
1867 4.6932E-012
1868 4.7137E-012
1869 4.7201E-012
1871 4.7932E-012
1872 4.8560E-012
1874 4.9189E-012
1875 4.8295E-012
1876 4.6944E-012
1878 4.7183E-012
1879 4.8281E-012
1880 4.7587E-012
1882 4.8467E-012
1883 4.8424E-012
1885 4.7762E-012
1886 4.7331E-012
1887 4.7601E-012
1889 4.6821E-012
1890 4.7030E-012
1891 4.6530E-012
1893 4.6852E-012
1894 4.6629E-012
1895 4.5418E-012
1897 4.6416E-012
1898 4.6168E-012
1900 4.6552E-012
1901 4.6118E-012
1902 4.6581E-012
1904 4.7850E-012
1905 4.7253E-012
1906 4.7539E-012
1908 4.6832E-012
1909 4.5465E-012
1911 4.4879E-012
1912 4.6648E-012
1913 4.6607E-012
1915 4.6122E-012
1916 4.7395E-012
1917 4.6616E-012
1919 4.7066E-012
1920 4.8034E-012
1922 4.7572E-012
1923 4.7550E-012
1924 4.7399E-012
1926 4.4598E-012
1927 4.5002E-012
1928 4.5667E-012
1930 4.5759E-012
1931 4.5079E-012
1933 4.7082E-012
1934 4.7442E-012
1935 4.7470E-012
1937 4.6284E-012
1938 4.6642E-012
1939 4.6652E-012
1941 4.6264E-012
1942 4.7033E-012
1944 4.7431E-012
1945 4.7354E-012
1946 4.8062E-012
1948 4.7239E-012
1949 4.5987E-012
1950 4.6534E-012
1952 4.6695E-012
1953 4.4994E-012
1955 4.6552E-012
1956 4.6675E-012
1957 4.6709E-012
1959 4.6901E-012
1960 4.7654E-012
1961 4.7635E-012
1963 4.6362E-012
1964 4.5656E-012
1966 4.5773E-012
1967 4.6602E-012
1968 4.5480E-012
1970 4.6042E-012
1971 4.7118E-012
1972 4.7975E-012
1974 4.7782E-012
1975 4.7013E-012
1976 4.7700E-012
1978 4.7068E-012
1979 4.5707E-012
1981 4.6022E-012
1982 4.6095E-012
1983 4.5383E-012
1985 4.5817E-012
1986 4.6034E-012
1987 4.6416E-012
1989 4.5693E-012
1990 4.3375E-012
1992 4.3793E-012
1993 4.3497E-012
1994 4.3134E-012
1996 4.4323E-012
1997 4.5670E-012
1998 4.4773E-012
2000 4.2684E-012
2001 4.3646E-012
2003 4.4686E-012
2004 4.3689E-012
2005 4.4011E-012
2007 4.4131E-012
2008 4.3780E-012
2009 4.5358E-012
2011 4.3415E-012
2012 4.1716E-012
2014 4.2966E-012
2015 4.3193E-012
2016 4.2486E-012
2018 4.3021E-012
2019 4.3468E-012
2020 4.3442E-012
2022 4.3501E-012
2023 4.4191E-012
2025 4.4160E-012
2026 4.1764E-012
2027 4.3309E-012
2029 4.4011E-012
2030 4.3917E-012
2031 4.3393E-012
2033 4.2201E-012
2034 4.2537E-012
2036 4.2094E-012
2037 4.1776E-012
2038 4.1928E-012
2040 4.1856E-012
2041 4.1140E-012
2042 4.3578E-012
2044 4.3467E-012
2045 4.4163E-012
2047 4.4902E-012
2048 4.4297E-012
2049 4.3791E-012
2051 4.4185E-012
2052 4.4682E-012
2053 4.3880E-012
2055 4.2202E-012
2056 4.1252E-012
2057 4.1588E-012
2059 4.0547E-012
2060 4.1536E-012
2062 4.1401E-012
2063 4.0539E-012
2064 4.1701E-012
2066 4.1479E-012
2067 4.0936E-012
2068 4.1364E-012
2070 4.1930E-012
2071 4.2473E-012
2073 4.1450E-012
2074 4.1635E-012
2075 4.2489E-012
2077 4.3154E-012
2078 4.2993E-012
2079 4.2099E-012
2081 4.2673E-012
2082 4.3232E-012
2084 4.2701E-012
2085 4.2037E-012
2086 4.2218E-012
2088 4.2293E-012
2089 4.2379E-012
2090 4.2219E-012
2092 4.2212E-012
2093 4.1551E-012
2095 4.0279E-012
2096 4.1326E-012
2097 4.0421E-012
2099 4.0473E-012
2100 4.0311E-012
2101 4.0178E-012
2103 4.1042E-012
2104 4.0839E-012
2106 4.1622E-012
2107 4.1694E-012
2108 3.9663E-012
2110 3.9221E-012
2111 3.9209E-012
2112 3.8773E-012
2114 3.9195E-012
2115 4.0994E-012
2117 4.2362E-012
2118 4.1426E-012
2119 4.1568E-012
2121 4.2272E-012
2122 4.1455E-012
2123 4.0889E-012
2125 4.0100E-012
2126 3.9369E-012
2128 3.9043E-012
2129 3.8674E-012
2130 3.7491E-012
2132 3.6742E-012
2133 3.5490E-012
2134 3.3793E-012
2136 3.4308E-012
2137 3.7323E-012
2139 3.7947E-012
2140 3.7261E-012
2141 3.8567E-012
2143 3.8802E-012
2144 3.9421E-012
2145 4.0118E-012
2147 3.9326E-012
2148 3.9411E-012
2150 3.9354E-012
2151 3.8510E-012
2152 3.9069E-012
2154 4.0167E-012
2155 4.0320E-012
2156 4.0185E-012
2158 3.9837E-012
2159 3.8166E-012
2161 3.8397E-012
2162 3.8008E-012
2163 3.8215E-012
2165 3.8614E-012
2166 3.7198E-012
2167 3.6531E-012
2169 3.6371E-012
2170 3.5840E-012
2171 3.6776E-012
2173 3.7881E-012
2174 3.6447E-012
2176 3.4360E-012
2177 3.5716E-012
2178 3.7249E-012
2180 3.7146E-012
2181 3.7394E-012
2182 3.8722E-012
2184 3.7373E-012
2185 3.6571E-012
2187 3.6785E-012
2188 3.6079E-012
2189 3.6271E-012
2191 3.7072E-012
2192 3.6449E-012
2193 3.6646E-012
2195 3.8350E-012
2196 3.9185E-012
2198 3.9136E-012
2199 3.8341E-012
2200 3.7863E-012
2202 3.6941E-012
2203 3.7596E-012
2204 3.7409E-012
2206 3.6401E-012
2207 3.5644E-012
2209 3.6250E-012
2210 3.5215E-012
2211 3.4319E-012
2213 3.4687E-012
2214 3.4458E-012
2215 3.4471E-012
2217 3.4278E-012
2218 3.4639E-012
2220 3.5184E-012
2221 3.4008E-012
2222 3.4825E-012
2224 3.3792E-012
2225 3.2808E-012
2226 3.3771E-012
2228 3.3809E-012
2229 3.4920E-012
2231 3.6273E-012
2232 3.6010E-012
2233 3.6255E-012
2235 3.6398E-012
2236 3.7110E-012
2237 3.6806E-012
2239 3.5719E-012
2240 3.5841E-012
2242 3.4602E-012
2243 3.2790E-012
2244 3.2748E-012
2246 3.3147E-012
2247 3.4145E-012
2248 3.2605E-012
2250 3.2164E-012
2251 3.2869E-012
2253 3.3712E-012
2254 3.1899E-012
2255 3.1153E-012
2257 3.0528E-012
2258 3.1954E-012
2259 3.3323E-012
2261 3.2850E-012
2262 3.4411E-012
2264 3.4534E-012
2265 3.3895E-012
2266 3.3200E-012
2268 3.3774E-012
2269 3.3798E-012
2270 3.4392E-012
2272 3.5240E-012
2273 3.5260E-012
2275 3.5302E-012
2276 3.4300E-012
2277 3.3348E-012
2279 3.4153E-012
2280 3.3933E-012
2281 3.5056E-012
2283 3.4879E-012
2284 3.3809E-012
2286 3.6178E-012
2287 3.4974E-012
2288 3.4970E-012
2290 3.6131E-012
2291 3.6482E-012
2292 3.4861E-012
2294 3.3689E-012
2295 3.3505E-012
2297 3.2559E-012
2298 2.9957E-012
2299 3.0928E-012
2301 3.1208E-012
2302 3.2366E-012
2303 3.2470E-012
2305 3.2198E-012
2306 3.2763E-012
2307 3.2864E-012
2309 3.2801E-012
2310 3.4314E-012
2312 3.2658E-012
2313 2.9443E-012
2314 2.9607E-012
2316 3.0418E-012
2317 3.1006E-012
2318 3.0819E-012
2320 3.0743E-012
2321 3.1424E-012
2323 3.2416E-012
2324 3.2020E-012
2325 2.9986E-012
2327 2.7392E-012
2328 2.9268E-012
2329 3.0872E-012
2331 3.0320E-012
2332 2.9875E-012
2334 2.9550E-012
2335 2.9049E-012
2336 3.0495E-012
2338 2.8599E-012
2339 2.9293E-012
2340 3.0662E-012
2342 2.9504E-012
2343 2.8105E-012
2345 2.4171E-012
2346 2.7214E-012
2347 2.8679E-012
2349 2.8285E-012
2350 3.0408E-012
2351 3.1361E-012
2353 3.1738E-012
2354 3.0858E-012
2356 2.9575E-012
2357 3.0291E-012
2358 3.0774E-012
2360 2.8158E-012
2361 2.7829E-012
2362 2.9254E-012
2364 2.9306E-012
2365 2.8327E-012
2367 2.8874E-012
2368 2.9332E-012
2369 2.9760E-012
2371 2.8537E-012
2372 2.9724E-012
2373 2.8807E-012
2375 2.7547E-012
2376 2.8360E-012
2378 2.9172E-012
2379 2.7957E-012
2380 2.6144E-012
2382 2.4145E-012
2383 2.0638E-012
2384 2.5994E-012
2386 2.9260E-012
2387 2.8640E-012
2389 2.7395E-012
2390 2.6207E-012
2391 2.8975E-012
2393 3.0022E-012
2394 3.0098E-012
2395 2.6211E-012
2397 2.6405E-012
2398 2.9093E-012
2400 2.8122E-012
2401 2.7651E-012
2402 2.9001E-012
2404 2.8570E-012
2405 2.5559E-012
2406 2.5588E-012
2408 2.6417E-012
2409 2.7857E-012
2411 2.6202E-012
2412 2.5741E-012
2413 2.8245E-012
2415 2.8221E-012
2416 2.8823E-012
2417 2.7456E-012
2419 2.8960E-012
2420 3.1004E-012
2422 3.1845E-012
2423 3.1127E-012
2424 2.8399E-012
2426 2.8689E-012
2427 3.0168E-012
2428 2.8725E-012
2430 2.7080E-012
2431 2.8440E-012
2433 2.8706E-012
2434 2.7638E-012
2435 2.7070E-012
2437 2.8131E-012
2438 2.7260E-012
2439 2.9587E-012
2441 3.0429E-012
2442 3.1339E-012
2444 3.0426E-012
2445 2.8867E-012
2446 2.7913E-012
2448 2.7807E-012
2449 2.8985E-012
2450 2.7797E-012
2452 2.8957E-012
2453 2.9840E-012
2454 2.8781E-012
2456 2.9906E-012
2457 2.9903E-012
2459 2.9860E-012
2460 2.8914E-012
2461 2.9274E-012
2463 2.8690E-012
2464 2.8743E-012
2465 2.8419E-012
2467 2.7528E-012
2468 2.8360E-012
2470 2.8218E-012
2471 2.8080E-012
2472 2.8393E-012
2474 2.8081E-012
2475 2.9412E-012
2476 2.9363E-012
2478 2.8802E-012
2479 2.8422E-012
2481 2.9122E-012
2482 2.9460E-012
2483 2.8199E-012
2485 2.8038E-012
2486 2.9340E-012
2487 3.0157E-012
2489 3.0126E-012
2490 2.8073E-012
2492 2.6870E-012
2493 2.7814E-012
2494 2.8210E-012
2496 3.0547E-012
2497 3.0787E-012
2498 2.9302E-012
2500 2.9737E-012
2501 3.0918E-012
2503 3.0091E-012
2504 2.9767E-012
2505 2.9703E-012
2507 2.8458E-012
2508 2.8642E-012
2509 2.9634E-012
2511 2.8601E-012
2512 2.7987E-012
2514 2.8842E-012
2515 2.8740E-012
2516 2.8910E-012
2518 2.8841E-012
2519 2.8525E-012
2520 2.7623E-012
2522 2.7579E-012
2523 2.7707E-012
2525 2.7684E-012
2526 2.5282E-012
2527 2.5104E-012
2529 2.5788E-012
2530 2.5398E-012
2531 2.7973E-012
2533 2.9639E-012
2534 2.8003E-012
2536 2.6792E-012
2537 2.6123E-012
2538 2.4944E-012
2540 2.3846E-012
2541 2.6283E-012
2542 2.6503E-012
2544 2.6745E-012
2545 2.7261E-012
2547 2.6516E-012
2548 2.6784E-012
2549 2.4025E-012
2551 2.4335E-012
2552 2.7634E-012
2553 2.9833E-012
2555 2.9801E-012
2556 2.9203E-012
2558 2.8153E-012
2559 2.7913E-012
2560 2.7142E-012
2562 2.7390E-012
2563 2.6135E-012
2564 2.6482E-012
2566 2.8444E-012
2567 2.7746E-012
2568 2.8777E-012
2570 2.9421E-012
2571 2.9197E-012
2573 2.9089E-012
2574 2.8885E-012
2575 2.8683E-012
2577 2.8019E-012
2578 2.8049E-012
2579 2.8476E-012
2581 2.8956E-012
2582 2.8310E-012
2584 2.7668E-012
2585 2.7991E-012
2586 2.5069E-012
2588 2.7196E-012
2589 2.7884E-012
2590 2.7713E-012
2592 2.7379E-012
2593 2.7851E-012
2595 2.7783E-012
2596 2.8312E-012
2597 2.8148E-012
2599 2.4099E-012
2600 2.1150E-012
2601 2.6282E-012
2603 2.8791E-012
2604 2.8246E-012
2606 2.6187E-012
2607 2.4489E-012
2608 2.5782E-012
2610 2.6476E-012
2611 2.5918E-012
2612 2.5054E-012
2614 2.5786E-012
2615 2.6073E-012
2617 2.8420E-012
2618 2.7794E-012
2619 2.7410E-012
2621 2.7077E-012
2622 2.7695E-012
2623 2.8273E-012
2625 2.7675E-012
2626 2.7035E-012
2628 2.7059E-012
2629 2.6542E-012
2630 2.5533E-012
2632 2.3853E-012
2633 2.5812E-012
2634 2.8647E-012
2636 2.9165E-012
2637 2.8869E-012
2639 2.7983E-012
2640 2.8777E-012
2641 2.9316E-012
2643 2.9296E-012
2644 3.0037E-012
2645 2.9758E-012
2647 2.9354E-012
2648 2.9400E-012
2649 2.9207E-012
2651 2.9038E-012
2652 2.8982E-012
2654 2.8878E-012
2655 2.8736E-012
2656 2.8856E-012
2658 2.9142E-012
2659 2.8328E-012
2660 2.8525E-012
2662 2.7934E-012
2663 2.7391E-012
2665 2.6399E-012
2666 2.6780E-012
2667 2.6664E-012
2669 2.7476E-012
2670 2.7600E-012
2671 2.7780E-012
2673 2.6979E-012
2674 2.8049E-012
2676 2.8486E-012
2677 2.8407E-012
2678 2.7966E-012
2680 2.7723E-012
2681 2.7474E-012
2682 2.7974E-012
2684 2.8341E-012
2685 2.7433E-012
2687 2.7175E-012
2688 2.7062E-012
2689 2.7089E-012
2691 2.7479E-012
2692 2.7115E-012
2693 2.6164E-012
2695 2.6811E-012
2696 2.7762E-012
2698 2.7283E-012
2699 2.5828E-012
2700 2.6987E-012
2702 2.6939E-012
2703 2.7219E-012
2704 2.7363E-012
2706 2.7290E-012
2707 2.6660E-012
2709 2.6692E-012
2710 2.5815E-012
2711 2.6117E-012
2713 2.6061E-012
2714 2.7172E-012
2715 2.7235E-012
2717 2.6865E-012
2718 2.6478E-012
2719 2.6009E-012
2721 2.6726E-012
2722 2.7131E-012
2724 2.6963E-012
2725 2.6988E-012
2726 2.7250E-012
2728 2.6278E-012
2729 2.6532E-012
2730 2.7658E-012
2732 2.7515E-012
2733 2.7962E-012
2735 2.7782E-012
2736 2.8158E-012
2737 2.6987E-012
2739 2.6676E-012
2740 2.5502E-012
2741 2.5976E-012
2743 2.5826E-012
2744 2.5251E-012
2746 2.5320E-012
2747 2.4015E-012
2748 2.3829E-012
2750 2.3108E-012
2751 2.3395E-012
2752 2.4941E-012
2754 2.5574E-012
2755 2.5171E-012
2757 2.4103E-012
2758 2.5198E-012
2759 2.6208E-012
2761 2.5784E-012
2762 2.5873E-012
2763 2.5372E-012
2765 2.6172E-012
2766 2.6039E-012
2768 2.5595E-012
2769 2.5277E-012
2770 2.5437E-012
2772 2.6578E-012
2773 2.7164E-012
2774 2.6935E-012
2776 2.6522E-012
2777 2.6362E-012
2779 2.5943E-012
2780 2.5625E-012
2781 2.5704E-012
2783 2.6463E-012
2784 2.5999E-012
2785 2.6062E-012
2787 2.6622E-012
2788 2.6663E-012
2789 2.6517E-012
2791 2.5282E-012
2792 2.4288E-012
2794 2.3089E-012
2795 1.9750E-012
2796 1.3937E-012
2798 1.8149E-012
2799 2.1512E-012
2800 2.3650E-012
2802 2.2497E-012
2803 1.6571E-012
2805 2.0182E-012
2806 2.4467E-012
2807 2.5906E-012
2809 2.6872E-012
2810 2.6761E-012
2811 2.6375E-012
2813 2.5971E-012
2814 2.6436E-012
2816 2.6859E-012
2817 2.6303E-012
2818 2.6299E-012
2820 2.6888E-012
2821 2.7350E-012
2822 2.6933E-012
2824 2.6503E-012
2825 2.6979E-012
2827 2.6508E-012
2828 2.6376E-012
2829 2.6104E-012
2831 2.6334E-012
2832 2.5631E-012
2833 2.5965E-012
2835 2.6283E-012
2836 2.5130E-012
2837 2.5481E-012
2839 2.5578E-012
2840 2.5005E-012
2842 2.4552E-012
2843 2.5044E-012
2844 2.5014E-012
2846 2.5384E-012
2847 2.5340E-012
2848 2.5028E-012
2850 2.4540E-012
2851 2.4680E-012
2853 2.3704E-012
2854 2.4901E-012
2855 2.5723E-012
2857 2.4597E-012
2858 2.4065E-012
2859 2.4785E-012
2861 2.6102E-012
2862 2.5727E-012
2864 2.5825E-012
2865 2.5315E-012
2866 2.4773E-012
2868 2.5093E-012
2869 2.4807E-012
2870 2.4628E-012
2872 2.4847E-012
2873 2.5089E-012
2875 2.4986E-012
2876 2.4940E-012
2877 2.4643E-012
2879 2.5255E-012
2880 2.5155E-012
2881 2.4936E-012
2883 2.5504E-012
2884 2.5537E-012
2885 2.5616E-012
2887 2.5502E-012
2888 2.5233E-012
2890 2.4430E-012
2891 2.4692E-012
2892 2.4635E-012
2894 2.4578E-012
2895 2.4536E-012
2896 2.4577E-012
2898 2.4590E-012
2899 2.4840E-012
2901 2.5559E-012
2902 2.6185E-012
2903 2.6076E-012
2905 2.6211E-012
2906 2.5907E-012
2907 2.6078E-012
2909 2.5880E-012
2910 2.5774E-012
2912 2.5650E-012
2913 2.6250E-012
2914 2.6336E-012
2916 2.6082E-012
2917 2.5887E-012
2918 2.5915E-012
2920 2.6261E-012
2921 2.6036E-012
2922 2.5512E-012
2924 2.5076E-012
2925 2.4981E-012
2927 2.4940E-012
2928 2.4561E-012
2929 2.4222E-012
2931 2.5197E-012
2932 2.5256E-012
2933 2.4991E-012
2935 2.4941E-012
2936 2.4703E-012
2938 2.4398E-012
2939 2.5275E-012
2940 2.4760E-012
2942 2.5481E-012
2943 2.5601E-012
2944 2.5134E-012
2946 2.5228E-012
2947 2.4839E-012
2949 2.4597E-012
2950 2.4731E-012
2951 2.5289E-012
2953 2.5290E-012
2954 2.4735E-012
2955 2.5303E-012
2957 2.5839E-012
2958 2.6001E-012
2959 2.5383E-012
2961 2.5265E-012
2962 2.5444E-012
2964 2.5426E-012
2965 2.4373E-012
2966 2.4666E-012
2968 2.5338E-012
2969 2.5203E-012
2970 2.4597E-012
2972 2.4497E-012
2973 2.5082E-012
2975 2.5626E-012
2976 2.5394E-012
2977 2.5053E-012
2979 2.5039E-012
2980 2.4428E-012
2981 2.4931E-012
2983 2.4975E-012
2984 2.4861E-012
2986 2.3763E-012
2987 2.4377E-012
2988 2.5029E-012
2990 2.5042E-012
2991 2.5681E-012
2992 2.5594E-012
2994 2.5025E-012
2995 2.5430E-012
2996 2.5726E-012
2998 2.5463E-012
2999 2.5236E-012
3001 2.4914E-012
3002 2.4599E-012
3003 2.4423E-012
3005 2.4956E-012
3006 2.5322E-012
3007 2.5693E-012
3009 2.5407E-012
3010 2.5420E-012
3012 2.5597E-012
3013 2.5467E-012
3014 2.5236E-012
3016 2.5285E-012
3017 2.5325E-012
3018 2.5319E-012
3020 2.5119E-012
3021 2.4996E-012
3023 2.5057E-012
3024 2.5411E-012
3025 2.5113E-012
3027 2.5183E-012
3028 2.5051E-012
3029 2.5172E-012
3031 2.4837E-012
3032 2.4732E-012
3033 2.4477E-012
3035 2.4741E-012
3036 2.4862E-012
3038 2.4254E-012
3039 2.4549E-012
3040 2.4800E-012
3042 2.4611E-012
3043 2.4608E-012
3044 2.4699E-012
3046 2.4473E-012
3047 2.4714E-012
3049 2.4362E-012
3050 2.4193E-012
3051 2.4157E-012
3053 2.4826E-012
3054 2.4804E-012
3055 2.4479E-012
3057 2.4418E-012
3058 2.4014E-012
3059 2.4298E-012
3067 2.4580E-012
3070 2.4360E-012
3073 2.4203E-012
3075 2.4247E-012
3078 2.4079E-012
3081 2.4283E-012
3084 2.4431E-012
3086 2.4171E-012
3089 2.3926E-012
3092 2.3986E-012
3095 2.3801E-012
3097 2.4004E-012
3100 2.3659E-012
3103 2.3650E-012
3106 2.3770E-012
3108 2.4121E-012
3111 2.4063E-012
3114 2.3740E-012
3117 2.3352E-012
3119 2.3343E-012
3122 2.3331E-012
3125 2.3234E-012
3128 2.3721E-012
3130 2.3499E-012
3133 2.3401E-012
3136 2.3342E-012
3139 2.3595E-012
3141 2.3642E-012
3144 2.3622E-012
3147 2.3529E-012
3150 2.3734E-012
3152 2.3411E-012
3155 2.3436E-012
3158 2.3242E-012
3161 2.3206E-012
3163 2.3160E-012
3166 2.3014E-012
3169 2.3248E-012
3172 2.3224E-012
3174 2.3215E-012
3177 2.2878E-012
3180 2.2411E-012
3183 2.2871E-012
3185 2.2773E-012
3188 2.2963E-012
3191 2.2706E-012
3193 2.2592E-012
3196 2.2375E-012
3199 2.2986E-012
3202 2.3166E-012
3204 2.3162E-012
3207 2.2773E-012
3210 2.2395E-012
3213 2.2470E-012
3215 2.2649E-012
3218 2.2663E-012
3221 2.2817E-012
3224 2.2645E-012
3226 2.2449E-012
3229 2.2347E-012
3232 2.2300E-012
3235 2.2184E-012
3237 2.2103E-012
3240 2.2405E-012
3243 2.2523E-012
3246 2.2571E-012
3248 2.2404E-012
3251 2.2163E-012
3254 2.2294E-012
3257 2.2316E-012
3259 2.2309E-012
3262 2.2317E-012
3265 2.2462E-012
3268 2.2364E-012
3270 2.2160E-012
3273 2.2230E-012
3276 2.1994E-012
3279 2.2088E-012
3281 2.2106E-012
3284 2.2089E-012
3287 2.2011E-012
3290 2.2026E-012
3292 2.2314E-012
3295 2.2082E-012
3298 2.2075E-012
3301 2.2087E-012
3303 2.2010E-012
3306 2.1996E-012
3309 2.2082E-012
3312 2.1923E-012
3314 2.1947E-012
3317 2.1935E-012
3320 2.1718E-012
3323 2.1256E-012
3325 2.1613E-012
3328 2.1811E-012
3331 2.1705E-012
3334 2.1452E-012
3336 2.1455E-012
3339 2.1339E-012
3342 2.1369E-012
3345 2.1362E-012
3347 2.1392E-012
3350 2.1271E-012
3353 2.1548E-012
3356 2.1483E-012
3358 2.1029E-012
3361 2.1295E-012
3364 2.1467E-012
3367 2.1203E-012
3369 2.1232E-012
3372 2.1139E-012
3375 2.1232E-012
3378 2.1153E-012
3380 2.0707E-012
3383 2.0912E-012
3386 2.1014E-012
3389 2.1084E-012
3391 2.1073E-012
3394 2.0827E-012
3397 2.1221E-012
3400 2.1098E-012
3402 2.0917E-012
3405 2.0942E-012
3408 2.0742E-012
3411 2.0983E-012
3413 2.0931E-012
3416 2.1050E-012
3419 2.0803E-012
3422 2.0725E-012
3424 2.0823E-012
3427 2.0904E-012
3430 2.0985E-012
3433 2.0821E-012
3435 2.0721E-012
3438 2.0664E-012
3441 2.0601E-012
3444 2.0535E-012
3446 2.0608E-012
3449 2.0613E-012
3452 2.0557E-012
3454 2.0433E-012
3457 2.0407E-012
3460 2.0341E-012
3463 2.0460E-012
3465 2.0489E-012
3468 2.0256E-012
3471 2.0244E-012
3474 2.0016E-012
3476 2.0259E-012
3479 2.0319E-012
3482 2.0333E-012
3485 2.0206E-012
3487 2.0108E-012
3490 1.9972E-012
3493 1.9900E-012
3496 1.9857E-012
3498 1.9922E-012
3501 2.0181E-012
3504 2.0112E-012
3507 2.0036E-012
3509 1.9891E-012
3512 1.9752E-012
3515 1.9776E-012
3518 1.9929E-012
3520 2.0051E-012
3523 2.0019E-012
3526 1.9844E-012
3529 2.0012E-012
3531 1.9931E-012
3534 1.9941E-012
3537 2.0012E-012
3540 1.9936E-012
3542 1.9794E-012
3545 1.9924E-012
3548 1.9880E-012
3551 1.9985E-012
3553 1.9936E-012
3556 1.9741E-012
3559 1.9591E-012
3562 1.9720E-012
3564 1.9599E-012
3567 1.9628E-012
3570 1.9389E-012
3573 1.9531E-012
3575 1.9550E-012
3578 1.9554E-012
3581 1.9577E-012
3584 1.9468E-012
3586 1.9206E-012
3589 1.9502E-012
3592 1.9413E-012
3595 1.9270E-012
3597 1.9328E-012
3600 1.9474E-012
3603 1.9337E-012
3606 1.9278E-012
3608 1.9163E-012
3611 1.9196E-012
3614 1.9175E-012
3617 1.9240E-012
3619 1.9246E-012
3622 1.9140E-012
3625 1.9266E-012
3628 1.9340E-012
3630 1.9027E-012
3633 1.9022E-012
3636 1.9188E-012
3639 1.9150E-012
3641 1.9200E-012
3644 1.9062E-012
3647 1.8893E-012
3650 1.8894E-012
3652 1.8987E-012
3655 1.9036E-012
3658 1.8948E-012
3661 1.8973E-012
3663 1.8829E-012
3666 1.8916E-012
3669 1.9019E-012
3672 1.8944E-012
3674 1.8831E-012
3677 1.8866E-012
3680 1.8555E-012
3683 1.8768E-012
3685 1.8583E-012
3688 1.8667E-012
3691 1.8756E-012
3694 1.8906E-012
3696 1.8779E-012
3699 1.8998E-012
3702 1.9021E-012
3705 1.8545E-012
3707 1.9539E-012
3710 1.8952E-012
3713 1.8142E-012
3716 2.0349E-012
3718 2.0593E-012
3721 1.8328E-012
3724 1.8996E-012
3727 2.2360E-012
3729 2.3049E-012
3732 2.0112E-012
3735 1.7836E-012
3738 2.1220E-012
3740 2.5397E-012
3743 2.6792E-012
3746 2.3744E-012
3749 1.9033E-012
3751 1.9104E-012
3754 2.2873E-012
3757 2.8146E-012
3760 3.0597E-012
3762 3.0763E-012
3765 2.6744E-012
3768 2.1575E-012
3771 1.7885E-012
3773 2.0975E-012
3776 2.6887E-012
3779 3.2878E-012
3782 3.6620E-012
3784 3.7686E-012
3787 3.6671E-012
3790 3.3803E-012
3793 2.7878E-012
3795 2.1473E-012
3798 1.8085E-012
3801 2.1189E-012
3804 2.7772E-012
3806 3.4052E-012
3809 3.8430E-012
3812 4.1108E-012
3815 4.2106E-012
3817 4.2360E-012
3820 4.1612E-012
3823 4.0075E-012
3826 3.6567E-012
3828 3.1593E-012
3831 2.5642E-012
3834 1.9623E-012
3837 1.8083E-012
3839 2.2928E-012
3842 2.9440E-012
3845 3.5126E-012
3848 3.9274E-012
3850 4.1616E-012
3853 4.3154E-012
3856 4.4115E-012
3859 4.4780E-012
3861 4.5585E-012
3864 4.5187E-012
3867 4.4922E-012
3870 4.4801E-012
3872 4.3768E-012
3875 4.1803E-012
3878 3.8771E-012
3880 3.4516E-012
3883 2.9133E-012
3886 2.2613E-012
3889 1.7856E-012
3891 1.9520E-012
3894 2.5509E-012
3897 3.1401E-012
3900 3.6059E-012
3902 3.9054E-012
3905 4.1223E-012
3908 4.3280E-012
3911 4.4616E-012
3913 4.4656E-012
3916 4.5104E-012
3919 4.5830E-012
3922 4.5929E-012
3924 4.5935E-012
3927 4.6078E-012
3930 4.4802E-012
3933 4.3174E-012
3935 4.3019E-012
3938 4.4785E-012
3941 4.4873E-012
3944 4.4547E-012
3946 4.4110E-012
3949 4.3126E-012
3952 4.2280E-012
3955 4.0410E-012
3957 3.8045E-012
3960 3.5021E-012
3963 3.0134E-012
3966 2.4382E-012
3968 1.8514E-012
3971 1.7395E-012
3974 2.1585E-012
3977 2.7347E-012
3979 3.2318E-012
3982 3.5598E-012
3985 3.8326E-012
3988 4.0470E-012
3990 4.1656E-012
3993 4.2784E-012
3996 4.3020E-012
3999 4.3096E-012
4001 4.3409E-012
4004 4.3514E-012
4007 4.3570E-012
4010 4.3914E-012
4012 4.3627E-012
4015 4.3622E-012
4018 4.4058E-012
4021 4.3187E-012
4023 4.3420E-012
4026 4.2275E-012
4029 4.2882E-012
4032 4.2923E-012
4034 4.3193E-012
4037 4.3451E-012
4040 4.3475E-012
4043 4.3214E-012
4045 4.2908E-012
4048 4.3560E-012
4051 4.2493E-012
4054 4.2562E-012
4056 4.2491E-012
4059 4.2626E-012
4062 4.2463E-012
4065 4.1856E-012
4067 4.1295E-012
4070 4.1303E-012
4073 4.0821E-012
4076 4.0487E-012
4078 3.9820E-012
4081 3.9064E-012
4084 3.8609E-012
4087 3.7204E-012
4089 3.4826E-012
4092 3.1834E-012
4095 2.7545E-012
4098 2.2476E-012
4100 1.7489E-012
4103 1.6372E-012
4106 2.0422E-012
4109 2.5135E-012
4111 2.9782E-012
4114 3.2994E-012
4117 3.5602E-012
4120 3.6611E-012
4122 3.7837E-012
4125 3.8298E-012
4128 3.8344E-012
4131 3.7838E-012
4133 3.9373E-012
4136 3.9928E-012
4139 4.0182E-012
4142 3.9710E-012
4144 3.9875E-012
4147 3.9992E-012
4150 4.0134E-012
4153 4.0223E-012
4155 3.9748E-012
4158 3.9288E-012
4161 3.9749E-012
4164 3.9679E-012
4166 4.0329E-012
4169 3.9509E-012
4172 3.9171E-012
4175 3.8724E-012
4177 3.8546E-012
4180 3.8965E-012
4183 3.9206E-012
4186 3.8648E-012
4188 3.8929E-012
4191 3.9220E-012
4194 3.9116E-012
4197 3.8895E-012
4199 3.8692E-012
4202 3.8676E-012
4205 3.7835E-012
4208 3.8883E-012
4210 3.8919E-012
4213 3.8511E-012
4216 3.8609E-012
4219 3.8331E-012
4221 3.8136E-012
4224 3.8201E-012
4227 3.8203E-012
4230 3.7990E-012
4232 3.7622E-012
4235 3.7678E-012
4238 3.7590E-012
4241 3.7500E-012
4243 3.7510E-012
4246 3.7360E-012
4249 3.7520E-012
4252 3.7510E-012
4254 3.7546E-012
4257 3.7391E-012
4260 3.7042E-012
4263 3.7013E-012
4265 3.7047E-012
4268 3.6888E-012
4271 3.6640E-012
4274 3.6694E-012
4276 3.6568E-012
4279 3.6419E-012
4282 3.6310E-012
4285 3.5864E-012
4287 3.6004E-012
4290 3.5809E-012
4293 3.5622E-012
4295 3.5525E-012
4298 3.5383E-012
4301 3.5270E-012
4304 3.5168E-012
4306 3.5108E-012
4309 3.4604E-012
4312 3.4520E-012
4315 3.4114E-012
4317 3.3730E-012
4320 3.2916E-012
4323 3.2131E-012
4326 3.0617E-012
4328 2.8858E-012
4331 2.6513E-012
4334 2.3156E-012
4337 1.9054E-012
4339 1.6192E-012
4342 1.4468E-012
4345 1.7913E-012
4348 2.1835E-012
4350 2.5299E-012
4353 2.7478E-012
4356 2.9572E-012
4359 3.0912E-012
4361 3.1835E-012
4364 3.2521E-012
4367 3.2921E-012
4370 3.3069E-012
4372 3.3314E-012
4375 3.3275E-012
4378 3.3382E-012
4381 3.3681E-012
4383 3.3339E-012
4386 3.3013E-012
4389 3.3082E-012
4392 3.3309E-012
4394 3.3508E-012
4397 3.3444E-012
4400 3.3752E-012
4403 3.3798E-012
4405 3.3550E-012
4408 3.3615E-012
4411 3.3137E-012
4414 3.3444E-012
4416 3.3106E-012
4419 3.3325E-012
4422 3.3292E-012
4425 3.3097E-012
4427 3.3131E-012
4430 3.3306E-012
4433 3.3246E-012
4436 3.3033E-012
4438 3.3019E-012
4441 3.2888E-012
4444 3.2939E-012
4447 3.3004E-012
4449 3.2607E-012
4452 3.2106E-012
4455 3.2710E-012
4458 3.2683E-012
4460 3.2606E-012
4463 3.2318E-012
4466 3.2358E-012
4469 3.1928E-012
4471 3.1356E-012
4474 3.1466E-012
4477 3.1836E-012
4480 3.1067E-012
4482 3.0100E-012
4485 3.1469E-012
4488 3.1585E-012
4491 3.1473E-012
4493 3.1725E-012
4496 3.1753E-012
4499 3.1600E-012
4502 3.1399E-012
4504 3.1652E-012
4507 3.1483E-012
4510 3.1317E-012
4513 3.1387E-012
4515 3.1251E-012
4518 3.0965E-012
4521 3.1133E-012
4524 3.0938E-012
4526 3.1047E-012
4529 3.0926E-012
4532 3.0614E-012
4535 3.0775E-012
4537 3.0905E-012
4540 3.0676E-012
4543 3.0730E-012
4546 3.0502E-012
4548 3.0015E-012
4551 2.9997E-012
4554 3.0094E-012
4556 3.0134E-012
4559 3.0196E-012
4562 3.0283E-012
4565 3.0251E-012
4567 3.0255E-012
4570 3.0179E-012
4573 2.9947E-012
4576 3.0002E-012
4578 3.0058E-012
4581 2.9765E-012
4584 2.9297E-012
4587 2.9679E-012
4589 2.9541E-012
4592 2.9574E-012
4595 2.9748E-012
4598 2.9675E-012
4600 2.9728E-012
4603 2.9820E-012
4606 2.9724E-012
4609 2.9558E-012
4611 2.9458E-012
4614 2.9439E-012
4617 2.9280E-012
4620 2.9003E-012
4622 2.9056E-012
4625 2.9210E-012
4628 2.9045E-012
4631 2.9037E-012
4633 2.8871E-012
4636 2.8926E-012
4639 2.8876E-012
4642 2.8959E-012
4644 2.8745E-012
4647 2.8732E-012
4650 2.8796E-012
4653 2.8606E-012
4655 2.8718E-012
4658 2.8678E-012
4661 2.8344E-012
4664 2.8281E-012
4666 2.8416E-012
4669 2.8175E-012
4672 2.8354E-012
4675 2.8310E-012
4677 2.8289E-012
4680 2.8308E-012
4683 2.8158E-012
4686 2.7717E-012
4688 2.7723E-012
4691 2.8097E-012
4694 2.7888E-012
4697 2.7993E-012
4699 2.7806E-012
4702 2.7671E-012
4705 2.7796E-012
4708 2.7718E-012
4710 2.7830E-012
4713 2.7321E-012
4716 2.7529E-012
4719 2.7486E-012
4721 2.7599E-012
4724 2.7377E-012
4727 2.7351E-012
4729 2.7331E-012
4732 2.7175E-012
4735 2.7286E-012
4738 2.7153E-012
4740 2.6953E-012
4743 2.6870E-012
4746 2.6883E-012
4749 2.7062E-012
4751 2.6987E-012
4754 2.6886E-012
4757 2.6646E-012
4760 2.6732E-012
4762 2.6544E-012
4765 2.6582E-012
4768 2.6547E-012
4771 2.6530E-012
4773 2.6407E-012
4776 2.6361E-012
4779 2.6301E-012
4782 2.6189E-012
4784 2.6285E-012
4787 2.6111E-012
4790 2.5891E-012
4793 2.5902E-012
4795 2.5604E-012
4798 2.5745E-012
4801 2.5706E-012
4804 2.5574E-012
4806 2.5520E-012
4809 2.5398E-012
4812 2.5477E-012
4815 2.5362E-012
4817 2.5205E-012
4820 2.4994E-012
4823 2.4844E-012
4826 2.4882E-012
4828 2.4636E-012
4831 2.4495E-012
4834 2.4203E-012
4837 2.3847E-012
4839 2.3583E-012
4842 2.3060E-012
4845 2.2237E-012
4848 2.1183E-012
4850 1.9924E-012
4853 1.8244E-012
4856 1.6087E-012
4858 1.3537E-012
4861 1.2227E-012
4864 1.2115E-012
4867 1.4415E-012
4869 1.6719E-012
4872 1.8470E-012
4875 1.9956E-012
4878 2.1245E-012
4880 2.2070E-012
4883 2.2632E-012
4886 2.2808E-012
4889 2.3120E-012
4891 2.3498E-012
4894 2.3626E-012
4897 2.3740E-012
4900 2.3827E-012
4902 2.3839E-012
4905 2.3898E-012
4908 2.3974E-012
4911 2.3886E-012
4913 2.3801E-012
4916 2.3821E-012
4919 2.3774E-012
4922 2.3571E-012
4924 2.3444E-012
4927 2.3663E-012
4930 2.3838E-012
4933 2.3793E-012
4935 2.3728E-012
4938 2.3674E-012
4941 2.3727E-012
4944 2.3696E-012
4946 2.3679E-012
4949 2.3661E-012
4952 2.3438E-012
4955 2.3346E-012
4957 2.3475E-012
4960 2.3436E-012
4963 2.3492E-012
4966 2.3389E-012
4968 2.3285E-012
4971 2.3330E-012
4974 2.3283E-012
4976 2.3160E-012
4979 2.3282E-012
4982 2.3134E-012
4985 2.3185E-012
4987 2.3105E-012
4990 2.3099E-012
4993 2.3006E-012
4996 2.3015E-012
4998 2.2921E-012
5001 2.2753E-012
5004 2.2775E-012
5007 2.2661E-012
5009 2.2688E-012
5012 2.2720E-012
5015 2.2726E-012
5018 2.2498E-012
5020 2.2377E-012
5023 2.2605E-012
5026 2.2474E-012
5029 2.2528E-012
5031 2.2058E-012
5034 2.2397E-012
5037 2.2322E-012
5040 2.2223E-012
5042 2.2049E-012
5045 2.2217E-012
5048 2.2252E-012
5051 2.2232E-012
5053 2.2120E-012
5056 2.1893E-012
5059 2.1796E-012
5062 2.1933E-012
5064 2.1975E-012
5067 2.1945E-012
5070 2.1869E-012
5072 2.1748E-012
5075 2.1901E-012
5078 2.1837E-012
5081 2.1859E-012
5083 2.1792E-012
5086 2.1848E-012
5089 2.1664E-012
5092 2.1751E-012
5094 2.1679E-012
5097 2.1699E-012
5100 2.1621E-012
5103 2.1566E-012
5105 2.1479E-012
5108 2.1464E-012
5111 2.1238E-012
5114 2.1359E-012
5116 2.1444E-012
5119 2.1425E-012
5122 2.1355E-012
5125 2.1379E-012
5127 2.1190E-012
5130 2.1185E-012
5133 2.1185E-012
5136 2.1139E-012
5138 2.1020E-012
5141 2.0849E-012
5144 2.1048E-012
5147 2.0801E-012
5149 2.0852E-012
5152 2.0775E-012
5155 2.0793E-012
5157 2.0761E-012
5160 2.0595E-012
5163 2.0729E-012
5166 2.0566E-012
5168 2.0273E-012
5171 2.0223E-012
5174 2.0324E-012
5177 2.0296E-012
5179 2.0342E-012
5182 2.0319E-012
5185 2.0275E-012
5188 2.0274E-012
5190 2.0338E-012
5193 2.0320E-012
5196 2.0236E-012
5199 2.0174E-012
5201 2.0200E-012
5204 2.0249E-012
5207 2.0227E-012
5210 2.0109E-012
5212 2.0059E-012
5215 2.0108E-012
5218 1.9887E-012
5221 2.0047E-012
5223 2.0011E-012
5226 1.9783E-012
5229 1.9675E-012
5231 1.9799E-012
5234 1.9420E-012
5237 1.9603E-012
5240 1.9775E-012
5242 1.9843E-012
5245 1.9725E-012
5248 1.9703E-012
5251 1.9645E-012
5253 1.9521E-012
5256 1.9463E-012
5259 1.9556E-012
5262 1.9412E-012
5264 1.9284E-012
5267 1.9377E-012
5270 1.9383E-012
5273 1.9407E-012
5275 1.9256E-012
5278 1.9158E-012
5281 1.9334E-012
5284 1.9321E-012
5286 1.9225E-012
5289 1.9225E-012
5292 1.9288E-012
5295 1.9174E-012
5297 1.9268E-012
5300 1.9219E-012
5303 1.9123E-012
5305 1.9103E-012
5308 1.9011E-012
5311 1.9060E-012
5314 1.8845E-012
5316 1.8626E-012
5319 1.8777E-012
5322 1.8854E-012
5325 1.8826E-012
5327 1.8687E-012
5330 1.8556E-012
5333 1.8756E-012
5336 1.8644E-012
5338 1.8691E-012
5341 1.8610E-012
5344 1.8689E-012
5347 1.8693E-012
5349 1.8663E-012
5352 1.8586E-012
5355 1.8547E-012
5358 1.8497E-012
5360 1.8472E-012
5363 1.8411E-012
5366 1.8393E-012
5368 1.8501E-012
5371 1.8427E-012
5374 1.8348E-012
5377 1.8426E-012
5379 1.8257E-012
5382 1.8259E-012
5385 1.8154E-012
5388 1.8152E-012
5390 1.8154E-012
5393 1.8066E-012
5396 1.8067E-012
5399 1.8030E-012
5401 1.7877E-012
5404 1.7897E-012
5407 1.8063E-012
5410 1.8003E-012
5412 1.7883E-012
5415 1.7835E-012
5418 1.7892E-012
5421 1.7847E-012
5423 1.7900E-012
5426 1.7673E-012
5429 1.7740E-012
5431 1.7731E-012
5434 1.7701E-012
5437 1.7676E-012
5440 1.7698E-012
5442 1.7630E-012
5445 1.7633E-012
5448 1.7720E-012
5454 1.7421E-012
5458 1.7414E-012
5463 1.7504E-012
5468 1.7335E-012
5473 1.7349E-012
5478 1.7394E-012
5483 1.7215E-012
5488 1.7181E-012
5493 1.7191E-012
5497 1.7203E-012
5502 1.6966E-012
5507 1.7060E-012
5512 1.7019E-012
5517 1.6945E-012
5522 1.6936E-012
5527 1.6986E-012
5531 1.6843E-012
5536 1.6610E-012
5541 1.6564E-012
5546 1.6651E-012
5551 1.6693E-012
5556 1.6583E-012
5561 1.6593E-012
5566 1.6442E-012
5570 1.6365E-012
5575 1.6388E-012
5580 1.6315E-012
5585 1.6292E-012
5590 1.6198E-012
5595 1.6211E-012
5600 1.6132E-012
5605 1.6166E-012
5609 1.6051E-012
5614 1.6006E-012
5619 1.5944E-012
5624 1.5916E-012
5629 1.5841E-012
5634 1.5781E-012
5639 1.5814E-012
5644 1.5666E-012
5648 1.5628E-012
5653 1.5610E-012
5658 1.5583E-012
5663 1.5555E-012
5668 1.5536E-012
5673 1.5490E-012
5678 1.5567E-012
5683 1.5416E-012
5687 1.5387E-012
5692 1.5292E-012
5697 1.5227E-012
5702 1.5205E-012
5707 1.5140E-012
5712 1.5163E-012
5717 1.5171E-012
5722 1.5104E-012
5726 1.5009E-012
5731 1.4971E-012
5736 1.4939E-012
5741 1.4888E-012
5746 1.4918E-012
5751 1.4854E-012
5756 1.4821E-012
5761 1.4767E-012
5765 1.4755E-012
5770 1.4695E-012
5775 1.4696E-012
5780 1.4660E-012
5785 1.4582E-012
5790 1.4514E-012
5795 1.4531E-012
5800 1.4475E-012
5804 1.4391E-012
5809 1.4371E-012
5814 1.4435E-012
5819 1.4247E-012
5824 1.4119E-012
5829 1.4237E-012
5834 1.4168E-012
5838 1.4129E-012
5843 1.4109E-012
5848 1.4094E-012
5853 1.4066E-012
5858 1.4092E-012
5863 1.3964E-012
5868 1.3943E-012
5873 1.3886E-012
5877 1.3795E-012
5882 1.3800E-012
5887 1.3783E-012
5892 1.3647E-012
5897 1.3643E-012
5902 1.3659E-012
5907 1.3652E-012
5912 1.3694E-012
5917 1.3630E-012
5921 1.3573E-012
5926 1.3527E-012
5931 1.3448E-012
5936 1.3480E-012
5941 1.3483E-012
5946 1.3366E-012
5951 1.3355E-012
5956 1.3293E-012
5960 1.3211E-012
5965 1.3231E-012
5970 1.3174E-012
5975 1.3165E-012
5980 1.3043E-012
5985 1.3057E-012
5990 1.3065E-012
5995 1.3045E-012
5999 1.3008E-012
6004 1.2987E-012
6009 1.2962E-012
6014 1.2943E-012
6019 1.2892E-012
6024 1.2796E-012
6029 1.2818E-012
6034 1.2811E-012
6038 1.2728E-012
6043 1.2710E-012
6048 1.2690E-012
6053 1.2634E-012
6058 1.2634E-012
6063 1.2552E-012
6068 1.2546E-012
6073 1.2536E-012
6077 1.2522E-012
6082 1.2503E-012
6087 1.2409E-012
6092 1.2438E-012
6097 1.2288E-012
6102 1.2320E-012
6107 1.2335E-012
6112 1.2260E-012
6116 1.2170E-012
6121 1.2161E-012
6126 1.2188E-012
6131 1.2087E-012
6136 1.2200E-012
6141 1.2127E-012
6146 1.2035E-012
6151 1.1974E-012
6155 1.1913E-012
6160 1.1865E-012
6165 1.1941E-012
6170 1.1915E-012
6175 1.1878E-012
6180 1.1755E-012
6185 1.1755E-012
6190 1.1824E-012
6194 1.1784E-012
6199 1.1739E-012
6204 1.1744E-012
6209 1.1650E-012
6214 1.1646E-012
6219 1.1548E-012
6224 1.1559E-012
6229 1.1532E-012
6233 1.1546E-012
6238 1.1542E-012
6243 1.1368E-012
6248 1.1350E-012
6253 1.1357E-012
6258 1.1381E-012
6263 1.1283E-012
6268 1.1300E-012
6273 1.1309E-012
6277 1.1312E-012
6282 1.1242E-012
6287 1.1261E-012
6292 1.1270E-012
6297 1.1235E-012
6302 1.1209E-012
6307 1.1074E-012
6312 1.1027E-012
6316 1.0956E-012
6321 1.0907E-012
6326 1.0818E-012
6331 1.0739E-012
6336 1.0713E-012
6341 1.0787E-012
6346 1.0737E-012
6351 1.0739E-012
6355 1.0824E-012
6360 1.0777E-012
6365 1.0723E-012
6370 1.0604E-012
6375 1.0589E-012
6380 1.0645E-012
6385 1.0685E-012
6390 1.0670E-012
6394 1.0619E-012
6399 1.0556E-012
6404 1.0547E-012
6409 1.0467E-012
6414 1.0442E-012
6419 1.0444E-012
6424 1.0510E-012
6429 1.0392E-012
6434 1.0394E-012
6438 1.0358E-012
6443 1.0251E-012
6448 1.0211E-012
6453 1.0231E-012
6458 1.0164E-012
6463 1.0162E-012
6468 1.0226E-012
6473 1.0171E-012
6477 1.0083E-012
6482 1.0072E-012
6487 1.0093E-012
6492 1.0039E-012
6497 1.0016E-012
6502 9.9544E-013
6507 9.9175E-013
6512 9.8799E-013
6516 9.8328E-013
6521 9.7775E-013
6526 9.6767E-013
6531 9.6240E-013
6536 9.5006E-013
6541 9.2401E-013
6546 8.8490E-013
6551 8.3891E-013
6556 7.6702E-013
6560 6.8860E-013
6565 6.4525E-013
6570 7.0850E-013
6575 7.8324E-013
6580 8.4736E-013
6585 8.8637E-013
6590 9.1062E-013
6595 9.1369E-013
6599 9.3025E-013
6604 9.3218E-013
6609 9.3770E-013
6614 9.3915E-013
6619 9.3427E-013
6624 9.3699E-013
6629 9.3971E-013
6634 9.3596E-013
6638 9.3290E-013
6643 9.3066E-013
6648 9.3091E-013
6653 9.2817E-013
6658 9.3158E-013
6663 9.3546E-013
6668 9.3241E-013
6673 9.2561E-013
6678 9.1677E-013
6682 9.2115E-013
6687 9.1921E-013
6692 9.1813E-013
6697 9.1777E-013
6702 9.1256E-013
6707 9.0895E-013
6712 9.0788E-013
6717 9.1150E-013
6721 9.0282E-013
6726 8.9730E-013
6731 9.0059E-013
6736 8.9556E-013
6741 8.9871E-013
6746 8.9877E-013
6751 8.8874E-013
6756 8.9186E-013
6761 8.8892E-013
6765 8.8346E-013
6770 8.8349E-013
6775 8.7826E-013
6780 8.7747E-013
6785 8.7474E-013
6790 8.7313E-013
6795 8.7700E-013
6800 8.7108E-013
6804 8.7416E-013
6809 8.6808E-013
6814 8.6514E-013
6819 8.5739E-013
6824 8.6093E-013
6829 8.6579E-013
6834 8.5929E-013
6839 8.5303E-013
6844 8.5311E-013
6848 8.5097E-013
6853 8.4418E-013
6858 8.4761E-013
6863 8.4102E-013
6868 8.4334E-013
6873 8.4313E-013
6878 8.4418E-013
6883 8.3518E-013
6887 8.3851E-013
6892 8.3455E-013
6897 8.3595E-013
6902 8.3335E-013
6907 8.2716E-013
6912 8.2622E-013
6917 8.2450E-013
6922 8.2674E-013
6927 8.2209E-013
6931 8.2100E-013
6936 8.1441E-013
6941 8.1079E-013
6946 8.1102E-013
6951 8.0920E-013
6956 8.1246E-013
6961 8.0977E-013
6966 8.1127E-013
6970 8.0706E-013
6975 8.0493E-013
6980 7.9856E-013
6985 7.9771E-013
6990 7.9528E-013
6995 7.9409E-013
7000 7.8949E-013
7005 7.8644E-013
7010 7.8706E-013
7014 7.9079E-013
7019 7.8580E-013
7024 7.7952E-013
7029 7.7761E-013
7034 7.7977E-013
7039 7.8066E-013
7044 7.7713E-013
7049 7.7490E-013
7053 7.7822E-013
7058 7.7313E-013
7063 7.6942E-013
7068 7.6817E-013
7073 7.5986E-013
7078 7.6523E-013
7083 7.6592E-013
7088 7.5841E-013
7093 7.5760E-013
7097 7.5505E-013
7102 7.5403E-013
7107 7.5423E-013
7112 7.5201E-013
7117 7.5273E-013
7122 7.5157E-013
7127 7.5090E-013
7132 7.4697E-013
7136 7.4502E-013
7141 7.4592E-013
7146 7.4483E-013
7151 7.4322E-013
7156 7.3959E-013
7161 7.3870E-013
7166 7.3927E-013
7171 7.3323E-013
7176 7.3115E-013
7180 7.3184E-013
7185 7.3213E-013
7190 7.2707E-013
7195 7.2758E-013
7200 7.2116E-013
7205 7.2343E-013
7210 7.2233E-013
7215 7.2434E-013
7219 7.2127E-013
7224 7.1605E-013
7229 7.1390E-013
7234 7.1479E-013
7239 7.1084E-013
7244 7.0840E-013
7249 7.0580E-013
7254 7.0532E-013
7259 7.0788E-013
7263 7.0422E-013
7268 7.0330E-013
7273 7.0578E-013
7278 6.9813E-013
7283 6.9606E-013
7288 6.8805E-013
7293 6.9147E-013
7298 6.9262E-013
7303 6.9111E-013
7307 6.8809E-013
7312 6.8961E-013
7317 6.8737E-013
7322 6.8780E-013
7327 6.8760E-013
7332 6.8259E-013
7337 6.8246E-013
7342 6.8060E-013
7346 6.7640E-013
7351 6.7890E-013
7356 6.7857E-013
7361 6.7846E-013
7366 6.8074E-013
7371 6.7372E-013
7376 6.7019E-013
7381 6.6822E-013
7386 6.6600E-013
7390 6.6275E-013
7395 6.6217E-013
7400 6.6534E-013
7405 6.5709E-013
7410 6.5590E-013
7415 6.5715E-013
7420 6.5575E-013
7425 6.5618E-013
7429 6.5215E-013
7434 6.5106E-013
7439 6.4977E-013
7444 6.4902E-013
7449 6.4866E-013
7454 6.4736E-013
7459 6.4285E-013
7464 6.4446E-013
7469 6.3939E-013
7473 6.4035E-013
7478 6.4102E-013
7483 6.3824E-013
7488 6.3407E-013
7493 6.3394E-013
7498 6.3316E-013
7503 6.3251E-013
7508 6.3355E-013
7513 6.3235E-013
7517 6.2691E-013
7522 6.2639E-013
7527 6.2107E-013
7532 6.2028E-013
7537 6.2114E-013
7542 6.2374E-013
7547 6.2233E-013
7552 6.1702E-013
7556 6.1752E-013
7561 6.1756E-013
7566 6.1387E-013
7571 6.1225E-013
7576 6.1172E-013
7581 6.1241E-013
7586 6.1277E-013
7591 6.1327E-013
7596 6.1097E-013
7600 6.0905E-013
7605 6.0248E-013
7610 6.0106E-013
7615 5.9987E-013
7620 6.0071E-013
7625 5.9810E-013
7630 5.9691E-013
7635 5.9575E-013
7640 5.9779E-013
7644 5.9651E-013
7649 5.9388E-013
7654 5.9506E-013
7659 5.9285E-013
7664 5.9011E-013
7669 5.8964E-013
7674 5.8886E-013
7679 5.8535E-013
7683 5.8437E-013
7688 5.8501E-013
7693 5.8305E-013
7698 5.8433E-013
7703 5.8384E-013
7708 5.8262E-013
7713 5.7972E-013
7718 5.7730E-013
7723 5.7482E-013
7727 5.7396E-013
7732 5.7409E-013
7737 5.7245E-013
7742 5.7119E-013
7747 5.7321E-013
7752 5.7689E-013
7757 5.7342E-013
7762 5.6965E-013
7767 5.6564E-013
7771 5.5252E-013
7776 5.4234E-013
7781 5.5526E-013
7786 5.5010E-013
7791 5.5702E-013
7796 5.5880E-013
7801 5.6325E-013
7806 5.6100E-013
7810 5.5908E-013
7815 5.5616E-013
7820 5.5493E-013
7825 5.5342E-013
7830 5.5226E-013
7835 5.4902E-013
7840 5.4863E-013
7845 5.4908E-013
7850 5.4203E-013
7854 5.4652E-013
7859 5.4668E-013
7864 5.4743E-013
7869 5.4518E-013
7874 5.3813E-013
7879 5.3667E-013
7884 5.3930E-013
7889 5.3365E-013
7894 5.3025E-013
7898 5.3231E-013
7903 5.3308E-013
7908 5.3316E-013
7913 5.3290E-013
7918 5.3320E-013
7923 5.3492E-013
7928 5.3473E-013
7933 5.3327E-013
7937 5.3342E-013
7942 5.2950E-013
7947 5.2608E-013
7952 5.2676E-013
7957 5.2144E-013
7962 5.2093E-013
7967 5.1917E-013
7972 5.1341E-013
7977 5.1757E-013
7981 5.1823E-013
7986 5.2107E-013
7991 5.2322E-013
7996 5.1921E-013
8001 5.2028E-013
8006 5.1275E-013
8011 5.1363E-013
8016 5.1356E-013
8021 5.1380E-013
8025 5.0814E-013
8030 5.0992E-013
8035 5.0437E-013
8040 5.0400E-013
8045 5.0232E-013
8050 5.0221E-013
8055 5.0331E-013
8060 5.0236E-013
8064 4.9919E-013
8069 4.9807E-013
8074 4.9707E-013
8079 4.9367E-013
8084 4.9135E-013
8089 4.9006E-013
8094 4.9380E-013
8099 4.9581E-013
8104 4.9111E-013
8108 4.9115E-013
8113 4.8591E-013
8118 4.8415E-013
8123 4.8622E-013
8128 4.8979E-013
8133 4.8757E-013
8138 4.8310E-013
8143 4.8276E-013
8147 4.8333E-013
8152 4.8173E-013
8157 4.8707E-013
8162 4.8591E-013
8167 4.8332E-013
8172 4.7896E-013
8177 4.7416E-013
8182 4.7472E-013
8187 4.7315E-013
8191 4.6994E-013
8196 4.6839E-013
8201 4.7251E-013
8206 4.7401E-013
8211 4.6870E-013
8216 4.6490E-013
8221 4.6428E-013
8226 4.6623E-013
8231 4.6477E-013
8235 4.6083E-013
8240 4.6254E-013
8245 4.6388E-013
8250 4.6289E-013
8255 4.6158E-013
8260 4.6134E-013
8265 4.6022E-013
8270 4.6050E-013
8274 4.5868E-013
8279 4.5853E-013
8284 4.5565E-013
8289 4.5812E-013
8294 4.5353E-013
8299 4.5445E-013
8304 4.5606E-013
8309 4.5445E-013
8314 4.5015E-013
8318 4.5161E-013
8323 4.5067E-013
8328 4.5022E-013
8333 4.4553E-013
8338 4.4832E-013
8343 4.4607E-013
8348 4.4527E-013
8353 4.4751E-013
8358 4.4010E-013
8362 4.4423E-013
8367 4.3950E-013
8372 4.4129E-013
8377 4.4243E-013
8382 4.3900E-013
8387 4.3997E-013
8392 4.3700E-013
8397 4.3634E-013
8401 4.3945E-013
8406 4.3746E-013
8411 4.3689E-013
8416 4.3508E-013
8421 4.3207E-013
8426 4.3254E-013
8431 4.3076E-013
8436 4.3118E-013
8441 4.2468E-013
8445 4.1919E-013
8450 4.1739E-013
8455 4.2781E-013
8460 4.2538E-013
8465 4.2270E-013
8470 4.2584E-013
8475 4.2219E-013
8480 4.2628E-013
8484 4.2211E-013
8489 4.2536E-013
8494 4.2386E-013
8499 4.1457E-013
8504 4.0920E-013
8509 4.1364E-013
8514 4.1970E-013
8519 4.2418E-013
8524 4.2797E-013
8528 4.2703E-013
8533 4.1970E-013
8538 4.1140E-013
8543 4.0078E-013
8548 3.9612E-013
8553 4.0384E-013
8558 4.0897E-013
8563 4.1614E-013
8568 4.2614E-013
8572 4.2665E-013
8577 4.2418E-013
8582 4.2006E-013
8587 4.0784E-013
8592 3.9625E-013
8597 3.9126E-013
8602 3.8340E-013
8607 3.9000E-013
8611 4.0373E-013
8616 4.1205E-013
8621 4.2299E-013
8626 4.2418E-013
8631 4.2716E-013
8636 4.2391E-013
8641 4.1794E-013
8646 4.1173E-013
8651 4.0459E-013
8655 3.8688E-013
8660 3.7288E-013
8665 3.6457E-013
8670 3.6255E-013
8675 3.7586E-013
8680 3.8795E-013
8685 3.9967E-013
8690 4.1467E-013
8694 4.2157E-013
8699 4.2426E-013
8704 4.2848E-013
8709 4.3334E-013
8714 4.3124E-013
8719 4.2905E-013
8724 4.2580E-013
8729 4.1517E-013
8734 3.9843E-013
8738 3.8473E-013
8743 3.6440E-013
8748 3.4882E-013
8753 3.3935E-013
8758 3.4934E-013
8763 3.6785E-013
8768 3.8202E-013
8773 3.9842E-013
8777 4.0424E-013
8782 4.1648E-013
8787 4.2304E-013
8792 4.2786E-013
8797 4.3059E-013
8802 4.3130E-013
8807 4.3448E-013
8812 4.3282E-013
8817 4.2780E-013
8821 4.2438E-013
8826 4.1784E-013
8831 4.1467E-013
8836 4.0739E-013
8841 3.9636E-013
8846 3.8132E-013
8851 3.6525E-013
8856 3.4092E-013
8860 3.2443E-013
8865 3.1827E-013
8870 3.2979E-013
8875 3.4786E-013
8880 3.6418E-013
8885 3.7837E-013
8890 3.9015E-013
8895 3.9896E-013
8900 4.0418E-013
8904 4.0888E-013
8909 4.1203E-013
8914 4.1710E-013
8919 4.2167E-013
8924 4.2273E-013
8929 4.2041E-013
8934 4.1354E-013
8939 4.1299E-013
8943 4.1262E-013
8948 4.1496E-013
8953 4.1502E-013
8958 4.1768E-013
8963 4.1147E-013
8968 4.0740E-013
8973 4.0365E-013
8978 4.0425E-013
8983 3.9969E-013
8987 3.9012E-013
8992 3.7900E-013
8997 3.5625E-013
9002 3.4400E-013
9007 3.2425E-013
9012 3.0444E-013
9017 2.9880E-013
9022 3.0755E-013
9026 3.2406E-013
9031 3.3898E-013
9036 3.5978E-013
9041 3.6977E-013
9046 3.7394E-013
9051 3.8313E-013
9056 3.8680E-013
9061 3.9185E-013
9065 3.9380E-013
9070 3.9505E-013
9075 4.0011E-013
9080 3.9609E-013
9085 3.9335E-013
9090 3.8882E-013
9095 3.9048E-013
9100 3.9497E-013
9105 3.9119E-013
9109 3.9262E-013
9114 3.9148E-013
9119 3.9312E-013
9124 3.9104E-013
9129 3.8754E-013
9134 3.9335E-013
9139 3.9023E-013
9144 3.9013E-013
9148 3.9315E-013
9153 3.8733E-013
9158 3.9230E-013
9163 3.8955E-013
9168 3.8464E-013
9173 3.7887E-013
9178 3.7309E-013
9183 3.7008E-013
9187 3.7412E-013
9192 3.6893E-013
9197 3.6469E-013
9202 3.5771E-013
9207 3.4543E-013
9212 3.3299E-013
9217 3.1453E-013
9222 3.0315E-013
9227 2.8584E-013
9231 2.7839E-013
9236 2.8621E-013
9241 2.9751E-013
9246 3.0623E-013
9251 3.2575E-013
9256 3.3378E-013
9261 3.4237E-013
9266 3.4065E-013
9270 3.4902E-013
9275 3.5639E-013
9280 3.6023E-013
9285 3.6360E-013
9290 3.7026E-013
9295 3.6944E-013
9300 3.6862E-013
9305 3.6781E-013
9309 3.6779E-013
9314 3.6380E-013
9319 3.6083E-013
9324 3.6397E-013
9329 3.6357E-013
9334 3.6573E-013
9339 3.6401E-013
9344 3.6456E-013
9349 3.6077E-013
9353 3.6252E-013
9358 3.6289E-013
9363 3.6075E-013
9368 3.5946E-013
9373 3.5917E-013
9378 3.5733E-013
9383 3.5670E-013
9388 3.5517E-013
9392 3.5824E-013
9397 3.5741E-013
9402 3.5790E-013
9407 3.5482E-013
9412 3.5443E-013
9417 3.4913E-013
9422 3.4792E-013
9427 3.4728E-013
9431 3.5035E-013
9436 3.5058E-013
9441 3.4838E-013
9446 3.4726E-013
9451 3.4223E-013
9456 3.4505E-013
9461 3.4670E-013
9466 3.4905E-013
9470 3.5060E-013
9475 3.5025E-013
9480 3.4876E-013
9485 3.3897E-013
9490 3.3806E-013
9495 3.3350E-013
9500 3.2917E-013
9505 3.2881E-013
9510 3.2584E-013
9514 3.1959E-013
9519 3.1426E-013
9524 3.0357E-013
9529 2.9421E-013
9534 2.8392E-013
9539 2.6802E-013
9544 2.5480E-013
9549 2.4549E-013
9553 2.4926E-013
9558 2.6331E-013
9563 2.7987E-013
9568 2.9207E-013
9573 3.0362E-013
9578 3.0786E-013
9583 3.0968E-013
9588 3.1357E-013
9592 3.1874E-013
9597 3.1921E-013
9602 3.1794E-013
9607 3.1886E-013
9612 3.2185E-013
9617 3.3045E-013
9622 3.3097E-013
9627 3.3298E-013
9631 3.2638E-013
9636 3.2403E-013
9641 3.2021E-013
9646 3.1960E-013
9651 3.1854E-013
9656 3.1920E-013
9661 3.1741E-013
9666 3.1821E-013
9670 3.1861E-013
9675 3.1921E-013
9680 3.1839E-013
9685 3.1848E-013
9690 3.2341E-013
9695 3.2686E-013
9700 3.2553E-013
9705 3.2272E-013
9709 3.1514E-013
9714 3.1761E-013
9719 3.1246E-013
9724 3.0956E-013
9729 3.1506E-013
9734 3.1708E-013
9739 3.1206E-013
9744 3.1214E-013
9748 3.1350E-013
9753 3.1293E-013
9758 3.0948E-013
9763 3.0643E-013
9768 3.0499E-013
9773 3.0678E-013
9778 3.1108E-013
9783 3.1237E-013
9787 3.1612E-013
9792 3.1515E-013
9797 3.0975E-013
9802 3.1029E-013
9807 3.1162E-013
9812 3.0907E-013
9817 3.0338E-013
9822 3.0495E-013
9826 2.9735E-013
9831 2.9661E-013
9836 2.9662E-013
9841 2.9867E-013
9846 2.9670E-013
9851 2.9955E-013
9856 3.0231E-013
9861 3.0204E-013
9865 3.0584E-013
9870 2.9893E-013
9875 2.9830E-013
9880 3.0204E-013
9885 2.9954E-013
9890 2.9969E-013
9895 2.9505E-013
9900 2.9874E-013
9904 2.9344E-013
9909 2.9150E-013
9914 2.9201E-013
9919 2.8954E-013
9924 2.9378E-013
9929 2.9328E-013
9934 2.9416E-013
9939 2.8816E-013
9943 2.9326E-013
9948 2.9106E-013
9953 2.9115E-013
9958 2.8783E-013
9963 2.8742E-013
9968 2.9087E-013
9973 2.8598E-013
9978 2.8800E-013
9982 2.8636E-013
9987 2.8499E-013
9992 2.8205E-013
9997 2.8247E-013
1E+004 2.8563E-013
1.001E+004 2.8499E-013
1.001E+004 2.7731E-013
1.002E+004 2.7357E-013
1.002E+004 2.6452E-013
1.003E+004 2.6245E-013
1.003E+004 2.5366E-013
1.004E+004 2.3902E-013
1.004E+004 2.3747E-013
1.005E+004 2.2721E-013
1.005E+004 2.1926E-013
1.006E+004 2.2063E-013
1.006E+004 2.2836E-013
1.007E+004 2.3701E-013
1.007E+004 2.4300E-013
1.008E+004 2.4936E-013
1.008E+004 2.5346E-013
1.008E+004 2.5687E-013
1.009E+004 2.6254E-013
1.009E+004 2.6249E-013
1.01E+004 2.6930E-013
1.01E+004 2.6513E-013
1.011E+004 2.6757E-013
1.011E+004 2.6608E-013
1.012E+004 2.6770E-013
1.013E+004 2.6778E-013
1.018E+004 2.6670E-013
1.023E+004 2.6303E-013
1.028E+004 2.5866E-013
1.033E+004 2.5420E-013
1.038E+004 2.4990E-013
1.043E+004 2.4570E-013
1.048E+004 2.4132E-013
1.053E+004 2.3726E-013
1.058E+004 2.3340E-013
1.063E+004 2.2959E-013
1.068E+004 2.2444E-013
1.073E+004 2.2156E-013
1.078E+004 2.1784E-013
1.083E+004 2.1342E-013
1.088E+004 2.0639E-013
1.093E+004 1.7224E-013
1.098E+004 1.8735E-013
1.103E+004 1.9871E-013
1.108E+004 1.9733E-013
1.113E+004 1.9471E-013
1.118E+004 1.9181E-013
1.123E+004 1.8879E-013
1.128E+004 1.8485E-013
1.133E+004 1.8215E-013
1.138E+004 1.7996E-013
1.143E+004 1.7713E-013
1.148E+004 1.7448E-013
1.153E+004 1.7179E-013
1.158E+004 1.6914E-013
1.163E+004 1.6632E-013
1.168E+004 1.6355E-013
1.173E+004 1.6150E-013
1.178E+004 1.5832E-013
1.183E+004 1.5643E-013
1.188E+004 1.5402E-013
1.193E+004 1.5199E-013
1.198E+004 1.4956E-013
1.203E+004 1.4745E-013
1.208E+004 1.4523E-013
1.213E+004 1.4310E-013
1.218E+004 1.4103E-013
1.223E+004 1.3896E-013
1.228E+004 1.3688E-013
1.233E+004 1.3491E-013
1.238E+004 1.3297E-013
1.243E+004 1.3109E-013
1.248E+004 1.2904E-013
1.253E+004 1.2733E-013
1.258E+004 1.2535E-013
1.263E+004 1.2351E-013
1.268E+004 1.2154E-013
1.273E+004 1.1904E-013
1.278E+004 1.1296E-013
1.283E+004 9.7140E-014
1.288E+004 1.1109E-013
1.293E+004 1.1271E-013
1.298E+004 1.1175E-013
1.303E+004 1.1048E-013
1.308E+004 1.0903E-013
1.313E+004 1.0753E-013
1.318E+004 1.0594E-013
1.323E+004 1.0461E-013
1.328E+004 1.0319E-013
1.333E+004 1.0180E-013
1.338E+004 1.0042E-013
1.343E+004 9.9061E-014
1.348E+004 9.7729E-014
1.353E+004 9.6385E-014
1.358E+004 9.5126E-014
1.363E+004 9.3870E-014
1.368E+004 9.2610E-014
1.373E+004 9.1353E-014
1.378E+004 9.0216E-014
1.383E+004 8.9037E-014
1.388E+004 8.7882E-014
1.393E+004 8.6720E-014
1.398E+004 8.5613E-014
1.403E+004 8.4509E-014
1.408E+004 8.3421E-014
1.413E+004 8.2346E-014
1.418E+004 8.1293E-014
1.423E+004 8.0258E-014
1.428E+004 7.9239E-014
1.433E+004 7.8232E-014
1.438E+004 7.7247E-014
1.443E+004 7.6085E-014
1.448E+004 7.5314E-014
1.453E+004 7.4292E-014
1.457E+004 7.3534E-014
1.462E+004 7.2746E-014
1.468E+004 7.1803E-014
1.473E+004 7.0933E-014
1.478E+004 7.0025E-014
1.483E+004 6.9228E-014
1.488E+004 6.8353E-014
1.493E+004 6.7601E-014
1.498E+004 6.6772E-014
1.503E+004 6.5957E-014
1.508E+004 6.5173E-014
1.513E+004 6.4416E-014
1.518E+004 6.3631E-014
1.523E+004 6.2872E-014
1.528E+004 6.2072E-014
1.533E+004 6.1289E-014
1.538E+004 6.0624E-014
1.543E+004 5.9644E-014
1.548E+004 5.9147E-014
1.553E+004 5.8368E-014
1.558E+004 5.7154E-014
1.563E+004 5.7436E-014
1.568E+004 5.5891E-014
1.573E+004 5.4742E-014
1.578E+004 5.5658E-014
1.583E+004 5.4833E-014
1.588E+004 5.1462E-014
1.593E+004 5.2888E-014
1.598E+004 5.3563E-014
1.605E+004 5.1764E-014
1.615E+004 4.9045E-014
1.625E+004 5.0834E-014
1.635E+004 4.8124E-014
1.645E+004 4.5365E-014
1.655E+004 4.7780E-014
1.665E+004 4.6822E-014
1.675E+004 4.3846E-014
1.685E+004 4.1241E-014
1.695E+004 4.3753E-014
1.705E+004 4.3028E-014
1.715E+004 4.2082E-014
1.725E+004 4.0768E-014
1.735E+004 3.6109E-014
1.745E+004 3.8463E-014
1.755E+004 3.8551E-014
1.765E+004 3.7861E-014
1.775E+004 3.7090E-014
1.785E+004 3.6313E-014
1.795E+004 3.5508E-014
1.805E+004 3.4456E-014
1.815E+004 3.0805E-014
1.825E+004 3.2152E-014
1.835E+004 3.2589E-014
1.845E+004 3.2024E-014
1.855E+004 3.1336E-014
1.865E+004 3.0393E-014
1.875E+004 2.7129E-014
1.885E+004 2.9081E-014
1.895E+004 2.8921E-014
1.905E+004 2.8441E-014
1.915E+004 2.7882E-014
1.925E+004 2.7265E-014
1.935E+004 2.6343E-014
1.945E+004 2.3540E-014
1.955E+004 2.5335E-014
1.965E+004 2.5240E-014
1.975E+004 2.4836E-014
1.985E+004 2.4371E-014
1.995E+004 2.3913E-014
2.005E+004 2.3467E-014
2.015E+004 2.3031E-014
2.025E+004 2.2604E-014
2.035E+004 2.2189E-014
2.045E+004 2.1781E-014
2.055E+004 2.1384E-014
2.065E+004 2.0994E-014
2.075E+004 2.0615E-014
2.085E+004 2.0245E-014
2.095E+004 1.9882E-014
2.105E+004 1.9526E-014
2.115E+004 1.9174E-014
2.125E+004 1.8834E-014
2.135E+004 1.8499E-014
2.145E+004 1.8125E-014
2.155E+004 1.7592E-014
2.165E+004 1.5841E-014
2.175E+004 1.6835E-014
2.185E+004 1.6885E-014
2.195E+004 1.6658E-014
2.205E+004 1.6381E-014
2.215E+004 1.6100E-014
2.225E+004 1.5831E-014
2.235E+004 1.5564E-014
2.245E+004 1.5303E-014
2.255E+004 1.5046E-014
2.265E+004 1.4797E-014
2.275E+004 1.4551E-014
2.285E+004 1.4322E-014
2.295E+004 1.4088E-014
2.305E+004 1.3860E-014
2.315E+004 1.3636E-014
2.325E+004 1.3417E-014
2.335E+004 1.3202E-014
2.345E+004 1.2991E-014
2.355E+004 1.2784E-014
2.365E+004 1.2582E-014
2.375E+004 1.2383E-014
2.385E+004 1.2187E-014
2.395E+004 1.1996E-014
2.405E+004 1.1806E-014
2.415E+004 1.1622E-014
2.425E+004 1.1441E-014
2.435E+004 1.1262E-014
2.445E+004 1.1084E-014
2.455E+004 1.0917E-014
2.465E+004 1.0740E-014
2.475E+004 1.0576E-014
2.485E+004 1.0428E-014
2.495E+004 1.0219E-014
2.505E+004 1.0118E-014
2.515E+004 9.9656E-015
2.525E+004 9.7212E-015
2.535E+004 9.6579E-015
2.545E+004 9.5491E-015
2.555E+004 9.3610E-015
2.565E+004 9.0781E-015
2.575E+004 9.1007E-015
2.585E+004 9.0079E-015
2.595E+004 8.8641E-015
2.605E+004 8.6126E-015
2.615E+004 8.2488E-015
2.625E+004 7.7251E-015
2.635E+004 8.1869E-015
2.645E+004 8.2391E-015
2.655E+004 8.1386E-015
2.665E+004 7.9396E-015
2.675E+004 7.5002E-015
2.685E+004 7.7134E-015
2.695E+004 7.7061E-015
2.705E+004 7.6194E-015
2.715E+004 7.5200E-015
2.725E+004 7.4141E-015
2.735E+004 7.2963E-015
2.745E+004 7.1298E-015
2.755E+004 6.6669E-015
2.765E+004 6.7588E-015
2.775E+004 6.8736E-015
2.785E+004 6.8177E-015
2.795E+004 6.7408E-015
2.805E+004 6.6509E-015
2.815E+004 6.5605E-015
2.825E+004 6.4717E-015
2.835E+004 6.3842E-015
2.845E+004 6.2825E-015
2.855E+004 6.1671E-015
2.865E+004 5.9298E-015
2.875E+004 5.5881E-015
2.885E+004 5.8676E-015
2.895E+004 5.8623E-015
2.905E+004 5.8067E-015
2.915E+004 5.7356E-015
2.925E+004 5.6616E-015
2.935E+004 5.5878E-015
2.945E+004 5.5152E-015
2.955E+004 5.4438E-015
2.965E+004 5.3734E-015
2.975E+004 5.3042E-015
2.985E+004 5.2362E-015
2.995E+004 5.1691E-015
3.005E+004 5.0987E-015
3.015E+004 5.0191E-015
3.025E+004 4.9106E-015
3.035E+004 4.5858E-015
3.045E+004 4.6117E-015
3.055E+004 4.7402E-015
3.065E+004 4.7146E-015
3.075E+004 4.6685E-015
3.085E+004 4.6106E-015
3.095E+004 4.5548E-015
3.105E+004 4.4985E-015
3.115E+004 4.4429E-015
3.125E+004 4.3884E-015
3.135E+004 4.3349E-015
3.145E+004 4.2817E-015
3.155E+004 4.2300E-015
3.165E+004 4.1787E-015
3.175E+004 4.1279E-015
3.185E+004 4.0784E-015
3.195E+004 4.0293E-015
3.21E+004 3.9572E-015
3.23E+004 3.8635E-015
3.25E+004 3.7725E-015
3.27E+004 3.6693E-015
3.29E+004 3.4029E-015
3.31E+004 3.4385E-015
3.33E+004 3.4209E-015
3.35E+004 3.3481E-015
3.37E+004 3.2728E-015
3.39E+004 3.1999E-015
3.41E+004 3.1286E-015
3.43E+004 3.0592E-015
3.45E+004 2.9917E-015
3.47E+004 2.9259E-015
3.49E+004 2.8619E-015
3.51E+004 2.7995E-015
3.53E+004 2.7389E-015
3.55E+004 2.6797E-015
3.57E+004 2.6221E-015
3.59E+004 2.5665E-015
3.61E+004 2.5112E-015
3.63E+004 2.4588E-015
3.65E+004 2.4055E-015
3.67E+004 2.3569E-015
3.69E+004 2.3028E-015
3.71E+004 2.2543E-015
3.73E+004 2.1486E-015
3.75E+004 2.0841E-015
3.77E+004 2.1191E-015
3.79E+004 2.0821E-015
3.81E+004 2.0317E-015
3.83E+004 1.9924E-015
3.85E+004 1.9617E-015
3.87E+004 1.9233E-015
3.89E+004 1.8794E-015
3.91E+004 1.8255E-015
3.93E+004 1.8096E-015
3.95E+004 1.7780E-015
3.97E+004 1.7440E-015
3.99E+004 1.7081E-015
4.01E+004 1.6562E-015
4.03E+004 1.6157E-015
4.05E+004 1.5377E-015
4.07E+004 1.5733E-015
4.09E+004 1.5539E-015
4.11E+004 1.5262E-015
4.13E+004 1.4969E-015
4.15E+004 1.4613E-015
4.17E+004 1.3956E-015
4.19E+004 1.4061E-015
4.21E+004 1.3902E-015
4.23E+004 1.3669E-015
4.25E+004 1.3421E-015
4.27E+004 1.3177E-015
4.29E+004 1.2940E-015
4.31E+004 1.2707E-015
4.33E+004 1.2474E-015
4.35E+004 1.2193E-015
4.37E+004 1.1595E-015
4.39E+004 1.1610E-015
4.41E+004 1.1588E-015
4.43E+004 1.1417E-015
4.45E+004 1.1218E-015
4.47E+004 1.1038E-015
4.49E+004 1.0831E-015
4.51E+004 1.0646E-015
4.53E+004 1.0463E-015
4.55E+004 1.0284E-015
4.57E+004 1.0108E-015
4.59E+004 9.9324E-016
4.61E+004 9.7529E-016
4.63E+004 9.5346E-016
4.65E+004 8.9427E-016
4.67E+004 8.8299E-016
4.69E+004 9.0115E-016
4.71E+004 8.9619E-016
4.73E+004 8.8330E-016
4.75E+004 8.6939E-016
4.77E+004 8.5550E-016
4.79E+004 8.4179E-016
4.81E+004 8.2830E-016
4.83E+004 8.1502E-016
4.85E+004 8.0201E-016
4.87E+004 7.8925E-016
4.89E+004 7.7672E-016
4.91E+004 7.6443E-016
4.93E+004 7.5238E-016
4.95E+004 7.4060E-016
4.97E+004 7.2892E-016
4.99E+004 7.1763E-016
5.01E+004 7.0642E-016
5.03E+004 6.9534E-016
5.05E+004 6.8465E-016
5.07E+004 6.7379E-016
5.09E+004 6.6211E-016
5.11E+004 6.4584E-016
5.13E+004 6.1206E-016
5.15E+004 6.2820E-016
5.17E+004 6.2295E-016
5.19E+004 6.1489E-016
5.21E+004 6.0618E-016
5.23E+004 5.9720E-016
5.25E+004 5.8785E-016
5.27E+004 5.7882E-016
5.29E+004 5.7111E-016
5.31E+004 5.6318E-016
5.33E+004 5.5500E-016
5.35E+004 5.4646E-016
5.37E+004 5.3740E-016
5.39E+004 5.2966E-016
5.41E+004 5.2317E-016
5.43E+004 5.1662E-016
5.45E+004 5.0945E-016
5.47E+004 5.0216E-016
5.49E+004 4.9403E-016
5.51E+004 4.8573E-016
5.53E+004 4.7753E-016
5.55E+004 4.7291E-016
5.57E+004 4.6743E-016
5.59E+004 4.6120E-016
5.61E+004 4.5480E-016
5.63E+004 4.4850E-016
5.65E+004 4.4230E-016
5.67E+004 4.3562E-016
5.69E+004 4.2826E-016
5.71E+004 4.1913E-016
5.73E+004 4.1626E-016
5.75E+004 4.1215E-016
5.77E+004 4.0728E-016
5.79E+004 4.0178E-016
5.81E+004 3.9638E-016
5.83E+004 3.9069E-016
5.85E+004 3.8510E-016
5.87E+004 3.7922E-016
5.89E+004 3.7016E-016
5.91E+004 3.5127E-016
5.93E+004 3.6107E-016
5.95E+004 3.5424E-016
5.97E+004 3.5209E-016
5.99E+004 3.5040E-016
6.01E+004 3.4651E-016
6.03E+004 3.4223E-016
6.05E+004 3.3790E-016
6.07E+004 3.3360E-016
6.09E+004 3.2935E-016
6.11E+004 3.2515E-016
6.13E+004 3.2106E-016
6.15E+004 3.1704E-016
6.17E+004 3.1301E-016
6.19E+004 3.0901E-016
6.21E+004 3.0501E-016
6.23E+004 3.0105E-016
6.25E+004 2.9686E-016
6.27E+004 2.9146E-016
6.29E+004 2.8167E-016
6.31E+004 2.8349E-016
6.33E+004 2.8223E-016
6.35E+004 2.7925E-016
6.37E+004 2.7607E-016
6.39E+004 2.7297E-016
6.42E+004 2.6821E-016
6.46E+004 2.6173E-016
6.5E+004 2.5545E-016
6.54E+004 2.4936E-016
6.58E+004 2.4343E-016
6.62E+004 2.3768E-016
6.66E+004 2.3211E-016
6.7E+004 2.2626E-016
6.74E+004 2.1969E-016
6.78E+004 2.1061E-016
6.82E+004 2.1056E-016
6.86E+004 2.0643E-016
6.9E+004 2.0190E-016
6.94E+004 1.9731E-016
6.98E+004 1.9294E-016
7.02E+004 1.8864E-016
7.06E+004 1.8444E-016
7.1E+004 1.8025E-016
7.14E+004 1.7643E-016
7.18E+004 1.7261E-016
7.22E+004 1.6885E-016
7.26E+004 1.6489E-016
7.3E+004 1.6151E-016
7.34E+004 1.5823E-016
7.38E+004 1.5462E-016
7.42E+004 1.5068E-016
7.46E+004 1.4295E-016
7.5E+004 1.3859E-016
7.54E+004 1.4069E-016
7.58E+004 1.3889E-016
7.62E+004 1.3623E-016
7.66E+004 1.3357E-016
7.7E+004 1.3091E-016
7.74E+004 1.2802E-016
7.78E+004 1.2503E-016
7.82E+004 1.2294E-016
7.86E+004 1.2080E-016
7.9E+004 1.1841E-016
7.94E+004 1.1608E-016
7.98E+004 1.1380E-016
8.02E+004 1.1157E-016
8.06E+004 1.0940E-016
8.1E+004 1.0712E-016
8.14E+004 1.0442E-016
8.18E+004 1.0267E-016
8.22E+004 1.0116E-016
8.26E+004 9.9311E-017
8.3E+004 9.7434E-017
8.34E+004 9.5599E-017
8.38E+004 9.3809E-017
8.42E+004 9.2061E-017
8.46E+004 9.0354E-017
8.5E+004 8.8686E-017
8.54E+004 8.7054E-017
8.58E+004 8.5433E-017
8.62E+004 8.3617E-017
8.66E+004 8.1185E-017
8.7E+004 8.0393E-017
8.74E+004 7.7723E-017
8.78E+004 7.6345E-017
8.82E+004 7.6425E-017
8.86E+004 7.5266E-017
8.9E+004 7.3939E-017
8.94E+004 7.2639E-017
8.98E+004 7.1367E-017
9.02E+004 7.0122E-017
9.06E+004 6.8905E-017
9.1E+004 6.7714E-017
9.14E+004 6.6548E-017
9.18E+004 6.5407E-017
9.22E+004 6.4291E-017
9.26E+004 6.3140E-017
9.3E+004 6.2041E-017
9.34E+004 6.0849E-017
9.38E+004 5.8849E-017
9.42E+004 5.8490E-017
9.46E+004 5.7922E-017
9.5E+004 5.7018E-017
9.54E+004 5.6110E-017
9.58E+004 5.5243E-017
9.62E+004 5.4339E-017
9.66E+004 5.3454E-017
9.7E+004 5.2586E-017
9.74E+004 5.1736E-017
9.78E+004 5.0903E-017
9.82E+004 5.0048E-017
9.86E+004 4.9201E-017
9.9E+004 4.8503E-017
9.94E+004 4.7734E-017
9.98E+004 4.6982E-017
1.002E+005 4.6243E-017
1.005E+005 4.5696E-017
1.01E+005 4.4799E-017
1.015E+005 4.3928E-017
1.02E+005 4.3081E-017
1.025E+005 4.2251E-017
1.03E+005 4.1443E-017
1.035E+005 4.0651E-017
1.04E+005 3.9880E-017
1.045E+005 3.9125E-017
1.05E+005 3.8390E-017
1.055E+005 3.7668E-017
1.06E+005 3.6967E-017
1.065E+005 3.6284E-017
1.07E+005 3.5609E-017
1.075E+005 3.4957E-017
1.08E+005 3.4318E-017
1.085E+005 3.3690E-017
1.09E+005 3.3079E-017
1.095E+005 3.2485E-017
1.1E+005 3.1901E-017
1.105E+005 3.1328E-017
1.11E+005 3.0770E-017
1.115E+005 3.0228E-017
1.12E+005 2.9695E-017
1.125E+005 2.9171E-017
1.13E+005 2.8661E-017
1.135E+005 2.8161E-017
1.14E+005 2.7673E-017
1.145E+005 2.7199E-017
1.15E+005 2.6728E-017
1.155E+005 2.6270E-017
1.16E+005 2.5824E-017
1.165E+005 2.5386E-017
1.17E+005 2.4959E-017
1.175E+005 2.4536E-017
1.18E+005 2.4127E-017
1.185E+005 2.3725E-017
1.19E+005 2.3331E-017
1.195E+005 2.2942E-017
1.2E+005 2.2564E-017
1.205E+005 2.2196E-017
1.21E+005 2.1834E-017
1.215E+005 2.1477E-017
1.22E+005 2.1131E-017
1.225E+005 2.0789E-017
1.23E+005 2.0453E-017
1.235E+005 2.0126E-017
1.24E+005 1.9805E-017
1.245E+005 1.9491E-017
1.25E+005 1.9183E-017
1.255E+005 1.8879E-017
1.26E+005 1.8584E-017
1.265E+005 1.8293E-017
1.27E+005 1.8006E-017
1.275E+005 1.7728E-017
1.28E+005 1.7453E-017
1.285E+005 1.7185E-017
1.29E+005 1.6922E-017
1.295E+005 1.6663E-017
1.3E+005 1.6410E-017
1.305E+005 1.6161E-017
1.31E+005 1.5916E-017
1.315E+005 1.5677E-017
1.32E+005 1.5442E-017
1.325E+005 1.5211E-017
1.33E+005 1.4985E-017
1.335E+005 1.4763E-017
1.34E+005 1.4546E-017
1.345E+005 1.4330E-017
1.35E+005 1.4120E-017
1.355E+005 1.3915E-017
1.36E+005 1.3711E-017
1.365E+005 1.3512E-017
1.37E+005 1.3319E-017
1.375E+005 1.3126E-017
1.38E+005 1.2937E-017
1.385E+005 1.2752E-017
1.39E+005 1.2571E-017
1.395E+005 1.2393E-017
1.4E+005 1.2217E-017
1.405E+005 1.2046E-017
1.41E+005 1.1876E-017
1.415E+005 1.1711E-017
1.42E+005 1.1547E-017
1.425E+005 1.1387E-017
1.43E+005 1.1230E-017
1.435E+005 1.1074E-017
1.44E+005 1.0921E-017
1.445E+005 1.0772E-017
1.45E+005 1.0624E-017
1.455E+005 1.0481E-017
1.46E+005 1.0338E-017
1.465E+005 1.0198E-017
1.47E+005 1.0062E-017
1.475E+005 9.9259E-018
1.48E+005 9.7934E-018
1.485E+005 9.6627E-018
1.49E+005 9.5338E-018
1.495E+005 9.4082E-018
1.5E+005 9.2842E-018
1.505E+005 9.1618E-018
1.51E+005 9.0411E-018
1.515E+005 8.9234E-018
1.52E+005 8.8073E-018
1.525E+005 8.6927E-018
1.53E+005 8.5796E-018
1.535E+005 8.4694E-018
1.54E+005 8.3606E-018
1.545E+005 8.2532E-018
1.55E+005 8.1471E-018
1.555E+005 8.0438E-018
1.56E+005 7.9418E-018
1.565E+005 7.8411E-018
1.57E+005 7.7417E-018
1.575E+005 7.6448E-018
1.58E+005 7.5491E-018
1.585E+005 7.4546E-018
1.59E+005 7.3613E-018
1.595E+005 7.2704E-018
1.6E+005 7.1806E-018
1.605E+005 7.0919E-018
1.61E+005 7.0044E-018
1.615E+005 6.9190E-018
1.62E+005 6.8336E-018
1.625E+005 6.7503E-018
1.63E+005 6.6681E-018
1.635E+005 6.5879E-018
1.64E+005 6.5077E-018
1.645E+005 6.4294E-018
1.65E+005 6.3522E-018
1.655E+005 6.2769E-018
1.66E+005 6.2015E-018
1.665E+005 6.1280E-018
1.67E+005 6.0553E-018
1.675E+005 5.9836E-018
1.68E+005 5.9126E-018
1.685E+005 5.8435E-018
1.69E+005 5.7743E-018
1.695E+005 5.7068E-018
1.7E+005 5.6411E-018
1.705E+005 5.5751E-018
1.71E+005 5.5109E-018
1.715E+005 5.4465E-018
1.72E+005 5.3838E-018
1.725E+005 5.3226E-018
1.73E+005 5.2613E-018
1.735E+005 5.2016E-018
1.74E+005 5.1416E-018
1.745E+005 5.0833E-018
1.75E+005 5.0255E-018
1.755E+005 4.9693E-018
1.76E+005 4.9129E-018
1.765E+005 4.8579E-018
1.77E+005 4.8036E-018
1.775E+005 4.7498E-018
1.78E+005 4.6967E-018
1.785E+005 4.6449E-018
1.79E+005 4.5937E-018
1.795E+005 4.5431E-018
1.8E+005 4.4930E-018
1.805E+005 4.4435E-018
1.81E+005 4.3945E-018
1.815E+005 4.3468E-018
1.82E+005 4.2996E-018
1.825E+005 4.2529E-018
1.83E+005 4.2068E-018
1.835E+005 4.1611E-018
1.84E+005 4.1166E-018
1.845E+005 4.0719E-018
1.85E+005 4.0284E-018
1.855E+005 3.9854E-018
1.86E+005 3.9428E-018
1.865E+005 3.9013E-018
1.87E+005 3.8596E-018
1.875E+005 3.8190E-018
1.88E+005 3.7788E-018
1.885E+005 3.7390E-018
1.89E+005 3.6997E-018
1.895E+005 3.6607E-018
1.9E+005 3.6228E-018
1.905E+005 3.5853E-018
1.91E+005 3.5476E-018
1.915E+005 3.5114E-018
1.92E+005 3.4751E-018
1.925E+005 3.4391E-018
1.93E+005 3.4040E-018
1.935E+005 3.3688E-018
1.94E+005 3.3344E-018
1.945E+005 3.3005E-018
1.95E+005 3.2668E-018
1.955E+005 3.2335E-018
1.96E+005 3.2011E-018
1.965E+005 3.1691E-018
1.97E+005 3.1368E-018
1.975E+005 3.1053E-018
1.98E+005 3.0742E-018
1.985E+005 3.0434E-018
1.99E+005 3.0134E-018
1.995E+005 2.9832E-018
2E+005 2.9538E-018
2.01E+005 2.8953E-018
2.02E+005 2.8384E-018
2.03E+005 2.7826E-018
2.04E+005 2.7285E-018
2.05E+005 2.6753E-018
2.06E+005 2.6237E-018
2.07E+005 2.5734E-018
2.08E+005 2.5242E-018
2.09E+005 2.4763E-018
2.1E+005 2.4293E-018
2.11E+005 2.3832E-018
2.12E+005 2.3388E-018
2.13E+005 2.2948E-018
2.14E+005 2.2524E-018
2.15E+005 2.2108E-018
2.16E+005 2.1699E-018
2.17E+005 2.1302E-018
2.18E+005 2.0912E-018
2.19E+005 2.0532E-018
2.2E+005 2.0160E-018
2.21E+005 1.9797E-018
2.22E+005 1.9441E-018
2.23E+005 1.9095E-018
2.24E+005 1.8755E-018
2.25E+005 1.8424E-018
2.26E+005 1.8099E-018
2.27E+005 1.7783E-018
2.28E+005 1.7472E-018
2.29E+005 1.7167E-018
2.3E+005 1.6869E-018
2.31E+005 1.6580E-018
2.32E+005 1.6296E-018
2.33E+005 1.6016E-018
2.34E+005 1.5745E-018
2.35E+005 1.5477E-018
2.36E+005 1.5217E-018
2.37E+005 1.4961E-018
2.38E+005 1.4710E-018
2.39E+005 1.4465E-018
2.4E+005 1.4224E-018
2.41E+005 1.3990E-018
2.42E+005 1.3759E-018
2.43E+005 1.3535E-018
2.44E+005 1.3314E-018
2.45E+005 1.3097E-018
2.46E+005 1.2885E-018
2.47E+005 1.2677E-018
2.48E+005 1.2473E-018
2.49E+005 1.2273E-018
2.5E+005 1.2079E-018
2.51E+005 1.1886E-018
2.52E+005 1.1698E-018
2.53E+005 1.1515E-018
2.54E+005 1.1333E-018
2.55E+005 1.1156E-018
2.56E+005 1.0983E-018
2.57E+005 1.0813E-018
2.58E+005 1.0646E-018
2.59E+005 1.0483E-018
2.6E+005 1.0321E-018
2.61E+005 1.0164E-018
2.62E+005 1.0009E-018
2.63E+005 9.8573E-019
2.64E+005 9.7096E-019
2.65E+005 9.5626E-019
2.66E+005 9.4194E-019
2.67E+005 9.2783E-019
2.68E+005 9.1409E-019
2.69E+005 9.0055E-019
2.7E+005 8.8722E-019
2.71E+005 8.7423E-019
2.72E+005 8.6142E-019
2.73E+005 8.4881E-019
2.74E+005 8.3652E-019
2.75E+005 8.2441E-019
2.76E+005 8.1248E-019
2.77E+005 8.0072E-019
2.78E+005 7.8926E-019
2.79E+005 7.7797E-019
2.8E+005 7.6697E-019
2.81E+005 7.5612E-019
2.82E+005 7.4543E-019
2.83E+005 7.3489E-019
2.84E+005 7.2449E-019
2.85E+005 7.1437E-019
2.86E+005 7.0451E-019
2.87E+005 6.9466E-019
2.88E+005 6.8507E-019
2.89E+005 6.7561E-019
2.9E+005 6.6628E-019
2.91E+005 6.5720E-019
2.92E+005 6.4823E-019
2.93E+005 6.3939E-019
2.94E+005 6.3067E-019
2.95E+005 6.2217E-019
2.96E+005 6.1379E-019
2.97E+005 6.0562E-019
2.98E+005 5.9746E-019
2.99E+005 5.8951E-019
3E+005 5.8167E-019
3.01E+005 5.7393E-019
3.02E+005 5.6639E-019
3.03E+005 5.5895E-019
3.04E+005 5.5161E-019
3.05E+005 5.4436E-019
3.06E+005 5.3730E-019
3.07E+005 5.3033E-019
3.08E+005 5.2345E-019
3.09E+005 5.1666E-019
3.1E+005 5.1005E-019
3.11E+005 5.0352E-019
3.12E+005 4.9707E-019
3.13E+005 4.9071E-019
3.14E+005 4.8450E-019
3.15E+005 4.7838E-019
3.16E+005 4.7234E-019
3.17E+005 4.6637E-019
3.18E+005 4.6055E-019
3.19E+005 4.5474E-019
3.2E+005 4.4907E-019
3.21E+005 4.4354E-019
3.22E+005 4.3801E-019
3.23E+005 4.3262E-019
3.24E+005 4.2730E-019
3.25E+005 4.2205E-019
3.26E+005 4.1685E-019
3.27E+005 4.1180E-019
3.28E+005 4.0680E-019
3.29E+005 4.0186E-019
3.3E+005 3.9699E-019
3.31E+005 3.9224E-019
3.32E+005 3.8748E-019
3.33E+005 3.8284E-019
3.34E+005 3.7826E-019
3.35E+005 3.7380E-019
3.36E+005 3.6933E-019
3.37E+005 3.6497E-019
3.38E+005 3.6066E-019
3.39E+005 3.5641E-019
3.4E+005 3.5220E-019
3.41E+005 3.4811E-019
3.42E+005 3.4406E-019
3.43E+005 3.4005E-019
3.44E+005 3.3610E-019
3.45E+005 3.3219E-019
3.46E+005 3.2838E-019
3.47E+005 3.2462E-019
3.48E+005 3.2090E-019
3.49E+005 3.1722E-019
3.5E+005 3.1358E-019
3.51E+005 3.1004E-019
3.52E+005 3.0654E-019
3.53E+005 3.0307E-019
3.54E+005 2.9965E-019
3.55E+005 2.9627E-019
3.56E+005 2.9297E-019
3.57E+005 2.8966E-019
3.58E+005 2.8644E-019
3.59E+005 2.8325E-019
3.6E+005 2.8010E-019
3.61E+005 2.7703E-019
3.62E+005 2.7394E-019
3.63E+005 2.7094E-019
3.64E+005 2.6797E-019
3.65E+005 2.6503E-019
3.66E+005 2.6217E-019
3.67E+005 2.5930E-019
3.68E+005 2.5650E-019
3.69E+005 2.5373E-019
3.7E+005 2.5099E-019
3.71E+005 2.4828E-019
3.72E+005 2.4560E-019
3.73E+005 2.4299E-019
3.74E+005 2.4041E-019
3.75E+005 2.3782E-019
3.76E+005 2.3533E-019
3.77E+005 2.3283E-019
3.78E+005 2.3035E-019
3.79E+005 2.2795E-019
3.8E+005 2.2552E-019
3.81E+005 2.2316E-019
3.82E+005 2.2083E-019
3.83E+005 2.1856E-019
3.84E+005 2.1627E-019
3.85E+005 2.1401E-019
3.86E+005 2.1181E-019
3.87E+005 2.0963E-019
3.88E+005 2.0747E-019
3.89E+005 2.0534E-019
3.9E+005 2.0322E-019
3.91E+005 2.0117E-019
3.92E+005 1.9913E-019
3.93E+005 1.9708E-019
3.94E+005 1.9509E-019
3.95E+005 1.9311E-019
3.96E+005 1.9119E-019
3.97E+005 1.8925E-019
3.98E+005 1.8734E-019
3.99E+005 1.8547E-019
