1711 -4.7707E-015
1711 -4.7707E-015
1712 -5.0544E-015
1713 7.3031E-015
1715 -7.3781E-015
1716 1.6695E-014
1718 1.8116E-014
1719 5.6175E-015
1720 -1.7745E-014
1722 1.6009E-014
1723 -7.6704E-015
1724 -9.1085E-015
1726 9.1208E-015
1727 4.7884E-015
1728 -1.2563E-014
1730 8.7369E-015
1731 3.3671E-014
1733 -3.2427E-015
1734 -9.7509E-016
1735 -3.5159E-015
1737 1.8698E-014
1738 -1.5964E-014
1739 1.0297E-015
1741 1.8314E-014
1742 8.9999E-015
1744 1.5525E-014
1745 1.3597E-014
1746 2.4676E-014
1748 6.6145E-015
1749 1.4042E-014
1750 3.1457E-014
1752 2.9087E-014
1753 2.3560E-014
1755 2.1539E-014
1756 -3.4900E-015
1757 2.1169E-014
1759 2.9598E-014
1760 1.8920E-014
1761 2.3558E-014
1763 2.5479E-014
1764 1.6246E-014
1766 2.0328E-014
1767 2.8881E-014
1768 2.6677E-014
1770 2.1708E-014
1771 3.1533E-014
1772 3.1350E-014
1774 3.7214E-014
1775 1.1134E-014
1776 1.7499E-014
1778 2.6549E-014
1779 2.1458E-014
1781 2.2340E-014
1782 2.6794E-014
1783 2.4399E-014
1785 2.7235E-014
1786 3.1609E-014
1787 1.9429E-014
1789 1.4573E-014
1790 1.1247E-014
1792 1.7541E-014
1793 2.1144E-014
1794 1.6175E-014
1796 2.4573E-014
1797 1.9865E-014
1798 1.4937E-014
1800 3.2848E-014
1801 2.6367E-014
1803 1.8314E-014
1804 1.6877E-014
1805 2.6405E-014
1807 3.0770E-014
1808 2.6893E-014
1809 2.6004E-014
1811 2.9403E-014
1812 2.9279E-014
1814 1.6431E-014
1815 3.0158E-014
1816 3.8300E-014
1818 2.2999E-014
1819 2.9913E-014
1820 2.9049E-014
1822 2.5294E-014
1823 2.9444E-014
1824 1.7389E-014
1826 3.4630E-014
1827 2.2901E-014
1829 3.0742E-014
1830 1.9065E-014
1831 2.9456E-014
1833 3.4457E-014
1834 2.3506E-014
1835 2.7172E-014
1837 1.9995E-014
1838 3.1914E-014
1840 3.6098E-014
1841 1.9775E-014
1842 2.9653E-014
1844 1.2269E-014
1845 1.4766E-014
1846 1.6111E-014
1848 2.3069E-014
1849 1.2241E-014
1851 2.1334E-014
1852 2.7620E-014
1853 2.9205E-014
1855 3.3837E-014
1856 3.9297E-014
1857 2.4625E-014
1859 2.7826E-014
1860 3.0247E-014
1862 2.8673E-014
1863 2.4363E-014
1864 3.1015E-014
1866 2.7591E-014
1867 2.6486E-014
1868 2.5636E-014
1870 3.9215E-014
1871 2.2736E-014
1873 3.3921E-014
1874 2.9758E-014
1875 3.1834E-014
1877 2.6233E-014
1878 3.3754E-014
1879 2.6229E-014
1881 2.5618E-014
1882 3.1513E-014
1883 3.0846E-014
1885 3.0419E-014
1886 3.1445E-014
1888 2.8167E-014
1889 4.0070E-014
1890 3.0763E-014
1892 3.6498E-014
1893 3.6491E-014
1894 3.8329E-014
1896 3.4203E-014
1897 3.2596E-014
1899 3.4027E-014
1900 3.4187E-014
1901 3.7027E-014
1903 3.7504E-014
1904 4.0079E-014
1905 4.1776E-014
1907 4.1974E-014
1908 4.1478E-014
1910 4.1206E-014
1911 4.1015E-014
1912 4.0092E-014
1914 5.0051E-014
1915 4.6363E-014
1916 3.5568E-014
1918 3.7102E-014
1919 3.0611E-014
1921 4.4851E-014
1922 4.1491E-014
1923 4.3444E-014
1925 4.1697E-014
1926 4.3902E-014
1927 4.3190E-014
1929 3.5342E-014
1930 2.8000E-014
1932 3.6645E-014
1933 3.3873E-014
1934 3.2503E-014
1936 3.3384E-014
1937 3.4567E-014
1938 3.8737E-014
1940 4.3789E-014
1941 4.3261E-014
1943 5.1677E-014
1944 4.9260E-014
1945 4.4818E-014
1947 4.1846E-014
1948 4.6730E-014
1949 4.8336E-014
1951 4.1819E-014
1952 4.3462E-014
1953 4.6124E-014
1955 4.1411E-014
1956 4.7560E-014
1958 5.3446E-014
1959 4.3171E-014
1960 4.2350E-014
1962 4.7405E-014
1963 4.8452E-014
1964 4.6363E-014
1966 4.5519E-014
1967 4.7145E-014
1969 4.9280E-014
1970 5.0941E-014
1971 5.1269E-014
1973 4.6041E-014
1974 5.0008E-014
1975 5.1706E-014
1977 4.9633E-014
1978 5.1485E-014
1980 4.7744E-014
1981 5.2972E-014
1982 4.9306E-014
1984 4.6260E-014
1985 5.0462E-014
1986 4.6555E-014
1988 4.3891E-014
1989 4.8575E-014
1991 5.1274E-014
1992 5.6701E-014
1993 5.4236E-014
1995 5.3954E-014
1996 5.3846E-014
1997 5.2205E-014
1999 5.7233E-014
2000 5.0783E-014
2002 5.6847E-014
2003 5.2960E-014
2004 5.3295E-014
2006 5.0372E-014
2007 5.4850E-014
2008 5.0452E-014
2010 5.1994E-014
2011 5.8162E-014
2013 5.6262E-014
2014 5.6503E-014
2015 5.8857E-014
2017 5.4730E-014
2018 5.7449E-014
2019 6.0512E-014
2021 6.5287E-014
2022 6.1932E-014
2024 6.0133E-014
2025 5.2810E-014
2026 5.3809E-014
2028 6.0989E-014
2029 6.2336E-014
2030 6.3477E-014
2032 5.9210E-014
2033 5.8397E-014
2035 5.9921E-014
2036 6.3621E-014
2037 6.6033E-014
2039 6.8102E-014
2040 6.5285E-014
2041 6.6401E-014
2043 6.5836E-014
2044 7.2889E-014
2045 7.0704E-014
2047 7.0839E-014
2048 7.0988E-014
2050 7.1834E-014
2051 7.1125E-014
2052 6.9850E-014
2054 6.7217E-014
2055 6.6012E-014
2056 7.1670E-014
2058 6.8791E-014
2059 7.2138E-014
2061 7.6203E-014
2062 6.7846E-014
2063 7.1636E-014
2065 7.4157E-014
2066 7.8024E-014
2067 7.8448E-014
2069 7.8680E-014
2070 7.8813E-014
2072 7.9268E-014
2073 8.1008E-014
2074 8.7671E-014
2076 8.1996E-014
2077 8.5692E-014
2078 8.5496E-014
2080 8.5346E-014
2081 8.5818E-014
2083 8.5396E-014
2084 8.5646E-014
2085 8.6402E-014
2087 9.5500E-014
2088 1.0401E-013
2089 1.0366E-013
2091 1.0509E-013
2092 1.1618E-013
2094 1.2029E-013
2095 1.1770E-013
2096 1.3138E-013
2098 1.3495E-013
2099 1.3347E-013
2100 1.3119E-013
2102 1.4675E-013
2103 1.4984E-013
2105 1.5461E-013
2106 1.7015E-013
2107 1.6210E-013
2109 1.4230E-013
2110 1.4008E-013
2111 1.5883E-013
2113 1.7242E-013
2114 1.6331E-013
2116 1.7516E-013
2117 1.9832E-013
2118 2.0226E-013
2120 2.1230E-013
2121 2.1388E-013
2122 1.6809E-013
2124 1.3014E-013
2125 1.3367E-013
2127 1.6775E-013
2128 1.7610E-013
2129 1.7466E-013
2131 1.5663E-013
2132 1.5951E-013
2133 1.6039E-013
2135 1.5609E-013
2136 1.6848E-013
2138 1.7967E-013
2139 1.6354E-013
2140 1.8988E-013
2142 2.3366E-013
2143 2.3288E-013
2144 2.1827E-013
2146 1.9892E-013
2147 1.9333E-013
2149 2.0155E-013
2150 2.0418E-013
2151 1.8727E-013
2153 2.0549E-013
2154 2.1913E-013
2155 1.9159E-013
2157 1.6840E-013
2158 1.4182E-013
2160 1.5735E-013
2161 1.9642E-013
2162 2.0002E-013
2164 1.9378E-013
2165 1.7176E-013
2166 1.4572E-013
2168 1.4944E-013
2169 1.5587E-013
2170 1.7094E-013
2172 1.8119E-013
2173 1.7819E-013
2175 1.5557E-013
2176 1.6646E-013
2177 1.6816E-013
2179 1.8866E-013
2180 2.4099E-013
2181 2.5837E-013
2183 2.6051E-013
2184 2.3064E-013
2186 2.3056E-013
2187 1.9220E-013
2188 2.0243E-013
2190 2.0658E-013
2191 2.1858E-013
2192 2.4078E-013
2194 2.6287E-013
2195 2.2887E-013
2197 2.2159E-013
2198 2.5049E-013
2199 2.4978E-013
2201 2.1865E-013
2202 2.4792E-013
2203 2.9467E-013
2205 2.7846E-013
2206 2.5578E-013
2208 2.2044E-013
2209 1.9451E-013
2210 1.6999E-013
2212 1.6180E-013
2213 2.0962E-013
2214 2.0734E-013
2216 1.9607E-013
2217 1.6986E-013
2219 2.0137E-013
2220 2.3778E-013
2221 2.5652E-013
2223 2.5319E-013
2224 2.4862E-013
2225 2.4466E-013
2227 2.3327E-013
2228 2.4021E-013
2230 2.5204E-013
2231 2.4317E-013
2232 2.9649E-013
2234 3.4827E-013
2235 3.4153E-013
2236 3.4472E-013
2238 3.0747E-013
2239 2.9906E-013
2241 2.9908E-013
2242 2.6492E-013
2243 2.5658E-013
2245 2.5886E-013
2246 2.9240E-013
2247 3.1134E-013
2249 2.9468E-013
2250 2.6569E-013
2252 2.6225E-013
2253 2.5863E-013
2254 2.4479E-013
2256 2.4484E-013
2257 2.4336E-013
2258 2.5043E-013
2260 2.3774E-013
2261 2.2101E-013
2263 2.2868E-013
2264 2.0753E-013
2265 1.9099E-013
2267 1.7840E-013
2268 1.7204E-013
2269 1.6608E-013
2271 1.6665E-013
2272 1.7547E-013
2274 1.8079E-013
2275 1.8629E-013
2276 1.9603E-013
2278 2.1684E-013
2279 2.2903E-013
2280 2.4324E-013
2282 2.7428E-013
2283 2.6861E-013
2285 2.6912E-013
2286 2.7207E-013
2287 2.3827E-013
2289 2.4144E-013
2290 2.3261E-013
2291 2.3229E-013
2293 2.4111E-013
2294 2.4929E-013
2296 2.5848E-013
2297 2.2614E-013
2298 1.9074E-013
2300 2.0665E-013
2301 2.1423E-013
2302 2.3397E-013
2304 2.4607E-013
2305 2.9182E-013
2307 3.3164E-013
2308 3.0332E-013
2309 2.6417E-013
2311 2.2216E-013
2312 1.9250E-013
2313 1.9971E-013
2315 2.5025E-013
2316 2.8151E-013
2317 2.6827E-013
2319 2.5805E-013
2320 2.2409E-013
2322 2.4471E-013
2323 3.0873E-013
2324 2.9731E-013
2326 2.4796E-013
2327 2.2332E-013
2328 2.4237E-013
2330 2.5967E-013
2331 2.2668E-013
2333 2.0326E-013
2334 2.1899E-013
2335 2.4434E-013
2337 2.3139E-013
2338 1.8627E-013
2339 1.8537E-013
2341 2.1468E-013
2342 2.1187E-013
2344 1.7046E-013
2345 1.5972E-013
2346 1.6677E-013
2348 1.7434E-013
2349 1.9452E-013
2350 2.4024E-013
2352 2.6632E-013
2353 2.8208E-013
2355 2.6896E-013
2356 2.7066E-013
2357 2.8378E-013
2359 2.5321E-013
2360 2.0643E-013
2361 2.2565E-013
2363 2.5327E-013
2364 2.4001E-013
2366 2.1952E-013
2367 2.1909E-013
2368 2.3584E-013
2370 2.6270E-013
2371 2.8413E-013
2372 2.8091E-013
2374 2.3045E-013
2375 2.3062E-013
2377 2.4963E-013
2378 2.4621E-013
2379 2.2018E-013
2381 1.8850E-013
2382 1.5513E-013
2383 1.5648E-013
2385 1.9851E-013
2386 2.2392E-013
2388 2.2404E-013
2389 2.2763E-013
2390 2.4382E-013
2392 2.6827E-013
2393 2.6016E-013
2394 2.1937E-013
2396 1.7537E-013
2397 1.9158E-013
2399 2.0694E-013
2400 2.1172E-013
2401 2.3436E-013
2403 2.3263E-013
2404 2.0488E-013
2405 1.7012E-013
2407 1.7980E-013
2408 2.0454E-013
2410 2.1936E-013
2411 1.8061E-013
2412 1.9169E-013
2414 2.1174E-013
2415 2.4919E-013
2416 2.7608E-013
2418 2.9714E-013
2419 3.2358E-013
2421 3.4176E-013
2422 3.5901E-013
2423 3.3569E-013
2425 3.1351E-013
2426 3.4229E-013
2427 3.6936E-013
2429 3.3700E-013
2430 3.3988E-013
2432 3.3813E-013
2433 3.1327E-013
2434 3.0522E-013
2436 2.9107E-013
2437 3.1054E-013
2438 3.2421E-013
2440 2.9982E-013
2441 3.2593E-013
2443 3.4538E-013
2444 3.1918E-013
2445 3.0563E-013
2447 2.8593E-013
2448 2.6599E-013
2449 2.5985E-013
2451 2.4543E-013
2452 2.4223E-013
2454 2.4026E-013
2455 2.4629E-013
2456 2.5554E-013
2458 2.5933E-013
2459 2.5905E-013
2460 2.4375E-013
2462 2.2983E-013
2463 2.1870E-013
2465 2.4458E-013
2466 2.4917E-013
2467 2.5721E-013
2469 2.7937E-013
2470 2.7321E-013
2471 2.8323E-013
2473 2.6451E-013
2474 2.8585E-013
2475 3.0116E-013
2477 2.9586E-013
2478 2.7545E-013
2480 2.5645E-013
2481 2.6938E-013
2482 2.4350E-013
2484 2.0853E-013
2485 2.3822E-013
2486 2.4719E-013
2488 2.1798E-013
2489 2.0117E-013
2491 1.9116E-013
2492 2.1832E-013
2493 2.6828E-013
2495 3.1609E-013
2496 3.3750E-013
2497 3.3641E-013
2499 3.4360E-013
2500 3.3667E-013
2502 2.9202E-013
2503 3.1219E-013
2504 3.0399E-013
2506 2.8409E-013
2507 2.5100E-013
2508 2.8841E-013
2510 3.1384E-013
2511 2.8196E-013
2513 2.6966E-013
2514 2.4086E-013
2515 2.1677E-013
2517 2.0144E-013
2518 2.0930E-013
2519 2.1887E-013
2521 2.4038E-013
2522 2.2291E-013
2524 2.0290E-013
2525 2.0772E-013
2526 2.2569E-013
2528 2.1024E-013
2529 2.0007E-013
2530 2.4084E-013
2532 2.7955E-013
2533 2.7838E-013
2535 2.7634E-013
2536 2.6126E-013
2537 2.6841E-013
2539 2.7427E-013
2540 2.8477E-013
2541 2.8255E-013
2543 2.9865E-013
2544 3.0806E-013
2546 2.9318E-013
2547 2.8573E-013
2548 2.7697E-013
2550 2.7900E-013
2551 3.4457E-013
2552 3.9308E-013
2554 4.0169E-013
2555 4.0378E-013
2557 3.9821E-013
2558 4.1246E-013
2559 4.3979E-013
2561 4.3369E-013
2562 3.9933E-013
2563 3.6870E-013
2565 4.4677E-013
2566 5.1872E-013
2568 5.4742E-013
2569 5.7039E-013
2570 6.1548E-013
2572 6.1469E-013
2573 6.3484E-013
2574 6.0024E-013
2576 4.6393E-013
2577 4.7587E-013
2579 5.8335E-013
2580 6.8967E-013
2581 7.6185E-013
2583 6.7494E-013
2584 5.8062E-013
2585 4.6401E-013
2587 4.5624E-013
2588 5.7778E-013
2589 7.1014E-013
2591 6.5356E-013
2592 5.6004E-013
2594 4.9266E-013
2595 4.9975E-013
2596 4.9636E-013
2598 3.9570E-013
2599 3.0198E-013
2600 3.5672E-013
2602 4.7358E-013
2603 5.2327E-013
2605 4.8005E-013
2606 3.9982E-013
2607 3.5723E-013
2609 4.2483E-013
2610 4.3498E-013
2611 3.6924E-013
2613 3.5054E-013
2614 3.8294E-013
2616 4.8002E-013
2617 4.9247E-013
2618 4.6405E-013
2620 5.3033E-013
2621 5.3351E-013
2622 5.6070E-013
2624 5.8731E-013
2625 5.3541E-013
2627 4.9528E-013
2628 4.6503E-013
2629 4.3252E-013
2631 4.1897E-013
2632 4.1941E-013
2633 5.7588E-013
2635 7.3258E-013
2636 8.6473E-013
2638 1.0470E-012
2639 1.1670E-012
2640 1.1365E-012
2642 1.1956E-012
2643 1.3602E-012
2644 1.3044E-012
2646 1.1655E-012
2647 1.0449E-012
2649 9.3343E-013
2650 9.4115E-013
2651 9.8770E-013
2653 1.0767E-012
2654 1.1877E-012
2655 1.2908E-012
2657 1.2798E-012
2658 1.2475E-012
2660 1.2384E-012
2661 1.2191E-012
2662 1.1105E-012
2664 1.0634E-012
2665 1.1005E-012
2666 1.1054E-012
2668 1.1155E-012
2669 1.1215E-012
2671 1.1239E-012
2672 1.1177E-012
2673 1.0666E-012
2675 1.2463E-012
2676 1.2919E-012
2677 1.1910E-012
2679 1.0666E-012
2680 1.0587E-012
2681 1.1308E-012
2683 1.1350E-012
2684 1.1174E-012
2686 1.1359E-012
2687 1.1541E-012
2688 1.0783E-012
2690 1.0149E-012
2691 1.0257E-012
2692 1.1034E-012
2694 1.1156E-012
2695 1.0242E-012
2697 1.0013E-012
2698 1.0688E-012
2699 1.1707E-012
2701 1.3106E-012
2702 1.3003E-012
2703 1.2885E-012
2705 1.3576E-012
2706 1.2859E-012
2708 1.1854E-012
2709 1.1606E-012
2710 1.1602E-012
2712 1.1931E-012
2713 1.2111E-012
2714 1.1060E-012
2716 1.0431E-012
2717 1.0551E-012
2719 8.7764E-013
2720 7.1772E-013
2721 7.6682E-013
2723 8.7628E-013
2724 8.8981E-013
2725 9.1951E-013
2727 9.5435E-013
2728 1.0231E-012
2730 1.2259E-012
2731 1.2531E-012
2732 1.1314E-012
2734 1.0321E-012
2735 9.4143E-013
2736 8.7534E-013
2738 7.5897E-013
2739 7.1260E-013
2741 6.5837E-013
2742 6.5283E-013
2743 5.8224E-013
2745 6.1813E-013
2746 6.3410E-013
2747 5.9454E-013
2749 6.1034E-013
2750 5.8989E-013
2751 7.4716E-013
2753 9.2790E-013
2754 8.6304E-013
2756 7.3764E-013
2757 7.6053E-013
2758 1.0441E-012
2760 1.2393E-012
2761 1.1638E-012
2762 1.0734E-012
2764 1.1268E-012
2765 1.2843E-012
2767 1.2674E-012
2768 1.1646E-012
2769 1.1566E-012
2771 1.2004E-012
2772 1.2660E-012
2773 1.2569E-012
2775 1.2780E-012
2776 1.1531E-012
2778 1.0332E-012
2779 9.0640E-013
2780 8.2979E-013
2782 8.1723E-013
2783 8.2884E-013
2784 8.2558E-013
2786 8.3174E-013
2787 8.0698E-013
2789 6.9232E-013
2790 6.1623E-013
2791 5.2740E-013
2793 4.5083E-013
2794 4.0733E-013
2795 4.0100E-013
2797 3.9149E-013
2798 3.5958E-013
2800 3.6951E-013
2801 3.8031E-013
2802 3.7940E-013
2804 4.1476E-013
2805 4.1340E-013
2806 5.1748E-013
2808 6.1921E-013
2809 7.2484E-013
2810 8.2321E-013
2812 8.6822E-013
2813 9.2697E-013
2815 1.0939E-012
2816 1.2090E-012
2817 1.1939E-012
2819 1.2775E-012
2820 1.3804E-012
2821 1.4153E-012
2823 1.4150E-012
2824 1.5002E-012
2826 1.4555E-012
2827 1.4114E-012
2828 1.4836E-012
2830 1.6086E-012
2831 1.6526E-012
2832 1.5959E-012
2834 1.5904E-012
2835 1.4506E-012
2837 1.3637E-012
2838 1.6112E-012
2839 1.5753E-012
2841 1.4669E-012
2842 1.4581E-012
2843 1.3221E-012
2845 1.2947E-012
2846 1.2258E-012
2848 1.0260E-012
2849 8.1801E-013
2850 6.2812E-013
2852 4.5697E-013
2853 4.0986E-013
2854 5.8171E-013
2856 7.7459E-013
2857 9.8468E-013
2858 1.1879E-012
2860 1.4605E-012
2861 1.6066E-012
2863 1.6362E-012
2864 1.7126E-012
2865 1.7395E-012
2867 1.6915E-012
2868 1.5494E-012
2869 1.5387E-012
2871 1.8404E-012
2872 2.0079E-012
2874 1.8344E-012
2875 1.7515E-012
2876 1.6492E-012
2878 1.6307E-012
2879 1.4342E-012
2880 1.1406E-012
2882 9.2091E-013
2883 1.1842E-012
2885 1.6332E-012
2886 1.9138E-012
2887 1.9283E-012
2889 1.9103E-012
2890 1.9124E-012
2891 1.9561E-012
2893 1.9990E-012
2894 2.0556E-012
2896 2.2959E-012
2897 2.4813E-012
2898 2.5456E-012
2900 2.8103E-012
2901 3.0768E-012
2902 2.8479E-012
2904 3.0821E-012
2905 3.1083E-012
2906 2.8844E-012
2908 2.8285E-012
2909 2.7607E-012
2911 2.7611E-012
2912 2.8640E-012
2913 3.1343E-012
2915 2.8185E-012
2916 2.6203E-012
2917 2.6059E-012
2919 2.6213E-012
2920 2.6736E-012
2922 2.6909E-012
2923 2.6077E-012
2924 2.3408E-012
2926 2.2419E-012
2927 2.2307E-012
2928 2.2564E-012
2930 2.4270E-012
2931 2.9033E-012
2933 2.9419E-012
2934 2.8575E-012
2935 2.9523E-012
2937 2.3517E-012
2938 2.1082E-012
2939 2.2973E-012
2941 2.3943E-012
2942 2.4632E-012
2943 2.6809E-012
2945 2.5759E-012
2946 2.7800E-012
2948 2.2611E-012
2949 1.9249E-012
2950 2.3751E-012
2952 2.8246E-012
2953 2.8205E-012
2954 2.5020E-012
2956 2.7663E-012
2957 2.6142E-012
2959 2.8633E-012
2960 2.8419E-012
2961 2.8114E-012
2963 3.0793E-012
2964 2.7772E-012
2965 2.0917E-012
2967 1.8019E-012
2968 2.0562E-012
2970 1.9980E-012
2971 2.0323E-012
2972 2.2259E-012
2974 2.2055E-012
2975 2.7410E-012
2976 2.9780E-012
2978 3.2622E-012
2979 2.9035E-012
2980 2.4546E-012
2982 2.0328E-012
2983 1.7991E-012
2985 1.5959E-012
2986 1.7058E-012
2987 2.0024E-012
2989 2.3549E-012
2990 2.8112E-012
2991 2.8367E-012
2993 2.5404E-012
2994 2.1716E-012
2996 2.2073E-012
2997 2.6573E-012
2998 2.5116E-012
3000 1.8772E-012
3001 1.5692E-012
3002 1.5712E-012
3004 1.7824E-012
3005 2.1819E-012
3007 2.1817E-012
3008 1.8881E-012
3009 2.0080E-012
3011 2.3949E-012
3012 2.4328E-012
3013 2.5314E-012
3015 2.5688E-012
3016 2.4384E-012
3017 2.1398E-012
3019 1.7848E-012
3020 1.5154E-012
3022 1.6581E-012
3023 2.3558E-012
3024 2.5206E-012
3026 2.3938E-012
3027 2.8002E-012
3028 3.2542E-012
3030 3.0247E-012
3031 2.9531E-012
3033 3.3022E-012
3034 3.4411E-012
3035 3.3630E-012
3037 3.0170E-012
3038 2.5338E-012
3039 2.8001E-012
3041 2.7374E-012
3042 2.6554E-012
3043 3.0365E-012
3045 3.2995E-012
3046 3.1519E-012
3048 2.6742E-012
3049 2.8939E-012
3050 3.2975E-012
3052 3.5861E-012
3053 3.6063E-012
3054 3.0785E-012
3056 2.9100E-012
3057 2.4184E-012
3059 2.0369E-012
3060 2.3755E-012
3061 2.9795E-012
3065 2.6926E-012
3068 2.9461E-012
3071 3.1526E-012
3074 3.0666E-012
3076 3.0883E-012
3079 3.1220E-012
3082 3.0293E-012
3085 3.2917E-012
3087 3.0168E-012
3090 2.6033E-012
3093 2.4379E-012
3096 2.5353E-012
3098 2.3777E-012
3101 2.4835E-012
3104 3.2709E-012
3107 3.7397E-012
3109 3.8212E-012
3112 3.7871E-012
3115 3.5059E-012
3117 3.1584E-012
3120 3.0423E-012
3123 3.2519E-012
3126 3.2524E-012
3128 3.3806E-012
3131 3.3599E-012
3134 3.3807E-012
3137 3.6608E-012
3139 3.7009E-012
3142 3.1913E-012
3145 2.8574E-012
3148 3.3685E-012
3150 3.5393E-012
3153 3.3936E-012
3156 2.9674E-012
3159 2.5043E-012
3161 2.7813E-012
3164 3.1743E-012
3167 3.4393E-012
3170 3.8701E-012
3172 4.1387E-012
3175 3.9644E-012
3178 3.3627E-012
3181 2.8575E-012
3183 3.1402E-012
3186 3.4744E-012
3189 3.6848E-012
3192 3.1924E-012
3194 3.2504E-012
3197 3.6820E-012
3200 3.9180E-012
3203 4.0720E-012
3205 4.1467E-012
3208 3.7048E-012
3211 3.1278E-012
3214 3.0907E-012
3216 3.4722E-012
3219 3.8024E-012
3222 3.5806E-012
3225 3.3075E-012
3227 2.9473E-012
3230 3.0152E-012
3233 3.2416E-012
3236 3.2060E-012
3238 3.4576E-012
3241 3.7715E-012
3244 3.8116E-012
3247 3.8028E-012
3249 3.6360E-012
3252 3.9068E-012
3255 4.4222E-012
3258 4.7916E-012
3260 4.8923E-012
3263 4.6824E-012
3266 4.6845E-012
3269 4.8027E-012
3271 4.6080E-012
3274 4.7001E-012
3277 4.5536E-012
3280 4.4721E-012
3282 4.4109E-012
3285 4.2563E-012
3288 4.3135E-012
3291 4.9363E-012
3293 5.2275E-012
3296 5.3074E-012
3299 5.4539E-012
3302 5.2879E-012
3304 4.6770E-012
3307 4.4505E-012
3310 4.8357E-012
3313 4.7219E-012
3315 4.6081E-012
3318 4.8668E-012
3321 4.6543E-012
3324 4.4324E-012
3326 4.6778E-012
3329 4.5733E-012
3332 4.6647E-012
3335 4.4305E-012
3337 4.2393E-012
3340 4.5251E-012
3343 4.6998E-012
3346 4.9113E-012
3348 4.5463E-012
3351 4.6568E-012
3354 5.0282E-012
3357 4.8999E-012
3359 3.7849E-012
3362 3.6714E-012
3365 4.4176E-012
3367 4.0385E-012
3370 3.6396E-012
3373 3.9380E-012
3376 4.6774E-012
3378 4.4624E-012
3381 4.1366E-012
3384 4.5486E-012
3387 4.8364E-012
3389 4.7602E-012
3392 4.3296E-012
3395 4.4771E-012
3398 5.0643E-012
3400 5.3952E-012
3403 5.0477E-012
3406 4.7275E-012
3409 4.5596E-012
3411 4.6079E-012
3414 4.2388E-012
3417 4.5751E-012
3420 4.9883E-012
3422 4.7342E-012
3425 4.6624E-012
3428 4.8606E-012
3431 5.1074E-012
3433 4.7089E-012
3436 4.6688E-012
3439 4.0937E-012
3442 3.3193E-012
3444 3.5061E-012
3447 4.0796E-012
3450 4.6269E-012
3453 4.6458E-012
3455 4.6666E-012
3458 4.3119E-012
3461 4.0275E-012
3464 4.4321E-012
3466 4.5870E-012
3469 4.7898E-012
3472 4.6266E-012
3475 4.0588E-012
3477 4.0574E-012
3480 4.4265E-012
3483 4.2989E-012
3486 4.3137E-012
3488 4.3603E-012
3491 3.9858E-012
3494 4.0891E-012
3497 4.1137E-012
3499 4.7627E-012
3502 5.2549E-012
3505 5.2527E-012
3508 5.0155E-012
3510 4.7342E-012
3513 4.4693E-012
3516 4.6974E-012
3519 5.1503E-012
3521 4.6717E-012
3524 4.1172E-012
3527 4.1106E-012
3530 4.7687E-012
3532 4.9055E-012
3535 5.1352E-012
3538 5.2567E-012
3541 5.3732E-012
3543 5.3628E-012
3546 5.5177E-012
3549 5.4652E-012
3552 5.3839E-012
3554 5.0025E-012
3557 5.0286E-012
3560 5.0017E-012
3563 5.1535E-012
3565 4.4431E-012
3568 4.0064E-012
3571 3.7723E-012
3574 4.2354E-012
3576 4.4395E-012
3579 4.0407E-012
3582 3.2929E-012
3585 3.2903E-012
3587 3.3546E-012
3590 4.1800E-012
3593 4.9748E-012
3596 5.2924E-012
3598 5.6037E-012
3601 5.5759E-012
3604 4.8188E-012
3607 4.4191E-012
3609 4.1520E-012
3612 4.4426E-012
3615 4.7052E-012
3618 4.4321E-012
3620 4.0386E-012
3623 4.8190E-012
3626 5.5402E-012
3629 5.7201E-012
3631 4.6852E-012
3634 4.4367E-012
3637 4.9334E-012
3640 5.4968E-012
3642 5.5191E-012
3645 4.9657E-012
3648 4.6338E-012
3651 4.9382E-012
3653 5.7632E-012
3656 6.0907E-012
3659 6.3679E-012
3662 6.3658E-012
3664 6.0641E-012
3667 5.9508E-012
3670 5.8108E-012
3673 6.0209E-012
3675 6.0819E-012
3678 5.6360E-012
3681 5.3658E-012
3684 5.6109E-012
3686 5.3892E-012
3689 5.3186E-012
3692 6.1515E-012
3695 6.1613E-012
3697 6.2144E-012
3700 6.5026E-012
3703 6.2268E-012
3706 5.2260E-012
3708 5.0068E-012
3711 5.6806E-012
3714 6.5144E-012
3717 6.5061E-012
3719 5.3859E-012
3722 4.4694E-012
3725 5.2088E-012
3728 5.6397E-012
3730 5.5526E-012
3733 4.7416E-012
3736 3.7558E-012
3739 4.3675E-012
3741 5.4245E-012
3744 4.9770E-012
3747 4.1496E-012
3750 3.9137E-012
3752 5.0674E-012
3755 6.1227E-012
3758 5.7078E-012
3761 5.1033E-012
3763 5.3823E-012
3766 5.3736E-012
3769 5.4184E-012
3772 5.7348E-012
3774 6.4054E-012
3777 6.6617E-012
3780 6.9519E-012
3783 7.2309E-012
3785 6.9702E-012
3788 5.9422E-012
3791 5.6506E-012
3794 5.5550E-012
3796 5.0787E-012
3799 4.9325E-012
3802 5.7224E-012
3805 6.4310E-012
3807 6.2726E-012
3810 6.4465E-012
3813 6.1340E-012
3815 5.0793E-012
3818 4.9116E-012
3821 4.4612E-012
3824 4.4246E-012
3826 3.7249E-012
3829 3.6153E-012
3832 3.6370E-012
3835 3.4145E-012
3837 3.5813E-012
3840 3.6327E-012
3843 4.5840E-012
3846 5.3326E-012
3848 5.5624E-012
3851 5.3547E-012
3854 5.3818E-012
3857 4.9445E-012
3859 4.4463E-012
3862 4.8744E-012
3865 5.6054E-012
3868 5.4098E-012
3870 4.8678E-012
3873 4.7297E-012
3876 5.4713E-012
3879 5.0875E-012
3881 4.9330E-012
3884 4.9525E-012
3887 4.7689E-012
3890 4.8913E-012
3892 5.7182E-012
3895 6.0711E-012
3898 6.3152E-012
3901 6.2412E-012
3903 6.0329E-012
3906 5.7507E-012
3909 6.4241E-012
3912 6.8514E-012
3914 6.9581E-012
3917 6.6239E-012
3920 6.0985E-012
3923 5.5324E-012
3925 5.3006E-012
3928 4.2635E-012
3931 3.0177E-012
3934 2.2180E-012
3936 2.5176E-012
3939 3.6315E-012
3942 4.5919E-012
3945 4.9946E-012
3947 5.8541E-012
3950 6.2867E-012
3953 6.5069E-012
3956 6.5505E-012
3958 6.3278E-012
3961 5.6585E-012
3964 4.3915E-012
3967 3.2709E-012
3969 2.5895E-012
3972 3.3643E-012
3975 4.7086E-012
3978 6.0222E-012
3980 7.0419E-012
3983 7.3223E-012
3986 7.4350E-012
3989 7.8212E-012
3991 8.0768E-012
3994 8.2348E-012
3997 8.0616E-012
4000 8.3058E-012
4002 8.6501E-012
4005 8.2528E-012
4008 8.0952E-012
4011 8.6547E-012
4013 8.8359E-012
4016 8.9108E-012
4019 8.8645E-012
4022 9.0161E-012
4024 8.9200E-012
4027 8.9777E-012
4030 8.6448E-012
4033 7.8640E-012
4035 8.1951E-012
4038 9.0012E-012
4041 9.0142E-012
4044 8.5806E-012
4046 7.4697E-012
4049 8.3985E-012
4052 8.7996E-012
4055 8.4032E-012
4057 8.0288E-012
4060 8.1231E-012
4063 7.9153E-012
4066 7.6585E-012
4068 8.1216E-012
4071 8.2837E-012
4074 8.1559E-012
4077 8.0605E-012
4079 7.9806E-012
4082 8.7595E-012
4085 8.7286E-012
4088 9.0286E-012
4090 9.2802E-012
4093 8.9663E-012
4096 8.4830E-012
4099 7.8348E-012
4101 7.0636E-012
4104 7.1638E-012
4107 8.1969E-012
4110 8.5484E-012
4112 8.8008E-012
4115 9.2733E-012
4118 9.3821E-012
4121 9.0852E-012
4123 9.1004E-012
4126 9.0929E-012
4129 8.8227E-012
4132 8.5323E-012
4134 8.4469E-012
4137 9.1791E-012
4140 9.5225E-012
4143 9.0596E-012
4145 8.5813E-012
4148 9.0358E-012
4151 9.0061E-012
4154 8.8464E-012
4156 8.5670E-012
4159 8.8115E-012
4162 9.2595E-012
4165 9.5310E-012
4167 9.2381E-012
4170 8.9880E-012
4173 8.4572E-012
4176 8.2731E-012
4178 8.5085E-012
4181 8.6844E-012
4184 8.5498E-012
4187 8.5748E-012
4189 8.5169E-012
4192 8.9076E-012
4195 9.0626E-012
4198 8.3769E-012
4200 8.0704E-012
4203 8.3032E-012
4206 8.8709E-012
4209 9.2906E-012
4211 9.3134E-012
4214 9.3637E-012
4217 8.9249E-012
4220 9.1298E-012
4222 9.1067E-012
4225 8.1978E-012
4228 7.2939E-012
4231 8.5373E-012
4233 8.9324E-012
4236 8.5722E-012
4239 8.4427E-012
4242 8.7337E-012
4244 9.0311E-012
4247 8.9259E-012
4250 8.3911E-012
4253 8.4854E-012
4255 8.6118E-012
4258 8.6224E-012
4261 8.1113E-012
4264 8.6668E-012
4266 9.1541E-012
4269 8.7056E-012
4272 7.6960E-012
4275 7.6566E-012
4277 8.3397E-012
4280 8.7262E-012
4283 8.5238E-012
4286 8.2909E-012
4288 7.9650E-012
4291 7.5497E-012
4294 7.9096E-012
4297 7.6643E-012
4299 6.7533E-012
4302 6.1433E-012
4305 6.2309E-012
4307 6.1345E-012
4310 5.9818E-012
4313 6.8650E-012
4316 8.3041E-012
4318 9.5049E-012
4321 9.2752E-012
4324 8.3168E-012
4327 7.5109E-012
4329 8.6150E-012
4332 9.1694E-012
4335 9.1350E-012
4338 8.2082E-012
4340 6.9978E-012
4343 7.3313E-012
4346 8.3861E-012
4349 8.9368E-012
4351 8.8933E-012
4354 8.5678E-012
4357 9.0778E-012
4360 9.2826E-012
4362 9.6316E-012
4365 9.8530E-012
4368 9.5896E-012
4371 9.3135E-012
4373 9.0572E-012
4376 8.7413E-012
4379 9.1247E-012
4382 8.7453E-012
4384 7.4857E-012
4387 7.9675E-012
4390 8.5520E-012
4393 8.8049E-012
4395 9.0223E-012
4398 9.3265E-012
4401 9.0667E-012
4404 8.8430E-012
4406 8.4440E-012
4409 9.0450E-012
4412 9.6146E-012
4415 9.6047E-012
4417 9.3067E-012
4420 9.8980E-012
4423 9.7881E-012
4426 9.6145E-012
4428 9.7709E-012
4431 9.7047E-012
4434 9.4913E-012
4437 9.3450E-012
4439 9.9332E-012
4442 9.7038E-012
4445 9.6585E-012
4448 1.0082E-011
4450 9.9215E-012
4453 9.6955E-012
4456 9.0236E-012
4459 8.9166E-012
4461 8.9893E-012
4464 9.3118E-012
4467 9.6781E-012
4470 9.6512E-012
4472 9.9010E-012
4475 1.0234E-011
4478 1.0370E-011
4481 9.9101E-012
4483 9.6522E-012
4486 1.0343E-011
4489 1.0168E-011
4492 9.9217E-012
4494 1.0088E-011
4497 1.0029E-011
4500 1.0379E-011
4503 1.0486E-011
4505 1.0957E-011
4508 1.0934E-011
4511 1.0853E-011
4514 1.0643E-011
4516 1.0406E-011
4519 1.0421E-011
4522 1.0484E-011
4525 9.8553E-012
4527 9.5085E-012
4530 9.1891E-012
4533 9.4430E-012
4536 9.5124E-012
4538 1.0188E-011
4541 1.0212E-011
4544 1.0252E-011
4547 1.0030E-011
4549 9.7588E-012
4552 9.7693E-012
4555 9.8122E-012
4558 1.0120E-011
4560 1.0504E-011
4563 1.0526E-011
4566 1.0131E-011
4569 1.0391E-011
4571 1.0454E-011
4574 1.0496E-011
4577 1.0632E-011
4579 1.0318E-011
4582 9.8557E-012
4585 9.8279E-012
4588 1.0055E-011
4590 1.0237E-011
4593 9.9766E-012
4596 9.9489E-012
4599 9.9573E-012
4601 9.9807E-012
4604 1.0175E-011
4607 1.0326E-011
4610 1.0574E-011
4612 1.0457E-011
4615 1.0443E-011
4618 1.0463E-011
4621 1.0431E-011
4623 1.0557E-011
4626 1.0550E-011
4629 1.0564E-011
4632 1.0593E-011
4634 1.0428E-011
4637 1.0314E-011
4640 1.0067E-011
4643 1.0236E-011
4645 9.8830E-012
4648 9.5529E-012
4651 9.9336E-012
4654 1.0072E-011
4656 1.0090E-011
4659 1.0361E-011
4662 1.0280E-011
4665 9.8789E-012
4667 9.2933E-012
4670 9.4157E-012
4673 9.8677E-012
4676 1.0082E-011
4678 1.0068E-011
4681 9.8466E-012
4684 9.9857E-012
4687 1.0127E-011
4689 1.0011E-011
4692 1.0003E-011
4695 1.0063E-011
4698 1.0024E-011
4700 9.6409E-012
4703 9.3688E-012
4706 9.5534E-012
4709 9.5478E-012
4711 9.8059E-012
4714 9.8560E-012
4717 1.0136E-011
4720 1.0438E-011
4722 1.0582E-011
4725 1.0467E-011
4728 1.0104E-011
4731 9.8260E-012
4733 9.8817E-012
4736 1.0068E-011
4739 1.0132E-011
4742 1.0212E-011
4744 1.0352E-011
4747 1.0438E-011
4750 1.0453E-011
4752 1.0261E-011
4755 1.0030E-011
4758 1.0051E-011
4761 1.0185E-011
4763 9.8445E-012
4766 9.7499E-012
4769 1.0033E-011
4772 1.0268E-011
4774 1.0329E-011
4777 1.0672E-011
4780 1.0598E-011
4783 1.0448E-011
4785 1.0180E-011
4788 1.0078E-011
4791 1.0136E-011
4794 1.0426E-011
4796 1.0568E-011
4799 1.0380E-011
4802 1.0270E-011
4805 1.0258E-011
4807 1.0160E-011
4810 1.0169E-011
4813 1.0342E-011
4816 1.0434E-011
4818 1.0545E-011
4821 1.0483E-011
4824 1.0162E-011
4827 1.0267E-011
4829 1.0193E-011
4832 1.0123E-011
4835 1.0133E-011
4838 1.0045E-011
4840 9.8688E-012
4843 9.8548E-012
4846 9.9199E-012
4849 9.8513E-012
4851 9.7307E-012
4854 9.4576E-012
4857 8.7876E-012
4860 8.0524E-012
4862 7.2360E-012
4865 7.8924E-012
4868 8.6915E-012
4871 8.8698E-012
4873 8.7375E-012
4876 9.1802E-012
4879 9.5233E-012
4882 9.7920E-012
4884 9.6603E-012
4887 9.2359E-012
4890 9.1985E-012
4892 9.1484E-012
4895 9.9157E-012
4898 1.0171E-011
4901 1.0060E-011
4903 9.9630E-012
4906 9.9995E-012
4909 9.9109E-012
4912 9.5934E-012
4914 9.7167E-012
4917 9.7113E-012
4920 8.9038E-012
4923 8.8451E-012
4925 9.3196E-012
4928 9.8437E-012
4931 1.0049E-011
4934 9.8037E-012
4936 9.6274E-012
4939 9.3780E-012
4942 9.7198E-012
4945 1.0055E-011
4947 1.0121E-011
4950 1.0212E-011
4953 1.0008E-011
4956 9.8795E-012
4958 9.4250E-012
4961 9.8466E-012
4964 1.0153E-011
4967 1.0026E-011
4969 9.8600E-012
4972 9.9500E-012
4975 1.0126E-011
4978 1.0037E-011
4980 9.7174E-012
4983 9.2252E-012
4986 9.1080E-012
4989 9.6361E-012
4991 9.7669E-012
4994 9.7622E-012
4997 9.9067E-012
4999 9.7116E-012
5002 9.3700E-012
5005 9.2594E-012
5008 9.0383E-012
5010 9.3859E-012
5013 9.1912E-012
5016 8.9970E-012
5019 9.0397E-012
5021 9.2770E-012
5024 9.4334E-012
5027 9.4570E-012
5030 9.5504E-012
5032 9.8177E-012
5035 9.8583E-012
5038 9.4597E-012
5041 9.1098E-012
5043 9.0768E-012
5046 9.7551E-012
5049 9.7805E-012
5052 9.5236E-012
5054 9.7038E-012
5057 1.0029E-011
5060 1.0179E-011
5063 1.0139E-011
5065 9.8111E-012
5068 9.6623E-012
5071 9.6822E-012
5074 9.6173E-012
5076 9.5848E-012
5079 9.4778E-012
5082 9.1151E-012
5085 9.4102E-012
5087 9.7488E-012
5090 9.8337E-012
5093 9.9680E-012
5095 9.9171E-012
5098 9.5226E-012
5101 9.2925E-012
5104 9.7097E-012
5106 9.6259E-012
5109 9.5029E-012
5112 9.5297E-012
5115 9.8717E-012
5117 9.9564E-012
5120 9.9085E-012
5123 9.6045E-012
5126 9.2741E-012
5128 9.2384E-012
5131 9.3656E-012
5134 9.3475E-012
5137 9.3843E-012
5139 9.0524E-012
5142 9.0336E-012
5145 9.1377E-012
5148 9.2147E-012
5150 9.2713E-012
5153 9.2943E-012
5156 9.3436E-012
5159 9.4838E-012
5161 9.4060E-012
5164 8.9830E-012
5167 8.1672E-012
5170 7.4855E-012
5172 7.7142E-012
5175 7.9363E-012
5178 9.0305E-012
5180 9.0179E-012
5183 8.1733E-012
5186 7.8540E-012
5189 8.7742E-012
5191 8.9593E-012
5194 8.8322E-012
5197 8.9664E-012
5200 9.2895E-012
5202 9.4641E-012
5205 9.1660E-012
5208 8.9686E-012
5211 9.1373E-012
5213 9.5186E-012
5216 9.3013E-012
5219 9.2903E-012
5222 9.5371E-012
5224 9.3457E-012
5227 8.7221E-012
5230 8.8766E-012
5233 9.1023E-012
5235 9.0818E-012
5238 9.4889E-012
5241 9.7047E-012
5244 9.6734E-012
5246 9.6566E-012
5249 9.4679E-012
5252 9.3762E-012
5254 9.4275E-012
5257 9.5503E-012
5260 9.6224E-012
5263 8.9342E-012
5265 8.2375E-012
5268 8.2016E-012
5271 8.1206E-012
5274 8.7486E-012
5276 8.9494E-012
5279 9.3593E-012
5282 9.2260E-012
5285 9.1977E-012
5287 9.6957E-012
5290 9.9092E-012
5293 9.9389E-012
5296 9.5927E-012
5298 9.2472E-012
5301 9.3932E-012
5304 9.5772E-012
5307 9.8288E-012
5309 9.8926E-012
5312 9.9310E-012
5315 9.7576E-012
5318 9.6295E-012
5320 9.6470E-012
5323 9.3803E-012
5326 9.0199E-012
5328 8.6526E-012
5331 9.0186E-012
5334 9.2050E-012
5337 9.5329E-012
5339 9.3381E-012
5342 9.2104E-012
5345 9.4767E-012
5348 9.4269E-012
5350 9.4365E-012
5353 9.7430E-012
5356 9.8407E-012
5359 9.9522E-012
5361 9.7863E-012
5364 9.5052E-012
5367 9.2564E-012
5370 9.0889E-012
5372 9.0144E-012
5375 9.4617E-012
5378 9.6393E-012
5381 9.5357E-012
5383 9.3934E-012
5386 9.4936E-012
5389 9.4369E-012
5391 9.2599E-012
5394 9.1515E-012
5397 9.0520E-012
5400 9.0674E-012
5402 9.0160E-012
5405 8.6758E-012
5408 8.8634E-012
5411 8.9608E-012
5413 9.1639E-012
5416 9.2059E-012
5419 9.4026E-012
5422 9.2973E-012
5424 9.1675E-012
5427 9.2915E-012
5430 9.1423E-012
5433 9.2194E-012
5435 9.1028E-012
5438 9.3983E-012
5441 9.6333E-012
5444 9.5256E-012
5446 9.1759E-012
5449 9.3776E-012
5455 9.2411E-012
5460 9.2454E-012
5464 9.2709E-012
5469 9.2373E-012
5474 9.1043E-012
5479 9.0252E-012
5484 9.1349E-012
5489 9.2098E-012
5494 9.2590E-012
5499 9.2707E-012
5503 9.2004E-012
5508 9.1866E-012
5513 9.1590E-012
5518 9.2598E-012
5523 9.3331E-012
5528 9.1852E-012
5533 9.1416E-012
5538 9.1508E-012
5542 9.2053E-012
5547 9.2969E-012
5552 9.3882E-012
5557 9.2588E-012
5562 9.1734E-012
5567 8.9856E-012
5572 8.9780E-012
5577 8.9851E-012
5581 9.0459E-012
5586 8.8568E-012
5591 8.6213E-012
5596 8.7557E-012
5601 8.7816E-012
5606 8.9461E-012
5611 9.1384E-012
5615 8.9707E-012
5620 8.8717E-012
5625 9.0316E-012
5630 9.1043E-012
5635 9.0476E-012
5640 8.8744E-012
5645 8.9685E-012
5650 9.0330E-012
5654 8.8788E-012
5659 8.7549E-012
5664 8.8080E-012
5669 8.9548E-012
5674 9.0868E-012
5679 9.0932E-012
5684 8.9710E-012
5689 8.8804E-012
5693 8.9695E-012
5698 8.9712E-012
5703 8.8926E-012
5708 8.7302E-012
5713 8.6584E-012
5718 8.9495E-012
5723 9.0940E-012
5728 9.1853E-012
5732 9.1653E-012
5737 9.1798E-012
5742 9.1961E-012
5747 9.1304E-012
5752 9.0000E-012
5757 8.9559E-012
5762 8.9534E-012
5767 9.0325E-012
5771 9.0919E-012
5776 9.0259E-012
5781 8.9721E-012
5786 8.7545E-012
5791 8.8519E-012
5796 8.9623E-012
5801 8.9896E-012
5806 8.9768E-012
5810 8.8914E-012
5815 8.9821E-012
5820 9.0539E-012
5825 9.0829E-012
5830 9.0841E-012
5835 9.0344E-012
5840 9.0668E-012
5845 9.0316E-012
5849 8.9453E-012
5854 8.8335E-012
5859 8.7163E-012
5864 8.7191E-012
5869 8.8604E-012
5874 8.9667E-012
5879 8.9052E-012
5884 8.7724E-012
5888 8.4517E-012
5893 8.0405E-012
5898 8.1838E-012
5903 8.6013E-012
5908 8.7148E-012
5913 8.8321E-012
5918 8.7867E-012
5923 8.8617E-012
5927 8.7647E-012
5932 8.7295E-012
5937 8.8114E-012
5942 8.8380E-012
5947 8.7024E-012
5952 8.7135E-012
5957 8.7476E-012
5962 8.7624E-012
5966 8.8318E-012
5971 8.8323E-012
5976 8.7428E-012
5981 8.6845E-012
5986 8.6571E-012
5991 8.6810E-012
5996 8.6536E-012
6001 8.6390E-012
6005 8.5712E-012
6010 8.4970E-012
6015 8.4758E-012
6020 8.4292E-012
6025 8.4196E-012
6030 8.5705E-012
6035 8.6421E-012
6040 8.6563E-012
6044 8.7460E-012
6049 8.6344E-012
6054 8.6234E-012
6059 8.5699E-012
6064 8.5543E-012
6069 8.5387E-012
6074 8.5408E-012
6079 8.5149E-012
6083 8.4653E-012
6088 8.3869E-012
6093 8.3500E-012
6098 8.3625E-012
6103 8.2920E-012
6108 8.3070E-012
6113 8.3491E-012
6118 8.3012E-012
6123 8.2415E-012
6127 8.1955E-012
6132 8.2284E-012
6137 8.1984E-012
6142 8.1151E-012
6147 8.2107E-012
6152 8.1767E-012
6157 8.1266E-012
6162 7.9851E-012
6166 7.9033E-012
6171 8.0191E-012
6176 8.1526E-012
6181 8.2524E-012
6186 8.2352E-012
6191 8.2176E-012
6196 8.2262E-012
6201 8.3360E-012
6205 8.3702E-012
6210 8.3211E-012
6215 8.2253E-012
6220 8.1409E-012
6225 8.1465E-012
6230 8.1289E-012
6235 8.0875E-012
6240 8.1081E-012
6244 7.9661E-012
6249 7.9386E-012
6254 7.9540E-012
6259 7.9949E-012
6264 8.0512E-012
6269 8.0801E-012
6274 8.1874E-012
6279 8.1930E-012
6284 8.1266E-012
6288 8.1567E-012
6293 8.1598E-012
6298 8.1272E-012
6303 8.0011E-012
6308 7.9796E-012
6313 7.9336E-012
6318 7.8093E-012
6323 7.8026E-012
6327 7.8315E-012
6332 7.8378E-012
6337 7.7490E-012
6342 7.8000E-012
6347 7.8701E-012
6352 7.9575E-012
6357 7.9488E-012
6362 7.8627E-012
6366 7.8739E-012
6371 7.9026E-012
6376 7.9654E-012
6381 7.9600E-012
6386 7.9792E-012
6391 7.9911E-012
6396 7.8533E-012
6401 7.8673E-012
6405 7.7959E-012
6410 7.6825E-012
6415 7.6856E-012
6420 7.7291E-012
6425 7.7977E-012
6430 7.8204E-012
6435 7.7755E-012
6440 7.7929E-012
6445 7.7998E-012
6449 7.7130E-012
6454 7.6838E-012
6459 7.6862E-012
6464 7.6465E-012
6469 7.7365E-012
6474 7.7567E-012
6479 7.7504E-012
6484 7.7028E-012
6488 7.7023E-012
6493 7.5730E-012
6498 7.4536E-012
6503 7.5587E-012
6508 7.6892E-012
6513 7.7369E-012
6518 7.6948E-012
6523 7.6726E-012
6527 7.6495E-012
6532 7.6766E-012
6537 7.6961E-012
6542 7.6397E-012
6547 7.4977E-012
6552 7.3303E-012
6557 6.9902E-012
6562 6.5457E-012
6567 6.5119E-012
6571 6.8568E-012
6576 7.1672E-012
6581 7.3914E-012
6586 7.4011E-012
6591 7.5016E-012
6596 7.4027E-012
6601 7.5246E-012
6606 7.5276E-012
6610 7.5544E-012
6615 7.5703E-012
6620 7.6276E-012
6625 7.6038E-012
6630 7.5617E-012
6635 7.4216E-012
6640 7.4332E-012
6645 7.4507E-012
6650 7.5079E-012
6654 7.5440E-012
6659 7.5264E-012
6664 7.4837E-012
6669 7.5208E-012
6674 7.5200E-012
6679 7.4320E-012
6684 7.5120E-012
6689 7.5567E-012
6693 7.5379E-012
6698 7.4721E-012
6703 7.3974E-012
6708 7.3679E-012
6713 7.3725E-012
6718 7.3468E-012
6723 7.3034E-012
6728 7.3516E-012
6733 7.3866E-012
6737 7.3937E-012
6742 7.3912E-012
6747 7.4074E-012
6752 7.3441E-012
6757 7.3542E-012
6762 7.3904E-012
6767 7.3693E-012
6772 7.3052E-012
6776 7.3488E-012
6781 7.3693E-012
6786 7.3075E-012
6791 7.2638E-012
6796 7.3035E-012
6801 7.3227E-012
6806 7.2867E-012
6811 7.2974E-012
6816 7.2806E-012
6820 7.2787E-012
6825 7.2924E-012
6830 7.2456E-012
6835 7.2039E-012
6840 7.1305E-012
6845 7.0775E-012
6850 7.0926E-012
6855 7.1377E-012
6859 7.0659E-012
6864 7.1241E-012
6869 7.1851E-012
6874 7.2052E-012
6879 7.1867E-012
6884 7.1212E-012
6889 7.1327E-012
6894 7.1534E-012
6899 7.2072E-012
6903 7.1658E-012
6908 7.1245E-012
6913 7.1071E-012
6918 7.0538E-012
6923 7.0525E-012
6928 7.0484E-012
6933 7.0998E-012
6938 7.0681E-012
6942 7.0873E-012
6947 7.0494E-012
6952 6.9919E-012
6957 7.0305E-012
6962 7.0257E-012
6967 7.0325E-012
6972 6.9976E-012
6977 6.9567E-012
6982 6.8408E-012
6986 6.9586E-012
6991 6.9527E-012
6996 6.9627E-012
7001 6.8839E-012
7006 6.8139E-012
7011 6.7914E-012
7016 6.7901E-012
7021 6.7572E-012
7025 6.7683E-012
7030 6.7921E-012
7035 6.8082E-012
7040 6.8161E-012
7045 6.8546E-012
7050 6.8578E-012
7055 6.8608E-012
7060 6.8391E-012
7065 6.8330E-012
7069 6.8298E-012
7074 6.8056E-012
7079 6.8165E-012
7084 6.8043E-012
7089 6.7075E-012
7094 6.7313E-012
7099 6.7116E-012
7104 6.7574E-012
7108 6.7734E-012
7113 6.7185E-012
7118 6.7176E-012
7123 6.6736E-012
7128 6.7028E-012
7133 6.6713E-012
7138 6.7082E-012
7143 6.6961E-012
7148 6.6720E-012
7152 6.6412E-012
7157 6.6775E-012
7162 6.6626E-012
7167 6.5846E-012
7172 6.5989E-012
7177 6.6178E-012
7182 6.5346E-012
7187 6.4644E-012
7191 6.4615E-012
7196 6.4519E-012
7201 6.4903E-012
7206 6.5156E-012
7211 6.4769E-012
7216 6.5382E-012
7221 6.5029E-012
7226 6.4719E-012
7231 6.5276E-012
7235 6.5507E-012
7240 6.5524E-012
7245 6.5213E-012
7250 6.4803E-012
7255 6.4797E-012
7260 6.4924E-012
7265 6.4672E-012
7270 6.5002E-012
7275 6.5259E-012
7279 6.4495E-012
7284 6.3792E-012
7289 6.2962E-012
7294 6.3169E-012
7299 6.3899E-012
7304 6.3938E-012
7309 6.3861E-012
7314 6.3806E-012
7318 6.4252E-012
7323 6.4003E-012
7328 6.3653E-012
7333 6.3884E-012
7338 6.4166E-012
7343 6.4284E-012
7348 6.3711E-012
7353 6.3722E-012
7358 6.3245E-012
7362 6.3444E-012
7367 6.3218E-012
7372 6.3328E-012
7377 6.3048E-012
7382 6.2867E-012
7387 6.1824E-012
7392 6.1324E-012
7397 6.2111E-012
7402 6.2138E-012
7406 6.1938E-012
7411 6.1111E-012
7416 6.1013E-012
7421 6.1210E-012
7426 6.1468E-012
7431 6.2060E-012
7436 6.2320E-012
7441 6.2054E-012
7445 6.1724E-012
7450 6.1688E-012
7455 6.2017E-012
7460 6.2051E-012
7465 6.2018E-012
7470 6.1995E-012
7475 6.2183E-012
7480 6.1991E-012
7485 6.1936E-012
7489 6.1596E-012
7494 6.0845E-012
7499 6.0703E-012
7504 6.1264E-012
7509 6.0718E-012
7514 6.0568E-012
7519 6.1406E-012
7524 6.0981E-012
7529 6.0621E-012
7533 6.0851E-012
7538 6.0966E-012
7543 6.1422E-012
7548 6.1115E-012
7553 6.0783E-012
7558 6.0530E-012
7563 6.0633E-012
7568 6.0803E-012
7572 6.0567E-012
7577 6.0642E-012
7582 6.0227E-012
7587 6.0092E-012
7592 6.0479E-012
7597 6.0649E-012
7602 6.0333E-012
7607 5.9773E-012
7612 5.9640E-012
7616 5.9581E-012
7621 5.9497E-012
7626 5.9916E-012
7631 6.0179E-012
7636 6.0291E-012
7641 6.0144E-012
7646 5.9941E-012
7651 5.9612E-012
7656 5.8850E-012
7660 5.7983E-012
7665 5.7626E-012
7670 5.8427E-012
7675 5.9432E-012
7680 5.9397E-012
7685 5.9114E-012
7690 5.8863E-012
7695 5.8502E-012
7699 5.8649E-012
7704 5.8803E-012
7709 5.9047E-012
7714 5.8111E-012
7719 5.8214E-012
7724 5.8438E-012
7729 5.8667E-012
7734 5.8729E-012
7739 5.8769E-012
7743 5.8029E-012
7748 5.7468E-012
7753 5.7890E-012
7758 5.8701E-012
7763 5.8956E-012
7768 5.8665E-012
7773 5.8040E-012
7778 5.7779E-012
7783 5.7806E-012
7787 5.7773E-012
7792 5.8047E-012
7797 5.7895E-012
7802 5.7606E-012
7807 5.7982E-012
7812 5.7746E-012
7817 5.8188E-012
7822 5.8159E-012
7826 5.7945E-012
7831 5.7773E-012
7836 5.6887E-012
7841 5.7455E-012
7846 5.7124E-012
7851 5.6846E-012
7856 5.7284E-012
7861 5.7453E-012
7866 5.7692E-012
7870 5.7810E-012
7875 5.7209E-012
7880 5.7115E-012
7885 5.6997E-012
7890 5.7095E-012
7895 5.7060E-012
7900 5.6902E-012
7905 5.7190E-012
7910 5.6675E-012
7914 5.5992E-012
7919 5.5848E-012
7924 5.6007E-012
7929 5.5831E-012
7934 5.4590E-012
7939 5.4879E-012
7944 5.4734E-012
7949 5.4563E-012
7953 5.5810E-012
7958 5.6045E-012
7963 5.5851E-012
7968 5.5765E-012
7973 5.5652E-012
7978 5.6068E-012
7983 5.6133E-012
7988 5.6039E-012
7993 5.6097E-012
7997 5.5273E-012
8002 5.4941E-012
8007 5.5067E-012
8012 5.5537E-012
8017 5.5408E-012
8022 5.5578E-012
8027 5.4986E-012
8032 5.4979E-012
8037 5.4732E-012
8041 5.4550E-012
8046 5.4250E-012
8051 5.3502E-012
8056 5.4002E-012
8061 5.4580E-012
8066 5.4373E-012
8071 5.4372E-012
8076 5.3924E-012
8080 5.3799E-012
8085 5.3516E-012
8090 5.3226E-012
8095 5.3252E-012
8100 5.2994E-012
8105 5.3568E-012
8110 5.3739E-012
8115 5.3888E-012
8120 5.3996E-012
8124 5.4112E-012
8129 5.3906E-012
8134 5.4203E-012
8139 5.3638E-012
8144 5.3390E-012
8149 5.3504E-012
8154 5.3246E-012
8159 5.3625E-012
8164 5.3609E-012
8168 5.3188E-012
8173 5.3068E-012
8178 5.3102E-012
8183 5.2458E-012
8188 5.1538E-012
8193 5.1850E-012
8198 5.1070E-012
8203 5.1631E-012
8207 5.2015E-012
8212 5.1643E-012
8217 5.1298E-012
8222 5.1450E-012
8227 5.1647E-012
8232 5.2029E-012
8237 5.1676E-012
8242 5.1862E-012
8247 5.2037E-012
8251 5.1838E-012
8256 5.2186E-012
8261 5.2106E-012
8266 5.2107E-012
8271 5.1843E-012
8276 5.1702E-012
8281 5.1786E-012
8286 5.1803E-012
8291 5.1602E-012
8295 5.1265E-012
8300 5.1169E-012
8305 5.1324E-012
8310 5.1069E-012
8315 5.1016E-012
8320 5.1228E-012
8325 5.0671E-012
8330 4.9904E-012
8334 4.9653E-012
8339 4.9563E-012
8344 4.9859E-012
8349 4.9936E-012
8354 5.0668E-012
8359 5.0545E-012
8364 5.0419E-012
8369 5.0219E-012
8374 5.0367E-012
8378 5.0461E-012
8383 5.0699E-012
8388 5.0579E-012
8393 4.9976E-012
8398 5.0660E-012
8403 5.0721E-012
8408 5.0343E-012
8413 5.0292E-012
8418 5.0172E-012
8422 5.0135E-012
8427 4.9914E-012
8432 4.9741E-012
8437 4.9653E-012
8442 4.9135E-012
8447 4.9153E-012
8452 4.9167E-012
8457 4.9543E-012
8461 4.9801E-012
8466 4.9866E-012
8471 4.9488E-012
8476 4.9646E-012
8481 4.9413E-012
8486 4.8957E-012
8491 4.8304E-012
8496 4.7529E-012
8501 4.5170E-012
8505 4.6010E-012
8510 4.8028E-012
8515 4.7934E-012
8520 4.7857E-012
8525 4.7716E-012
8530 4.6877E-012
8535 4.5696E-012
8540 4.3279E-012
8545 4.2096E-012
8549 4.1975E-012
8554 4.5685E-012
8559 4.6385E-012
8564 4.7425E-012
8569 4.8240E-012
8574 4.8259E-012
8579 4.8404E-012
8584 4.8257E-012
8588 4.8276E-012
8593 4.8111E-012
8598 4.7725E-012
8603 4.7776E-012
8608 4.7744E-012
8613 4.7611E-012
8618 4.7420E-012
8623 4.7949E-012
8628 4.7800E-012
8632 4.7766E-012
8637 4.7421E-012
8642 4.7231E-012
8647 4.6721E-012
8652 4.5516E-012
8657 4.4562E-012
8662 4.1638E-012
8667 4.1273E-012
8671 4.3438E-012
8676 4.4848E-012
8681 4.5724E-012
8686 4.6195E-012
8691 4.6132E-012
8696 4.6529E-012
8701 4.6714E-012
8706 4.6785E-012
8711 4.6765E-012
8715 4.6159E-012
8720 4.6485E-012
8725 4.6584E-012
8730 4.6417E-012
8735 4.6215E-012
8740 4.6146E-012
8745 4.5865E-012
8750 4.5724E-012
8754 4.5720E-012
8759 4.5865E-012
8764 4.6160E-012
8769 4.6243E-012
8774 4.6088E-012
8779 4.6182E-012
8784 4.6441E-012
8789 4.6145E-012
8794 4.5480E-012
8798 4.5616E-012
8803 4.5433E-012
8808 4.4830E-012
8813 4.5536E-012
8818 4.5951E-012
8823 4.5853E-012
8828 4.5812E-012
8833 4.6040E-012
8837 4.5953E-012
8842 4.5786E-012
8847 4.6219E-012
8852 4.5800E-012
8857 4.5703E-012
8862 4.4724E-012
8867 4.4391E-012
8872 4.4833E-012
8877 4.5332E-012
8881 4.5447E-012
8886 4.5624E-012
8891 4.5451E-012
8896 4.5261E-012
8901 4.4888E-012
8906 4.4802E-012
8911 4.4523E-012
8916 4.4842E-012
8920 4.5130E-012
8925 4.4907E-012
8930 4.4875E-012
8935 4.5079E-012
8940 4.4822E-012
8945 4.4327E-012
8950 4.4530E-012
8955 4.4811E-012
8960 4.5369E-012
8964 4.5214E-012
8969 4.4771E-012
8974 4.4612E-012
8979 4.4540E-012
8984 4.4698E-012
8989 4.4498E-012
8994 4.4859E-012
8999 4.3766E-012
9003 4.3679E-012
9008 4.2887E-012
9013 4.2110E-012
9018 4.2441E-012
9023 4.3092E-012
9028 4.3583E-012
9033 4.3896E-012
9038 4.4244E-012
9043 4.4092E-012
9047 4.3942E-012
9052 4.3885E-012
9057 4.3728E-012
9062 4.3242E-012
9067 4.3400E-012
9072 4.3745E-012
9077 4.3742E-012
9082 4.3377E-012
9086 4.3098E-012
9091 4.2398E-012
9096 4.2079E-012
9101 4.2762E-012
9106 4.3065E-012
9111 4.3086E-012
9116 4.2897E-012
9121 4.3040E-012
9126 4.3168E-012
9130 4.3404E-012
9135 4.3226E-012
9140 4.3217E-012
9145 4.3259E-012
9150 4.3376E-012
9155 4.3262E-012
9160 4.3378E-012
9165 4.3280E-012
9169 4.2938E-012
9174 4.2432E-012
9179 4.2507E-012
9184 4.2397E-012
9189 4.2848E-012
9194 4.2730E-012
9199 4.2678E-012
9204 4.2471E-012
9208 4.1819E-012
9213 4.1007E-012
9218 4.0496E-012
9223 4.0966E-012
9228 4.0453E-012
9233 4.0232E-012
9238 4.0610E-012
9243 4.0649E-012
9248 4.0283E-012
9252 4.0627E-012
9257 4.0459E-012
9262 4.0789E-012
9267 4.1190E-012
9272 4.1361E-012
9277 4.1673E-012
9282 4.1416E-012
9287 4.1486E-012
9291 4.1754E-012
9296 4.1652E-012
9301 4.1793E-012
9306 4.1711E-012
9311 4.1420E-012
9316 4.1008E-012
9321 4.1011E-012
9326 4.1085E-012
9330 4.1101E-012
9335 4.0986E-012
9340 4.1231E-012
9345 4.0921E-012
9350 4.1004E-012
9355 4.0990E-012
9360 4.1075E-012
9365 4.0809E-012
9370 4.0850E-012
9374 4.0843E-012
9379 4.0666E-012
9384 4.0653E-012
9389 4.0435E-012
9394 4.0299E-012
9399 4.0130E-012
9404 3.9844E-012
9409 3.9445E-012
9413 3.9090E-012
9418 3.8678E-012
9423 3.9127E-012
9428 3.9543E-012
9433 3.9275E-012
9438 3.9563E-012
9443 3.9741E-012
9448 3.9838E-012
9452 3.9882E-012
9457 3.9686E-012
9462 3.9973E-012
9467 3.9823E-012
9472 4.0188E-012
9477 4.0119E-012
9482 4.0474E-012
9487 3.9996E-012
9492 3.9931E-012
9496 3.9668E-012
9501 3.9523E-012
9506 3.9452E-012
9511 3.9718E-012
9516 3.9426E-012
9521 3.9388E-012
9526 3.8951E-012
9531 3.9028E-012
9535 3.9135E-012
9540 3.8541E-012
9545 3.8028E-012
9550 3.7609E-012
9555 3.7832E-012
9560 3.8147E-012
9565 3.8899E-012
9570 3.8891E-012
9574 3.8920E-012
9579 3.8759E-012
9584 3.8429E-012
9589 3.8681E-012
9594 3.8913E-012
9599 3.8776E-012
9604 3.8610E-012
9609 3.8443E-012
9613 3.8652E-012
9618 3.8989E-012
9623 3.8541E-012
9628 3.8453E-012
9633 3.8416E-012
9638 3.8426E-012
9643 3.8057E-012
9648 3.7872E-012
9652 3.7894E-012
9657 3.7708E-012
9662 3.7690E-012
9667 3.8136E-012
9672 3.8044E-012
9677 3.7936E-012
9682 3.7754E-012
9687 3.7997E-012
9691 3.7970E-012
9696 3.8284E-012
9701 3.8308E-012
9706 3.8087E-012
9711 3.7619E-012
9716 3.7572E-012
9721 3.7292E-012
9726 3.7328E-012
9731 3.7352E-012
9735 3.7574E-012
9740 3.7033E-012
9745 3.7183E-012
9750 3.7142E-012
9755 3.7352E-012
9760 3.7453E-012
9765 3.7247E-012
9770 3.7079E-012
9774 3.7155E-012
9779 3.7472E-012
9784 3.7147E-012
9789 3.7619E-012
9794 3.7592E-012
9799 3.7197E-012
9804 3.7251E-012
9809 3.7617E-012
9813 3.7188E-012
9818 3.7074E-012
9823 3.6908E-012
9828 3.6611E-012
9833 3.6701E-012
9838 3.6965E-012
9843 3.6850E-012
9848 3.6791E-012
9852 3.6980E-012
9857 3.6773E-012
9862 3.6633E-012
9867 3.6869E-012
9872 3.6576E-012
9877 3.6667E-012
9882 3.6987E-012
9887 3.6903E-012
9891 3.6588E-012
9896 3.6512E-012
9901 3.6537E-012
9906 3.6010E-012
9911 3.6263E-012
9916 3.6142E-012
9921 3.6156E-012
9926 3.6785E-012
9930 3.6211E-012
9935 3.6463E-012
9940 3.5991E-012
9945 3.6268E-012
9950 3.6233E-012
9955 3.6059E-012
9960 3.6120E-012
9965 3.6131E-012
9969 3.6166E-012
9974 3.6048E-012
9979 3.5911E-012
9984 3.6093E-012
9989 3.5861E-012
9994 3.5804E-012
9999 3.5914E-012
1E+004 3.6258E-012
1.001E+004 3.6089E-012
1.001E+004 3.6323E-012
1.002E+004 3.6247E-012
1.002E+004 3.5931E-012
1.003E+004 3.5276E-012
1.003E+004 3.5108E-012
1.004E+004 3.4606E-012
1.004E+004 3.4599E-012
1.005E+004 3.3825E-012
1.005E+004 3.3393E-012
1.006E+004 3.3978E-012
1.006E+004 3.4328E-012
1.007E+004 3.4246E-012
1.007E+004 3.4870E-012
1.008E+004 3.4675E-012
1.008E+004 3.4494E-012
1.009E+004 3.4758E-012
1.009E+004 3.4669E-012
1.01E+004 3.4940E-012
1.01E+004 3.5160E-012
1.011E+004 3.5034E-012
1.011E+004 3.4800E-012
1.012E+004 3.4962E-012
1.013E+004 3.4762E-012
1.018E+004 3.4102E-012
1.023E+004 3.3959E-012
1.028E+004 3.3807E-012
1.033E+004 3.3187E-012
1.038E+004 3.2873E-012
1.043E+004 3.2643E-012
1.048E+004 3.2116E-012
1.053E+004 3.1966E-012
1.058E+004 3.1543E-012
1.063E+004 3.1200E-012
1.068E+004 3.0414E-012
1.073E+004 3.0285E-012
1.078E+004 3.0047E-012
1.083E+004 2.9426E-012
1.088E+004 2.9210E-012
1.093E+004 2.8458E-012
1.098E+004 2.8277E-012
1.103E+004 2.8431E-012
1.108E+004 2.8308E-012
1.113E+004 2.7949E-012
1.118E+004 2.7671E-012
1.123E+004 2.7488E-012
1.128E+004 2.6870E-012
1.133E+004 2.6771E-012
1.138E+004 2.6534E-012
1.143E+004 2.6118E-012
1.148E+004 2.6348E-012
1.153E+004 2.6078E-012
1.158E+004 2.5713E-012
1.163E+004 2.5141E-012
1.168E+004 2.5037E-012
1.173E+004 2.5129E-012
1.178E+004 2.4529E-012
1.183E+004 2.4336E-012
1.188E+004 2.4017E-012
1.193E+004 2.4254E-012
1.198E+004 2.3425E-012
1.203E+004 2.3533E-012
1.208E+004 2.3199E-012
1.213E+004 2.3184E-012
1.218E+004 2.3194E-012
1.223E+004 2.2947E-012
1.228E+004 2.2663E-012
1.233E+004 2.2485E-012
1.238E+004 2.2323E-012
1.243E+004 2.2021E-012
1.248E+004 2.1943E-012
1.253E+004 2.1660E-012
1.258E+004 2.1451E-012
1.263E+004 2.1262E-012
1.268E+004 2.1031E-012
1.273E+004 2.0980E-012
1.278E+004 2.0768E-012
1.283E+004 1.9406E-012
1.288E+004 2.0278E-012
1.293E+004 2.0129E-012
1.298E+004 2.0058E-012
1.303E+004 1.9763E-012
1.308E+004 1.9726E-012
1.313E+004 1.9328E-012
1.318E+004 1.9217E-012
1.323E+004 1.9203E-012
1.328E+004 1.8874E-012
1.333E+004 1.8782E-012
1.338E+004 1.8633E-012
1.343E+004 1.8542E-012
1.348E+004 1.8385E-012
1.353E+004 1.8195E-012
1.358E+004 1.7902E-012
1.363E+004 1.7834E-012
1.368E+004 1.7646E-012
1.373E+004 1.7520E-012
1.378E+004 1.7360E-012
1.383E+004 1.7268E-012
1.388E+004 1.7167E-012
1.393E+004 1.7027E-012
1.398E+004 1.6898E-012
1.403E+004 1.6598E-012
1.408E+004 1.6590E-012
1.413E+004 1.6279E-012
1.418E+004 1.6280E-012
1.423E+004 1.5941E-012
1.428E+004 1.5732E-012
1.433E+004 1.5791E-012
1.438E+004 1.5737E-012
1.443E+004 1.5262E-012
1.448E+004 1.5433E-012
1.453E+004 1.5140E-012
1.457E+004 1.5148E-012
1.462E+004 1.5009E-012
1.468E+004 1.4933E-012
1.473E+004 1.4623E-012
1.478E+004 1.4548E-012
1.483E+004 1.4499E-012
1.488E+004 1.4150E-012
1.493E+004 1.4432E-012
1.498E+004 1.4197E-012
1.503E+004 1.3812E-012
1.508E+004 1.3751E-012
1.513E+004 1.3888E-012
1.518E+004 1.3811E-012
1.523E+004 1.3609E-012
1.528E+004 1.3593E-012
1.533E+004 1.3426E-012
1.538E+004 1.3371E-012
1.543E+004 1.3227E-012
1.548E+004 1.3132E-012
1.553E+004 1.2972E-012
1.558E+004 1.2800E-012
1.563E+004 1.2853E-012
1.568E+004 1.2560E-012
1.573E+004 1.2482E-012
1.578E+004 1.2130E-012
1.583E+004 1.2260E-012
1.588E+004 1.1717E-012
1.593E+004 1.1952E-012
1.598E+004 1.2042E-012
1.605E+004 1.1837E-012
1.615E+004 1.1451E-012
1.625E+004 1.1591E-012
1.635E+004 1.1211E-012
1.645E+004 1.0817E-012
1.655E+004 1.0945E-012
1.665E+004 1.0750E-012
1.675E+004 1.0353E-012
1.685E+004 9.9555E-013
1.695E+004 1.0163E-012
1.705E+004 9.8489E-013
1.715E+004 9.7016E-013
1.725E+004 9.4084E-013
1.735E+004 8.8606E-013
1.745E+004 9.0141E-013
1.755E+004 8.9307E-013
1.765E+004 8.7529E-013
1.775E+004 8.5868E-013
1.785E+004 8.4399E-013
1.795E+004 8.2885E-013
1.805E+004 8.0952E-013
1.815E+004 7.6583E-013
1.825E+004 7.7066E-013
1.835E+004 7.6337E-013
1.845E+004 7.4357E-013
1.855E+004 7.3450E-013
1.865E+004 7.1299E-013
1.875E+004 6.6875E-013
1.885E+004 6.8851E-013
1.895E+004 6.6483E-013
1.905E+004 6.6953E-013
1.915E+004 6.5615E-013
1.925E+004 6.4259E-013
1.935E+004 6.2622E-013
1.945E+004 5.8936E-013
1.955E+004 6.0709E-013
1.965E+004 5.9566E-013
1.975E+004 5.8389E-013
1.985E+004 5.7569E-013
1.995E+004 5.6638E-013
2.005E+004 5.5921E-013
2.015E+004 5.5154E-013
2.025E+004 5.3651E-013
2.035E+004 5.2535E-013
2.045E+004 5.2260E-013
2.055E+004 5.1160E-013
2.065E+004 5.0013E-013
2.075E+004 4.9406E-013
2.085E+004 4.8494E-013
2.095E+004 4.7372E-013
2.105E+004 4.7020E-013
2.115E+004 4.6037E-013
2.125E+004 4.5205E-013
2.135E+004 4.4646E-013
2.145E+004 4.3945E-013
2.155E+004 4.3182E-013
2.165E+004 4.0574E-013
2.175E+004 4.1367E-013
2.185E+004 4.0812E-013
2.195E+004 4.0472E-013
2.205E+004 3.9414E-013
2.215E+004 3.9057E-013
2.225E+004 3.8382E-013
2.235E+004 3.7787E-013
2.245E+004 3.7132E-013
2.255E+004 3.6454E-013
2.265E+004 3.5858E-013
2.275E+004 3.5445E-013
2.285E+004 3.4656E-013
2.295E+004 3.3851E-013
2.305E+004 3.3643E-013
2.315E+004 3.3051E-013
2.325E+004 3.2048E-013
2.335E+004 3.1805E-013
2.345E+004 3.1598E-013
2.355E+004 3.0451E-013
2.365E+004 3.0446E-013
2.375E+004 2.9890E-013
2.385E+004 2.8964E-013
2.395E+004 2.8982E-013
2.405E+004 2.8653E-013
2.415E+004 2.7735E-013
2.425E+004 2.7614E-013
2.435E+004 2.7208E-013
2.445E+004 2.6705E-013
2.455E+004 2.6106E-013
2.465E+004 2.6085E-013
2.475E+004 2.5550E-013
2.485E+004 2.4948E-013
2.495E+004 2.4886E-013
2.505E+004 2.4609E-013
2.515E+004 2.4094E-013
2.525E+004 2.3921E-013
2.535E+004 2.3560E-013
2.545E+004 2.3063E-013
2.555E+004 2.2753E-013
2.565E+004 2.2409E-013
2.575E+004 2.2328E-013
2.585E+004 2.1649E-013
2.595E+004 2.1618E-013
2.605E+004 2.1377E-013
2.615E+004 2.0918E-013
2.625E+004 1.9858E-013
2.635E+004 2.0386E-013
2.645E+004 2.0053E-013
2.655E+004 1.9837E-013
2.665E+004 1.9385E-013
2.675E+004 1.9225E-013
2.685E+004 1.9183E-013
2.695E+004 1.8903E-013
2.705E+004 1.8662E-013
2.715E+004 1.8407E-013
2.725E+004 1.8152E-013
2.735E+004 1.7931E-013
2.745E+004 1.7713E-013
2.755E+004 1.7204E-013
2.765E+004 1.7102E-013
2.775E+004 1.6948E-013
2.785E+004 1.6754E-013
2.795E+004 1.6589E-013
2.805E+004 1.6345E-013
2.815E+004 1.6148E-013
2.825E+004 1.5922E-013
2.835E+004 1.5734E-013
2.845E+004 1.5485E-013
2.855E+004 1.5297E-013
2.865E+004 1.5052E-013
2.875E+004 1.4638E-013
2.885E+004 1.4702E-013
2.895E+004 1.4538E-013
2.905E+004 1.4353E-013
2.915E+004 1.4172E-013
2.925E+004 1.3930E-013
2.935E+004 1.3812E-013
2.945E+004 1.3598E-013
2.955E+004 1.3464E-013
2.965E+004 1.3310E-013
2.975E+004 1.3139E-013
2.985E+004 1.2967E-013
2.995E+004 1.2767E-013
3.005E+004 1.2639E-013
3.015E+004 1.2485E-013
3.025E+004 1.2320E-013
3.035E+004 1.1952E-013
3.045E+004 1.1919E-013
3.055E+004 1.1864E-013
3.065E+004 1.1700E-013
3.075E+004 1.1596E-013
3.085E+004 1.1419E-013
3.095E+004 1.1289E-013
3.105E+004 1.1181E-013
3.115E+004 1.0932E-013
3.125E+004 1.0897E-013
3.135E+004 1.0782E-013
3.145E+004 1.0644E-013
3.155E+004 1.0477E-013
3.165E+004 1.0364E-013
3.175E+004 1.0266E-013
3.185E+004 1.0150E-013
3.195E+004 1.0008E-013
3.21E+004 9.8365E-014
3.23E+004 9.6232E-014
3.25E+004 9.3858E-014
3.27E+004 9.1728E-014
3.29E+004 8.8373E-014
3.31E+004 8.7080E-014
3.33E+004 8.5316E-014
3.35E+004 8.3657E-014
3.37E+004 8.1583E-014
3.39E+004 7.9648E-014
3.41E+004 7.7755E-014
3.43E+004 7.6403E-014
3.45E+004 7.4936E-014
3.47E+004 7.3180E-014
3.49E+004 7.1640E-014
3.51E+004 7.0190E-014
3.53E+004 6.8492E-014
3.55E+004 6.7067E-014
3.57E+004 6.5624E-014
3.59E+004 6.4210E-014
3.61E+004 6.3048E-014
3.63E+004 6.1729E-014
3.65E+004 6.0042E-014
3.67E+004 5.8869E-014
3.69E+004 5.7143E-014
3.71E+004 5.5830E-014
3.73E+004 5.4970E-014
3.75E+004 5.2997E-014
3.77E+004 5.2923E-014
3.79E+004 5.1879E-014
3.81E+004 5.0920E-014
3.83E+004 5.0106E-014
3.85E+004 4.9228E-014
3.87E+004 4.8063E-014
3.89E+004 4.7087E-014
3.91E+004 4.6309E-014
3.93E+004 4.5456E-014
3.95E+004 4.4346E-014
3.97E+004 4.3610E-014
3.99E+004 4.2427E-014
4.01E+004 4.1738E-014
4.03E+004 4.1155E-014
4.05E+004 3.9763E-014
4.07E+004 3.9549E-014
4.09E+004 3.8857E-014
4.11E+004 3.8235E-014
4.13E+004 3.7580E-014
4.15E+004 3.6754E-014
4.17E+004 3.6051E-014
4.19E+004 3.5415E-014
4.21E+004 3.4580E-014
4.23E+004 3.4168E-014
4.25E+004 3.3474E-014
4.27E+004 3.2933E-014
4.29E+004 3.1935E-014
4.31E+004 3.1122E-014
4.33E+004 3.0743E-014
4.35E+004 2.9764E-014
4.37E+004 2.9085E-014
4.39E+004 2.8822E-014
4.41E+004 2.7804E-014
4.43E+004 2.7564E-014
4.45E+004 2.7159E-014
4.47E+004 2.6279E-014
4.49E+004 2.6126E-014
4.51E+004 2.5670E-014
4.53E+004 2.4936E-014
4.55E+004 2.4714E-014
4.57E+004 2.4389E-014
4.59E+004 2.3695E-014
4.61E+004 2.3501E-014
4.63E+004 2.3097E-014
4.65E+004 2.2585E-014
4.67E+004 2.2323E-014
4.69E+004 2.2078E-014
4.71E+004 2.1710E-014
4.73E+004 2.1489E-014
4.75E+004 2.1100E-014
4.77E+004 2.0746E-014
4.79E+004 2.0454E-014
4.81E+004 2.0055E-014
4.83E+004 1.9884E-014
4.85E+004 1.9527E-014
4.87E+004 1.9208E-014
4.89E+004 1.8937E-014
4.91E+004 1.8646E-014
4.93E+004 1.8367E-014
4.95E+004 1.8071E-014
4.97E+004 1.7806E-014
4.99E+004 1.7573E-014
5.01E+004 1.7247E-014
5.03E+004 1.7063E-014
5.05E+004 1.6737E-014
5.07E+004 1.6517E-014
5.09E+004 1.6307E-014
5.11E+004 1.6019E-014
5.13E+004 1.5736E-014
5.15E+004 1.5572E-014
5.17E+004 1.5410E-014
5.19E+004 1.5126E-014
5.21E+004 1.4893E-014
5.23E+004 1.4675E-014
5.25E+004 1.4504E-014
5.27E+004 1.4323E-014
5.29E+004 1.4048E-014
5.31E+004 1.3886E-014
5.33E+004 1.3679E-014
5.35E+004 1.3501E-014
5.37E+004 1.3299E-014
5.39E+004 1.3132E-014
5.41E+004 1.2951E-014
5.43E+004 1.2722E-014
5.45E+004 1.2596E-014
5.47E+004 1.2404E-014
5.49E+004 1.2227E-014
5.51E+004 1.2083E-014
5.53E+004 1.1943E-014
5.55E+004 1.1731E-014
5.57E+004 1.1627E-014
5.59E+004 1.1416E-014
5.61E+004 1.1286E-014
5.63E+004 1.1123E-014
5.65E+004 1.1011E-014
5.67E+004 1.0864E-014
5.69E+004 1.0684E-014
5.71E+004 1.0573E-014
5.73E+004 1.0436E-014
5.75E+004 1.0295E-014
5.77E+004 1.0157E-014
5.79E+004 1.0034E-014
5.81E+004 9.8934E-015
5.83E+004 9.7707E-015
5.85E+004 9.6536E-015
5.87E+004 9.5138E-015
5.89E+004 9.3799E-015
5.91E+004 9.2358E-015
5.93E+004 9.1595E-015
5.95E+004 9.0128E-015
5.97E+004 8.9318E-015
5.99E+004 8.8193E-015
6.01E+004 8.7038E-015
6.03E+004 8.5995E-015
6.05E+004 8.4880E-015
6.07E+004 8.3766E-015
6.09E+004 8.2692E-015
6.11E+004 8.1524E-015
6.13E+004 8.0702E-015
6.15E+004 7.9743E-015
6.17E+004 7.8755E-015
6.19E+004 7.7807E-015
6.21E+004 7.6853E-015
6.23E+004 7.5709E-015
6.25E+004 7.4864E-015
6.27E+004 7.3965E-015
6.29E+004 7.3013E-015
6.31E+004 7.2088E-015
6.33E+004 7.1404E-015
6.35E+004 7.0492E-015
6.37E+004 6.9664E-015
6.39E+004 6.8771E-015
6.42E+004 6.7588E-015
6.46E+004 6.5922E-015
6.5E+004 6.4349E-015
6.54E+004 6.2900E-015
6.58E+004 6.1450E-015
6.62E+004 5.9986E-015
6.66E+004 5.8626E-015
6.7E+004 5.7255E-015
6.74E+004 5.5910E-015
6.78E+004 5.4624E-015
6.82E+004 5.3431E-015
6.86E+004 5.2229E-015
6.9E+004 5.1052E-015
6.94E+004 4.9895E-015
6.98E+004 4.8817E-015
7.02E+004 4.7611E-015
7.06E+004 4.6671E-015
7.1E+004 4.5673E-015
7.14E+004 4.4684E-015
7.18E+004 4.3709E-015
7.22E+004 4.2741E-015
7.26E+004 4.1826E-015
7.3E+004 4.0990E-015
7.34E+004 4.0046E-015
7.38E+004 3.9271E-015
7.42E+004 3.8382E-015
7.46E+004 3.7291E-015
7.5E+004 3.6640E-015
7.54E+004 3.6058E-015
7.58E+004 3.5352E-015
7.62E+004 3.4629E-015
7.66E+004 3.3939E-015
7.7E+004 3.3199E-015
7.74E+004 3.2580E-015
7.78E+004 3.1935E-015
7.82E+004 3.1298E-015
7.86E+004 3.0681E-015
7.9E+004 3.0072E-015
7.94E+004 2.9473E-015
7.98E+004 2.8909E-015
8.02E+004 2.8310E-015
8.06E+004 2.7742E-015
8.1E+004 2.7256E-015
8.14E+004 2.6664E-015
8.18E+004 2.6175E-015
8.22E+004 2.5721E-015
8.26E+004 2.5224E-015
8.3E+004 2.4757E-015
8.34E+004 2.4244E-015
8.38E+004 2.3817E-015
8.42E+004 2.3393E-015
8.46E+004 2.2962E-015
8.5E+004 2.2540E-015
8.54E+004 2.2126E-015
8.58E+004 2.1720E-015
8.62E+004 2.1321E-015
8.66E+004 2.0941E-015
8.7E+004 2.0573E-015
8.74E+004 2.0177E-015
8.78E+004 1.9813E-015
8.82E+004 1.9454E-015
8.86E+004 1.9092E-015
8.9E+004 1.8775E-015
8.94E+004 1.8457E-015
8.98E+004 1.8105E-015
9.02E+004 1.7817E-015
9.06E+004 1.7525E-015
9.1E+004 1.7183E-015
9.14E+004 1.6903E-015
9.18E+004 1.6631E-015
9.22E+004 1.6360E-015
9.26E+004 1.6076E-015
9.3E+004 1.5809E-015
9.34E+004 1.5536E-015
9.38E+004 1.5273E-015
9.42E+004 1.5025E-015
9.46E+004 1.4775E-015
9.5E+004 1.4525E-015
9.54E+004 1.4284E-015
9.58E+004 1.4061E-015
9.62E+004 1.3816E-015
9.66E+004 1.3605E-015
9.7E+004 1.3385E-015
9.74E+004 1.3129E-015
9.78E+004 1.2940E-015
9.82E+004 1.2746E-015
9.86E+004 1.2549E-015
9.9E+004 1.2355E-015
9.94E+004 1.2150E-015
9.98E+004 1.1958E-015
1.002E+005 1.1793E-015
1.005E+005 1.1619E-015
1.01E+005 1.1414E-015
1.015E+005 1.1198E-015
1.02E+005 1.0982E-015
1.025E+005 1.0772E-015
1.03E+005 1.0567E-015
1.035E+005 1.0369E-015
1.04E+005 1.0175E-015
1.045E+005 9.9846E-016
1.05E+005 9.7891E-016
1.055E+005 9.6154E-016
1.06E+005 9.4376E-016
1.065E+005 9.2630E-016
1.07E+005 9.0938E-016
1.075E+005 8.9306E-016
1.08E+005 8.7653E-016
1.085E+005 8.6068E-016
1.09E+005 8.4512E-016
1.095E+005 8.3033E-016
1.1E+005 8.1541E-016
1.105E+005 8.0094E-016
1.11E+005 7.8683E-016
1.115E+005 7.7322E-016
1.12E+005 7.5943E-016
1.125E+005 7.4645E-016
1.13E+005 7.3223E-016
1.135E+005 7.2065E-016
1.14E+005 7.0835E-016
1.145E+005 6.9617E-016
1.15E+005 6.8451E-016
1.155E+005 6.7252E-016
1.16E+005 6.6139E-016
1.165E+005 6.5025E-016
1.17E+005 6.3946E-016
1.175E+005 6.2869E-016
1.18E+005 6.1827E-016
1.185E+005 6.0803E-016
1.19E+005 5.9787E-016
1.195E+005 5.8811E-016
1.2E+005 5.7840E-016
1.205E+005 5.6913E-016
1.21E+005 5.5993E-016
1.215E+005 5.5089E-016
1.22E+005 5.4197E-016
1.225E+005 5.3331E-016
1.23E+005 5.2466E-016
1.235E+005 5.1613E-016
1.24E+005 5.0791E-016
1.245E+005 5.0002E-016
1.25E+005 4.9230E-016
1.255E+005 4.8466E-016
1.26E+005 4.7704E-016
1.265E+005 4.6959E-016
1.27E+005 4.6239E-016
1.275E+005 4.5527E-016
1.28E+005 4.4805E-016
1.285E+005 4.4139E-016
1.29E+005 4.3458E-016
1.295E+005 4.2803E-016
1.3E+005 4.2161E-016
1.305E+005 4.1522E-016
1.31E+005 4.0901E-016
1.315E+005 4.0287E-016
1.32E+005 3.9686E-016
1.325E+005 3.9094E-016
1.33E+005 3.8515E-016
1.335E+005 3.7945E-016
1.34E+005 3.7389E-016
1.345E+005 3.6845E-016
1.35E+005 3.6307E-016
1.355E+005 3.5774E-016
1.36E+005 3.5261E-016
1.365E+005 3.4750E-016
1.37E+005 3.4247E-016
1.375E+005 3.3761E-016
1.38E+005 3.3280E-016
1.385E+005 3.2804E-016
1.39E+005 3.2340E-016
1.395E+005 3.1881E-016
1.4E+005 3.1434E-016
1.405E+005 3.0987E-016
1.41E+005 3.0557E-016
1.415E+005 3.0129E-016
1.42E+005 2.9704E-016
1.425E+005 2.9300E-016
1.43E+005 2.8896E-016
1.435E+005 2.8501E-016
1.44E+005 2.8109E-016
1.445E+005 2.7726E-016
1.45E+005 2.7352E-016
1.455E+005 2.6976E-016
1.46E+005 2.6613E-016
1.465E+005 2.6252E-016
1.47E+005 2.5902E-016
1.475E+005 2.5550E-016
1.48E+005 2.5211E-016
1.485E+005 2.4877E-016
1.49E+005 2.4547E-016
1.495E+005 2.4219E-016
1.5E+005 2.3899E-016
1.505E+005 2.3594E-016
1.51E+005 2.3283E-016
1.515E+005 2.2981E-016
1.52E+005 2.2683E-016
1.525E+005 2.2388E-016
1.53E+005 2.2100E-016
1.535E+005 2.1815E-016
1.54E+005 2.1535E-016
1.545E+005 2.1259E-016
1.55E+005 2.0989E-016
1.555E+005 2.0721E-016
1.56E+005 2.0458E-016
1.565E+005 2.0200E-016
1.57E+005 1.9947E-016
1.575E+005 1.9695E-016
1.58E+005 1.9449E-016
1.585E+005 1.9207E-016
1.59E+005 1.8970E-016
1.595E+005 1.8733E-016
1.6E+005 1.8501E-016
1.605E+005 1.8270E-016
1.61E+005 1.8049E-016
1.615E+005 1.7826E-016
1.62E+005 1.7588E-016
1.625E+005 1.7394E-016
1.63E+005 1.7186E-016
1.635E+005 1.6978E-016
1.64E+005 1.6772E-016
1.645E+005 1.6569E-016
1.65E+005 1.6370E-016
1.655E+005 1.6177E-016
1.66E+005 1.5984E-016
1.665E+005 1.5794E-016
1.67E+005 1.5607E-016
1.675E+005 1.5423E-016
1.68E+005 1.5239E-016
1.685E+005 1.5057E-016
1.69E+005 1.4877E-016
1.695E+005 1.4711E-016
1.7E+005 1.4540E-016
1.705E+005 1.4372E-016
1.71E+005 1.4205E-016
1.715E+005 1.4040E-016
1.72E+005 1.3878E-016
1.725E+005 1.3719E-016
1.73E+005 1.3561E-016
1.735E+005 1.3409E-016
1.74E+005 1.3256E-016
1.745E+005 1.3105E-016
1.75E+005 1.2957E-016
1.755E+005 1.2810E-016
1.76E+005 1.2666E-016
1.765E+005 1.2522E-016
1.77E+005 1.2383E-016
1.775E+005 1.2245E-016
1.78E+005 1.2110E-016
1.785E+005 1.1976E-016
1.79E+005 1.1843E-016
1.795E+005 1.1712E-016
1.8E+005 1.1583E-016
1.805E+005 1.1456E-016
1.81E+005 1.1332E-016
1.815E+005 1.1208E-016
1.82E+005 1.1085E-016
1.825E+005 1.0964E-016
1.83E+005 1.0840E-016
1.835E+005 1.0728E-016
1.84E+005 1.0613E-016
1.845E+005 1.0500E-016
1.85E+005 1.0387E-016
1.855E+005 1.0277E-016
1.86E+005 1.0165E-016
1.865E+005 1.0058E-016
1.87E+005 9.9521E-017
1.875E+005 9.8446E-017
1.88E+005 9.7432E-017
1.885E+005 9.6406E-017
1.89E+005 9.5399E-017
1.895E+005 9.4398E-017
1.9E+005 9.3399E-017
1.905E+005 9.2027E-017
1.91E+005 9.1450E-017
1.915E+005 9.0540E-017
1.92E+005 8.9604E-017
1.925E+005 8.8681E-017
1.93E+005 8.7773E-017
1.935E+005 8.6872E-017
1.94E+005 8.5982E-017
1.945E+005 8.5103E-017
1.95E+005 8.4241E-017
1.955E+005 8.3389E-017
1.96E+005 8.2541E-017
1.965E+005 8.1714E-017
1.97E+005 8.0889E-017
1.975E+005 8.0076E-017
1.98E+005 7.9275E-017
1.985E+005 7.8488E-017
1.99E+005 7.7702E-017
1.995E+005 7.6930E-017
2E+005 7.5979E-017
2.01E+005 7.4671E-017
2.02E+005 7.3212E-017
2.03E+005 7.1787E-017
2.04E+005 7.0398E-017
2.05E+005 6.9040E-017
2.06E+005 6.7716E-017
2.07E+005 6.6427E-017
2.08E+005 6.5162E-017
2.09E+005 6.3926E-017
2.1E+005 6.2723E-017
2.11E+005 6.1550E-017
2.12E+005 6.0403E-017
2.13E+005 5.9281E-017
2.14E+005 5.8187E-017
2.15E+005 5.7117E-017
2.16E+005 5.6070E-017
2.17E+005 5.5048E-017
2.18E+005 5.4049E-017
2.19E+005 5.3069E-017
2.2E+005 5.2121E-017
2.21E+005 5.1187E-017
2.22E+005 5.0276E-017
2.23E+005 4.9348E-017
2.24E+005 4.8500E-017
2.25E+005 4.7657E-017
2.26E+005 4.6821E-017
2.27E+005 4.6005E-017
2.28E+005 4.5205E-017
2.29E+005 4.4426E-017
2.3E+005 4.3660E-017
2.31E+005 4.2911E-017
2.32E+005 4.2180E-017
2.33E+005 4.1463E-017
2.34E+005 4.0761E-017
2.35E+005 4.0076E-017
2.36E+005 3.9404E-017
2.37E+005 3.8742E-017
2.38E+005 3.8098E-017
2.39E+005 3.7461E-017
2.4E+005 3.6849E-017
2.41E+005 3.6244E-017
2.42E+005 3.5649E-017
2.43E+005 3.5068E-017
2.44E+005 3.4498E-017
2.45E+005 3.3939E-017
2.46E+005 3.3396E-017
2.47E+005 3.2861E-017
2.48E+005 3.2331E-017
2.49E+005 3.1815E-017
2.5E+005 3.1312E-017
2.51E+005 3.0819E-017
2.52E+005 3.0333E-017
2.53E+005 2.9859E-017
2.54E+005 2.9392E-017
2.55E+005 2.8935E-017
2.56E+005 2.8486E-017
2.57E+005 2.8046E-017
2.58E+005 2.7615E-017
2.59E+005 2.7191E-017
2.6E+005 2.6778E-017
2.61E+005 2.6373E-017
2.62E+005 2.5969E-017
2.63E+005 2.5579E-017
2.64E+005 2.5197E-017
2.65E+005 2.4817E-017
2.66E+005 2.4448E-017
2.67E+005 2.4083E-017
2.68E+005 2.3727E-017
2.69E+005 2.3378E-017
2.7E+005 2.3035E-017
2.71E+005 2.2695E-017
2.72E+005 2.2365E-017
2.73E+005 2.2039E-017
2.74E+005 2.1720E-017
2.75E+005 2.1406E-017
2.76E+005 2.1098E-017
2.77E+005 2.0796E-017
2.78E+005 2.0456E-017
2.79E+005 2.0209E-017
2.8E+005 1.9925E-017
2.81E+005 1.9643E-017
2.82E+005 1.9362E-017
2.83E+005 1.9090E-017
2.84E+005 1.8822E-017
2.85E+005 1.8559E-017
2.86E+005 1.8303E-017
2.87E+005 1.8049E-017
2.88E+005 1.7798E-017
2.89E+005 1.7554E-017
2.9E+005 1.7314E-017
2.91E+005 1.7079E-017
2.92E+005 1.6846E-017
2.93E+005 1.6617E-017
2.94E+005 1.6393E-017
2.95E+005 1.6171E-017
2.96E+005 1.5954E-017
2.97E+005 1.5741E-017
2.98E+005 1.5525E-017
2.99E+005 1.5320E-017
3E+005 1.5122E-017
3.01E+005 1.4923E-017
3.02E+005 1.4725E-017
3.03E+005 1.4534E-017
3.04E+005 1.4343E-017
3.05E+005 1.4156E-017
3.06E+005 1.3970E-017
3.07E+005 1.3790E-017
3.08E+005 1.3612E-017
3.09E+005 1.3441E-017
3.1E+005 1.3268E-017
3.11E+005 1.3095E-017
3.12E+005 1.2928E-017
3.13E+005 1.2763E-017
3.14E+005 1.2602E-017
3.15E+005 1.2442E-017
3.16E+005 1.2286E-017
3.17E+005 1.2132E-017
3.18E+005 1.1980E-017
3.19E+005 1.1830E-017
3.2E+005 1.1683E-017
3.21E+005 1.1539E-017
3.22E+005 1.1395E-017
3.23E+005 1.1256E-017
3.24E+005 1.1117E-017
3.25E+005 1.0981E-017
3.26E+005 1.0847E-017
3.27E+005 1.0715E-017
3.28E+005 1.0585E-017
3.29E+005 1.0457E-017
3.3E+005 1.0331E-017
3.31E+005 1.0206E-017
3.32E+005 1.0084E-017
3.33E+005 9.9633E-018
3.34E+005 9.8453E-018
3.35E+005 9.7278E-018
3.36E+005 9.6127E-018
3.37E+005 9.4990E-018
3.38E+005 9.3870E-018
3.39E+005 9.2771E-018
3.4E+005 9.1682E-018
3.41E+005 9.0612E-018
3.42E+005 8.9556E-018
3.43E+005 8.8517E-018
3.44E+005 8.7492E-018
3.45E+005 8.6481E-018
3.46E+005 8.5485E-018
3.47E+005 8.4505E-018
3.48E+005 8.3538E-018
3.49E+005 8.2587E-018
3.5E+005 8.1644E-018
3.51E+005 8.0716E-018
3.52E+005 7.9805E-018
3.53E+005 7.8906E-018
3.54E+005 7.8013E-018
3.55E+005 7.7137E-018
3.56E+005 7.6274E-018
3.57E+005 7.5423E-018
3.58E+005 7.4584E-018
3.59E+005 7.3756E-018
3.6E+005 7.2933E-018
3.61E+005 7.2130E-018
3.62E+005 7.1338E-018
3.63E+005 7.0553E-018
3.64E+005 6.9776E-018
3.65E+005 6.9010E-018
3.66E+005 6.8265E-018
3.67E+005 6.7525E-018
3.68E+005 6.6794E-018
3.69E+005 6.6074E-018
3.7E+005 6.5361E-018
3.71E+005 6.4651E-018
3.72E+005 6.3961E-018
3.73E+005 6.3279E-018
3.74E+005 6.2603E-018
3.75E+005 6.1937E-018
3.76E+005 6.1283E-018
3.77E+005 6.0634E-018
3.78E+005 5.9991E-018
3.79E+005 5.9363E-018
3.8E+005 5.8736E-018
3.81E+005 5.8124E-018
3.82E+005 5.7517E-018
3.83E+005 5.6916E-018
3.84E+005 5.6326E-018
3.85E+005 5.5742E-018
3.86E+005 5.5165E-018
3.87E+005 5.4598E-018
3.88E+005 5.4002E-018
3.89E+005 5.3392E-018
3.9E+005 5.2937E-018
3.91E+005 5.2396E-018
3.92E+005 5.1858E-018
3.93E+005 5.1332E-018
3.94E+005 5.0814E-018
3.95E+005 5.0302E-018
3.96E+005 4.9792E-018
3.97E+005 4.9292E-018
3.98E+005 4.8798E-018
3.99E+005 4.8310E-018
