1141 1.4362E-014
1141 1.4362E-014
1141 0.0000E+000
1142 8.4314E-015
1143 6.5191E-015
1143 2.5544E-015
1144 0.0000E+000
1144 1.0461E-014
1145 4.0429E-015
1145 2.7867E-015
1146 8.6945E-015
1147 4.2628E-015
1147 4.3437E-015
1148 3.5113E-015
1148 4.4921E-015
1149 2.7616E-015
1150 2.8817E-015
1150 2.4181E-015
1151 6.4029E-016
1151 3.8926E-015
1152 2.7484E-015
1152 2.3468E-015
1153 1.0874E-015
1154 3.8912E-015
1154 1.0099E-015
1155 2.9777E-015
1155 3.1669E-015
1156 2.8035E-015
1157 2.7772E-015
1157 3.1223E-015
1158 3.8473E-015
1158 5.1558E-015
1159 4.4898E-015
1159 3.6606E-015
1160 2.2654E-015
1161 2.2511E-015
1161 3.5710E-015
1162 4.0468E-015
1162 3.4156E-015
1163 5.2631E-015
1164 3.3040E-015
1164 2.7728E-015
1165 3.6336E-015
1165 3.3104E-015
1166 3.1957E-015
1166 2.7284E-015
1167 3.1827E-015
1168 3.7088E-015
1168 2.1838E-015
1169 3.2231E-015
1169 4.5176E-015
1170 3.5502E-015
1171 2.9849E-015
1171 4.4596E-015
1172 3.8236E-015
1172 2.8911E-015
1173 2.8202E-015
1173 3.6001E-015
1174 4.0426E-015
1175 4.5851E-015
1175 4.9782E-015
1176 5.8346E-015
1176 4.0584E-015
1177 5.9331E-015
1178 3.3481E-015
1178 4.2443E-015
1179 5.2801E-015
1179 6.3835E-015
1180 5.1178E-015
1181 4.3164E-015
1181 4.6838E-015
1182 4.9097E-015
1182 5.8142E-015
1183 4.6603E-015
1183 6.1245E-015
1184 6.5452E-015
1185 3.4177E-015
1185 6.2172E-015
1186 6.0911E-015
1186 3.7499E-015
1187 5.5736E-015
1188 4.3743E-015
1188 5.6111E-015
1189 4.7110E-015
1189 3.3305E-015
1190 2.3375E-015
1190 5.1675E-015
1191 4.6924E-015
1192 4.3135E-015
1192 5.1561E-015
1193 4.4031E-015
1193 4.1905E-015
1194 3.1543E-015
1195 4.4770E-015
1195 3.6823E-015
1196 3.1533E-015
1196 3.0964E-015
1197 2.6553E-015
1197 3.4979E-015
1198 2.3370E-015
1199 4.1125E-015
1199 4.1655E-015
1200 3.7542E-015
1200 1.7473E-015
1201 3.5528E-015
1202 3.7133E-015
1202 4.0780E-015
1203 3.9442E-015
1203 3.2273E-015
1204 2.7739E-015
1204 3.7936E-015
1205 3.9984E-015
1206 2.5179E-015
1206 3.9882E-015
1207 2.7051E-015
1207 2.6795E-015
1208 3.3244E-015
1209 1.2445E-015
1209 2.1611E-015
1210 2.4983E-015
1210 2.9121E-015
1211 1.0433E-015
1211 1.9854E-015
1212 7.3882E-016
1213 1.4689E-015
1213 5.0749E-016
1214 -2.2323E-016
1214 6.8536E-016
1215 7.3531E-016
1216 6.1416E-017
1216 -3.7511E-017
1217 2.7905E-016
1217 5.7282E-016
1218 -3.3675E-016
1218 1.4854E-015
1219 7.7989E-016
1220 1.9368E-015
1220 1.5356E-015
1221 1.8516E-015
1221 2.6781E-015
1222 1.0487E-015
1223 2.7884E-015
1223 1.9506E-015
1224 3.0081E-015
1224 1.8164E-015
1225 2.9192E-015
1225 3.7746E-015
1226 4.5466E-015
1227 3.2166E-015
1227 4.6851E-015
1228 4.2025E-015
1228 3.2201E-015
1229 4.8537E-015
1230 4.5041E-015
1230 4.7088E-015
1231 4.4266E-015
1231 5.1337E-015
1232 6.1062E-015
1232 5.9365E-015
1233 6.0372E-015
1234 6.0626E-015
1234 6.3589E-015
1235 7.2668E-015
1235 6.2008E-015
1236 7.3362E-015
1237 7.1069E-015
1237 7.3778E-015
1238 9.0911E-015
1238 7.4033E-015
1239 9.0620E-015
1239 8.0306E-015
1240 7.6940E-015
1241 8.2792E-015
1241 8.9950E-015
1242 1.0303E-014
1242 9.8682E-015
1243 8.2142E-015
1244 1.0080E-014
1244 8.9695E-015
1245 1.0063E-014
1245 9.8275E-015
1246 1.1982E-014
1246 1.1377E-014
1247 1.1463E-014
1248 1.2019E-014
1248 1.2286E-014
1249 1.1910E-014
1249 1.1843E-014
1250 1.4971E-014
1251 1.5648E-014
1251 1.4751E-014
1252 2.0039E-014
1252 1.7500E-014
1253 1.8899E-014
1253 2.1986E-014
1254 1.8134E-014
1255 2.0822E-014
1255 2.1621E-014
1256 2.2853E-014
1256 2.1526E-014
1257 1.9581E-014
1258 2.1174E-014
1258 2.1463E-014
1259 1.9235E-014
1259 1.9988E-014
1260 1.6723E-014
1260 1.5159E-014
1261 1.5424E-014
1262 1.7947E-014
1262 2.2441E-014
1263 2.4017E-014
1263 2.4901E-014
1264 2.2626E-014
1265 2.1456E-014
1265 2.1011E-014
1266 2.2576E-014
1266 2.6165E-014
1267 3.2993E-014
1267 3.6889E-014
1268 4.4754E-014
1269 5.4641E-014
1269 5.5761E-014
1270 6.0595E-014
1270 6.3538E-014
1271 6.2355E-014
1272 6.3377E-014
1272 6.7195E-014
1273 7.0376E-014
1273 7.3308E-014
1274 6.2446E-014
1274 5.3939E-014
1275 4.5578E-014
1276 4.0148E-014
1276 4.2788E-014
1277 4.1082E-014
1277 4.7283E-014
1278 5.4245E-014
1279 6.5702E-014
1279 7.3176E-014
1280 6.8592E-014
1280 7.3386E-014
1281 8.7208E-014
1281 1.1163E-013
1282 1.3081E-013
1283 1.3251E-013
1283 1.4018E-013
1284 1.5005E-013
1284 1.6021E-013
1285 1.6318E-013
1286 1.5932E-013
1286 1.4639E-013
1287 1.3220E-013
1287 1.0691E-013
1288 9.0844E-014
1288 8.1133E-014
1289 9.2773E-014
1290 1.0935E-013
1290 1.1640E-013
1291 1.4373E-013
1291 1.4853E-013
1292 1.6939E-013
1293 1.9224E-013
1293 1.9987E-013
1294 2.0684E-013
1294 2.1645E-013
1295 2.0504E-013
1295 2.0626E-013
1296 2.0342E-013
1297 2.1700E-013
1297 2.3121E-013
1298 2.3344E-013
1298 2.3041E-013
1299 2.1526E-013
1300 2.1928E-013
1300 2.3121E-013
1301 2.0872E-013
1301 1.7675E-013
1302 1.4716E-013
1302 1.2290E-013
1303 1.3800E-013
1304 1.3061E-013
1304 1.2027E-013
1305 9.4910E-014
1305 9.5026E-014
1306 1.0569E-013
1307 1.3202E-013
1307 1.5934E-013
1308 1.6646E-013
1308 1.5132E-013
1309 1.2367E-013
1309 1.0537E-013
1310 1.0543E-013
1311 1.0111E-013
1311 1.0436E-013
1312 1.3026E-013
1312 1.6437E-013
1313 2.0929E-013
1314 2.3985E-013
1314 2.8320E-013
1315 3.3122E-013
1315 3.4152E-013
1316 3.1995E-013
1316 3.1722E-013
1317 3.4041E-013
1318 3.5325E-013
1318 3.7006E-013
1319 3.6877E-013
1319 3.6209E-013
1320 3.8223E-013
1321 3.9409E-013
1321 4.0286E-013
1322 4.2112E-013
1322 4.0543E-013
1323 3.8761E-013
1323 3.5056E-013
1324 3.3005E-013
1325 3.4158E-013
1325 3.6059E-013
1326 3.7862E-013
1326 3.8104E-013
1327 3.6986E-013
1328 3.6256E-013
1328 3.3566E-013
1329 2.9314E-013
1329 2.6142E-013
1330 2.5425E-013
1330 2.8137E-013
1331 3.1165E-013
1332 3.2864E-013
1332 3.5994E-013
1333 3.8804E-013
1333 3.7305E-013
1334 3.2320E-013
1335 2.5222E-013
1335 2.2403E-013
1336 2.3942E-013
1336 2.8456E-013
1337 3.6885E-013
1337 4.3226E-013
1338 4.8421E-013
1339 5.3842E-013
1339 5.6482E-013
1340 5.5718E-013
1340 5.5050E-013
1341 5.5949E-013
1342 5.5621E-013
1342 5.6392E-013
1343 5.7254E-013
1343 6.1154E-013
1344 6.1846E-013
1344 5.9203E-013
1345 5.4990E-013
1346 5.4269E-013
1346 5.4278E-013
1347 5.4326E-013
1347 5.3764E-013
1348 5.5889E-013
1349 5.3569E-013
1349 5.3360E-013
1350 5.2493E-013
1350 5.2519E-013
1351 5.2787E-013
1351 5.1993E-013
1352 5.1256E-013
1353 4.8505E-013
1353 4.4706E-013
1354 4.0269E-013
1354 3.4350E-013
1355 3.2295E-013
1356 3.1584E-013
1356 2.9111E-013
1357 3.0833E-013
1357 3.5361E-013
1358 3.9022E-013
1358 4.4109E-013
1359 4.4885E-013
1360 4.6119E-013
1360 5.1449E-013
1361 5.3262E-013
1361 5.0848E-013
1362 5.1354E-013
1363 5.0876E-013
1363 5.0178E-013
1364 4.7439E-013
1364 4.5965E-013
1365 4.7378E-013
1365 5.0883E-013
1366 4.9167E-013
1367 4.9370E-013
1367 4.6339E-013
1368 4.2880E-013
1368 4.0735E-013
1369 4.0810E-013
1370 4.2440E-013
1370 4.2964E-013
1371 4.9084E-013
1371 5.0578E-013
1372 5.1616E-013
1372 5.2122E-013
1373 5.2634E-013
1374 5.2431E-013
1374 5.2484E-013
1375 5.1166E-013
1375 5.2180E-013
1376 5.4550E-013
1377 5.5871E-013
1377 5.4339E-013
1378 5.5457E-013
1378 5.4978E-013
1379 5.6974E-013
1379 5.4757E-013
1380 5.4923E-013
1381 5.4066E-013
1381 5.0077E-013
1382 4.7589E-013
1382 5.1783E-013
1383 5.2957E-013
1384 5.3881E-013
1384 5.6582E-013
1385 5.7105E-013
1385 5.9783E-013
1386 5.8343E-013
1386 5.8989E-013
1387 5.6327E-013
1388 5.6889E-013
1388 5.3615E-013
1389 5.4915E-013
1389 5.8293E-013
1390 6.1222E-013
1391 6.2207E-013
1391 6.1090E-013
1392 6.0856E-013
1392 5.7424E-013
1393 5.4337E-013
1393 5.2612E-013
1394 5.5015E-013
1395 5.9156E-013
1395 6.1671E-013
1396 6.1544E-013
1396 5.9384E-013
1397 5.5969E-013
1398 5.5626E-013
1398 5.3735E-013
1399 5.2732E-013
1399 5.3724E-013
1400 5.4260E-013
1400 5.5105E-013
1401 5.6780E-013
1402 5.7307E-013
1402 6.1160E-013
1403 6.3448E-013
1403 6.0067E-013
1404 5.9528E-013
1404 6.2663E-013
1405 6.7376E-013
1406 6.9963E-013
1406 7.1721E-013
1407 7.5736E-013
1407 7.4846E-013
1408 7.1154E-013
1409 6.7102E-013
1409 6.1139E-013
1410 6.2267E-013
1410 5.8829E-013
1411 6.2796E-013
1411 6.8901E-013
1412 7.0103E-013
1413 7.4658E-013
1413 7.8139E-013
1414 7.9133E-013
1414 7.5339E-013
1415 7.4598E-013
1416 7.3815E-013
1416 7.4869E-013
1417 8.0333E-013
1417 7.9983E-013
1418 8.2404E-013
1418 8.0718E-013
1419 7.8709E-013
1420 8.0339E-013
1420 8.2116E-013
1421 8.1126E-013
1421 8.6633E-013
1422 9.0897E-013
1423 8.8535E-013
1423 8.6701E-013
1424 8.0150E-013
1424 7.6640E-013
1425 7.4725E-013
1425 7.9045E-013
1426 9.1927E-013
1427 8.8642E-013
1427 8.9579E-013
1428 9.0774E-013
1428 9.5603E-013
1429 9.0476E-013
1430 8.6976E-013
1430 8.2578E-013
1431 7.7625E-013
1431 7.1122E-013
1432 6.3979E-013
1432 5.7483E-013
1433 5.4415E-013
1434 5.8817E-013
1434 6.0323E-013
1435 6.2982E-013
1435 6.9316E-013
1436 7.5976E-013
1437 8.2056E-013
1437 8.3870E-013
1438 8.0027E-013
1438 7.9886E-013
1439 7.8320E-013
1439 8.5133E-013
1440 8.9412E-013
1441 9.0080E-013
1441 8.6221E-013
1442 8.8002E-013
1442 8.5822E-013
1443 8.5738E-013
1444 9.1286E-013
1444 8.9787E-013
1445 9.3111E-013
1445 9.0639E-013
1446 9.6221E-013
1446 9.6282E-013
1447 9.4773E-013
1448 9.5586E-013
1448 9.1879E-013
1449 9.4857E-013
1449 1.0398E-012
1450 1.0348E-012
1451 1.0322E-012
1451 1.0102E-012
1452 1.0038E-012
1452 9.9851E-013
1453 1.0369E-012
1453 1.0627E-012
1454 1.0938E-012
1455 1.0412E-012
1455 1.0363E-012
1456 1.0541E-012
1456 1.0836E-012
1457 1.0759E-012
1458 1.0775E-012
1458 1.0698E-012
1459 1.0693E-012
1459 1.0048E-012
1460 1.0051E-012
1460 1.0331E-012
1461 1.0260E-012
1462 1.0352E-012
1462 9.8985E-013
1463 9.6638E-013
1463 8.8423E-013
1464 9.4218E-013
1465 1.0345E-012
1465 1.0213E-012
1466 1.0471E-012
1466 1.0436E-012
1467 9.4896E-013
1467 7.7745E-013
1468 7.8431E-013
1469 8.6357E-013
1469 9.2214E-013
1470 9.2440E-013
1470 9.4807E-013
1471 1.0330E-012
1472 1.0475E-012
1472 9.5363E-013
1473 8.6974E-013
1473 7.9142E-013
1474 7.7416E-013
1474 7.9894E-013
1475 8.2022E-013
1476 9.2722E-013
1476 1.0279E-012
1477 1.1003E-012
1477 1.0829E-012
1478 1.0299E-012
1479 1.0345E-012
1479 1.1170E-012
1480 1.1094E-012
1480 1.0193E-012
1481 8.9692E-013
1481 8.0129E-013
1482 8.2968E-013
1483 8.4854E-013
1483 8.5075E-013
1484 9.5240E-013
1484 1.0685E-012
1485 1.0332E-012
1486 9.8845E-013
1486 1.0599E-012
1487 1.1162E-012
1487 1.1911E-012
1488 1.2854E-012
1488 1.3133E-012
1489 1.3066E-012
1490 1.2841E-012
1490 1.2579E-012
1491 1.3001E-012
1491 1.2777E-012
1492 1.1511E-012
1493 1.0205E-012
1493 9.2006E-013
1494 9.7496E-013
1494 9.9452E-013
1495 1.0239E-012
1495 1.2035E-012
1496 1.3050E-012
1497 1.3163E-012
1497 1.4386E-012
1498 1.4604E-012
1498 1.4635E-012
1499 1.4648E-012
1500 1.4730E-012
1500 1.4418E-012
1501 1.4523E-012
1501 1.4377E-012
1502 1.4465E-012
1502 1.4116E-012
1503 1.5130E-012
1504 1.5005E-012
1504 1.5156E-012
1505 1.4300E-012
1505 1.3971E-012
1506 1.3878E-012
1507 1.3700E-012
1507 1.3122E-012
1508 1.2929E-012
1508 1.2080E-012
1509 1.1366E-012
1509 1.0531E-012
1510 1.0767E-012
1511 1.0005E-012
1511 9.0522E-013
1512 1.0053E-012
1512 1.0784E-012
1513 1.1289E-012
1513 1.1460E-012
1514 1.1993E-012
1515 1.2068E-012
1515 1.1872E-012
1516 1.1955E-012
1516 1.1737E-012
1517 1.3156E-012
1518 1.3609E-012
1518 1.3941E-012
1519 1.3647E-012
1519 1.3742E-012
1520 1.3960E-012
1520 1.4063E-012
1521 1.3725E-012
1522 1.3597E-012
1522 1.3577E-012
1523 1.3906E-012
1523 1.3728E-012
1524 1.3477E-012
1525 1.2996E-012
1525 1.2110E-012
1526 1.0860E-012
1526 9.4720E-013
1527 7.9523E-013
1527 9.4094E-013
1528 1.1755E-012
1529 1.3192E-012
1529 1.2894E-012
1530 1.3853E-012
1530 1.3910E-012
1531 1.3126E-012
1532 1.2738E-012
1532 1.1444E-012
1533 9.3381E-013
1533 7.8268E-013
1534 8.1141E-013
1534 9.7503E-013
1535 1.2247E-012
1536 1.4652E-012
1536 1.4546E-012
1537 1.3340E-012
1537 1.3464E-012
1538 1.5470E-012
1539 1.8498E-012
1539 1.9956E-012
1540 1.8785E-012
1540 1.6379E-012
1541 1.4019E-012
1541 1.3874E-012
1542 1.5164E-012
1543 1.7968E-012
1543 2.0552E-012
1544 1.9356E-012
1544 1.7161E-012
1545 1.5757E-012
1546 1.6051E-012
1546 1.8308E-012
1547 1.9798E-012
1547 1.9259E-012
1548 1.9870E-012
1548 2.0054E-012
1549 2.1535E-012
1550 2.5168E-012
1550 2.3695E-012
1551 2.0589E-012
1551 1.7282E-012
1552 1.6032E-012
1553 1.6612E-012
1553 1.8484E-012
1554 2.0496E-012
1554 2.1410E-012
1555 2.0678E-012
1555 2.1041E-012
1556 2.1528E-012
1557 2.2960E-012
1557 2.5526E-012
1558 2.5692E-012
1558 2.1009E-012
1559 1.6365E-012
1560 1.4795E-012
1560 1.3468E-012
1561 1.1904E-012
1561 1.3126E-012
1562 1.5984E-012
1562 2.0899E-012
1563 2.4415E-012
1564 2.5512E-012
1564 2.8163E-012
1565 3.0329E-012
1565 3.0005E-012
1566 3.0018E-012
1567 2.9468E-012
1567 2.7067E-012
1568 2.5482E-012
1568 2.3968E-012
1569 2.4628E-012
1569 2.4248E-012
1570 2.3326E-012
1571 2.2685E-012
1571 2.3980E-012
1572 2.5116E-012
1572 2.5956E-012
1573 2.3686E-012
1574 2.0286E-012
1574 1.9273E-012
1575 2.0533E-012
1575 2.3862E-012
1576 2.9551E-012
1576 3.2253E-012
1577 3.1479E-012
1578 3.5190E-012
1578 3.4885E-012
1579 3.5570E-012
1579 3.7942E-012
1580 3.6629E-012
1581 3.4894E-012
1581 3.7180E-012
1582 3.8443E-012
1582 4.0736E-012
1583 4.0493E-012
1583 4.0411E-012
1584 3.6332E-012
1585 3.3524E-012
1585 3.2884E-012
1586 3.2893E-012
1586 3.0329E-012
1587 3.2219E-012
1587 3.2426E-012
1588 3.2840E-012
1589 3.1906E-012
1589 3.3588E-012
1590 3.3582E-012
1590 3.3104E-012
1591 3.3301E-012
1592 3.3102E-012
1592 3.0492E-012
1593 3.0013E-012
1593 3.0293E-012
1594 2.7877E-012
1594 2.4070E-012
1595 2.4124E-012
1596 2.7271E-012
1596 3.1099E-012
1597 3.3838E-012
1597 3.3850E-012
1598 3.5650E-012
1599 4.0861E-012
1599 4.2661E-012
1600 4.2223E-012
1600 4.0152E-012
1601 3.8104E-012
1601 3.6814E-012
1602 3.3301E-012
1603 3.0868E-012
1603 3.2798E-012
1604 3.8622E-012
1604 4.1018E-012
1605 3.9347E-012
1606 3.7679E-012
1606 3.5290E-012
1607 3.5804E-012
1607 3.6369E-012
1608 3.5221E-012
1608 3.4854E-012
1609 3.7953E-012
1610 4.1195E-012
1610 4.0914E-012
1611 3.8519E-012
1611 3.7857E-012
1612 3.6957E-012
1613 3.4634E-012
1613 3.4493E-012
1614 3.6012E-012
1614 3.8968E-012
1615 4.1113E-012
1615 4.1734E-012
1616 4.1855E-012
1617 3.9740E-012
1617 4.1828E-012
1618 4.3123E-012
1618 3.9391E-012
1619 3.7570E-012
1620 3.8720E-012
1620 3.7427E-012
1621 3.6738E-012
1621 3.6035E-012
1622 3.5560E-012
1622 3.5973E-012
1623 3.7140E-012
1624 4.0500E-012
1624 4.4402E-012
1625 4.4925E-012
1625 4.0318E-012
1626 3.9551E-012
1627 4.1553E-012
1627 4.1214E-012
1628 4.2371E-012
1628 4.1300E-012
1629 3.6345E-012
1629 3.0515E-012
1630 3.0842E-012
1631 3.4443E-012
1631 3.6596E-012
1632 3.8076E-012
1632 4.0192E-012
1633 3.7104E-012
1634 3.5858E-012
1634 3.6354E-012
1635 4.0695E-012
1635 4.0706E-012
1636 4.1102E-012
1636 4.2384E-012
1637 4.5037E-012
1638 4.4316E-012
1638 4.6194E-012
1639 4.7041E-012
1639 4.5288E-012
1640 4.4819E-012
1641 4.4201E-012
1641 4.6042E-012
1642 4.4863E-012
1642 4.3983E-012
1643 4.4657E-012
1643 4.5624E-012
1644 4.8267E-012
1645 5.1627E-012
1645 5.3350E-012
1646 5.4493E-012
1646 5.3928E-012
1647 5.4849E-012
1647 5.1318E-012
1648 5.2064E-012
1649 4.8021E-012
1649 4.3646E-012
1650 4.3244E-012
1650 4.4995E-012
1651 4.7332E-012
1652 4.8329E-012
1652 4.9832E-012
1653 4.9223E-012
1653 4.7069E-012
1654 4.0700E-012
1654 3.7512E-012
1655 3.3158E-012
1656 2.9012E-012
1656 2.0513E-012
1657 1.4898E-012
1657 1.3929E-012
1658 1.7021E-012
1659 2.4052E-012
1659 3.3848E-012
1660 4.1261E-012
1660 4.6607E-012
1661 4.7877E-012
1661 5.0438E-012
1662 5.3937E-012
1663 5.2247E-012
1663 5.0937E-012
1664 5.0980E-012
1664 5.3104E-012
1665 5.4446E-012
1666 5.4804E-012
1666 5.3067E-012
1667 5.0619E-012
1667 5.1157E-012
1668 4.8705E-012
1668 4.8561E-012
1669 4.3313E-012
1670 3.6878E-012
1670 2.8833E-012
1671 2.5642E-012
1671 2.8664E-012
1672 3.7902E-012
1673 4.1739E-012
1673 4.1767E-012
1674 4.1639E-012
1674 4.1199E-012
1675 4.2731E-012
1675 4.8276E-012
1676 5.0637E-012
1677 5.0226E-012
1677 5.4646E-012
1678 5.4538E-012
1679 5.3167E-012
1680 5.3147E-012
1682 5.3569E-012
1683 5.4226E-012
1684 5.4377E-012
1686 5.5321E-012
1687 5.4455E-012
1689 5.5545E-012
1690 5.5980E-012
1691 5.3947E-012
1693 5.1776E-012
1694 5.2446E-012
1695 4.8328E-012
1697 4.9474E-012
1698 5.1438E-012
1700 5.2988E-012
1701 5.4820E-012
1702 5.5470E-012
1704 5.4576E-012
1705 5.5937E-012
1706 5.7426E-012
1708 6.1063E-012
1709 6.3245E-012
1710 6.2249E-012
1712 5.9648E-012
1713 5.9186E-012
1715 6.4239E-012
1716 6.7959E-012
1717 6.8430E-012
1719 6.3508E-012
1720 5.9228E-012
1721 5.8708E-012
1723 5.6970E-012
1724 5.7454E-012
1726 6.1204E-012
1727 6.7413E-012
1728 6.9181E-012
1730 6.9548E-012
1731 6.4891E-012
1732 6.3644E-012
1734 6.3634E-012
1735 6.4055E-012
1737 6.6029E-012
1738 6.6177E-012
1739 6.7723E-012
1741 6.5367E-012
1742 6.5565E-012
1743 6.7382E-012
1745 6.8240E-012
1746 6.7458E-012
1747 6.8639E-012
1749 7.1886E-012
1750 7.3368E-012
1752 7.3711E-012
1753 7.7363E-012
1754 8.0802E-012
1756 8.1130E-012
1757 7.7206E-012
1758 7.3661E-012
1760 6.9719E-012
1761 6.7647E-012
1763 6.5422E-012
1764 6.3232E-012
1765 6.3302E-012
1767 6.7237E-012
1768 6.8683E-012
1769 6.9537E-012
1771 7.1945E-012
1772 7.4311E-012
1774 7.7039E-012
1775 7.9234E-012
1776 8.0423E-012
1778 8.3056E-012
1779 8.3673E-012
1780 8.1529E-012
1782 7.8316E-012
1783 7.7264E-012
1785 7.5379E-012
1786 7.3675E-012
1787 7.4668E-012
1789 7.7828E-012
1790 8.4198E-012
1791 8.8671E-012
1793 9.1836E-012
1794 9.0526E-012
1795 8.8760E-012
1797 8.6108E-012
1798 8.6916E-012
1800 8.8546E-012
1801 8.9924E-012
1802 8.8362E-012
1804 8.4917E-012
1805 8.0318E-012
1806 7.4754E-012
1808 7.2904E-012
1809 7.4405E-012
1811 8.2447E-012
1812 8.2915E-012
1813 8.1415E-012
1815 7.8142E-012
1816 7.8547E-012
1817 7.9085E-012
1819 7.9261E-012
1820 7.8843E-012
1822 8.1521E-012
1823 8.1481E-012
1824 8.1878E-012
1826 8.0436E-012
1827 7.7377E-012
1828 7.6824E-012
1830 7.5143E-012
1831 7.3264E-012
1833 7.4254E-012
1834 7.9153E-012
1835 7.8334E-012
1837 7.6476E-012
1838 7.3901E-012
1839 6.9955E-012
1841 6.5848E-012
1842 6.5413E-012
1844 6.7458E-012
1845 6.7260E-012
1846 6.6171E-012
1848 6.6191E-012
1849 7.0366E-012
1850 6.8454E-012
1852 6.5164E-012
1853 6.6967E-012
1854 7.1084E-012
1856 7.3211E-012
1857 7.0713E-012
1859 6.9117E-012
1860 6.9972E-012
1861 7.2757E-012
1863 7.2476E-012
1864 7.1111E-012
1865 7.1546E-012
1867 7.3564E-012
1868 7.5923E-012
1870 7.6933E-012
1871 7.8273E-012
1872 7.7558E-012
1874 7.7053E-012
1875 7.4196E-012
1876 7.2213E-012
1878 7.5082E-012
1879 7.7074E-012
1881 7.6644E-012
1882 7.9202E-012
1883 8.1149E-012
1885 8.0745E-012
1886 8.1161E-012
1887 7.9116E-012
1889 7.8008E-012
1890 7.8866E-012
1892 7.8836E-012
1893 7.9868E-012
1894 8.0180E-012
1896 7.8893E-012
1897 7.4481E-012
1898 7.0815E-012
1900 6.9843E-012
1901 6.9654E-012
1903 7.3925E-012
1904 7.6206E-012
1905 7.5931E-012
1907 7.6787E-012
1908 7.3956E-012
1909 7.0941E-012
1911 7.1316E-012
1912 7.5617E-012
1914 7.7965E-012
1915 7.7353E-012
1916 7.9700E-012
1918 7.9138E-012
1919 8.0432E-012
1920 8.2437E-012
1922 8.1577E-012
1923 8.0798E-012
1924 8.0004E-012
1926 7.5196E-012
1927 7.4931E-012
1929 7.2754E-012
1930 6.3934E-012
1931 6.2391E-012
1933 6.8221E-012
1934 7.0245E-012
1935 7.1092E-012
1937 7.3027E-012
1938 7.7795E-012
1940 7.9367E-012
1941 8.1034E-012
1942 8.3581E-012
1944 8.3442E-012
1945 8.2471E-012
1946 8.2470E-012
1948 8.1040E-012
1949 7.9404E-012
1951 8.0233E-012
1952 8.0303E-012
1953 7.9441E-012
1955 8.0115E-012
1956 7.9946E-012
1957 8.0682E-012
1959 8.1387E-012
1960 8.0419E-012
1962 7.8825E-012
1963 7.7907E-012
1964 7.9316E-012
1966 8.1354E-012
1967 8.2168E-012
1968 8.0213E-012
1970 8.0474E-012
1971 8.2132E-012
1973 8.3181E-012
1974 8.1737E-012
1975 8.1489E-012
1977 8.1942E-012
1978 8.0786E-012
1979 7.9906E-012
1981 8.0910E-012
1982 8.1698E-012
1984 7.9213E-012
1985 7.8141E-012
1986 7.8245E-012
1988 7.8764E-012
1989 7.6947E-012
1990 7.5386E-012
1992 7.5665E-012
1993 7.3293E-012
1994 7.3228E-012
1996 7.5607E-012
1997 7.7788E-012
1999 7.5668E-012
2000 7.3356E-012
2001 7.4571E-012
2003 7.5023E-012
2004 7.3297E-012
2005 7.3146E-012
2007 7.3149E-012
2008 7.3466E-012
2010 7.5647E-012
2011 7.0266E-012
2012 6.8266E-012
2014 6.9793E-012
2015 7.0652E-012
2016 7.1274E-012
2018 7.2978E-012
2019 7.2532E-012
2021 7.1730E-012
2022 7.1136E-012
2023 7.2088E-012
2025 7.1815E-012
2026 7.0124E-012
2027 7.2274E-012
2029 7.6131E-012
2030 7.6308E-012
2032 7.4648E-012
2033 7.1197E-012
2034 7.0119E-012
2036 7.0169E-012
2037 7.1176E-012
2038 7.1005E-012
2040 7.0152E-012
2041 7.0363E-012
2043 7.3783E-012
2044 7.6151E-012
2045 7.8941E-012
2047 8.0266E-012
2048 7.9189E-012
2049 7.9520E-012
2051 7.9796E-012
2052 7.8957E-012
2054 7.5602E-012
2055 7.1319E-012
2056 6.9688E-012
2058 7.1343E-012
2059 7.1976E-012
2060 7.2850E-012
2062 7.0870E-012
2063 6.9624E-012
2065 7.1286E-012
2066 7.0312E-012
2067 6.9277E-012
2069 7.1678E-012
2070 7.3864E-012
2071 7.5096E-012
2073 7.5313E-012
2074 7.6195E-012
2076 7.8291E-012
2077 8.0385E-012
2078 7.9938E-012
2080 7.8674E-012
2081 7.8486E-012
2082 7.7720E-012
2084 7.6649E-012
2085 7.5768E-012
2087 7.7342E-012
2088 7.8349E-012
2089 7.7829E-012
2091 7.7211E-012
2092 7.6741E-012
2093 7.5150E-012
2095 7.3511E-012
2096 7.3760E-012
2097 7.2945E-012
2099 7.2771E-012
2100 7.2462E-012
2102 7.0937E-012
2103 7.0168E-012
2104 7.1285E-012
2106 7.5554E-012
2107 7.3450E-012
2108 6.7829E-012
2110 6.5229E-012
2111 6.4088E-012
2113 6.3801E-012
2114 6.5096E-012
2115 7.0856E-012
2117 7.5652E-012
2118 7.6544E-012
2119 7.6377E-012
2121 7.7479E-012
2122 7.4809E-012
2124 7.1556E-012
2125 6.9069E-012
2126 6.8313E-012
2128 6.7230E-012
2129 6.4648E-012
2130 6.0015E-012
2132 5.6213E-012
2133 5.2372E-012
2135 4.9044E-012
2136 5.2981E-012
2137 5.9927E-012
2139 6.1616E-012
2140 6.1462E-012
2141 6.5846E-012
2143 6.8311E-012
2144 6.9999E-012
2146 6.9482E-012
2147 6.7182E-012
2148 6.5988E-012
2150 6.6702E-012
2151 6.5823E-012
2152 6.7006E-012
2154 6.9084E-012
2155 6.9962E-012
2157 6.9059E-012
2158 6.6665E-012
2159 6.1933E-012
2161 6.3248E-012
2162 6.4671E-012
2163 6.5427E-012
2165 6.3821E-012
2166 6.1352E-012
2168 6.0188E-012
2169 5.9541E-012
2170 6.0060E-012
2172 6.1655E-012
2173 6.2319E-012
2174 5.8884E-012
2176 5.7899E-012
2177 6.0609E-012
2179 6.4536E-012
2180 6.7042E-012
2181 6.9592E-012
2183 7.0997E-012
2184 6.8226E-012
2185 6.6164E-012
2187 6.3304E-012
2188 6.1163E-012
2190 6.3640E-012
2191 6.5553E-012
2192 6.5801E-012
2194 6.8309E-012
2195 7.3136E-012
2196 7.4437E-012
2198 7.3630E-012
2199 7.3490E-012
2201 7.0166E-012
2202 6.9039E-012
2203 7.0790E-012
2205 7.0234E-012
2206 6.7212E-012
2207 6.4859E-012
2209 6.2945E-012
2210 5.9204E-012
2212 5.7159E-012
2213 5.9194E-012
2214 5.9516E-012
2216 5.9468E-012
2217 5.9706E-012
2218 6.0861E-012
2220 6.2362E-012
2221 6.2501E-012
2223 6.2832E-012
2224 6.1027E-012
2225 6.0438E-012
2227 6.0180E-012
2228 5.9714E-012
2229 6.2732E-012
2231 6.5563E-012
2232 6.6475E-012
2234 6.8372E-012
2235 6.9087E-012
2236 7.0186E-012
2238 6.9496E-012
2239 6.7931E-012
2240 6.6475E-012
2242 6.2559E-012
2243 5.8757E-012
2244 5.6760E-012
2246 5.8287E-012
2247 5.9622E-012
2249 5.7086E-012
2250 5.4686E-012
2251 5.6752E-012
2253 5.7825E-012
2254 5.4857E-012
2255 5.2964E-012
2257 5.3554E-012
2258 5.7432E-012
2260 5.9169E-012
2261 5.8867E-012
2262 6.0953E-012
2264 6.1031E-012
2265 5.8503E-012
2266 5.6706E-012
2268 5.6562E-012
2269 5.7860E-012
2271 6.1271E-012
2272 6.4102E-012
2273 6.4622E-012
2275 6.4455E-012
2276 6.2206E-012
2277 6.1198E-012
2279 6.2389E-012
2280 6.3213E-012
2282 6.7073E-012
2283 6.7402E-012
2284 6.5438E-012
2286 6.6798E-012
2287 6.5829E-012
2288 6.6894E-012
2290 6.8082E-012
2291 6.7021E-012
2293 6.4330E-012
2294 6.2233E-012
2295 6.2180E-012
2297 5.7634E-012
2298 5.2076E-012
2299 5.2770E-012
2301 5.5566E-012
2302 5.8183E-012
2304 5.8643E-012
2305 5.9464E-012
2306 6.1557E-012
2308 6.1889E-012
2309 6.2328E-012
2310 6.3271E-012
2312 5.7923E-012
2313 5.3319E-012
2315 5.4372E-012
2316 5.7667E-012
2317 5.8785E-012
2319 5.8033E-012
2320 5.7443E-012
2321 5.9230E-012
2323 6.1959E-012
2324 6.1154E-012
2326 5.6038E-012
2327 5.0985E-012
2328 5.3890E-012
2330 5.6774E-012
2331 5.5142E-012
2332 5.1535E-012
2334 4.9963E-012
2335 5.2062E-012
2337 5.3724E-012
2338 5.0375E-012
2339 4.9678E-012
2341 5.1206E-012
2342 5.0175E-012
2343 4.4870E-012
2345 3.8933E-012
2346 4.2125E-012
2348 4.5287E-012
2349 4.7915E-012
2350 5.3335E-012
2352 5.7403E-012
2353 5.8594E-012
2354 5.6473E-012
2356 5.4266E-012
2357 5.5984E-012
2359 5.4773E-012
2360 4.7943E-012
2361 4.7972E-012
2363 5.0925E-012
2364 5.1874E-012
2365 5.0288E-012
2367 5.0927E-012
2368 5.2955E-012
2370 5.4065E-012
2371 5.4853E-012
2372 5.5367E-012
2374 5.1873E-012
2375 5.0249E-012
2376 5.2557E-012
2378 5.3515E-012
2379 5.1392E-012
2381 4.4866E-012
2382 3.7308E-012
2383 3.4161E-012
2385 4.3028E-012
2386 5.0125E-012
2387 4.9279E-012
2389 4.7460E-012
2390 4.6260E-012
2392 5.2549E-012
2393 5.6653E-012
2394 5.3717E-012
2396 4.4337E-012
2397 4.4674E-012
2398 4.8390E-012
2400 4.8498E-012
2401 5.0023E-012
2402 5.2161E-012
2404 4.8872E-012
2405 4.2465E-012
2407 4.0362E-012
2408 4.3744E-012
2409 4.6597E-012
2411 4.3198E-012
2412 4.3385E-012
2413 4.7858E-012
2415 5.1072E-012
2416 5.2851E-012
2418 5.3038E-012
2419 5.7007E-012
2420 6.1793E-012
2422 6.4532E-012
2423 6.1051E-012
2424 5.4090E-012
2426 5.4670E-012
2427 5.6949E-012
2429 5.4230E-012
2430 5.2192E-012
2431 5.4844E-012
2433 5.4626E-012
2434 5.2428E-012
2435 5.0728E-012
2437 5.1083E-012
2438 5.2462E-012
2440 5.5653E-012
2441 5.9340E-012
2442 6.3024E-012
2444 6.0594E-012
2445 5.6747E-012
2446 5.3378E-012
2448 5.3545E-012
2449 5.5312E-012
2451 5.2900E-012
2452 5.4610E-012
2453 5.5163E-012
2455 5.4592E-012
2456 5.6664E-012
2457 5.7692E-012
2459 5.7381E-012
2460 5.5671E-012
2462 5.3950E-012
2463 5.1669E-012
2464 5.1537E-012
2466 5.1655E-012
2467 5.1865E-012
2468 5.3416E-012
2470 5.2699E-012
2471 5.2947E-012
2473 5.2728E-012
2474 5.3631E-012
2475 5.5495E-012
2477 5.4108E-012
2478 5.1959E-012
2479 5.1512E-012
2481 5.4444E-012
2482 5.4800E-012
2484 5.1985E-012
2485 5.2564E-012
2486 5.5792E-012
2488 5.7543E-012
2489 5.5110E-012
2490 4.9876E-012
2492 4.8871E-012
2493 5.1875E-012
2495 5.7061E-012
2496 6.2237E-012
2497 6.2546E-012
2499 6.0898E-012
2500 6.2874E-012
2501 6.2121E-012
2503 5.9961E-012
2504 5.9266E-012
2506 5.7495E-012
2507 5.4756E-012
2508 5.6557E-012
2510 5.9457E-012
2511 5.6457E-012
2512 5.4061E-012
2514 5.4555E-012
2515 5.4238E-012
2517 5.3784E-012
2518 5.2287E-012
2519 5.0949E-012
2521 4.9948E-012
2522 4.9523E-012
2523 4.8288E-012
2525 4.5970E-012
2526 4.2121E-012
2527 4.1814E-012
2529 4.1391E-012
2530 4.2698E-012
2532 4.9160E-012
2533 5.1535E-012
2534 4.8797E-012
2536 4.6806E-012
2537 4.5293E-012
2538 4.3257E-012
2540 4.4365E-012
2541 4.6404E-012
2543 4.6513E-012
2544 4.7997E-012
2545 4.7126E-012
2547 4.6537E-012
2548 4.4370E-012
2549 4.0014E-012
2551 4.3818E-012
2552 5.3170E-012
2554 5.9230E-012
2555 5.9640E-012
2556 5.7810E-012
2558 5.6581E-012
2559 5.6209E-012
2560 5.5286E-012
2562 5.3344E-012
2563 5.0836E-012
2565 5.3963E-012
2566 5.8053E-012
2567 5.8547E-012
2569 6.0306E-012
2570 6.1373E-012
2571 6.0338E-012
2573 5.9716E-012
2574 5.9512E-012
2576 5.7820E-012
2577 5.6492E-012
2578 5.7576E-012
2580 6.0472E-012
2581 6.1321E-012
2582 5.9294E-012
2584 5.7724E-012
2585 5.6055E-012
2587 5.3973E-012
2588 5.7285E-012
2589 6.0197E-012
2591 6.0121E-012
2592 5.8879E-012
2593 5.7848E-012
2595 5.7952E-012
2596 5.9437E-012
2598 5.5221E-012
2599 4.4950E-012
2600 4.5142E-012
2602 5.4544E-012
2603 6.1141E-012
2604 5.7757E-012
2606 5.0873E-012
2607 4.6313E-012
2609 4.8269E-012
2610 4.9884E-012
2611 4.7907E-012
2613 4.6663E-012
2614 4.8776E-012
2615 5.4646E-012
2617 5.8467E-012
2618 5.7468E-012
2620 5.6998E-012
2621 5.7375E-012
2622 5.9207E-012
2624 6.0771E-012
2625 5.9204E-012
2626 5.7976E-012
2628 5.5664E-012
2629 5.1511E-012
2630 4.9788E-012
2632 4.7475E-012
2633 5.4659E-012
2635 6.3355E-012
2636 6.6712E-012
2637 6.6564E-012
2639 6.7016E-012
2640 6.9215E-012
2641 7.1279E-012
2643 7.2758E-012
2644 7.4448E-012
2646 7.3677E-012
2647 7.3181E-012
2648 7.2677E-012
2650 7.2140E-012
2651 7.1315E-012
2652 7.1067E-012
2654 7.1393E-012
2655 7.2550E-012
2657 7.2747E-012
2658 7.1430E-012
2659 6.9050E-012
2661 6.7877E-012
2662 6.4637E-012
2663 6.1881E-012
2665 6.0582E-012
2666 6.0409E-012
2668 6.1153E-012
2669 6.2302E-012
2670 6.3069E-012
2672 6.3066E-012
2673 6.3312E-012
2674 6.5838E-012
2676 6.7240E-012
2677 6.7470E-012
2679 6.4800E-012
2680 6.3537E-012
2681 6.4844E-012
2683 6.6022E-012
2684 6.6451E-012
2685 6.5196E-012
2687 6.3939E-012
2688 6.2612E-012
2690 6.1635E-012
2691 6.1070E-012
2692 6.0636E-012
2694 6.0762E-012
2695 6.2565E-012
2696 6.3473E-012
2698 6.1505E-012
2699 5.9920E-012
2701 6.2142E-012
2702 6.3425E-012
2703 6.4719E-012
2705 6.5146E-012
2706 6.4044E-012
2707 6.1796E-012
2709 6.0502E-012
2710 5.9134E-012
2711 5.9396E-012
2713 6.0934E-012
2714 6.3121E-012
2716 6.2787E-012
2717 6.1737E-012
2718 5.9617E-012
2720 5.9107E-012
2721 6.0799E-012
2722 6.2395E-012
2724 6.1793E-012
2725 6.1395E-012
2727 6.1039E-012
2728 6.1082E-012
2729 6.3417E-012
2731 6.6545E-012
2732 6.6668E-012
2733 6.6661E-012
2735 6.6137E-012
2736 6.4150E-012
2738 6.1222E-012
2739 5.8988E-012
2740 5.6942E-012
2742 5.5975E-012
2743 5.4243E-012
2744 5.3087E-012
2746 5.3038E-012
2747 5.1355E-012
2749 5.0035E-012
2750 4.9135E-012
2751 4.9954E-012
2753 5.3953E-012
2754 5.5456E-012
2755 5.3330E-012
2757 5.2377E-012
2758 5.5238E-012
2760 5.8804E-012
2761 5.8675E-012
2762 5.7474E-012
2764 5.7326E-012
2765 5.9465E-012
2766 6.0000E-012
2768 5.8980E-012
2769 5.9073E-012
2771 6.0099E-012
2772 6.3477E-012
2773 6.5845E-012
2775 6.5340E-012
2776 6.3958E-012
2777 6.1285E-012
2779 5.8993E-012
2780 5.7230E-012
2781 5.8040E-012
2783 5.8831E-012
2784 5.8910E-012
2786 6.0416E-012
2787 6.2125E-012
2788 6.1379E-012
2790 5.8409E-012
2791 5.2936E-012
2792 4.6544E-012
2794 3.7828E-012
2795 2.8334E-012
2797 2.2514E-012
2798 2.7563E-012
2799 3.3632E-012
2801 3.6629E-012
2802 3.2510E-012
2803 2.7886E-012
2805 3.4645E-012
2806 4.6817E-012
2808 5.5951E-012
2809 6.1549E-012
2810 6.2901E-012
2812 6.2881E-012
2813 6.2750E-012
2814 6.5807E-012
2816 6.7860E-012
2817 6.7354E-012
2819 6.7608E-012
2820 7.0287E-012
2821 7.1491E-012
2823 7.0977E-012
2824 7.0480E-012
2825 7.0037E-012
2827 6.8055E-012
2828 6.7325E-012
2829 6.7399E-012
2831 6.6836E-012
2832 6.5410E-012
2834 6.6148E-012
2835 6.6499E-012
2836 6.4319E-012
2838 6.4814E-012
2839 6.3387E-012
2840 6.1170E-012
2842 6.0057E-012
2843 6.0994E-012
2845 6.2401E-012
2846 6.3815E-012
2847 6.2774E-012
2849 6.1142E-012
2850 5.9211E-012
2851 5.6660E-012
2853 5.4929E-012
2854 5.9222E-012
2856 6.1446E-012
2857 5.8669E-012
2858 5.8362E-012
2860 6.3079E-012
2861 6.6921E-012
2862 6.6264E-012
2864 6.6106E-012
2865 6.4628E-012
2867 6.2309E-012
2868 6.2042E-012
2869 6.0637E-012
2871 6.1180E-012
2872 6.3473E-012
2873 6.3958E-012
2875 6.2734E-012
2876 6.1307E-012
2877 6.1352E-012
2879 6.2422E-012
2880 6.2502E-012
2882 6.3049E-012
2883 6.5503E-012
2884 6.7410E-012
2886 6.8437E-012
2887 6.7058E-012
2888 6.4350E-012
2890 6.1644E-012
2891 6.1553E-012
2893 6.0917E-012
2894 6.0520E-012
2895 6.1586E-012
2897 6.2143E-012
2898 6.3764E-012
2899 6.6273E-012
2901 7.0116E-012
2902 7.1904E-012
2904 7.2676E-012
2905 7.3111E-012
2906 7.2017E-012
2908 7.0425E-012
2909 6.8590E-012
2910 6.8094E-012
2912 6.9079E-012
2913 7.1728E-012
2915 7.3166E-012
2916 7.1686E-012
2917 7.1243E-012
2919 7.1602E-012
2920 7.1964E-012
2921 7.0112E-012
2923 6.8129E-012
2924 6.5983E-012
2925 6.5442E-012
2927 6.4817E-012
2928 6.4172E-012
2930 6.4171E-012
2931 6.7859E-012
2932 6.8193E-012
2934 6.7703E-012
2935 6.6926E-012
2936 6.5635E-012
2938 6.6157E-012
2939 6.7106E-012
2941 6.7322E-012
2942 6.8533E-012
2943 6.9199E-012
2945 6.8370E-012
2946 6.8857E-012
2947 6.6865E-012
2949 6.5328E-012
2950 6.5799E-012
2952 6.7684E-012
2953 6.7959E-012
2954 6.7173E-012
2956 7.0022E-012
2957 7.2094E-012
2958 7.2118E-012
2960 7.1345E-012
2961 7.0854E-012
2962 7.2030E-012
2964 7.0608E-012
2965 6.7799E-012
2967 6.7995E-012
2968 6.8780E-012
2969 6.7211E-012
2971 6.5955E-012
2972 6.7033E-012
2973 6.9770E-012
2975 7.1863E-012
2976 7.1709E-012
2978 7.1465E-012
2979 7.0561E-012
2980 6.8907E-012
2982 6.8488E-012
2983 6.7960E-012
2984 6.6224E-012
2986 6.4661E-012
2987 6.6349E-012
2989 6.9258E-012
2990 7.1830E-012
2991 7.4467E-012
2993 7.4707E-012
2994 7.3500E-012
2995 7.3703E-012
2997 7.5257E-012
2998 7.4167E-012
2999 7.1997E-012
3001 6.9030E-012
3002 6.7176E-012
3004 6.7261E-012
3005 7.0297E-012
3006 7.3542E-012
3008 7.3484E-012
3009 7.3429E-012
3010 7.4116E-012
3012 7.4687E-012
3013 7.4952E-012
3015 7.3718E-012
3016 7.2415E-012
3017 7.0976E-012
3019 7.0702E-012
3020 6.9733E-012
3021 6.9659E-012
3023 7.1246E-012
3024 7.3739E-012
3025 7.2736E-012
3027 7.2592E-012
3028 7.2795E-012
3030 7.2793E-012
3031 7.1755E-012
3032 7.1513E-012
3034 7.1461E-012
3035 7.2360E-012
3036 7.2167E-012
3038 7.1219E-012
3039 7.1746E-012
3041 7.1631E-012
3042 7.1341E-012
3043 7.1548E-012
3045 7.2283E-012
3046 7.2240E-012
3047 7.1552E-012
3049 7.0777E-012
3050 7.1298E-012
3052 7.2579E-012
3053 7.3730E-012
3054 7.3153E-012
3056 7.1797E-012
3057 6.8951E-012
3058 6.7587E-012
3060 6.8350E-012
3068 7.1009E-012
3070 7.1052E-012
3073 7.0483E-012
3076 7.0402E-012
3079 7.1293E-012
3081 7.2964E-012
3084 7.3532E-012
3087 7.2826E-012
3090 7.0821E-012
3092 6.9217E-012
3095 6.8369E-012
3098 6.8699E-012
3101 6.8029E-012
3103 6.8279E-012
3106 6.9931E-012
3109 7.2244E-012
3112 7.2259E-012
3114 7.1001E-012
3117 6.8853E-012
3120 6.7519E-012
3123 6.8710E-012
3125 6.9165E-012
3128 6.9809E-012
3131 6.8519E-012
3134 6.9027E-012
3136 7.0818E-012
3139 7.3118E-012
3142 7.2459E-012
3145 7.0908E-012
3147 7.1179E-012
3150 7.1785E-012
3153 7.1834E-012
3156 7.0541E-012
3158 6.8232E-012
3161 6.7279E-012
3164 6.8781E-012
3167 7.0537E-012
3169 7.1827E-012
3172 7.3240E-012
3175 7.3369E-012
3178 6.9319E-012
3180 6.6017E-012
3183 6.7503E-012
3186 6.9369E-012
3189 6.9467E-012
3191 6.8325E-012
3194 6.7587E-012
3197 6.9151E-012
3200 7.1350E-012
3202 7.2169E-012
3205 7.2678E-012
3208 7.0921E-012
3211 6.8099E-012
3213 6.6785E-012
3216 6.7245E-012
3219 6.8859E-012
3222 7.0465E-012
3224 6.8951E-012
3227 6.7195E-012
3230 6.5546E-012
3233 6.5671E-012
3235 6.5568E-012
3238 6.6219E-012
3241 6.7955E-012
3244 7.0101E-012
3246 7.0231E-012
3249 6.8819E-012
3252 6.8861E-012
3254 6.9555E-012
3257 7.0732E-012
3260 7.1618E-012
3263 7.1413E-012
3265 7.1533E-012
3268 7.1139E-012
3271 7.0242E-012
3274 6.9754E-012
3276 6.8044E-012
3279 6.7853E-012
3282 6.9590E-012
3285 7.0842E-012
3287 7.0919E-012
3290 7.1258E-012
3293 7.2852E-012
3296 7.3054E-012
3298 7.3571E-012
3301 7.3023E-012
3304 7.2147E-012
3307 7.1130E-012
3309 7.1760E-012
3312 7.1811E-012
3315 7.1412E-012
3318 7.1737E-012
3320 7.1165E-012
3323 6.9302E-012
3326 6.9659E-012
3329 7.0262E-012
3331 7.0615E-012
3334 6.9978E-012
3337 6.8806E-012
3340 6.8257E-012
3342 6.8632E-012
3345 6.9715E-012
3348 6.8038E-012
3351 6.8195E-012
3353 7.0544E-012
3356 7.0714E-012
3359 6.8721E-012
3362 6.8346E-012
3364 6.9949E-012
3367 6.8965E-012
3370 6.7779E-012
3373 6.8198E-012
3375 6.9793E-012
3378 6.8775E-012
3381 6.7305E-012
3384 6.8951E-012
3386 7.0490E-012
3389 7.0015E-012
3392 6.8623E-012
3395 6.8615E-012
3397 7.1331E-012
3400 7.1916E-012
3403 7.0352E-012
3406 6.9672E-012
3408 6.9099E-012
3411 7.0422E-012
3414 7.0444E-012
3417 7.0665E-012
3419 7.0930E-012
3422 6.9920E-012
3425 7.0149E-012
3428 7.1311E-012
3430 7.2078E-012
3433 7.1267E-012
3436 7.0719E-012
3439 6.9782E-012
3441 6.7715E-012
3444 6.7518E-012
3447 6.9735E-012
3450 7.1326E-012
3452 7.0949E-012
3455 6.9592E-012
3458 6.8995E-012
3461 6.8202E-012
3463 6.8819E-012
3466 7.0007E-012
3469 7.0338E-012
3472 7.0009E-012
3474 6.7590E-012
3477 6.7536E-012
3480 6.8815E-012
3483 6.9131E-012
3485 6.9344E-012
3488 6.8976E-012
3491 6.7664E-012
3494 6.7143E-012
3496 6.6739E-012
3499 6.8197E-012
3502 6.9733E-012
3505 6.9595E-012
3507 6.9001E-012
3510 6.8524E-012
3513 6.8068E-012
3516 6.8981E-012
3518 6.9967E-012
3521 6.9885E-012
3524 6.9379E-012
3527 6.9010E-012
3529 6.9538E-012
3532 7.0028E-012
3535 6.9664E-012
3538 7.0351E-012
3540 7.0786E-012
3543 7.0819E-012
3546 7.1216E-012
3549 7.1182E-012
3551 7.1239E-012
3554 7.0458E-012
3557 6.9771E-012
3560 6.9866E-012
3562 6.9815E-012
3565 6.8928E-012
3568 6.7983E-012
3571 6.6979E-012
3573 6.6809E-012
3576 6.7492E-012
3579 6.7572E-012
3582 6.7459E-012
3584 6.6406E-012
3587 6.5330E-012
3590 6.6346E-012
3592 6.8124E-012
3595 6.8818E-012
3598 6.9405E-012
3601 6.9229E-012
3603 6.8052E-012
3606 6.7480E-012
3609 6.7246E-012
3612 6.7256E-012
3614 6.7225E-012
3617 6.7758E-012
3620 6.7473E-012
3623 6.7860E-012
3625 6.8953E-012
3628 6.9126E-012
3631 6.7491E-012
3634 6.7555E-012
3636 6.8981E-012
3639 6.9209E-012
3642 6.8594E-012
3645 6.7699E-012
3647 6.7760E-012
3650 6.8089E-012
3653 6.9223E-012
3656 6.9844E-012
3658 7.0105E-012
3661 6.9680E-012
3664 6.9912E-012
3667 6.9835E-012
3669 7.0153E-012
3672 7.0520E-012
3675 7.0084E-012
3678 6.8654E-012
3680 6.8098E-012
3683 6.8072E-012
3686 6.7398E-012
3689 6.8099E-012
3691 6.9573E-012
3694 7.0332E-012
3697 7.0446E-012
3700 7.0398E-012
3702 7.0586E-012
3705 6.8127E-012
3708 6.9771E-012
3711 6.9117E-012
3713 6.9068E-012
3716 7.5480E-012
3719 7.6607E-012
3722 6.9983E-012
3724 7.1670E-012
3727 8.0308E-012
3730 8.3176E-012
3733 7.4574E-012
3735 6.6856E-012
3738 7.5004E-012
3741 8.7947E-012
3744 9.1371E-012
3746 8.2637E-012
3749 6.9976E-012
3752 6.8968E-012
3755 8.2706E-012
3757 9.5500E-012
3760 1.0042E-011
3763 1.0075E-011
3766 9.3841E-012
3768 8.0028E-012
3771 6.9984E-012
3774 7.7559E-012
3777 9.6186E-012
3779 1.1403E-011
3782 1.2502E-011
3785 1.2792E-011
3788 1.2347E-011
3790 1.1486E-011
3793 1.0049E-011
3796 8.1667E-012
3799 7.1045E-012
3801 8.0423E-012
3804 9.9613E-012
3807 1.1653E-011
3810 1.2991E-011
3812 1.3805E-011
3815 1.4070E-011
3818 1.4358E-011
3821 1.4227E-011
3823 1.3490E-011
3826 1.2202E-011
3829 1.0756E-011
3832 9.0895E-012
3834 7.3397E-012
3837 6.9126E-012
3840 8.2304E-012
3843 1.0244E-011
3845 1.2061E-011
3848 1.3542E-011
3851 1.4708E-011
3854 1.5519E-011
3856 1.5921E-011
3859 1.6206E-011
3862 1.6593E-011
3865 1.6828E-011
3867 1.6782E-011
3870 1.6525E-011
3873 1.5793E-011
3876 1.4858E-011
3878 1.3614E-011
3881 1.2232E-011
3884 1.0591E-011
3887 8.5270E-012
3889 7.0987E-012
3892 7.6180E-012
3895 9.3236E-012
3898 1.1049E-011
3900 1.2365E-011
3903 1.3594E-011
3906 1.4687E-011
3909 1.5951E-011
3911 1.6819E-011
3914 1.7121E-011
3917 1.7381E-011
3920 1.7660E-011
3922 1.7899E-011
3925 1.7938E-011
3928 1.7286E-011
3931 1.5418E-011
3933 1.2684E-011
3936 1.2822E-011
3939 1.5495E-011
3942 1.6941E-011
3944 1.6998E-011
3947 1.6716E-011
3950 1.6249E-011
3953 1.5645E-011
3955 1.4887E-011
3958 1.3840E-011
3961 1.2605E-011
3964 1.0931E-011
3966 8.7714E-012
3969 6.7735E-012
3972 6.5858E-012
3975 8.2135E-012
3977 1.0217E-011
3980 1.1883E-011
3983 1.3247E-011
3986 1.4357E-011
3988 1.5384E-011
3991 1.6266E-011
3994 1.7013E-011
3997 1.7382E-011
3999 1.7690E-011
4002 1.7992E-011
4005 1.8085E-011
4008 1.8206E-011
4010 1.8612E-011
4013 1.8692E-011
4016 1.8913E-011
4019 1.9139E-011
4021 1.9070E-011
4024 1.9045E-011
4027 1.8907E-011
4030 1.8696E-011
4032 1.8467E-011
4035 1.8684E-011
4038 1.9049E-011
4041 1.9165E-011
4043 1.8889E-011
4046 1.8538E-011
4049 1.8710E-011
4052 1.8657E-011
4054 1.8468E-011
4057 1.8280E-011
4060 1.8177E-011
4063 1.8007E-011
4065 1.7705E-011
4068 1.7522E-011
4071 1.7351E-011
4074 1.6895E-011
4076 1.6463E-011
4079 1.6034E-011
4082 1.5673E-011
4085 1.5198E-011
4087 1.4439E-011
4090 1.3466E-011
4093 1.2311E-011
4096 1.0824E-011
4098 9.0712E-012
4101 7.4244E-012
4104 7.1552E-012
4107 8.4224E-012
4109 1.0034E-011
4112 1.1596E-011
4115 1.2872E-011
4118 1.3897E-011
4120 1.4552E-011
4123 1.5227E-011
4126 1.5724E-011
4129 1.6041E-011
4131 1.6178E-011
4134 1.6634E-011
4137 1.7143E-011
4139 1.7627E-011
4142 1.7627E-011
4145 1.7614E-011
4148 1.7757E-011
4150 1.7930E-011
4153 1.7862E-011
4156 1.7695E-011
4159 1.7693E-011
4161 1.7814E-011
4164 1.7897E-011
4167 1.7836E-011
4170 1.7705E-011
4172 1.7319E-011
4175 1.7172E-011
4178 1.7154E-011
4181 1.7318E-011
4183 1.7534E-011
4186 1.7466E-011
4189 1.7628E-011
4192 1.7876E-011
4194 1.7917E-011
4197 1.7601E-011
4200 1.7358E-011
4203 1.7433E-011
4205 1.7668E-011
4208 1.7828E-011
4211 1.7816E-011
4214 1.7668E-011
4216 1.7551E-011
4219 1.7495E-011
4222 1.7399E-011
4225 1.7141E-011
4227 1.6962E-011
4230 1.7110E-011
4233 1.7166E-011
4236 1.7091E-011
4238 1.7216E-011
4241 1.7305E-011
4244 1.7268E-011
4247 1.7011E-011
4249 1.6850E-011
4252 1.6919E-011
4255 1.7033E-011
4258 1.7085E-011
4260 1.6985E-011
4263 1.7070E-011
4266 1.7169E-011
4269 1.7027E-011
4271 1.6649E-011
4274 1.6490E-011
4277 1.6689E-011
4280 1.6833E-011
4282 1.6734E-011
4285 1.6444E-011
4288 1.6198E-011
4291 1.5880E-011
4293 1.5848E-011
4296 1.5782E-011
4299 1.5450E-011
4302 1.5043E-011
4304 1.4975E-011
4307 1.4991E-011
4310 1.4876E-011
4313 1.4637E-011
4315 1.4204E-011
4318 1.4066E-011
4321 1.3685E-011
4324 1.3118E-011
4326 1.2339E-011
4329 1.1632E-011
4332 1.0798E-011
4335 9.6456E-012
4337 8.1293E-012
4340 6.8044E-012
4343 6.6687E-012
4346 7.7883E-012
4348 9.1675E-012
4351 1.0325E-011
4354 1.1303E-011
4357 1.2214E-011
4359 1.3053E-011
4362 1.3642E-011
4365 1.4149E-011
4368 1.4412E-011
4370 1.4523E-011
4373 1.4757E-011
4376 1.4918E-011
4379 1.5200E-011
4381 1.5338E-011
4384 1.5117E-011
4387 1.4976E-011
4390 1.5263E-011
4392 1.5387E-011
4395 1.5377E-011
4398 1.5395E-011
4401 1.5327E-011
4403 1.5325E-011
4406 1.5582E-011
4409 1.5800E-011
4412 1.5788E-011
4414 1.5548E-011
4417 1.5275E-011
4420 1.5420E-011
4423 1.5580E-011
4425 1.5701E-011
4428 1.5811E-011
4431 1.5718E-011
4434 1.5693E-011
4436 1.5659E-011
4439 1.5727E-011
4442 1.5615E-011
4445 1.5371E-011
4447 1.5487E-011
4450 1.5538E-011
4453 1.5469E-011
4456 1.5335E-011
4458 1.5413E-011
4461 1.5445E-011
4464 1.5350E-011
4467 1.5263E-011
4469 1.5099E-011
4472 1.5196E-011
4475 1.5302E-011
4477 1.5242E-011
4480 1.4807E-011
4483 1.4503E-011
4486 1.4944E-011
4488 1.5218E-011
4491 1.5089E-011
4494 1.5159E-011
4497 1.5322E-011
4499 1.5374E-011
4502 1.5294E-011
4505 1.5410E-011
4508 1.5359E-011
4510 1.5363E-011
4513 1.5361E-011
4516 1.5300E-011
4519 1.5154E-011
4521 1.4978E-011
4524 1.4918E-011
4527 1.4876E-011
4530 1.4794E-011
4532 1.4740E-011
4535 1.4679E-011
4538 1.4924E-011
4541 1.4980E-011
4543 1.4967E-011
4546 1.4889E-011
4549 1.4541E-011
4552 1.4361E-011
4554 1.4353E-011
4557 1.4352E-011
4560 1.4494E-011
4563 1.4655E-011
4565 1.4703E-011
4568 1.4837E-011
4571 1.4791E-011
4574 1.4625E-011
4576 1.4702E-011
4579 1.4640E-011
4582 1.4436E-011
4585 1.4237E-011
4587 1.4275E-011
4590 1.4340E-011
4593 1.4396E-011
4596 1.4523E-011
4598 1.4612E-011
4601 1.4647E-011
4604 1.4645E-011
4607 1.4667E-011
4609 1.4647E-011
4612 1.4632E-011
4615 1.4546E-011
4618 1.4406E-011
4620 1.4316E-011
4623 1.4356E-011
4626 1.4531E-011
4629 1.4416E-011
4631 1.4307E-011
4634 1.4255E-011
4637 1.4232E-011
4640 1.4308E-011
4642 1.4378E-011
4645 1.4324E-011
4648 1.4216E-011
4651 1.4216E-011
4653 1.4233E-011
4656 1.4160E-011
4659 1.4192E-011
4662 1.4146E-011
4664 1.4107E-011
4667 1.3953E-011
4670 1.3890E-011
4673 1.3950E-011
4675 1.4093E-011
4678 1.4092E-011
4681 1.4035E-011
4683 1.4098E-011
4686 1.4023E-011
4689 1.4040E-011
4692 1.4053E-011
4694 1.4014E-011
4697 1.3940E-011
4700 1.3892E-011
4703 1.3727E-011
4705 1.3655E-011
4708 1.3729E-011
4711 1.3735E-011
4714 1.3746E-011
4716 1.3784E-011
4719 1.3762E-011
4722 1.3756E-011
4725 1.3725E-011
4727 1.3668E-011
4730 1.3560E-011
4733 1.3521E-011
4736 1.3591E-011
4738 1.3587E-011
4741 1.3526E-011
4744 1.3542E-011
4747 1.3576E-011
4749 1.3556E-011
4752 1.3484E-011
4755 1.3507E-011
4758 1.3415E-011
4760 1.3349E-011
4763 1.3180E-011
4766 1.3217E-011
4769 1.3192E-011
4771 1.3226E-011
4774 1.3164E-011
4777 1.3205E-011
4780 1.3138E-011
4782 1.3097E-011
4785 1.3058E-011
4788 1.3030E-011
4791 1.2970E-011
4793 1.2977E-011
4796 1.2912E-011
4799 1.2941E-011
4802 1.2831E-011
4804 1.2701E-011
4807 1.2637E-011
4810 1.2618E-011
4813 1.2573E-011
4815 1.2572E-011
4818 1.2516E-011
4821 1.2389E-011
4824 1.2160E-011
4826 1.2044E-011
4829 1.1942E-011
4832 1.1797E-011
4834 1.1593E-011
4837 1.1305E-011
4840 1.1057E-011
4843 1.0705E-011
4845 1.0258E-011
4848 9.7105E-012
4851 9.1377E-012
4854 8.3950E-012
4856 7.4701E-012
4859 6.4030E-012
4862 5.7311E-012
4865 5.9812E-012
4867 6.8826E-012
4870 7.8008E-012
4873 8.5082E-012
4876 9.0909E-012
4878 9.6530E-012
4881 1.0114E-011
4884 1.0451E-011
4887 1.0649E-011
4889 1.0918E-011
4892 1.1088E-011
4895 1.1364E-011
4898 1.1535E-011
4900 1.1600E-011
4903 1.1726E-011
4906 1.1826E-011
4909 1.1864E-011
4911 1.1826E-011
4914 1.1894E-011
4917 1.1893E-011
4920 1.1666E-011
4922 1.1656E-011
4925 1.1715E-011
4928 1.1874E-011
4931 1.1990E-011
4933 1.1943E-011
4936 1.1944E-011
4939 1.1982E-011
4942 1.2079E-011
4944 1.2104E-011
4947 1.2146E-011
4950 1.2149E-011
4952 1.2081E-011
4955 1.1933E-011
4958 1.1930E-011
4961 1.1955E-011
4963 1.2027E-011
4966 1.2014E-011
4969 1.1985E-011
4972 1.2010E-011
4974 1.2014E-011
4977 1.1993E-011
4980 1.1940E-011
4983 1.1775E-011
4985 1.1760E-011
4988 1.1789E-011
4991 1.1846E-011
4994 1.1867E-011
4996 1.1912E-011
4999 1.1777E-011
5002 1.1685E-011
5005 1.1598E-011
5007 1.1580E-011
5010 1.1617E-011
5013 1.1541E-011
5016 1.1446E-011
5018 1.1358E-011
5021 1.1349E-011
5024 1.1508E-011
5027 1.1546E-011
5029 1.1681E-011
5032 1.1574E-011
5035 1.1601E-011
5038 1.1563E-011
5040 1.1426E-011
5043 1.1428E-011
5046 1.1539E-011
5049 1.1580E-011
5051 1.1470E-011
5054 1.1428E-011
5057 1.1437E-011
5059 1.1519E-011
5062 1.1512E-011
5065 1.1472E-011
5068 1.1531E-011
5070 1.1435E-011
5073 1.1400E-011
5076 1.1389E-011
5079 1.1360E-011
5081 1.1322E-011
5084 1.1345E-011
5087 1.1373E-011
5090 1.1367E-011
5092 1.1410E-011
5095 1.1335E-011
5098 1.1264E-011
5101 1.1230E-011
5103 1.1253E-011
5106 1.1292E-011
5109 1.1293E-011
5112 1.1284E-011
5114 1.1310E-011
5117 1.1283E-011
5120 1.1271E-011
5123 1.1202E-011
5125 1.1158E-011
5128 1.1056E-011
5131 1.1063E-011
5134 1.1028E-011
5136 1.0989E-011
5139 1.0920E-011
5142 1.0880E-011
5144 1.0941E-011
5147 1.0988E-011
5150 1.0989E-011
5153 1.0967E-011
5155 1.0926E-011
5158 1.0942E-011
5161 1.0898E-011
5164 1.0752E-011
5166 1.0510E-011
5169 1.0245E-011
5172 1.0266E-011
5175 1.0458E-011
5177 1.0706E-011
5180 1.0731E-011
5183 1.0590E-011
5186 1.0466E-011
5188 1.0471E-011
5191 1.0500E-011
5194 1.0493E-011
5197 1.0470E-011
5199 1.0543E-011
5202 1.0592E-011
5205 1.0557E-011
5208 1.0519E-011
5210 1.0560E-011
5213 1.0619E-011
5216 1.0610E-011
5219 1.0613E-011
5221 1.0635E-011
5224 1.0576E-011
5227 1.0385E-011
5229 1.0288E-011
5232 1.0267E-011
5235 1.0262E-011
5238 1.0334E-011
5240 1.0451E-011
5243 1.0495E-011
5246 1.0528E-011
5249 1.0503E-011
5251 1.0474E-011
5254 1.0479E-011
5257 1.0469E-011
5260 1.0418E-011
5262 1.0243E-011
5265 1.0068E-011
5268 9.9902E-012
5271 9.9551E-012
5273 1.0010E-011
5276 1.0032E-011
5279 1.0106E-011
5282 1.0194E-011
5284 1.0215E-011
5287 1.0255E-011
5290 1.0351E-011
5293 1.0369E-011
5295 1.0319E-011
5298 1.0337E-011
5301 1.0265E-011
5303 1.0221E-011
5306 1.0194E-011
5309 1.0197E-011
5312 1.0165E-011
5314 1.0053E-011
5317 9.9657E-012
5320 1.0017E-011
5323 1.0022E-011
5325 9.9269E-012
5328 9.8550E-012
5331 9.9209E-012
5334 9.9908E-012
5336 9.9507E-012
5339 9.8968E-012
5342 9.9181E-012
5345 1.0003E-011
5347 1.0032E-011
5350 1.0055E-011
5353 1.0100E-011
5356 1.0056E-011
5358 1.0072E-011
5361 9.9859E-012
5364 9.8856E-012
5366 9.8102E-012
5369 9.7757E-012
5372 9.7598E-012
5375 9.8443E-012
5377 9.8888E-012
5380 9.8498E-012
5383 9.7772E-012
5386 9.7818E-012
5388 9.8300E-012
5391 9.8278E-012
5394 9.7850E-012
5397 9.7217E-012
5399 9.6714E-012
5402 9.6029E-012
5405 9.5525E-012
5408 9.5931E-012
5410 9.6108E-012
5413 9.5860E-012
5416 9.6205E-012
5419 9.6702E-012
5421 9.6339E-012
5424 9.5895E-012
5427 9.5583E-012
5429 9.5734E-012
5432 9.5759E-012
5435 9.5864E-012
5438 9.6208E-012
5440 9.6469E-012
5443 9.6085E-012
5446 9.5552E-012
5449 9.5518E-012
5454 9.4178E-012
5459 9.4290E-012
5464 9.4916E-012
5468 9.4491E-012
5473 9.4069E-012
5478 9.3908E-012
5483 9.3756E-012
5488 9.3738E-012
5493 9.3599E-012
5498 9.3565E-012
5502 9.3071E-012
5507 9.2688E-012
5512 9.2604E-012
5517 9.2712E-012
5522 9.2791E-012
5527 9.1854E-012
5532 9.1060E-012
5537 9.1240E-012
5541 9.1203E-012
5546 9.1697E-012
5551 9.1747E-012
5556 9.0901E-012
5561 9.1248E-012
5566 9.0359E-012
5571 8.9871E-012
5576 8.9890E-012
5580 8.9886E-012
5585 8.8917E-012
5590 8.8165E-012
5595 8.8216E-012
5600 8.8569E-012
5605 8.8597E-012
5610 8.8939E-012
5615 8.8392E-012
5619 8.7811E-012
5624 8.8233E-012
5629 8.8444E-012
5634 8.7763E-012
5639 8.6559E-012
5644 8.7125E-012
5649 8.7216E-012
5654 8.6762E-012
5658 8.6115E-012
5663 8.5952E-012
5668 8.6248E-012
5673 8.5929E-012
5678 8.6115E-012
5683 8.5966E-012
5688 8.5768E-012
5693 8.5847E-012
5697 8.5267E-012
5702 8.5258E-012
5707 8.4600E-012
5712 8.4329E-012
5717 8.5099E-012
5722 8.4775E-012
5727 8.4644E-012
5732 8.4526E-012
5736 8.4340E-012
5741 8.4488E-012
5746 8.3959E-012
5751 8.3687E-012
5756 8.3602E-012
5761 8.3070E-012
5766 8.3114E-012
5771 8.2715E-012
5775 8.2967E-012
5780 8.2871E-012
5785 8.2277E-012
5790 8.1762E-012
5795 8.1912E-012
5800 8.1698E-012
5805 8.1635E-012
5810 8.1211E-012
5814 8.1398E-012
5819 8.1138E-012
5824 8.0755E-012
5829 8.0917E-012
5834 8.0568E-012
5839 8.0537E-012
5844 8.0171E-012
5849 8.0054E-012
5853 7.9518E-012
5858 7.9420E-012
5863 7.8987E-012
5868 7.9223E-012
5873 7.9460E-012
5878 7.9131E-012
5883 7.8583E-012
5888 7.7376E-012
5892 7.5487E-012
5897 7.5984E-012
5902 7.6954E-012
5907 7.7813E-012
5912 7.7983E-012
5917 7.7650E-012
5922 7.7936E-012
5927 7.7116E-012
5931 7.7114E-012
5936 7.7249E-012
5941 7.7143E-012
5946 7.6216E-012
5951 7.6438E-012
5956 7.6537E-012
5961 7.6146E-012
5966 7.6374E-012
5970 7.6063E-012
5975 7.5812E-012
5980 7.5509E-012
5985 7.5108E-012
5990 7.5338E-012
5995 7.4423E-012
6000 7.4943E-012
6005 7.4557E-012
6009 7.4095E-012
6014 7.4059E-012
6019 7.3760E-012
6024 7.3648E-012
6029 7.4050E-012
6034 7.3849E-012
6039 7.3505E-012
6044 7.4140E-012
6048 7.2879E-012
6053 7.3132E-012
6058 7.2914E-012
6063 7.2717E-012
6068 7.2648E-012
6073 7.2385E-012
6078 7.2296E-012
6083 7.2452E-012
6087 7.1837E-012
6092 7.1528E-012
6097 7.1438E-012
6102 7.1447E-012
6107 7.1247E-012
6112 7.1058E-012
6117 7.0926E-012
6122 7.0577E-012
6126 7.0033E-012
6131 7.0226E-012
6136 7.0271E-012
6141 6.9846E-012
6146 6.9569E-012
6151 6.9108E-012
6156 6.8718E-012
6161 6.8548E-012
6165 6.8974E-012
6170 6.8979E-012
6175 6.9270E-012
6180 6.9344E-012
6185 6.8911E-012
6190 6.8959E-012
6195 6.8791E-012
6200 6.9035E-012
6205 6.8768E-012
6209 6.8383E-012
6214 6.8442E-012
6219 6.8080E-012
6224 6.7805E-012
6229 6.7793E-012
6234 6.7566E-012
6239 6.7286E-012
6244 6.6487E-012
6248 6.6222E-012
6253 6.6435E-012
6258 6.6948E-012
6263 6.6689E-012
6268 6.6417E-012
6273 6.6720E-012
6278 6.6466E-012
6283 6.6153E-012
6287 6.6248E-012
6292 6.6429E-012
6297 6.6264E-012
6302 6.5847E-012
6307 6.5062E-012
6312 6.4904E-012
6317 6.4587E-012
6322 6.3781E-012
6326 6.3469E-012
6331 6.3310E-012
6336 6.3317E-012
6341 6.3431E-012
6346 6.3416E-012
6351 6.3287E-012
6356 6.4058E-012
6361 6.4107E-012
6366 6.3865E-012
6370 6.3045E-012
6375 6.2935E-012
6380 6.3234E-012
6385 6.3210E-012
6390 6.3288E-012
6395 6.2963E-012
6400 6.3047E-012
6405 6.2481E-012
6409 6.1655E-012
6414 6.1685E-012
6419 6.1688E-012
6424 6.2018E-012
6429 6.1807E-012
6434 6.1544E-012
6439 6.1288E-012
6444 6.1008E-012
6448 6.0607E-012
6453 6.0298E-012
6458 5.9914E-012
6463 6.0055E-012
6468 6.0356E-012
6473 6.0575E-012
6478 6.0330E-012
6483 5.9891E-012
6488 5.9886E-012
6492 5.9169E-012
6497 5.9001E-012
6502 5.8888E-012
6507 5.8734E-012
6512 5.8552E-012
6517 5.8095E-012
6522 5.7425E-012
6527 5.6746E-012
6531 5.6177E-012
6536 5.5266E-012
6541 5.3527E-012
6546 5.1320E-012
6551 4.8219E-012
6556 4.3993E-012
6561 3.9587E-012
6566 3.7401E-012
6570 4.1103E-012
6575 4.5701E-012
6580 4.9029E-012
6585 5.1180E-012
6590 5.3022E-012
6595 5.3758E-012
6600 5.4925E-012
6605 5.5242E-012
6610 5.5957E-012
6614 5.6052E-012
6619 5.6211E-012
6624 5.6346E-012
6629 5.6515E-012
6634 5.6294E-012
6639 5.6252E-012
6644 5.6533E-012
6649 5.6189E-012
6653 5.6023E-012
6658 5.6176E-012
6663 5.6341E-012
6668 5.6210E-012
6673 5.5915E-012
6678 5.5830E-012
6683 5.5967E-012
6688 5.5992E-012
6693 5.5981E-012
6697 5.6044E-012
6702 5.5512E-012
6707 5.5583E-012
6712 5.5351E-012
6717 5.5156E-012
6722 5.5362E-012
6727 5.4910E-012
6732 5.5179E-012
6736 5.4835E-012
6741 5.4720E-012
6746 5.4830E-012
6751 5.4531E-012
6756 5.4467E-012
6761 5.4337E-012
6766 5.4517E-012
6771 5.4539E-012
6776 5.4333E-012
6780 5.4091E-012
6785 5.3837E-012
6790 5.3768E-012
6795 5.3788E-012
6800 5.3787E-012
6805 5.3666E-012
6810 5.3407E-012
6815 5.3494E-012
6819 5.3103E-012
6824 5.3239E-012
6829 5.3150E-012
6834 5.2948E-012
6839 5.2845E-012
6844 5.2516E-012
6849 5.2440E-012
6854 5.2307E-012
6859 5.2159E-012
6863 5.2092E-012
6868 5.2141E-012
6873 5.2174E-012
6878 5.2231E-012
6883 5.1985E-012
6888 5.1995E-012
6893 5.1984E-012
6898 5.1948E-012
6902 5.1737E-012
6907 5.1602E-012
6912 5.1378E-012
6917 5.1131E-012
6922 5.1005E-012
6927 5.1141E-012
6932 5.1215E-012
6937 5.0822E-012
6942 5.0823E-012
6946 5.0650E-012
6951 5.0183E-012
6956 5.0351E-012
6961 5.0211E-012
6966 5.0428E-012
6971 5.0443E-012
6976 5.0177E-012
6981 5.0113E-012
6985 5.0030E-012
6990 5.0015E-012
6995 4.9767E-012
7000 4.9470E-012
7005 4.9165E-012
7010 4.8974E-012
7015 4.9337E-012
7020 4.9083E-012
7025 4.9156E-012
7029 4.9000E-012
7034 4.8746E-012
7039 4.8496E-012
7044 4.8907E-012
7049 4.8396E-012
7054 4.8843E-012
7059 4.8583E-012
7064 4.8374E-012
7068 4.8174E-012
7073 4.7832E-012
7078 4.7887E-012
7083 4.8131E-012
7088 4.7612E-012
7093 4.7780E-012
7098 4.7722E-012
7103 4.7374E-012
7108 4.7149E-012
7112 4.6845E-012
7117 4.6788E-012
7122 4.6870E-012
7127 4.7031E-012
7132 4.6966E-012
7137 4.6922E-012
7142 4.6970E-012
7147 4.6696E-012
7151 4.6717E-012
7156 4.6722E-012
7161 4.6415E-012
7166 4.6292E-012
7171 4.6178E-012
7176 4.6264E-012
7181 4.6141E-012
7186 4.6099E-012
7191 4.5954E-012
7195 4.5674E-012
7200 4.5828E-012
7205 4.5868E-012
7210 4.5727E-012
7215 4.5869E-012
7220 4.5477E-012
7225 4.5347E-012
7230 4.5285E-012
7235 4.5388E-012
7239 4.5241E-012
7244 4.5054E-012
7249 4.4915E-012
7254 4.5057E-012
7259 4.4961E-012
7264 4.4823E-012
7269 4.4767E-012
7274 4.4867E-012
7278 4.4361E-012
7283 4.4422E-012
7288 4.3962E-012
7293 4.4298E-012
7298 4.3946E-012
7303 4.3925E-012
7308 4.3752E-012
7313 4.3823E-012
7318 4.3882E-012
7322 4.4062E-012
7327 4.3838E-012
7332 4.3623E-012
7337 4.3440E-012
7342 4.3580E-012
7347 4.3515E-012
7352 4.3424E-012
7357 4.3143E-012
7361 4.3427E-012
7366 4.3027E-012
7371 4.2956E-012
7376 4.3059E-012
7381 4.2810E-012
7386 4.2600E-012
7391 4.2445E-012
7396 4.2536E-012
7401 4.2590E-012
7405 4.2417E-012
7410 4.2087E-012
7415 4.2143E-012
7420 4.1983E-012
7425 4.1784E-012
7430 4.1803E-012
7435 4.1873E-012
7440 4.1785E-012
7445 4.1723E-012
7449 4.1529E-012
7454 4.1571E-012
7459 4.1455E-012
7464 4.1582E-012
7469 4.1293E-012
7474 4.1251E-012
7479 4.1247E-012
7484 4.1321E-012
7488 4.1135E-012
7493 4.0856E-012
7498 4.0821E-012
7503 4.0925E-012
7508 4.0940E-012
7513 4.0667E-012
7518 4.0719E-012
7523 4.0575E-012
7528 4.0257E-012
7532 4.0186E-012
7537 4.0291E-012
7542 4.0444E-012
7547 4.0430E-012
7552 4.0387E-012
7557 4.0165E-012
7562 4.0243E-012
7567 4.0132E-012
7572 3.9879E-012
7576 3.9732E-012
7581 3.9858E-012
7586 3.9842E-012
7591 3.9890E-012
7596 3.9666E-012
7601 3.9585E-012
7606 3.9426E-012
7611 3.9384E-012
7615 3.9119E-012
7620 3.9434E-012
7625 3.9153E-012
7630 3.9015E-012
7635 3.9154E-012
7640 3.9154E-012
7645 3.9107E-012
7650 3.8988E-012
7655 3.8767E-012
7659 3.8514E-012
7664 3.8267E-012
7669 3.8424E-012
7674 3.8398E-012
7679 3.8303E-012
7684 3.8109E-012
7689 3.8096E-012
7694 3.8033E-012
7699 3.8181E-012
7703 3.8091E-012
7708 3.8111E-012
7713 3.7626E-012
7718 3.7767E-012
7723 3.7901E-012
7728 3.7845E-012
7733 3.7975E-012
7738 3.7903E-012
7742 3.7783E-012
7747 3.7532E-012
7752 3.7617E-012
7757 3.7468E-012
7762 3.7353E-012
7767 3.6913E-012
7772 3.5968E-012
7777 3.5513E-012
7782 3.6186E-012
7786 3.6431E-012
7791 3.6894E-012
7796 3.6829E-012
7801 3.7072E-012
7806 3.7031E-012
7811 3.7076E-012
7816 3.7032E-012
7821 3.6875E-012
7826 3.6668E-012
7830 3.6710E-012
7835 3.6317E-012
7840 3.6419E-012
7845 3.6139E-012
7850 3.5903E-012
7855 3.6187E-012
7860 3.6166E-012
7865 3.6288E-012
7869 3.6254E-012
7874 3.5880E-012
7879 3.5736E-012
7884 3.5576E-012
7889 3.5838E-012
7894 3.5775E-012
7899 3.5519E-012
7904 3.5798E-012
7909 3.5668E-012
7913 3.5289E-012
7918 3.5461E-012
7923 3.5385E-012
7928 3.5263E-012
7933 3.4841E-012
7938 3.5126E-012
7943 3.5045E-012
7948 3.4781E-012
7953 3.4884E-012
7957 3.4839E-012
7962 3.4788E-012
7967 3.4662E-012
7972 3.4753E-012
7977 3.5051E-012
7982 3.4862E-012
7987 3.4840E-012
7992 3.4878E-012
7997 3.4504E-012
8001 3.4288E-012
8006 3.4332E-012
8011 3.4439E-012
8016 3.4384E-012
8021 3.4528E-012
8026 3.4106E-012
8031 3.4343E-012
8036 3.4043E-012
8040 3.3920E-012
8045 3.3764E-012
8050 3.3590E-012
8055 3.3962E-012
8060 3.3790E-012
8065 3.3741E-012
8070 3.3561E-012
8075 3.3418E-012
8080 3.3152E-012
8084 3.3238E-012
8089 3.3126E-012
8094 3.3315E-012
8099 3.3246E-012
8104 3.3179E-012
8109 3.3277E-012
8114 3.3235E-012
8119 3.3118E-012
8124 3.3114E-012
8128 3.2969E-012
8133 3.3019E-012
8138 3.2706E-012
8143 3.2453E-012
8148 3.2596E-012
8153 3.2461E-012
8158 3.2692E-012
8163 3.2620E-012
8167 3.2402E-012
8172 3.2317E-012
8177 3.2489E-012
8182 3.2157E-012
8187 3.1732E-012
8192 3.2054E-012
8197 3.1862E-012
8202 3.1930E-012
8207 3.1610E-012
8211 3.1656E-012
8216 3.1523E-012
8221 3.1252E-012
8226 3.1202E-012
8231 3.1390E-012
8236 3.1269E-012
8241 3.1421E-012
8246 3.1644E-012
8251 3.1406E-012
8255 3.1218E-012
8260 3.1180E-012
8265 3.1227E-012
8270 3.1316E-012
8275 3.1201E-012
8280 3.1232E-012
8285 3.1163E-012
8290 3.1082E-012
8294 3.0831E-012
8299 3.1109E-012
8304 3.0961E-012
8309 3.0870E-012
8314 3.0830E-012
8319 3.0772E-012
8324 3.0504E-012
8329 3.0289E-012
8334 3.0226E-012
8338 3.0259E-012
8343 3.0065E-012
8348 3.0168E-012
8353 3.0470E-012
8358 3.0398E-012
8363 3.0232E-012
8368 3.0092E-012
8373 3.0028E-012
8377 3.0151E-012
8382 3.0203E-012
8387 3.0285E-012
8392 2.9976E-012
8397 3.0014E-012
8402 2.9873E-012
8407 2.9711E-012
8412 2.9878E-012
8417 2.9847E-012
8421 2.9758E-012
8426 2.9819E-012
8431 2.9673E-012
8436 2.9588E-012
8441 2.9142E-012
8446 2.8690E-012
8451 2.8648E-012
8456 2.9004E-012
8461 2.9234E-012
8465 2.9239E-012
8470 2.9344E-012
8475 2.9150E-012
8480 2.9144E-012
8485 2.9189E-012
8490 2.9151E-012
8495 2.8592E-012
8500 2.8094E-012
8504 2.7842E-012
8509 2.8355E-012
8514 2.8937E-012
8519 2.9079E-012
8524 2.9061E-012
8529 2.8935E-012
8534 2.8484E-012
8539 2.7511E-012
8544 2.6346E-012
8548 2.6398E-012
8553 2.7520E-012
8558 2.8177E-012
8563 2.8501E-012
8568 2.8993E-012
8573 2.9245E-012
8578 2.9196E-012
8583 2.8710E-012
8588 2.8314E-012
8592 2.7558E-012
8597 2.6975E-012
8602 2.6789E-012
8607 2.7099E-012
8612 2.7795E-012
8617 2.8278E-012
8622 2.8718E-012
8627 2.8727E-012
8631 2.8747E-012
8636 2.8552E-012
8641 2.8420E-012
8646 2.8129E-012
8651 2.7640E-012
8656 2.6702E-012
8661 2.5509E-012
8666 2.4659E-012
8671 2.4947E-012
8675 2.5897E-012
8680 2.6686E-012
8685 2.7334E-012
8690 2.8025E-012
8695 2.8232E-012
8700 2.8628E-012
8705 2.8920E-012
8710 2.8915E-012
8714 2.8798E-012
8719 2.8531E-012
8724 2.8295E-012
8729 2.7668E-012
8734 2.7119E-012
8739 2.6354E-012
8744 2.5217E-012
8749 2.4330E-012
8754 2.4076E-012
8758 2.4621E-012
8763 2.5943E-012
8768 2.6670E-012
8773 2.7301E-012
8778 2.8000E-012
8783 2.8363E-012
8788 2.8423E-012
8793 2.8476E-012
8797 2.8526E-012
8802 2.8655E-012
8807 2.8754E-012
8812 2.8708E-012
8817 2.8494E-012
8822 2.8337E-012
8827 2.8510E-012
8832 2.7874E-012
8837 2.7448E-012
8841 2.6816E-012
8846 2.6221E-012
8851 2.5028E-012
8856 2.3924E-012
8861 2.2874E-012
8866 2.2369E-012
8871 2.3096E-012
8876 2.4167E-012
8880 2.5263E-012
8885 2.6093E-012
8890 2.6662E-012
8895 2.6996E-012
8900 2.7424E-012
8905 2.7329E-012
8910 2.7600E-012
8915 2.7697E-012
8920 2.8016E-012
8924 2.8134E-012
8929 2.7754E-012
8934 2.7767E-012
8939 2.7864E-012
8944 2.7910E-012
8949 2.7887E-012
8954 2.8094E-012
8959 2.8205E-012
8963 2.7925E-012
8968 2.7484E-012
8973 2.7272E-012
8978 2.7146E-012
8983 2.6869E-012
8988 2.6368E-012
8993 2.5634E-012
8998 2.4761E-012
9003 2.3772E-012
9007 2.2618E-012
9012 2.1446E-012
9017 2.1122E-012
9022 2.1765E-012
9027 2.2944E-012
9032 2.3817E-012
9037 2.4770E-012
9042 2.5312E-012
9046 2.5637E-012
9051 2.6010E-012
9056 2.5847E-012
9061 2.5881E-012
9066 2.6135E-012
9071 2.6462E-012
9076 2.6643E-012
9081 2.6630E-012
9086 2.6396E-012
9090 2.6081E-012
9095 2.6003E-012
9100 2.6257E-012
9105 2.6490E-012
9110 2.6591E-012
9115 2.6637E-012
9120 2.6938E-012
9125 2.6825E-012
9129 2.6833E-012
9134 2.6925E-012
9139 2.7104E-012
9144 2.7088E-012
9149 2.7172E-012
9154 2.7100E-012
9159 2.7073E-012
9164 2.7036E-012
9168 2.6367E-012
9173 2.5835E-012
9178 2.5672E-012
9183 2.5418E-012
9188 2.5427E-012
9193 2.5333E-012
9198 2.5038E-012
9203 2.4417E-012
9208 2.3603E-012
9212 2.2764E-012
9217 2.1627E-012
9222 2.0854E-012
9227 2.0155E-012
9232 1.9669E-012
9237 1.9986E-012
9242 2.0814E-012
9247 2.1459E-012
9251 2.2373E-012
9256 2.2929E-012
9261 2.3305E-012
9266 2.3480E-012
9271 2.4081E-012
9276 2.4549E-012
9281 2.5090E-012
9286 2.5168E-012
9291 2.5663E-012
9295 2.5748E-012
9300 2.5678E-012
9305 2.5603E-012
9310 2.5449E-012
9315 2.5091E-012
9320 2.4898E-012
9325 2.5077E-012
9330 2.5288E-012
9334 2.4994E-012
9339 2.5218E-012
9344 2.4874E-012
9349 2.4811E-012
9354 2.4932E-012
9359 2.5158E-012
9364 2.5070E-012
9369 2.5195E-012
9373 2.5092E-012
9378 2.5029E-012
9383 2.4929E-012
9388 2.4819E-012
9393 2.4964E-012
9398 2.4697E-012
9403 2.4549E-012
9408 2.4285E-012
9412 2.4132E-012
9417 2.4020E-012
9422 2.3922E-012
9427 2.4228E-012
9432 2.4295E-012
9437 2.4137E-012
9442 2.4250E-012
9447 2.4284E-012
9452 2.4126E-012
9456 2.4246E-012
9461 2.4338E-012
9466 2.4318E-012
9471 2.4473E-012
9476 2.4373E-012
9481 2.4155E-012
9486 2.3709E-012
9491 2.3500E-012
9495 2.3336E-012
9500 2.3197E-012
9505 2.2839E-012
9510 2.2571E-012
9515 2.2375E-012
9520 2.1786E-012
9525 2.0900E-012
9530 2.0443E-012
9534 1.9857E-012
9539 1.9042E-012
9544 1.8127E-012
9549 1.7814E-012
9554 1.8200E-012
9559 1.8908E-012
9564 1.9934E-012
9569 2.0523E-012
9573 2.1100E-012
9578 2.1516E-012
9583 2.1666E-012
9588 2.1943E-012
9593 2.2054E-012
9598 2.2255E-012
9603 2.2258E-012
9608 2.2467E-012
9612 2.2666E-012
9617 2.3012E-012
9622 2.2912E-012
9627 2.2765E-012
9632 2.2748E-012
9637 2.2669E-012
9642 2.2544E-012
9647 2.2288E-012
9652 2.2257E-012
9656 2.2135E-012
9661 2.2103E-012
9666 2.2352E-012
9671 2.2421E-012
9676 2.2498E-012
9681 2.2690E-012
9686 2.2766E-012
9691 2.2876E-012
9695 2.3024E-012
9700 2.3160E-012
9705 2.2791E-012
9710 2.2527E-012
9715 2.2281E-012
9720 2.2436E-012
9725 2.2213E-012
9730 2.2284E-012
9734 2.2465E-012
9739 2.2319E-012
9744 2.2279E-012
9749 2.2011E-012
9754 2.2387E-012
9759 2.2312E-012
9764 2.2134E-012
9769 2.2081E-012
9773 2.2111E-012
9778 2.2378E-012
9783 2.2410E-012
9788 2.2346E-012
9793 2.2271E-012
9798 2.2034E-012
9803 2.2159E-012
9808 2.2060E-012
9812 2.1920E-012
9817 2.1715E-012
9822 2.1461E-012
9827 2.1445E-012
9832 2.1342E-012
9837 2.1517E-012
9842 2.1524E-012
9847 2.1405E-012
9851 2.1495E-012
9856 2.1536E-012
9861 2.1453E-012
9866 2.1615E-012
9871 2.1368E-012
9876 2.1224E-012
9881 2.1559E-012
9886 2.1282E-012
9890 2.1176E-012
9895 2.1199E-012
9900 2.1205E-012
9905 2.1054E-012
9910 2.0965E-012
9915 2.0777E-012
9920 2.0766E-012
9925 2.1058E-012
9929 2.0930E-012
9934 2.0923E-012
9939 2.0532E-012
9944 2.0711E-012
9949 2.0734E-012
9954 2.0592E-012
9959 2.0477E-012
9964 2.0467E-012
9968 2.0382E-012
9973 2.0303E-012
9978 2.0227E-012
9983 2.0486E-012
9988 2.0494E-012
9993 2.0212E-012
9998 2.0251E-012
1E+004 2.0105E-012
1.001E+004 1.9962E-012
1.001E+004 1.9612E-012
1.002E+004 1.9578E-012
1.002E+004 1.8910E-012
1.003E+004 1.8690E-012
1.003E+004 1.8034E-012
1.004E+004 1.7531E-012
1.004E+004 1.7064E-012
1.005E+004 1.6208E-012
1.005E+004 1.5995E-012
1.006E+004 1.6188E-012
1.006E+004 1.6519E-012
1.007E+004 1.7054E-012
1.007E+004 1.7580E-012
1.008E+004 1.7981E-012
1.008E+004 1.8274E-012
1.009E+004 1.8597E-012
1.009E+004 1.8732E-012
1.01E+004 1.8766E-012
1.01E+004 1.9001E-012
1.01E+004 1.8893E-012
1.011E+004 1.9327E-012
1.011E+004 1.9360E-012
1.012E+004 1.9050E-012
1.013E+004 1.9400E-012
1.018E+004 1.9448E-012
1.023E+004 1.9242E-012
1.028E+004 1.8986E-012
1.033E+004 1.8683E-012
1.038E+004 1.8405E-012
1.043E+004 1.8126E-012
1.048E+004 1.7751E-012
1.053E+004 1.7545E-012
1.058E+004 1.7291E-012
1.063E+004 1.7031E-012
1.068E+004 1.6554E-012
1.073E+004 1.6428E-012
1.078E+004 1.6199E-012
1.083E+004 1.5876E-012
1.088E+004 1.5327E-012
1.093E+004 1.2775E-012
1.098E+004 1.3973E-012
1.103E+004 1.4886E-012
1.108E+004 1.4857E-012
1.113E+004 1.4680E-012
1.118E+004 1.4498E-012
1.123E+004 1.4306E-012
1.128E+004 1.3969E-012
1.133E+004 1.3771E-012
1.138E+004 1.3670E-012
1.143E+004 1.3452E-012
1.148E+004 1.3319E-012
1.153E+004 1.3137E-012
1.158E+004 1.2948E-012
1.163E+004 1.2694E-012
1.168E+004 1.2458E-012
1.173E+004 1.2418E-012
1.178E+004 1.2090E-012
1.183E+004 1.2005E-012
1.188E+004 1.1809E-012
1.193E+004 1.1753E-012
1.198E+004 1.1523E-012
1.203E+004 1.1411E-012
1.208E+004 1.1237E-012
1.213E+004 1.1095E-012
1.218E+004 1.0968E-012
1.223E+004 1.0814E-012
1.228E+004 1.0655E-012
1.233E+004 1.0520E-012
1.238E+004 1.0389E-012
1.243E+004 1.0261E-012
1.248E+004 1.0111E-012
1.253E+004 9.9783E-013
1.258E+004 9.8057E-013
1.263E+004 9.6741E-013
1.268E+004 9.5462E-013
1.273E+004 9.3416E-013
1.278E+004 8.8349E-013
1.283E+004 7.5035E-013
1.288E+004 8.7097E-013
1.293E+004 8.8843E-013
1.298E+004 8.8353E-013
1.303E+004 8.7493E-013
1.308E+004 8.6538E-013
1.313E+004 8.5416E-013
1.318E+004 8.4195E-013
1.323E+004 8.3313E-013
1.328E+004 8.2256E-013
1.333E+004 8.1236E-013
1.338E+004 8.0211E-013
1.343E+004 7.9207E-013
1.348E+004 7.8209E-013
1.353E+004 7.7137E-013
1.358E+004 7.6190E-013
1.363E+004 7.5327E-013
1.368E+004 7.4361E-013
1.373E+004 7.3130E-013
1.378E+004 7.2503E-013
1.383E+004 7.1634E-013
1.388E+004 7.0849E-013
1.393E+004 6.9871E-013
1.398E+004 6.9093E-013
1.403E+004 6.8266E-013
1.408E+004 6.7468E-013
1.413E+004 6.6618E-013
1.418E+004 6.5839E-013
1.423E+004 6.5026E-013
1.428E+004 6.4232E-013
1.433E+004 6.3505E-013
1.438E+004 6.2774E-013
1.443E+004 6.1349E-013
1.448E+004 6.1274E-013
1.453E+004 6.0229E-013
1.457E+004 5.9895E-013
1.462E+004 5.9124E-013
1.468E+004 5.8498E-013
1.473E+004 5.7791E-013
1.478E+004 5.6999E-013
1.483E+004 5.6447E-013
1.488E+004 5.5636E-013
1.493E+004 5.5305E-013
1.498E+004 5.4626E-013
1.503E+004 5.3851E-013
1.508E+004 5.3308E-013
1.513E+004 5.2814E-013
1.518E+004 5.2206E-013
1.523E+004 5.1616E-013
1.528E+004 5.0963E-013
1.533E+004 5.0348E-013
1.538E+004 4.9868E-013
1.543E+004 4.8948E-013
1.548E+004 4.8689E-013
1.553E+004 4.8124E-013
1.558E+004 4.6977E-013
1.563E+004 4.7459E-013
1.568E+004 4.6099E-013
1.573E+004 4.5019E-013
1.578E+004 4.5933E-013
1.583E+004 4.5382E-013
1.588E+004 4.2133E-013
1.593E+004 4.3797E-013
1.598E+004 4.4403E-013
1.605E+004 4.2874E-013
1.615E+004 4.0451E-013
1.625E+004 4.2292E-013
1.635E+004 3.9934E-013
1.645E+004 3.7409E-013
1.655E+004 3.9839E-013
1.665E+004 3.9083E-013
1.675E+004 3.6436E-013
1.685E+004 3.4016E-013
1.695E+004 3.6591E-013
1.705E+004 3.6019E-013
1.715E+004 3.5281E-013
1.725E+004 3.4035E-013
1.735E+004 2.9759E-013
1.745E+004 3.2075E-013
1.755E+004 3.2315E-013
1.765E+004 3.1764E-013
1.775E+004 3.1199E-013
1.785E+004 3.0537E-013
1.795E+004 2.9902E-013
1.805E+004 2.8948E-013
1.815E+004 2.5553E-013
1.825E+004 2.6945E-013
1.835E+004 2.7455E-013
1.845E+004 2.7015E-013
1.855E+004 2.6417E-013
1.865E+004 2.5566E-013
1.875E+004 2.2453E-013
1.885E+004 2.4432E-013
1.895E+004 2.4378E-013
1.905E+004 2.4064E-013
1.915E+004 2.3603E-013
1.925E+004 2.3080E-013
1.935E+004 2.2250E-013
1.945E+004 1.9624E-013
1.955E+004 2.1420E-013
1.965E+004 2.1406E-013
1.975E+004 2.1065E-013
1.985E+004 2.0713E-013
1.995E+004 2.0333E-013
2.005E+004 1.9964E-013
2.015E+004 1.9602E-013
2.025E+004 1.9240E-013
2.035E+004 1.8886E-013
2.045E+004 1.8558E-013
2.055E+004 1.8224E-013
2.065E+004 1.7886E-013
2.075E+004 1.7574E-013
2.085E+004 1.7267E-013
2.095E+004 1.6959E-013
2.105E+004 1.6660E-013
2.115E+004 1.6349E-013
2.125E+004 1.6061E-013
2.135E+004 1.5779E-013
2.145E+004 1.5470E-013
2.155E+004 1.4991E-013
2.165E+004 1.3320E-013
2.175E+004 1.4336E-013
2.185E+004 1.4421E-013
2.195E+004 1.4246E-013
2.205E+004 1.4012E-013
2.215E+004 1.3770E-013
2.225E+004 1.3561E-013
2.235E+004 1.3335E-013
2.245E+004 1.3115E-013
2.255E+004 1.2885E-013
2.265E+004 1.2686E-013
2.275E+004 1.2479E-013
2.285E+004 1.2278E-013
2.295E+004 1.2078E-013
2.305E+004 1.1892E-013
2.315E+004 1.1701E-013
2.325E+004 1.1518E-013
2.335E+004 1.1335E-013
2.345E+004 1.1158E-013
2.355E+004 1.0983E-013
2.365E+004 1.0812E-013
2.375E+004 1.0642E-013
2.385E+004 1.0476E-013
2.395E+004 1.0315E-013
2.405E+004 1.0153E-013
2.415E+004 9.9958E-014
2.425E+004 9.8444E-014
2.435E+004 9.6899E-014
2.445E+004 9.5388E-014
2.455E+004 9.3968E-014
2.465E+004 9.2457E-014
2.475E+004 9.1064E-014
2.485E+004 8.9798E-014
2.495E+004 8.7903E-014
2.505E+004 8.7244E-014
2.515E+004 8.5944E-014
2.525E+004 8.3639E-014
2.535E+004 8.3321E-014
2.545E+004 8.2415E-014
2.555E+004 8.0774E-014
2.565E+004 7.8023E-014
2.575E+004 7.8562E-014
2.585E+004 7.7728E-014
2.595E+004 7.6571E-014
2.605E+004 7.4319E-014
2.615E+004 7.0773E-014
2.625E+004 6.5822E-014
2.635E+004 7.0579E-014
2.645E+004 7.1193E-014
2.655E+004 7.0360E-014
2.665E+004 6.8619E-014
2.675E+004 6.4341E-014
2.685E+004 6.6742E-014
2.695E+004 6.6724E-014
2.705E+004 6.5965E-014
2.715E+004 6.5118E-014
2.725E+004 6.4209E-014
2.735E+004 6.3209E-014
2.745E+004 6.1781E-014
2.755E+004 5.7288E-014
2.765E+004 5.8445E-014
2.775E+004 5.9585E-014
2.785E+004 5.9112E-014
2.795E+004 5.8458E-014
2.805E+004 5.7708E-014
2.815E+004 5.6931E-014
2.825E+004 5.6167E-014
2.835E+004 5.5396E-014
2.845E+004 5.4504E-014
2.855E+004 5.3523E-014
2.865E+004 5.1403E-014
2.875E+004 4.8003E-014
2.885E+004 5.0931E-014
2.895E+004 5.0905E-014
2.905E+004 5.0441E-014
2.915E+004 4.9809E-014
2.925E+004 4.9199E-014
2.935E+004 4.8575E-014
2.945E+004 4.7947E-014
2.955E+004 4.7335E-014
2.965E+004 4.6730E-014
2.975E+004 4.6132E-014
2.985E+004 4.5548E-014
2.995E+004 4.4962E-014
3.005E+004 4.4346E-014
3.015E+004 4.3649E-014
3.025E+004 4.2712E-014
3.035E+004 3.9579E-014
3.045E+004 3.9961E-014
3.055E+004 4.1247E-014
3.065E+004 4.1027E-014
3.075E+004 4.0636E-014
3.085E+004 4.0132E-014
3.095E+004 3.9660E-014
3.105E+004 3.9171E-014
3.115E+004 3.8668E-014
3.125E+004 3.8216E-014
3.135E+004 3.7758E-014
3.145E+004 3.7291E-014
3.155E+004 3.6861E-014
3.165E+004 3.6425E-014
3.175E+004 3.5973E-014
3.185E+004 3.5558E-014
3.195E+004 3.5133E-014
3.21E+004 3.4507E-014
3.23E+004 3.3701E-014
3.25E+004 3.2911E-014
3.27E+004 3.2009E-014
3.29E+004 2.9508E-014
3.31E+004 2.9967E-014
3.33E+004 2.9842E-014
3.35E+004 2.9222E-014
3.37E+004 2.8550E-014
3.39E+004 2.7927E-014
3.41E+004 2.7313E-014
3.43E+004 2.6721E-014
3.45E+004 2.6145E-014
3.47E+004 2.5572E-014
3.49E+004 2.5018E-014
3.51E+004 2.4477E-014
3.53E+004 2.3951E-014
3.55E+004 2.3437E-014
3.57E+004 2.2933E-014
3.59E+004 2.2454E-014
3.61E+004 2.1969E-014
3.63E+004 2.1522E-014
3.65E+004 2.1050E-014
3.67E+004 2.0635E-014
3.69E+004 2.0143E-014
3.71E+004 1.9737E-014
3.73E+004 1.8769E-014
3.75E+004 1.8179E-014
3.77E+004 1.8564E-014
3.79E+004 1.8247E-014
3.81E+004 1.7791E-014
3.83E+004 1.7456E-014
3.85E+004 1.7202E-014
3.87E+004 1.6858E-014
3.89E+004 1.6482E-014
3.91E+004 1.5977E-014
3.93E+004 1.5879E-014
3.95E+004 1.5601E-014
3.97E+004 1.5306E-014
3.99E+004 1.4984E-014
4.01E+004 1.4519E-014
4.03E+004 1.4157E-014
4.05E+004 1.3434E-014
4.07E+004 1.3812E-014
4.09E+004 1.3640E-014
4.11E+004 1.3414E-014
4.13E+004 1.3153E-014
4.15E+004 1.2842E-014
4.17E+004 1.2216E-014
4.19E+004 1.2359E-014
4.21E+004 1.2215E-014
4.23E+004 1.2015E-014
4.25E+004 1.1797E-014
4.27E+004 1.1585E-014
4.29E+004 1.1378E-014
4.31E+004 1.1174E-014
4.33E+004 1.0971E-014
4.35E+004 1.0728E-014
4.37E+004 1.0166E-014
4.39E+004 1.0214E-014
4.41E+004 1.0197E-014
4.43E+004 1.0044E-014
4.45E+004 9.8709E-015
4.47E+004 9.7131E-015
4.49E+004 9.5315E-015
4.51E+004 9.3700E-015
4.53E+004 9.2102E-015
4.55E+004 9.0538E-015
4.57E+004 8.8985E-015
4.59E+004 8.7444E-015
4.61E+004 8.5896E-015
4.63E+004 8.4001E-015
4.65E+004 7.8436E-015
4.67E+004 7.7436E-015
4.69E+004 7.9430E-015
4.71E+004 7.8971E-015
4.73E+004 7.7829E-015
4.75E+004 7.6596E-015
4.77E+004 7.5380E-015
4.79E+004 7.4185E-015
4.81E+004 7.2998E-015
4.83E+004 7.1835E-015
4.85E+004 7.0693E-015
4.87E+004 6.9573E-015
4.89E+004 6.8474E-015
4.91E+004 6.7391E-015
4.93E+004 6.6338E-015
4.95E+004 6.5304E-015
4.97E+004 6.4277E-015
4.99E+004 6.3288E-015
5.01E+004 6.2305E-015
5.03E+004 6.1325E-015
5.05E+004 6.0399E-015
5.07E+004 5.9448E-015
5.09E+004 5.8421E-015
5.11E+004 5.7028E-015
5.13E+004 5.3817E-015
5.15E+004 5.5483E-015
5.17E+004 5.4973E-015
5.19E+004 5.4276E-015
5.21E+004 5.3510E-015
5.23E+004 5.2720E-015
5.25E+004 5.1886E-015
5.27E+004 5.1081E-015
5.29E+004 5.0429E-015
5.31E+004 4.9748E-015
5.33E+004 4.9041E-015
5.35E+004 4.8263E-015
5.37E+004 4.7436E-015
5.39E+004 4.6759E-015
5.41E+004 4.6222E-015
5.43E+004 4.5642E-015
5.45E+004 4.4998E-015
5.47E+004 4.4355E-015
5.49E+004 4.3668E-015
5.51E+004 4.2909E-015
5.53E+004 4.2150E-015
5.55E+004 4.1794E-015
5.57E+004 4.1320E-015
5.59E+004 4.0746E-015
5.61E+004 4.0191E-015
5.63E+004 3.9636E-015
5.65E+004 3.9094E-015
5.67E+004 3.8526E-015
5.69E+004 3.7866E-015
5.71E+004 3.6992E-015
5.73E+004 3.6806E-015
5.75E+004 3.6460E-015
5.77E+004 3.6010E-015
5.79E+004 3.5523E-015
5.81E+004 3.5051E-015
5.83E+004 3.4557E-015
5.85E+004 3.4065E-015
5.87E+004 3.3555E-015
5.89E+004 3.2771E-015
5.91E+004 3.0987E-015
5.93E+004 3.1971E-015
5.95E+004 3.1280E-015
5.97E+004 3.1141E-015
5.99E+004 3.1013E-015
6.01E+004 3.0662E-015
6.03E+004 3.0284E-015
6.05E+004 2.9901E-015
6.07E+004 2.9529E-015
6.09E+004 2.9154E-015
6.11E+004 2.8780E-015
6.13E+004 2.8434E-015
6.15E+004 2.8075E-015
6.17E+004 2.7720E-015
6.19E+004 2.7364E-015
6.21E+004 2.7009E-015
6.23E+004 2.6651E-015
6.25E+004 2.6290E-015
6.27E+004 2.5819E-015
6.29E+004 2.4873E-015
6.31E+004 2.5111E-015
6.33E+004 2.5000E-015
6.35E+004 2.4731E-015
6.37E+004 2.4461E-015
6.39E+004 2.4186E-015
6.42E+004 2.3750E-015
6.46E+004 2.3178E-015
6.5E+004 2.2623E-015
6.54E+004 2.2087E-015
6.58E+004 2.1563E-015
6.62E+004 2.1055E-015
6.66E+004 2.0564E-015
6.7E+004 2.0060E-015
6.74E+004 1.9483E-015
6.78E+004 1.8654E-015
6.82E+004 1.8669E-015
6.86E+004 1.8301E-015
6.9E+004 1.7893E-015
6.94E+004 1.7481E-015
6.98E+004 1.7101E-015
7.02E+004 1.6723E-015
7.06E+004 1.6351E-015
7.1E+004 1.5978E-015
7.14E+004 1.5645E-015
7.18E+004 1.5306E-015
7.22E+004 1.4971E-015
7.26E+004 1.4622E-015
7.3E+004 1.4328E-015
7.34E+004 1.4035E-015
7.38E+004 1.3721E-015
7.42E+004 1.3376E-015
7.46E+004 1.2679E-015
7.5E+004 1.2283E-015
7.54E+004 1.2498E-015
7.58E+004 1.2330E-015
7.62E+004 1.2097E-015
7.66E+004 1.1866E-015
7.7E+004 1.1626E-015
7.74E+004 1.1368E-015
7.78E+004 1.1094E-015
7.82E+004 1.0918E-015
7.86E+004 1.0724E-015
7.9E+004 1.0513E-015
7.94E+004 1.0306E-015
7.98E+004 1.0102E-015
8.02E+004 9.9036E-016
8.06E+004 9.7098E-016
8.1E+004 9.5113E-016
8.14E+004 9.2626E-016
8.18E+004 9.1115E-016
8.22E+004 8.9784E-016
8.26E+004 8.8103E-016
8.3E+004 8.6428E-016
8.34E+004 8.4780E-016
8.38E+004 8.3177E-016
8.42E+004 8.1620E-016
8.46E+004 8.0100E-016
8.5E+004 7.8608E-016
8.54E+004 7.7144E-016
8.58E+004 7.5711E-016
8.62E+004 7.4112E-016
8.66E+004 7.1856E-016
8.7E+004 7.1233E-016
8.74E+004 6.8859E-016
8.78E+004 6.7622E-016
8.82E+004 6.7679E-016
8.86E+004 6.6568E-016
8.9E+004 6.5378E-016
8.94E+004 6.4214E-016
8.98E+004 6.3070E-016
9.02E+004 6.1954E-016
9.06E+004 6.0859E-016
9.1E+004 5.9788E-016
9.14E+004 5.8735E-016
9.18E+004 5.7709E-016
9.22E+004 5.6703E-016
9.26E+004 5.5673E-016
9.3E+004 5.4723E-016
9.34E+004 5.3645E-016
9.38E+004 5.1830E-016
9.42E+004 5.1551E-016
9.46E+004 5.1034E-016
9.5E+004 5.0215E-016
9.54E+004 4.9390E-016
9.58E+004 4.8617E-016
9.62E+004 4.7814E-016
9.66E+004 4.7029E-016
9.7E+004 4.6260E-016
9.74E+004 4.5509E-016
9.78E+004 4.4775E-016
9.82E+004 4.4025E-016
9.86E+004 4.3284E-016
9.9E+004 4.2672E-016
9.94E+004 4.2003E-016
9.98E+004 4.1347E-016
1.002E+005 4.0704E-016
1.005E+005 4.0228E-016
1.01E+005 3.9448E-016
1.015E+005 3.8691E-016
1.02E+005 3.7954E-016
1.025E+005 3.7232E-016
1.03E+005 3.6529E-016
1.035E+005 3.5840E-016
1.04E+005 3.5170E-016
1.045E+005 3.4513E-016
1.05E+005 3.3873E-016
1.055E+005 3.3244E-016
1.06E+005 3.2633E-016
1.065E+005 3.2038E-016
1.07E+005 3.1448E-016
1.075E+005 3.0879E-016
1.08E+005 3.0320E-016
1.085E+005 2.9771E-016
1.09E+005 2.9236E-016
1.095E+005 2.8717E-016
1.1E+005 2.8206E-016
1.105E+005 2.7705E-016
1.11E+005 2.7217E-016
1.115E+005 2.6742E-016
1.12E+005 2.6275E-016
1.125E+005 2.5817E-016
1.13E+005 2.5371E-016
1.135E+005 2.4933E-016
1.14E+005 2.4507E-016
1.145E+005 2.4092E-016
1.15E+005 2.3680E-016
1.155E+005 2.3278E-016
1.16E+005 2.2887E-016
1.165E+005 2.2503E-016
1.17E+005 2.2129E-016
1.175E+005 2.1756E-016
1.18E+005 2.1398E-016
1.185E+005 2.1045E-016
1.19E+005 2.0697E-016
1.195E+005 2.0356E-016
1.2E+005 2.0023E-016
1.205E+005 1.9699E-016
1.21E+005 1.9380E-016
1.215E+005 1.9066E-016
1.22E+005 1.8761E-016
1.225E+005 1.8460E-016
1.23E+005 1.8165E-016
1.235E+005 1.7876E-016
1.24E+005 1.7593E-016
1.245E+005 1.7317E-016
1.25E+005 1.7045E-016
1.255E+005 1.6777E-016
1.26E+005 1.6516E-016
1.265E+005 1.6259E-016
1.27E+005 1.6006E-016
1.275E+005 1.5759E-016
1.28E+005 1.5516E-016
1.285E+005 1.5279E-016
1.29E+005 1.5045E-016
1.295E+005 1.4816E-016
1.3E+005 1.4592E-016
1.305E+005 1.4371E-016
1.31E+005 1.4154E-016
1.315E+005 1.3942E-016
1.32E+005 1.3733E-016
1.325E+005 1.3528E-016
1.33E+005 1.3328E-016
1.335E+005 1.3130E-016
1.34E+005 1.2938E-016
1.345E+005 1.2747E-016
1.35E+005 1.2560E-016
1.355E+005 1.2378E-016
1.36E+005 1.2197E-016
1.365E+005 1.2020E-016
1.37E+005 1.1848E-016
1.375E+005 1.1676E-016
1.38E+005 1.1509E-016
1.385E+005 1.1344E-016
1.39E+005 1.1184E-016
1.395E+005 1.1025E-016
1.4E+005 1.0869E-016
1.405E+005 1.0717E-016
1.41E+005 1.0565E-016
1.415E+005 1.0419E-016
1.42E+005 1.0273E-016
1.425E+005 1.0131E-016
1.43E+005 9.9907E-017
1.435E+005 9.8525E-017
1.44E+005 9.7162E-017
1.445E+005 9.5833E-017
1.45E+005 9.4523E-017
1.455E+005 9.3246E-017
1.46E+005 9.1971E-017
1.465E+005 9.0728E-017
1.47E+005 8.9518E-017
1.475E+005 8.8308E-017
1.48E+005 8.7130E-017
1.485E+005 8.5967E-017
1.49E+005 8.4820E-017
1.495E+005 8.3702E-017
1.5E+005 8.2599E-017
1.505E+005 8.1510E-017
1.51E+005 8.0435E-017
1.515E+005 7.9388E-017
1.52E+005 7.8355E-017
1.525E+005 7.7335E-017
1.53E+005 7.6328E-017
1.535E+005 7.5347E-017
1.54E+005 7.4379E-017
1.545E+005 7.3423E-017
1.55E+005 7.2479E-017
1.555E+005 7.1560E-017
1.56E+005 7.0652E-017
1.565E+005 6.9755E-017
1.57E+005 6.8870E-017
1.575E+005 6.8007E-017
1.58E+005 6.7155E-017
1.585E+005 6.6315E-017
1.59E+005 6.5485E-017
1.595E+005 6.4675E-017
1.6E+005 6.3876E-017
1.605E+005 6.3086E-017
1.61E+005 6.2306E-017
1.615E+005 6.1547E-017
1.62E+005 6.0786E-017
1.625E+005 6.0045E-017
1.63E+005 5.9312E-017
1.635E+005 5.8599E-017
1.64E+005 5.7884E-017
1.645E+005 5.7188E-017
1.65E+005 5.6500E-017
1.655E+005 5.5829E-017
1.66E+005 5.5157E-017
1.665E+005 5.4503E-017
1.67E+005 5.3856E-017
1.675E+005 5.3217E-017
1.68E+005 5.2586E-017
1.685E+005 5.1971E-017
1.69E+005 5.1354E-017
1.695E+005 5.0753E-017
1.7E+005 5.0167E-017
1.705E+005 4.9580E-017
1.71E+005 4.9008E-017
1.715E+005 4.8435E-017
1.72E+005 4.7876E-017
1.725E+005 4.7332E-017
1.73E+005 4.6785E-017
1.735E+005 4.6253E-017
1.74E+005 4.5720E-017
1.745E+005 4.5200E-017
1.75E+005 4.4687E-017
1.755E+005 4.4186E-017
1.76E+005 4.3683E-017
1.765E+005 4.3194E-017
1.77E+005 4.2710E-017
1.775E+005 4.2231E-017
1.78E+005 4.1758E-017
1.785E+005 4.1298E-017
1.79E+005 4.0842E-017
1.795E+005 4.0391E-017
1.8E+005 3.9946E-017
1.805E+005 3.9505E-017
1.81E+005 3.9069E-017
1.815E+005 3.8645E-017
1.82E+005 3.8225E-017
1.825E+005 3.7810E-017
1.83E+005 3.7399E-017
1.835E+005 3.6994E-017
1.84E+005 3.6598E-017
1.845E+005 3.6201E-017
1.85E+005 3.5814E-017
1.855E+005 3.5431E-017
1.86E+005 3.5053E-017
1.865E+005 3.4684E-017
1.87E+005 3.4313E-017
1.875E+005 3.3953E-017
1.88E+005 3.3596E-017
1.885E+005 3.3243E-017
1.89E+005 3.2893E-017
1.895E+005 3.2548E-017
1.9E+005 3.2212E-017
1.905E+005 3.1879E-017
1.91E+005 3.1544E-017
1.915E+005 3.1223E-017
1.92E+005 3.0901E-017
1.925E+005 3.0582E-017
1.93E+005 3.0271E-017
1.935E+005 2.9959E-017
1.94E+005 2.9654E-017
1.945E+005 2.9353E-017
1.95E+005 2.9055E-017
1.955E+005 2.8760E-017
1.96E+005 2.8472E-017
1.965E+005 2.8188E-017
1.97E+005 2.7902E-017
1.975E+005 2.7623E-017
1.98E+005 2.7348E-017
1.985E+005 2.7075E-017
1.99E+005 2.6809E-017
1.995E+005 2.6541E-017
2E+005 2.6281E-017
2.01E+005 2.5762E-017
2.02E+005 2.5259E-017
2.03E+005 2.4764E-017
2.04E+005 2.4285E-017
2.05E+005 2.3813E-017
2.06E+005 2.3356E-017
2.07E+005 2.2911E-017
2.08E+005 2.2475E-017
2.09E+005 2.2050E-017
2.1E+005 2.1634E-017
2.11E+005 2.1226E-017
2.12E+005 2.0832E-017
2.13E+005 2.0442E-017
2.14E+005 2.0067E-017
2.15E+005 1.9698E-017
2.16E+005 1.9336E-017
2.17E+005 1.8984E-017
2.18E+005 1.8638E-017
2.19E+005 1.8301E-017
2.2E+005 1.7971E-017
2.21E+005 1.7649E-017
2.22E+005 1.7334E-017
2.23E+005 1.7026E-017
2.24E+005 1.6725E-017
2.25E+005 1.6431E-017
2.26E+005 1.6142E-017
2.27E+005 1.5862E-017
2.28E+005 1.5586E-017
2.29E+005 1.5315E-017
2.3E+005 1.5051E-017
2.31E+005 1.4794E-017
2.32E+005 1.4542E-017
2.33E+005 1.4294E-017
2.34E+005 1.4052E-017
2.35E+005 1.3815E-017
2.36E+005 1.3583E-017
2.37E+005 1.3356E-017
2.38E+005 1.3133E-017
2.39E+005 1.2915E-017
2.4E+005 1.2701E-017
2.41E+005 1.2493E-017
2.42E+005 1.2288E-017
2.43E+005 1.2089E-017
2.44E+005 1.1892E-017
2.45E+005 1.1699E-017
2.46E+005 1.1511E-017
2.47E+005 1.1326E-017
2.48E+005 1.1144E-017
2.49E+005 1.0967E-017
2.5E+005 1.0794E-017
2.51E+005 1.0623E-017
2.52E+005 1.0456E-017
2.53E+005 1.0293E-017
2.54E+005 1.0131E-017
2.55E+005 9.9730E-018
2.56E+005 9.8194E-018
2.57E+005 9.6679E-018
2.58E+005 9.5190E-018
2.59E+005 9.3739E-018
2.6E+005 9.2295E-018
2.61E+005 9.0902E-018
2.62E+005 8.9517E-018
2.63E+005 8.8168E-018
2.64E+005 8.6852E-018
2.65E+005 8.5543E-018
2.66E+005 8.4268E-018
2.67E+005 8.3011E-018
2.68E+005 8.1787E-018
2.69E+005 8.0580E-018
2.7E+005 7.9393E-018
2.71E+005 7.8234E-018
2.72E+005 7.7092E-018
2.73E+005 7.5968E-018
2.74E+005 7.4871E-018
2.75E+005 7.3791E-018
2.76E+005 7.2727E-018
2.77E+005 7.1678E-018
2.78E+005 7.0656E-018
2.79E+005 6.9648E-018
2.8E+005 6.8667E-018
2.81E+005 6.7699E-018
2.82E+005 6.6745E-018
2.83E+005 6.5804E-018
2.84E+005 6.4877E-018
2.85E+005 6.3973E-018
2.86E+005 6.3093E-018
2.87E+005 6.2215E-018
2.88E+005 6.1359E-018
2.89E+005 6.0514E-018
2.9E+005 5.9682E-018
2.91E+005 5.8871E-018
2.92E+005 5.8070E-018
2.93E+005 5.7281E-018
2.94E+005 5.6503E-018
2.95E+005 5.5744E-018
2.96E+005 5.4996E-018
2.97E+005 5.4267E-018
2.98E+005 5.3538E-018
2.99E+005 5.2828E-018
3E+005 5.2128E-018
3.01E+005 5.1437E-018
3.02E+005 5.0764E-018
3.03E+005 5.0099E-018
3.04E+005 4.9443E-018
3.05E+005 4.8796E-018
3.06E+005 4.8165E-018
3.07E+005 4.7543E-018
3.08E+005 4.6929E-018
3.09E+005 4.6322E-018
3.1E+005 4.5731E-018
3.11E+005 4.5148E-018
3.12E+005 4.4572E-018
3.13E+005 4.4003E-018
3.14E+005 4.3449E-018
3.15E+005 4.2903E-018
3.16E+005 4.2362E-018
3.17E+005 4.1829E-018
3.18E+005 4.1310E-018
3.19E+005 4.0789E-018
3.2E+005 4.0283E-018
3.21E+005 3.9789E-018
3.22E+005 3.9295E-018
3.23E+005 3.8813E-018
3.24E+005 3.8338E-018
3.25E+005 3.7868E-018
3.26E+005 3.7404E-018
3.27E+005 3.6952E-018
3.28E+005 3.6505E-018
3.29E+005 3.6064E-018
3.3E+005 3.5628E-018
3.31E+005 3.5203E-018
3.32E+005 3.4778E-018
3.33E+005 3.4363E-018
3.34E+005 3.3954E-018
3.35E+005 3.3555E-018
3.36E+005 3.3155E-018
3.37E+005 3.2765E-018
3.38E+005 3.2380E-018
3.39E+005 3.1999E-018
3.4E+005 3.1623E-018
3.41E+005 3.1257E-018
3.42E+005 3.0895E-018
3.43E+005 3.0537E-018
3.44E+005 3.0183E-018
3.45E+005 2.9834E-018
3.46E+005 2.9493E-018
3.47E+005 2.9156E-018
3.48E+005 2.8823E-018
3.49E+005 2.8494E-018
3.5E+005 2.8169E-018
3.51E+005 2.7851E-018
3.52E+005 2.7537E-018
3.53E+005 2.7226E-018
3.54E+005 2.6919E-018
3.55E+005 2.6615E-018
3.56E+005 2.6319E-018
3.57E+005 2.6022E-018
3.58E+005 2.5733E-018
3.59E+005 2.5447E-018
3.6E+005 2.5164E-018
3.61E+005 2.4889E-018
3.62E+005 2.4612E-018
3.63E+005 2.4343E-018
3.64E+005 2.4076E-018
3.65E+005 2.3813E-018
3.66E+005 2.3556E-018
3.67E+005 2.3298E-018
3.68E+005 2.3047E-018
3.69E+005 2.2798E-018
3.7E+005 2.2553E-018
3.71E+005 2.2310E-018
3.72E+005 2.2069E-018
3.73E+005 2.1835E-018
3.74E+005 2.1603E-018
3.75E+005 2.1370E-018
3.76E+005 2.1147E-018
3.77E+005 2.0923E-018
3.78E+005 2.0700E-018
3.79E+005 2.0484E-018
3.8E+005 2.0267E-018
3.81E+005 2.0055E-018
3.82E+005 1.9846E-018
3.83E+005 1.9642E-018
3.84E+005 1.9437E-018
3.85E+005 1.9234E-018
3.86E+005 1.9036E-018
3.87E+005 1.8840E-018
3.88E+005 1.8647E-018
3.89E+005 1.8455E-018
3.9E+005 1.8265E-018
3.91E+005 1.8081E-018
3.92E+005 1.7898E-018
3.93E+005 1.7714E-018
3.94E+005 1.7535E-018
3.95E+005 1.7357E-018
3.96E+005 1.7185E-018
3.97E+005 1.7011E-018
3.98E+005 1.6839E-018
3.99E+005 1.6672E-018
