1140 3.3227E-015
1140 3.3227E-015
1141 0.0000E+000
1141 9.3726E-016
1142 0.0000E+000
1142 0.0000E+000
1143 0.0000E+000
1144 1.0705E-015
1144 0.0000E+000
1145 9.6167E-016
1145 1.0993E-015
1146 0.0000E+000
1147 0.0000E+000
1147 1.7824E-015
1148 1.4144E-015
1148 2.2718E-016
1149 0.0000E+000
1149 0.0000E+000
1150 -3.4227E-016
1151 1.8915E-015
1151 0.0000E+000
1152 0.0000E+000
1152 1.3794E-015
1153 1.2959E-015
1154 1.3719E-015
1154 1.2433E-015
1155 1.7599E-015
1155 6.4726E-016
1156 1.7207E-016
1157 1.9262E-015
1157 5.9302E-016
1158 5.9440E-016
1158 1.7053E-016
1159 1.3671E-015
1159 9.6236E-016
1160 9.3197E-016
1161 1.4536E-015
1161 6.7569E-016
1162 1.4466E-016
1162 8.8127E-016
1163 2.4881E-015
1164 1.1147E-015
1164 1.1109E-016
1165 7.0596E-016
1165 9.8846E-016
1166 7.5601E-016
1166 3.9104E-016
1167 1.5442E-015
1168 4.1668E-016
1168 1.5334E-015
1169 1.1045E-015
1169 1.1414E-015
1170 2.1966E-015
1171 6.1772E-016
1171 1.0997E-015
1172 8.7076E-016
1172 1.2515E-015
1173 1.5544E-015
1173 2.5387E-015
1174 8.8368E-016
1175 5.9486E-016
1175 1.4972E-015
1176 2.0368E-015
1176 1.3688E-015
1177 5.1562E-016
1178 2.4918E-015
1178 1.1990E-015
1179 2.6430E-015
1179 9.2881E-016
1180 2.0527E-015
1180 1.3111E-015
1181 1.6624E-015
1182 2.0372E-015
1182 1.0308E-015
1183 1.0779E-015
1183 1.6845E-015
1184 1.2604E-015
1185 2.0160E-015
1185 1.2659E-015
1186 2.0702E-015
1186 5.6654E-016
1187 9.6210E-016
1187 6.8595E-016
1188 6.6099E-016
1189 2.0333E-015
1189 8.7795E-016
1190 9.8713E-016
1190 1.1018E-015
1191 9.5418E-016
1192 -3.6599E-016
1192 1.4657E-015
1193 2.5987E-015
1193 4.0733E-015
1194 -3.0709E-015
1194 2.2773E-015
1195 -2.0934E-015
1196 1.7076E-015
1196 -1.9943E-015
1197 1.8787E-015
1197 5.4488E-016
1198 3.2882E-015
1199 4.2175E-016
1199 2.7328E-015
1200 2.1285E-015
1200 1.7315E-015
1201 7.1020E-016
1201 -1.8094E-015
1202 2.4261E-015
1203 3.7858E-015
1203 4.2355E-015
1204 1.0771E-015
1204 1.7576E-015
1205 4.2169E-016
1206 1.5944E-015
1206 3.8185E-015
1207 3.8297E-015
1207 1.6842E-015
1208 8.3305E-016
1208 3.7590E-015
1209 3.1085E-015
1210 5.8076E-016
1210 5.9619E-016
1211 -3.0099E-016
1211 1.8968E-015
1212 3.6028E-016
1213 2.2590E-015
1213 6.1151E-016
1214 1.0443E-015
1214 8.1025E-016
1215 2.6215E-015
1215 1.1679E-015
1216 1.1786E-015
1217 -2.6414E-015
1217 2.5790E-015
1218 -4.1890E-016
1218 -9.8192E-016
1219 -7.7952E-016
1220 -4.0981E-016
1220 1.0071E-015
1221 -1.1138E-015
1221 -8.6839E-016
1222 2.5085E-015
1222 8.6234E-016
1223 -2.3866E-016
1224 1.0377E-015
1224 -9.2999E-017
1225 -2.9215E-017
1225 1.3963E-015
1226 2.4592E-015
1227 1.7242E-015
1227 2.0491E-015
1228 1.5755E-015
1228 -1.1319E-016
1229 2.0225E-015
1229 1.1079E-015
1230 1.4824E-015
1231 1.9704E-015
1231 6.9781E-016
1232 3.5584E-015
1232 -2.4383E-016
1233 2.9656E-015
1234 1.7246E-015
1234 2.8923E-015
1235 2.7738E-015
1235 3.6105E-015
1236 2.9841E-015
1236 1.2098E-015
1237 3.4480E-015
1238 1.7881E-015
1238 3.6734E-015
1239 2.3384E-015
1239 3.9099E-015
1240 1.3480E-015
1241 2.3002E-015
1241 2.5291E-015
1242 3.0404E-015
1242 3.0517E-015
1243 2.6559E-015
1243 2.3086E-015
1244 3.1986E-015
1245 2.5545E-015
1245 3.5946E-015
1246 3.3063E-015
1246 3.6849E-015
1247 4.1148E-015
1248 4.8918E-015
1248 4.7349E-015
1249 5.3068E-015
1249 4.7500E-015
1250 5.8627E-015
1250 5.5759E-015
1251 6.7783E-015
1252 5.9951E-015
1252 5.8577E-015
1253 6.4342E-015
1253 5.8950E-015
1254 6.0983E-015
1255 5.8592E-015
1255 7.4817E-015
1256 6.6183E-015
1256 7.1863E-015
1257 6.5292E-015
1257 6.7350E-015
1258 6.8892E-015
1259 5.9172E-015
1259 7.2407E-015
1260 6.1849E-015
1260 4.8101E-015
1261 5.1124E-015
1262 5.3780E-015
1262 5.8569E-015
1263 8.5429E-015
1263 8.4169E-015
1264 8.8972E-015
1264 5.4177E-015
1265 6.1199E-015
1266 7.1084E-015
1266 7.3676E-015
1267 8.7724E-015
1267 7.6076E-015
1268 1.0574E-014
1269 1.0826E-014
1269 1.0675E-014
1270 1.1088E-014
1270 1.1220E-014
1271 1.1644E-014
1271 1.1144E-014
1272 9.7244E-015
1273 1.0639E-014
1273 1.0874E-014
1274 1.1526E-014
1274 1.0167E-014
1275 7.8996E-015
1276 8.4878E-015
1276 9.3842E-015
1277 1.0102E-014
1277 8.1206E-015
1278 9.6400E-015
1278 1.1036E-014
1279 1.2230E-014
1280 1.3244E-014
1280 1.1086E-014
1281 1.2823E-014
1281 1.2079E-014
1282 1.6753E-014
1283 1.6218E-014
1283 1.7823E-014
1284 1.3939E-014
1284 1.6272E-014
1285 1.5498E-014
1285 1.6408E-014
1286 1.7626E-014
1287 1.7484E-014
1287 1.4380E-014
1288 1.2891E-014
1288 1.4634E-014
1289 1.3283E-014
1290 1.7075E-014
1290 1.6592E-014
1291 1.6911E-014
1291 2.0790E-014
1292 2.0363E-014
1292 1.7251E-014
1293 1.9824E-014
1294 2.0070E-014
1294 1.9649E-014
1295 2.0162E-014
1295 1.7872E-014
1296 2.1254E-014
1297 2.1490E-014
1297 2.2858E-014
1298 2.0867E-014
1298 2.2825E-014
1299 2.0157E-014
1299 2.3654E-014
1300 2.0944E-014
1301 2.1172E-014
1301 2.0752E-014
1302 1.6854E-014
1302 1.9560E-014
1303 1.7926E-014
1304 1.6417E-014
1304 1.5979E-014
1305 1.4795E-014
1305 1.5651E-014
1306 1.6668E-014
1306 1.9529E-014
1307 1.8137E-014
1308 1.8156E-014
1308 1.8033E-014
1309 1.7126E-014
1309 1.4939E-014
1310 1.6055E-014
1311 1.7061E-014
1311 1.7625E-014
1312 1.7482E-014
1312 1.8529E-014
1313 2.3114E-014
1313 2.7829E-014
1314 2.6559E-014
1315 2.9591E-014
1315 2.8301E-014
1316 2.7351E-014
1316 2.7203E-014
1317 2.7152E-014
1318 3.0887E-014
1318 3.2839E-014
1319 3.0432E-014
1319 2.9533E-014
1320 3.1358E-014
1320 3.4074E-014
1321 3.1479E-014
1322 3.2138E-014
1322 2.9903E-014
1323 3.1393E-014
1323 2.7492E-014
1324 3.0312E-014
1325 3.0362E-014
1325 2.9091E-014
1326 3.1291E-014
1326 3.2217E-014
1327 2.9355E-014
1327 2.7983E-014
1328 2.7602E-014
1329 2.5607E-014
1329 2.4678E-014
1330 2.9167E-014
1330 2.7752E-014
1331 3.0660E-014
1332 3.2275E-014
1332 3.2295E-014
1333 3.1771E-014
1333 2.8826E-014
1334 3.0303E-014
1334 2.7912E-014
1335 2.3535E-014
1336 2.5094E-014
1336 2.7988E-014
1337 3.5623E-014
1337 3.7560E-014
1338 4.1394E-014
1339 4.0715E-014
1339 4.1087E-014
1340 4.0495E-014
1340 4.5019E-014
1341 4.0217E-014
1341 3.9723E-014
1342 4.1217E-014
1343 4.0882E-014
1343 4.4211E-014
1344 4.4658E-014
1344 4.3825E-014
1345 4.2950E-014
1346 4.2484E-014
1346 4.1986E-014
1347 4.2467E-014
1347 4.4168E-014
1348 4.1542E-014
1348 4.5331E-014
1349 4.1670E-014
1350 4.1468E-014
1350 4.3386E-014
1351 4.1331E-014
1351 4.2078E-014
1352 4.1793E-014
1353 3.9312E-014
1353 3.8314E-014
1354 3.4424E-014
1354 3.3403E-014
1355 3.8817E-014
1355 3.3165E-014
1356 3.3354E-014
1357 3.3107E-014
1357 3.2514E-014
1358 3.5418E-014
1358 3.8117E-014
1359 3.8394E-014
1360 4.0251E-014
1360 4.1352E-014
1361 4.3263E-014
1361 4.2940E-014
1362 3.9986E-014
1362 4.0550E-014
1363 4.0726E-014
1364 4.2244E-014
1364 3.7621E-014
1365 4.2294E-014
1365 4.4428E-014
1366 4.2087E-014
1367 4.2383E-014
1367 4.1001E-014
1368 4.3978E-014
1368 3.6499E-014
1369 3.8095E-014
1369 3.7940E-014
1370 3.8789E-014
1371 4.1029E-014
1371 4.1750E-014
1372 4.5183E-014
1372 4.4892E-014
1373 4.6872E-014
1374 4.0672E-014
1374 4.4649E-014
1375 4.6687E-014
1375 4.5751E-014
1376 4.7738E-014
1376 4.4841E-014
1377 4.7911E-014
1378 4.9383E-014
1378 4.5510E-014
1379 4.8667E-014
1379 4.7089E-014
1380 4.4682E-014
1381 4.8125E-014
1381 4.4347E-014
1382 4.5832E-014
1382 4.5629E-014
1383 4.6955E-014
1383 5.2736E-014
1384 5.1476E-014
1385 5.0878E-014
1385 4.9465E-014
1386 5.4073E-014
1386 5.0874E-014
1387 5.1523E-014
1388 5.4504E-014
1388 5.9131E-014
1389 4.9949E-014
1389 5.6615E-014
1390 5.5720E-014
1390 4.9976E-014
1391 5.7985E-014
1392 5.5876E-014
1392 5.5407E-014
1393 5.4495E-014
1393 5.4912E-014
1394 6.1973E-014
1395 5.7387E-014
1395 5.9229E-014
1396 5.6647E-014
1396 5.6683E-014
1397 5.2501E-014
1397 5.4262E-014
1398 5.3027E-014
1399 5.4319E-014
1399 5.8567E-014
1400 5.4308E-014
1400 5.9666E-014
1401 5.2897E-014
1402 5.4551E-014
1402 5.7549E-014
1403 5.7274E-014
1403 6.1461E-014
1404 5.7318E-014
1404 6.0862E-014
1405 6.4287E-014
1406 6.3495E-014
1406 5.9911E-014
1407 6.8862E-014
1407 6.4069E-014
1408 6.4246E-014
1408 6.5241E-014
1409 6.2389E-014
1410 6.7286E-014
1410 6.0003E-014
1411 6.1576E-014
1411 6.4719E-014
1412 6.2875E-014
1413 6.3526E-014
1413 6.7846E-014
1414 6.0531E-014
1414 6.6592E-014
1415 6.4507E-014
1415 6.7441E-014
1416 7.0646E-014
1417 6.7511E-014
1417 7.1681E-014
1418 7.2424E-014
1418 6.9374E-014
1419 6.9319E-014
1420 7.1212E-014
1420 7.0466E-014
1421 7.1801E-014
1421 8.0053E-014
1422 7.7189E-014
1422 8.0289E-014
1423 8.0417E-014
1424 7.5282E-014
1424 7.6098E-014
1425 6.4118E-014
1425 6.9576E-014
1426 7.6629E-014
1427 7.9953E-014
1427 8.1065E-014
1428 7.9750E-014
1428 8.2363E-014
1429 8.0145E-014
1429 7.7837E-014
1430 7.0767E-014
1431 6.9251E-014
1431 6.4281E-014
1432 5.6354E-014
1432 6.3144E-014
1433 5.8755E-014
1434 5.8077E-014
1434 6.4988E-014
1435 6.6211E-014
1435 6.9214E-014
1436 7.2657E-014
1436 7.9434E-014
1437 7.8708E-014
1438 7.7014E-014
1438 7.4816E-014
1439 7.9738E-014
1439 8.1308E-014
1440 7.6552E-014
1441 8.1816E-014
1441 8.5663E-014
1442 7.5975E-014
1442 8.2412E-014
1443 7.5571E-014
1443 8.2248E-014
1444 8.0306E-014
1445 8.1080E-014
1445 8.3679E-014
1446 8.6534E-014
1446 8.3921E-014
1447 8.5303E-014
1448 8.4047E-014
1448 8.7939E-014
1449 9.0319E-014
1449 9.2561E-014
1450 9.2139E-014
1450 9.2595E-014
1451 9.3692E-014
1452 9.9135E-014
1452 9.9678E-014
1453 8.9938E-014
1453 9.1567E-014
1454 1.0013E-013
1455 9.8199E-014
1455 1.0182E-013
1456 9.9976E-014
1456 9.7513E-014
1457 9.8686E-014
1457 1.0452E-013
1458 1.0311E-013
1459 1.0084E-013
1459 9.6967E-014
1460 9.9663E-014
1460 9.8846E-014
1461 9.7643E-014
1462 1.0088E-013
1462 9.7910E-014
1463 9.7776E-014
1463 9.4560E-014
1464 8.7571E-014
1464 1.0220E-013
1465 1.0735E-013
1466 1.0092E-013
1466 1.0359E-013
1467 9.7204E-014
1467 9.0899E-014
1468 8.0790E-014
1469 8.6356E-014
1469 9.6967E-014
1470 9.6790E-014
1470 9.3016E-014
1471 1.0375E-013
1471 1.0642E-013
1472 1.0003E-013
1473 9.0585E-014
1473 8.3355E-014
1474 8.4950E-014
1474 8.9856E-014
1475 9.9173E-014
1476 9.8022E-014
1476 1.0168E-013
1477 1.1299E-013
1477 1.1463E-013
1478 1.1556E-013
1478 1.1528E-013
1479 1.1714E-013
1480 1.1655E-013
1480 1.1948E-013
1481 1.0245E-013
1481 8.7580E-014
1482 9.8003E-014
1483 9.7132E-014
1483 1.0086E-013
1484 1.1036E-013
1484 1.0957E-013
1485 1.1814E-013
1485 1.1373E-013
1486 1.0638E-013
1487 1.2323E-013
1487 1.2269E-013
1488 1.3185E-013
1488 1.3312E-013
1489 1.2825E-013
1490 1.3574E-013
1490 1.3310E-013
1491 1.3385E-013
1491 1.3352E-013
1492 1.2487E-013
1492 1.0959E-013
1493 1.1181E-013
1494 1.0843E-013
1494 1.1928E-013
1495 1.1265E-013
1495 1.3852E-013
1496 1.3889E-013
1497 1.3053E-013
1497 1.4201E-013
1498 1.5265E-013
1498 1.5209E-013
1499 1.4791E-013
1499 1.4792E-013
1500 1.4616E-013
1501 1.4936E-013
1501 1.4629E-013
1502 1.4409E-013
1502 1.4699E-013
1503 1.4747E-013
1504 1.6160E-013
1504 1.4549E-013
1505 1.4509E-013
1505 1.5157E-013
1506 1.4965E-013
1506 1.5044E-013
1507 1.3541E-013
1508 1.4243E-013
1508 1.3576E-013
1509 1.2917E-013
1509 1.3354E-013
1510 1.3067E-013
1510 1.1777E-013
1511 1.1778E-013
1512 1.1632E-013
1512 1.3258E-013
1513 1.2421E-013
1513 1.4032E-013
1514 1.3688E-013
1515 1.3496E-013
1515 1.3746E-013
1516 1.3657E-013
1516 1.3959E-013
1517 1.5040E-013
1517 1.5733E-013
1518 1.5136E-013
1519 1.5000E-013
1519 1.5081E-013
1520 1.6687E-013
1520 1.4913E-013
1521 1.5667E-013
1522 1.6640E-013
1522 1.4742E-013
1523 1.4725E-013
1523 1.5346E-013
1524 1.5903E-013
1524 1.5001E-013
1525 1.5040E-013
1526 1.4341E-013
1526 1.2124E-013
1527 1.1858E-013
1527 1.3887E-013
1528 1.5818E-013
1529 1.7121E-013
1529 1.6858E-013
1530 1.8945E-013
1530 2.0014E-013
1531 1.8787E-013
1531 1.8270E-013
1532 1.7737E-013
1533 1.4215E-013
1533 1.2476E-013
1534 1.3726E-013
1534 1.5970E-013
1535 1.9651E-013
1536 2.3860E-013
1536 2.4858E-013
1537 2.3920E-013
1537 2.3162E-013
1538 2.6613E-013
1538 3.4707E-013
1539 4.1344E-013
1540 3.8646E-013
1540 3.1448E-013
1541 2.6608E-013
1541 2.8167E-013
1542 3.4387E-013
1543 4.6454E-013
1543 5.1447E-013
1544 4.6660E-013
1544 3.7519E-013
1545 3.2750E-013
1545 3.5300E-013
1546 4.6394E-013
1547 4.6969E-013
1547 4.6842E-013
1548 4.8325E-013
1548 4.7064E-013
1549 5.6181E-013
1550 6.8357E-013
1550 7.1492E-013
1551 5.5324E-013
1551 4.2789E-013
1552 3.7948E-013
1552 4.0414E-013
1553 4.5932E-013
1554 5.7064E-013
1554 6.1213E-013
1555 5.9144E-013
1555 5.4324E-013
1556 5.8223E-013
1557 6.4261E-013
1557 7.6986E-013
1558 7.9831E-013
1558 6.2737E-013
1559 4.4123E-013
1559 3.6499E-013
1560 3.2710E-013
1561 3.1814E-013
1561 3.5337E-013
1562 4.0845E-013
1562 6.4095E-013
1563 8.1434E-013
1564 8.7959E-013
1564 9.9319E-013
1565 1.0346E-012
1565 1.1124E-012
1566 1.1234E-012
1566 1.0200E-012
1567 9.2447E-013
1568 7.3707E-013
1568 6.9637E-013
1569 7.8590E-013
1569 7.7714E-013
1570 7.1871E-013
1571 7.1022E-013
1571 7.2026E-013
1572 7.9833E-013
1572 8.5621E-013
1573 8.0905E-013
1573 6.5868E-013
1574 6.5923E-013
1575 6.6939E-013
1575 7.9906E-013
1576 1.1012E-012
1576 1.2107E-012
1577 1.2477E-012
1578 1.4359E-012
1578 1.3621E-012
1579 1.4200E-012
1579 1.5443E-012
1580 1.4731E-012
1580 1.3328E-012
1581 1.4666E-012
1582 1.5924E-012
1582 1.6512E-012
1583 1.7630E-012
1583 1.6699E-012
1584 1.3939E-012
1584 1.2395E-012
1585 1.2079E-012
1586 1.2036E-012
1586 1.1670E-012
1587 1.1681E-012
1587 1.2282E-012
1588 1.2422E-012
1589 1.2331E-012
1589 1.2570E-012
1590 1.2994E-012
1590 1.2330E-012
1591 1.2773E-012
1591 1.2896E-012
1592 1.1287E-012
1593 1.0772E-012
1593 1.1085E-012
1594 1.0296E-012
1594 8.8484E-013
1595 8.3973E-013
1596 9.2097E-013
1596 1.1278E-012
1597 1.3143E-012
1597 1.3315E-012
1598 1.4315E-012
1598 1.6152E-012
1599 1.8813E-012
1600 1.8592E-012
1600 1.7346E-012
1601 1.6504E-012
1601 1.5640E-012
1602 1.4188E-012
1603 1.2109E-012
1603 1.3163E-012
1604 1.6273E-012
1604 1.8513E-012
1605 1.7829E-012
1605 1.5199E-012
1606 1.4355E-012
1607 1.4966E-012
1607 1.5077E-012
1608 1.4244E-012
1608 1.3935E-012
1609 1.5848E-012
1610 1.8791E-012
1610 1.9285E-012
1611 1.6691E-012
1611 1.5794E-012
1612 1.6172E-012
1612 1.3934E-012
1613 1.3683E-012
1614 1.5983E-012
1614 1.7912E-012
1615 1.8115E-012
1615 1.9524E-012
1616 1.8962E-012
1617 1.7862E-012
1617 1.9168E-012
1618 2.0185E-012
1618 1.8098E-012
1619 1.7084E-012
1619 1.6795E-012
1620 1.6031E-012
1621 1.5301E-012
1621 1.5096E-012
1622 1.4588E-012
1622 1.6559E-012
1623 1.5653E-012
1624 1.7750E-012
1624 2.1483E-012
1625 2.3244E-012
1625 2.0016E-012
1626 1.8752E-012
1626 2.0096E-012
1627 1.9089E-012
1628 1.9254E-012
1628 1.8934E-012
1629 1.6329E-012
1629 1.3153E-012
1630 1.2572E-012
1631 1.4920E-012
1631 1.5618E-012
1632 1.9693E-012
1632 1.9446E-012
1633 1.7568E-012
1633 1.4701E-012
1634 1.6184E-012
1635 1.9780E-012
1635 2.0253E-012
1636 1.9521E-012
1636 1.9842E-012
1637 2.1987E-012
1637 2.2321E-012
1638 2.2802E-012
1639 2.4626E-012
1639 2.3254E-012
1640 2.2167E-012
1640 2.2823E-012
1641 2.3359E-012
1642 2.2477E-012
1642 2.2298E-012
1643 2.2953E-012
1643 2.2597E-012
1644 2.5256E-012
1644 2.8293E-012
1645 3.0442E-012
1646 3.0613E-012
1646 3.0130E-012
1647 3.0675E-012
1647 2.8178E-012
1648 2.6926E-012
1649 2.6075E-012
1649 2.2618E-012
1650 2.1064E-012
1650 2.2877E-012
1651 2.4383E-012
1651 2.4706E-012
1652 2.5972E-012
1653 2.6955E-012
1653 2.5493E-012
1654 2.1226E-012
1654 1.7338E-012
1655 1.6108E-012
1656 1.4229E-012
1656 9.0305E-013
1657 7.0749E-013
1657 6.5734E-013
1658 8.0425E-013
1658 1.2140E-012
1659 1.7152E-012
1660 2.3093E-012
1660 2.6635E-012
1661 2.7523E-012
1661 2.8975E-012
1662 3.0873E-012
1663 3.0022E-012
1663 2.7034E-012
1664 2.7615E-012
1664 2.9300E-012
1665 3.2305E-012
1665 3.3011E-012
1666 2.9368E-012
1667 2.8080E-012
1667 2.8247E-012
1668 2.6720E-012
1668 2.5306E-012
1669 2.3288E-012
1670 1.9472E-012
1670 1.3557E-012
1671 1.0837E-012
1671 1.3088E-012
1672 1.8432E-012
1672 2.1874E-012
1673 2.3588E-012
1674 2.3249E-012
1674 2.0131E-012
1675 2.2372E-012
1675 2.5760E-012
1676 2.7167E-012
1677 2.8202E-012
1677 3.1676E-012
1678 3.2068E-012
1679 2.8592E-012
1681 2.7215E-012
1682 2.8057E-012
1683 2.9571E-012
1685 2.9358E-012
1686 2.8324E-012
1687 2.9335E-012
1689 3.1375E-012
1690 3.0126E-012
1692 3.0598E-012
1693 2.8673E-012
1694 2.7271E-012
1696 2.4765E-012
1697 2.6359E-012
1698 2.9600E-012
1700 3.0103E-012
1701 3.1497E-012
1703 3.2153E-012
1704 3.1577E-012
1705 3.2553E-012
1707 3.3222E-012
1708 3.7843E-012
1709 4.0424E-012
1711 3.8263E-012
1712 3.3976E-012
1714 3.3673E-012
1715 4.0609E-012
1716 4.4558E-012
1718 4.4403E-012
1719 3.8632E-012
1720 3.5217E-012
1722 3.4071E-012
1723 3.3816E-012
1725 3.3397E-012
1726 3.6708E-012
1727 4.5029E-012
1729 4.7135E-012
1730 4.5881E-012
1731 4.0835E-012
1733 4.0031E-012
1734 3.9050E-012
1735 4.0695E-012
1737 4.0590E-012
1738 4.3441E-012
1740 4.2497E-012
1741 4.1604E-012
1742 4.2078E-012
1744 4.3927E-012
1745 4.3768E-012
1746 4.3092E-012
1748 4.3646E-012
1749 4.8024E-012
1751 4.9878E-012
1752 4.7697E-012
1753 5.0899E-012
1755 5.6848E-012
1756 5.6812E-012
1757 5.2133E-012
1759 4.8072E-012
1760 4.4683E-012
1762 4.3897E-012
1763 4.3173E-012
1764 3.9960E-012
1766 3.7977E-012
1767 4.5847E-012
1768 4.4889E-012
1770 4.5045E-012
1771 4.7296E-012
1773 4.9118E-012
1774 5.3021E-012
1775 5.3360E-012
1777 5.4832E-012
1778 5.6872E-012
1779 6.0232E-012
1781 5.5566E-012
1782 5.2122E-012
1784 5.2979E-012
1785 5.1356E-012
1786 4.9157E-012
1788 4.8769E-012
1789 5.3747E-012
1790 5.9889E-012
1792 6.5764E-012
1793 6.5581E-012
1794 6.5269E-012
1796 6.4622E-012
1797 5.9291E-012
1799 6.1416E-012
1800 6.4103E-012
1801 6.5694E-012
1803 6.3212E-012
1804 5.8372E-012
1805 5.7805E-012
1807 5.1033E-012
1808 4.5135E-012
1810 5.2346E-012
1811 6.0348E-012
1812 6.0143E-012
1814 5.6471E-012
1815 5.4351E-012
1816 5.5536E-012
1818 5.4895E-012
1819 5.7536E-012
1821 5.5506E-012
1822 5.8294E-012
1823 5.9443E-012
1825 5.8947E-012
1826 5.5358E-012
1827 5.4165E-012
1829 5.3978E-012
1830 5.2567E-012
1832 4.8691E-012
1833 5.1089E-012
1834 5.6327E-012
1836 5.4811E-012
1837 5.3835E-012
1838 5.1441E-012
1840 4.5956E-012
1841 4.2836E-012
1843 4.4535E-012
1844 4.6538E-012
1845 4.5033E-012
1847 4.2266E-012
1848 4.2300E-012
1849 5.0724E-012
1851 4.6113E-012
1852 4.0593E-012
1853 4.3976E-012
1855 4.8471E-012
1856 5.0451E-012
1858 4.7476E-012
1859 4.4948E-012
1860 4.6536E-012
1862 4.9506E-012
1863 5.0398E-012
1864 4.6499E-012
1866 4.6573E-012
1867 4.9744E-012
1869 5.2249E-012
1870 5.3478E-012
1871 5.4245E-012
1873 5.3130E-012
1874 5.4402E-012
1875 4.9872E-012
1877 4.7873E-012
1878 5.2214E-012
1880 5.4670E-012
1881 5.2615E-012
1882 5.7557E-012
1884 5.7454E-012
1885 5.7305E-012
1886 5.7121E-012
1888 5.4251E-012
1889 5.4869E-012
1891 5.5517E-012
1892 5.5878E-012
1893 5.6923E-012
1895 5.9042E-012
1896 5.5515E-012
1897 5.2056E-012
1899 4.7211E-012
1900 4.6987E-012
1902 4.6379E-012
1903 5.2199E-012
1904 5.4908E-012
1906 5.3148E-012
1907 5.5104E-012
1908 5.1377E-012
1910 4.8244E-012
1911 4.8799E-012
1913 5.5239E-012
1914 5.6475E-012
1915 5.4278E-012
1917 5.6449E-012
1918 5.5797E-012
1919 5.8435E-012
1921 6.0655E-012
1922 5.9057E-012
1924 5.8283E-012
1925 5.7101E-012
1926 5.1686E-012
1928 5.3021E-012
1929 5.2240E-012
1930 4.2926E-012
1932 4.1420E-012
1933 4.9098E-012
1935 5.0061E-012
1936 4.8823E-012
1937 4.9509E-012
1939 5.5827E-012
1940 5.8116E-012
1941 5.8657E-012
1943 6.2971E-012
1944 5.9844E-012
1945 5.9737E-012
1947 5.8821E-012
1948 5.9042E-012
1950 5.6175E-012
1951 5.7816E-012
1952 5.5683E-012
1954 5.6489E-012
1955 5.7357E-012
1956 5.8448E-012
1958 5.8560E-012
1959 5.8978E-012
1961 5.9788E-012
1962 5.5832E-012
1963 5.5257E-012
1965 5.7122E-012
1966 5.9662E-012
1967 6.0494E-012
1969 5.8804E-012
1970 5.9282E-012
1972 6.0278E-012
1973 6.1775E-012
1974 5.9992E-012
1976 5.8445E-012
1977 6.1111E-012
1978 5.9950E-012
1980 5.7960E-012
1981 6.0311E-012
1983 6.1287E-012
1984 5.7401E-012
1985 5.6911E-012
1987 5.6666E-012
1988 5.9073E-012
1989 5.6896E-012
1991 5.3269E-012
1992 5.5276E-012
1994 5.2029E-012
1995 5.1071E-012
1996 5.4843E-012
1998 5.7832E-012
1999 5.5260E-012
2000 5.1423E-012
2002 5.3483E-012
2003 5.5852E-012
2005 5.1707E-012
2006 5.3224E-012
2007 5.2600E-012
2009 5.3277E-012
2010 5.7544E-012
2011 4.9275E-012
2013 4.6823E-012
2014 4.9651E-012
2016 5.1771E-012
2017 5.1337E-012
2018 5.3472E-012
2020 5.2283E-012
2021 5.1066E-012
2022 5.0260E-012
2024 5.2243E-012
2025 5.3298E-012
2027 4.9313E-012
2028 5.4034E-012
2029 5.6179E-012
2031 5.7031E-012
2032 5.4294E-012
2033 4.9757E-012
2035 4.9115E-012
2036 5.0580E-012
2038 5.0213E-012
2039 5.1913E-012
2040 5.0740E-012
2042 5.0269E-012
2043 5.5249E-012
2044 5.7028E-012
2046 5.9331E-012
2047 6.0321E-012
2049 5.8291E-012
2050 5.9427E-012
2051 5.9468E-012
2053 5.9481E-012
2054 5.5943E-012
2055 4.9925E-012
2057 4.9926E-012
2058 5.3342E-012
2060 5.2966E-012
2061 5.4866E-012
2062 5.0922E-012
2064 5.0501E-012
2065 5.3856E-012
2066 5.0779E-012
2068 4.9915E-012
2069 5.2146E-012
2070 5.5353E-012
2072 5.7947E-012
2073 5.5524E-012
2075 5.7922E-012
2076 5.9984E-012
2077 6.2462E-012
2079 6.0389E-012
2080 5.9280E-012
2081 5.8123E-012
2083 5.8950E-012
2084 5.7045E-012
2086 5.4855E-012
2087 5.8743E-012
2088 6.0064E-012
2090 5.9297E-012
2091 5.7187E-012
2092 5.7600E-012
2094 5.6469E-012
2095 5.3630E-012
2097 5.6396E-012
2098 5.3582E-012
2099 5.5972E-012
2101 5.3589E-012
2102 5.2285E-012
2103 5.1161E-012
2105 5.3591E-012
2106 5.7331E-012
2108 5.4918E-012
2109 4.7484E-012
2110 4.7213E-012
2112 4.5485E-012
2113 4.6071E-012
2114 4.5573E-012
2116 5.2981E-012
2117 5.9849E-012
2119 5.8743E-012
2120 5.8829E-012
2121 5.9972E-012
2123 5.5618E-012
2124 5.2785E-012
2125 5.0401E-012
2127 4.9967E-012
2128 4.9343E-012
2130 4.6548E-012
2131 4.2422E-012
2132 3.8828E-012
2134 3.5541E-012
2135 3.2573E-012
2136 3.6911E-012
2138 4.6659E-012
2139 4.4868E-012
2141 4.3513E-012
2142 4.9323E-012
2143 5.0956E-012
2145 5.2759E-012
2146 5.1362E-012
2147 4.7490E-012
2149 4.8674E-012
2150 4.9940E-012
2152 4.7210E-012
2153 4.9621E-012
2154 5.1758E-012
2156 5.1649E-012
2157 5.1184E-012
2158 4.9086E-012
2160 4.4145E-012
2161 4.6466E-012
2163 4.6582E-012
2164 4.8190E-012
2165 4.6405E-012
2167 4.3119E-012
2168 4.2916E-012
2169 4.1940E-012
2171 4.3601E-012
2172 4.4372E-012
2174 4.5276E-012
2175 4.0385E-012
2176 4.0382E-012
2178 4.4375E-012
2179 4.8880E-012
2180 5.0609E-012
2182 5.2506E-012
2183 5.4185E-012
2185 4.9071E-012
2186 4.9068E-012
2187 4.5953E-012
2189 4.2291E-012
2190 4.7809E-012
2191 4.8377E-012
2193 4.7935E-012
2194 5.2053E-012
2196 5.6716E-012
2197 5.7261E-012
2198 5.6019E-012
2200 5.5569E-012
2201 5.2439E-012
2202 5.0060E-012
2204 5.5036E-012
2205 5.3855E-012
2207 4.9612E-012
2208 4.7510E-012
2209 4.5801E-012
2211 4.1782E-012
2212 3.9046E-012
2213 4.4314E-012
2215 4.4031E-012
2216 4.4240E-012
2218 4.2730E-012
2219 4.4587E-012
2220 4.6080E-012
2222 4.5927E-012
2223 4.6720E-012
2224 4.4042E-012
2226 4.4084E-012
2227 4.4112E-012
2229 4.2337E-012
2230 4.7379E-012
2231 4.9770E-012
2233 4.8902E-012
2234 5.2436E-012
2235 5.1527E-012
2237 5.3550E-012
2238 5.1741E-012
2240 4.9708E-012
2241 4.9454E-012
2242 4.4348E-012
2244 4.1053E-012
2245 3.9689E-012
2246 4.1809E-012
2248 4.4181E-012
2249 3.9744E-012
2251 3.8022E-012
2252 4.1129E-012
2253 4.3494E-012
2255 3.7590E-012
2256 3.6951E-012
2257 3.7416E-012
2259 4.2185E-012
2260 4.4394E-012
2262 4.1674E-012
2263 4.5626E-012
2264 4.4670E-012
2266 4.1482E-012
2267 3.8753E-012
2268 4.0239E-012
2270 4.2250E-012
2271 4.5801E-012
2273 4.7443E-012
2274 4.7723E-012
2275 4.6100E-012
2277 4.3458E-012
2278 4.3461E-012
2279 4.5410E-012
2281 4.5816E-012
2282 5.1298E-012
2284 4.9911E-012
2285 4.6550E-012
2286 5.0461E-012
2288 4.8586E-012
2289 4.9826E-012
2290 5.0857E-012
2292 4.8832E-012
2293 4.5591E-012
2295 4.4291E-012
2296 4.4799E-012
2297 4.0057E-012
2299 3.4272E-012
2300 3.6257E-012
2301 3.8948E-012
2303 4.2979E-012
2304 4.0745E-012
2306 4.2864E-012
2307 4.5111E-012
2308 4.4319E-012
2310 4.5042E-012
2311 4.6499E-012
2312 3.9326E-012
2314 3.4854E-012
2315 3.8445E-012
2317 4.2427E-012
2318 4.2569E-012
2319 4.0267E-012
2321 4.0349E-012
2322 4.2346E-012
2323 4.5138E-012
2325 4.4781E-012
2326 3.6458E-012
2328 3.3197E-012
2329 3.7764E-012
2330 4.1677E-012
2332 3.8242E-012
2333 3.4591E-012
2334 3.3306E-012
2336 3.6270E-012
2337 3.7703E-012
2338 3.2232E-012
2340 3.4131E-012
2341 3.4540E-012
2343 3.5023E-012
2344 2.9460E-012
2345 2.4737E-012
2347 2.8711E-012
2348 3.0884E-012
2349 3.1961E-012
2351 3.8828E-012
2352 4.0593E-012
2354 4.2383E-012
2355 3.9057E-012
2356 3.6983E-012
2358 4.0051E-012
2359 3.8700E-012
2360 2.9589E-012
2362 3.1332E-012
2363 3.6819E-012
2365 3.5839E-012
2366 3.3749E-012
2367 3.5039E-012
2369 3.7661E-012
2370 3.7181E-012
2371 3.7922E-012
2373 3.9531E-012
2374 3.4010E-012
2376 3.3847E-012
2377 3.7800E-012
2378 3.9890E-012
2380 3.3848E-012
2381 3.0450E-012
2382 2.2207E-012
2384 2.1665E-012
2385 3.1946E-012
2387 3.8469E-012
2388 3.4330E-012
2389 2.9653E-012
2391 3.1076E-012
2392 3.7560E-012
2393 4.0904E-012
2395 3.5870E-012
2396 2.6199E-012
2398 3.0386E-012
2399 3.4280E-012
2400 3.1565E-012
2402 3.5432E-012
2403 3.5632E-012
2404 3.3716E-012
2406 2.6496E-012
2407 2.5964E-012
2409 2.9059E-012
2410 3.2079E-012
2411 2.7083E-012
2413 2.8720E-012
2414 3.2383E-012
2415 3.5718E-012
2417 3.6332E-012
2418 3.6844E-012
2420 4.0008E-012
2421 4.4824E-012
2422 4.7925E-012
2424 4.2210E-012
2425 3.4858E-012
2426 3.7533E-012
2428 3.9959E-012
2429 3.6142E-012
2431 3.4499E-012
2432 3.9629E-012
2433 3.7933E-012
2435 3.4907E-012
2436 3.3988E-012
2437 3.4945E-012
2439 3.6019E-012
2440 3.9526E-012
2442 4.2119E-012
2443 4.5484E-012
2444 4.4528E-012
2446 3.8466E-012
2447 3.5209E-012
2448 3.7356E-012
2450 3.9458E-012
2451 3.5568E-012
2453 3.7709E-012
2454 3.7774E-012
2455 3.7090E-012
2457 3.9923E-012
2458 4.0000E-012
2459 4.0015E-012
2461 3.8033E-012
2462 3.6082E-012
2464 3.4522E-012
2465 3.4696E-012
2466 3.5540E-012
2468 3.5538E-012
2469 3.6663E-012
2470 3.5812E-012
2472 3.6149E-012
2473 3.6187E-012
2475 3.7238E-012
2476 3.9141E-012
2477 3.6893E-012
2479 3.5539E-012
2480 3.4789E-012
2481 3.8959E-012
2483 3.8609E-012
2484 3.4174E-012
2486 3.6122E-012
2487 3.9714E-012
2488 4.0330E-012
2490 3.7813E-012
2491 3.2213E-012
2492 3.2616E-012
2494 3.6247E-012
2495 4.1119E-012
2497 4.5487E-012
2498 4.3870E-012
2499 4.2570E-012
2501 4.6296E-012
2502 4.3601E-012
2503 4.1947E-012
2505 4.1664E-012
2506 4.0681E-012
2508 3.7234E-012
2509 3.9777E-012
2510 4.2709E-012
2512 3.8417E-012
2513 3.5718E-012
2514 3.7243E-012
2516 3.7137E-012
2517 3.7190E-012
2519 3.5087E-012
2520 3.4166E-012
2521 3.3002E-012
2523 3.2367E-012
2524 3.2042E-012
2525 2.9952E-012
2527 2.6454E-012
2528 2.7255E-012
2530 2.6913E-012
2531 2.8616E-012
2532 3.4438E-012
2534 3.4962E-012
2535 3.1680E-012
2536 3.1130E-012
2538 3.0166E-012
2539 2.8301E-012
2541 2.9807E-012
2542 3.1451E-012
2543 3.0814E-012
2545 3.2503E-012
2546 3.0866E-012
2547 3.0195E-012
2549 2.9405E-012
2550 2.4481E-012
2552 2.9790E-012
2553 3.8783E-012
2554 4.2529E-012
2556 4.2489E-012
2557 3.9194E-012
2558 3.8508E-012
2560 3.9397E-012
2561 3.7328E-012
2563 3.8119E-012
2564 3.4284E-012
2565 3.8051E-012
2567 4.2575E-012
2568 4.1075E-012
2569 4.3064E-012
2571 4.4107E-012
2572 4.1746E-012
2574 4.1939E-012
2575 4.1630E-012
2576 4.0933E-012
2578 3.9212E-012
2579 4.0556E-012
2580 4.3185E-012
2582 4.4631E-012
2583 4.1170E-012
2584 3.9606E-012
2586 3.9991E-012
2587 3.7374E-012
2589 4.1590E-012
2590 4.3447E-012
2591 4.2617E-012
2593 4.1466E-012
2594 4.0840E-012
2595 4.0671E-012
2597 4.2426E-012
2598 3.8904E-012
2600 2.7201E-012
2601 3.0154E-012
2602 4.2441E-012
2604 4.5217E-012
2605 3.9460E-012
2606 3.2178E-012
2608 2.9239E-012
2609 3.3150E-012
2611 3.4198E-012
2612 3.1497E-012
2613 3.0736E-012
2615 3.3452E-012
2616 3.9859E-012
2617 4.3930E-012
2619 3.8899E-012
2620 3.9856E-012
2622 4.0336E-012
2623 4.2782E-012
2624 4.3551E-012
2626 4.2030E-012
2627 3.9023E-012
2628 3.9365E-012
2630 3.6055E-012
2631 3.2732E-012
2633 3.0829E-012
2634 4.0459E-012
2635 4.8259E-012
2637 4.8736E-012
2638 4.7969E-012
2639 4.8230E-012
2641 5.1108E-012
2642 5.2247E-012
2644 5.3603E-012
2645 5.5012E-012
2646 5.3987E-012
2648 5.3691E-012
2649 5.3651E-012
2650 5.2694E-012
2652 5.2147E-012
2653 5.1884E-012
2655 5.2301E-012
2656 5.3767E-012
2657 5.3612E-012
2659 5.1769E-012
2660 4.8794E-012
2661 4.9468E-012
2663 4.5666E-012
2664 4.2437E-012
2666 4.2379E-012
2667 4.3022E-012
2668 4.3363E-012
2670 4.4847E-012
2671 4.5001E-012
2672 4.5149E-012
2674 4.3865E-012
2675 4.9234E-012
2677 5.0203E-012
2678 4.8796E-012
2679 4.5453E-012
2681 4.4756E-012
2682 4.6656E-012
2683 4.8802E-012
2685 4.7361E-012
2686 4.5467E-012
2688 4.5371E-012
2689 4.3694E-012
2690 4.2904E-012
2692 4.3433E-012
2693 4.2497E-012
2694 4.2251E-012
2696 4.5199E-012
2697 4.5027E-012
2699 4.1199E-012
2700 4.0825E-012
2701 4.6598E-012
2703 4.6170E-012
2704 4.7179E-012
2705 4.6882E-012
2707 4.5335E-012
2708 4.3262E-012
2709 4.1905E-012
2711 4.1508E-012
2712 4.2408E-012
2714 4.4786E-012
2715 4.6129E-012
2716 4.4819E-012
2718 4.3045E-012
2719 4.1494E-012
2720 4.1417E-012
2722 4.4195E-012
2723 4.4863E-012
2725 4.3295E-012
2726 4.3726E-012
2727 4.3482E-012
2729 4.2531E-012
2730 4.7120E-012
2731 4.9120E-012
2733 4.8485E-012
2734 4.7723E-012
2736 4.7035E-012
2737 4.5137E-012
2738 4.1507E-012
2740 4.1763E-012
2741 3.8883E-012
2742 3.9637E-012
2744 3.5504E-012
2745 3.6657E-012
2747 3.5828E-012
2748 3.3392E-012
2749 3.5573E-012
2751 3.2132E-012
2752 3.6162E-012
2753 4.0204E-012
2755 3.8906E-012
2756 3.5458E-012
2758 3.4893E-012
2759 3.9928E-012
2760 4.1909E-012
2762 4.0396E-012
2763 3.8986E-012
2764 4.0580E-012
2766 4.2774E-012
2767 4.2319E-012
2769 4.1297E-012
2770 4.0113E-012
2771 4.3490E-012
2773 4.6614E-012
2774 4.7814E-012
2775 4.7174E-012
2777 4.4313E-012
2778 4.2384E-012
2780 4.0742E-012
2781 3.9518E-012
2782 4.1004E-012
2784 4.1429E-012
2785 4.1011E-012
2786 4.3818E-012
2788 4.5487E-012
2789 4.3570E-012
2791 4.0551E-012
2792 3.4471E-012
2793 2.9799E-012
2795 2.2787E-012
2796 1.4946E-012
2797 1.5666E-012
2799 2.0628E-012
2800 2.5391E-012
2801 2.5140E-012
2803 1.8689E-012
2804 1.7916E-012
2806 2.7701E-012
2807 3.6910E-012
2808 4.3355E-012
2810 4.6669E-012
2811 4.5474E-012
2812 4.4621E-012
2814 4.5099E-012
2815 4.9470E-012
2817 5.0401E-012
2818 4.8200E-012
2819 4.9500E-012
2821 5.2811E-012
2822 5.2907E-012
2823 5.0865E-012
2825 5.2140E-012
2826 5.0124E-012
2828 4.8679E-012
2829 4.8602E-012
2830 4.9514E-012
2832 4.7204E-012
2833 4.6611E-012
2834 4.8745E-012
2836 4.8191E-012
2837 4.5709E-012
2839 4.6950E-012
2840 4.5207E-012
2841 4.1288E-012
2843 4.2852E-012
2844 4.3495E-012
2845 4.5701E-012
2847 4.5992E-012
2848 4.4301E-012
2850 4.1863E-012
2851 4.1687E-012
2852 3.9086E-012
2854 3.9715E-012
2855 4.5457E-012
2856 4.3407E-012
2858 3.9778E-012
2859 4.2197E-012
2860 4.7924E-012
2862 4.9529E-012
2863 4.7847E-012
2865 4.7355E-012
2866 4.5121E-012
2867 4.4681E-012
2869 4.3576E-012
2870 4.2463E-012
2871 4.3766E-012
2873 4.6158E-012
2874 4.5438E-012
2876 4.4385E-012
2877 4.2768E-012
2878 4.3810E-012
2880 4.5003E-012
2881 4.4580E-012
2882 4.5630E-012
2884 4.9375E-012
2885 4.9502E-012
2887 4.9888E-012
2888 4.7909E-012
2889 4.4536E-012
2891 4.3067E-012
2892 4.4464E-012
2893 4.3083E-012
2895 4.2925E-012
2896 4.3469E-012
2898 4.4616E-012
2899 4.6114E-012
2900 4.9314E-012
2902 5.3155E-012
2903 5.2867E-012
2904 5.3167E-012
2906 5.4151E-012
2907 5.2389E-012
2909 5.0810E-012
2910 4.9881E-012
2911 4.9055E-012
2913 5.0820E-012
2914 5.4218E-012
2915 5.4219E-012
2917 5.1786E-012
2918 5.1401E-012
2919 5.3041E-012
2921 5.2814E-012
2922 5.0134E-012
2924 4.7991E-012
2925 4.5893E-012
2926 4.7100E-012
2928 4.5967E-012
2929 4.4886E-012
2930 4.6857E-012
2932 5.0541E-012
2933 5.0344E-012
2935 4.8452E-012
2936 4.8466E-012
2937 4.7174E-012
2939 4.8650E-012
2940 4.8882E-012
2941 4.9506E-012
2943 5.0208E-012
2944 5.0978E-012
2946 4.9431E-012
2947 5.0748E-012
2948 4.7653E-012
2950 4.6831E-012
2951 4.8121E-012
2952 5.0219E-012
2954 4.9279E-012
2955 4.8334E-012
2957 5.3105E-012
2958 5.3456E-012
2959 5.3037E-012
2961 5.1535E-012
2962 5.2253E-012
2963 5.3105E-012
2965 5.0655E-012
2966 4.6713E-012
2967 4.9525E-012
2969 5.0695E-012
2970 4.7507E-012
2972 4.6304E-012
2973 4.9566E-012
2974 5.2296E-012
2976 5.4410E-012
2977 5.1570E-012
2978 5.2674E-012
2980 5.1144E-012
2981 4.9372E-012
2983 4.8507E-012
2984 4.9645E-012
2985 4.6908E-012
2987 4.5523E-012
2988 4.9367E-012
2989 5.1843E-012
2991 5.4073E-012
2992 5.5262E-012
2994 5.4739E-012
2995 5.4211E-012
2996 5.4843E-012
2998 5.6183E-012
2999 5.5075E-012
3000 5.0959E-012
3002 4.8790E-012
3003 4.7547E-012
3004 4.9288E-012
3006 5.3937E-012
3007 5.4946E-012
3009 5.3514E-012
3010 5.3944E-012
3011 5.5651E-012
3013 5.5418E-012
3014 5.5658E-012
3015 5.4751E-012
3017 5.2657E-012
3018 5.1259E-012
3020 5.1561E-012
3021 4.9760E-012
3022 5.0086E-012
3024 5.4768E-012
3025 5.4656E-012
3026 5.2317E-012
3028 5.2151E-012
3029 5.4452E-012
3031 5.3024E-012
3032 5.2029E-012
3033 5.1972E-012
3035 5.2125E-012
3036 5.3413E-012
3037 5.3307E-012
3039 5.1188E-012
3040 5.2651E-012
3041 5.2242E-012
3043 5.1124E-012
3044 5.2571E-012
3046 5.3844E-012
3047 5.3446E-012
3048 5.1646E-012
3050 5.1017E-012
3051 5.2156E-012
3052 5.4192E-012
3054 5.4678E-012
3055 5.2728E-012
3057 5.1750E-012
3058 4.8566E-012
3059 4.7615E-012
3061 5.0177E-012
3062 5.3654E-012
3063 5.3010E-012
3065 5.2664E-012
3066 5.0774E-012
3069 5.2988E-012
3071 5.2033E-012
3074 5.1256E-012
3077 5.2182E-012
3080 5.3506E-012
3082 5.4422E-012
3085 5.4388E-012
3088 5.3270E-012
3091 5.1285E-012
3093 5.0430E-012
3096 5.0199E-012
3099 4.9852E-012
3102 4.9282E-012
3104 4.9702E-012
3107 5.2571E-012
3110 5.3921E-012
3113 5.3599E-012
3115 5.1646E-012
3118 4.9250E-012
3121 5.0112E-012
3124 5.0871E-012
3126 5.0892E-012
3129 5.1340E-012
3132 5.0087E-012
3135 5.1883E-012
3137 5.3788E-012
3140 5.4261E-012
3143 5.2813E-012
3146 5.1958E-012
3148 5.3009E-012
3151 5.3419E-012
3154 5.2658E-012
3157 5.1524E-012
3159 4.9901E-012
3162 4.8754E-012
3165 5.1729E-012
3168 5.1812E-012
3170 5.3570E-012
3173 5.4755E-012
3176 5.2940E-012
3179 4.8805E-012
3181 4.7651E-012
3184 5.0459E-012
3187 5.0738E-012
3190 5.1050E-012
3192 4.9132E-012
3195 4.9494E-012
3198 5.1814E-012
3201 5.3633E-012
3203 5.3474E-012
3206 5.3748E-012
3209 5.0851E-012
3212 4.8787E-012
3214 4.8791E-012
3217 4.9494E-012
3220 5.1232E-012
3223 5.1535E-012
3225 5.0132E-012
3228 4.7853E-012
3231 4.7494E-012
3234 4.7562E-012
3236 4.7912E-012
3239 4.8598E-012
3242 5.0711E-012
3245 5.2021E-012
3247 5.1427E-012
3250 5.0528E-012
3253 5.0460E-012
3255 5.1829E-012
3258 5.2382E-012
3261 5.2967E-012
3264 5.3076E-012
3266 5.2701E-012
3269 5.1981E-012
3272 5.1144E-012
3275 5.0710E-012
3277 4.8972E-012
3280 5.0209E-012
3283 5.1982E-012
3286 5.1990E-012
3288 5.1842E-012
3291 5.3017E-012
3294 5.4302E-012
3297 5.4079E-012
3299 5.4615E-012
3302 5.3516E-012
3305 5.2493E-012
3308 5.2236E-012
3310 5.3057E-012
3313 5.2427E-012
3316 5.2644E-012
3319 5.3224E-012
3321 5.1652E-012
3324 5.0423E-012
3327 5.1317E-012
3330 5.1584E-012
3332 5.1955E-012
3335 5.1133E-012
3338 5.0787E-012
3341 5.0131E-012
3343 5.0871E-012
3346 5.0397E-012
3349 4.9407E-012
3352 5.0930E-012
3354 5.2286E-012
3357 5.1678E-012
3360 4.9407E-012
3363 5.0508E-012
3365 5.1845E-012
3368 4.9951E-012
3371 4.9794E-012
3374 5.0146E-012
3376 5.1851E-012
3379 4.9422E-012
3382 4.9342E-012
3385 5.1844E-012
3387 5.1675E-012
3390 5.0648E-012
3393 4.9493E-012
3396 5.1066E-012
3398 5.3116E-012
3401 5.2818E-012
3404 5.1153E-012
3407 5.1201E-012
3409 5.0975E-012
3412 5.2250E-012
3415 5.1814E-012
3418 5.2475E-012
3420 5.2188E-012
3423 5.1360E-012
3426 5.1818E-012
3429 5.3046E-012
3431 5.3090E-012
3434 5.1908E-012
3437 5.1420E-012
3440 5.0087E-012
3442 4.8660E-012
3445 4.9775E-012
3448 5.2189E-012
3451 5.2361E-012
3453 5.1539E-012
3456 5.0765E-012
3459 4.9901E-012
3462 4.9555E-012
3464 5.1030E-012
3467 5.1831E-012
3470 5.1896E-012
3473 5.0777E-012
3475 4.8496E-012
3478 4.9960E-012
3481 5.1366E-012
3484 5.0990E-012
3486 5.1166E-012
3489 4.9957E-012
3492 4.8927E-012
3495 4.8351E-012
3497 4.8588E-012
3500 5.0595E-012
3503 5.1294E-012
3506 5.0634E-012
3508 5.0741E-012
3511 5.0002E-012
3514 5.0021E-012
3517 5.1321E-012
3519 5.1627E-012
3522 5.1195E-012
3525 5.0376E-012
3528 5.0722E-012
3530 5.1550E-012
3533 5.1634E-012
3536 5.1517E-012
3539 5.2098E-012
3541 5.2202E-012
3544 5.2189E-012
3547 5.2739E-012
3550 5.2855E-012
3552 5.2587E-012
3555 5.1592E-012
3558 5.1075E-012
3561 5.1734E-012
3563 5.1449E-012
3566 4.9780E-012
3569 4.9336E-012
3571 4.8609E-012
3574 4.9268E-012
3577 4.9762E-012
3580 4.9919E-012
3582 4.9309E-012
3585 4.7803E-012
3588 4.7596E-012
3591 4.9371E-012
3593 5.0321E-012
3596 5.0462E-012
3599 5.1294E-012
3602 5.0502E-012
3604 4.9428E-012
3607 4.9683E-012
3610 4.9382E-012
3613 4.9141E-012
3615 4.9534E-012
3618 4.9581E-012
3621 4.9299E-012
3624 5.0057E-012
3626 5.0961E-012
3629 5.0868E-012
3632 4.8780E-012
3635 4.9783E-012
3637 5.1013E-012
3640 5.0935E-012
3643 5.0164E-012
3646 4.9785E-012
3648 4.9518E-012
3651 5.0204E-012
3654 5.1099E-012
3657 5.1989E-012
3659 5.1522E-012
3662 5.1166E-012
3665 5.1714E-012
3668 5.1966E-012
3670 5.2155E-012
3673 5.1970E-012
3676 5.1125E-012
3679 4.9881E-012
3681 5.0193E-012
3684 4.9906E-012
3687 4.9478E-012
3690 5.0632E-012
3692 5.1589E-012
3695 5.1725E-012
3698 5.1586E-012
3701 5.2610E-012
3703 5.0470E-012
3706 4.9099E-012
3709 5.1081E-012
3712 4.9563E-012
3714 5.1792E-012
3717 5.6929E-012
3720 5.3729E-012
3723 4.8832E-012
3725 5.4739E-012
3728 5.9953E-012
3731 5.8323E-012
3734 5.0169E-012
3736 4.7925E-012
3739 5.8405E-012
3742 6.5381E-012
3745 6.3391E-012
3747 5.4514E-012
3750 4.6635E-012
3753 5.3347E-012
3756 6.3956E-012
3758 7.0000E-012
3761 7.1088E-012
3764 7.0382E-012
3767 6.2469E-012
3769 5.2982E-012
3772 5.1710E-012
3775 6.1267E-012
3778 7.5278E-012
3780 8.6404E-012
3783 9.0903E-012
3786 9.0189E-012
3789 8.4723E-012
3791 7.8107E-012
3794 6.5873E-012
3797 5.2048E-012
3800 5.0382E-012
3802 6.3491E-012
3805 7.6682E-012
3808 8.6973E-012
3811 9.6089E-012
3813 9.8115E-012
3816 9.9078E-012
3819 1.0238E-011
3822 9.8029E-012
3824 9.1074E-012
3827 8.1054E-012
3830 7.0842E-012
3833 5.8176E-012
3835 4.7803E-012
3838 5.1129E-012
3841 6.4218E-012
3844 7.9568E-012
3846 9.1036E-012
3849 1.0033E-011
3852 1.0658E-011
3855 1.1142E-011
3857 1.1243E-011
3860 1.1509E-011
3863 1.1879E-011
3866 1.1911E-011
3868 1.1857E-011
3871 1.1494E-011
3874 1.0819E-011
3877 1.0142E-011
3879 9.1141E-012
3882 8.2359E-012
3885 6.8948E-012
3888 5.3772E-012
3890 4.8873E-012
3893 5.9243E-012
3896 7.2234E-012
3899 8.2612E-012
3901 9.1171E-012
3904 9.9059E-012
3907 1.0637E-011
3910 1.1601E-011
3912 1.2135E-011
3915 1.2145E-011
3918 1.2349E-011
3921 1.2513E-011
3923 1.2738E-011
3926 1.2572E-011
3929 1.1815E-011
3932 9.7722E-012
3934 7.7844E-012
3937 9.6611E-012
3940 1.1698E-011
3943 1.2217E-011
3945 1.2021E-011
3948 1.1807E-011
3951 1.1300E-011
3954 1.0885E-011
3956 1.0265E-011
3959 9.4130E-012
3962 8.4649E-012
3965 7.1486E-012
3967 5.5204E-012
3970 4.3386E-012
3973 5.1129E-012
3976 6.5505E-012
3978 7.9034E-012
3981 8.9908E-012
3984 9.8031E-012
3987 1.0544E-011
3989 1.1253E-011
3992 1.1793E-011
3995 1.2354E-011
3998 1.2498E-011
4000 1.2815E-011
4003 1.3009E-011
4006 1.2861E-011
4009 1.3170E-011
4011 1.3461E-011
4014 1.3489E-011
4017 1.3695E-011
4020 1.3858E-011
4022 1.3821E-011
4025 1.3658E-011
4028 1.3701E-011
4031 1.3406E-011
4033 1.3323E-011
4036 1.3673E-011
4039 1.3923E-011
4042 1.3869E-011
4044 1.3574E-011
4047 1.3301E-011
4050 1.3538E-011
4053 1.3509E-011
4055 1.3237E-011
4058 1.3073E-011
4061 1.3025E-011
4064 1.2732E-011
4066 1.2584E-011
4069 1.2472E-011
4072 1.2255E-011
4075 1.1893E-011
4077 1.1495E-011
4080 1.1312E-011
4083 1.1100E-011
4086 1.0576E-011
4088 1.0010E-011
4091 9.3152E-012
4094 8.4068E-012
4097 7.2023E-012
4099 5.8924E-012
4102 4.8693E-012
4105 5.3449E-012
4107 6.6048E-012
4110 7.7053E-012
4113 8.7168E-012
4116 9.5831E-012
4118 1.0145E-011
4121 1.0613E-011
4124 1.1058E-011
4127 1.1414E-011
4129 1.1456E-011
4132 1.1617E-011
4135 1.2139E-011
4138 1.2511E-011
4140 1.2861E-011
4143 1.2666E-011
4146 1.2670E-011
4149 1.2884E-011
4151 1.2978E-011
4154 1.2934E-011
4157 1.2659E-011
4160 1.2826E-011
4162 1.2903E-011
4165 1.2960E-011
4168 1.2851E-011
4171 1.2675E-011
4173 1.2283E-011
4176 1.2322E-011
4179 1.2315E-011
4182 1.2523E-011
4184 1.2637E-011
4187 1.2596E-011
4190 1.2732E-011
4193 1.2960E-011
4195 1.2942E-011
4198 1.2604E-011
4201 1.2429E-011
4204 1.2607E-011
4206 1.2834E-011
4209 1.2950E-011
4212 1.2955E-011
4215 1.2803E-011
4217 1.2583E-011
4220 1.2650E-011
4223 1.2602E-011
4226 1.2274E-011
4228 1.2135E-011
4231 1.2459E-011
4234 1.2311E-011
4237 1.2360E-011
4239 1.2460E-011
4242 1.2547E-011
4245 1.2490E-011
4248 1.2112E-011
4250 1.2093E-011
4253 1.2255E-011
4256 1.2420E-011
4259 1.2376E-011
4261 1.2210E-011
4264 1.2431E-011
4267 1.2490E-011
4270 1.2260E-011
4272 1.1806E-011
4275 1.1891E-011
4278 1.2147E-011
4281 1.2183E-011
4283 1.1985E-011
4286 1.1761E-011
4289 1.1602E-011
4292 1.1386E-011
4294 1.1432E-011
4297 1.1293E-011
4300 1.0839E-011
4303 1.0551E-011
4305 1.0739E-011
4308 1.0682E-011
4311 1.0595E-011
4314 1.0298E-011
4316 9.9623E-012
4319 9.9098E-012
4322 9.5781E-012
4325 9.1373E-012
4327 8.4414E-012
4330 8.0650E-012
4333 7.3781E-012
4336 6.4538E-012
4338 5.2736E-012
4341 4.5690E-012
4344 4.9577E-012
4347 6.0628E-012
4349 7.0029E-012
4352 7.6202E-012
4355 8.3303E-012
4358 9.0525E-012
4360 9.5595E-012
4363 9.9642E-012
4366 1.0246E-011
4369 1.0349E-011
4371 1.0491E-011
4374 1.0642E-011
4377 1.0708E-011
4380 1.1081E-011
4382 1.0997E-011
4385 1.0607E-011
4388 1.0816E-011
4391 1.1109E-011
4393 1.1114E-011
4396 1.1043E-011
4399 1.1107E-011
4402 1.1076E-011
4404 1.1211E-011
4407 1.1264E-011
4410 1.1429E-011
4413 1.1364E-011
4415 1.1115E-011
4418 1.0925E-011
4421 1.1221E-011
4424 1.1382E-011
4426 1.1426E-011
4429 1.1473E-011
4432 1.1431E-011
4435 1.1331E-011
4437 1.1352E-011
4440 1.1458E-011
4443 1.1245E-011
4446 1.1131E-011
4448 1.1329E-011
4451 1.1230E-011
4454 1.1191E-011
4456 1.1050E-011
4459 1.1122E-011
4462 1.1171E-011
4465 1.1099E-011
4467 1.1126E-011
4470 1.1043E-011
4473 1.1043E-011
4476 1.1118E-011
4478 1.0948E-011
4481 1.0375E-011
4484 1.0403E-011
4487 1.1004E-011
4489 1.0938E-011
4492 1.0861E-011
4495 1.1030E-011
4498 1.1066E-011
4500 1.1134E-011
4503 1.1101E-011
4506 1.1080E-011
4509 1.1080E-011
4511 1.1138E-011
4514 1.1132E-011
4517 1.0974E-011
4520 1.0906E-011
4522 1.0773E-011
4525 1.0754E-011
4528 1.0764E-011
4531 1.0625E-011
4533 1.0618E-011
4536 1.0689E-011
4539 1.0944E-011
4542 1.0733E-011
4544 1.0840E-011
4547 1.0593E-011
4550 1.0298E-011
4553 1.0344E-011
4555 1.0253E-011
4558 1.0322E-011
4561 1.0574E-011
4564 1.0651E-011
4566 1.0666E-011
4569 1.0775E-011
4572 1.0564E-011
4575 1.0553E-011
4577 1.0604E-011
4580 1.0553E-011
4583 1.0319E-011
4586 1.0237E-011
4588 1.0332E-011
4591 1.0339E-011
4594 1.0431E-011
4597 1.0563E-011
4599 1.0600E-011
4602 1.0636E-011
4605 1.0663E-011
4608 1.0639E-011
4610 1.0605E-011
4613 1.0579E-011
4616 1.0573E-011
4619 1.0366E-011
4621 1.0324E-011
4624 1.0492E-011
4627 1.0491E-011
4630 1.0364E-011
4632 1.0362E-011
4635 1.0308E-011
4638 1.0347E-011
4641 1.0427E-011
4643 1.0447E-011
4646 1.0422E-011
4649 1.0270E-011
4652 1.0385E-011
4654 1.0285E-011
4657 1.0244E-011
4660 1.0299E-011
4662 1.0266E-011
4665 1.0164E-011
4668 1.0023E-011
4671 1.0004E-011
4673 1.0163E-011
4676 1.0235E-011
4679 1.0189E-011
4682 1.0206E-011
4684 1.0248E-011
4687 1.0241E-011
4690 1.0194E-011
4693 1.0133E-011
4695 1.0109E-011
4698 1.0048E-011
4701 9.9720E-012
4704 9.7896E-012
4706 9.9024E-012
4709 9.9375E-012
4712 9.9921E-012
4715 9.9437E-012
4717 9.9616E-012
4720 9.9878E-012
4723 1.0055E-011
4726 1.0007E-011
4728 9.8742E-012
4731 9.8041E-012
4734 9.7863E-012
4737 9.8231E-012
4739 9.8283E-012
4742 9.8495E-012
4745 9.8080E-012
4748 9.8159E-012
4750 9.8137E-012
4753 9.7839E-012
4756 9.7338E-012
4759 9.7190E-012
4761 9.5784E-012
4764 9.4808E-012
4767 9.4947E-012
4770 9.5252E-012
4772 9.4874E-012
4775 9.4978E-012
4778 9.5382E-012
4781 9.5046E-012
4783 9.4901E-012
4786 9.4378E-012
4789 9.3525E-012
4792 9.3481E-012
4794 9.3611E-012
4797 9.3123E-012
4800 9.2640E-012
4803 9.1923E-012
4805 9.0853E-012
4808 9.0827E-012
4811 9.0729E-012
4813 9.0548E-012
4816 9.0236E-012
4819 8.9151E-012
4822 8.7592E-012
4824 8.6151E-012
4827 8.5726E-012
4830 8.4880E-012
4833 8.3621E-012
4835 8.1925E-012
4838 7.9944E-012
4841 7.7672E-012
4844 7.5240E-012
4846 7.1480E-012
4849 6.6821E-012
4852 6.2844E-012
4855 5.6818E-012
4857 4.9865E-012
4860 4.1896E-012
4863 3.9985E-012
4866 4.4904E-012
4868 5.1969E-012
4871 5.7607E-012
4874 6.1874E-012
4877 6.6018E-012
4879 7.0073E-012
4882 7.3437E-012
4885 7.5196E-012
4888 7.6683E-012
4890 7.7726E-012
4893 7.9062E-012
4896 8.2131E-012
4899 8.3552E-012
4901 8.3660E-012
4904 8.4262E-012
4907 8.5055E-012
4910 8.5061E-012
4912 8.4553E-012
4915 8.5570E-012
4918 8.5290E-012
4921 8.2706E-012
4923 8.2802E-012
4926 8.4165E-012
4929 8.6340E-012
4932 8.6454E-012
4934 8.5742E-012
4937 8.5553E-012
4940 8.6153E-012
4942 8.7133E-012
4945 8.7364E-012
4948 8.7471E-012
4951 8.7316E-012
4953 8.6438E-012
4956 8.5257E-012
4959 8.4332E-012
4962 8.6420E-012
4964 8.6805E-012
4967 8.6495E-012
4970 8.5956E-012
4973 8.6373E-012
4975 8.6749E-012
4978 8.6451E-012
4981 8.5221E-012
4984 8.3694E-012
4986 8.4085E-012
4989 8.4996E-012
4992 8.5054E-012
4995 8.5389E-012
4997 8.5740E-012
5000 8.4729E-012
5003 8.2971E-012
5006 8.2696E-012
5008 8.2602E-012
5011 8.3522E-012
5014 8.2905E-012
5017 8.2006E-012
5019 8.0052E-012
5022 8.1446E-012
5025 8.3290E-012
5028 8.3502E-012
5030 8.3727E-012
5033 8.3749E-012
5036 8.3377E-012
5038 8.2839E-012
5041 8.1398E-012
5044 8.2206E-012
5047 8.3335E-012
5049 8.2920E-012
5052 8.1911E-012
5055 8.2023E-012
5058 8.2109E-012
5060 8.3074E-012
5063 8.2967E-012
5066 8.2510E-012
5069 8.2404E-012
5071 8.2247E-012
5074 8.1490E-012
5077 8.1546E-012
5080 8.1168E-012
5082 8.1024E-012
5085 8.1351E-012
5088 8.1982E-012
5091 8.1984E-012
5093 8.2150E-012
5096 8.1534E-012
5099 8.0368E-012
5102 8.0660E-012
5104 8.1298E-012
5107 8.1302E-012
5110 8.1206E-012
5113 8.1501E-012
5115 8.1424E-012
5118 8.1416E-012
5121 8.1139E-012
5124 8.0247E-012
5126 7.9609E-012
5129 7.9358E-012
5132 7.9257E-012
5134 7.8854E-012
5137 7.8437E-012
5140 7.7651E-012
5143 7.8107E-012
5145 7.8411E-012
5148 7.8731E-012
5151 7.8714E-012
5154 7.8440E-012
5156 7.8519E-012
5159 7.8501E-012
5162 7.7660E-012
5165 7.6388E-012
5167 7.3510E-012
5170 7.1570E-012
5173 7.3139E-012
5176 7.5589E-012
5178 7.7091E-012
5181 7.6780E-012
5184 7.4659E-012
5187 7.4645E-012
5189 7.4935E-012
5192 7.5126E-012
5195 7.4987E-012
5198 7.4549E-012
5200 7.5510E-012
5203 7.6078E-012
5206 7.5048E-012
5209 7.4982E-012
5211 7.5860E-012
5214 7.5972E-012
5217 7.5648E-012
5219 7.6159E-012
5222 7.6212E-012
5225 7.5091E-012
5228 7.2505E-012
5230 7.3442E-012
5233 7.2758E-012
5236 7.2595E-012
5239 7.4020E-012
5241 7.5037E-012
5244 7.5408E-012
5247 7.5555E-012
5250 7.5358E-012
5252 7.5134E-012
5255 7.4805E-012
5258 7.4749E-012
5261 7.4159E-012
5263 7.2345E-012
5266 7.0812E-012
5269 7.0616E-012
5272 7.0347E-012
5274 7.1496E-012
5277 7.1421E-012
5280 7.2428E-012
5282 7.2437E-012
5285 7.2475E-012
5288 7.3837E-012
5291 7.4263E-012
5293 7.4612E-012
5296 7.3987E-012
5299 7.4026E-012
5302 7.3486E-012
5304 7.3138E-012
5307 7.3012E-012
5310 7.2980E-012
5313 7.2713E-012
5315 7.1069E-012
5318 7.0629E-012
5321 7.1851E-012
5324 7.1217E-012
5326 7.0192E-012
5329 6.9484E-012
5332 7.0637E-012
5335 7.1470E-012
5337 7.0837E-012
5340 7.0452E-012
5343 7.0678E-012
5346 7.1832E-012
5348 7.1904E-012
5351 7.1886E-012
5354 7.2137E-012
5356 7.2047E-012
5359 7.1889E-012
5362 7.0693E-012
5365 6.9815E-012
5367 6.9638E-012
5370 6.9318E-012
5373 6.9533E-012
5376 7.0382E-012
5378 7.0817E-012
5381 6.9828E-012
5384 6.9801E-012
5387 7.0087E-012
5389 7.0114E-012
5392 7.0045E-012
5395 6.9604E-012
5398 6.9058E-012
5400 6.9041E-012
5403 6.8275E-012
5406 6.7613E-012
5409 6.8257E-012
5411 6.8184E-012
5414 6.8170E-012
5417 6.8251E-012
5419 6.8697E-012
5422 6.8471E-012
5425 6.7791E-012
5428 6.7830E-012
5430 6.7725E-012
5433 6.8129E-012
5436 6.8243E-012
5439 6.8840E-012
5441 6.8760E-012
5444 6.8432E-012
5447 6.7755E-012
5450 6.8264E-012
5454 6.7272E-012
5459 6.7522E-012
5464 6.8093E-012
5468 6.7550E-012
5473 6.7279E-012
5478 6.7085E-012
5483 6.7388E-012
5488 6.7305E-012
5493 6.7370E-012
5498 6.7078E-012
5502 6.6453E-012
5507 6.6338E-012
5512 6.6451E-012
5517 6.6604E-012
5522 6.6309E-012
5527 6.5542E-012
5532 6.5263E-012
5537 6.5255E-012
5541 6.5170E-012
5546 6.5545E-012
5551 6.5682E-012
5556 6.5239E-012
5561 6.5101E-012
5566 6.4279E-012
5571 6.4168E-012
5576 6.4238E-012
5580 6.4080E-012
5585 6.3705E-012
5590 6.2907E-012
5595 6.2609E-012
5600 6.2952E-012
5605 6.3091E-012
5610 6.3259E-012
5615 6.3178E-012
5619 6.2901E-012
5624 6.3154E-012
5629 6.3073E-012
5634 6.2381E-012
5639 6.2781E-012
5644 6.2401E-012
5649 6.2305E-012
5654 6.1870E-012
5658 6.1488E-012
5663 6.1272E-012
5668 6.1627E-012
5673 6.1922E-012
5678 6.1910E-012
5683 6.1635E-012
5688 6.0755E-012
5693 6.0931E-012
5697 6.1059E-012
5702 6.0756E-012
5707 6.0250E-012
5712 6.0003E-012
5717 6.0493E-012
5722 6.0269E-012
5727 6.0194E-012
5732 5.9880E-012
5736 5.9966E-012
5741 6.0261E-012
5746 6.0145E-012
5751 5.9747E-012
5756 5.9223E-012
5761 5.9058E-012
5766 5.9132E-012
5770 5.9200E-012
5775 5.8969E-012
5780 5.8823E-012
5785 5.8592E-012
5790 5.8677E-012
5795 5.8713E-012
5800 5.8247E-012
5805 5.7777E-012
5809 5.8115E-012
5814 5.7868E-012
5819 5.7729E-012
5824 5.7533E-012
5829 5.7488E-012
5834 5.7201E-012
5839 5.7245E-012
5844 5.7143E-012
5848 5.6950E-012
5853 5.6843E-012
5858 5.6508E-012
5863 5.6149E-012
5868 5.6704E-012
5873 5.6707E-012
5878 5.6155E-012
5883 5.6222E-012
5887 5.5168E-012
5892 5.4324E-012
5897 5.4223E-012
5902 5.4955E-012
5907 5.5312E-012
5912 5.5626E-012
5917 5.5401E-012
5922 5.5287E-012
5926 5.4953E-012
5931 5.4426E-012
5936 5.4856E-012
5941 5.5001E-012
5946 5.4564E-012
5951 5.4318E-012
5956 5.4080E-012
5961 5.3978E-012
5966 5.4047E-012
5970 5.3997E-012
5975 5.3887E-012
5980 5.3486E-012
5985 5.3335E-012
5990 5.3289E-012
5995 5.2832E-012
6000 5.3094E-012
6005 5.2973E-012
6009 5.2565E-012
6014 5.2645E-012
6019 5.2424E-012
6024 5.2018E-012
6029 5.2396E-012
6034 5.2449E-012
6039 5.2240E-012
6044 5.2055E-012
6048 5.2117E-012
6053 5.2106E-012
6058 5.1848E-012
6063 5.1541E-012
6068 5.1440E-012
6073 5.1363E-012
6078 5.1420E-012
6083 5.1354E-012
6087 5.0847E-012
6092 5.0941E-012
6097 5.0721E-012
6102 5.0679E-012
6107 5.0601E-012
6112 5.0477E-012
6117 5.0162E-012
6122 5.0026E-012
6126 5.0015E-012
6131 4.9736E-012
6136 4.9896E-012
6141 4.9438E-012
6146 4.9086E-012
6151 4.8819E-012
6156 4.8716E-012
6161 4.8432E-012
6165 4.8683E-012
6170 4.8891E-012
6175 4.9024E-012
6180 4.9018E-012
6185 4.8741E-012
6190 4.8859E-012
6195 4.8698E-012
6200 4.8654E-012
6204 4.8826E-012
6209 4.8419E-012
6214 4.8170E-012
6219 4.7942E-012
6224 4.7966E-012
6229 4.7745E-012
6234 4.7841E-012
6239 4.7524E-012
6244 4.6981E-012
6248 4.6742E-012
6253 4.6988E-012
6258 4.7215E-012
6263 4.6840E-012
6268 4.6993E-012
6273 4.7381E-012
6278 4.7091E-012
6283 4.6856E-012
6287 4.6771E-012
6292 4.6794E-012
6297 4.6882E-012
6302 4.6634E-012
6307 4.6117E-012
6312 4.6072E-012
6317 4.5855E-012
6322 4.5424E-012
6326 4.5188E-012
6331 4.5009E-012
6336 4.4897E-012
6341 4.4981E-012
6346 4.4814E-012
6351 4.4896E-012
6356 4.5400E-012
6361 4.5214E-012
6365 4.4979E-012
6370 4.4324E-012
6375 4.4314E-012
6380 4.4686E-012
6385 4.4729E-012
6390 4.4745E-012
6395 4.4621E-012
6400 4.4151E-012
6405 4.3970E-012
6409 4.3455E-012
6414 4.3606E-012
6419 4.3577E-012
6424 4.3685E-012
6429 4.3533E-012
6434 4.3391E-012
6439 4.3065E-012
6444 4.2934E-012
6448 4.2792E-012
6453 4.2484E-012
6458 4.1901E-012
6463 4.2188E-012
6468 4.2543E-012
6473 4.2675E-012
6478 4.2442E-012
6483 4.2148E-012
6487 4.2157E-012
6492 4.1668E-012
6497 4.1389E-012
6502 4.1509E-012
6507 4.1458E-012
6512 4.1033E-012
6517 4.0729E-012
6522 4.0398E-012
6527 3.9714E-012
6531 3.9380E-012
6536 3.8660E-012
6541 3.7495E-012
6546 3.5600E-012
6551 3.3406E-012
6556 3.0141E-012
6561 2.7314E-012
6566 2.7143E-012
6570 2.8852E-012
6575 3.1946E-012
6580 3.4268E-012
6585 3.5757E-012
6590 3.7035E-012
6595 3.7550E-012
6600 3.8396E-012
6605 3.8689E-012
6610 3.9112E-012
6614 3.9253E-012
6619 3.9701E-012
6624 3.9650E-012
6629 3.9749E-012
6634 3.9549E-012
6639 3.9532E-012
6644 3.9507E-012
6649 3.9557E-012
6653 3.9524E-012
6658 3.9499E-012
6663 3.9520E-012
6668 3.9403E-012
6673 3.9328E-012
6678 3.9230E-012
6683 3.9496E-012
6688 3.9445E-012
6692 3.9451E-012
6697 3.9310E-012
6702 3.9087E-012
6707 3.8982E-012
6712 3.8998E-012
6717 3.8996E-012
6722 3.8639E-012
6727 3.8488E-012
6732 3.8700E-012
6736 3.8675E-012
6741 3.8581E-012
6746 3.8300E-012
6751 3.8024E-012
6756 3.8269E-012
6761 3.8290E-012
6766 3.8236E-012
6771 3.8169E-012
6775 3.8119E-012
6780 3.8057E-012
6785 3.7783E-012
6790 3.7776E-012
6795 3.7783E-012
6800 3.7787E-012
6805 3.7601E-012
6810 3.7348E-012
6815 3.7492E-012
6819 3.7316E-012
6824 3.7320E-012
6829 3.7091E-012
6834 3.7101E-012
6839 3.6938E-012
6844 3.6826E-012
6849 3.6850E-012
6854 3.6854E-012
6858 3.6629E-012
6863 3.6655E-012
6868 3.6671E-012
6873 3.6539E-012
6878 3.6446E-012
6883 3.6368E-012
6888 3.6443E-012
6893 3.6463E-012
6898 3.6493E-012
6902 3.6180E-012
6907 3.6089E-012
6912 3.5993E-012
6917 3.5806E-012
6922 3.5817E-012
6927 3.5826E-012
6932 3.5895E-012
6937 3.5397E-012
6941 3.5565E-012
6946 3.5560E-012
6951 3.5399E-012
6956 3.5309E-012
6961 3.5090E-012
6966 3.5410E-012
6971 3.5262E-012
6976 3.5110E-012
6981 3.5081E-012
6985 3.5028E-012
6990 3.4768E-012
6995 3.4788E-012
7000 3.4600E-012
7005 3.4188E-012
7010 3.4327E-012
7015 3.4554E-012
7020 3.4420E-012
7024 3.4305E-012
7029 3.4199E-012
7034 3.4128E-012
7039 3.4089E-012
7044 3.4071E-012
7049 3.3899E-012
7054 3.3937E-012
7059 3.3817E-012
7064 3.3796E-012
7068 3.3708E-012
7073 3.3680E-012
7078 3.3534E-012
7083 3.3516E-012
7088 3.3266E-012
7093 3.3422E-012
7098 3.3346E-012
7103 3.3172E-012
7107 3.2993E-012
7112 3.2850E-012
7117 3.2711E-012
7122 3.2749E-012
7127 3.2992E-012
7132 3.2873E-012
7137 3.2828E-012
7142 3.2861E-012
7147 3.2694E-012
7151 3.2627E-012
7156 3.2572E-012
7161 3.2558E-012
7166 3.2315E-012
7171 3.2298E-012
7176 3.2350E-012
7181 3.2188E-012
7186 3.2102E-012
7191 3.2062E-012
7195 3.2027E-012
7200 3.1873E-012
7205 3.1998E-012
7210 3.1896E-012
7215 3.1937E-012
7220 3.1840E-012
7225 3.1631E-012
7230 3.1749E-012
7234 3.1683E-012
7239 3.1595E-012
7244 3.1447E-012
7249 3.1202E-012
7254 3.1161E-012
7259 3.1360E-012
7264 3.1250E-012
7269 3.1229E-012
7274 3.1488E-012
7278 3.0994E-012
7283 3.0845E-012
7288 3.0756E-012
7293 3.0648E-012
7298 3.0614E-012
7303 3.0713E-012
7308 3.0470E-012
7313 3.0441E-012
7317 3.0520E-012
7322 3.0564E-012
7327 3.0447E-012
7332 3.0419E-012
7337 3.0366E-012
7342 3.0396E-012
7347 3.0229E-012
7352 3.0173E-012
7357 3.0093E-012
7361 3.0252E-012
7366 3.0060E-012
7371 2.9897E-012
7376 2.9907E-012
7381 2.9813E-012
7386 2.9685E-012
7391 2.9615E-012
7396 2.9659E-012
7401 2.9732E-012
7405 2.9545E-012
7410 2.9214E-012
7415 2.9060E-012
7420 2.9131E-012
7425 2.9115E-012
7430 2.9043E-012
7435 2.9082E-012
7440 2.8943E-012
7444 2.9117E-012
7449 2.8996E-012
7454 2.9003E-012
7459 2.8864E-012
7464 2.8820E-012
7469 2.8694E-012
7474 2.8748E-012
7479 2.8538E-012
7484 2.8585E-012
7488 2.8530E-012
7493 2.8407E-012
7498 2.8395E-012
7503 2.8252E-012
7508 2.8194E-012
7513 2.8071E-012
7518 2.8180E-012
7523 2.8218E-012
7528 2.8078E-012
7532 2.8091E-012
7537 2.7947E-012
7542 2.8046E-012
7547 2.8124E-012
7552 2.7836E-012
7557 2.7982E-012
7562 2.7883E-012
7567 2.7926E-012
7571 2.7595E-012
7576 2.7713E-012
7581 2.7499E-012
7586 2.7581E-012
7591 2.7693E-012
7596 2.7477E-012
7601 2.7446E-012
7606 2.7258E-012
7611 2.7221E-012
7615 2.7020E-012
7620 2.7079E-012
7625 2.7071E-012
7630 2.7060E-012
7635 2.7103E-012
7640 2.7045E-012
7645 2.7073E-012
7650 2.6961E-012
7655 2.6830E-012
7659 2.6714E-012
7664 2.6502E-012
7669 2.6604E-012
7674 2.6666E-012
7679 2.6538E-012
7684 2.6416E-012
7689 2.6465E-012
7694 2.6418E-012
7698 2.6435E-012
7703 2.6524E-012
7708 2.6368E-012
7713 2.6214E-012
7718 2.6264E-012
7723 2.6195E-012
7728 2.6201E-012
7733 2.6038E-012
7738 2.5984E-012
7742 2.5947E-012
7747 2.5969E-012
7752 2.5946E-012
7757 2.5961E-012
7762 2.5934E-012
7767 2.5544E-012
7772 2.4824E-012
7777 2.4302E-012
7782 2.5046E-012
7786 2.5282E-012
7791 2.5435E-012
7796 2.5465E-012
7801 2.5542E-012
7806 2.5753E-012
7811 2.5572E-012
7816 2.5526E-012
7821 2.5417E-012
7825 2.5422E-012
7830 2.5297E-012
7835 2.4907E-012
7840 2.5222E-012
7845 2.4958E-012
7850 2.4951E-012
7855 2.5076E-012
7860 2.5161E-012
7865 2.5180E-012
7869 2.5160E-012
7874 2.4826E-012
7879 2.4670E-012
7884 2.4555E-012
7889 2.4462E-012
7894 2.4566E-012
7899 2.4349E-012
7904 2.4607E-012
7909 2.4575E-012
7913 2.4454E-012
7918 2.4514E-012
7923 2.4412E-012
7928 2.4477E-012
7933 2.4302E-012
7938 2.4330E-012
7943 2.4053E-012
7948 2.3896E-012
7952 2.4173E-012
7957 2.4134E-012
7962 2.4081E-012
7967 2.3928E-012
7972 2.3980E-012
7977 2.4042E-012
7982 2.3982E-012
7987 2.3961E-012
7992 2.3991E-012
7996 2.3939E-012
8001 2.3778E-012
8006 2.3673E-012
8011 2.3892E-012
8016 2.3685E-012
8021 2.3739E-012
8026 2.3422E-012
8031 2.3658E-012
8036 2.3381E-012
8040 2.3278E-012
8045 2.3413E-012
8050 2.3248E-012
8055 2.3196E-012
8060 2.3286E-012
8065 2.3030E-012
8070 2.3160E-012
8075 2.3025E-012
8079 2.2908E-012
8084 2.2821E-012
8089 2.2880E-012
8094 2.3102E-012
8099 2.2893E-012
8104 2.2890E-012
8109 2.2873E-012
8114 2.2779E-012
8119 2.2756E-012
8123 2.2837E-012
8128 2.2851E-012
8133 2.2748E-012
8138 2.2587E-012
8143 2.2440E-012
8148 2.2492E-012
8153 2.2387E-012
8158 2.2651E-012
8163 2.2598E-012
8167 2.2460E-012
8172 2.2324E-012
8177 2.2313E-012
8182 2.2172E-012
8187 2.1847E-012
8192 2.1885E-012
8197 2.1730E-012
8202 2.1786E-012
8206 2.1691E-012
8211 2.1742E-012
8216 2.1674E-012
8221 2.1469E-012
8226 2.1540E-012
8231 2.1625E-012
8236 2.1457E-012
8241 2.1485E-012
8246 2.1545E-012
8250 2.1308E-012
8255 2.1322E-012
8260 2.1466E-012
8265 2.1437E-012
8270 2.1519E-012
8275 2.1466E-012
8280 2.1389E-012
8285 2.1438E-012
8290 2.1304E-012
8294 2.1141E-012
8299 2.1389E-012
8304 2.1326E-012
8309 2.1203E-012
8314 2.1237E-012
8319 2.1176E-012
8324 2.0959E-012
8329 2.0998E-012
8333 2.0779E-012
8338 2.0699E-012
8343 2.0631E-012
8348 2.0864E-012
8353 2.0954E-012
8358 2.0899E-012
8363 2.0753E-012
8368 2.0660E-012
8373 2.0562E-012
8377 2.0698E-012
8382 2.0852E-012
8387 2.0619E-012
8392 2.0610E-012
8397 2.0507E-012
8402 2.0674E-012
8407 2.0334E-012
8412 2.0420E-012
8417 2.0437E-012
8421 2.0445E-012
8426 2.0442E-012
8431 2.0218E-012
8436 2.0093E-012
8441 1.9832E-012
8446 1.9585E-012
8451 1.9476E-012
8456 1.9957E-012
8460 2.0011E-012
8465 2.0111E-012
8470 1.9978E-012
8475 2.0009E-012
8480 2.0054E-012
8485 2.0018E-012
8490 1.9822E-012
8495 1.9537E-012
8500 1.9108E-012
8504 1.9072E-012
8509 1.9442E-012
8514 1.9822E-012
8519 1.9828E-012
8524 1.9910E-012
8529 1.9812E-012
8534 1.9422E-012
8539 1.8982E-012
8543 1.8417E-012
8548 1.8092E-012
8553 1.9094E-012
8558 1.9234E-012
8563 1.9442E-012
8568 1.9774E-012
8573 1.9923E-012
8578 1.9784E-012
8583 1.9528E-012
8587 1.9138E-012
8592 1.8843E-012
8597 1.8438E-012
8602 1.8425E-012
8607 1.8717E-012
8612 1.9150E-012
8617 1.9420E-012
8622 1.9593E-012
8627 1.9558E-012
8631 1.9580E-012
8636 1.9428E-012
8641 1.9162E-012
8646 1.9036E-012
8651 1.8616E-012
8656 1.8202E-012
8661 1.7345E-012
8666 1.6923E-012
8670 1.7161E-012
8675 1.7844E-012
8680 1.8240E-012
8685 1.8594E-012
8690 1.9034E-012
8695 1.9245E-012
8700 1.9422E-012
8705 1.9641E-012
8710 1.9722E-012
8714 1.9574E-012
8719 1.9454E-012
8724 1.9375E-012
8729 1.9036E-012
8734 1.8530E-012
8739 1.7894E-012
8744 1.7244E-012
8749 1.6564E-012
8753 1.6289E-012
8758 1.6906E-012
8763 1.7584E-012
8768 1.8134E-012
8773 1.8568E-012
8778 1.8853E-012
8783 1.9256E-012
8788 1.9393E-012
8793 1.9487E-012
8797 1.9608E-012
8802 1.9581E-012
8807 1.9443E-012
8812 1.9494E-012
8817 1.9445E-012
8822 1.9268E-012
8827 1.9070E-012
8832 1.8896E-012
8836 1.8683E-012
8841 1.8253E-012
8846 1.7785E-012
8851 1.6982E-012
8856 1.6231E-012
8861 1.5507E-012
8866 1.5168E-012
8871 1.5835E-012
8876 1.6547E-012
8880 1.7223E-012
8885 1.7636E-012
8890 1.8094E-012
8895 1.8299E-012
8900 1.8597E-012
8905 1.8659E-012
8910 1.8773E-012
8915 1.8714E-012
8919 1.8919E-012
8924 1.9099E-012
8929 1.8882E-012
8934 1.9012E-012
8939 1.9014E-012
8944 1.8814E-012
8949 1.8986E-012
8954 1.8956E-012
8959 1.9074E-012
8963 1.8903E-012
8968 1.8761E-012
8973 1.8415E-012
8978 1.8480E-012
8983 1.8248E-012
8988 1.7998E-012
8993 1.7597E-012
8998 1.6625E-012
9002 1.5906E-012
9007 1.5210E-012
9012 1.4425E-012
9017 1.4090E-012
9022 1.4697E-012
9027 1.5582E-012
9032 1.6105E-012
9037 1.6795E-012
9042 1.7185E-012
9046 1.7439E-012
9051 1.7608E-012
9056 1.7582E-012
9061 1.7565E-012
9066 1.7685E-012
9071 1.8062E-012
9076 1.8240E-012
9081 1.8021E-012
9085 1.7910E-012
9090 1.7696E-012
9095 1.7679E-012
9100 1.7876E-012
9105 1.8122E-012
9110 1.8054E-012
9115 1.8122E-012
9120 1.8274E-012
9124 1.8300E-012
9129 1.8224E-012
9134 1.8412E-012
9139 1.8197E-012
9144 1.8267E-012
9149 1.8497E-012
9154 1.8372E-012
9159 1.8248E-012
9164 1.8156E-012
9168 1.7827E-012
9173 1.7579E-012
9178 1.7469E-012
9183 1.7214E-012
9188 1.7173E-012
9193 1.7061E-012
9198 1.6819E-012
9203 1.6479E-012
9207 1.5881E-012
9212 1.5304E-012
9217 1.4445E-012
9222 1.3960E-012
9227 1.3493E-012
9232 1.3078E-012
9237 1.3470E-012
9242 1.4013E-012
9247 1.4552E-012
9251 1.5056E-012
9256 1.5474E-012
9261 1.5646E-012
9266 1.5724E-012
9271 1.6256E-012
9276 1.6725E-012
9281 1.6883E-012
9286 1.7058E-012
9290 1.7364E-012
9295 1.7458E-012
9300 1.7285E-012
9305 1.7316E-012
9310 1.7231E-012
9315 1.7193E-012
9320 1.7123E-012
9325 1.7244E-012
9329 1.7163E-012
9334 1.7299E-012
9339 1.7193E-012
9344 1.7166E-012
9349 1.7150E-012
9354 1.7105E-012
9359 1.7329E-012
9364 1.7125E-012
9368 1.7104E-012
9373 1.7129E-012
9378 1.7034E-012
9383 1.6960E-012
9388 1.6856E-012
9393 1.6890E-012
9398 1.6753E-012
9403 1.6699E-012
9408 1.6475E-012
9412 1.6349E-012
9417 1.6171E-012
9422 1.6241E-012
9427 1.6408E-012
9432 1.6485E-012
9437 1.6498E-012
9442 1.6553E-012
9447 1.6524E-012
9451 1.6484E-012
9456 1.6405E-012
9461 1.6475E-012
9466 1.6460E-012
9471 1.6584E-012
9476 1.6466E-012
9481 1.6394E-012
9486 1.6085E-012
9490 1.5844E-012
9495 1.5722E-012
9500 1.5467E-012
9505 1.5352E-012
9510 1.5341E-012
9515 1.4959E-012
9520 1.4667E-012
9525 1.4182E-012
9529 1.3781E-012
9534 1.3439E-012
9539 1.2733E-012
9544 1.2126E-012
9549 1.1675E-012
9554 1.2102E-012
9559 1.2718E-012
9564 1.3525E-012
9569 1.3955E-012
9573 1.4271E-012
9578 1.4537E-012
9583 1.4553E-012
9588 1.4750E-012
9593 1.4851E-012
9598 1.4951E-012
9603 1.4890E-012
9608 1.5043E-012
9612 1.5201E-012
9617 1.5249E-012
9622 1.5335E-012
9627 1.5576E-012
9632 1.5467E-012
9637 1.5296E-012
9642 1.5192E-012
9647 1.5007E-012
9651 1.5188E-012
9656 1.4954E-012
9661 1.4979E-012
9666 1.5198E-012
9671 1.5285E-012
9676 1.5198E-012
9681 1.5249E-012
9686 1.5375E-012
9690 1.5432E-012
9695 1.5346E-012
9700 1.5555E-012
9705 1.5412E-012
9710 1.5219E-012
9715 1.5177E-012
9720 1.5119E-012
9725 1.4982E-012
9729 1.5102E-012
9734 1.5115E-012
9739 1.4948E-012
9744 1.5029E-012
9749 1.4962E-012
9754 1.4963E-012
9759 1.5057E-012
9764 1.4981E-012
9768 1.4872E-012
9773 1.4904E-012
9778 1.4994E-012
9783 1.5049E-012
9788 1.5118E-012
9793 1.5213E-012
9798 1.4941E-012
9803 1.5068E-012
9807 1.4995E-012
9812 1.4850E-012
9817 1.4716E-012
9822 1.4544E-012
9827 1.4462E-012
9832 1.4531E-012
9837 1.4574E-012
9842 1.4378E-012
9846 1.4428E-012
9851 1.4650E-012
9856 1.4560E-012
9861 1.4505E-012
9866 1.4719E-012
9871 1.4439E-012
9876 1.4480E-012
9881 1.4643E-012
9885 1.4399E-012
9890 1.4242E-012
9895 1.4200E-012
9900 1.4307E-012
9905 1.4041E-012
9910 1.4306E-012
9915 1.4057E-012
9920 1.3976E-012
9924 1.4273E-012
9929 1.4115E-012
9934 1.4193E-012
9939 1.3932E-012
9944 1.4172E-012
9949 1.3897E-012
9954 1.3912E-012
9959 1.3996E-012
9963 1.3793E-012
9968 1.3921E-012
9973 1.3917E-012
9978 1.3780E-012
9983 1.3819E-012
9988 1.3568E-012
9993 1.3395E-012
9998 1.3533E-012
1E+004 1.3430E-012
1.001E+004 1.3521E-012
1.001E+004 1.3173E-012
1.002E+004 1.3195E-012
1.002E+004 1.2712E-012
1.003E+004 1.2399E-012
1.003E+004 1.2067E-012
1.004E+004 1.1734E-012
1.004E+004 1.1354E-012
1.005E+004 1.0830E-012
1.005E+004 1.0424E-012
1.006E+004 1.0616E-012
1.006E+004 1.1110E-012
1.007E+004 1.1318E-012
1.007E+004 1.1636E-012
1.008E+004 1.2014E-012
1.008E+004 1.2246E-012
1.009E+004 1.2548E-012
1.009E+004 1.2645E-012
1.01E+004 1.2566E-012
1.01E+004 1.2729E-012
1.01E+004 1.2710E-012
1.011E+004 1.2743E-012
1.011E+004 1.3000E-012
1.012E+004 1.3017E-012
1.012E+004 1.3009E-012
1.013E+004 1.3158E-012
1.013E+004 1.3229E-012
1.014E+004 1.3103E-012
1.014E+004 1.3146E-012
1.015E+004 1.3155E-012
1.015E+004 1.3193E-012
1.016E+004 1.3022E-012
1.016E+004 1.2962E-012
1.017E+004 1.3022E-012
1.017E+004 1.3045E-012
1.018E+004 1.3132E-012
1.018E+004 1.3204E-012
1.019E+004 1.3335E-012
1.019E+004 1.3283E-012
1.02E+004 1.3144E-012
1.021E+004 1.2847E-012
1.024E+004 1.2786E-012
1.027E+004 1.2747E-012
1.03E+004 1.2692E-012
1.033E+004 1.2556E-012
1.036E+004 1.2380E-012
1.038E+004 1.2352E-012
1.041E+004 1.2280E-012
1.044E+004 1.2105E-012
1.047E+004 1.1984E-012
1.05E+004 1.1912E-012
1.052E+004 1.1839E-012
1.055E+004 1.1734E-012
1.058E+004 1.1644E-012
1.061E+004 1.1588E-012
1.064E+004 1.1447E-012
1.066E+004 1.1280E-012
1.069E+004 1.1144E-012
1.072E+004 1.0993E-012
1.075E+004 1.0902E-012
1.078E+004 1.0805E-012
1.081E+004 1.0700E-012
1.083E+004 1.0585E-012
1.086E+004 1.0287E-012
1.089E+004 9.9527E-013
1.092E+004 9.5909E-013
1.095E+004 9.3048E-013
1.097E+004 9.3728E-013
1.1E+004 9.5895E-013
1.103E+004 9.8195E-013
1.106E+004 9.9474E-013
1.109E+004 9.9553E-013
1.112E+004 9.9397E-013
1.114E+004 9.8477E-013
1.117E+004 9.7476E-013
1.12E+004 9.6844E-013
1.123E+004 9.5966E-013
1.126E+004 9.5115E-013
1.128E+004 9.3692E-013
1.131E+004 9.2012E-013
1.134E+004 9.1339E-013
1.137E+004 9.0765E-013
1.14E+004 8.9526E-013
1.142E+004 8.8464E-013
1.145E+004 8.8530E-013
1.148E+004 8.8598E-013
1.151E+004 8.8489E-013
1.154E+004 8.7896E-013
1.157E+004 8.7271E-013
1.159E+004 8.6373E-013
1.162E+004 8.5507E-013
1.165E+004 8.5026E-013
1.168E+004 8.4422E-013
1.172E+004 8.3586E-013
1.176E+004 8.2233E-013
1.18E+004 8.1453E-013
1.184E+004 8.0428E-013
1.188E+004 7.8815E-013
1.192E+004 7.8218E-013
1.196E+004 7.7839E-013
1.2E+004 7.7243E-013
1.204E+004 7.6510E-013
1.208E+004 7.5748E-013
1.212E+004 7.4978E-013
1.216E+004 7.4236E-013
1.22E+004 7.3371E-013
1.224E+004 7.2477E-013
1.228E+004 7.1655E-013
1.232E+004 7.0719E-013
1.236E+004 6.9618E-013
1.24E+004 6.8802E-013
1.244E+004 6.7778E-013
1.248E+004 6.6955E-013
1.252E+004 6.5994E-013
1.256E+004 6.5116E-013
1.26E+004 6.4435E-013
1.264E+004 6.3518E-013
1.268E+004 6.2150E-013
1.272E+004 6.0455E-013
1.276E+004 5.8488E-013
1.28E+004 5.6657E-013
1.284E+004 5.5918E-013
1.288E+004 5.6380E-013
1.292E+004 5.6998E-013
1.296E+004 5.7402E-013
1.3E+004 5.7441E-013
1.304E+004 5.7107E-013
1.308E+004 5.6715E-013
1.312E+004 5.6371E-013
1.316E+004 5.5976E-013
1.32E+004 5.5541E-013
1.324E+004 5.5171E-013
1.328E+004 5.4740E-013
1.332E+004 5.4316E-013
1.336E+004 5.3682E-013
1.34E+004 5.2981E-013
1.344E+004 5.2459E-013
1.348E+004 5.1736E-013
1.352E+004 5.1062E-013
1.356E+004 5.0562E-013
1.36E+004 5.0040E-013
1.364E+004 4.9621E-013
1.368E+004 4.9331E-013
1.372E+004 4.8916E-013
1.376E+004 4.8419E-013
1.38E+004 4.7953E-013
1.384E+004 4.7425E-013
1.388E+004 4.6942E-013
1.392E+004 4.6577E-013
1.396E+004 4.6105E-013
1.4E+004 4.5589E-013
1.404E+004 4.5129E-013
1.408E+004 4.4655E-013
1.412E+004 4.4222E-013
1.416E+004 4.3781E-013
1.42E+004 4.3334E-013
1.424E+004 4.3008E-013
1.428E+004 4.2577E-013
1.432E+004 4.2146E-013
1.436E+004 4.1766E-013
1.44E+004 4.1290E-013
1.444E+004 4.0767E-013
1.448E+004 4.0391E-013
1.452E+004 4.0211E-013
1.456E+004 3.9968E-013
1.46E+004 3.9484E-013
1.464E+004 3.9027E-013
1.468E+004 3.8944E-013
1.472E+004 3.8739E-013
1.476E+004 3.8169E-013
1.48E+004 3.7734E-013
1.484E+004 3.7445E-013
1.488E+004 3.7271E-013
1.492E+004 3.7025E-013
1.496E+004 3.6668E-013
1.5E+004 3.6232E-013
1.504E+004 3.5851E-013
1.508E+004 3.5542E-013
1.512E+004 3.5278E-013
1.516E+004 3.4979E-013
1.52E+004 3.4588E-013
1.524E+004 3.4294E-013
1.528E+004 3.4020E-013
1.532E+004 3.3705E-013
1.536E+004 3.3356E-013
1.54E+004 3.3102E-013
1.544E+004 3.2904E-013
1.548E+004 3.2548E-013
1.552E+004 3.2122E-013
1.556E+004 3.1903E-013
1.56E+004 3.1795E-013
1.564E+004 3.1479E-013
1.568E+004 3.1013E-013
1.572E+004 3.0619E-013
1.576E+004 3.0389E-013
1.58E+004 3.0100E-013
1.584E+004 2.9706E-013
1.588E+004 2.9432E-013
1.592E+004 2.9338E-013
1.596E+004 2.9280E-013
1.6E+004 2.9058E-013
1.604E+004 2.8727E-013
1.608E+004 2.8290E-013
1.612E+004 2.8015E-013
1.616E+004 2.8055E-013
1.62E+004 2.8080E-013
1.624E+004 2.7928E-013
1.628E+004 2.7690E-013
1.632E+004 2.7263E-013
1.636E+004 2.6641E-013
1.64E+004 2.6087E-013
1.644E+004 2.5812E-013
1.648E+004 2.5878E-013
1.652E+004 2.6140E-013
1.656E+004 2.6362E-013
1.66E+004 2.6240E-013
1.664E+004 2.5806E-013
1.668E+004 2.5420E-013
1.672E+004 2.5000E-013
1.676E+004 2.4318E-013
1.68E+004 2.3622E-013
1.684E+004 2.3378E-013
1.688E+004 2.3497E-013
1.692E+004 2.3841E-013
1.696E+004 2.4004E-013
1.7E+004 2.4021E-013
1.704E+004 2.3896E-013
1.708E+004 2.3620E-013
1.712E+004 2.3443E-013
1.716E+004 2.3294E-013
1.72E+004 2.2954E-013
1.724E+004 2.2497E-013
1.728E+004 2.1949E-013
1.732E+004 2.1231E-013
1.736E+004 2.0649E-013
1.74E+004 2.0486E-013
1.744E+004 2.0738E-013
1.748E+004 2.1041E-013
1.752E+004 2.1165E-013
1.756E+004 2.1162E-013
1.76E+004 2.1078E-013
1.764E+004 2.0937E-013
1.768E+004 2.0783E-013
1.772E+004 2.0663E-013
1.776E+004 2.0506E-013
1.78E+004 2.0317E-013
1.784E+004 2.0157E-013
1.788E+004 1.9976E-013
1.792E+004 1.9734E-013
1.796E+004 1.9506E-013
1.8E+004 1.9284E-013
1.804E+004 1.9008E-013
1.808E+004 1.8609E-013
1.812E+004 1.8110E-013
1.816E+004 1.7570E-013
1.82E+004 1.7240E-013
1.824E+004 1.7342E-013
1.828E+004 1.7600E-013
1.832E+004 1.7808E-013
1.836E+004 1.7891E-013
1.84E+004 1.7845E-013
1.844E+004 1.7681E-013
1.848E+004 1.7488E-013
1.852E+004 1.7305E-013
1.856E+004 1.7104E-013
1.86E+004 1.6873E-013
1.864E+004 1.6550E-013
1.868E+004 1.6125E-013
1.872E+004 1.5579E-013
1.876E+004 1.5262E-013
1.88E+004 1.5281E-013
1.884E+004 1.5553E-013
1.888E+004 1.5716E-013
1.891E+004 1.5923E-013
1.897E+004 1.5884E-013
1.903E+004 1.5774E-013
1.908E+004 1.5604E-013
1.914E+004 1.5405E-013
1.92E+004 1.5206E-013
1.926E+004 1.4922E-013
1.931E+004 1.4539E-013
1.937E+004 1.4119E-013
1.943E+004 1.3868E-013
1.949E+004 1.3874E-013
1.954E+004 1.3934E-013
1.96E+004 1.3980E-013
1.966E+004 1.3953E-013
1.972E+004 1.3858E-013
1.977E+004 1.3738E-013
1.983E+004 1.3616E-013
1.989E+004 1.3497E-013
1.994E+004 1.3363E-013
2E+004 1.3210E-013
2.006E+004 1.3060E-013
2.012E+004 1.2926E-013
2.017E+004 1.2786E-013
2.023E+004 1.2647E-013
2.029E+004 1.2530E-013
2.035E+004 1.2394E-013
2.04E+004 1.2273E-013
2.046E+004 1.2195E-013
2.052E+004 1.2084E-013
2.058E+004 1.1948E-013
2.063E+004 1.1823E-013
2.069E+004 1.1715E-013
2.075E+004 1.1576E-013
2.081E+004 1.1430E-013
2.086E+004 1.1301E-013
2.092E+004 1.1181E-013
2.098E+004 1.1066E-013
2.104E+004 1.0943E-013
2.109E+004 1.0823E-013
2.115E+004 1.0695E-013
2.121E+004 1.0562E-013
2.126E+004 1.0450E-013
2.132E+004 1.0342E-013
2.138E+004 1.0191E-013
2.144E+004 1.0031E-013
2.149E+004 9.8542E-014
2.155E+004 9.6386E-014
2.161E+004 9.4154E-014
2.167E+004 9.2667E-014
2.172E+004 9.2800E-014
2.178E+004 9.3437E-014
2.184E+004 9.3537E-014
2.19E+004 9.3380E-014
2.195E+004 9.2898E-014
2.201E+004 9.2291E-014
2.207E+004 9.1572E-014
2.213E+004 9.0712E-014
2.218E+004 8.9858E-014
2.224E+004 8.9349E-014
2.23E+004 8.9010E-014
2.235E+004 8.8296E-014
2.241E+004 8.7415E-014
2.247E+004 8.6439E-014
2.253E+004 8.5579E-014
2.258E+004 8.4660E-014
2.264E+004 8.3549E-014
2.27E+004 8.2377E-014
2.276E+004 8.1524E-014
2.281E+004 8.0859E-014
2.287E+004 8.0108E-014
2.293E+004 7.9468E-014
2.299E+004 7.8877E-014
2.304E+004 7.8323E-014
2.31E+004 7.7570E-014
2.316E+004 7.6634E-014
2.322E+004 7.5990E-014
2.327E+004 7.5239E-014
2.333E+004 7.4449E-014
2.339E+004 7.3855E-014
2.345E+004 7.3067E-014
2.35E+004 7.2179E-014
2.356E+004 7.1412E-014
2.362E+004 7.0748E-014
2.367E+004 7.0300E-014
2.373E+004 6.9791E-014
2.379E+004 6.9186E-014
2.385E+004 6.8675E-014
2.39E+004 6.8097E-014
2.396E+004 6.7518E-014
2.402E+004 6.6946E-014
2.408E+004 6.6216E-014
2.413E+004 6.5447E-014
2.419E+004 6.4804E-014
2.425E+004 6.4376E-014
2.431E+004 6.3929E-014
2.436E+004 6.3214E-014
2.442E+004 6.2453E-014
2.448E+004 6.1877E-014
2.454E+004 6.1309E-014
2.459E+004 6.0952E-014
2.465E+004 6.0931E-014
2.471E+004 6.0600E-014
2.477E+004 5.9841E-014
2.485E+004 5.9280E-014
2.495E+004 5.8063E-014
2.505E+004 5.7648E-014
2.515E+004 5.6768E-014
2.525E+004 5.5283E-014
2.535E+004 5.5039E-014
2.545E+004 5.4424E-014
2.555E+004 5.3316E-014
2.565E+004 5.1524E-014
2.575E+004 5.1850E-014
2.585E+004 5.1269E-014
2.595E+004 5.0562E-014
2.605E+004 4.9059E-014
2.615E+004 4.6701E-014
2.625E+004 4.3248E-014
2.635E+004 4.6540E-014
2.645E+004 4.6979E-014
2.655E+004 4.6419E-014
2.665E+004 4.5241E-014
2.675E+004 4.2448E-014
2.685E+004 4.4033E-014
2.695E+004 4.4041E-014
2.705E+004 4.3528E-014
2.715E+004 4.2980E-014
2.725E+004 4.2378E-014
2.735E+004 4.1709E-014
2.745E+004 4.0764E-014
2.755E+004 3.7742E-014
2.765E+004 3.8511E-014
2.775E+004 3.9308E-014
2.785E+004 3.8999E-014
2.795E+004 3.8571E-014
2.805E+004 3.8077E-014
2.815E+004 3.7563E-014
2.825E+004 3.7055E-014
2.835E+004 3.6545E-014
2.845E+004 3.5935E-014
2.855E+004 3.5300E-014
2.865E+004 3.3873E-014
2.875E+004 3.1570E-014
2.885E+004 3.3568E-014
2.895E+004 3.3556E-014
2.905E+004 3.3263E-014
2.915E+004 3.2822E-014
2.925E+004 3.2436E-014
2.935E+004 3.2033E-014
2.945E+004 3.1618E-014
2.955E+004 3.1216E-014
2.965E+004 3.0815E-014
2.975E+004 3.0418E-014
2.985E+004 3.0033E-014
2.995E+004 2.9638E-014
3.005E+004 2.9224E-014
3.015E+004 2.8764E-014
3.025E+004 2.8141E-014
3.035E+004 2.6007E-014
3.045E+004 2.6288E-014
3.055E+004 2.7172E-014
3.065E+004 2.7033E-014
3.075E+004 2.6773E-014
3.085E+004 2.6424E-014
3.095E+004 2.6126E-014
3.105E+004 2.5801E-014
3.115E+004 2.5447E-014
3.125E+004 2.5167E-014
3.135E+004 2.4865E-014
3.145E+004 2.4555E-014
3.155E+004 2.4282E-014
3.165E+004 2.4001E-014
3.175E+004 2.3688E-014
3.185E+004 2.3427E-014
3.195E+004 2.3144E-014
3.21E+004 2.2729E-014
3.23E+004 2.2200E-014
3.25E+004 2.1676E-014
3.27E+004 2.1074E-014
3.29E+004 1.9374E-014
3.31E+004 1.9703E-014
3.33E+004 1.9633E-014
3.35E+004 1.9233E-014
3.37E+004 1.8775E-014
3.39E+004 1.8367E-014
3.41E+004 1.7964E-014
3.43E+004 1.7581E-014
3.45E+004 1.7210E-014
3.47E+004 1.6829E-014
3.49E+004 1.6466E-014
3.51E+004 1.6109E-014
3.53E+004 1.5761E-014
3.55E+004 1.5422E-014
3.57E+004 1.5087E-014
3.59E+004 1.4771E-014
3.61E+004 1.4452E-014
3.63E+004 1.4158E-014
3.65E+004 1.3845E-014
3.67E+004 1.3569E-014
3.69E+004 1.3236E-014
3.71E+004 1.2971E-014
3.73E+004 1.2315E-014
3.75E+004 1.1921E-014
3.77E+004 1.2198E-014
3.79E+004 1.1993E-014
3.81E+004 1.1693E-014
3.83E+004 1.1476E-014
3.85E+004 1.1308E-014
3.87E+004 1.1075E-014
3.89E+004 1.0827E-014
3.91E+004 1.0501E-014
3.93E+004 1.0436E-014
3.95E+004 1.0252E-014
3.97E+004 1.0060E-014
3.99E+004 9.8383E-015
4.01E+004 9.5358E-015
4.03E+004 9.2996E-015
4.05E+004 8.8017E-015
4.07E+004 9.0721E-015
4.09E+004 8.9569E-015
4.11E+004 8.8124E-015
4.13E+004 8.6413E-015
4.15E+004 8.4342E-015
4.17E+004 8.0203E-015
4.19E+004 8.1157E-015
4.21E+004 8.0179E-015
4.23E+004 7.8942E-015
4.25E+004 7.7503E-015
4.27E+004 7.6115E-015
4.29E+004 7.4749E-015
4.31E+004 7.3406E-015
4.33E+004 7.2051E-015
4.35E+004 7.0455E-015
4.37E+004 6.6672E-015
4.39E+004 6.7041E-015
4.41E+004 6.6935E-015
4.43E+004 6.5955E-015
4.45E+004 6.4816E-015
4.47E+004 6.3788E-015
4.49E+004 6.2587E-015
4.51E+004 6.1532E-015
4.53E+004 6.0477E-015
4.55E+004 5.9449E-015
4.57E+004 5.8417E-015
4.59E+004 5.7400E-015
4.61E+004 5.6392E-015
4.63E+004 5.5130E-015
4.65E+004 5.1311E-015
4.67E+004 5.0705E-015
4.69E+004 5.2113E-015
4.71E+004 5.1832E-015
4.73E+004 5.1089E-015
4.75E+004 5.0266E-015
4.77E+004 4.9470E-015
4.79E+004 4.8694E-015
4.81E+004 4.7914E-015
4.83E+004 4.7148E-015
4.85E+004 4.6399E-015
4.87E+004 4.5661E-015
4.89E+004 4.4938E-015
4.91E+004 4.4219E-015
4.93E+004 4.3532E-015
4.95E+004 4.2852E-015
4.97E+004 4.2178E-015
4.99E+004 4.1526E-015
5.01E+004 4.0880E-015
5.03E+004 4.0235E-015
5.05E+004 3.9629E-015
5.07E+004 3.9004E-015
5.09E+004 3.8324E-015
5.11E+004 3.7394E-015
5.13E+004 3.5201E-015
5.15E+004 3.6384E-015
5.17E+004 3.6061E-015
5.19E+004 3.5605E-015
5.21E+004 3.5098E-015
5.23E+004 3.4581E-015
5.25E+004 3.4035E-015
5.27E+004 3.3507E-015
5.29E+004 3.3076E-015
5.31E+004 3.2625E-015
5.33E+004 3.2160E-015
5.35E+004 3.1652E-015
5.37E+004 3.1108E-015
5.39E+004 3.0665E-015
5.41E+004 3.0309E-015
5.43E+004 2.9924E-015
5.45E+004 2.9507E-015
5.47E+004 2.9081E-015
5.49E+004 2.8630E-015
5.51E+004 2.8137E-015
5.53E+004 2.7637E-015
5.55E+004 2.7403E-015
5.57E+004 2.7088E-015
5.59E+004 2.6704E-015
5.61E+004 2.6349E-015
5.63E+004 2.5986E-015
5.65E+004 2.5631E-015
5.67E+004 2.5254E-015
5.69E+004 2.4823E-015
5.71E+004 2.4248E-015
5.73E+004 2.4127E-015
5.75E+004 2.3900E-015
5.77E+004 2.3606E-015
5.79E+004 2.3285E-015
5.81E+004 2.2976E-015
5.83E+004 2.2653E-015
5.85E+004 2.2328E-015
5.87E+004 2.1992E-015
5.89E+004 2.1464E-015
5.91E+004 2.0238E-015
5.93E+004 2.0943E-015
5.95E+004 2.0484E-015
5.97E+004 2.0404E-015
5.99E+004 2.0323E-015
6.01E+004 2.0094E-015
6.03E+004 1.9847E-015
6.05E+004 1.9596E-015
6.07E+004 1.9345E-015
6.09E+004 1.9101E-015
6.11E+004 1.8856E-015
6.13E+004 1.8628E-015
6.15E+004 1.8392E-015
6.17E+004 1.8159E-015
6.19E+004 1.7927E-015
6.21E+004 1.7694E-015
6.23E+004 1.7458E-015
6.25E+004 1.7224E-015
6.27E+004 1.6912E-015
6.29E+004 1.6280E-015
6.31E+004 1.6445E-015
6.33E+004 1.6377E-015
6.35E+004 1.6202E-015
6.37E+004 1.6022E-015
6.39E+004 1.5843E-015
6.42E+004 1.5559E-015
6.46E+004 1.5183E-015
6.5E+004 1.4818E-015
6.54E+004 1.4469E-015
6.58E+004 1.4123E-015
6.62E+004 1.3789E-015
6.66E+004 1.3468E-015
6.7E+004 1.3136E-015
6.74E+004 1.2757E-015
6.78E+004 1.2202E-015
6.82E+004 1.2225E-015
6.86E+004 1.1982E-015
6.9E+004 1.1714E-015
6.94E+004 1.1445E-015
6.98E+004 1.1196E-015
7.02E+004 1.0949E-015
7.06E+004 1.0704E-015
7.1E+004 1.0461E-015
7.14E+004 1.0243E-015
7.18E+004 1.0020E-015
7.22E+004 9.7969E-016
7.26E+004 9.5721E-016
7.3E+004 9.3796E-016
7.34E+004 9.1871E-016
7.38E+004 8.9820E-016
7.42E+004 8.7540E-016
7.46E+004 8.2789E-016
7.5E+004 8.0140E-016
7.54E+004 8.1766E-016
7.58E+004 8.0696E-016
7.62E+004 7.9166E-016
7.66E+004 7.7654E-016
7.7E+004 7.6077E-016
7.74E+004 7.4393E-016
7.78E+004 7.2605E-016
7.82E+004 7.1454E-016
7.86E+004 7.0185E-016
7.9E+004 6.8801E-016
7.94E+004 6.7441E-016
7.98E+004 6.6112E-016
8.02E+004 6.4818E-016
8.06E+004 6.3549E-016
8.1E+004 6.2253E-016
8.14E+004 6.0623E-016
8.18E+004 5.9640E-016
8.22E+004 5.8778E-016
8.26E+004 5.7686E-016
8.3E+004 5.6590E-016
8.34E+004 5.5508E-016
8.38E+004 5.4458E-016
8.42E+004 5.3448E-016
8.46E+004 5.2465E-016
8.5E+004 5.1496E-016
8.54E+004 5.0541E-016
8.58E+004 4.9609E-016
8.62E+004 4.8560E-016
8.66E+004 4.7077E-016
8.7E+004 4.6687E-016
8.74E+004 4.5088E-016
8.78E+004 4.4284E-016
8.82E+004 4.4373E-016
8.86E+004 4.3657E-016
8.9E+004 4.2887E-016
8.94E+004 4.2130E-016
8.98E+004 4.1385E-016
9.02E+004 4.0660E-016
9.06E+004 3.9950E-016
9.1E+004 3.9251E-016
9.14E+004 3.8570E-016
9.18E+004 3.7904E-016
9.22E+004 3.7251E-016
9.26E+004 3.6577E-016
9.3E+004 3.5960E-016
9.34E+004 3.5261E-016
9.38E+004 3.4049E-016
9.42E+004 3.3888E-016
9.46E+004 3.3556E-016
9.5E+004 3.3021E-016
9.54E+004 3.2478E-016
9.58E+004 3.1981E-016
9.62E+004 3.1453E-016
9.66E+004 3.0942E-016
9.7E+004 3.0438E-016
9.74E+004 2.9942E-016
9.78E+004 2.9461E-016
9.82E+004 2.8964E-016
9.86E+004 2.8479E-016
9.9E+004 2.8076E-016
9.94E+004 2.7632E-016
9.98E+004 2.7197E-016
1.002E+005 2.6772E-016
1.005E+005 2.6456E-016
1.01E+005 2.5940E-016
1.015E+005 2.5438E-016
1.02E+005 2.4951E-016
1.025E+005 2.4472E-016
1.03E+005 2.4007E-016
1.035E+005 2.3551E-016
1.04E+005 2.3107E-016
1.045E+005 2.2672E-016
1.05E+005 2.2248E-016
1.055E+005 2.1833E-016
1.06E+005 2.1428E-016
1.065E+005 2.1035E-016
1.07E+005 2.0645E-016
1.075E+005 2.0269E-016
1.08E+005 1.9900E-016
1.085E+005 1.9537E-016
1.09E+005 1.9185E-016
1.095E+005 1.8842E-016
1.1E+005 1.8505E-016
1.105E+005 1.8174E-016
1.11E+005 1.7852E-016
1.115E+005 1.7538E-016
1.12E+005 1.7230E-016
1.125E+005 1.6928E-016
1.13E+005 1.6634E-016
1.135E+005 1.6345E-016
1.14E+005 1.6063E-016
1.145E+005 1.5789E-016
1.15E+005 1.5518E-016
1.155E+005 1.5253E-016
1.16E+005 1.4995E-016
1.165E+005 1.4742E-016
1.17E+005 1.4495E-016
1.175E+005 1.4250E-016
1.18E+005 1.4014E-016
1.185E+005 1.3781E-016
1.19E+005 1.3553E-016
1.195E+005 1.3328E-016
1.2E+005 1.3109E-016
1.205E+005 1.2896E-016
1.21E+005 1.2686E-016
1.215E+005 1.2480E-016
1.22E+005 1.2279E-016
1.225E+005 1.2082E-016
1.23E+005 1.1887E-016
1.235E+005 1.1698E-016
1.24E+005 1.1511E-016
1.245E+005 1.1330E-016
1.25E+005 1.1151E-016
1.255E+005 1.0975E-016
1.26E+005 1.0804E-016
1.265E+005 1.0635E-016
1.27E+005 1.0469E-016
1.275E+005 1.0307E-016
1.28E+005 1.0148E-016
1.285E+005 9.9924E-017
1.29E+005 9.8395E-017
1.295E+005 9.6889E-017
1.3E+005 9.5423E-017
1.305E+005 9.3977E-017
1.31E+005 9.2554E-017
1.315E+005 9.1167E-017
1.32E+005 8.9802E-017
1.325E+005 8.8456E-017
1.33E+005 8.7146E-017
1.335E+005 8.5854E-017
1.34E+005 8.4595E-017
1.345E+005 8.3342E-017
1.35E+005 8.2120E-017
1.355E+005 8.0930E-017
1.36E+005 7.9744E-017
1.365E+005 7.8588E-017
1.37E+005 7.7462E-017
1.375E+005 7.6339E-017
1.38E+005 7.5245E-017
1.385E+005 7.4166E-017
1.39E+005 7.3116E-017
1.395E+005 7.2080E-017
1.4E+005 7.1059E-017
1.405E+005 7.0063E-017
1.41E+005 6.9071E-017
1.415E+005 6.8115E-017
1.42E+005 6.7161E-017
1.425E+005 6.6232E-017
1.43E+005 6.5315E-017
1.435E+005 6.4411E-017
1.44E+005 6.3520E-017
1.445E+005 6.2651E-017
1.45E+005 6.1795E-017
1.455E+005 6.0960E-017
1.46E+005 6.0126E-017
1.465E+005 5.9314E-017
1.47E+005 5.8523E-017
1.475E+005 5.7732E-017
1.48E+005 5.6962E-017
1.485E+005 5.6201E-017
1.49E+005 5.5452E-017
1.495E+005 5.4721E-017
1.5E+005 5.4000E-017
1.505E+005 5.3288E-017
1.51E+005 5.2585E-017
1.515E+005 5.1901E-017
1.52E+005 5.1226E-017
1.525E+005 5.0559E-017
1.53E+005 4.9901E-017
1.535E+005 4.9260E-017
1.54E+005 4.8627E-017
1.545E+005 4.8002E-017
1.55E+005 4.7385E-017
1.555E+005 4.6784E-017
1.56E+005 4.6191E-017
1.565E+005 4.5605E-017
1.57E+005 4.5026E-017
1.575E+005 4.4463E-017
1.58E+005 4.3906E-017
1.585E+005 4.3356E-017
1.59E+005 4.2814E-017
1.595E+005 4.2285E-017
1.6E+005 4.1762E-017
1.605E+005 4.1246E-017
1.61E+005 4.0737E-017
1.615E+005 4.0240E-017
1.62E+005 3.9743E-017
1.625E+005 3.9259E-017
1.63E+005 3.8780E-017
1.635E+005 3.8314E-017
1.64E+005 3.7847E-017
1.645E+005 3.7392E-017
1.65E+005 3.6942E-017
1.655E+005 3.6504E-017
1.66E+005 3.6065E-017
1.665E+005 3.5637E-017
1.67E+005 3.5215E-017
1.675E+005 3.4797E-017
1.68E+005 3.4385E-017
1.685E+005 3.3983E-017
1.69E+005 3.3580E-017
1.695E+005 3.3187E-017
1.7E+005 3.2804E-017
1.705E+005 3.2421E-017
1.71E+005 3.2047E-017
1.715E+005 3.1673E-017
1.72E+005 3.1308E-017
1.725E+005 3.0952E-017
1.73E+005 3.0595E-017
1.735E+005 3.0247E-017
1.74E+005 2.9899E-017
1.745E+005 2.9559E-017
1.75E+005 2.9223E-017
1.755E+005 2.8896E-017
1.76E+005 2.8568E-017
1.765E+005 2.8248E-017
1.77E+005 2.7932E-017
1.775E+005 2.7619E-017
1.78E+005 2.7310E-017
1.785E+005 2.7009E-017
1.79E+005 2.6711E-017
1.795E+005 2.6416E-017
1.8E+005 2.6125E-017
1.805E+005 2.5837E-017
1.81E+005 2.5552E-017
1.815E+005 2.5275E-017
1.82E+005 2.5000E-017
1.825E+005 2.4729E-017
1.83E+005 2.4460E-017
1.835E+005 2.4195E-017
1.84E+005 2.3936E-017
1.845E+005 2.3676E-017
1.85E+005 2.3423E-017
1.855E+005 2.3173E-017
1.86E+005 2.2925E-017
1.865E+005 2.2684E-017
1.87E+005 2.2442E-017
1.875E+005 2.2206E-017
1.88E+005 2.1972E-017
1.885E+005 2.1741E-017
1.89E+005 2.1512E-017
1.895E+005 2.1286E-017
1.9E+005 2.1066E-017
1.905E+005 2.0848E-017
1.91E+005 2.0629E-017
1.915E+005 2.0419E-017
1.92E+005 2.0208E-017
1.925E+005 1.9999E-017
1.93E+005 1.9795E-017
1.935E+005 1.9590E-017
1.94E+005 1.9391E-017
1.945E+005 1.9194E-017
1.95E+005 1.8998E-017
1.955E+005 1.8805E-017
1.96E+005 1.8617E-017
1.965E+005 1.8431E-017
1.97E+005 1.8243E-017
1.975E+005 1.8060E-017
1.98E+005 1.7880E-017
1.985E+005 1.7701E-017
1.99E+005 1.7527E-017
1.995E+005 1.7351E-017
2E+005 1.7181E-017
2.01E+005 1.6841E-017
2.02E+005 1.6511E-017
2.03E+005 1.6187E-017
2.04E+005 1.5872E-017
2.05E+005 1.5563E-017
2.06E+005 1.5263E-017
2.07E+005 1.4972E-017
2.08E+005 1.4686E-017
2.09E+005 1.4408E-017
2.1E+005 1.4135E-017
2.11E+005 1.3867E-017
2.12E+005 1.3609E-017
2.13E+005 1.3354E-017
2.14E+005 1.3107E-017
2.15E+005 1.2866E-017
2.16E+005 1.2628E-017
2.17E+005 1.2398E-017
2.18E+005 1.2171E-017
2.19E+005 1.1951E-017
2.2E+005 1.1734E-017
2.21E+005 1.1524E-017
2.22E+005 1.1317E-017
2.23E+005 1.1116E-017
2.24E+005 1.0918E-017
2.25E+005 1.0726E-017
2.26E+005 1.0537E-017
2.27E+005 1.0353E-017
2.28E+005 1.0172E-017
2.29E+005 9.9950E-018
2.3E+005 9.8222E-018
2.31E+005 9.6542E-018
2.32E+005 9.4889E-018
2.33E+005 9.3265E-018
2.34E+005 9.1684E-018
2.35E+005 9.0131E-018
2.36E+005 8.8618E-018
2.37E+005 8.7132E-018
2.38E+005 8.5669E-018
2.39E+005 8.4245E-018
2.4E+005 8.2846E-018
2.41E+005 8.1483E-018
2.42E+005 8.0143E-018
2.43E+005 7.8838E-018
2.44E+005 7.7555E-018
2.45E+005 7.6292E-018
2.46E+005 7.5062E-018
2.47E+005 7.3852E-018
2.48E+005 7.2662E-018
2.49E+005 7.1503E-018
2.5E+005 7.0374E-018
2.51E+005 6.9252E-018
2.52E+005 6.8158E-018
2.53E+005 6.7094E-018
2.54E+005 6.6035E-018
2.55E+005 6.5004E-018
2.56E+005 6.4000E-018
2.57E+005 6.3010E-018
2.58E+005 6.2037E-018
2.59E+005 6.1088E-018
2.6E+005 6.0145E-018
2.61E+005 5.9235E-018
2.62E+005 5.8330E-018
2.63E+005 5.7448E-018
2.64E+005 5.6589E-018
2.65E+005 5.5733E-018
2.66E+005 5.4900E-018
2.67E+005 5.4079E-018
2.68E+005 5.3279E-018
2.69E+005 5.2491E-018
2.7E+005 5.1715E-018
2.71E+005 5.0959E-018
2.72E+005 5.0214E-018
2.73E+005 4.9479E-018
2.74E+005 4.8764E-018
2.75E+005 4.8059E-018
2.76E+005 4.7364E-018
2.77E+005 4.6679E-018
2.78E+005 4.6012E-018
2.79E+005 4.5354E-018
2.8E+005 4.4714E-018
2.81E+005 4.4082E-018
2.82E+005 4.3460E-018
2.83E+005 4.2846E-018
2.84E+005 4.2241E-018
2.85E+005 4.1651E-018
2.86E+005 4.1077E-018
2.87E+005 4.0503E-018
2.88E+005 3.9945E-018
2.89E+005 3.9394E-018
2.9E+005 3.8851E-018
2.91E+005 3.8322E-018
2.92E+005 3.7799E-018
2.93E+005 3.7285E-018
2.94E+005 3.6777E-018
2.95E+005 3.6282E-018
2.96E+005 3.5794E-018
2.97E+005 3.5318E-018
2.98E+005 3.4843E-018
2.99E+005 3.4380E-018
3E+005 3.3923E-018
3.01E+005 3.3472E-018
3.02E+005 3.3033E-018
3.03E+005 3.2599E-018
3.04E+005 3.2172E-018
3.05E+005 3.1750E-018
3.06E+005 3.1338E-018
3.07E+005 3.0932E-018
3.08E+005 3.0532E-018
3.09E+005 3.0136E-018
3.1E+005 2.9751E-018
3.11E+005 2.9370E-018
3.12E+005 2.8995E-018
3.13E+005 2.8624E-018
3.14E+005 2.8263E-018
3.15E+005 2.7906E-018
3.16E+005 2.7554E-018
3.17E+005 2.7206E-018
3.18E+005 2.6868E-018
3.19E+005 2.6529E-018
3.2E+005 2.6198E-018
3.21E+005 2.5876E-018
3.22E+005 2.5554E-018
3.23E+005 2.5240E-018
3.24E+005 2.4930E-018
3.25E+005 2.4624E-018
3.26E+005 2.4322E-018
3.27E+005 2.4027E-018
3.28E+005 2.3736E-018
3.29E+005 2.3448E-018
3.3E+005 2.3164E-018
3.31E+005 2.2887E-018
3.32E+005 2.2610E-018
3.33E+005 2.2340E-018
3.34E+005 2.2073E-018
3.35E+005 2.1813E-018
3.36E+005 2.1552E-018
3.37E+005 2.1298E-018
3.38E+005 2.1047E-018
3.39E+005 2.0799E-018
3.4E+005 2.0554E-018
3.41E+005 2.0315E-018
3.42E+005 2.0080E-018
3.43E+005 1.9846E-018
3.44E+005 1.9616E-018
3.45E+005 1.9388E-018
3.46E+005 1.9166E-018
3.47E+005 1.8947E-018
3.48E+005 1.8730E-018
3.49E+005 1.8515E-018
3.5E+005 1.8303E-018
3.51E+005 1.8097E-018
3.52E+005 1.7892E-018
3.53E+005 1.7690E-018
3.54E+005 1.7490E-018
3.55E+005 1.7293E-018
3.56E+005 1.7101E-018
3.57E+005 1.6907E-018
3.58E+005 1.6719E-018
3.59E+005 1.6533E-018
3.6E+005 1.6349E-018
3.61E+005 1.6170E-018
3.62E+005 1.5990E-018
3.63E+005 1.5815E-018
3.64E+005 1.5642E-018
3.65E+005 1.5470E-018
3.66E+005 1.5303E-018
3.67E+005 1.5136E-018
3.68E+005 1.4972E-018
3.69E+005 1.4811E-018
3.7E+005 1.4651E-018
3.71E+005 1.4493E-018
3.72E+005 1.4336E-018
3.73E+005 1.4184E-018
3.74E+005 1.4033E-018
3.75E+005 1.3882E-018
3.76E+005 1.3737E-018
3.77E+005 1.3591E-018
3.78E+005 1.3447E-018
3.79E+005 1.3306E-018
3.8E+005 1.3165E-018
3.81E+005 1.3027E-018
3.82E+005 1.2891E-018
3.83E+005 1.2758E-018
3.84E+005 1.2625E-018
3.85E+005 1.2493E-018
3.86E+005 1.2364E-018
3.87E+005 1.2237E-018
3.88E+005 1.2111E-018
3.89E+005 1.1987E-018
3.9E+005 1.1863E-018
3.91E+005 1.1743E-018
3.92E+005 1.1624E-018
3.93E+005 1.1505E-018
3.94E+005 1.1388E-018
3.95E+005 1.1273E-018
3.96E+005 1.1161E-018
3.97E+005 1.1048E-018
3.98E+005 1.0936E-018
3.99E+005 1.0827E-018
