1710 3.8844E-014
1710 3.8844E-014
1712 3.5583E-014
1713 3.0051E-014
1715 2.8257E-014
1716 2.8677E-014
1717 3.0740E-014
1719 2.9792E-014
1720 3.2881E-014
1721 3.1536E-014
1723 2.8409E-014
1724 3.2653E-014
1726 4.1087E-014
1727 3.7764E-014
1728 3.6941E-014
1730 4.3410E-014
1731 4.2499E-014
1732 3.1848E-014
1734 4.3856E-014
1735 4.2398E-014
1736 4.1683E-014
1738 5.1929E-014
1739 4.5425E-014
1741 5.0510E-014
1742 4.0897E-014
1743 3.7659E-014
1745 5.7246E-014
1746 5.6017E-014
1747 4.8243E-014
1749 6.1166E-014
1750 5.7493E-014
1752 5.6626E-014
1753 6.7331E-014
1754 6.6674E-014
1756 6.1354E-014
1757 5.8046E-014
1758 6.1990E-014
1760 6.1125E-014
1761 5.4969E-014
1763 5.4099E-014
1764 5.3136E-014
1765 6.0634E-014
1767 6.9822E-014
1768 6.8939E-014
1769 6.7766E-014
1771 6.9119E-014
1772 7.0947E-014
1774 8.0809E-014
1775 8.0197E-014
1776 7.9476E-014
1778 8.3177E-014
1779 9.0404E-014
1780 7.7725E-014
1782 8.0211E-014
1783 8.0200E-014
1784 8.2641E-014
1786 7.7828E-014
1787 8.7657E-014
1789 9.1156E-014
1790 9.9601E-014
1791 9.3433E-014
1793 8.8945E-014
1794 9.6032E-014
1795 1.0040E-013
1797 9.2251E-014
1798 9.8781E-014
1800 1.0566E-013
1801 1.0905E-013
1802 9.8439E-014
1804 9.9571E-014
1805 8.2367E-014
1806 7.4812E-014
1808 8.8557E-014
1809 1.0007E-013
1811 1.0418E-013
1812 9.8979E-014
1813 9.7654E-014
1815 1.0435E-013
1816 9.7081E-014
1817 9.7464E-014
1819 9.2164E-014
1820 1.0155E-013
1822 1.0617E-013
1823 1.1460E-013
1824 1.1322E-013
1826 1.0398E-013
1827 1.0162E-013
1828 1.1338E-013
1830 1.1584E-013
1831 1.1290E-013
1832 1.1837E-013
1834 1.1968E-013
1835 1.0965E-013
1837 1.1895E-013
1838 1.0547E-013
1839 9.6830E-014
1841 9.7576E-014
1842 1.0228E-013
1843 9.8449E-014
1845 8.4146E-014
1846 7.3790E-014
1848 8.3700E-014
1849 8.0367E-014
1850 7.7268E-014
1852 9.5563E-014
1853 1.1287E-013
1854 1.2123E-013
1856 1.2341E-013
1857 1.1759E-013
1859 1.2293E-013
1860 1.3279E-013
1861 1.2641E-013
1863 1.2789E-013
1864 1.1763E-013
1865 1.3689E-013
1867 1.4656E-013
1868 1.4080E-013
1870 1.3953E-013
1871 1.3700E-013
1872 1.3999E-013
1874 1.3146E-013
1875 1.2361E-013
1876 1.3286E-013
1878 1.4500E-013
1879 1.4009E-013
1881 1.4548E-013
1882 1.5277E-013
1883 1.5474E-013
1885 1.6197E-013
1886 1.6082E-013
1887 1.5266E-013
1889 1.5569E-013
1890 1.5700E-013
1891 1.5713E-013
1893 1.6131E-013
1894 1.6302E-013
1896 1.5575E-013
1897 1.5081E-013
1898 1.4077E-013
1900 1.3237E-013
1901 1.4533E-013
1902 1.6189E-013
1904 1.6132E-013
1905 1.6307E-013
1907 1.6593E-013
1908 1.6669E-013
1909 1.5735E-013
1911 1.6552E-013
1912 1.7508E-013
1913 1.7405E-013
1915 1.7799E-013
1916 1.8098E-013
1918 1.7947E-013
1919 1.9018E-013
1920 1.8751E-013
1922 1.8541E-013
1923 1.8159E-013
1924 1.8123E-013
1926 1.7689E-013
1927 1.7512E-013
1929 1.4809E-013
1930 1.1943E-013
1931 1.2823E-013
1933 1.4865E-013
1934 1.4423E-013
1935 1.4495E-013
1937 1.6570E-013
1938 1.9827E-013
1940 1.9659E-013
1941 2.0943E-013
1942 2.1071E-013
1944 2.0652E-013
1945 2.0264E-013
1946 2.1316E-013
1948 2.1125E-013
1949 2.0317E-013
1951 2.0218E-013
1952 2.0456E-013
1953 2.0825E-013
1955 2.0756E-013
1956 2.1669E-013
1957 2.0360E-013
1959 2.0315E-013
1960 1.9920E-013
1961 1.9855E-013
1963 2.1317E-013
1964 2.2117E-013
1966 2.3728E-013
1967 2.3170E-013
1968 2.3563E-013
1970 2.2415E-013
1971 2.2754E-013
1972 2.2604E-013
1974 2.1986E-013
1975 2.1890E-013
1977 2.0979E-013
1978 2.0972E-013
1979 2.1095E-013
1981 2.2108E-013
1982 2.1813E-013
1983 2.1879E-013
1985 2.1682E-013
1986 2.1633E-013
1988 2.0546E-013
1989 2.1557E-013
1990 2.2355E-013
1992 2.2645E-013
1993 2.2418E-013
1994 2.3077E-013
1996 2.3611E-013
1997 2.3795E-013
1999 2.3584E-013
2000 2.3093E-013
2001 2.3645E-013
2003 2.3234E-013
2004 2.2963E-013
2005 2.4250E-013
2007 2.2886E-013
2008 2.3628E-013
2010 2.4133E-013
2011 2.2450E-013
2012 2.4398E-013
2014 2.4674E-013
2015 2.4394E-013
2016 2.3989E-013
2018 2.5408E-013
2019 2.5059E-013
2021 2.4416E-013
2022 2.4324E-013
2023 2.4575E-013
2025 2.2224E-013
2026 2.1522E-013
2027 2.5836E-013
2029 2.5678E-013
2030 2.6357E-013
2032 2.6310E-013
2033 2.5592E-013
2034 2.5112E-013
2036 2.6488E-013
2037 2.7233E-013
2038 2.6811E-013
2040 2.5794E-013
2041 2.6683E-013
2042 2.8507E-013
2044 2.8427E-013
2045 2.9377E-013
2047 2.9395E-013
2048 2.9172E-013
2049 2.9797E-013
2051 2.9662E-013
2052 2.9423E-013
2053 2.8587E-013
2055 2.7040E-013
2056 2.6873E-013
2058 2.6801E-013
2059 2.7729E-013
2060 2.7639E-013
2062 2.5430E-013
2063 2.7280E-013
2064 2.8784E-013
2066 2.8219E-013
2067 2.9481E-013
2069 2.9473E-013
2070 3.0558E-013
2071 3.1103E-013
2073 3.1248E-013
2074 3.1336E-013
2075 3.2432E-013
2077 3.2605E-013
2078 3.1467E-013
2080 3.2073E-013
2081 3.1633E-013
2082 3.1567E-013
2084 3.1165E-013
2085 3.1397E-013
2086 3.2473E-013
2088 3.2376E-013
2089 3.2208E-013
2091 3.1909E-013
2092 3.2427E-013
2093 3.1528E-013
2095 3.1280E-013
2096 3.2681E-013
2097 3.2277E-013
2099 3.2816E-013
2100 3.1570E-013
2102 3.3124E-013
2103 3.0878E-013
2104 3.3736E-013
2106 3.4533E-013
2107 3.1781E-013
2108 2.9709E-013
2110 3.0553E-013
2111 3.1597E-013
2113 3.1928E-013
2114 3.1583E-013
2115 3.3528E-013
2117 3.6505E-013
2118 3.4801E-013
2119 3.5771E-013
2121 3.4943E-013
2122 3.1323E-013
2124 2.6358E-013
2125 2.9111E-013
2126 3.3524E-013
2128 3.3280E-013
2129 3.2015E-013
2130 2.9812E-013
2132 2.9506E-013
2133 2.8457E-013
2135 2.6754E-013
2136 3.0407E-013
2137 3.2491E-013
2139 3.1086E-013
2140 3.2693E-013
2141 3.5183E-013
2143 3.5133E-013
2144 3.4725E-013
2145 3.3882E-013
2147 3.3303E-013
2148 3.3890E-013
2150 3.3383E-013
2151 3.1926E-013
2152 3.4055E-013
2154 3.5235E-013
2155 3.4490E-013
2156 3.4022E-013
2158 3.2222E-013
2159 3.0650E-013
2161 3.3647E-013
2162 3.5219E-013
2163 3.4533E-013
2165 3.2973E-013
2166 3.1265E-013
2167 3.1654E-013
2169 3.1993E-013
2170 3.3942E-013
2172 3.3937E-013
2173 3.3502E-013
2174 3.2496E-013
2176 3.3077E-013
2177 3.3404E-013
2178 3.5599E-013
2180 3.7670E-013
2181 4.0147E-013
2183 4.0565E-013
2184 3.7519E-013
2185 3.7173E-013
2187 3.3915E-013
2188 3.6758E-013
2189 3.8507E-013
2191 3.8452E-013
2192 3.8821E-013
2194 4.1709E-013
2195 4.2762E-013
2196 4.1224E-013
2198 4.2003E-013
2199 4.2218E-013
2200 3.9046E-013
2202 4.0635E-013
2203 4.2602E-013
2205 4.1287E-013
2206 3.9311E-013
2207 3.7172E-013
2209 3.5614E-013
2210 3.2957E-013
2211 3.1195E-013
2213 3.7230E-013
2214 3.7107E-013
2216 3.7314E-013
2217 3.4450E-013
2218 3.7046E-013
2220 3.9892E-013
2221 4.0068E-013
2222 4.0574E-013
2224 3.9983E-013
2225 4.0426E-013
2227 4.0137E-013
2228 4.0405E-013
2229 4.1915E-013
2231 4.2469E-013
2232 4.3274E-013
2233 4.3977E-013
2235 4.4514E-013
2236 4.4914E-013
2238 4.5119E-013
2239 4.5381E-013
2240 4.3984E-013
2242 4.2282E-013
2243 4.0911E-013
2244 3.9598E-013
2246 4.1295E-013
2247 4.1500E-013
2249 3.9893E-013
2250 3.8234E-013
2251 3.8901E-013
2253 3.9758E-013
2254 3.6634E-013
2255 3.7663E-013
2257 3.9242E-013
2258 4.0421E-013
2260 3.8310E-013
2261 3.7763E-013
2262 4.0853E-013
2264 3.8972E-013
2265 3.7774E-013
2266 3.6972E-013
2268 3.7170E-013
2269 3.8171E-013
2271 4.0243E-013
2272 3.9554E-013
2273 4.1150E-013
2275 4.0160E-013
2276 3.9070E-013
2277 4.1124E-013
2279 4.1626E-013
2280 4.1960E-013
2281 4.6237E-013
2283 4.3750E-013
2284 4.3102E-013
2286 4.4130E-013
2287 4.0526E-013
2288 4.1720E-013
2290 4.1407E-013
2291 4.1412E-013
2292 4.1934E-013
2294 4.1703E-013
2295 4.2338E-013
2297 3.7495E-013
2298 3.5596E-013
2299 3.8031E-013
2301 3.9497E-013
2302 4.1576E-013
2303 3.9751E-013
2305 4.4064E-013
2306 4.5029E-013
2308 4.3793E-013
2309 4.4598E-013
2310 4.3056E-013
2312 3.9711E-013
2313 3.8813E-013
2314 4.1710E-013
2316 4.3287E-013
2317 4.4322E-013
2319 4.2680E-013
2320 4.2263E-013
2321 4.3080E-013
2323 4.5442E-013
2324 4.5789E-013
2325 4.1570E-013
2327 3.9549E-013
2328 4.2134E-013
2330 4.3526E-013
2331 3.8717E-013
2332 3.4823E-013
2334 3.7515E-013
2335 3.9690E-013
2336 4.1074E-013
2338 3.4173E-013
2339 3.7072E-013
2341 3.9117E-013
2342 3.7873E-013
2343 2.6424E-013
2345 2.6033E-013
2346 3.1273E-013
2347 3.0720E-013
2349 3.3262E-013
2350 4.1842E-013
2352 4.3808E-013
2353 4.5048E-013
2354 4.1204E-013
2356 4.1813E-013
2357 4.4177E-013
2358 3.9982E-013
2360 3.0138E-013
2361 3.6061E-013
2363 4.0921E-013
2364 3.9238E-013
2365 3.6986E-013
2367 3.8877E-013
2368 4.0901E-013
2369 4.1963E-013
2371 4.4081E-013
2372 4.3127E-013
2374 3.5530E-013
2375 3.8165E-013
2376 4.2776E-013
2378 4.3582E-013
2379 3.5494E-013
2380 2.9545E-013
2382 1.9030E-013
2383 2.2486E-013
2385 3.4147E-013
2386 4.1148E-013
2387 3.8639E-013
2389 3.1381E-013
2390 4.0232E-013
2391 4.3891E-013
2393 4.4835E-013
2394 3.7932E-013
2396 2.7892E-013
2397 3.3632E-013
2398 3.6814E-013
2400 3.3347E-013
2401 4.1785E-013
2402 4.0196E-013
2404 3.5637E-013
2405 2.7412E-013
2407 2.9277E-013
2408 3.5808E-013
2409 3.8462E-013
2411 2.7572E-013
2412 3.2660E-013
2413 3.4539E-013
2415 4.2064E-013
2416 4.4811E-013
2417 4.6128E-013
2419 4.7968E-013
2420 5.0944E-013
2422 5.3050E-013
2423 4.8200E-013
2424 4.4526E-013
2426 4.7655E-013
2427 4.9066E-013
2428 4.7671E-013
2430 4.7785E-013
2431 5.1120E-013
2433 4.7747E-013
2434 4.5944E-013
2435 4.2624E-013
2437 4.4523E-013
2438 4.6086E-013
2439 4.5285E-013
2441 4.9573E-013
2442 5.0929E-013
2444 4.9666E-013
2445 4.8067E-013
2446 4.8018E-013
2448 4.8247E-013
2449 4.8036E-013
2450 4.5721E-013
2452 4.5231E-013
2453 4.6626E-013
2455 4.7678E-013
2456 4.8823E-013
2457 4.9913E-013
2459 4.8966E-013
2460 4.8251E-013
2461 4.5060E-013
2463 4.2947E-013
2464 4.5116E-013
2466 4.6400E-013
2467 4.5978E-013
2468 4.6309E-013
2470 4.7003E-013
2471 4.7153E-013
2472 4.4014E-013
2474 4.7021E-013
2475 4.8393E-013
2477 4.6004E-013
2478 4.4399E-013
2479 4.1006E-013
2481 4.6249E-013
2482 4.4482E-013
2483 3.5152E-013
2485 3.9281E-013
2486 4.1341E-013
2488 4.0571E-013
2489 3.7804E-013
2490 3.2864E-013
2492 3.7091E-013
2493 4.4380E-013
2494 4.9577E-013
2496 5.2178E-013
2497 5.1213E-013
2499 5.0699E-013
2500 5.3053E-013
2501 4.7113E-013
2503 4.9580E-013
2504 4.8502E-013
2505 4.5050E-013
2507 3.6547E-013
2508 4.5618E-013
2510 5.0867E-013
2511 4.6191E-013
2512 4.4094E-013
2514 3.8125E-013
2515 3.0861E-013
2516 2.7760E-013
2518 3.2240E-013
2519 3.4113E-013
2521 4.0480E-013
2522 3.6968E-013
2523 3.1707E-013
2525 3.0863E-013
2526 3.2617E-013
2527 3.0360E-013
2529 2.6510E-013
2530 3.5348E-013
2531 4.3141E-013
2533 4.4126E-013
2534 4.1754E-013
2536 4.0701E-013
2537 4.0684E-013
2538 4.0738E-013
2540 4.2266E-013
2541 4.1842E-013
2542 4.4089E-013
2544 4.5594E-013
2545 4.3275E-013
2547 4.3534E-013
2548 4.2928E-013
2549 3.8717E-013
2551 4.5437E-013
2552 5.2088E-013
2553 5.2677E-013
2555 5.3847E-013
2556 5.2913E-013
2558 5.3612E-013
2559 5.5242E-013
2560 5.2255E-013
2562 4.9223E-013
2563 4.3209E-013
2564 5.1376E-013
2566 5.6751E-013
2567 5.4493E-013
2569 5.5272E-013
2570 5.5731E-013
2571 5.4602E-013
2573 5.6955E-013
2574 5.6719E-013
2575 5.1218E-013
2577 4.9969E-013
2578 5.4928E-013
2580 5.7246E-013
2581 5.7555E-013
2582 5.3708E-013
2584 5.4768E-013
2585 4.7602E-013
2586 4.5820E-013
2588 5.5186E-013
2589 6.0600E-013
2591 6.0773E-013
2592 5.6510E-013
2593 5.4218E-013
2595 5.6149E-013
2596 5.7213E-013
2597 4.6971E-013
2599 3.5258E-013
2600 3.7881E-013
2602 5.5425E-013
2603 5.9257E-013
2604 5.2840E-013
2606 4.6052E-013
2607 3.8921E-013
2608 4.8793E-013
2610 5.1179E-013
2611 4.2540E-013
2613 3.8493E-013
2614 4.0656E-013
2615 4.7794E-013
2617 5.1979E-013
2618 4.7998E-013
2619 5.5328E-013
2621 5.5194E-013
2622 5.5067E-013
2624 5.7211E-013
2625 5.4001E-013
2626 4.8087E-013
2628 4.8967E-013
2629 4.6352E-013
2630 4.2834E-013
2632 3.8690E-013
2633 5.3907E-013
2634 6.3254E-013
2636 6.3940E-013
2637 6.6480E-013
2639 6.8510E-013
2640 6.8958E-013
2641 6.8575E-013
2643 7.1008E-013
2644 7.1208E-013
2645 6.9901E-013
2647 6.9822E-013
2648 6.9905E-013
2650 7.0066E-013
2651 7.0177E-013
2652 6.9732E-013
2654 6.9757E-013
2655 7.2616E-013
2656 7.0526E-013
2658 7.0442E-013
2659 6.8576E-013
2661 6.7536E-013
2662 6.4833E-013
2663 6.3778E-013
2665 6.3406E-013
2666 6.2971E-013
2667 6.2901E-013
2669 6.4038E-013
2670 6.5451E-013
2672 6.5885E-013
2673 6.3548E-013
2674 6.9785E-013
2676 7.0540E-013
2677 6.6656E-013
2678 6.2766E-013
2680 6.5056E-013
2681 6.8345E-013
2683 6.9363E-013
2684 6.8636E-013
2685 6.8401E-013
2687 6.7862E-013
2688 6.6552E-013
2689 6.4079E-013
2691 6.3392E-013
2692 6.6146E-013
2694 6.7071E-013
2695 6.6606E-013
2696 6.5306E-013
2698 6.4418E-013
2699 6.4732E-013
2700 6.6424E-013
2702 6.7179E-013
2703 6.8503E-013
2704 6.8286E-013
2706 6.6890E-013
2707 6.5724E-013
2709 6.5210E-013
2710 6.4961E-013
2711 6.4674E-013
2713 6.4279E-013
2714 6.3801E-013
2715 6.1984E-013
2717 6.4406E-013
2718 6.2633E-013
2720 5.8748E-013
2721 6.2068E-013
2722 6.4033E-013
2724 6.3081E-013
2725 6.1385E-013
2726 6.1928E-013
2728 6.0231E-013
2729 6.5897E-013
2731 6.8268E-013
2732 6.6233E-013
2733 6.2410E-013
2735 6.1872E-013
2736 6.1422E-013
2737 5.5829E-013
2739 5.8646E-013
2740 5.4451E-013
2742 5.8243E-013
2743 5.0641E-013
2744 5.2569E-013
2746 5.7245E-013
2747 4.6311E-013
2748 5.2624E-013
2750 4.6182E-013
2751 5.4278E-013
2753 6.2470E-013
2754 6.0669E-013
2755 5.4802E-013
2757 5.0490E-013
2758 6.2392E-013
2759 6.6512E-013
2761 6.6441E-013
2762 6.2238E-013
2763 6.3191E-013
2765 6.6432E-013
2766 6.6753E-013
2768 6.4827E-013
2769 6.3016E-013
2770 6.6669E-013
2772 6.8585E-013
2773 6.7595E-013
2774 6.9695E-013
2776 6.7551E-013
2777 6.4983E-013
2779 6.2017E-013
2780 6.1103E-013
2781 6.1603E-013
2783 6.3054E-013
2784 6.3098E-013
2785 6.3977E-013
2787 6.3938E-013
2788 5.8349E-013
2790 5.4202E-013
2791 4.3537E-013
2792 3.2606E-013
2794 2.0384E-013
2795 1.1083E-013
2796 1.0197E-013
2798 1.3420E-013
2799 1.9258E-013
2801 2.0968E-013
2802 1.3715E-013
2803 1.2289E-013
2805 2.1453E-013
2806 3.5816E-013
2807 4.8401E-013
2809 5.8391E-013
2810 6.1711E-013
2812 6.3488E-013
2813 6.5041E-013
2814 6.8594E-013
2816 7.1746E-013
2817 7.1031E-013
2818 7.1046E-013
2820 7.2303E-013
2821 7.3300E-013
2822 7.2993E-013
2824 7.3696E-013
2825 7.3684E-013
2827 7.1579E-013
2828 7.2993E-013
2829 7.2596E-013
2831 7.3727E-013
2832 7.2693E-013
2833 7.3253E-013
2835 7.2404E-013
2836 6.7481E-013
2838 7.3410E-013
2839 7.3068E-013
2840 6.8934E-013
2842 6.9877E-013
2843 6.8935E-013
2844 6.8495E-013
2846 6.9814E-013
2847 7.0702E-013
2849 6.5332E-013
2850 5.9583E-013
2851 4.6480E-013
2853 3.4272E-013
2854 5.4262E-013
2855 6.6115E-013
2857 6.7419E-013
2858 6.8803E-013
2860 7.1747E-013
2861 7.4915E-013
2862 7.2890E-013
2864 7.3607E-013
2865 7.1983E-013
2866 7.2071E-013
2868 6.8497E-013
2869 6.8896E-013
2870 7.2903E-013
2872 7.5085E-013
2873 7.4899E-013
2875 7.1881E-013
2876 7.0381E-013
2877 6.9816E-013
2879 6.9867E-013
2880 6.8516E-013
2881 5.5353E-013
2883 6.4120E-013
2884 7.3340E-013
2886 7.7453E-013
2887 7.8309E-013
2888 7.6319E-013
2890 7.3755E-013
2891 7.3878E-013
2892 7.1496E-013
2894 7.1634E-013
2895 7.3847E-013
2897 7.7446E-013
2898 7.8419E-013
2899 7.9248E-013
2901 8.3258E-013
2902 8.1212E-013
2903 8.2101E-013
2905 8.4169E-013
2906 8.1963E-013
2907 7.9099E-013
2909 7.7169E-013
2910 7.6134E-013
2912 7.8044E-013
2913 8.0929E-013
2914 8.2205E-013
2916 8.1414E-013
2917 7.9758E-013
2918 7.8646E-013
2920 8.0120E-013
2921 8.0082E-013
2923 7.9599E-013
2924 7.6641E-013
2925 7.6898E-013
2927 7.6561E-013
2928 7.6393E-013
2929 7.4858E-013
2931 8.1396E-013
2932 8.2349E-013
2934 8.0926E-013
2935 8.0062E-013
2936 7.7085E-013
2938 7.4234E-013
2939 7.6362E-013
2940 7.9006E-013
2942 7.7093E-013
2943 8.1956E-013
2944 7.6926E-013
2946 8.0117E-013
2947 7.8334E-013
2949 7.3560E-013
2950 7.7966E-013
2951 8.1677E-013
2953 8.2101E-013
2954 7.4871E-013
2955 8.2472E-013
2957 8.2016E-013
2958 8.2498E-013
2960 8.1650E-013
2961 8.2228E-013
2962 8.4262E-013
2964 8.4419E-013
2965 7.6629E-013
2966 7.6217E-013
2968 7.8212E-013
2969 7.7013E-013
2971 7.1387E-013
2972 7.8673E-013
2973 7.8557E-013
2975 8.4596E-013
2976 8.2148E-013
2977 8.4926E-013
2979 8.5624E-013
2980 8.1806E-013
2981 7.8789E-013
2983 7.9117E-013
2984 7.4413E-013
2986 7.2134E-013
2987 7.5986E-013
2988 7.8594E-013
2990 8.2947E-013
2991 8.4883E-013
2992 8.4632E-013
2994 8.3501E-013
2995 8.1310E-013
2997 8.5187E-013
2998 8.6740E-013
2999 8.2155E-013
3001 7.7294E-013
3002 7.7210E-013
3003 7.8195E-013
3005 8.2696E-013
3006 8.6201E-013
3008 8.0930E-013
3009 8.1240E-013
3010 8.5103E-013
3012 8.5293E-013
3013 8.5388E-013
3014 8.4264E-013
3016 8.2488E-013
3017 8.0382E-013
3018 7.7791E-013
3020 7.4881E-013
3021 6.9585E-013
3023 8.3280E-013
3024 8.4734E-013
3025 8.1808E-013
3027 8.2204E-013
3028 8.8543E-013
3029 8.7362E-013
3031 8.3699E-013
3032 8.4086E-013
3034 8.7231E-013
3035 8.8348E-013
3036 8.8272E-013
3038 8.2170E-013
3039 8.6718E-013
3040 8.6271E-013
3042 8.1334E-013
3043 8.3604E-013
3044 8.5731E-013
3046 8.6916E-013
3047 8.4844E-013
3049 8.4030E-013
3050 8.6660E-013
3051 8.8285E-013
3053 8.9849E-013
3054 8.5467E-013
3055 8.5081E-013
3057 8.2314E-013
3058 7.7087E-013
3060 7.9704E-013
3067 7.8560E-013
3070 8.2242E-013
3073 8.2494E-013
3076 8.2930E-013
3078 8.3903E-013
3081 8.4535E-013
3084 8.5084E-013
3087 8.4267E-013
3089 8.1233E-013
3092 7.8411E-013
3095 7.8312E-013
3098 7.8500E-013
3100 7.6267E-013
3103 7.9435E-013
3106 8.3409E-013
3109 8.6920E-013
3111 8.6438E-013
3114 8.5769E-013
3117 8.4688E-013
3120 8.1984E-013
3122 8.2323E-013
3125 8.2408E-013
3128 8.4276E-013
3131 8.3569E-013
3133 8.4355E-013
3136 8.6404E-013
3139 8.7502E-013
3142 8.5643E-013
3144 8.1480E-013
3147 8.3506E-013
3150 8.6929E-013
3153 8.7127E-013
3155 8.5533E-013
3158 8.2702E-013
3161 8.1051E-013
3164 8.3135E-013
3166 8.6277E-013
3169 8.7795E-013
3172 9.0039E-013
3175 9.0988E-013
3177 8.7696E-013
3180 8.2629E-013
3183 8.3232E-013
3185 8.5177E-013
3188 8.6869E-013
3191 8.5720E-013
3194 8.3969E-013
3196 8.4787E-013
3199 8.7454E-013
3202 8.9468E-013
3205 9.1730E-013
3207 9.1169E-013
3210 8.6688E-013
3213 8.4542E-013
3216 8.4862E-013
3218 8.6601E-013
3221 8.8345E-013
3224 8.7013E-013
3227 8.5511E-013
3229 8.2787E-013
3232 8.2914E-013
3235 8.3211E-013
3238 8.4775E-013
3240 8.7233E-013
3243 8.9110E-013
3246 9.0382E-013
3249 8.7969E-013
3251 8.8582E-013
3254 8.9771E-013
3257 9.2790E-013
3260 9.4641E-013
3262 9.3868E-013
3265 9.4088E-013
3268 9.4937E-013
3271 9.3988E-013
3273 9.2871E-013
3276 9.1923E-013
3279 9.0498E-013
3282 9.1359E-013
3284 9.2783E-013
3287 9.2956E-013
3290 9.3225E-013
3293 9.5187E-013
3295 9.6679E-013
3298 9.6824E-013
3301 9.6299E-013
3304 9.3727E-013
3306 9.2235E-013
3309 9.2805E-013
3312 9.3844E-013
3315 9.2899E-013
3317 9.2045E-013
3320 9.2590E-013
3323 9.0424E-013
3326 9.1726E-013
3328 9.1257E-013
3331 9.1850E-013
3334 9.2295E-013
3337 9.0923E-013
3339 9.0424E-013
3342 9.0275E-013
3345 9.1472E-013
3348 9.0835E-013
3350 8.9046E-013
3353 9.1996E-013
3356 9.1649E-013
3359 8.3148E-013
3361 7.4055E-013
3364 8.2767E-013
3367 8.8665E-013
3370 8.5179E-013
3372 8.2306E-013
3375 8.7040E-013
3378 9.0882E-013
3381 8.8267E-013
3383 8.9529E-013
3386 9.1295E-013
3389 9.1100E-013
3392 9.0929E-013
3394 9.0086E-013
3397 9.3531E-013
3400 9.5764E-013
3403 9.4789E-013
3405 9.1894E-013
3408 9.1229E-013
3411 9.1875E-013
3414 9.1263E-013
3416 9.2610E-013
3419 9.4623E-013
3422 9.5805E-013
3425 9.4795E-013
3427 9.5514E-013
3430 9.7883E-013
3433 9.7296E-013
3435 9.6933E-013
3438 9.5630E-013
3441 9.2155E-013
3444 9.0265E-013
3446 9.3374E-013
3449 9.6242E-013
3452 9.6673E-013
3455 9.5868E-013
3457 9.7665E-013
3460 9.6134E-013
3463 9.5680E-013
3466 9.6959E-013
3468 9.7073E-013
3471 9.9174E-013
3474 9.6076E-013
3477 9.3219E-013
3479 9.6616E-013
3482 9.9011E-013
3485 9.8075E-013
3488 9.8656E-013
3490 9.6492E-013
3493 9.5832E-013
3496 9.5235E-013
3499 9.5602E-013
3501 9.6752E-013
3504 9.7837E-013
3507 9.7575E-013
3510 9.7399E-013
3512 9.6040E-013
3515 9.6003E-013
3518 9.8592E-013
3521 9.8266E-013
3523 9.6038E-013
3526 9.3663E-013
3529 9.4447E-013
3532 9.8352E-013
3534 9.9523E-013
3537 1.0042E-012
3540 1.0106E-012
3543 1.0106E-012
3545 1.0210E-012
3548 1.0224E-012
3551 1.0271E-012
3554 1.0154E-012
3556 9.9638E-013
3559 9.9667E-013
3562 1.0098E-012
3565 1.0018E-012
3567 9.6660E-013
3570 9.4405E-013
3573 9.3552E-013
3576 9.5598E-013
3578 9.6653E-013
3581 9.6240E-013
3584 9.5035E-013
3587 9.1665E-013
3589 9.2102E-013
3592 9.7440E-013
3595 9.9024E-013
3598 1.0043E-012
3600 1.0155E-012
3603 1.0019E-012
3606 9.7913E-013
3609 9.7579E-013
3611 9.7050E-013
3614 9.7440E-013
3617 9.8915E-013
3620 9.7726E-013
3622 9.8174E-013
3625 1.0069E-012
3628 1.0265E-012
3631 1.0110E-012
3633 9.7144E-013
3636 9.9205E-013
3639 1.0174E-012
3642 1.0226E-012
3644 9.8802E-013
3647 9.9137E-013
3650 9.8721E-013
3653 1.0037E-012
3655 1.0337E-012
3658 1.0457E-012
3661 1.0465E-012
3664 1.0447E-012
3666 1.0443E-012
3669 1.0474E-012
3672 1.0451E-012
3675 1.0472E-012
3677 1.0333E-012
3680 1.0220E-012
3683 1.0166E-012
3686 1.0058E-012
3688 9.9813E-013
3691 1.0344E-012
3694 1.0567E-012
3697 1.0611E-012
3699 1.0592E-012
3702 1.0841E-012
3705 1.0302E-012
3708 1.0055E-012
3710 1.0338E-012
3713 1.0141E-012
3716 1.0879E-012
3719 1.1266E-012
3721 1.0422E-012
3724 9.9568E-013
3727 1.0917E-012
3730 1.1420E-012
3732 1.0958E-012
3735 9.6676E-013
3738 9.7348E-013
3741 1.0910E-012
3743 1.1757E-012
3746 1.1249E-012
3749 1.0331E-012
3752 9.8097E-013
3754 1.0776E-012
3757 1.1889E-012
3760 1.1891E-012
3763 1.2071E-012
3765 1.2104E-012
3768 1.1587E-012
3771 1.0559E-012
3774 1.0335E-012
3776 1.1714E-012
3779 1.2803E-012
3782 1.3326E-012
3785 1.3506E-012
3787 1.3257E-012
3790 1.2978E-012
3793 1.2634E-012
3796 1.1688E-012
3798 1.0209E-012
3801 1.0221E-012
3804 1.1829E-012
3807 1.2763E-012
3809 1.3081E-012
3812 1.3506E-012
3815 1.3309E-012
3818 1.3108E-012
3820 1.3327E-012
3823 1.3148E-012
3826 1.2716E-012
3829 1.2339E-012
3831 1.1735E-012
3834 1.0500E-012
3837 9.3120E-013
3839 1.0004E-012
3842 1.1503E-012
3845 1.2687E-012
3848 1.3301E-012
3850 1.3644E-012
3853 1.3774E-012
3856 1.3914E-012
3859 1.3794E-012
3861 1.3674E-012
3864 1.4028E-012
3867 1.4136E-012
3870 1.4100E-012
3872 1.3815E-012
3875 1.3413E-012
3878 1.3355E-012
3881 1.2933E-012
3883 1.2760E-012
3886 1.1896E-012
3889 1.0437E-012
3892 9.9983E-013
3894 1.1376E-012
3897 1.2332E-012
3900 1.2836E-012
3903 1.3112E-012
3905 1.3279E-012
3908 1.3512E-012
3911 1.4041E-012
3914 1.4109E-012
3916 1.4035E-012
3919 1.3796E-012
3922 1.3544E-012
3925 1.3521E-012
3927 1.3278E-012
3930 1.1845E-012
3933 8.9980E-013
3936 6.9792E-013
3938 9.5774E-013
3941 1.2315E-012
3944 1.3277E-012
3947 1.3500E-012
3949 1.3611E-012
3952 1.3711E-012
3955 1.3731E-012
3958 1.3497E-012
3960 1.3288E-012
3963 1.2540E-012
3966 1.0949E-012
3969 8.2179E-013
3971 7.0724E-013
3974 9.4961E-013
3977 1.1863E-012
3980 1.2931E-012
3982 1.3480E-012
3985 1.3819E-012
3988 1.4039E-012
3991 1.4138E-012
3993 1.4436E-012
3996 1.4421E-012
3999 1.4303E-012
4002 1.4514E-012
4004 1.4594E-012
4007 1.4398E-012
4010 1.4545E-012
4013 1.4634E-012
4015 1.4693E-012
4018 1.4722E-012
4021 1.4816E-012
4024 1.4740E-012
4026 1.4724E-012
4029 1.4589E-012
4032 1.4357E-012
4035 1.4296E-012
4037 1.4570E-012
4040 1.4832E-012
4043 1.4737E-012
4046 1.4446E-012
4048 1.4470E-012
4051 1.4676E-012
4054 1.4768E-012
4057 1.4635E-012
4059 1.4582E-012
4062 1.4557E-012
4065 1.4304E-012
4068 1.4302E-012
4070 1.4424E-012
4073 1.4306E-012
4076 1.4333E-012
4079 1.4155E-012
4081 1.4239E-012
4084 1.4415E-012
4087 1.4271E-012
4090 1.4228E-012
4092 1.4059E-012
4095 1.3591E-012
4098 1.3016E-012
4101 1.1801E-012
4103 1.0362E-012
4106 1.1336E-012
4109 1.2624E-012
4112 1.3396E-012
4114 1.3900E-012
4117 1.4133E-012
4120 1.4127E-012
4123 1.4232E-012
4125 1.4407E-012
4128 1.4509E-012
4131 1.4491E-012
4134 1.4368E-012
4136 1.4423E-012
4139 1.4672E-012
4142 1.4721E-012
4145 1.4495E-012
4147 1.4523E-012
4150 1.4606E-012
4153 1.4582E-012
4156 1.4436E-012
4158 1.4433E-012
4161 1.4535E-012
4164 1.4651E-012
4167 1.4675E-012
4169 1.4680E-012
4172 1.4528E-012
4175 1.4291E-012
4178 1.4258E-012
4180 1.4340E-012
4183 1.4480E-012
4186 1.4400E-012
4189 1.4326E-012
4191 1.4402E-012
4194 1.4519E-012
4197 1.4432E-012
4200 1.4271E-012
4202 1.4184E-012
4205 1.4316E-012
4208 1.4425E-012
4211 1.4497E-012
4213 1.4460E-012
4216 1.4345E-012
4219 1.4292E-012
4222 1.4339E-012
4224 1.4298E-012
4227 1.4030E-012
4230 1.3880E-012
4233 1.4308E-012
4235 1.4255E-012
4238 1.4226E-012
4241 1.4329E-012
4244 1.4428E-012
4246 1.4345E-012
4249 1.4171E-012
4252 1.4073E-012
4254 1.4162E-012
4257 1.4160E-012
4260 1.4329E-012
4263 1.4285E-012
4265 1.4425E-012
4268 1.4435E-012
4271 1.4213E-012
4274 1.3964E-012
4276 1.4023E-012
4279 1.4228E-012
4282 1.4216E-012
4285 1.4033E-012
4287 1.4014E-012
4290 1.3768E-012
4293 1.3642E-012
4296 1.3739E-012
4298 1.3679E-012
4301 1.3248E-012
4304 1.3167E-012
4307 1.3264E-012
4309 1.3173E-012
4312 1.3316E-012
4315 1.3479E-012
4318 1.3670E-012
4320 1.3868E-012
4323 1.3818E-012
4326 1.3518E-012
4329 1.3364E-012
4331 1.3549E-012
4334 1.3351E-012
4337 1.2686E-012
4340 1.1407E-012
4342 1.0142E-012
4345 1.1102E-012
4348 1.2410E-012
4351 1.3172E-012
4353 1.3265E-012
4356 1.3536E-012
4359 1.3899E-012
4362 1.4051E-012
4364 1.4143E-012
4367 1.4120E-012
4370 1.4007E-012
4373 1.4071E-012
4375 1.4002E-012
4378 1.3940E-012
4381 1.4110E-012
4384 1.4017E-012
4386 1.3783E-012
4389 1.3923E-012
4392 1.4120E-012
4395 1.4151E-012
4397 1.4000E-012
4400 1.4064E-012
4403 1.4048E-012
4406 1.4013E-012
4408 1.4087E-012
4411 1.4143E-012
4414 1.4247E-012
4417 1.4121E-012
4419 1.4091E-012
4422 1.4159E-012
4425 1.4155E-012
4428 1.4200E-012
4430 1.4239E-012
4433 1.4272E-012
4436 1.4200E-012
4439 1.4175E-012
4441 1.4323E-012
4444 1.4089E-012
4447 1.4069E-012
4450 1.3971E-012
4452 1.4110E-012
4455 1.4074E-012
4458 1.3945E-012
4461 1.4005E-012
4463 1.4015E-012
4466 1.4097E-012
4469 1.3940E-012
4472 1.3944E-012
4474 1.4087E-012
4477 1.4183E-012
4480 1.4206E-012
4483 1.4117E-012
4485 1.4039E-012
4488 1.4192E-012
4491 1.4147E-012
4494 1.4122E-012
4496 1.4139E-012
4499 1.4169E-012
4502 1.4155E-012
4505 1.4196E-012
4507 1.4291E-012
4510 1.4309E-012
4513 1.4344E-012
4515 1.4258E-012
4518 1.4188E-012
4521 1.4178E-012
4524 1.3971E-012
4526 1.4020E-012
4529 1.3913E-012
4532 1.3792E-012
4535 1.3828E-012
4537 1.3878E-012
4540 1.4057E-012
4543 1.4163E-012
4546 1.4052E-012
4548 1.3913E-012
4551 1.3793E-012
4554 1.3760E-012
4557 1.3781E-012
4559 1.3938E-012
4562 1.4033E-012
4565 1.4045E-012
4568 1.4151E-012
4570 1.4146E-012
4573 1.4061E-012
4576 1.4071E-012
4579 1.4097E-012
4581 1.4046E-012
4584 1.3977E-012
4587 1.3893E-012
4590 1.3915E-012
4592 1.3947E-012
4595 1.3996E-012
4598 1.4005E-012
4601 1.4043E-012
4603 1.4032E-012
4606 1.4000E-012
4609 1.4011E-012
4612 1.4079E-012
4614 1.4121E-012
4617 1.4058E-012
4620 1.4044E-012
4623 1.4050E-012
4625 1.4069E-012
4628 1.4015E-012
4631 1.4012E-012
4634 1.4022E-012
4636 1.4016E-012
4639 1.4035E-012
4642 1.4094E-012
4645 1.3949E-012
4647 1.3916E-012
4650 1.3924E-012
4653 1.3890E-012
4656 1.3928E-012
4658 1.3897E-012
4661 1.3885E-012
4664 1.3976E-012
4667 1.3972E-012
4669 1.3856E-012
4672 1.3872E-012
4675 1.3884E-012
4678 1.3955E-012
4680 1.3931E-012
4683 1.3909E-012
4686 1.3813E-012
4689 1.3751E-012
4691 1.3913E-012
4694 1.3937E-012
4697 1.3928E-012
4699 1.3939E-012
4702 1.3834E-012
4705 1.3730E-012
4708 1.3716E-012
4710 1.3790E-012
4713 1.3771E-012
4716 1.3835E-012
4719 1.3786E-012
4721 1.3859E-012
4724 1.3785E-012
4727 1.3764E-012
4730 1.3814E-012
4732 1.3793E-012
4735 1.3810E-012
4738 1.3741E-012
4741 1.3712E-012
4743 1.3719E-012
4746 1.3798E-012
4749 1.3835E-012
4752 1.3814E-012
4754 1.3774E-012
4757 1.3768E-012
4760 1.3748E-012
4763 1.3712E-012
4765 1.3655E-012
4768 1.3652E-012
4771 1.3689E-012
4774 1.3635E-012
4776 1.3682E-012
4779 1.3664E-012
4782 1.3660E-012
4785 1.3616E-012
4787 1.3545E-012
4790 1.3533E-012
4793 1.3522E-012
4796 1.3532E-012
4798 1.3594E-012
4801 1.3527E-012
4804 1.3512E-012
4807 1.3515E-012
4809 1.3488E-012
4812 1.3524E-012
4815 1.3495E-012
4818 1.3408E-012
4820 1.3417E-012
4823 1.3466E-012
4826 1.3470E-012
4829 1.3448E-012
4831 1.3428E-012
4834 1.3399E-012
4837 1.3373E-012
4839 1.3354E-012
4842 1.3336E-012
4845 1.3259E-012
4848 1.3113E-012
4850 1.3005E-012
4853 1.2876E-012
4856 1.2533E-012
4859 1.1808E-012
4861 1.0540E-012
4864 9.7488E-013
4867 1.0891E-012
4870 1.1902E-012
4872 1.2341E-012
4875 1.2509E-012
4878 1.2684E-012
4881 1.2902E-012
4883 1.3040E-012
4886 1.3028E-012
4889 1.3065E-012
4892 1.3046E-012
4894 1.3077E-012
4897 1.3170E-012
4900 1.3247E-012
4903 1.3289E-012
4905 1.3249E-012
4908 1.3259E-012
4911 1.3201E-012
4914 1.3246E-012
4916 1.3292E-012
4919 1.3083E-012
4922 1.2990E-012
4925 1.3040E-012
4927 1.3105E-012
4930 1.3234E-012
4933 1.3220E-012
4936 1.3128E-012
4938 1.3124E-012
4941 1.3142E-012
4944 1.3234E-012
4947 1.3283E-012
4949 1.3309E-012
4952 1.3280E-012
4955 1.3234E-012
4957 1.3174E-012
4960 1.3017E-012
4963 1.3121E-012
4966 1.3200E-012
4968 1.3188E-012
4971 1.3203E-012
4974 1.3241E-012
4977 1.3264E-012
4979 1.3251E-012
4982 1.3184E-012
4985 1.3106E-012
4988 1.3074E-012
4990 1.3090E-012
4993 1.3118E-012
4996 1.3179E-012
4999 1.3132E-012
5001 1.3115E-012
5004 1.3026E-012
5007 1.3009E-012
5010 1.2979E-012
5012 1.3003E-012
5015 1.2953E-012
5018 1.2942E-012
5021 1.2934E-012
5023 1.3006E-012
5026 1.2977E-012
5029 1.3089E-012
5032 1.3047E-012
5034 1.3093E-012
5037 1.3133E-012
5040 1.2998E-012
5043 1.2955E-012
5045 1.2954E-012
5048 1.3046E-012
5051 1.3017E-012
5053 1.2994E-012
5056 1.3032E-012
5059 1.3065E-012
5062 1.3071E-012
5064 1.3047E-012
5067 1.3044E-012
5070 1.3005E-012
5073 1.2997E-012
5075 1.2989E-012
5078 1.2968E-012
5081 1.2919E-012
5084 1.2833E-012
5086 1.2946E-012
5089 1.2982E-012
5092 1.3001E-012
5095 1.2948E-012
5097 1.2939E-012
5100 1.2891E-012
5103 1.2903E-012
5106 1.2936E-012
5108 1.2897E-012
5111 1.2829E-012
5114 1.2858E-012
5117 1.2891E-012
5119 1.2931E-012
5122 1.2930E-012
5125 1.2923E-012
5128 1.2792E-012
5130 1.2820E-012
5133 1.2800E-012
5136 1.2771E-012
5138 1.2734E-012
5141 1.2660E-012
5144 1.2696E-012
5147 1.2774E-012
5149 1.2807E-012
5152 1.2782E-012
5155 1.2784E-012
5158 1.2822E-012
5160 1.2770E-012
5163 1.2676E-012
5166 1.2570E-012
5169 1.2240E-012
5171 1.2030E-012
5174 1.2085E-012
5177 1.2309E-012
5180 1.2579E-012
5182 1.2591E-012
5185 1.2359E-012
5188 1.2269E-012
5191 1.2397E-012
5193 1.2419E-012
5196 1.2417E-012
5199 1.2513E-012
5202 1.2560E-012
5204 1.2514E-012
5207 1.2434E-012
5210 1.2407E-012
5212 1.2485E-012
5215 1.2586E-012
5218 1.2573E-012
5221 1.2621E-012
5223 1.2674E-012
5226 1.2581E-012
5229 1.2370E-012
5232 1.2381E-012
5234 1.2431E-012
5237 1.2482E-012
5240 1.2603E-012
5243 1.2646E-012
5245 1.2596E-012
5248 1.2619E-012
5251 1.2589E-012
5254 1.2563E-012
5256 1.2587E-012
5259 1.2606E-012
5262 1.2548E-012
5265 1.2396E-012
5267 1.2292E-012
5270 1.2133E-012
5273 1.2096E-012
5276 1.2272E-012
5278 1.2391E-012
5281 1.2460E-012
5284 1.2424E-012
5286 1.2460E-012
5289 1.2520E-012
5292 1.2539E-012
5295 1.2499E-012
5297 1.2549E-012
5300 1.2478E-012
5303 1.2467E-012
5306 1.2445E-012
5308 1.2473E-012
5311 1.2459E-012
5314 1.2404E-012
5317 1.2341E-012
5319 1.2348E-012
5322 1.2353E-012
5325 1.2299E-012
5328 1.2176E-012
5330 1.2080E-012
5333 1.2185E-012
5336 1.2320E-012
5339 1.2331E-012
5341 1.2235E-012
5344 1.2236E-012
5347 1.2282E-012
5349 1.2323E-012
5352 1.2386E-012
5355 1.2285E-012
5358 1.2400E-012
5360 1.2400E-012
5363 1.2360E-012
5366 1.2319E-012
5369 1.2263E-012
5371 1.2134E-012
5374 1.2128E-012
5377 1.2294E-012
5380 1.2300E-012
5382 1.2287E-012
5385 1.2235E-012
5388 1.2226E-012
5391 1.2279E-012
5393 1.2261E-012
5396 1.2162E-012
5399 1.2065E-012
5402 1.2035E-012
5404 1.2096E-012
5407 1.2026E-012
5410 1.2073E-012
5412 1.2085E-012
5415 1.2099E-012
5418 1.2159E-012
5421 1.2177E-012
5423 1.2166E-012
5426 1.2081E-012
5429 1.2089E-012
5432 1.2008E-012
5434 1.1991E-012
5437 1.2017E-012
5440 1.2071E-012
5443 1.2091E-012
5445 1.2091E-012
5448 1.2018E-012
5453 1.2005E-012
5458 1.1939E-012
5463 1.2027E-012
5468 1.1985E-012
5473 1.2027E-012
5478 1.2045E-012
5483 1.1968E-012
5487 1.1996E-012
5492 1.2021E-012
5497 1.1967E-012
5502 1.1989E-012
5507 1.1938E-012
5512 1.1935E-012
5517 1.1964E-012
5522 1.2042E-012
5526 1.1888E-012
5531 1.1815E-012
5536 1.1879E-012
5541 1.1817E-012
5546 1.1907E-012
5551 1.1956E-012
5556 1.1854E-012
5561 1.1841E-012
5565 1.1818E-012
5570 1.1795E-012
5575 1.1730E-012
5580 1.1740E-012
5585 1.1819E-012
5590 1.1701E-012
5595 1.1627E-012
5600 1.1717E-012
5604 1.1660E-012
5609 1.1767E-012
5614 1.1653E-012
5619 1.1569E-012
5624 1.1670E-012
5629 1.1720E-012
5634 1.1625E-012
5638 1.1586E-012
5643 1.1594E-012
5648 1.1625E-012
5653 1.1611E-012
5658 1.1599E-012
5663 1.1576E-012
5668 1.1564E-012
5673 1.1541E-012
5677 1.1422E-012
5682 1.1538E-012
5687 1.1486E-012
5692 1.1460E-012
5697 1.1500E-012
5702 1.1557E-012
5707 1.1458E-012
5712 1.1450E-012
5716 1.1488E-012
5721 1.1443E-012
5726 1.1421E-012
5731 1.1399E-012
5736 1.1406E-012
5741 1.1400E-012
5746 1.1394E-012
5751 1.1417E-012
5755 1.1330E-012
5760 1.1311E-012
5765 1.1350E-012
5770 1.1374E-012
5775 1.1426E-012
5780 1.1451E-012
5785 1.1339E-012
5790 1.1290E-012
5794 1.1268E-012
5799 1.1260E-012
5804 1.1247E-012
5809 1.1221E-012
5814 1.1267E-012
5819 1.1267E-012
5824 1.1232E-012
5829 1.1186E-012
5833 1.1136E-012
5838 1.1125E-012
5843 1.1190E-012
5848 1.1142E-012
5853 1.0987E-012
5858 1.0839E-012
5863 1.1013E-012
5868 1.1066E-012
5872 1.1131E-012
5877 1.1084E-012
5882 1.1067E-012
5887 1.1005E-012
5892 1.0760E-012
5897 1.0805E-012
5902 1.0889E-012
5907 1.0973E-012
5911 1.1037E-012
5916 1.0966E-012
5921 1.1043E-012
5926 1.0933E-012
5931 1.0979E-012
5936 1.0933E-012
5941 1.0970E-012
5946 1.0913E-012
5950 1.0930E-012
5955 1.0979E-012
5960 1.0853E-012
5965 1.0883E-012
5970 1.0900E-012
5975 1.0906E-012
5980 1.0832E-012
5985 1.0844E-012
5989 1.0827E-012
5994 1.0818E-012
5999 1.0843E-012
6004 1.0743E-012
6009 1.0754E-012
6014 1.0756E-012
6019 1.0751E-012
6024 1.0773E-012
6028 1.0703E-012
6033 1.0725E-012
6038 1.0738E-012
6043 1.0870E-012
6048 1.0757E-012
6053 1.0660E-012
6058 1.0658E-012
6063 1.0633E-012
6067 1.0624E-012
6072 1.0620E-012
6077 1.0586E-012
6082 1.0644E-012
6087 1.0580E-012
6092 1.0573E-012
6097 1.0585E-012
6102 1.0585E-012
6106 1.0612E-012
6111 1.0565E-012
6116 1.0539E-012
6121 1.0492E-012
6126 1.0422E-012
6131 1.0514E-012
6136 1.0513E-012
6141 1.0423E-012
6145 1.0397E-012
6150 1.0413E-012
6155 1.0432E-012
6160 1.0416E-012
6165 1.0335E-012
6170 1.0346E-012
6175 1.0417E-012
6180 1.0405E-012
6185 1.0386E-012
6189 1.0381E-012
6194 1.0376E-012
6199 1.0411E-012
6204 1.0391E-012
6209 1.0349E-012
6214 1.0356E-012
6219 1.0302E-012
6224 1.0248E-012
6228 1.0314E-012
6233 1.0293E-012
6238 1.0257E-012
6243 1.0219E-012
6248 1.0237E-012
6253 1.0232E-012
6258 1.0214E-012
6263 1.0202E-012
6267 1.0153E-012
6272 1.0139E-012
6277 1.0227E-012
6282 1.0221E-012
6287 1.0158E-012
6292 1.0170E-012
6297 1.0195E-012
6302 1.0129E-012
6306 1.0072E-012
6311 1.0066E-012
6316 1.0017E-012
6321 9.9575E-013
6326 9.9058E-013
6331 9.9249E-013
6336 9.9299E-013
6341 9.9636E-013
6345 9.9431E-013
6350 9.9616E-013
6355 9.9993E-013
6360 1.0028E-012
6365 9.9451E-013
6370 9.9666E-013
6375 9.9583E-013
6380 9.9539E-013
6385 9.9365E-013
6389 9.9951E-013
6394 9.8808E-013
6399 9.9617E-013
6404 9.9164E-013
6409 9.8180E-013
6414 9.8162E-013
6419 9.8010E-013
6424 9.7797E-013
6428 9.8240E-013
6433 9.7688E-013
6438 9.7525E-013
6443 9.7233E-013
6448 9.6788E-013
6453 9.7197E-013
6458 9.7027E-013
6463 9.6816E-013
6467 9.6652E-013
6472 9.7141E-013
6477 9.6351E-013
6482 9.6786E-013
6487 9.6953E-013
6492 9.6015E-013
6497 9.6035E-013
6502 9.5674E-013
6507 9.6170E-013
6511 9.6162E-013
6516 9.6225E-013
6521 9.5554E-013
6526 9.5387E-013
6531 9.5615E-013
6536 9.5370E-013
6541 9.5244E-013
6546 9.4031E-013
6550 9.2464E-013
6555 8.9066E-013
6560 8.5491E-013
6565 7.9858E-013
6570 8.0841E-013
6575 8.7539E-013
6580 9.0666E-013
6585 9.2569E-013
6589 9.3727E-013
6594 9.3812E-013
6599 9.3895E-013
6604 9.4067E-013
6609 9.4484E-013
6614 9.3889E-013
6619 9.4137E-013
6624 9.3817E-013
6629 9.4236E-013
6633 9.3814E-013
6638 9.3663E-013
6643 9.4060E-013
6648 9.3332E-013
6653 9.3775E-013
6658 9.3314E-013
6663 9.3139E-013
6668 9.3070E-013
6672 9.3398E-013
6677 9.3573E-013
6682 9.2557E-013
6687 9.3068E-013
6692 9.2599E-013
6697 9.2730E-013
6702 9.2893E-013
6707 9.2852E-013
6711 9.2490E-013
6716 9.2123E-013
6721 9.2401E-013
6726 9.2697E-013
6731 9.2224E-013
6736 9.1951E-013
6741 9.2290E-013
6746 9.2509E-013
6751 9.1909E-013
6755 9.1673E-013
6760 9.1411E-013
6765 9.1576E-013
6770 9.1481E-013
6775 9.1468E-013
6780 9.1323E-013
6785 9.0940E-013
6790 9.1092E-013
6794 9.0787E-013
6799 9.0953E-013
6804 9.0631E-013
6809 9.0438E-013
6814 9.0778E-013
6819 9.0653E-013
6824 9.0251E-013
6829 9.0644E-013
6834 9.0644E-013
6838 9.0510E-013
6843 8.9742E-013
6848 8.9811E-013
6853 8.9819E-013
6858 8.8829E-013
6863 8.8928E-013
6868 8.8731E-013
6873 8.9221E-013
6877 8.9210E-013
6882 8.8897E-013
6887 8.9350E-013
6892 8.9579E-013
6897 8.9330E-013
6902 8.8169E-013
6907 8.8416E-013
6912 8.8407E-013
6917 8.8959E-013
6921 8.8305E-013
6926 8.8336E-013
6931 8.8425E-013
6936 8.7706E-013
6941 8.7995E-013
6946 8.8028E-013
6951 8.7460E-013
6956 8.7344E-013
6960 8.7470E-013
6965 8.7747E-013
6970 8.7509E-013
6975 8.7229E-013
6980 8.7293E-013
6985 8.7245E-013
6990 8.6914E-013
6995 8.6803E-013
7000 8.7285E-013
7004 8.6428E-013
7009 8.6541E-013
7014 8.6292E-013
7019 8.5861E-013
7024 8.6345E-013
7029 8.5868E-013
7034 8.5935E-013
7039 8.5604E-013
7043 8.5494E-013
7048 8.5481E-013
7053 8.5410E-013
7058 8.5474E-013
7063 8.5741E-013
7068 8.5328E-013
7073 8.5349E-013
7078 8.4978E-013
7083 8.4881E-013
7087 8.4882E-013
7092 8.4887E-013
7097 8.4887E-013
7102 8.4911E-013
7107 8.4699E-013
7112 8.4702E-013
7117 8.4465E-013
7122 8.4506E-013
7126 8.3968E-013
7131 8.4082E-013
7136 8.3910E-013
7141 8.4161E-013
7146 8.3843E-013
7151 8.3621E-013
7156 8.2983E-013
7161 8.3154E-013
7166 8.3253E-013
7170 8.3242E-013
7175 8.3470E-013
7180 8.2998E-013
7185 8.2838E-013
7190 8.3044E-013
7195 8.2657E-013
7200 8.2726E-013
7205 8.2485E-013
7209 8.2546E-013
7214 8.2508E-013
7219 8.2494E-013
7224 8.2760E-013
7229 8.2327E-013
7234 8.2172E-013
7239 8.1808E-013
7244 8.2143E-013
7249 8.1973E-013
7253 8.1950E-013
7258 8.1485E-013
7263 8.1479E-013
7268 8.1725E-013
7273 8.1756E-013
7278 8.1157E-013
7283 8.1377E-013
7288 8.0907E-013
7293 8.1405E-013
7297 8.0931E-013
7302 8.0756E-013
7307 8.0527E-013
7312 8.0429E-013
7317 8.0531E-013
7322 8.0789E-013
7327 8.0259E-013
7332 8.0198E-013
7336 8.0132E-013
7341 8.0105E-013
7346 7.9992E-013
7351 8.0306E-013
7356 7.9883E-013
7361 7.9838E-013
7366 7.9222E-013
7371 7.9377E-013
7376 7.9170E-013
7380 7.9585E-013
7385 7.9383E-013
7390 7.8572E-013
7395 7.9026E-013
7400 7.8981E-013
7405 7.8711E-013
7410 7.8303E-013
7415 7.8324E-013
7419 7.8497E-013
7424 7.8589E-013
7429 7.8016E-013
7434 7.8009E-013
7439 7.8002E-013
7444 7.8404E-013
7449 7.8366E-013
7454 7.8237E-013
7459 7.7972E-013
7463 7.7619E-013
7468 7.7427E-013
7473 7.7489E-013
7478 7.7602E-013
7483 7.7410E-013
7488 7.7370E-013
7493 7.7121E-013
7498 7.7044E-013
7503 7.7258E-013
7507 7.7159E-013
7512 7.7006E-013
7517 7.6613E-013
7522 7.6351E-013
7527 7.6213E-013
7532 7.6352E-013
7537 7.6409E-013
7542 7.6893E-013
7546 7.6763E-013
7551 7.6148E-013
7556 7.6127E-013
7561 7.6153E-013
7566 7.6328E-013
7571 7.5578E-013
7576 7.5594E-013
7581 7.5775E-013
7586 7.5661E-013
7590 7.5648E-013
7595 7.5947E-013
7600 7.5363E-013
7605 7.5314E-013
7610 7.5034E-013
7615 7.5235E-013
7620 7.5108E-013
7625 7.4880E-013
7630 7.4447E-013
7634 7.4726E-013
7639 7.4458E-013
7644 7.4677E-013
7649 7.4897E-013
7654 7.4691E-013
7659 7.3788E-013
7664 7.3681E-013
7669 7.3965E-013
7673 7.3959E-013
7678 7.3751E-013
7683 7.4122E-013
7688 7.3742E-013
7693 7.4063E-013
7698 7.3522E-013
7703 7.3518E-013
7708 7.3631E-013
7713 7.3166E-013
7717 7.3291E-013
7722 7.3502E-013
7727 7.3363E-013
7732 7.3594E-013
7737 7.3332E-013
7742 7.2913E-013
7747 7.2427E-013
7752 7.2566E-013
7756 7.2735E-013
7761 7.2844E-013
7766 7.2689E-013
7771 7.2469E-013
7776 7.2308E-013
7781 7.1838E-013
7786 7.2149E-013
7791 7.2172E-013
7796 7.1923E-013
7800 7.1683E-013
7805 7.1954E-013
7810 7.2074E-013
7815 7.2148E-013
7820 7.1926E-013
7825 7.1626E-013
7830 7.1231E-013
7835 7.0680E-013
7840 7.1322E-013
7844 7.0943E-013
7849 7.0725E-013
7854 7.1233E-013
7859 7.1584E-013
7864 7.1441E-013
7869 7.0969E-013
7874 7.1231E-013
7879 7.0600E-013
7883 7.0513E-013
7888 7.0760E-013
7893 7.0912E-013
7898 7.0519E-013
7903 7.0318E-013
7908 7.0056E-013
7913 6.9660E-013
7918 6.9541E-013
7923 6.9986E-013
7927 7.0200E-013
7932 6.9733E-013
7937 6.9848E-013
7942 6.9236E-013
7947 6.9568E-013
7952 6.9541E-013
7957 6.9145E-013
7962 6.9138E-013
7967 6.8833E-013
7971 6.9048E-013
7976 6.9748E-013
7981 6.9793E-013
7986 6.9569E-013
7991 6.9421E-013
7996 6.9013E-013
8001 6.8376E-013
8006 6.9053E-013
8010 6.9054E-013
8015 6.8794E-013
8020 6.8469E-013
8025 6.8379E-013
8030 6.8340E-013
8035 6.7733E-013
8040 6.7980E-013
8045 6.7939E-013
8050 6.7720E-013
8054 6.7714E-013
8059 6.7861E-013
8064 6.7930E-013
8069 6.7212E-013
8074 6.7120E-013
8079 6.7334E-013
8084 6.6903E-013
8089 6.7216E-013
8094 6.6924E-013
8098 6.6763E-013
8103 6.7299E-013
8108 6.6349E-013
8113 6.6643E-013
8118 6.6856E-013
8123 6.6709E-013
8128 6.6349E-013
8133 6.6999E-013
8137 6.6066E-013
8142 6.6022E-013
8147 6.6667E-013
8152 6.6373E-013
8157 6.6523E-013
8162 6.6495E-013
8167 6.5959E-013
8172 6.6152E-013
8177 6.6079E-013
8181 6.5540E-013
8186 6.4996E-013
8191 6.5585E-013
8196 6.5366E-013
8201 6.5308E-013
8206 6.4999E-013
8211 6.5301E-013
8216 6.5170E-013
8220 6.5082E-013
8225 6.5131E-013
8230 6.5257E-013
8235 6.5044E-013
8240 6.4954E-013
8245 6.5317E-013
8250 6.4822E-013
8255 6.4894E-013
8260 6.4527E-013
8264 6.4201E-013
8269 6.4593E-013
8274 6.4532E-013
8279 6.4612E-013
8284 6.4561E-013
8289 6.4134E-013
8294 6.3884E-013
8299 6.4336E-013
8304 6.3642E-013
8308 6.3821E-013
8313 6.3984E-013
8318 6.3806E-013
8323 6.3514E-013
8328 6.3621E-013
8333 6.3355E-013
8338 6.3565E-013
8343 6.3283E-013
8347 6.3037E-013
8352 6.3398E-013
8357 6.3123E-013
8362 6.2744E-013
8367 6.2420E-013
8372 6.2210E-013
8377 6.2642E-013
8382 6.2649E-013
8387 6.3115E-013
8391 6.2808E-013
8396 6.2833E-013
8401 6.2764E-013
8406 6.2436E-013
8411 6.2882E-013
8416 6.2597E-013
8421 6.2644E-013
8426 6.2553E-013
8430 6.2326E-013
8435 6.2220E-013
8440 6.1847E-013
8445 6.1385E-013
8450 6.1327E-013
8455 6.1131E-013
8460 6.1461E-013
8465 6.1623E-013
8470 6.1811E-013
8474 6.1532E-013
8479 6.1681E-013
8484 6.1642E-013
8489 6.1559E-013
8494 6.1087E-013
8499 6.0363E-013
8504 5.9235E-013
8509 5.9868E-013
8514 6.0315E-013
8518 6.0332E-013
8523 6.0656E-013
8528 6.0923E-013
8533 6.0188E-013
8538 5.9567E-013
8543 5.8156E-013
8548 5.6270E-013
8553 5.8230E-013
8557 5.9806E-013
8562 5.9895E-013
8567 6.0744E-013
8572 6.0369E-013
8577 6.0684E-013
8582 6.0235E-013
8587 5.9909E-013
8592 5.9796E-013
8597 6.0083E-013
8601 5.9747E-013
8606 5.9665E-013
8611 5.9594E-013
8616 5.9786E-013
8621 5.9867E-013
8626 5.9498E-013
8631 5.9447E-013
8636 5.9247E-013
8640 5.9099E-013
8645 5.8768E-013
8650 5.9252E-013
8655 5.8644E-013
8660 5.8213E-013
8665 5.6499E-013
8670 5.6125E-013
8675 5.7327E-013
8680 5.8068E-013
8684 5.8274E-013
8689 5.8316E-013
8694 5.8493E-013
8699 5.8295E-013
8704 5.8868E-013
8709 5.8751E-013
8714 5.8522E-013
8719 5.8463E-013
8723 5.8591E-013
8728 5.8299E-013
8733 5.8323E-013
8738 5.7843E-013
8743 5.7453E-013
8748 5.7613E-013
8753 5.7240E-013
8758 5.7192E-013
8763 5.7594E-013
8767 5.7780E-013
8772 5.7626E-013
8777 5.7748E-013
8782 5.7306E-013
8787 5.7489E-013
8792 5.7406E-013
8797 5.7589E-013
8802 5.7672E-013
8806 5.7365E-013
8811 5.7459E-013
8816 5.7208E-013
8821 5.7193E-013
8826 5.6796E-013
8831 5.6708E-013
8836 5.6969E-013
8841 5.6977E-013
8846 5.6841E-013
8850 5.6514E-013
8855 5.6496E-013
8860 5.5890E-013
8865 5.5215E-013
8870 5.5246E-013
8875 5.5998E-013
8880 5.6339E-013
8885 5.5921E-013
8889 5.6328E-013
8894 5.6159E-013
8899 5.6060E-013
8904 5.6246E-013
8909 5.6288E-013
8914 5.6325E-013
8919 5.6249E-013
8924 5.6105E-013
8929 5.6171E-013
8933 5.5624E-013
8938 5.6149E-013
8943 5.5146E-013
8948 5.5746E-013
8953 5.5855E-013
8958 5.6165E-013
8963 5.5999E-013
8968 5.5937E-013
8972 5.5469E-013
8977 5.5428E-013
8982 5.5843E-013
8987 5.5535E-013
8992 5.6129E-013
8997 5.5077E-013
9002 5.4625E-013
9007 5.4435E-013
9012 5.3887E-013
9016 5.3530E-013
9021 5.3547E-013
9026 5.4097E-013
9031 5.4389E-013
9036 5.4633E-013
9041 5.4517E-013
9046 5.4266E-013
9051 5.4840E-013
9055 5.4353E-013
9060 5.4427E-013
9065 5.4544E-013
9070 5.4398E-013
9075 5.4674E-013
9080 5.4730E-013
9085 5.4255E-013
9090 5.3509E-013
9094 5.3487E-013
9099 5.3815E-013
9104 5.4020E-013
9109 5.4318E-013
9114 5.4200E-013
9119 5.3959E-013
9124 5.3937E-013
9129 5.3917E-013
9134 5.3712E-013
9138 5.3781E-013
9143 5.4039E-013
9148 5.3676E-013
9153 5.3930E-013
9158 5.3915E-013
9163 5.4033E-013
9168 5.3085E-013
9173 5.2646E-013
9177 5.2690E-013
9182 5.3051E-013
9187 5.3502E-013
9192 5.3312E-013
9197 5.3604E-013
9202 5.3282E-013
9207 5.2466E-013
9212 5.2491E-013
9216 5.1631E-013
9221 5.1552E-013
9226 5.1966E-013
9231 5.0632E-013
9236 5.0949E-013
9241 5.1068E-013
9246 5.1049E-013
9251 5.1897E-013
9256 5.1820E-013
9260 5.2211E-013
9265 5.1935E-013
9270 5.2241E-013
9275 5.2377E-013
9280 5.2082E-013
9285 5.1977E-013
9290 5.2363E-013
9295 5.2141E-013
9299 5.1680E-013
9304 5.1531E-013
9309 5.1513E-013
9314 5.1152E-013
9319 5.0994E-013
9324 5.1508E-013
9329 5.1381E-013
9334 5.1418E-013
9338 5.1501E-013
9343 5.1091E-013
9348 5.1301E-013
9353 5.0873E-013
9358 5.1465E-013
9363 5.1239E-013
9368 5.0883E-013
9373 5.0857E-013
9378 5.0500E-013
9382 5.0129E-013
9387 5.0282E-013
9392 5.0285E-013
9397 5.0479E-013
9402 5.0669E-013
9407 5.0639E-013
9412 5.0490E-013
9417 4.9701E-013
9421 4.9426E-013
9426 4.9762E-013
9431 4.9873E-013
9436 4.9988E-013
9441 5.0310E-013
9446 5.0146E-013
9451 5.0203E-013
9456 4.9962E-013
9460 4.9865E-013
9465 5.0014E-013
9470 5.0181E-013
9475 5.0086E-013
9480 5.0053E-013
9485 4.9353E-013
9490 4.9298E-013
9495 4.9264E-013
9499 4.9364E-013
9504 4.9359E-013
9509 4.9510E-013
9514 4.9363E-013
9519 4.9378E-013
9524 4.9413E-013
9529 4.9097E-013
9534 4.8917E-013
9538 4.8197E-013
9543 4.7644E-013
9548 4.6865E-013
9553 4.6320E-013
9558 4.6724E-013
9563 4.8157E-013
9568 4.8244E-013
9573 4.7703E-013
9578 4.7852E-013
9582 4.7349E-013
9587 4.8063E-013
9592 4.8174E-013
9597 4.8228E-013
9602 4.8149E-013
9607 4.8339E-013
9612 4.8316E-013
9617 4.8316E-013
9621 4.8612E-013
9626 4.8412E-013
9631 4.7929E-013
9636 4.7623E-013
9641 4.7477E-013
9646 4.6920E-013
9651 4.7517E-013
9656 4.7101E-013
9660 4.7451E-013
9665 4.7484E-013
9670 4.7391E-013
9675 4.7173E-013
9680 4.7427E-013
9685 4.7406E-013
9690 4.7587E-013
9695 4.8199E-013
9699 4.7725E-013
9704 4.7422E-013
9709 4.6595E-013
9714 4.6271E-013
9719 4.6575E-013
9724 4.6222E-013
9729 4.6423E-013
9734 4.6762E-013
9738 4.6733E-013
9743 4.6693E-013
9748 4.6386E-013
9753 4.6644E-013
9758 4.6586E-013
9763 4.5951E-013
9768 4.6464E-013
9773 4.6389E-013
9777 4.6714E-013
9782 4.6732E-013
9787 4.6445E-013
9792 4.6066E-013
9797 4.6093E-013
9802 4.6157E-013
9807 4.6030E-013
9812 4.5381E-013
9816 4.5585E-013
9821 4.5341E-013
9826 4.5162E-013
9831 4.5476E-013
9836 4.5739E-013
9841 4.5530E-013
9846 4.5049E-013
9851 4.5529E-013
9855 4.5768E-013
9860 4.5765E-013
9865 4.5811E-013
9870 4.5519E-013
9875 4.5764E-013
9880 4.5907E-013
9885 4.5192E-013
9890 4.5429E-013
9894 4.5004E-013
9899 4.5243E-013
9904 4.4161E-013
9909 4.4496E-013
9914 4.4708E-013
9919 4.4036E-013
9924 4.5139E-013
9929 4.5788E-013
9933 4.4875E-013
9938 4.4479E-013
9943 4.4661E-013
9948 4.4821E-013
9953 4.4761E-013
9958 4.4940E-013
9963 4.4748E-013
9968 4.4735E-013
9972 4.5073E-013
9977 4.4482E-013
9982 4.4467E-013
9987 4.4314E-013
9992 4.4245E-013
9997 4.4105E-013
1E+004 4.4270E-013
1.001E+004 4.4549E-013
1.001E+004 4.4352E-013
1.002E+004 4.3970E-013
1.002E+004 4.3519E-013
1.003E+004 4.3678E-013
1.003E+004 4.3589E-013
1.004E+004 4.3116E-013
1.004E+004 4.2785E-013
1.005E+004 4.2204E-013
1.005E+004 4.1456E-013
1.006E+004 4.0934E-013
1.006E+004 4.1212E-013
1.007E+004 4.2228E-013
1.007E+004 4.2331E-013
1.007E+004 4.2952E-013
1.008E+004 4.2785E-013
1.008E+004 4.2622E-013
1.009E+004 4.2728E-013
1.009E+004 4.2508E-013
1.01E+004 4.3386E-013
1.01E+004 4.2618E-013
1.011E+004 4.2800E-013
1.011E+004 4.2579E-013
1.012E+004 4.2500E-013
1.013E+004 4.3295E-013
1.018E+004 4.2729E-013
1.023E+004 4.2308E-013
1.028E+004 4.1898E-013
1.033E+004 4.1462E-013
1.038E+004 4.1012E-013
1.043E+004 4.0518E-013
1.048E+004 4.0206E-013
1.053E+004 3.9745E-013
1.058E+004 3.9313E-013
1.063E+004 3.8912E-013
1.068E+004 3.8404E-013
1.073E+004 3.7929E-013
1.078E+004 3.7708E-013
1.083E+004 3.7223E-013
1.088E+004 3.6842E-013
1.093E+004 3.5398E-013
1.098E+004 3.5923E-013
1.103E+004 3.5812E-013
1.108E+004 3.5425E-013
1.113E+004 3.5090E-013
1.118E+004 3.4733E-013
1.123E+004 3.4333E-013
1.128E+004 3.3991E-013
1.133E+004 3.3658E-013
1.138E+004 3.3346E-013
1.143E+004 3.2987E-013
1.148E+004 3.2767E-013
1.153E+004 3.2416E-013
1.158E+004 3.2135E-013
1.163E+004 3.1671E-013
1.168E+004 3.1465E-013
1.173E+004 3.1134E-013
1.178E+004 3.0838E-013
1.183E+004 3.0526E-013
1.188E+004 3.0239E-013
1.193E+004 2.9963E-013
1.198E+004 2.9595E-013
1.203E+004 2.9371E-013
1.208E+004 2.9048E-013
1.213E+004 2.8918E-013
1.218E+004 2.8666E-013
1.223E+004 2.8372E-013
1.228E+004 2.8121E-013
1.233E+004 2.7839E-013
1.238E+004 2.7641E-013
1.243E+004 2.7300E-013
1.248E+004 2.7097E-013
1.253E+004 2.6842E-013
1.258E+004 2.6595E-013
1.263E+004 2.6329E-013
1.268E+004 2.6100E-013
1.273E+004 2.5906E-013
1.278E+004 2.5571E-013
1.283E+004 2.4036E-013
1.288E+004 2.5089E-013
1.293E+004 2.4994E-013
1.298E+004 2.4749E-013
1.303E+004 2.4505E-013
1.308E+004 2.4320E-013
1.313E+004 2.4032E-013
1.318E+004 2.3918E-013
1.323E+004 2.3690E-013
1.328E+004 2.3490E-013
1.333E+004 2.3239E-013
1.338E+004 2.3081E-013
1.343E+004 2.2854E-013
1.348E+004 2.2680E-013
1.353E+004 2.2447E-013
1.358E+004 2.2271E-013
1.363E+004 2.2098E-013
1.368E+004 2.1870E-013
1.373E+004 2.1751E-013
1.378E+004 2.1508E-013
1.383E+004 2.1352E-013
1.388E+004 2.1185E-013
1.393E+004 2.1031E-013
1.398E+004 2.0871E-013
1.403E+004 2.0606E-013
1.408E+004 2.0501E-013
1.413E+004 2.0293E-013
1.418E+004 2.0121E-013
1.423E+004 1.9935E-013
1.428E+004 1.9814E-013
1.433E+004 1.9593E-013
1.438E+004 1.9407E-013
1.443E+004 1.9351E-013
1.448E+004 1.9092E-013
1.453E+004 1.8997E-013
1.457E+004 1.8836E-013
1.462E+004 1.8692E-013
1.468E+004 1.8544E-013
1.473E+004 1.8358E-013
1.478E+004 1.8227E-013
1.483E+004 1.8099E-013
1.488E+004 1.7862E-013
1.493E+004 1.7825E-013
1.498E+004 1.7679E-013
1.503E+004 1.7387E-013
1.508E+004 1.7344E-013
1.513E+004 1.7255E-013
1.518E+004 1.7080E-013
1.523E+004 1.7004E-013
1.528E+004 1.6817E-013
1.533E+004 1.6661E-013
1.538E+004 1.6589E-013
1.543E+004 1.6388E-013
1.548E+004 1.6288E-013
1.553E+004 1.6169E-013
1.558E+004 1.5915E-013
1.563E+004 1.5887E-013
1.568E+004 1.5713E-013
1.573E+004 1.5421E-013
1.578E+004 1.5450E-013
1.583E+004 1.5381E-013
1.588E+004 1.4810E-013
1.593E+004 1.4993E-013
1.598E+004 1.5047E-013
1.605E+004 1.4774E-013
1.615E+004 1.4225E-013
1.625E+004 1.4408E-013
1.635E+004 1.3959E-013
1.645E+004 1.3377E-013
1.655E+004 1.3562E-013
1.665E+004 1.3295E-013
1.675E+004 1.2828E-013
1.685E+004 1.2283E-013
1.695E+004 1.2485E-013
1.705E+004 1.2233E-013
1.715E+004 1.1998E-013
1.725E+004 1.1720E-013
1.735E+004 1.0968E-013
1.745E+004 1.1217E-013
1.755E+004 1.1057E-013
1.765E+004 1.0842E-013
1.775E+004 1.0638E-013
1.785E+004 1.0417E-013
1.795E+004 1.0208E-013
1.805E+004 1.0013E-013
1.815E+004 9.3955E-014
1.825E+004 9.5517E-014
1.835E+004 9.4489E-014
1.845E+004 9.2585E-014
1.855E+004 9.0975E-014
1.865E+004 8.8759E-014
1.875E+004 8.2600E-014
1.885E+004 8.5380E-014
1.895E+004 8.4046E-014
1.905E+004 8.2716E-014
1.915E+004 8.1326E-014
1.925E+004 7.9542E-014
1.935E+004 7.7970E-014
1.945E+004 7.2968E-014
1.955E+004 7.5160E-014
1.965E+004 7.3926E-014
1.975E+004 7.2681E-014
1.985E+004 7.1321E-014
1.995E+004 7.0180E-014
2.005E+004 6.8981E-014
2.015E+004 6.7763E-014
2.025E+004 6.6436E-014
2.035E+004 6.5414E-014
2.045E+004 6.4249E-014
2.055E+004 6.3102E-014
2.065E+004 6.1951E-014
2.075E+004 6.1023E-014
2.085E+004 5.9914E-014
2.095E+004 5.8799E-014
2.105E+004 5.7943E-014
2.115E+004 5.6878E-014
2.125E+004 5.5883E-014
2.135E+004 5.5064E-014
2.145E+004 5.4104E-014
2.155E+004 5.3158E-014
2.165E+004 4.9942E-014
2.175E+004 5.1254E-014
2.185E+004 5.0524E-014
2.195E+004 4.9788E-014
2.205E+004 4.8890E-014
2.215E+004 4.8137E-014
2.225E+004 4.7334E-014
2.235E+004 4.6608E-014
2.245E+004 4.5782E-014
2.255E+004 4.5121E-014
2.265E+004 4.4368E-014
2.275E+004 4.3669E-014
2.285E+004 4.2939E-014
2.295E+004 4.2133E-014
2.305E+004 4.1563E-014
2.315E+004 4.0908E-014
2.325E+004 4.0011E-014
2.335E+004 3.9545E-014
2.345E+004 3.9041E-014
2.355E+004 3.8144E-014
2.365E+004 3.7728E-014
2.375E+004 3.7211E-014
2.385E+004 3.6390E-014
2.395E+004 3.5988E-014
2.405E+004 3.5565E-014
2.415E+004 3.4787E-014
2.425E+004 3.4392E-014
2.435E+004 3.3888E-014
2.445E+004 3.3300E-014
2.455E+004 3.2802E-014
2.465E+004 3.2364E-014
2.475E+004 3.1900E-014
2.485E+004 3.1361E-014
2.495E+004 3.0951E-014
2.505E+004 3.0610E-014
2.515E+004 3.0085E-014
2.525E+004 2.9622E-014
2.535E+004 2.9284E-014
2.545E+004 2.8823E-014
2.555E+004 2.8389E-014
2.565E+004 2.7858E-014
2.575E+004 2.7685E-014
2.585E+004 2.7186E-014
2.595E+004 2.6891E-014
2.605E+004 2.6484E-014
2.615E+004 2.5852E-014
2.625E+004 2.4623E-014
2.635E+004 2.5351E-014
2.645E+004 2.5022E-014
2.655E+004 2.4722E-014
2.665E+004 2.4256E-014
2.675E+004 2.3680E-014
2.685E+004 2.3728E-014
2.695E+004 2.3411E-014
2.705E+004 2.3100E-014
2.715E+004 2.2798E-014
2.725E+004 2.2475E-014
2.735E+004 2.2194E-014
2.745E+004 2.1879E-014
2.755E+004 2.1179E-014
2.765E+004 2.1180E-014
2.775E+004 2.0997E-014
2.785E+004 2.0739E-014
2.795E+004 2.0492E-014
2.805E+004 2.0201E-014
2.815E+004 1.9946E-014
2.825E+004 1.9675E-014
2.835E+004 1.9412E-014
2.845E+004 1.9171E-014
2.855E+004 1.8904E-014
2.865E+004 1.8599E-014
2.875E+004 1.8007E-014
2.885E+004 1.8183E-014
2.895E+004 1.7958E-014
2.905E+004 1.7730E-014
2.915E+004 1.7510E-014
2.925E+004 1.7270E-014
2.935E+004 1.7065E-014
2.945E+004 1.6830E-014
2.955E+004 1.6634E-014
2.965E+004 1.6440E-014
2.975E+004 1.6232E-014
2.985E+004 1.6012E-014
2.995E+004 1.5798E-014
3.005E+004 1.5637E-014
3.015E+004 1.5423E-014
3.025E+004 1.5234E-014
3.035E+004 1.4737E-014
3.045E+004 1.4721E-014
3.055E+004 1.4673E-014
3.065E+004 1.4489E-014
3.075E+004 1.4321E-014
3.085E+004 1.4149E-014
3.095E+004 1.3978E-014
3.105E+004 1.3816E-014
3.115E+004 1.3602E-014
3.125E+004 1.3480E-014
3.135E+004 1.3336E-014
3.145E+004 1.3156E-014
3.155E+004 1.2988E-014
3.165E+004 1.2824E-014
3.175E+004 1.2706E-014
3.185E+004 1.2556E-014
3.195E+004 1.2364E-014
3.21E+004 1.2172E-014
3.23E+004 1.1903E-014
3.25E+004 1.1615E-014
3.27E+004 1.1354E-014
3.29E+004 1.0924E-014
3.31E+004 1.0796E-014
3.33E+004 1.0597E-014
3.35E+004 1.0366E-014
3.37E+004 1.0123E-014
3.39E+004 9.8975E-015
3.41E+004 9.6694E-015
3.43E+004 9.4688E-015
3.45E+004 9.2775E-015
3.47E+004 9.0654E-015
3.49E+004 8.8706E-015
3.51E+004 8.6909E-015
3.53E+004 8.4950E-015
3.55E+004 8.3062E-015
3.57E+004 8.1382E-015
3.59E+004 7.9662E-015
3.61E+004 7.8038E-015
3.63E+004 7.6433E-015
3.65E+004 7.4630E-015
3.67E+004 7.3166E-015
3.69E+004 7.1302E-015
3.71E+004 6.9698E-015
3.73E+004 6.8353E-015
3.75E+004 6.6206E-015
3.77E+004 6.5852E-015
3.79E+004 6.4552E-015
3.81E+004 6.3281E-015
3.83E+004 6.2155E-015
3.85E+004 6.1035E-015
3.87E+004 5.9707E-015
3.89E+004 5.8551E-015
3.91E+004 5.7369E-015
3.93E+004 5.6384E-015
3.95E+004 5.5184E-015
3.97E+004 5.4130E-015
3.99E+004 5.2953E-015
4.01E+004 5.1953E-015
4.03E+004 5.1027E-015
4.05E+004 4.9368E-015
4.07E+004 4.9195E-015
4.09E+004 4.8300E-015
4.11E+004 4.7462E-015
4.13E+004 4.6605E-015
4.15E+004 4.5697E-015
4.17E+004 4.4672E-015
4.19E+004 4.4000E-015
4.21E+004 4.3123E-015
4.23E+004 4.2352E-015
4.25E+004 4.1593E-015
4.27E+004 4.0851E-015
4.29E+004 4.0124E-015
4.31E+004 3.9414E-015
4.33E+004 3.8718E-015
4.35E+004 3.8038E-015
4.37E+004 3.7162E-015
4.39E+004 3.6704E-015
4.41E+004 3.6087E-015
4.43E+004 3.5465E-015
4.45E+004 3.4858E-015
4.47E+004 3.4269E-015
4.49E+004 3.3685E-015
4.51E+004 3.3114E-015
4.53E+004 3.2556E-015
4.55E+004 3.2009E-015
4.57E+004 3.1473E-015
4.59E+004 3.0947E-015
4.61E+004 3.0434E-015
4.63E+004 2.9930E-015
4.65E+004 2.9110E-015
4.67E+004 2.8741E-015
4.69E+004 2.8481E-015
4.71E+004 2.8019E-015
4.73E+004 2.7564E-015
4.75E+004 2.7121E-015
4.77E+004 2.6684E-015
4.79E+004 2.6257E-015
4.81E+004 2.5839E-015
4.83E+004 2.5429E-015
4.85E+004 2.5026E-015
4.87E+004 2.4632E-015
4.89E+004 2.4246E-015
4.91E+004 2.3867E-015
4.93E+004 2.3496E-015
4.95E+004 2.3132E-015
4.97E+004 2.2774E-015
4.99E+004 2.2423E-015
5.01E+004 2.2079E-015
5.03E+004 2.1743E-015
5.05E+004 2.1411E-015
5.07E+004 2.1087E-015
5.09E+004 2.0768E-015
5.11E+004 2.0457E-015
5.13E+004 1.9999E-015
5.15E+004 1.9849E-015
5.17E+004 1.9555E-015
5.19E+004 1.9265E-015
5.21E+004 1.8980E-015
5.23E+004 1.8701E-015
5.25E+004 1.8426E-015
5.27E+004 1.8158E-015
5.29E+004 1.7894E-015
5.31E+004 1.7635E-015
5.33E+004 1.7380E-015
5.35E+004 1.7130E-015
5.37E+004 1.6882E-015
5.39E+004 1.6642E-015
5.41E+004 1.6406E-015
5.43E+004 1.6174E-015
5.45E+004 1.5945E-015
5.47E+004 1.5719E-015
5.49E+004 1.5500E-015
5.51E+004 1.5283E-015
5.53E+004 1.5062E-015
5.55E+004 1.4861E-015
5.57E+004 1.4655E-015
5.59E+004 1.4453E-015
5.61E+004 1.4254E-015
5.63E+004 1.4059E-015
5.65E+004 1.3867E-015
5.67E+004 1.3679E-015
5.69E+004 1.3493E-015
5.71E+004 1.3297E-015
5.73E+004 1.3132E-015
5.75E+004 1.2955E-015
5.77E+004 1.2782E-015
5.79E+004 1.2612E-015
5.81E+004 1.2444E-015
5.83E+004 1.2279E-015
5.85E+004 1.2118E-015
5.87E+004 1.1959E-015
5.89E+004 1.1802E-015
5.91E+004 1.1562E-015
5.93E+004 1.1496E-015
5.95E+004 1.1325E-015
5.97E+004 1.1199E-015
5.99E+004 1.1055E-015
6.01E+004 1.0913E-015
6.03E+004 1.0773E-015
6.05E+004 1.0636E-015
6.07E+004 1.0500E-015
6.09E+004 1.0367E-015
6.11E+004 1.0235E-015
6.13E+004 1.0107E-015
6.15E+004 9.9795E-016
6.17E+004 9.8543E-016
6.19E+004 9.7312E-016
6.21E+004 9.6101E-016
6.23E+004 9.4904E-016
6.25E+004 9.3730E-016
6.27E+004 9.2573E-016
6.29E+004 9.1184E-016
6.31E+004 9.0313E-016
6.33E+004 8.9210E-016
6.35E+004 8.8123E-016
6.37E+004 8.7051E-016
6.39E+004 8.5997E-016
6.42E+004 8.4444E-016
6.46E+004 8.2428E-016
6.5E+004 8.0472E-016
6.54E+004 7.8574E-016
6.58E+004 7.6732E-016
6.62E+004 7.4943E-016
6.66E+004 7.3206E-016
6.7E+004 7.1519E-016
6.74E+004 6.9880E-016
6.78E+004 6.8167E-016
6.82E+004 6.6741E-016
6.86E+004 6.5238E-016
6.9E+004 6.3777E-016
6.94E+004 6.2357E-016
6.98E+004 6.0976E-016
7.02E+004 5.9530E-016
7.06E+004 5.8311E-016
7.1E+004 5.7060E-016
7.14E+004 5.5829E-016
7.18E+004 5.4618E-016
7.22E+004 5.3426E-016
7.26E+004 5.2287E-016
7.3E+004 5.1218E-016
7.34E+004 5.0078E-016
7.38E+004 4.9082E-016
7.42E+004 4.8004E-016
7.46E+004 4.6641E-016
7.5E+004 4.5728E-016
7.54E+004 4.5103E-016
7.58E+004 4.4203E-016
7.62E+004 4.3306E-016
7.66E+004 4.2441E-016
7.7E+004 4.1542E-016
7.74E+004 4.0749E-016
7.78E+004 3.9938E-016
7.82E+004 3.9151E-016
7.86E+004 3.8381E-016
7.9E+004 3.7623E-016
7.94E+004 3.6879E-016
7.98E+004 3.6174E-016
8.02E+004 3.5439E-016
8.06E+004 3.4736E-016
8.1E+004 3.4111E-016
8.14E+004 3.3392E-016
8.18E+004 3.2776E-016
8.22E+004 3.2195E-016
8.26E+004 3.1579E-016
8.3E+004 3.0993E-016
8.34E+004 3.0372E-016
8.38E+004 2.9829E-016
8.42E+004 2.9289E-016
8.46E+004 2.8750E-016
8.5E+004 2.8223E-016
8.54E+004 2.7706E-016
8.58E+004 2.7198E-016
8.62E+004 2.6704E-016
8.66E+004 2.6207E-016
8.7E+004 2.5761E-016
8.74E+004 2.5257E-016
8.78E+004 2.4800E-016
8.82E+004 2.4375E-016
8.86E+004 2.3921E-016
8.9E+004 2.3525E-016
8.94E+004 2.3121E-016
8.98E+004 2.2693E-016
9.02E+004 2.2324E-016
9.06E+004 2.1948E-016
9.1E+004 2.1535E-016
9.14E+004 2.1182E-016
9.18E+004 2.0833E-016
9.22E+004 2.0490E-016
9.26E+004 2.0137E-016
9.3E+004 1.9799E-016
9.34E+004 1.9463E-016
9.38E+004 1.9118E-016
9.42E+004 1.8819E-016
9.46E+004 1.8510E-016
9.5E+004 1.8194E-016
9.54E+004 1.7897E-016
9.58E+004 1.7618E-016
9.62E+004 1.7313E-016
9.66E+004 1.7049E-016
9.7E+004 1.6769E-016
9.74E+004 1.6465E-016
9.78E+004 1.6226E-016
9.82E+004 1.5973E-016
9.86E+004 1.5728E-016
9.9E+004 1.5485E-016
9.94E+004 1.5236E-016
9.98E+004 1.4991E-016
1.002E+005 1.4786E-016
1.005E+005 1.4569E-016
1.01E+005 1.4314E-016
1.015E+005 1.4044E-016
1.02E+005 1.3776E-016
1.025E+005 1.3513E-016
1.03E+005 1.3259E-016
1.035E+005 1.3012E-016
1.04E+005 1.2770E-016
1.045E+005 1.2533E-016
1.05E+005 1.2289E-016
1.055E+005 1.2072E-016
1.06E+005 1.1851E-016
1.065E+005 1.1633E-016
1.07E+005 1.1422E-016
1.075E+005 1.1218E-016
1.08E+005 1.1012E-016
1.085E+005 1.0814E-016
1.09E+005 1.0620E-016
1.095E+005 1.0435E-016
1.1E+005 1.0249E-016
1.105E+005 1.0068E-016
1.11E+005 9.8921E-017
1.115E+005 9.7221E-017
1.12E+005 9.5498E-017
1.125E+005 9.3877E-017
1.13E+005 9.2100E-017
1.135E+005 9.0654E-017
1.14E+005 8.9117E-017
1.145E+005 8.7595E-017
1.15E+005 8.6138E-017
1.155E+005 8.4638E-017
1.16E+005 8.3248E-017
1.165E+005 8.1855E-017
1.17E+005 8.0505E-017
1.175E+005 7.9158E-017
1.18E+005 7.7854E-017
1.185E+005 7.6573E-017
1.19E+005 7.5300E-017
1.195E+005 7.4079E-017
1.2E+005 7.2863E-017
1.205E+005 7.1703E-017
1.21E+005 7.0551E-017
1.215E+005 6.9419E-017
1.22E+005 6.8302E-017
1.225E+005 6.7217E-017
1.23E+005 6.6133E-017
1.235E+005 6.5064E-017
1.24E+005 6.4035E-017
1.245E+005 6.3045E-017
1.25E+005 6.2077E-017
1.255E+005 6.1120E-017
1.26E+005 6.0165E-017
1.265E+005 5.9231E-017
1.27E+005 5.8327E-017
1.275E+005 5.7433E-017
1.28E+005 5.6528E-017
1.285E+005 5.5692E-017
1.29E+005 5.4837E-017
1.295E+005 5.4015E-017
1.3E+005 5.3209E-017
1.305E+005 5.2406E-017
1.31E+005 5.1626E-017
1.315E+005 5.0856E-017
1.32E+005 5.0100E-017
1.325E+005 4.9358E-017
1.33E+005 4.8630E-017
1.335E+005 4.7913E-017
1.34E+005 4.7215E-017
1.345E+005 4.6531E-017
1.35E+005 4.5856E-017
1.355E+005 4.5185E-017
1.36E+005 4.4540E-017
1.365E+005 4.3898E-017
1.37E+005 4.3265E-017
1.375E+005 4.2654E-017
1.38E+005 4.2050E-017
1.385E+005 4.1451E-017
1.39E+005 4.0868E-017
1.395E+005 4.0290E-017
1.4E+005 3.9727E-017
1.405E+005 3.9165E-017
1.41E+005 3.8624E-017
1.415E+005 3.8086E-017
1.42E+005 3.7551E-017
1.425E+005 3.7042E-017
1.43E+005 3.6534E-017
1.435E+005 3.6037E-017
1.44E+005 3.5544E-017
1.445E+005 3.5061E-017
1.45E+005 3.4590E-017
1.455E+005 3.4117E-017
1.46E+005 3.3661E-017
1.465E+005 3.3206E-017
1.47E+005 3.2765E-017
1.475E+005 3.2322E-017
1.48E+005 3.1895E-017
1.485E+005 3.1475E-017
1.49E+005 3.1059E-017
1.495E+005 3.0645E-017
1.5E+005 3.0243E-017
1.505E+005 2.9858E-017
1.51E+005 2.9467E-017
1.515E+005 2.9086E-017
1.52E+005 2.8711E-017
1.525E+005 2.8338E-017
1.53E+005 2.7975E-017
1.535E+005 2.7616E-017
1.54E+005 2.7264E-017
1.545E+005 2.6915E-017
1.55E+005 2.6575E-017
1.555E+005 2.6238E-017
1.56E+005 2.5907E-017
1.565E+005 2.5581E-017
1.57E+005 2.5262E-017
1.575E+005 2.4944E-017
1.58E+005 2.4634E-017
1.585E+005 2.4329E-017
1.59E+005 2.4030E-017
1.595E+005 2.3731E-017
1.6E+005 2.3438E-017
1.605E+005 2.3146E-017
1.61E+005 2.2868E-017
1.615E+005 2.2587E-017
1.62E+005 2.2286E-017
1.625E+005 2.2042E-017
1.63E+005 2.1780E-017
1.635E+005 2.1517E-017
1.64E+005 2.1257E-017
1.645E+005 2.1000E-017
1.65E+005 2.0750E-017
1.655E+005 2.0506E-017
1.66E+005 2.0262E-017
1.665E+005 2.0023E-017
1.67E+005 1.9786E-017
1.675E+005 1.9554E-017
1.68E+005 1.9322E-017
1.685E+005 1.9093E-017
1.69E+005 1.8864E-017
1.695E+005 1.8656E-017
1.7E+005 1.8440E-017
1.705E+005 1.8228E-017
1.71E+005 1.8016E-017
1.715E+005 1.7808E-017
1.72E+005 1.7604E-017
1.725E+005 1.7402E-017
1.73E+005 1.7203E-017
1.735E+005 1.7011E-017
1.74E+005 1.6818E-017
1.745E+005 1.6628E-017
1.75E+005 1.6440E-017
1.755E+005 1.6255E-017
1.76E+005 1.6073E-017
1.765E+005 1.5891E-017
1.77E+005 1.5714E-017
1.775E+005 1.5540E-017
1.78E+005 1.5370E-017
1.785E+005 1.5200E-017
1.79E+005 1.5033E-017
1.795E+005 1.4867E-017
1.8E+005 1.4704E-017
1.805E+005 1.4544E-017
1.81E+005 1.4386E-017
1.815E+005 1.4229E-017
1.82E+005 1.4075E-017
1.825E+005 1.3921E-017
1.83E+005 1.3765E-017
1.835E+005 1.3623E-017
1.84E+005 1.3478E-017
1.845E+005 1.3334E-017
1.85E+005 1.3192E-017
1.855E+005 1.3052E-017
1.86E+005 1.2912E-017
1.865E+005 1.2776E-017
1.87E+005 1.2642E-017
1.875E+005 1.2506E-017
1.88E+005 1.2378E-017
1.885E+005 1.2248E-017
1.89E+005 1.2121E-017
1.895E+005 1.1994E-017
1.9E+005 1.1868E-017
1.905E+005 1.1694E-017
1.91E+005 1.1622E-017
1.915E+005 1.1506E-017
1.92E+005 1.1388E-017
1.925E+005 1.1271E-017
1.93E+005 1.1157E-017
1.935E+005 1.1043E-017
1.94E+005 1.0930E-017
1.945E+005 1.0819E-017
1.95E+005 1.0710E-017
1.955E+005 1.0602E-017
1.96E+005 1.0495E-017
1.965E+005 1.0390E-017
1.97E+005 1.0286E-017
1.975E+005 1.0183E-017
1.98E+005 1.0082E-017
1.985E+005 9.9822E-018
1.99E+005 9.8828E-018
1.995E+005 9.7851E-018
2E+005 9.6647E-018
2.01E+005 9.4993E-018
2.02E+005 9.3148E-018
2.03E+005 9.1346E-018
2.04E+005 8.9589E-018
2.05E+005 8.7872E-018
2.06E+005 8.6197E-018
2.07E+005 8.4566E-018
2.08E+005 8.2965E-018
2.09E+005 8.1402E-018
2.1E+005 7.9878E-018
2.11E+005 7.8395E-018
2.12E+005 7.6942E-018
2.13E+005 7.5522E-018
2.14E+005 7.4137E-018
2.15E+005 7.2781E-018
2.16E+005 7.1456E-018
2.17E+005 7.0161E-018
2.18E+005 6.8895E-018
2.19E+005 6.7655E-018
2.2E+005 6.6453E-018
2.21E+005 6.5270E-018
2.22E+005 6.4114E-018
2.23E+005 6.2938E-018
2.24E+005 6.1864E-018
2.25E+005 6.0796E-018
2.26E+005 5.9735E-018
2.27E+005 5.8700E-018
2.28E+005 5.7686E-018
2.29E+005 5.6697E-018
2.3E+005 5.5725E-018
2.31E+005 5.4776E-018
2.32E+005 5.3849E-018
2.33E+005 5.2939E-018
2.34E+005 5.2047E-018
2.35E+005 5.1179E-018
2.36E+005 5.0325E-018
2.37E+005 4.9486E-018
2.38E+005 4.8668E-018
2.39E+005 4.7859E-018
2.4E+005 4.7082E-018
2.41E+005 4.6314E-018
2.42E+005 4.5557E-018
2.43E+005 4.4820E-018
2.44E+005 4.4095E-018
2.45E+005 4.3385E-018
2.46E+005 4.2696E-018
2.47E+005 4.2016E-018
2.48E+005 4.1343E-018
2.49E+005 4.0686E-018
2.5E+005 4.0047E-018
2.51E+005 3.9420E-018
2.52E+005 3.8802E-018
2.53E+005 3.8199E-018
2.54E+005 3.7605E-018
2.55E+005 3.7024E-018
2.56E+005 3.6453E-018
2.57E+005 3.5893E-018
2.58E+005 3.5345E-018
2.59E+005 3.4805E-018
2.6E+005 3.4281E-018
2.61E+005 3.3765E-018
2.62E+005 3.3251E-018
2.63E+005 3.2755E-018
2.64E+005 3.2268E-018
2.65E+005 3.1785E-018
2.66E+005 3.1314E-018
2.67E+005 3.0850E-018
2.68E+005 3.0397E-018
2.69E+005 2.9952E-018
2.7E+005 2.9515E-018
2.71E+005 2.9082E-018
2.72E+005 2.8661E-018
2.73E+005 2.8247E-018
2.74E+005 2.7840E-018
2.75E+005 2.7439E-018
2.76E+005 2.7047E-018
2.77E+005 2.6662E-018
2.78E+005 2.6229E-018
2.79E+005 2.5914E-018
2.8E+005 2.5553E-018
2.81E+005 2.5192E-018
2.82E+005 2.4834E-018
2.83E+005 2.4487E-018
2.84E+005 2.4146E-018
2.85E+005 2.3810E-018
2.86E+005 2.3484E-018
2.87E+005 2.3160E-018
2.88E+005 2.2840E-018
2.89E+005 2.2528E-018
2.9E+005 2.2222E-018
2.91E+005 2.1921E-018
2.92E+005 2.1624E-018
2.93E+005 2.1333E-018
2.94E+005 2.1046E-018
2.95E+005 2.0763E-018
2.96E+005 2.0486E-018
2.97E+005 2.0215E-018
2.98E+005 1.9938E-018
2.99E+005 1.9677E-018
3E+005 1.9423E-018
3.01E+005 1.9170E-018
3.02E+005 1.8916E-018
3.03E+005 1.8672E-018
3.04E+005 1.8429E-018
3.05E+005 1.8190E-018
3.06E+005 1.7953E-018
3.07E+005 1.7722E-018
3.08E+005 1.7495E-018
3.09E+005 1.7276E-018
3.1E+005 1.7055E-018
3.11E+005 1.6834E-018
3.12E+005 1.6621E-018
3.13E+005 1.6411E-018
3.14E+005 1.6204E-018
3.15E+005 1.6000E-018
3.16E+005 1.5800E-018
3.17E+005 1.5603E-018
3.18E+005 1.5409E-018
3.19E+005 1.5218E-018
3.2E+005 1.5030E-018
3.21E+005 1.4845E-018
3.22E+005 1.4662E-018
3.23E+005 1.4483E-018
3.24E+005 1.4306E-018
3.25E+005 1.4132E-018
3.26E+005 1.3960E-018
3.27E+005 1.3791E-018
3.28E+005 1.3625E-018
3.29E+005 1.3461E-018
3.3E+005 1.3300E-018
3.31E+005 1.3140E-018
3.32E+005 1.2984E-018
3.33E+005 1.2829E-018
3.34E+005 1.2678E-018
3.35E+005 1.2528E-018
3.36E+005 1.2380E-018
3.37E+005 1.2235E-018
3.38E+005 1.2091E-018
3.39E+005 1.1951E-018
3.4E+005 1.1811E-018
3.41E+005 1.1674E-018
3.42E+005 1.1539E-018
3.43E+005 1.1406E-018
3.44E+005 1.1275E-018
3.45E+005 1.1145E-018
3.46E+005 1.1017E-018
3.47E+005 1.0892E-018
3.48E+005 1.0768E-018
3.49E+005 1.0646E-018
3.5E+005 1.0525E-018
3.51E+005 1.0406E-018
3.52E+005 1.0289E-018
3.53E+005 1.0174E-018
3.54E+005 1.0060E-018
3.55E+005 9.9473E-019
3.56E+005 9.8366E-019
3.57E+005 9.7274E-019
3.58E+005 9.6198E-019
3.59E+005 9.5135E-019
3.6E+005 9.4080E-019
3.61E+005 9.3050E-019
3.62E+005 9.2034E-019
3.63E+005 9.1027E-019
3.64E+005 9.0029E-019
3.65E+005 8.9046E-019
3.66E+005 8.8090E-019
3.67E+005 8.7140E-019
3.68E+005 8.6202E-019
3.69E+005 8.5278E-019
3.7E+005 8.4363E-019
3.71E+005 8.3451E-019
3.72E+005 8.2565E-019
3.73E+005 8.1690E-019
3.74E+005 8.0822E-019
3.75E+005 7.9967E-019
3.76E+005 7.9126E-019
3.77E+005 7.8293E-019
3.78E+005 7.7468E-019
3.79E+005 7.6660E-019
3.8E+005 7.5856E-019
3.81E+005 7.5070E-019
3.82E+005 7.4290E-019
3.83E+005 7.3517E-019
3.84E+005 7.2760E-019
3.85E+005 7.2010E-019
3.86E+005 7.1267E-019
3.87E+005 7.0539E-019
3.88E+005 6.9773E-019
3.89E+005 6.8989E-019
3.9E+005 6.8404E-019
3.91E+005 6.7709E-019
3.92E+005 6.7017E-019
3.93E+005 6.6342E-019
3.94E+005 6.5676E-019
3.95E+005 6.5017E-019
3.96E+005 6.4361E-019
3.97E+005 6.3720E-019
3.98E+005 6.3084E-019
3.99E+005 6.2457E-019
