1140 1.3413E-014
1140 1.3413E-014
1141 -2.0662E-016
1141 -2.9334E-015
1142 -1.1749E-016
1142 2.8644E-016
1143 1.7199E-015
1144 7.8149E-017
1144 2.4395E-015
1145 1.7515E-015
1145 1.0379E-015
1146 1.4861E-017
1147 0.0000E+000
1147 4.3909E-015
1148 1.0057E-015
1148 3.1477E-017
1149 7.9507E-016
1149 7.3773E-016
1150 2.1091E-015
1151 6.3251E-016
1151 -1.2045E-017
1152 1.0720E-017
1152 9.6090E-016
1153 -4.0093E-017
1154 4.1342E-016
1154 -1.5313E-017
1155 0.0000E+000
1155 7.9879E-016
1156 0.0000E+000
1156 7.0684E-016
1157 3.4811E-016
1158 -1.2233E-016
1158 5.6101E-016
1159 3.4722E-016
1159 3.4807E-018
1160 9.0266E-016
1161 3.1239E-016
1161 2.7985E-016
1162 5.5508E-016
1162 5.8938E-016
1163 8.5738E-016
1164 5.7514E-016
1164 5.5669E-016
1165 4.8624E-016
1165 9.1202E-016
1166 7.3038E-016
1166 4.6067E-017
1167 1.0051E-015
1168 -2.1968E-017
1168 -2.6781E-017
1169 1.4840E-016
1169 4.2981E-016
1170 1.8989E-016
1171 2.1400E-016
1171 -1.8400E-017
1172 6.1681E-016
1172 -6.3855E-018
1173 6.2441E-016
1173 1.1921E-015
1174 1.4853E-015
1175 1.2446E-015
1175 1.1768E-015
1176 1.6449E-015
1176 2.3489E-015
1177 1.4057E-015
1178 1.6719E-015
1178 1.4768E-015
1179 1.5862E-015
1179 8.5149E-016
1180 1.4146E-015
1180 5.0325E-016
1181 1.3318E-015
1182 6.1766E-016
1182 1.0149E-015
1183 1.0775E-015
1183 1.0979E-015
1184 5.8940E-016
1185 7.3879E-016
1185 1.6089E-015
1186 4.3789E-016
1186 -1.5883E-016
1187 1.0142E-015
1187 2.1475E-016
1188 2.7321E-015
1189 3.0053E-016
1189 -1.1858E-016
1190 -4.4156E-016
1190 -8.5234E-017
1191 3.0618E-016
1192 -1.0300E-015
1192 4.3673E-015
1193 1.4389E-015
1193 1.6214E-015
1194 5.7719E-015
1194 3.5460E-016
1195 -8.8535E-016
1196 5.0306E-016
1196 -2.9289E-015
1197 2.3774E-017
1197 -2.9265E-015
1198 3.6487E-016
1199 -3.0559E-015
1199 -2.6201E-016
1200 1.9519E-015
1200 -6.0994E-016
1201 -4.8466E-016
1201 2.7223E-015
1202 2.1812E-015
1203 -4.5440E-015
1203 -5.2071E-017
1204 1.9512E-015
1204 2.2144E-015
1205 5.1793E-016
1206 4.1435E-015
1206 1.1220E-015
1207 3.3198E-015
1207 -1.9194E-016
1208 -2.2510E-016
1208 -5.4513E-016
1209 -2.5602E-016
1210 4.5901E-016
1210 4.1204E-015
1211 1.1734E-015
1211 4.8914E-016
1212 -1.7988E-015
1213 -1.7061E-016
1213 4.1868E-015
1214 4.1854E-015
1214 1.3960E-015
1215 1.3963E-015
1215 1.2850E-015
1216 -4.2209E-016
1217 1.0598E-015
1217 -6.2928E-016
1218 2.5184E-015
1218 3.2634E-015
1219 3.2221E-016
1220 -3.3665E-016
1220 1.3480E-015
1221 -1.2643E-016
1221 -1.5956E-015
1222 -2.5343E-015
1222 5.7055E-016
1223 1.7040E-017
1224 2.2469E-015
1224 6.0465E-016
1225 -6.7035E-016
1225 8.9998E-017
1226 -2.1293E-015
1227 8.1316E-016
1227 1.9779E-015
1228 6.3730E-016
1228 3.7456E-016
1229 1.3586E-015
1229 2.0369E-015
1230 -6.7937E-016
1231 1.4366E-015
1231 2.0519E-016
1232 7.4873E-016
1232 3.5416E-016
1233 1.4701E-015
1234 3.2625E-015
1234 -2.3803E-015
1235 7.7735E-016
1235 -9.6618E-016
1236 7.7506E-016
1236 -4.0959E-016
1237 1.5856E-015
1238 2.0306E-015
1238 8.5852E-016
1239 9.6733E-016
1239 1.8838E-015
1240 5.4364E-016
1241 -2.7949E-016
1241 7.0964E-016
1242 8.5617E-016
1242 1.0884E-015
1243 6.5529E-016
1243 8.3230E-016
1244 8.5247E-016
1245 1.2880E-015
1245 1.6162E-015
1246 1.9319E-015
1246 1.2011E-015
1247 2.7656E-015
1248 1.8864E-015
1248 1.1424E-015
1249 1.7036E-015
1249 1.3553E-015
1250 1.9760E-015
1250 2.2601E-015
1251 2.2320E-015
1252 2.9219E-015
1252 3.3233E-015
1253 2.4389E-015
1253 2.7434E-015
1254 2.3411E-015
1255 2.4838E-015
1255 2.6737E-015
1256 2.3209E-015
1256 2.9577E-015
1257 2.7752E-015
1257 1.8248E-015
1258 3.1238E-015
1259 1.7227E-015
1259 2.0477E-015
1260 2.3272E-015
1260 2.4059E-015
1261 1.7996E-015
1262 1.6369E-015
1262 1.4637E-015
1263 2.7511E-015
1263 3.2655E-015
1264 2.7537E-015
1264 2.0403E-015
1265 2.4858E-015
1266 2.2377E-015
1266 2.6025E-015
1267 3.6773E-015
1267 3.3343E-015
1268 3.8188E-015
1269 3.5446E-015
1269 3.7552E-015
1270 4.1978E-015
1270 3.0680E-015
1271 3.2843E-015
1271 3.9426E-015
1272 3.8359E-015
1273 3.9333E-015
1273 3.9119E-015
1274 4.4099E-015
1274 3.1616E-015
1275 4.0834E-015
1276 2.5376E-015
1276 2.1108E-015
1277 3.0658E-015
1277 3.3504E-015
1278 3.9925E-015
1278 3.6707E-015
1279 4.2715E-015
1280 4.8876E-015
1280 3.1097E-015
1281 3.7842E-015
1281 4.4722E-015
1282 5.2878E-015
1283 5.8994E-015
1283 5.7047E-015
1284 5.9264E-015
1284 5.2033E-015
1285 5.6174E-015
1285 4.0531E-015
1286 4.8520E-015
1287 4.8462E-015
1287 4.3646E-015
1288 3.7347E-015
1288 4.7886E-015
1289 3.9386E-015
1290 5.4893E-015
1290 7.2898E-015
1291 6.2221E-015
1291 6.0509E-015
1292 5.8447E-015
1292 6.9841E-015
1293 5.9779E-015
1294 6.2543E-015
1294 7.2479E-015
1295 6.4123E-015
1295 6.7353E-015
1296 6.6254E-015
1297 6.4268E-015
1297 8.2570E-015
1298 8.1145E-015
1298 6.7183E-015
1299 6.8594E-015
1299 7.7623E-015
1300 6.9305E-015
1301 7.1550E-015
1301 6.3234E-015
1302 6.5271E-015
1302 6.7020E-015
1303 6.8176E-015
1304 5.7341E-015
1304 5.7537E-015
1305 6.6753E-015
1305 6.9057E-015
1306 7.4424E-015
1306 7.5489E-015
1307 5.3757E-015
1308 7.3037E-015
1308 5.9057E-015
1309 5.9736E-015
1309 6.0176E-015
1310 5.6906E-015
1311 6.9816E-015
1311 6.0091E-015
1312 5.9144E-015
1312 7.2946E-015
1313 8.3610E-015
1313 6.8084E-015
1314 9.0442E-015
1315 9.2910E-015
1315 9.7925E-015
1316 9.2451E-015
1316 9.1266E-015
1317 8.8668E-015
1318 8.9866E-015
1318 9.3291E-015
1319 9.9674E-015
1319 9.1617E-015
1320 9.1854E-015
1320 9.7704E-015
1321 1.1344E-014
1322 1.0563E-014
1322 1.1201E-014
1323 9.3357E-015
1323 9.5335E-015
1324 9.9483E-015
1325 9.1638E-015
1325 1.0152E-014
1326 9.2348E-015
1326 1.0554E-014
1327 1.0626E-014
1327 9.8900E-015
1328 9.1298E-015
1329 8.0117E-015
1329 7.1451E-015
1330 9.4952E-015
1330 9.4447E-015
1331 8.3473E-015
1332 9.7649E-015
1332 9.1535E-015
1333 9.8879E-015
1333 1.0420E-014
1334 1.0160E-014
1334 1.0336E-014
1335 1.0428E-014
1336 1.1534E-014
1336 1.1741E-014
1337 1.1456E-014
1337 1.1653E-014
1338 1.2576E-014
1339 1.2648E-014
1339 1.5269E-014
1340 1.5128E-014
1340 1.3667E-014
1341 1.3839E-014
1341 1.3520E-014
1342 1.3745E-014
1343 1.3963E-014
1343 1.3956E-014
1344 1.3341E-014
1344 1.5306E-014
1345 1.3628E-014
1346 1.2238E-014
1346 1.2972E-014
1347 1.3267E-014
1347 1.2495E-014
1348 1.3730E-014
1348 1.3875E-014
1349 1.4587E-014
1350 1.2750E-014
1350 1.3429E-014
1351 1.3822E-014
1351 1.2802E-014
1352 1.3172E-014
1353 1.3703E-014
1353 1.2739E-014
1354 1.2990E-014
1354 1.3359E-014
1355 1.3043E-014
1355 1.2772E-014
1356 1.1481E-014
1357 1.0602E-014
1357 1.1169E-014
1358 1.1464E-014
1358 1.3336E-014
1359 1.2778E-014
1360 1.2186E-014
1360 1.3382E-014
1361 1.4258E-014
1361 1.3198E-014
1362 1.3272E-014
1362 1.4546E-014
1363 1.3992E-014
1364 1.4145E-014
1364 1.3167E-014
1365 1.3339E-014
1365 1.4753E-014
1366 1.3122E-014
1367 1.5451E-014
1367 1.4055E-014
1368 1.5167E-014
1368 1.5180E-014
1369 1.2482E-014
1369 1.2926E-014
1370 1.3451E-014
1371 1.4709E-014
1371 1.5136E-014
1372 1.4041E-014
1372 1.2653E-014
1373 1.6892E-014
1374 1.4120E-014
1374 1.5365E-014
1375 1.4760E-014
1375 1.4352E-014
1376 1.5521E-014
1376 1.6885E-014
1377 1.5413E-014
1378 1.6180E-014
1378 1.6137E-014
1379 1.6261E-014
1379 1.5709E-014
1380 1.5651E-014
1381 1.6070E-014
1381 1.6024E-014
1382 1.5454E-014
1382 1.7002E-014
1383 1.4578E-014
1383 1.6328E-014
1384 1.7629E-014
1385 1.6858E-014
1385 1.7183E-014
1386 1.8089E-014
1386 1.8323E-014
1387 1.8242E-014
1388 2.0118E-014
1388 1.9202E-014
1389 1.7195E-014
1389 1.7580E-014
1390 1.8162E-014
1390 2.0793E-014
1391 1.6859E-014
1392 1.8746E-014
1392 1.8766E-014
1393 1.9677E-014
1393 2.0294E-014
1394 2.1151E-014
1395 2.1223E-014
1395 1.9780E-014
1396 2.1020E-014
1396 2.0370E-014
1397 1.9239E-014
1397 1.8117E-014
1398 1.8993E-014
1399 1.7413E-014
1399 1.6419E-014
1400 1.8415E-014
1400 1.8902E-014
1401 1.8834E-014
1402 2.2418E-014
1402 2.1636E-014
1403 2.2174E-014
1403 2.0814E-014
1404 2.0263E-014
1404 2.1745E-014
1405 1.8555E-014
1406 2.3738E-014
1406 2.3009E-014
1407 2.2172E-014
1407 2.1902E-014
1408 2.3884E-014
1408 2.0490E-014
1409 2.0850E-014
1410 1.9378E-014
1410 2.2598E-014
1411 2.0569E-014
1411 2.2494E-014
1412 2.2079E-014
1413 2.0080E-014
1413 2.1313E-014
1414 2.3937E-014
1414 2.1916E-014
1415 2.1971E-014
1415 2.1204E-014
1416 2.2943E-014
1417 2.3269E-014
1417 2.6419E-014
1418 2.4856E-014
1418 2.6398E-014
1419 2.4542E-014
1420 2.3207E-014
1420 2.3440E-014
1421 2.6800E-014
1421 2.3788E-014
1422 2.4268E-014
1422 2.3434E-014
1423 2.5258E-014
1424 2.5164E-014
1424 2.3643E-014
1425 1.9172E-014
1425 2.2879E-014
1426 2.3632E-014
1427 2.6373E-014
1427 2.6212E-014
1428 2.4701E-014
1428 2.7960E-014
1429 2.6142E-014
1429 2.4050E-014
1430 2.2516E-014
1431 2.0667E-014
1431 2.3466E-014
1432 2.2186E-014
1432 1.9990E-014
1433 1.9446E-014
1434 2.0136E-014
1434 2.0348E-014
1435 1.7775E-014
1435 2.3005E-014
1436 2.3568E-014
1436 2.4364E-014
1437 2.5468E-014
1438 2.7311E-014
1438 2.6710E-014
1439 2.2935E-014
1439 2.5601E-014
1440 2.6492E-014
1441 2.6330E-014
1441 2.7993E-014
1442 2.8313E-014
1442 2.7131E-014
1443 2.7815E-014
1443 2.7382E-014
1444 2.8872E-014
1445 2.9299E-014
1445 2.8827E-014
1446 2.8757E-014
1446 2.8804E-014
1447 3.1520E-014
1448 3.0161E-014
1448 2.6456E-014
1449 3.0763E-014
1449 2.9722E-014
1450 3.2719E-014
1450 3.1670E-014
1451 2.9225E-014
1452 3.2184E-014
1452 2.9177E-014
1453 2.7665E-014
1453 3.1618E-014
1454 3.3819E-014
1455 3.0288E-014
1455 3.4674E-014
1456 3.1884E-014
1456 3.1040E-014
1457 3.7700E-014
1457 3.3503E-014
1458 3.4315E-014
1459 3.4337E-014
1459 3.3882E-014
1460 3.5612E-014
1460 3.3185E-014
1461 3.6519E-014
1462 3.3741E-014
1462 3.4323E-014
1463 3.3339E-014
1463 3.2000E-014
1464 3.1425E-014
1464 3.5084E-014
1465 3.4687E-014
1466 3.9493E-014
1466 3.5660E-014
1467 3.3625E-014
1467 2.6200E-014
1468 2.9787E-014
1469 3.0208E-014
1469 3.6979E-014
1470 3.4629E-014
1470 3.5173E-014
1471 4.0073E-014
1471 4.0175E-014
1472 3.7846E-014
1473 3.3934E-014
1473 3.0989E-014
1474 2.7270E-014
1474 3.0063E-014
1475 3.2066E-014
1476 3.7155E-014
1476 3.5667E-014
1477 3.7407E-014
1477 3.9567E-014
1478 4.0248E-014
1478 3.9227E-014
1479 4.0507E-014
1480 3.8378E-014
1480 4.4141E-014
1481 3.1715E-014
1481 3.1555E-014
1482 3.2296E-014
1483 3.3207E-014
1483 3.4439E-014
1484 3.9350E-014
1484 3.9370E-014
1485 4.0734E-014
1485 3.7822E-014
1486 4.1659E-014
1487 4.5871E-014
1487 4.0068E-014
1488 4.1338E-014
1488 4.6632E-014
1489 4.1778E-014
1490 4.2433E-014
1490 4.4568E-014
1491 4.9099E-014
1491 4.6608E-014
1492 4.3160E-014
1492 3.9640E-014
1493 3.5870E-014
1494 3.8459E-014
1494 3.9349E-014
1495 4.5315E-014
1495 4.5627E-014
1496 4.6828E-014
1497 4.7987E-014
1497 5.3072E-014
1498 5.0781E-014
1498 5.0671E-014
1499 4.8950E-014
1499 5.6327E-014
1500 4.9284E-014
1501 4.7198E-014
1501 5.3971E-014
1502 4.9916E-014
1502 5.2530E-014
1503 5.3523E-014
1504 5.4898E-014
1504 5.5254E-014
1505 5.0308E-014
1505 4.6271E-014
1506 5.2869E-014
1506 5.1205E-014
1507 4.8161E-014
1508 5.1419E-014
1508 4.7932E-014
1509 4.6934E-014
1509 4.7143E-014
1510 5.0227E-014
1511 4.5355E-014
1511 4.1006E-014
1512 4.8863E-014
1512 4.8261E-014
1513 5.2349E-014
1513 4.9550E-014
1514 5.1494E-014
1515 5.1158E-014
1515 4.4673E-014
1516 4.9651E-014
1516 5.6272E-014
1517 5.4564E-014
1517 5.1315E-014
1518 5.8286E-014
1519 5.6283E-014
1519 5.2305E-014
1520 5.6867E-014
1520 5.8622E-014
1521 5.8094E-014
1522 5.4207E-014
1522 5.4105E-014
1523 5.7102E-014
1523 5.7123E-014
1524 5.9742E-014
1524 5.6014E-014
1525 5.4688E-014
1526 4.9565E-014
1526 4.7620E-014
1527 4.5070E-014
1527 5.1184E-014
1528 5.7188E-014
1529 6.5620E-014
1529 7.0113E-014
1530 7.0127E-014
1530 8.2507E-014
1531 6.9618E-014
1531 7.1666E-014
1532 6.8905E-014
1533 6.2242E-014
1533 5.2647E-014
1534 5.7567E-014
1534 6.1421E-014
1535 8.1524E-014
1536 9.9589E-014
1536 9.5042E-014
1537 9.2522E-014
1537 8.8752E-014
1538 1.1501E-013
1538 1.5573E-013
1539 1.6388E-013
1540 1.4644E-013
1540 1.1766E-013
1541 1.1397E-013
1541 1.2266E-013
1542 1.4681E-013
1543 2.0049E-013
1543 2.2792E-013
1544 1.9169E-013
1544 1.5889E-013
1545 1.4597E-013
1545 1.5808E-013
1546 1.8855E-013
1547 2.1790E-013
1547 2.0101E-013
1548 2.0607E-013
1548 2.0232E-013
1549 2.3381E-013
1550 2.9627E-013
1550 2.8327E-013
1551 2.3351E-013
1551 1.8257E-013
1552 1.6845E-013
1552 1.8076E-013
1553 1.9905E-013
1554 2.4237E-013
1554 2.4474E-013
1555 2.3820E-013
1555 2.3621E-013
1556 2.4997E-013
1557 2.9240E-013
1557 3.4516E-013
1558 3.5239E-013
1558 2.6811E-013
1559 1.8795E-013
1559 1.6784E-013
1560 1.3712E-013
1561 1.2448E-013
1561 1.4726E-013
1562 1.8352E-013
1562 2.7143E-013
1563 3.3359E-013
1564 3.4940E-013
1564 3.9579E-013
1565 4.5746E-013
1565 4.3820E-013
1566 4.7192E-013
1566 4.3615E-013
1567 3.7331E-013
1568 3.3564E-013
1568 3.1058E-013
1569 3.3796E-013
1569 3.2228E-013
1570 3.0291E-013
1571 2.8590E-013
1571 3.1210E-013
1572 3.4142E-013
1572 3.6484E-013
1573 3.1271E-013
1573 2.8505E-013
1574 2.6192E-013
1575 2.8275E-013
1575 3.3522E-013
1576 4.5702E-013
1576 4.8552E-013
1577 4.6956E-013
1578 5.5392E-013
1578 5.5977E-013
1579 5.3833E-013
1579 5.8710E-013
1580 5.4500E-013
1580 5.2897E-013
1581 5.8099E-013
1582 6.3227E-013
1582 6.3979E-013
1583 6.6320E-013
1583 6.4833E-013
1584 5.1308E-013
1585 4.7120E-013
1585 4.9712E-013
1586 4.8085E-013
1586 4.6514E-013
1587 4.8731E-013
1587 4.8735E-013
1588 5.0525E-013
1589 4.8311E-013
1589 4.9813E-013
1590 5.2302E-013
1590 5.3644E-013
1591 4.9439E-013
1591 5.2409E-013
1592 4.5807E-013
1593 4.3382E-013
1593 4.4303E-013
1594 4.1606E-013
1594 3.4979E-013
1595 3.4388E-013
1596 3.8207E-013
1596 4.3470E-013
1597 5.0796E-013
1597 5.1624E-013
1598 5.5289E-013
1598 6.7083E-013
1599 7.3470E-013
1600 7.2785E-013
1600 6.8016E-013
1601 6.7809E-013
1601 6.2875E-013
1602 5.6345E-013
1603 4.6611E-013
1603 5.1964E-013
1604 6.8324E-013
1604 7.1931E-013
1605 6.9103E-013
1605 6.3638E-013
1606 5.7093E-013
1607 6.0439E-013
1607 5.8363E-013
1608 5.5935E-013
1608 5.3859E-013
1609 6.7511E-013
1610 7.5667E-013
1610 7.4650E-013
1611 6.8312E-013
1611 6.4479E-013
1612 6.5983E-013
1612 5.7667E-013
1613 5.4658E-013
1614 6.5076E-013
1614 7.2679E-013
1615 7.4297E-013
1615 8.1663E-013
1616 7.8545E-013
1617 7.3724E-013
1617 8.2043E-013
1618 8.1126E-013
1618 7.5691E-013
1619 6.7693E-013
1619 6.9796E-013
1620 6.4657E-013
1621 6.2095E-013
1621 6.0713E-013
1622 6.0630E-013
1622 6.4853E-013
1623 6.8891E-013
1624 7.4987E-013
1624 9.2021E-013
1625 9.7769E-013
1625 8.0736E-013
1626 7.9890E-013
1626 8.7598E-013
1627 8.2402E-013
1628 8.2746E-013
1628 8.3800E-013
1629 7.2443E-013
1629 5.8085E-013
1630 5.6352E-013
1631 6.5742E-013
1631 7.5335E-013
1632 8.1695E-013
1632 8.5814E-013
1633 7.3142E-013
1633 6.5148E-013
1634 7.3423E-013
1635 8.5993E-013
1635 8.6744E-013
1636 7.9936E-013
1636 8.5633E-013
1637 9.3874E-013
1638 9.3558E-013
1638 1.0220E-012
1639 1.0607E-012
1639 9.8621E-013
1640 9.8439E-013
1640 1.0064E-012
1641 1.0367E-012
1642 9.8109E-013
1642 9.9070E-013
1643 1.0123E-012
1643 1.0653E-012
1644 1.1180E-012
1644 1.2458E-012
1645 1.3397E-012
1646 1.3667E-012
1646 1.3191E-012
1647 1.3984E-012
1647 1.2823E-012
1648 1.2845E-012
1649 1.2181E-012
1649 1.0486E-012
1650 9.4193E-013
1650 1.0462E-012
1651 1.0773E-012
1651 1.1296E-012
1652 1.1857E-012
1653 1.1776E-012
1653 1.1529E-012
1654 9.1980E-013
1654 7.8607E-013
1655 6.8763E-013
1656 5.6581E-013
1656 3.7662E-013
1657 2.8462E-013
1657 2.6583E-013
1658 3.4713E-013
1658 4.7575E-013
1659 6.6664E-013
1660 9.3666E-013
1660 1.1257E-012
1661 1.2090E-012
1661 1.3096E-012
1662 1.3706E-012
1663 1.3381E-012
1663 1.3120E-012
1664 1.2983E-012
1664 1.4003E-012
1665 1.4701E-012
1665 1.4554E-012
1666 1.3518E-012
1667 1.2759E-012
1667 1.3204E-012
1668 1.2920E-012
1668 1.1693E-012
1669 1.0475E-012
1670 8.5358E-013
1670 5.8839E-013
1671 5.2054E-013
1671 5.6633E-013
1672 8.1710E-013
1672 9.5809E-013
1673 1.0433E-012
1674 1.0179E-012
1674 9.5674E-013
1675 1.0507E-012
1675 1.2566E-012
1676 1.3240E-012
1677 1.3810E-012
1677 1.4946E-012
1678 1.5591E-012
1678 1.5506E-012
1680 1.4819E-012
1681 1.5554E-012
1683 1.5443E-012
1684 1.6183E-012
1685 1.5973E-012
1687 1.5985E-012
1688 1.6005E-012
1689 1.6647E-012
1691 1.6702E-012
1692 1.6205E-012
1694 1.4746E-012
1695 1.4612E-012
1696 1.4368E-012
1698 1.5365E-012
1699 1.6222E-012
1700 1.7580E-012
1702 1.8397E-012
1703 1.8782E-012
1704 1.8294E-012
1706 1.8178E-012
1707 2.0522E-012
1709 2.3625E-012
1710 2.4702E-012
1711 2.2800E-012
1713 2.0327E-012
1714 2.2190E-012
1715 2.7807E-012
1717 2.7861E-012
1718 2.6530E-012
1720 2.4034E-012
1721 2.2158E-012
1722 2.1099E-012
1724 2.0758E-012
1725 2.1684E-012
1726 2.4393E-012
1728 2.9489E-012
1729 2.9714E-012
1731 2.6685E-012
1732 2.6149E-012
1733 2.4884E-012
1735 2.4626E-012
1736 2.5124E-012
1737 2.5764E-012
1739 2.7063E-012
1740 2.6227E-012
1742 2.5428E-012
1743 2.6365E-012
1744 2.7157E-012
1746 2.7194E-012
1747 2.7441E-012
1748 2.8414E-012
1750 3.1596E-012
1751 3.1349E-012
1752 3.0567E-012
1754 3.3989E-012
1755 3.5848E-012
1757 3.4730E-012
1758 3.3140E-012
1759 3.0405E-012
1761 2.8510E-012
1762 2.8561E-012
1763 2.6572E-012
1765 2.4650E-012
1766 2.6149E-012
1768 2.9104E-012
1769 2.8477E-012
1770 3.0348E-012
1772 3.1850E-012
1773 3.3318E-012
1774 3.3993E-012
1776 3.5457E-012
1777 3.7142E-012
1779 3.9006E-012
1780 3.9259E-012
1781 3.6202E-012
1783 3.4620E-012
1784 3.4227E-012
1785 3.2778E-012
1787 3.1910E-012
1788 3.2528E-012
1790 3.6161E-012
1791 4.0659E-012
1792 4.3224E-012
1794 4.3046E-012
1795 4.2727E-012
1796 4.0802E-012
1798 3.9167E-012
1799 4.0878E-012
1800 4.2227E-012
1802 4.1802E-012
1803 3.9033E-012
1805 3.7769E-012
1806 3.5898E-012
1807 3.0718E-012
1809 3.1902E-012
1810 3.5603E-012
1811 3.9619E-012
1813 3.8655E-012
1814 3.6271E-012
1816 3.6226E-012
1817 3.5706E-012
1818 3.6286E-012
1820 3.6539E-012
1821 3.6566E-012
1822 3.7759E-012
1824 3.8800E-012
1825 3.8247E-012
1827 3.6026E-012
1828 3.5383E-012
1829 3.5375E-012
1831 3.3453E-012
1832 3.2498E-012
1833 3.4647E-012
1835 3.6761E-012
1836 3.5700E-012
1838 3.4803E-012
1839 3.2383E-012
1840 2.9829E-012
1842 2.7941E-012
1843 2.9057E-012
1844 3.0101E-012
1846 2.8524E-012
1847 2.8537E-012
1849 2.9123E-012
1850 3.2501E-012
1851 2.7057E-012
1853 2.6012E-012
1854 2.9858E-012
1855 3.2457E-012
1857 3.3089E-012
1858 3.0301E-012
1859 2.9361E-012
1861 3.1531E-012
1862 3.3062E-012
1864 3.2713E-012
1865 3.0426E-012
1866 3.0918E-012
1868 3.3774E-012
1869 3.4736E-012
1870 3.5317E-012
1872 3.6384E-012
1873 3.5451E-012
1875 3.5164E-012
1876 3.2182E-012
1877 3.1773E-012
1879 3.5209E-012
1880 3.5151E-012
1881 3.5388E-012
1883 3.8130E-012
1884 3.8695E-012
1886 3.7645E-012
1887 3.7602E-012
1888 3.5788E-012
1890 3.6770E-012
1891 3.6347E-012
1892 3.7161E-012
1894 3.7608E-012
1895 3.8875E-012
1897 3.6116E-012
1898 3.3424E-012
1899 3.1311E-012
1901 3.0897E-012
1902 3.1831E-012
1903 3.6036E-012
1905 3.5871E-012
1906 3.5294E-012
1908 3.5742E-012
1909 3.3654E-012
1910 3.1557E-012
1912 3.3347E-012
1913 3.7134E-012
1914 3.6623E-012
1916 3.7046E-012
1917 3.7844E-012
1918 3.8310E-012
1920 3.9063E-012
1921 4.0656E-012
1923 3.9176E-012
1924 3.9548E-012
1925 3.7214E-012
1927 3.4019E-012
1928 3.4772E-012
1929 3.0645E-012
1931 2.3886E-012
1932 2.5842E-012
1934 3.0030E-012
1935 3.0006E-012
1936 2.9823E-012
1938 3.2995E-012
1939 3.7028E-012
1940 3.8245E-012
1942 4.0452E-012
1943 4.1161E-012
1945 4.0577E-012
1946 4.0748E-012
1947 4.0211E-012
1949 3.9417E-012
1950 3.8545E-012
1951 3.9649E-012
1953 3.7731E-012
1954 3.8798E-012
1956 3.9601E-012
1957 4.0457E-012
1958 3.9689E-012
1960 4.0650E-012
1961 3.9507E-012
1962 3.7572E-012
1964 3.7431E-012
1965 3.9222E-012
1967 4.1126E-012
1968 4.0933E-012
1969 4.0148E-012
1971 4.0117E-012
1972 4.0966E-012
1973 4.1379E-012
1975 3.8939E-012
1976 4.0007E-012
1978 4.1050E-012
1979 3.9918E-012
1980 3.9628E-012
1982 4.1614E-012
1983 4.0766E-012
1984 3.8730E-012
1986 3.8280E-012
1987 3.8070E-012
1989 3.8504E-012
1990 3.6889E-012
1991 3.6113E-012
1993 3.6533E-012
1994 3.4332E-012
1995 3.4872E-012
1997 3.6842E-012
1998 3.7895E-012
1999 3.5780E-012
2001 3.4997E-012
2002 3.6629E-012
2004 3.6465E-012
2005 3.4488E-012
2006 3.5688E-012
2008 3.4830E-012
2009 3.6963E-012
2010 3.7513E-012
2012 3.2367E-012
2013 3.2309E-012
2015 3.3770E-012
2016 3.4558E-012
2017 3.4814E-012
2019 3.6308E-012
2020 3.5177E-012
2021 3.3824E-012
2023 3.2802E-012
2024 3.5127E-012
2026 3.4589E-012
2027 3.3722E-012
2028 3.7301E-012
2030 3.8687E-012
2031 3.8558E-012
2032 3.6359E-012
2034 3.3826E-012
2035 3.3724E-012
2037 3.5207E-012
2038 3.5003E-012
2039 3.5117E-012
2041 3.3441E-012
2042 3.4460E-012
2043 3.8779E-012
2045 3.9230E-012
2046 4.0946E-012
2048 4.1496E-012
2049 4.1012E-012
2050 4.1836E-012
2052 4.1285E-012
2053 4.1112E-012
2054 3.7436E-012
2056 3.4160E-012
2057 3.5337E-012
2059 3.7111E-012
2060 3.7618E-012
2061 3.6714E-012
2063 3.3962E-012
2064 3.5527E-012
2065 3.7034E-012
2067 3.4769E-012
2068 3.5082E-012
2070 3.6823E-012
2071 3.9524E-012
2072 4.0430E-012
2074 3.9533E-012
2075 4.1842E-012
2076 4.3063E-012
2078 4.4377E-012
2079 4.2701E-012
2081 4.2140E-012
2082 4.1712E-012
2083 4.1584E-012
2085 4.0213E-012
2086 4.0436E-012
2087 4.2516E-012
2089 4.2427E-012
2090 4.1260E-012
2092 4.0281E-012
2093 4.0765E-012
2094 3.9104E-012
2096 3.7977E-012
2097 3.9506E-012
2098 3.8184E-012
2100 3.8758E-012
2101 3.6581E-012
2102 3.7242E-012
2104 3.5506E-012
2105 3.8541E-012
2107 4.1380E-012
2108 3.7869E-012
2109 3.3041E-012
2111 3.2581E-012
2112 3.2005E-012
2113 3.2236E-012
2115 3.2998E-012
2116 3.8404E-012
2118 4.2627E-012
2119 4.1843E-012
2120 4.2201E-012
2122 4.1588E-012
2123 3.9069E-012
2124 3.6506E-012
2126 3.5270E-012
2127 3.5959E-012
2129 3.4503E-012
2130 3.2749E-012
2131 2.9307E-012
2133 2.7421E-012
2134 2.4571E-012
2135 2.2570E-012
2137 2.7921E-012
2138 3.2805E-012
2140 3.1062E-012
2141 3.1690E-012
2142 3.5918E-012
2144 3.6605E-012
2145 3.7363E-012
2146 3.5896E-012
2148 3.4584E-012
2149 3.5089E-012
2151 3.5469E-012
2152 3.3945E-012
2153 3.5994E-012
2155 3.6707E-012
2156 3.6580E-012
2157 3.5622E-012
2159 3.3537E-012
2160 3.0394E-012
2162 3.3405E-012
2163 3.3562E-012
2164 3.4788E-012
2166 3.2477E-012
2167 3.0419E-012
2168 3.0756E-012
2170 3.0205E-012
2171 3.1564E-012
2173 3.2386E-012
2174 3.1970E-012
2175 2.7986E-012
2177 2.9363E-012
2178 3.2297E-012
2179 3.5885E-012
2181 3.6508E-012
2182 3.8781E-012
2184 3.8845E-012
2185 3.5722E-012
2186 3.5952E-012
2188 3.2272E-012
2189 3.1960E-012
2190 3.4741E-012
2192 3.5131E-012
2193 3.5659E-012
2195 3.7873E-012
2196 4.1032E-012
2197 4.1626E-012
2199 4.1028E-012
2200 4.0787E-012
2201 3.7610E-012
2203 3.7573E-012
2204 4.0046E-012
2206 3.8522E-012
2207 3.5694E-012
2208 3.4571E-012
2210 3.2618E-012
2211 2.9726E-012
2212 2.8957E-012
2214 3.2176E-012
2215 3.1569E-012
2217 3.1542E-012
2218 3.0454E-012
2219 3.2640E-012
2221 3.3035E-012
2222 3.3769E-012
2223 3.3304E-012
2225 3.1930E-012
2226 3.2040E-012
2227 3.1436E-012
2229 3.0741E-012
2230 3.4366E-012
2232 3.4558E-012
2233 3.5971E-012
2234 3.8080E-012
2236 3.8038E-012
2237 3.9235E-012
2238 3.7381E-012
2240 3.6754E-012
2241 3.6103E-012
2243 3.1922E-012
2244 2.9766E-012
2245 2.8367E-012
2247 3.1279E-012
2248 3.2020E-012
2249 2.9092E-012
2251 2.7857E-012
2252 3.0055E-012
2254 3.0825E-012
2255 2.6968E-012
2256 2.6903E-012
2258 2.8344E-012
2259 3.1163E-012
2260 3.1896E-012
2262 3.0393E-012
2263 3.2621E-012
2265 3.1815E-012
2266 2.9301E-012
2267 2.7466E-012
2269 2.8418E-012
2270 2.9986E-012
2271 3.2433E-012
2273 3.3404E-012
2274 3.3726E-012
2276 3.2484E-012
2277 3.1420E-012
2278 3.1457E-012
2280 3.2418E-012
2281 3.3352E-012
2282 3.7500E-012
2284 3.5674E-012
2285 3.4812E-012
2287 3.7213E-012
2288 3.5106E-012
2289 3.6020E-012
2291 3.6383E-012
2292 3.4789E-012
2293 3.2721E-012
2295 3.2089E-012
2296 3.2495E-012
2298 2.7835E-012
2299 2.4406E-012
2300 2.5973E-012
2302 2.8500E-012
2303 2.9939E-012
2304 2.9349E-012
2306 3.1563E-012
2307 3.2910E-012
2309 3.2260E-012
2310 3.3187E-012
2311 3.3226E-012
2313 2.7996E-012
2314 2.5706E-012
2315 2.8661E-012
2317 3.0869E-012
2318 3.0774E-012
2320 2.9361E-012
2321 2.9312E-012
2322 3.1147E-012
2324 3.3795E-012
2325 3.1730E-012
2326 2.6218E-012
2328 2.3851E-012
2329 2.7250E-012
2331 2.9265E-012
2332 2.6312E-012
2333 2.3158E-012
2335 2.2813E-012
2336 2.6003E-012
2337 2.6318E-012
2339 2.2039E-012
2340 2.3473E-012
2342 2.4352E-012
2343 2.4085E-012
2344 1.8356E-012
2346 1.5955E-012
2347 1.9634E-012
2348 2.0070E-012
2350 2.2216E-012
2351 2.6433E-012
2353 2.8808E-012
2354 3.0429E-012
2355 2.7087E-012
2357 2.6700E-012
2358 2.8624E-012
2359 2.6105E-012
2361 1.9856E-012
2362 2.2202E-012
2364 2.5807E-012
2365 2.4664E-012
2366 2.3305E-012
2368 2.4557E-012
2369 2.6436E-012
2370 2.6371E-012
2372 2.7699E-012
2373 2.7684E-012
2375 2.3119E-012
2376 2.3538E-012
2377 2.5362E-012
2379 2.5889E-012
2380 2.3043E-012
2381 1.9646E-012
2383 1.3497E-012
2384 1.4437E-012
2385 2.1621E-012
2387 2.4975E-012
2388 2.2613E-012
2390 2.2158E-012
2391 2.2268E-012
2392 2.6972E-012
2394 2.9067E-012
2395 2.4600E-012
2396 1.7367E-012
2398 2.0364E-012
2399 2.2351E-012
2401 2.2517E-012
2402 2.4774E-012
2403 2.4848E-012
2405 2.2243E-012
2406 1.6624E-012
2407 1.7198E-012
2409 2.0221E-012
2410 2.2044E-012
2412 1.7748E-012
2413 1.9766E-012
2414 2.2062E-012
2416 2.5324E-012
2417 2.6019E-012
2418 2.6643E-012
2420 2.9510E-012
2421 3.3061E-012
2423 3.5148E-012
2424 2.9957E-012
2425 2.5202E-012
2427 2.8139E-012
2428 3.0295E-012
2429 2.6548E-012
2431 2.6360E-012
2432 2.9274E-012
2434 2.7449E-012
2435 2.6393E-012
2436 2.5661E-012
2438 2.5656E-012
2439 2.7074E-012
2440 2.8608E-012
2442 3.1480E-012
2443 3.4218E-012
2445 3.1100E-012
2446 2.7529E-012
2447 2.5924E-012
2449 2.7372E-012
2450 2.7987E-012
2451 2.5522E-012
2453 2.7418E-012
2454 2.6565E-012
2456 2.7061E-012
2457 2.8486E-012
2458 2.9298E-012
2460 2.8791E-012
2461 2.7447E-012
2462 2.5478E-012
2464 2.4674E-012
2465 2.4813E-012
2467 2.5234E-012
2468 2.5629E-012
2469 2.6888E-012
2471 2.6071E-012
2472 2.6759E-012
2473 2.6341E-012
2475 2.8079E-012
2476 2.8282E-012
2478 2.6583E-012
2479 2.5198E-012
2480 2.4677E-012
2482 2.8366E-012
2483 2.7107E-012
2484 2.4363E-012
2486 2.6487E-012
2487 2.8531E-012
2489 2.8735E-012
2490 2.6206E-012
2491 2.2608E-012
2493 2.3573E-012
2494 2.5826E-012
2495 3.0299E-012
2497 3.2726E-012
2498 3.1612E-012
2500 3.1435E-012
2501 3.3862E-012
2502 3.0783E-012
2504 3.0632E-012
2505 2.9940E-012
2506 2.8720E-012
2508 2.6042E-012
2509 2.9665E-012
2511 3.1176E-012
2512 2.7293E-012
2513 2.6319E-012
2515 2.6683E-012
2516 2.6444E-012
2517 2.5556E-012
2519 2.4475E-012
2520 2.3853E-012
2521 2.3411E-012
2523 2.2997E-012
2524 2.2342E-012
2526 2.0654E-012
2527 1.8599E-012
2528 1.9276E-012
2530 1.8403E-012
2531 1.9972E-012
2532 2.4397E-012
2534 2.4295E-012
2535 2.1545E-012
2537 2.1692E-012
2538 2.1361E-012
2539 2.0684E-012
2541 2.1651E-012
2542 2.2186E-012
2543 2.2002E-012
2545 2.3215E-012
2546 2.1738E-012
2548 2.2222E-012
2549 1.9879E-012
2550 1.7511E-012
2552 2.2176E-012
2553 2.8258E-012
2554 3.0317E-012
2556 2.9943E-012
2557 2.7765E-012
2559 2.7714E-012
2560 2.8050E-012
2561 2.7402E-012
2563 2.6430E-012
2564 2.3352E-012
2565 2.8210E-012
2567 3.0206E-012
2568 2.9517E-012
2570 3.1495E-012
2571 3.2612E-012
2572 3.1236E-012
2574 3.0823E-012
2575 3.0172E-012
2576 2.8535E-012
2578 2.7608E-012
2579 2.9646E-012
2581 3.2154E-012
2582 3.2982E-012
2583 3.0637E-012
2585 2.9232E-012
2586 2.7193E-012
2587 2.6125E-012
2589 3.0084E-012
2590 3.2245E-012
2592 3.1258E-012
2593 2.9953E-012
2594 2.8333E-012
2596 2.8780E-012
2597 3.0500E-012
2598 2.5992E-012
2600 1.7804E-012
2601 2.1529E-012
2603 2.9110E-012
2604 3.1948E-012
2605 2.7857E-012
2607 2.2858E-012
2608 2.0341E-012
2609 2.3923E-012
2611 2.4091E-012
2612 2.1311E-012
2614 2.1061E-012
2615 2.2981E-012
2616 2.8595E-012
2618 3.1057E-012
2619 2.7499E-012
2620 2.8957E-012
2622 2.9271E-012
2623 3.1096E-012
2624 3.1986E-012
2626 3.0075E-012
2627 2.8561E-012
2629 2.7848E-012
2630 2.4208E-012
2631 2.2835E-012
2633 2.1733E-012
2634 2.9598E-012
2635 3.6245E-012
2637 3.6840E-012
2638 3.6458E-012
2640 3.7134E-012
2641 3.9710E-012
2642 4.0871E-012
2644 4.2237E-012
2645 4.3422E-012
2646 4.2057E-012
2648 4.1739E-012
2649 4.0990E-012
2651 4.0606E-012
2652 3.9988E-012
2653 4.0484E-012
2655 4.1020E-012
2656 4.2318E-012
2657 4.2244E-012
2659 4.0381E-012
2660 3.8397E-012
2662 3.8749E-012
2663 3.5182E-012
2664 3.2686E-012
2666 3.2746E-012
2667 3.3036E-012
2668 3.3581E-012
2670 3.4411E-012
2671 3.4793E-012
2673 3.5180E-012
2674 3.4049E-012
2675 3.8042E-012
2677 3.8766E-012
2678 3.7478E-012
2679 3.4426E-012
2681 3.3726E-012
2682 3.5720E-012
2684 3.6837E-012
2685 3.6363E-012
2686 3.4923E-012
2688 3.4845E-012
2689 3.3229E-012
2690 3.2537E-012
2692 3.2819E-012
2693 3.2529E-012
2695 3.2263E-012
2696 3.4415E-012
2697 3.4687E-012
2699 3.1951E-012
2700 3.1512E-012
2701 3.5663E-012
2703 3.6192E-012
2704 3.6758E-012
2705 3.6936E-012
2707 3.5357E-012
2708 3.3475E-012
2710 3.2508E-012
2711 3.1551E-012
2712 3.2325E-012
2714 3.4144E-012
2715 3.4747E-012
2716 3.3808E-012
2718 3.2842E-012
2719 3.1630E-012
2721 3.1398E-012
2722 3.3646E-012
2723 3.4755E-012
2725 3.3153E-012
2726 3.2944E-012
2727 3.2901E-012
2729 3.2172E-012
2730 3.5848E-012
2732 3.8483E-012
2733 3.7214E-012
2734 3.6657E-012
2736 3.6068E-012
2737 3.4607E-012
2738 3.1608E-012
2740 3.0874E-012
2741 2.8212E-012
2743 2.8970E-012
2744 2.6972E-012
2745 2.6729E-012
2747 2.6650E-012
2748 2.4393E-012
2749 2.5781E-012
2751 2.3657E-012
2752 2.5876E-012
2754 2.9407E-012
2755 2.8949E-012
2756 2.6097E-012
2758 2.5473E-012
2759 3.0384E-012
2760 3.1997E-012
2762 3.0502E-012
2763 2.9616E-012
2764 3.0223E-012
2766 3.2355E-012
2767 3.2404E-012
2769 3.1317E-012
2770 3.1345E-012
2771 3.3096E-012
2773 3.5900E-012
2774 3.6835E-012
2775 3.6459E-012
2777 3.4261E-012
2778 3.2746E-012
2780 3.0905E-012
2781 2.9844E-012
2782 3.0623E-012
2784 3.0948E-012
2785 3.0629E-012
2786 3.2309E-012
2788 3.3837E-012
2789 3.1765E-012
2791 2.9123E-012
2792 2.4061E-012
2793 2.0371E-012
2795 1.5228E-012
2796 1.0051E-012
2797 8.9901E-013
2799 1.2124E-012
2800 1.5330E-012
2802 1.6033E-012
2803 1.2253E-012
2804 1.0837E-012
2806 1.6754E-012
2807 2.3665E-012
2808 2.9392E-012
2810 3.3012E-012
2811 3.3354E-012
2813 3.3141E-012
2814 3.3816E-012
2815 3.7304E-012
2817 3.8755E-012
2818 3.7192E-012
2819 3.8273E-012
2821 4.1079E-012
2822 4.1925E-012
2823 4.0382E-012
2825 4.1861E-012
2826 4.0553E-012
2828 3.8825E-012
2829 3.8651E-012
2830 3.9610E-012
2832 3.8584E-012
2833 3.7298E-012
2834 3.8674E-012
2836 3.8141E-012
2837 3.5660E-012
2839 3.7133E-012
2840 3.5734E-012
2841 3.3096E-012
2843 3.3593E-012
2844 3.3672E-012
2845 3.5715E-012
2847 3.6537E-012
2848 3.5147E-012
2850 3.3122E-012
2851 3.2107E-012
2852 2.9524E-012
2854 2.8296E-012
2855 3.4001E-012
2856 3.4062E-012
2858 3.1768E-012
2859 3.2885E-012
2861 3.8119E-012
2862 4.0269E-012
2863 3.8307E-012
2865 3.8205E-012
2866 3.6218E-012
2867 3.5505E-012
2869 3.4262E-012
2870 3.3172E-012
2871 3.4456E-012
2873 3.7728E-012
2874 3.6784E-012
2876 3.5260E-012
2877 3.3920E-012
2878 3.3757E-012
2880 3.5156E-012
2881 3.4987E-012
2882 3.5473E-012
2884 3.8807E-012
2885 3.9729E-012
2887 4.0247E-012
2888 3.8905E-012
2889 3.5633E-012
2891 3.4042E-012
2892 3.5154E-012
2893 3.4395E-012
2895 3.3782E-012
2896 3.4761E-012
2898 3.4679E-012
2899 3.6883E-012
2900 3.9784E-012
2902 4.3305E-012
2903 4.2902E-012
2904 4.3342E-012
2906 4.4517E-012
2907 4.2890E-012
2909 4.1445E-012
2910 4.0070E-012
2911 3.9170E-012
2913 4.0780E-012
2914 4.4155E-012
2915 4.4212E-012
2917 4.2056E-012
2918 4.1892E-012
2919 4.2430E-012
2921 4.2817E-012
2922 4.0645E-012
2924 3.9433E-012
2925 3.7125E-012
2926 3.7866E-012
2928 3.7188E-012
2929 3.6882E-012
2930 3.7249E-012
2932 4.1121E-012
2933 4.0837E-012
2935 3.9676E-012
2936 3.9558E-012
2937 3.8753E-012
2939 3.9485E-012
2940 3.9960E-012
2941 3.9880E-012
2943 4.0502E-012
2944 4.1635E-012
2946 4.0170E-012
2947 4.1721E-012
2948 3.9094E-012
2950 3.7195E-012
2951 3.8235E-012
2952 4.0299E-012
2954 4.0612E-012
2955 3.9079E-012
2956 4.3153E-012
2958 4.3783E-012
2959 4.3374E-012
2961 4.2471E-012
2962 4.2482E-012
2963 4.4426E-012
2965 4.2606E-012
2966 3.8353E-012
2967 4.0021E-012
2969 4.1042E-012
2970 3.8349E-012
2972 3.7387E-012
2973 4.0296E-012
2974 4.2905E-012
2976 4.5303E-012
2977 4.2625E-012
2978 4.3287E-012
2980 4.2618E-012
2981 4.0288E-012
2983 3.9697E-012
2984 4.0269E-012
2985 3.8306E-012
2987 3.6042E-012
2988 3.9293E-012
2989 4.1880E-012
2991 4.4152E-012
2992 4.6369E-012
2993 4.5533E-012
2995 4.4839E-012
2996 4.5004E-012
2998 4.6840E-012
2999 4.5882E-012
3000 4.2462E-012
3002 3.9841E-012
3003 3.8842E-012
3004 3.8859E-012
3006 4.2960E-012
3007 4.5735E-012
3009 4.4074E-012
3010 4.4129E-012
3011 4.6122E-012
3013 4.6070E-012
3014 4.4718E-012
3015 4.4612E-012
3017 4.3059E-012
3018 4.1893E-012
3019 4.1696E-012
3021 4.1254E-012
3022 4.1195E-012
3024 4.4921E-012
3025 4.5589E-012
3026 4.3628E-012
3028 4.3541E-012
3029 4.5240E-012
3030 4.4439E-012
3032 4.2684E-012
3033 4.3049E-012
3035 4.3093E-012
3036 4.3904E-012
3037 4.4549E-012
3039 4.2289E-012
3040 4.2735E-012
3041 4.2878E-012
3043 4.2251E-012
3044 4.3183E-012
3046 4.4491E-012
3047 4.4419E-012
3048 4.3183E-012
3050 4.2742E-012
3051 4.3730E-012
3052 4.5717E-012
3054 4.6344E-012
3055 4.4199E-012
3056 4.3418E-012
3058 4.0343E-012
3059 3.8677E-012
3061 4.0737E-012
3066 4.1914E-012
3068 4.4317E-012
3071 4.3788E-012
3074 4.3139E-012
3077 4.3426E-012
3079 4.4335E-012
3082 4.5357E-012
3085 4.6108E-012
3088 4.5460E-012
3090 4.3643E-012
3093 4.1963E-012
3096 4.1299E-012
3099 4.1239E-012
3101 4.0673E-012
3104 4.1509E-012
3107 4.3538E-012
3110 4.5485E-012
3112 4.4883E-012
3115 4.3542E-012
3118 4.0776E-012
3121 4.1055E-012
3123 4.2407E-012
3126 4.2486E-012
3129 4.2575E-012
3132 4.0741E-012
3134 4.2669E-012
3137 4.4648E-012
3140 4.5401E-012
3143 4.4260E-012
3145 4.3089E-012
3148 4.4374E-012
3151 4.5148E-012
3154 4.4568E-012
3156 4.3212E-012
3159 4.1438E-012
3162 4.0325E-012
3165 4.2663E-012
3167 4.3808E-012
3170 4.5712E-012
3173 4.6744E-012
3175 4.6020E-012
3178 4.1664E-012
3181 3.9383E-012
3184 4.1779E-012
3186 4.2828E-012
3189 4.2875E-012
3192 4.1002E-012
3195 4.0847E-012
3197 4.3122E-012
3200 4.5045E-012
3203 4.5691E-012
3206 4.6188E-012
3208 4.3250E-012
3211 4.0439E-012
3214 4.0518E-012
3217 4.1115E-012
3219 4.3100E-012
3222 4.4101E-012
3225 4.2372E-012
3228 4.0026E-012
3230 3.9070E-012
3233 3.9225E-012
3236 3.9733E-012
3239 4.0783E-012
3241 4.2380E-012
3244 4.4098E-012
3247 4.3614E-012
3250 4.2246E-012
3252 4.2711E-012
3255 4.3887E-012
3258 4.5094E-012
3261 4.5522E-012
3263 4.5282E-012
3266 4.5260E-012
3269 4.4707E-012
3272 4.3228E-012
3274 4.3251E-012
3277 4.1484E-012
3280 4.1998E-012
3283 4.3897E-012
3285 4.4418E-012
3288 4.3835E-012
3291 4.5621E-012
3294 4.7135E-012
3296 4.7170E-012
3299 4.7803E-012
3302 4.6715E-012
3305 4.5315E-012
3307 4.4810E-012
3310 4.6060E-012
3313 4.5699E-012
3316 4.5289E-012
3318 4.5957E-012
3321 4.4825E-012
3324 4.3345E-012
3327 4.4620E-012
3329 4.4757E-012
3332 4.5340E-012
3335 4.4170E-012
3338 4.3481E-012
3340 4.3235E-012
3343 4.3805E-012
3346 4.4242E-012
3349 4.2762E-012
3351 4.3721E-012
3354 4.5233E-012
3357 4.5251E-012
3360 4.2833E-012
3362 4.2925E-012
3365 4.4445E-012
3368 4.3224E-012
3371 4.2303E-012
3373 4.3164E-012
3376 4.5228E-012
3379 4.3203E-012
3382 4.2124E-012
3384 4.4253E-012
3387 4.4940E-012
3390 4.4227E-012
3393 4.2899E-012
3395 4.3744E-012
3398 4.6132E-012
3401 4.5912E-012
3404 4.4581E-012
3406 4.3883E-012
3409 4.3607E-012
3412 4.5102E-012
3415 4.5032E-012
3417 4.5623E-012
3420 4.6105E-012
3423 4.5017E-012
3426 4.5041E-012
3428 4.6375E-012
3431 4.7045E-012
3434 4.6018E-012
3436 4.5295E-012
3439 4.3869E-012
3442 4.2068E-012
3445 4.2694E-012
3447 4.5060E-012
3450 4.5711E-012
3453 4.5184E-012
3456 4.4389E-012
3458 4.3641E-012
3461 4.2985E-012
3464 4.4302E-012
3467 4.5004E-012
3469 4.5159E-012
3472 4.4968E-012
3475 4.2420E-012
3478 4.2676E-012
3480 4.4337E-012
3483 4.4394E-012
3486 4.4782E-012
3489 4.3789E-012
3491 4.2927E-012
3494 4.2269E-012
3497 4.2105E-012
3500 4.3908E-012
3502 4.4455E-012
3505 4.4201E-012
3508 4.4302E-012
3511 4.4012E-012
3513 4.3758E-012
3516 4.4983E-012
3519 4.5528E-012
3522 4.4765E-012
3524 4.3802E-012
3527 4.4279E-012
3530 4.5210E-012
3533 4.5437E-012
3535 4.5190E-012
3538 4.6026E-012
3541 4.6343E-012
3544 4.6550E-012
3546 4.7026E-012
3549 4.6906E-012
3552 4.7045E-012
3555 4.6263E-012
3557 4.5566E-012
3560 4.5953E-012
3563 4.6099E-012
3566 4.4250E-012
3568 4.3161E-012
3571 4.2475E-012
3574 4.2676E-012
3577 4.3509E-012
3579 4.3662E-012
3582 4.3152E-012
3585 4.1730E-012
3588 4.0621E-012
3590 4.2302E-012
3593 4.4253E-012
3596 4.4768E-012
3599 4.5538E-012
3601 4.4979E-012
3604 4.3744E-012
3607 4.3499E-012
3610 4.3445E-012
3612 4.3018E-012
3615 4.3113E-012
3618 4.3618E-012
3621 4.3599E-012
3623 4.4161E-012
3626 4.5603E-012
3629 4.6067E-012
3632 4.3536E-012
3634 4.3461E-012
3637 4.5145E-012
3640 4.5631E-012
3643 4.4657E-012
3645 4.4097E-012
3648 4.4094E-012
3651 4.4331E-012
3654 4.5737E-012
3656 4.7178E-012
3659 4.6823E-012
3662 4.6504E-012
3665 4.6366E-012
3667 4.6574E-012
3670 4.6817E-012
3673 4.6848E-012
3676 4.6498E-012
3678 4.5020E-012
3681 4.4969E-012
3684 4.4879E-012
3687 4.4225E-012
3689 4.5396E-012
3692 4.6992E-012
3695 4.7762E-012
3698 4.7277E-012
3700 4.8963E-012
3703 4.7454E-012
3706 4.4887E-012
3709 4.7273E-012
3711 4.5956E-012
3714 4.7432E-012
3717 5.3969E-012
3720 5.2952E-012
3722 4.5920E-012
3725 5.0361E-012
3728 5.7212E-012
3731 5.6539E-012
3733 4.8672E-012
3736 4.4055E-012
3739 5.3975E-012
3742 6.0766E-012
3744 6.2060E-012
3747 5.3389E-012
3750 4.4707E-012
3753 4.9646E-012
3755 6.0512E-012
3758 6.6698E-012
3761 6.7556E-012
3764 6.8419E-012
3766 6.3170E-012
3769 5.2989E-012
3772 4.9520E-012
3775 5.6733E-012
3777 7.0456E-012
3780 8.1828E-012
3783 8.6725E-012
3786 8.7094E-012
3788 8.1716E-012
3791 7.6322E-012
3794 6.6618E-012
3797 5.2919E-012
3799 4.8196E-012
3802 5.9605E-012
3805 7.2963E-012
3808 8.2382E-012
3810 9.0788E-012
3813 9.3037E-012
3816 9.3673E-012
3819 9.6481E-012
3821 9.4204E-012
3824 8.8830E-012
3827 7.9565E-012
3830 7.0776E-012
3832 5.8935E-012
3835 4.7013E-012
3838 4.7756E-012
3841 5.9806E-012
3843 7.4242E-012
3846 8.5413E-012
3849 9.4745E-012
3852 1.0096E-011
3854 1.0570E-011
3857 1.0631E-011
3860 1.0817E-011
3863 1.1143E-011
3865 1.1257E-011
3868 1.1263E-011
3871 1.1038E-011
3874 1.0354E-011
3876 9.8895E-012
3879 9.0750E-012
3882 8.2338E-012
3885 7.0874E-012
3887 5.5549E-012
3890 4.9020E-012
3893 5.6120E-012
3896 6.8572E-012
3898 7.8426E-012
3901 8.6141E-012
3904 9.3082E-012
3907 9.8830E-012
3909 1.0685E-011
3912 1.1296E-011
3915 1.1240E-011
3917 1.1305E-011
3920 1.1316E-011
3923 1.1476E-011
3926 1.1225E-011
3928 1.0504E-011
3931 8.4802E-012
3934 6.2143E-012
3937 7.3574E-012
3939 9.7570E-012
3942 1.0852E-011
3945 1.0863E-011
3948 1.0813E-011
3950 1.0486E-011
3953 1.0226E-011
3956 9.8384E-012
3959 9.1438E-012
3961 8.3454E-012
3964 7.0457E-012
3967 5.3690E-012
3970 3.9622E-012
3972 4.5734E-012
3975 6.0879E-012
3978 7.4911E-012
3981 8.5451E-012
3983 9.2652E-012
3986 9.8773E-012
3989 1.0528E-011
3992 1.1021E-011
3994 1.1557E-011
3997 1.1605E-011
4000 1.1784E-011
4003 1.2105E-011
4005 1.1891E-011
4008 1.2055E-011
4011 1.2413E-011
4014 1.2499E-011
4016 1.2654E-011
4019 1.2832E-011
4022 1.2868E-011
4025 1.2610E-011
4027 1.2614E-011
4030 1.2244E-011
4033 1.2011E-011
4036 1.2376E-011
4038 1.2767E-011
4041 1.2827E-011
4044 1.2567E-011
4047 1.2230E-011
4049 1.2510E-011
4052 1.2471E-011
4055 1.2172E-011
4058 1.2030E-011
4060 1.2101E-011
4063 1.1905E-011
4066 1.1736E-011
4069 1.1633E-011
4071 1.1571E-011
4074 1.1278E-011
4077 1.0861E-011
4080 1.0613E-011
4082 1.0628E-011
4085 1.0257E-011
4088 9.8526E-012
4091 9.3579E-012
4093 8.5686E-012
4096 7.5223E-012
4099 6.2367E-012
4102 5.1620E-012
4104 5.2494E-012
4107 6.4855E-012
4110 7.4974E-012
4113 8.4316E-012
4115 9.3137E-012
4118 9.8357E-012
4121 1.0137E-011
4124 1.0476E-011
4126 1.0758E-011
4129 1.0807E-011
4132 1.0892E-011
4135 1.1260E-011
4137 1.1703E-011
4140 1.2112E-011
4143 1.1926E-011
4146 1.1836E-011
4148 1.1988E-011
4151 1.2023E-011
4154 1.1872E-011
4157 1.1687E-011
4159 1.1805E-011
4162 1.1899E-011
4165 1.2054E-011
4168 1.2039E-011
4170 1.1853E-011
4173 1.1321E-011
4176 1.1254E-011
4179 1.1365E-011
4181 1.1523E-011
4184 1.1669E-011
4187 1.1665E-011
4190 1.1801E-011
4192 1.2039E-011
4195 1.2081E-011
4198 1.1674E-011
4201 1.1504E-011
4203 1.1608E-011
4206 1.1832E-011
4209 1.1972E-011
4212 1.2008E-011
4214 1.1954E-011
4217 1.1752E-011
4220 1.1786E-011
4223 1.1731E-011
4225 1.1365E-011
4228 1.1218E-011
4231 1.1658E-011
4234 1.1568E-011
4236 1.1441E-011
4239 1.1588E-011
4242 1.1636E-011
4245 1.1651E-011
4247 1.1351E-011
4250 1.1296E-011
4253 1.1392E-011
4256 1.1554E-011
4258 1.1500E-011
4261 1.1403E-011
4264 1.1607E-011
4267 1.1751E-011
4269 1.1493E-011
4272 1.1045E-011
4275 1.1107E-011
4278 1.1359E-011
4280 1.1454E-011
4283 1.1327E-011
4286 1.1044E-011
4289 1.0822E-011
4291 1.0571E-011
4294 1.0725E-011
4297 1.0559E-011
4300 1.0213E-011
4302 9.8890E-012
4305 1.0025E-011
4308 1.0092E-011
4311 1.0033E-011
4313 9.9256E-012
4316 9.6441E-012
4319 9.6844E-012
4322 9.4321E-012
4324 9.0799E-012
4327 8.4934E-012
4330 8.2001E-012
4333 7.6807E-012
4335 6.8553E-012
4338 5.6564E-012
4341 4.7298E-012
4343 4.9102E-012
4346 6.0263E-012
4349 7.0009E-012
4352 7.6071E-012
4354 8.1620E-012
4357 8.8795E-012
4360 9.3741E-012
4363 9.7529E-012
4365 1.0039E-011
4368 1.0017E-011
4371 1.0012E-011
4374 1.0155E-011
4376 1.0184E-011
4379 1.0553E-011
4382 1.0531E-011
4385 1.0122E-011
4387 1.0150E-011
4390 1.0466E-011
4393 1.0547E-011
4396 1.0457E-011
4398 1.0456E-011
4401 1.0404E-011
4404 1.0548E-011
4407 1.0607E-011
4409 1.0759E-011
4412 1.0703E-011
4415 1.0517E-011
4418 1.0379E-011
4420 1.0565E-011
4423 1.0769E-011
4426 1.0762E-011
4429 1.0842E-011
4431 1.0788E-011
4434 1.0694E-011
4437 1.0653E-011
4440 1.0834E-011
4442 1.0634E-011
4445 1.0435E-011
4448 1.0582E-011
4451 1.0519E-011
4453 1.0514E-011
4456 1.0335E-011
4459 1.0339E-011
4462 1.0393E-011
4464 1.0374E-011
4467 1.0316E-011
4470 1.0136E-011
4473 1.0370E-011
4475 1.0513E-011
4478 1.0430E-011
4481 1.0030E-011
4484 9.8842E-012
4486 1.0352E-011
4489 1.0402E-011
4492 1.0293E-011
4495 1.0421E-011
4497 1.0531E-011
4500 1.0584E-011
4503 1.0558E-011
4506 1.0742E-011
4508 1.0667E-011
4511 1.0663E-011
4514 1.0681E-011
4517 1.0465E-011
4519 1.0381E-011
4522 1.0287E-011
4525 1.0087E-011
4528 1.0141E-011
4530 9.9782E-012
4533 9.9765E-012
4536 1.0077E-011
4539 1.0350E-011
4541 1.0351E-011
4544 1.0334E-011
4547 1.0181E-011
4550 9.7938E-012
4552 9.7623E-012
4555 9.7396E-012
4558 9.8276E-012
4561 1.0045E-011
4563 1.0146E-011
4566 1.0167E-011
4569 1.0322E-011
4572 1.0241E-011
4574 1.0194E-011
4577 1.0208E-011
4580 1.0106E-011
4583 9.8413E-012
4585 9.7050E-012
4588 9.7993E-012
4591 9.8455E-012
4593 9.9216E-012
4596 1.0060E-011
4599 1.0080E-011
4602 1.0115E-011
4604 1.0141E-011
4607 1.0164E-011
4610 1.0202E-011
4613 1.0191E-011
4615 1.0128E-011
4618 9.9673E-012
4621 9.9095E-012
4624 1.0047E-011
4626 1.0095E-011
4629 9.9767E-012
4632 9.9233E-012
4635 9.8888E-012
4637 9.8958E-012
4640 9.9831E-012
4643 1.0064E-011
4646 9.9039E-012
4648 9.8163E-012
4651 9.9009E-012
4654 9.8464E-012
4657 9.8128E-012
4659 9.8451E-012
4662 9.8801E-012
4665 9.7642E-012
4668 9.5823E-012
4670 9.5297E-012
4673 9.6868E-012
4676 9.7870E-012
4679 9.8440E-012
4681 9.8336E-012
4684 9.8739E-012
4687 9.8389E-012
4690 9.8087E-012
4692 9.7750E-012
4695 9.7674E-012
4698 9.7097E-012
4701 9.6450E-012
4703 9.4552E-012
4706 9.4629E-012
4709 9.4827E-012
4712 9.5835E-012
4714 9.5724E-012
4717 9.6356E-012
4720 9.6412E-012
4723 9.7139E-012
4725 9.6543E-012
4728 9.5231E-012
4731 9.4493E-012
4734 9.4291E-012
4736 9.4715E-012
4739 9.4596E-012
4742 9.4858E-012
4745 9.4937E-012
4747 9.5270E-012
4750 9.5184E-012
4753 9.4677E-012
4756 9.3942E-012
4758 9.3648E-012
4761 9.3125E-012
4764 9.1323E-012
4766 9.0989E-012
4769 9.1855E-012
4772 9.2066E-012
4775 9.2160E-012
4777 9.2859E-012
4780 9.2488E-012
4783 9.2313E-012
4786 9.1681E-012
4788 9.1119E-012
4791 9.1283E-012
4794 9.1528E-012
4797 9.1546E-012
4799 9.1103E-012
4802 8.9962E-012
4805 8.9203E-012
4808 8.9139E-012
4810 8.9081E-012
4813 8.9134E-012
4816 8.8863E-012
4819 8.7881E-012
4821 8.6773E-012
4824 8.5604E-012
4827 8.5039E-012
4830 8.4833E-012
4832 8.3845E-012
4835 8.2373E-012
4838 8.0643E-012
4841 7.8973E-012
4843 7.7133E-012
4846 7.4296E-012
4849 6.9942E-012
4852 6.6265E-012
4854 6.1175E-012
4857 5.3814E-012
4860 4.5544E-012
4863 4.3038E-012
4865 4.5670E-012
4868 5.3308E-012
4871 5.9234E-012
4874 6.3126E-012
4876 6.6785E-012
4879 6.9850E-012
4882 7.3578E-012
4885 7.5360E-012
4887 7.5972E-012
4890 7.7186E-012
4893 7.8629E-012
4895 8.1347E-012
4898 8.2354E-012
4901 8.2691E-012
4904 8.3045E-012
4906 8.3608E-012
4909 8.3699E-012
4912 8.3174E-012
4915 8.4049E-012
4917 8.3387E-012
4920 8.0591E-012
4923 8.0660E-012
4926 8.1727E-012
4928 8.3567E-012
4931 8.4360E-012
4934 8.2989E-012
4937 8.2780E-012
4939 8.3515E-012
4942 8.4929E-012
4945 8.5356E-012
4948 8.5829E-012
4950 8.5809E-012
4953 8.4945E-012
4956 8.3927E-012
4959 8.3250E-012
4961 8.4373E-012
4964 8.4918E-012
4967 8.4697E-012
4970 8.4237E-012
4972 8.4667E-012
4975 8.4979E-012
4978 8.4720E-012
4981 8.3302E-012
4983 8.1534E-012
4986 8.1554E-012
4989 8.2698E-012
4992 8.3197E-012
4994 8.3317E-012
4997 8.3777E-012
5000 8.2880E-012
5002 8.1231E-012
5005 8.0353E-012
5008 8.0252E-012
5011 8.1140E-012
5013 8.0419E-012
5016 7.9516E-012
5019 7.8552E-012
5022 7.9308E-012
5024 8.1084E-012
5027 8.1123E-012
5030 8.1682E-012
5033 8.1504E-012
5035 8.1438E-012
5038 8.0924E-012
5041 7.9097E-012
5044 7.9716E-012
5046 8.1466E-012
5049 8.1173E-012
5052 8.0272E-012
5055 8.0353E-012
5057 8.1003E-012
5060 8.1929E-012
5063 8.2005E-012
5066 8.1312E-012
5068 8.1016E-012
5071 8.0548E-012
5074 8.0137E-012
5077 7.9862E-012
5079 7.9565E-012
5082 7.9144E-012
5085 7.9424E-012
5088 8.0486E-012
5090 8.0647E-012
5093 8.0823E-012
5096 8.0199E-012
5098 7.8924E-012
5101 7.9200E-012
5104 7.9824E-012
5107 8.0091E-012
5109 7.9732E-012
5112 7.9706E-012
5115 8.0132E-012
5118 8.0245E-012
5120 7.9924E-012
5123 7.9037E-012
5126 7.8168E-012
5129 7.7606E-012
5131 7.7527E-012
5134 7.7389E-012
5137 7.7031E-012
5140 7.6168E-012
5142 7.6334E-012
5145 7.6946E-012
5148 7.7241E-012
5151 7.7149E-012
5153 7.7013E-012
5156 7.6922E-012
5159 7.7336E-012
5162 7.6954E-012
5164 7.5423E-012
5167 7.2914E-012
5170 7.0374E-012
5173 7.1420E-012
5175 7.3968E-012
5178 7.6271E-012
5181 7.6094E-012
5183 7.4131E-012
5186 7.3017E-012
5189 7.3265E-012
5192 7.3366E-012
5194 7.3048E-012
5197 7.3099E-012
5200 7.3936E-012
5203 7.4333E-012
5205 7.3534E-012
5208 7.3176E-012
5211 7.4033E-012
5214 7.4968E-012
5216 7.4536E-012
5219 7.4722E-012
5222 7.5426E-012
5225 7.4485E-012
5227 7.1949E-012
5230 7.1822E-012
5233 7.2008E-012
5236 7.1843E-012
5238 7.2904E-012
5241 7.4118E-012
5244 7.4634E-012
5247 7.4728E-012
5249 7.4427E-012
5252 7.4241E-012
5255 7.3887E-012
5257 7.3944E-012
5260 7.3497E-012
5263 7.1440E-012
5266 6.9362E-012
5268 6.8899E-012
5271 6.8763E-012
5274 6.9964E-012
5277 7.0283E-012
5279 7.1321E-012
5282 7.1423E-012
5285 7.1696E-012
5288 7.3084E-012
5290 7.3981E-012
5293 7.4077E-012
5296 7.3408E-012
5299 7.3223E-012
5301 7.2721E-012
5304 7.2596E-012
5307 7.2464E-012
5310 7.2394E-012
5312 7.2379E-012
5315 7.0757E-012
5318 6.9783E-012
5321 7.1388E-012
5323 7.1101E-012
5326 6.9786E-012
5329 6.8618E-012
5331 6.9636E-012
5334 7.0476E-012
5337 7.0147E-012
5340 6.9637E-012
5342 7.0047E-012
5345 7.0827E-012
5348 7.1208E-012
5351 7.1269E-012
5353 7.2038E-012
5356 7.1345E-012
5359 7.2089E-012
5362 7.1177E-012
5364 6.9884E-012
5367 6.9325E-012
5370 6.8853E-012
5373 6.9003E-012
5375 7.0201E-012
5378 7.0551E-012
5381 6.9641E-012
5384 6.9373E-012
5386 6.9862E-012
5389 7.0110E-012
5392 6.9881E-012
5394 6.9549E-012
5397 6.8751E-012
5400 6.8331E-012
5403 6.7791E-012
5405 6.7210E-012
5408 6.7594E-012
5411 6.7992E-012
5414 6.8050E-012
5416 6.8115E-012
5419 6.8678E-012
5422 6.8474E-012
5425 6.8171E-012
5427 6.7948E-012
5430 6.7811E-012
5433 6.7947E-012
5436 6.8041E-012
5438 6.8791E-012
5441 6.9071E-012
5444 6.8675E-012
5447 6.7786E-012
5449 6.8144E-012
5454 6.7767E-012
5459 6.7675E-012
5464 6.7992E-012
5469 6.7507E-012
5474 6.7119E-012
5479 6.7175E-012
5484 6.7626E-012
5489 6.7638E-012
5493 6.7507E-012
5498 6.7602E-012
5503 6.6744E-012
5508 6.6761E-012
5513 6.6464E-012
5518 6.6991E-012
5523 6.7062E-012
5527 6.6197E-012
5532 6.5654E-012
5537 6.5722E-012
5542 6.5884E-012
5547 6.5961E-012
5552 6.6186E-012
5557 6.5769E-012
5562 6.5325E-012
5566 6.4805E-012
5571 6.4568E-012
5576 6.4639E-012
5581 6.4736E-012
5586 6.3777E-012
5591 6.3016E-012
5596 6.3285E-012
5601 6.3233E-012
5605 6.3745E-012
5610 6.4292E-012
5615 6.3589E-012
5620 6.3302E-012
5625 6.3766E-012
5630 6.3571E-012
5635 6.3365E-012
5640 6.2766E-012
5644 6.2924E-012
5649 6.2947E-012
5654 6.2336E-012
5659 6.1919E-012
5664 6.1724E-012
5669 6.2148E-012
5674 6.2289E-012
5679 6.2245E-012
5683 6.1660E-012
5688 6.1009E-012
5693 6.1780E-012
5698 6.1754E-012
5703 6.1523E-012
5708 6.1375E-012
5713 6.0858E-012
5718 6.1614E-012
5722 6.1518E-012
5727 6.1769E-012
5732 6.1411E-012
5737 6.1270E-012
5742 6.1333E-012
5747 6.1067E-012
5752 6.0700E-012
5757 6.0831E-012
5761 6.0271E-012
5766 6.0266E-012
5771 6.0242E-012
5776 6.0215E-012
5781 6.0342E-012
5786 5.9765E-012
5791 5.9286E-012
5796 5.9598E-012
5800 5.9437E-012
5805 5.9403E-012
5810 5.9066E-012
5815 5.9186E-012
5820 5.8984E-012
5825 5.8931E-012
5830 5.9185E-012
5835 5.8753E-012
5839 5.8881E-012
5844 5.8492E-012
5849 5.8262E-012
5854 5.7962E-012
5859 5.7472E-012
5864 5.7404E-012
5869 5.7768E-012
5874 5.7952E-012
5878 5.7715E-012
5883 5.7535E-012
5888 5.6325E-012
5893 5.5137E-012
5898 5.5485E-012
5903 5.6486E-012
5908 5.6683E-012
5913 5.6726E-012
5917 5.6549E-012
5922 5.6750E-012
5927 5.6309E-012
5932 5.6240E-012
5937 5.6337E-012
5942 5.6437E-012
5947 5.5594E-012
5952 5.5723E-012
5956 5.5835E-012
5961 5.5548E-012
5966 5.5672E-012
5971 5.5553E-012
5976 5.5284E-012
5981 5.4983E-012
5986 5.4915E-012
5991 5.4840E-012
5995 5.4700E-012
6000 5.4691E-012
6005 5.4291E-012
6010 5.4103E-012
6015 5.3857E-012
6020 5.3719E-012
6025 5.3691E-012
6030 5.4163E-012
6034 5.3940E-012
6039 5.3701E-012
6044 5.4270E-012
6049 5.3614E-012
6054 5.3278E-012
6059 5.2897E-012
6064 5.3108E-012
6069 5.3028E-012
6073 5.3170E-012
6078 5.3026E-012
6083 5.2943E-012
6088 5.2678E-012
6093 5.2351E-012
6098 5.1980E-012
6103 5.2048E-012
6108 5.2097E-012
6112 5.1950E-012
6117 5.1520E-012
6122 5.1491E-012
6127 5.1327E-012
6132 5.1369E-012
6137 5.1120E-012
6142 5.0739E-012
6147 5.0537E-012
6151 5.0330E-012
6156 5.0217E-012
6161 4.9849E-012
6166 5.0072E-012
6171 5.0154E-012
6176 5.0620E-012
6181 5.0593E-012
6186 5.0322E-012
6190 5.0635E-012
6195 5.0386E-012
6200 5.0739E-012
6205 5.0691E-012
6210 5.0277E-012
6215 5.0355E-012
6220 4.9925E-012
6225 4.9751E-012
6230 4.9637E-012
6234 4.9319E-012
6239 4.9208E-012
6244 4.8178E-012
6249 4.8174E-012
6254 4.8508E-012
6259 4.9018E-012
6264 4.8989E-012
6269 4.8912E-012
6273 4.9180E-012
6278 4.9042E-012
6283 4.8787E-012
6288 4.8772E-012
6293 4.8753E-012
6298 4.8721E-012
6303 4.8507E-012
6308 4.7982E-012
6312 4.8041E-012
6317 4.7471E-012
6322 4.7231E-012
6327 4.7233E-012
6332 4.6747E-012
6337 4.6408E-012
6342 4.6860E-012
6347 4.6788E-012
6351 4.7014E-012
6356 4.7168E-012
6361 4.7104E-012
6366 4.7148E-012
6371 4.6376E-012
6376 4.6472E-012
6381 4.6560E-012
6386 4.6659E-012
6391 4.6609E-012
6395 4.6373E-012
6400 4.6500E-012
6405 4.5997E-012
6410 4.5460E-012
6415 4.5329E-012
6420 4.5327E-012
6425 4.5623E-012
6430 4.5439E-012
6434 4.5132E-012
6439 4.5010E-012
6444 4.4709E-012
6449 4.4292E-012
6454 4.4254E-012
6459 4.3967E-012
6464 4.4202E-012
6469 4.4542E-012
6473 4.4687E-012
6478 4.4552E-012
6483 4.4307E-012
6488 4.4110E-012
6493 4.3602E-012
6498 4.3343E-012
6503 4.3552E-012
6508 4.3570E-012
6513 4.3528E-012
6517 4.3009E-012
6522 4.2529E-012
6527 4.2263E-012
6532 4.2035E-012
6537 4.1400E-012
6542 4.0149E-012
6547 3.8549E-012
6552 3.6458E-012
6556 3.3339E-012
6561 3.0145E-012
6566 2.9651E-012
6571 3.2107E-012
6576 3.5092E-012
6581 3.7368E-012
6586 3.8723E-012
6591 3.9960E-012
6596 4.0265E-012
6600 4.1183E-012
6605 4.1385E-012
6610 4.1633E-012
6615 4.1820E-012
6620 4.2178E-012
6625 4.2043E-012
6630 4.2151E-012
6635 4.1869E-012
6639 4.1763E-012
6644 4.1820E-012
6649 4.1753E-012
6654 4.1742E-012
6659 4.1796E-012
6664 4.1977E-012
6669 4.1811E-012
6674 4.1637E-012
6678 4.1506E-012
6683 4.1570E-012
6688 4.1563E-012
6693 4.1661E-012
6698 4.1444E-012
6703 4.1338E-012
6708 4.1370E-012
6713 4.1134E-012
6718 4.1038E-012
6722 4.1078E-012
6727 4.0725E-012
6732 4.0855E-012
6737 4.0774E-012
6742 4.0769E-012
6747 4.0653E-012
6752 4.0381E-012
6757 4.0444E-012
6761 4.0500E-012
6766 4.0641E-012
6771 4.0362E-012
6776 4.0220E-012
6781 4.0310E-012
6786 4.0045E-012
6791 4.0096E-012
6796 4.0031E-012
6801 3.9967E-012
6805 4.0062E-012
6810 4.0040E-012
6815 3.9891E-012
6820 3.9749E-012
6825 3.9598E-012
6830 3.9547E-012
6835 3.9427E-012
6840 3.9190E-012
6844 3.9077E-012
6849 3.9148E-012
6854 3.8914E-012
6859 3.8845E-012
6864 3.8883E-012
6869 3.8986E-012
6874 3.8928E-012
6879 3.9025E-012
6884 3.8679E-012
6888 3.8708E-012
6893 3.8517E-012
6898 3.8741E-012
6903 3.8556E-012
6908 3.8460E-012
6913 3.8406E-012
6918 3.8289E-012
6923 3.8218E-012
6927 3.8167E-012
6932 3.8279E-012
6937 3.8030E-012
6942 3.8000E-012
6947 3.7886E-012
6952 3.7504E-012
6957 3.7557E-012
6962 3.7698E-012
6967 3.7829E-012
6971 3.7583E-012
6976 3.7366E-012
6981 3.7244E-012
6986 3.7299E-012
6991 3.7162E-012
6996 3.7150E-012
7001 3.6649E-012
7006 3.6561E-012
7010 3.6633E-012
7015 3.6761E-012
7020 3.6687E-012
7025 3.6570E-012
7030 3.6578E-012
7035 3.6545E-012
7040 3.6377E-012
7045 3.6447E-012
7050 3.6310E-012
7054 3.6472E-012
7059 3.6443E-012
7064 3.6084E-012
7069 3.6023E-012
7074 3.5821E-012
7079 3.6044E-012
7084 3.5895E-012
7089 3.5550E-012
7093 3.5609E-012
7098 3.5608E-012
7103 3.5414E-012
7108 3.5216E-012
7113 3.5041E-012
7118 3.4787E-012
7123 3.5066E-012
7128 3.5324E-012
7133 3.5235E-012
7137 3.5193E-012
7142 3.5073E-012
7147 3.4963E-012
7152 3.4727E-012
7157 3.4759E-012
7162 3.4844E-012
7167 3.4641E-012
7172 3.4372E-012
7177 3.4361E-012
7181 3.4479E-012
7186 3.4459E-012
7191 3.4306E-012
7196 3.4301E-012
7201 3.4176E-012
7206 3.4224E-012
7211 3.4006E-012
7216 3.4230E-012
7220 3.4000E-012
7225 3.3677E-012
7230 3.3814E-012
7235 3.3860E-012
7240 3.3884E-012
7245 3.3624E-012
7250 3.3487E-012
7255 3.3558E-012
7260 3.3682E-012
7264 3.3452E-012
7269 3.3351E-012
7274 3.3625E-012
7279 3.3379E-012
7284 3.3299E-012
7289 3.2896E-012
7294 3.2915E-012
7299 3.2936E-012
7303 3.2877E-012
7308 3.2759E-012
7313 3.2785E-012
7318 3.2982E-012
7323 3.2698E-012
7328 3.2745E-012
7333 3.2827E-012
7338 3.2848E-012
7343 3.2788E-012
7347 3.2532E-012
7352 3.2422E-012
7357 3.2312E-012
7362 3.2459E-012
7367 3.2384E-012
7372 3.2274E-012
7377 3.2250E-012
7382 3.2024E-012
7387 3.1938E-012
7391 3.1771E-012
7396 3.1723E-012
7401 3.1815E-012
7406 3.1644E-012
7411 3.1399E-012
7416 3.1394E-012
7421 3.1357E-012
7426 3.1293E-012
7430 3.1433E-012
7435 3.1430E-012
7440 3.1376E-012
7445 3.1114E-012
7450 3.1085E-012
7455 3.1140E-012
7460 3.0965E-012
7465 3.1012E-012
7470 3.0952E-012
7474 3.1041E-012
7479 3.0952E-012
7484 3.0797E-012
7489 3.0783E-012
7494 3.0754E-012
7499 3.0669E-012
7504 3.0704E-012
7509 3.0566E-012
7514 3.0346E-012
7518 3.0477E-012
7523 3.0488E-012
7528 3.0425E-012
7533 3.0276E-012
7538 3.0274E-012
7543 3.0372E-012
7548 3.0420E-012
7553 3.0425E-012
7557 3.0238E-012
7562 3.0114E-012
7567 3.0091E-012
7572 3.0023E-012
7577 2.9907E-012
7582 2.9977E-012
7587 2.9862E-012
7592 2.9867E-012
7597 2.9954E-012
7601 2.9856E-012
7606 2.9576E-012
7611 2.9563E-012
7616 2.9341E-012
7621 2.9361E-012
7626 2.9439E-012
7631 2.9436E-012
7636 2.9425E-012
7641 2.9359E-012
7645 2.9307E-012
7650 2.9263E-012
7655 2.9079E-012
7660 2.8885E-012
7665 2.8693E-012
7670 2.8726E-012
7675 2.8807E-012
7680 2.8766E-012
7684 2.8580E-012
7689 2.8643E-012
7694 2.8641E-012
7699 2.8658E-012
7704 2.8727E-012
7709 2.8701E-012
7714 2.8410E-012
7719 2.8486E-012
7724 2.8520E-012
7728 2.8413E-012
7733 2.8482E-012
7738 2.8377E-012
7743 2.8249E-012
7748 2.8132E-012
7753 2.8364E-012
7758 2.8235E-012
7763 2.8221E-012
7768 2.7820E-012
7772 2.7163E-012
7777 2.6512E-012
7782 2.7255E-012
7787 2.7451E-012
7792 2.7667E-012
7797 2.7675E-012
7802 2.7799E-012
7807 2.7798E-012
7811 2.7832E-012
7816 2.7806E-012
7821 2.7567E-012
7826 2.7659E-012
7831 2.7506E-012
7836 2.7243E-012
7841 2.7270E-012
7846 2.7203E-012
7851 2.7097E-012
7855 2.7334E-012
7860 2.7279E-012
7865 2.7377E-012
7870 2.7316E-012
7875 2.7076E-012
7880 2.6972E-012
7885 2.6709E-012
7890 2.6812E-012
7895 2.6699E-012
7899 2.6836E-012
7904 2.6758E-012
7909 2.6954E-012
7914 2.6679E-012
7919 2.6654E-012
7924 2.6661E-012
7929 2.6592E-012
7934 2.6396E-012
7938 2.6466E-012
7943 2.6404E-012
7948 2.6198E-012
7953 2.6508E-012
7958 2.6302E-012
7963 2.6261E-012
7968 2.6109E-012
7973 2.5984E-012
7978 2.6149E-012
7982 2.6105E-012
7987 2.6381E-012
7992 2.6402E-012
7997 2.6146E-012
8002 2.5958E-012
8007 2.5890E-012
8012 2.5861E-012
8017 2.5790E-012
8022 2.5885E-012
8026 2.5701E-012
8031 2.5586E-012
8036 2.5483E-012
8041 2.5470E-012
8046 2.5546E-012
8051 2.5399E-012
8056 2.5422E-012
8061 2.5380E-012
8065 2.5434E-012
8070 2.5399E-012
8075 2.5205E-012
8080 2.5011E-012
8085 2.5028E-012
8090 2.5041E-012
8095 2.5089E-012
8100 2.5066E-012
8105 2.5010E-012
8109 2.4951E-012
8114 2.4979E-012
8119 2.4970E-012
8124 2.5000E-012
8129 2.4926E-012
8134 2.4922E-012
8139 2.4621E-012
8144 2.4609E-012
8149 2.4502E-012
8153 2.4536E-012
8158 2.4648E-012
8163 2.4687E-012
8168 2.4521E-012
8173 2.4357E-012
8178 2.4373E-012
8183 2.4004E-012
8188 2.3751E-012
8192 2.3734E-012
8197 2.3627E-012
8202 2.3868E-012
8207 2.3835E-012
8212 2.3632E-012
8217 2.3603E-012
8222 2.3579E-012
8227 2.3667E-012
8232 2.3722E-012
8236 2.3535E-012
8241 2.3564E-012
8246 2.3617E-012
8251 2.3418E-012
8256 2.3526E-012
8261 2.3628E-012
8266 2.3532E-012
8271 2.3528E-012
8276 2.3478E-012
8280 2.3533E-012
8285 2.3455E-012
8290 2.3403E-012
8295 2.3347E-012
8300 2.3317E-012
8305 2.3437E-012
8310 2.3355E-012
8315 2.3337E-012
8319 2.3208E-012
8324 2.2989E-012
8329 2.2967E-012
8334 2.2623E-012
8339 2.2544E-012
8344 2.2728E-012
8349 2.2876E-012
8354 2.2988E-012
8359 2.2822E-012
8363 2.2812E-012
8368 2.2761E-012
8373 2.2800E-012
8378 2.2851E-012
8383 2.2798E-012
8388 2.2848E-012
8393 2.2735E-012
8398 2.2684E-012
8402 2.2780E-012
8407 2.2505E-012
8412 2.2366E-012
8417 2.2309E-012
8422 2.2438E-012
8427 2.2491E-012
8432 2.2396E-012
8437 2.2349E-012
8442 2.1858E-012
8446 2.1736E-012
8451 2.1645E-012
8456 2.2057E-012
8461 2.1991E-012
8466 2.2012E-012
8471 2.1997E-012
8476 2.2046E-012
8481 2.2267E-012
8486 2.2137E-012
8490 2.1951E-012
8495 2.1675E-012
8500 2.0822E-012
8505 2.0842E-012
8510 2.1319E-012
8515 2.1764E-012
8520 2.1985E-012
8525 2.1932E-012
8529 2.1887E-012
8534 2.1352E-012
8539 2.0541E-012
8544 1.9961E-012
8549 1.9557E-012
8554 2.0700E-012
8559 2.1084E-012
8564 2.1609E-012
8569 2.1918E-012
8573 2.1970E-012
8578 2.1886E-012
8583 2.1687E-012
8588 2.1336E-012
8593 2.0841E-012
8598 2.0447E-012
8603 2.0121E-012
8608 2.0671E-012
8612 2.1339E-012
8617 2.1562E-012
8622 2.1839E-012
8627 2.1640E-012
8632 2.1744E-012
8637 2.1571E-012
8642 2.1366E-012
8647 2.0985E-012
8652 2.0687E-012
8656 1.9820E-012
8661 1.8852E-012
8666 1.8439E-012
8671 1.8838E-012
8676 1.9738E-012
8681 2.0115E-012
8686 2.0638E-012
8691 2.1084E-012
8696 2.1343E-012
8700 2.1399E-012
8705 2.1543E-012
8710 2.1685E-012
8715 2.1606E-012
8720 2.1541E-012
8725 2.1439E-012
8730 2.1001E-012
8735 2.0508E-012
8739 1.9914E-012
8744 1.9154E-012
8749 1.8536E-012
8754 1.8319E-012
8759 1.8851E-012
8764 1.9593E-012
8769 2.0206E-012
8774 2.0697E-012
8779 2.0858E-012
8783 2.1263E-012
8788 2.1276E-012
8793 2.1456E-012
8798 2.1548E-012
8803 2.1480E-012
8808 2.1410E-012
8813 2.1473E-012
8818 2.1341E-012
8822 2.1294E-012
8827 2.1121E-012
8832 2.0971E-012
8837 2.0769E-012
8842 2.0330E-012
8847 1.9919E-012
8852 1.9109E-012
8857 1.8374E-012
8862 1.7531E-012
8866 1.7220E-012
8871 1.7948E-012
8876 1.8655E-012
8881 1.9271E-012
8886 1.9823E-012
8891 2.0179E-012
8896 2.0314E-012
8901 2.0376E-012
8905 2.0507E-012
8910 2.0630E-012
8915 2.0689E-012
8920 2.0932E-012
8925 2.0896E-012
8930 2.0755E-012
8935 2.0873E-012
8940 2.0946E-012
8945 2.0728E-012
8949 2.1064E-012
8954 2.0881E-012
8959 2.1001E-012
8964 2.0860E-012
8969 2.0672E-012
8974 2.0504E-012
8979 2.0403E-012
8984 2.0327E-012
8988 1.9951E-012
8993 1.9495E-012
8998 1.8583E-012
9003 1.8150E-012
9008 1.7273E-012
9013 1.6426E-012
9018 1.6164E-012
9023 1.6908E-012
9027 1.7772E-012
9032 1.8298E-012
9037 1.9045E-012
9042 1.9289E-012
9047 1.9399E-012
9052 1.9629E-012
9057 1.9587E-012
9062 1.9473E-012
9067 1.9543E-012
9071 1.9807E-012
9076 1.9967E-012
9081 1.9712E-012
9086 1.9550E-012
9091 1.9350E-012
9096 1.9310E-012
9101 1.9656E-012
9106 1.9639E-012
9110 1.9658E-012
9115 1.9652E-012
9120 1.9924E-012
9125 2.0021E-012
9130 1.9948E-012
9135 2.0161E-012
9140 2.0036E-012
9145 2.0101E-012
9150 2.0207E-012
9154 2.0055E-012
9159 2.0133E-012
9164 1.9972E-012
9169 1.9779E-012
9174 1.9398E-012
9179 1.9246E-012
9184 1.8998E-012
9189 1.9190E-012
9193 1.9052E-012
9198 1.8786E-012
9203 1.8429E-012
9208 1.7926E-012
9213 1.7248E-012
9218 1.6510E-012
9223 1.6020E-012
9228 1.5413E-012
9232 1.4952E-012
9237 1.5599E-012
9242 1.6183E-012
9247 1.6563E-012
9252 1.7193E-012
9257 1.7568E-012
9262 1.7695E-012
9267 1.7849E-012
9272 1.8086E-012
9276 1.8600E-012
9281 1.8811E-012
9286 1.8876E-012
9291 1.9124E-012
9296 1.9190E-012
9301 1.9198E-012
9306 1.9191E-012
9311 1.9107E-012
9315 1.8887E-012
9320 1.8772E-012
9325 1.8971E-012
9330 1.9002E-012
9335 1.9086E-012
9340 1.9040E-012
9345 1.8914E-012
9350 1.8996E-012
9354 1.9098E-012
9359 1.9151E-012
9364 1.8958E-012
9369 1.8957E-012
9374 1.8777E-012
9379 1.8851E-012
9384 1.8728E-012
9389 1.8593E-012
9394 1.8635E-012
9398 1.8518E-012
9403 1.8492E-012
9408 1.7974E-012
9413 1.7938E-012
9418 1.7823E-012
9423 1.7912E-012
9428 1.7996E-012
9433 1.8122E-012
9437 1.8194E-012
9442 1.8215E-012
9447 1.8195E-012
9452 1.8108E-012
9457 1.8068E-012
9462 1.8128E-012
9467 1.8201E-012
9472 1.8348E-012
9476 1.8238E-012
9481 1.8207E-012
9486 1.7824E-012
9491 1.7777E-012
9496 1.7598E-012
9501 1.7501E-012
9506 1.7371E-012
9511 1.7398E-012
9515 1.7037E-012
9520 1.6726E-012
9525 1.6186E-012
9530 1.5863E-012
9535 1.5530E-012
9540 1.4778E-012
9545 1.4101E-012
9550 1.3768E-012
9555 1.4093E-012
9559 1.4779E-012
9564 1.5634E-012
9569 1.5998E-012
9574 1.6374E-012
9579 1.6515E-012
9584 1.6371E-012
9589 1.6617E-012
9594 1.6824E-012
9598 1.6777E-012
9603 1.6746E-012
9608 1.6654E-012
9613 1.6782E-012
9618 1.7176E-012
9623 1.7091E-012
9628 1.7390E-012
9633 1.7224E-012
9637 1.7100E-012
9642 1.6975E-012
9647 1.6864E-012
9652 1.6751E-012
9657 1.6572E-012
9662 1.6560E-012
9667 1.6887E-012
9672 1.6921E-012
9676 1.6958E-012
9681 1.6879E-012
9686 1.7016E-012
9691 1.7177E-012
9696 1.7226E-012
9701 1.7235E-012
9706 1.7092E-012
9711 1.6855E-012
9715 1.6769E-012
9720 1.6788E-012
9725 1.6705E-012
9730 1.6937E-012
9735 1.6863E-012
9740 1.6591E-012
9745 1.6545E-012
9750 1.6557E-012
9754 1.6740E-012
9759 1.6624E-012
9764 1.6602E-012
9769 1.6584E-012
9774 1.6538E-012
9779 1.6640E-012
9784 1.6797E-012
9789 1.7089E-012
9793 1.7032E-012
9798 1.6708E-012
9803 1.6776E-012
9808 1.6547E-012
9813 1.6433E-012
9818 1.6290E-012
9823 1.6240E-012
9828 1.6174E-012
9832 1.6065E-012
9837 1.6074E-012
9842 1.6120E-012
9847 1.6033E-012
9852 1.6184E-012
9857 1.6167E-012
9862 1.6335E-012
9867 1.6507E-012
9871 1.6157E-012
9876 1.6151E-012
9881 1.6300E-012
9886 1.6112E-012
9891 1.5945E-012
9896 1.5836E-012
9901 1.5851E-012
9906 1.5776E-012
9910 1.5842E-012
9915 1.5656E-012
9920 1.5507E-012
9925 1.6010E-012
9930 1.5909E-012
9935 1.5859E-012
9940 1.5439E-012
9945 1.5837E-012
9949 1.5789E-012
9954 1.5526E-012
9959 1.5665E-012
9964 1.5721E-012
9969 1.5656E-012
9974 1.5515E-012
9979 1.5542E-012
9984 1.5504E-012
9988 1.5298E-012
9993 1.5354E-012
9998 1.5398E-012
1E+004 1.5418E-012
1.001E+004 1.5408E-012
1.001E+004 1.5075E-012
1.002E+004 1.4909E-012
1.002E+004 1.4639E-012
1.003E+004 1.4265E-012
1.003E+004 1.3998E-012
1.004E+004 1.3632E-012
1.004E+004 1.3286E-012
1.005E+004 1.2810E-012
1.005E+004 1.2285E-012
1.006E+004 1.2502E-012
1.006E+004 1.2953E-012
1.007E+004 1.3356E-012
1.007E+004 1.3539E-012
1.008E+004 1.3829E-012
1.008E+004 1.3913E-012
1.009E+004 1.4183E-012
1.009E+004 1.4119E-012
1.01E+004 1.4402E-012
1.01E+004 1.4725E-012
1.011E+004 1.4640E-012
1.011E+004 1.4508E-012
1.012E+004 1.4712E-012
1.013E+004 1.4941E-012
1.018E+004 1.4890E-012
1.023E+004 1.4733E-012
1.028E+004 1.4532E-012
1.033E+004 1.4295E-012
1.038E+004 1.4102E-012
1.043E+004 1.3901E-012
1.048E+004 1.3605E-012
1.053E+004 1.3474E-012
1.058E+004 1.3286E-012
1.063E+004 1.3089E-012
1.068E+004 1.2726E-012
1.073E+004 1.2660E-012
1.078E+004 1.2501E-012
1.083E+004 1.2277E-012
1.088E+004 1.1965E-012
1.093E+004 1.0252E-012
1.098E+004 1.1112E-012
1.103E+004 1.1605E-012
1.108E+004 1.1536E-012
1.113E+004 1.1392E-012
1.118E+004 1.1242E-012
1.123E+004 1.1101E-012
1.128E+004 1.0843E-012
1.133E+004 1.0696E-012
1.138E+004 1.0623E-012
1.143E+004 1.0451E-012
1.148E+004 1.0370E-012
1.153E+004 1.0236E-012
1.158E+004 1.0093E-012
1.163E+004 9.8882E-013
1.168E+004 9.7115E-013
1.173E+004 9.7018E-013
1.178E+004 9.4388E-013
1.183E+004 9.3810E-013
1.188E+004 9.2252E-013
1.193E+004 9.2066E-013
1.198E+004 9.0169E-013
1.203E+004 8.9425E-013
1.208E+004 8.8089E-013
1.213E+004 8.7064E-013
1.218E+004 8.6173E-013
1.223E+004 8.5013E-013
1.228E+004 8.3782E-013
1.233E+004 8.2793E-013
1.238E+004 8.1807E-013
1.243E+004 8.0860E-013
1.248E+004 7.9749E-013
1.253E+004 7.8705E-013
1.258E+004 7.7415E-013
1.263E+004 7.6527E-013
1.268E+004 7.5616E-013
1.273E+004 7.4310E-013
1.278E+004 7.1193E-013
1.283E+004 6.1179E-013
1.288E+004 7.0039E-013
1.293E+004 7.0745E-013
1.298E+004 7.0209E-013
1.303E+004 6.9512E-013
1.308E+004 6.8728E-013
1.313E+004 6.7819E-013
1.318E+004 6.6881E-013
1.323E+004 6.6240E-013
1.328E+004 6.5419E-013
1.333E+004 6.4649E-013
1.338E+004 6.3863E-013
1.343E+004 6.3104E-013
1.348E+004 6.2341E-013
1.353E+004 6.1506E-013
1.358E+004 6.0758E-013
1.363E+004 6.0130E-013
1.368E+004 5.9383E-013
1.373E+004 5.8345E-013
1.378E+004 5.7915E-013
1.383E+004 5.7254E-013
1.388E+004 5.6691E-013
1.393E+004 5.5910E-013
1.398E+004 5.5319E-013
1.403E+004 5.4677E-013
1.408E+004 5.4078E-013
1.413E+004 5.3396E-013
1.418E+004 5.2815E-013
1.423E+004 5.2156E-013
1.428E+004 5.1529E-013
1.433E+004 5.1000E-013
1.438E+004 5.0445E-013
1.443E+004 4.9186E-013
1.448E+004 4.9269E-013
1.453E+004 4.8381E-013
1.457E+004 4.8177E-013
1.462E+004 4.7558E-013
1.468E+004 4.7096E-013
1.473E+004 4.6517E-013
1.478E+004 4.5886E-013
1.483E+004 4.5464E-013
1.488E+004 4.4793E-013
1.493E+004 4.4612E-013
1.498E+004 4.4061E-013
1.503E+004 4.3399E-013
1.508E+004 4.2961E-013
1.513E+004 4.2619E-013
1.518E+004 4.2137E-013
1.523E+004 4.1684E-013
1.528E+004 4.1097E-013
1.533E+004 4.0608E-013
1.538E+004 4.0318E-013
1.543E+004 3.9377E-013
1.548E+004 3.9398E-013
1.553E+004 3.9003E-013
1.558E+004 3.7717E-013
1.563E+004 3.8603E-013
1.568E+004 3.7326E-013
1.573E+004 3.6152E-013
1.578E+004 3.7361E-013
1.583E+004 3.6996E-013
1.588E+004 3.3666E-013
1.593E+004 3.5711E-013
1.598E+004 3.6229E-013
1.605E+004 3.5032E-013
1.615E+004 3.2831E-013
1.625E+004 3.4545E-013
1.635E+004 3.2747E-013
1.645E+004 3.0539E-013
1.655E+004 3.2502E-013
1.665E+004 3.1867E-013
1.675E+004 2.9953E-013
1.685E+004 2.7885E-013
1.695E+004 2.9848E-013
1.705E+004 2.9294E-013
1.715E+004 2.8708E-013
1.725E+004 2.7787E-013
1.735E+004 2.4488E-013
1.745E+004 2.6284E-013
1.755E+004 2.6296E-013
1.765E+004 2.5812E-013
1.775E+004 2.5349E-013
1.785E+004 2.4818E-013
1.795E+004 2.4338E-013
1.805E+004 2.3629E-013
1.815E+004 2.1047E-013
1.825E+004 2.2151E-013
1.835E+004 2.2360E-013
1.845E+004 2.1981E-013
1.855E+004 2.1494E-013
1.865E+004 2.0894E-013
1.875E+004 1.8503E-013
1.885E+004 1.9983E-013
1.895E+004 1.9808E-013
1.905E+004 1.9580E-013
1.915E+004 1.9202E-013
1.925E+004 1.8790E-013
1.935E+004 1.8213E-013
1.945E+004 1.6202E-013
1.955E+004 1.7538E-013
1.965E+004 1.7427E-013
1.975E+004 1.7113E-013
1.985E+004 1.6828E-013
1.995E+004 1.6519E-013
2.005E+004 1.6221E-013
2.015E+004 1.5929E-013
2.025E+004 1.5632E-013
2.035E+004 1.5340E-013
2.045E+004 1.5081E-013
2.055E+004 1.4810E-013
2.065E+004 1.4530E-013
2.075E+004 1.4280E-013
2.085E+004 1.4031E-013
2.095E+004 1.3778E-013
2.105E+004 1.3537E-013
2.115E+004 1.3282E-013
2.125E+004 1.3049E-013
2.135E+004 1.2829E-013
2.145E+004 1.2601E-013
2.155E+004 1.2267E-013
2.165E+004 1.0990E-013
2.175E+004 1.1760E-013
2.185E+004 1.1746E-013
2.195E+004 1.1593E-013
2.205E+004 1.1384E-013
2.215E+004 1.1187E-013
2.225E+004 1.1022E-013
2.235E+004 1.0840E-013
2.245E+004 1.0661E-013
2.255E+004 1.0466E-013
2.265E+004 1.0309E-013
2.275E+004 1.0143E-013
2.285E+004 9.9791E-014
2.295E+004 9.8156E-014
2.305E+004 9.6669E-014
2.315E+004 9.5110E-014
2.325E+004 9.3632E-014
2.335E+004 9.2136E-014
2.345E+004 9.0706E-014
2.355E+004 8.9284E-014
2.365E+004 8.7895E-014
2.375E+004 8.6495E-014
2.385E+004 8.5145E-014
2.395E+004 8.3834E-014
2.405E+004 8.2510E-014
2.415E+004 8.1208E-014
2.425E+004 8.0020E-014
2.435E+004 7.8711E-014
2.445E+004 7.7468E-014
2.455E+004 7.6367E-014
2.465E+004 7.5098E-014
2.475E+004 7.3962E-014
2.485E+004 7.3034E-014
2.495E+004 7.1197E-014
2.505E+004 7.1011E-014
2.515E+004 6.9973E-014
2.525E+004 6.7661E-014
2.535E+004 6.7841E-014
2.545E+004 6.7113E-014
2.555E+004 6.5801E-014
2.565E+004 6.3020E-014
2.575E+004 6.4028E-014
2.585E+004 6.3289E-014
2.595E+004 6.2433E-014
2.605E+004 6.0720E-014
2.615E+004 5.7539E-014
2.625E+004 5.4311E-014
2.635E+004 5.8000E-014
2.645E+004 5.8112E-014
2.655E+004 5.7364E-014
2.665E+004 5.6041E-014
2.675E+004 5.2161E-014
2.685E+004 5.4549E-014
2.695E+004 5.4370E-014
2.705E+004 5.3730E-014
2.715E+004 5.3051E-014
2.725E+004 5.2310E-014
2.735E+004 5.1489E-014
2.745E+004 5.0476E-014
2.755E+004 4.6738E-014
2.765E+004 4.7942E-014
2.775E+004 4.8603E-014
2.785E+004 4.8148E-014
2.795E+004 4.7545E-014
2.805E+004 4.6903E-014
2.815E+004 4.6272E-014
2.825E+004 4.5654E-014
2.835E+004 4.5049E-014
2.845E+004 4.4397E-014
2.855E+004 4.3665E-014
2.865E+004 4.2231E-014
2.875E+004 3.9317E-014
2.885E+004 4.1690E-014
2.895E+004 4.1492E-014
2.905E+004 4.1055E-014
2.915E+004 4.0489E-014
2.925E+004 3.9991E-014
2.935E+004 3.9488E-014
2.945E+004 3.8976E-014
2.955E+004 3.8480E-014
2.965E+004 3.7990E-014
2.975E+004 3.7504E-014
2.985E+004 3.7030E-014
2.995E+004 3.6554E-014
3.005E+004 3.6087E-014
3.015E+004 3.5579E-014
3.025E+004 3.4929E-014
3.035E+004 3.2513E-014
3.045E+004 3.2898E-014
3.055E+004 3.3697E-014
3.065E+004 3.3438E-014
3.075E+004 3.3060E-014
3.085E+004 3.2628E-014
3.095E+004 3.2243E-014
3.105E+004 3.1846E-014
3.115E+004 3.1423E-014
3.125E+004 3.1070E-014
3.135E+004 3.0697E-014
3.145E+004 3.0319E-014
3.155E+004 2.9969E-014
3.165E+004 2.9621E-014
3.175E+004 2.9248E-014
3.185E+004 2.8916E-014
3.195E+004 2.8571E-014
3.21E+004 2.8061E-014
3.23E+004 2.7407E-014
3.25E+004 2.6767E-014
3.27E+004 2.6097E-014
3.29E+004 2.4245E-014
3.31E+004 2.4558E-014
3.33E+004 2.4298E-014
3.35E+004 2.3779E-014
3.37E+004 2.3224E-014
3.39E+004 2.2716E-014
3.41E+004 2.2216E-014
3.43E+004 2.1738E-014
3.45E+004 2.1272E-014
3.47E+004 2.0805E-014
3.49E+004 2.0355E-014
3.51E+004 1.9916E-014
3.53E+004 1.9487E-014
3.55E+004 1.9068E-014
3.57E+004 1.8655E-014
3.59E+004 1.8273E-014
3.61E+004 1.7870E-014
3.63E+004 1.7518E-014
3.65E+004 1.7119E-014
3.67E+004 1.6801E-014
3.69E+004 1.6376E-014
3.71E+004 1.6090E-014
3.73E+004 1.5413E-014
3.75E+004 1.4900E-014
3.77E+004 1.5138E-014
3.79E+004 1.4863E-014
3.81E+004 1.4469E-014
3.83E+004 1.4204E-014
3.85E+004 1.4009E-014
3.87E+004 1.3725E-014
3.89E+004 1.3430E-014
3.91E+004 1.2975E-014
3.93E+004 1.2937E-014
3.95E+004 1.2705E-014
3.97E+004 1.2470E-014
3.99E+004 1.2205E-014
4.01E+004 1.1834E-014
4.03E+004 1.1538E-014
4.05E+004 1.1058E-014
4.07E+004 1.1283E-014
4.09E+004 1.1120E-014
4.11E+004 1.0925E-014
4.13E+004 1.0721E-014
4.15E+004 1.0481E-014
4.17E+004 9.9581E-015
4.19E+004 1.0090E-014
4.21E+004 9.9457E-015
4.23E+004 9.7759E-015
4.25E+004 9.5985E-015
4.27E+004 9.4267E-015
4.29E+004 9.2579E-015
4.31E+004 9.0925E-015
4.33E+004 8.9301E-015
4.35E+004 8.7564E-015
4.37E+004 8.3138E-015
4.39E+004 8.3650E-015
4.41E+004 8.3129E-015
4.43E+004 8.1744E-015
4.45E+004 8.0331E-015
4.47E+004 7.9041E-015
4.49E+004 7.7585E-015
4.51E+004 7.6273E-015
4.53E+004 7.4975E-015
4.55E+004 7.3707E-015
4.57E+004 7.2451E-015
4.59E+004 7.1214E-015
4.61E+004 7.0003E-015
4.63E+004 6.8646E-015
4.65E+004 6.4667E-015
4.67E+004 6.3640E-015
4.69E+004 6.5060E-015
4.71E+004 6.4394E-015
4.73E+004 6.3402E-015
4.75E+004 6.2376E-015
4.77E+004 6.1383E-015
4.79E+004 6.0411E-015
4.81E+004 5.9443E-015
4.83E+004 5.8496E-015
4.85E+004 5.7563E-015
4.87E+004 5.6654E-015
4.89E+004 5.5757E-015
4.91E+004 5.4875E-015
4.93E+004 5.4015E-015
4.95E+004 5.3181E-015
4.97E+004 5.2334E-015
4.99E+004 5.1547E-015
5.01E+004 5.0745E-015
5.03E+004 4.9931E-015
5.05E+004 4.9211E-015
5.07E+004 4.8444E-015
5.09E+004 4.7615E-015
5.11E+004 4.6708E-015
5.13E+004 4.4298E-015
5.15E+004 4.5394E-015
5.17E+004 4.4787E-015
5.19E+004 4.4241E-015
5.21E+004 4.3654E-015
5.23E+004 4.3007E-015
5.25E+004 4.2266E-015
5.27E+004 4.1571E-015
5.29E+004 4.1126E-015
5.31E+004 4.0554E-015
5.33E+004 3.9964E-015
5.35E+004 3.9369E-015
5.37E+004 3.8615E-015
5.39E+004 3.8070E-015
5.41E+004 3.7699E-015
5.43E+004 3.7167E-015
5.45E+004 3.6642E-015
5.47E+004 3.6118E-015
5.49E+004 3.5609E-015
5.51E+004 3.4977E-015
5.53E+004 3.4281E-015
5.55E+004 3.4094E-015
5.57E+004 3.3656E-015
5.59E+004 3.3181E-015
5.61E+004 3.2732E-015
5.63E+004 3.2281E-015
5.65E+004 3.1840E-015
5.67E+004 3.1402E-015
5.69E+004 3.0900E-015
5.71E+004 3.0081E-015
5.73E+004 3.0034E-015
5.75E+004 2.9732E-015
5.77E+004 2.9332E-015
5.79E+004 2.8937E-015
5.81E+004 2.8551E-015
5.83E+004 2.8162E-015
5.85E+004 2.7782E-015
5.87E+004 2.7387E-015
5.89E+004 2.6874E-015
5.91E+004 2.5557E-015
5.93E+004 2.6201E-015
5.95E+004 2.5489E-015
5.97E+004 2.5442E-015
5.99E+004 2.5307E-015
6.01E+004 2.5019E-015
6.03E+004 2.4717E-015
6.05E+004 2.4410E-015
6.07E+004 2.4094E-015
6.09E+004 2.3785E-015
6.11E+004 2.3476E-015
6.13E+004 2.3187E-015
6.15E+004 2.2894E-015
6.17E+004 2.2605E-015
6.19E+004 2.2319E-015
6.21E+004 2.2041E-015
6.23E+004 2.1757E-015
6.25E+004 2.1460E-015
6.27E+004 2.1113E-015
6.29E+004 2.0310E-015
6.31E+004 2.0550E-015
6.33E+004 2.0411E-015
6.35E+004 2.0195E-015
6.37E+004 1.9952E-015
6.39E+004 1.9708E-015
6.42E+004 1.9352E-015
6.46E+004 1.8886E-015
6.5E+004 1.8434E-015
6.54E+004 1.7999E-015
6.58E+004 1.7572E-015
6.62E+004 1.7160E-015
6.66E+004 1.6760E-015
6.7E+004 1.6369E-015
6.74E+004 1.5934E-015
6.78E+004 1.5294E-015
6.82E+004 1.5248E-015
6.86E+004 1.4924E-015
6.9E+004 1.4586E-015
6.94E+004 1.4251E-015
6.98E+004 1.3942E-015
7.02E+004 1.3634E-015
7.06E+004 1.3332E-015
7.1E+004 1.3025E-015
7.14E+004 1.2757E-015
7.18E+004 1.2480E-015
7.22E+004 1.2208E-015
7.26E+004 1.1925E-015
7.3E+004 1.1690E-015
7.34E+004 1.1446E-015
7.38E+004 1.1203E-015
7.42E+004 1.0941E-015
7.46E+004 1.0456E-015
7.5E+004 1.0124E-015
7.54E+004 1.0246E-015
7.58E+004 1.0083E-015
7.62E+004 9.8823E-016
7.66E+004 9.6812E-016
7.7E+004 9.4854E-016
7.74E+004 9.2891E-016
7.78E+004 9.0506E-016
7.82E+004 8.9213E-016
7.86E+004 8.7498E-016
7.9E+004 8.5770E-016
7.94E+004 8.4085E-016
7.98E+004 8.2431E-016
8.02E+004 8.0820E-016
8.06E+004 7.9248E-016
8.1E+004 7.7717E-016
8.14E+004 7.5635E-016
8.18E+004 7.4510E-016
8.22E+004 7.3335E-016
8.26E+004 7.1943E-016
8.3E+004 7.0582E-016
8.34E+004 6.9244E-016
8.38E+004 6.7940E-016
8.42E+004 6.6679E-016
8.46E+004 6.5446E-016
8.5E+004 6.4236E-016
8.54E+004 6.3049E-016
8.58E+004 6.1890E-016
8.62E+004 6.0713E-016
8.66E+004 5.8835E-016
8.7E+004 5.8427E-016
8.74E+004 5.6720E-016
8.78E+004 5.5712E-016
8.82E+004 5.5465E-016
8.86E+004 5.4479E-016
8.9E+004 5.3513E-016
8.94E+004 5.2570E-016
8.98E+004 5.1642E-016
9.02E+004 5.0739E-016
9.06E+004 4.9852E-016
9.1E+004 4.8983E-016
9.14E+004 4.8132E-016
9.18E+004 4.7303E-016
9.22E+004 4.6489E-016
9.26E+004 4.5675E-016
9.3E+004 4.4913E-016
9.34E+004 4.4122E-016
9.38E+004 4.2680E-016
9.42E+004 4.2469E-016
9.46E+004 4.1964E-016
9.5E+004 4.1244E-016
9.54E+004 4.0553E-016
9.58E+004 3.9919E-016
9.62E+004 3.9262E-016
9.66E+004 3.8624E-016
9.7E+004 3.7995E-016
9.74E+004 3.7380E-016
9.78E+004 3.6781E-016
9.82E+004 3.6172E-016
9.86E+004 3.5558E-016
9.9E+004 3.5055E-016
9.94E+004 3.4503E-016
9.98E+004 3.3963E-016
1.002E+005 3.3433E-016
1.005E+005 3.3041E-016
1.01E+005 3.2398E-016
1.015E+005 3.1774E-016
1.02E+005 3.1166E-016
1.025E+005 3.0571E-016
1.03E+005 2.9991E-016
1.035E+005 2.9423E-016
1.04E+005 2.8871E-016
1.045E+005 2.8329E-016
1.05E+005 2.7801E-016
1.055E+005 2.7283E-016
1.06E+005 2.6780E-016
1.065E+005 2.6289E-016
1.07E+005 2.5804E-016
1.075E+005 2.5335E-016
1.08E+005 2.4875E-016
1.085E+005 2.4424E-016
1.09E+005 2.3984E-016
1.095E+005 2.3556E-016
1.1E+005 2.3136E-016
1.105E+005 2.2724E-016
1.11E+005 2.2323E-016
1.115E+005 2.1932E-016
1.12E+005 2.1548E-016
1.125E+005 2.1171E-016
1.13E+005 2.0804E-016
1.135E+005 2.0444E-016
1.14E+005 2.0093E-016
1.145E+005 1.9751E-016
1.15E+005 1.9412E-016
1.155E+005 1.9082E-016
1.16E+005 1.8761E-016
1.165E+005 1.8445E-016
1.17E+005 1.8137E-016
1.175E+005 1.7831E-016
1.18E+005 1.7537E-016
1.185E+005 1.7247E-016
1.19E+005 1.6961E-016
1.195E+005 1.6681E-016
1.2E+005 1.6408E-016
1.205E+005 1.6142E-016
1.21E+005 1.5880E-016
1.215E+005 1.5623E-016
1.22E+005 1.5372E-016
1.225E+005 1.5125E-016
1.23E+005 1.4882E-016
1.235E+005 1.4646E-016
1.24E+005 1.4413E-016
1.245E+005 1.4187E-016
1.25E+005 1.3963E-016
1.255E+005 1.3744E-016
1.26E+005 1.3530E-016
1.265E+005 1.3319E-016
1.27E+005 1.3112E-016
1.275E+005 1.2909E-016
1.28E+005 1.2710E-016
1.285E+005 1.2516E-016
1.29E+005 1.2325E-016
1.295E+005 1.2137E-016
1.3E+005 1.1954E-016
1.305E+005 1.1773E-016
1.31E+005 1.1595E-016
1.315E+005 1.1422E-016
1.32E+005 1.1251E-016
1.325E+005 1.1083E-016
1.33E+005 1.0919E-016
1.335E+005 1.0758E-016
1.34E+005 1.0601E-016
1.345E+005 1.0444E-016
1.35E+005 1.0291E-016
1.355E+005 1.0142E-016
1.36E+005 9.9940E-017
1.365E+005 9.8495E-017
1.37E+005 9.7087E-017
1.375E+005 9.5683E-017
1.38E+005 9.4315E-017
1.385E+005 9.2966E-017
1.39E+005 9.1652E-017
1.395E+005 9.0357E-017
1.4E+005 8.9080E-017
1.405E+005 8.7835E-017
1.41E+005 8.6593E-017
1.415E+005 8.5398E-017
1.42E+005 8.4205E-017
1.425E+005 8.3042E-017
1.43E+005 8.1895E-017
1.435E+005 8.0765E-017
1.44E+005 7.9650E-017
1.445E+005 7.8563E-017
1.45E+005 7.7491E-017
1.455E+005 7.6446E-017
1.46E+005 7.5403E-017
1.465E+005 7.4387E-017
1.47E+005 7.3397E-017
1.475E+005 7.2407E-017
1.48E+005 7.1443E-017
1.485E+005 7.0492E-017
1.49E+005 6.9554E-017
1.495E+005 6.8639E-017
1.5E+005 6.7737E-017
1.505E+005 6.6846E-017
1.51E+005 6.5966E-017
1.515E+005 6.5110E-017
1.52E+005 6.4264E-017
1.525E+005 6.3430E-017
1.53E+005 6.2606E-017
1.535E+005 6.1803E-017
1.54E+005 6.1011E-017
1.545E+005 6.0229E-017
1.55E+005 5.9457E-017
1.555E+005 5.8704E-017
1.56E+005 5.7961E-017
1.565E+005 5.7228E-017
1.57E+005 5.6503E-017
1.575E+005 5.5798E-017
1.58E+005 5.5100E-017
1.585E+005 5.4412E-017
1.59E+005 5.3733E-017
1.595E+005 5.3070E-017
1.6E+005 5.2416E-017
1.605E+005 5.1770E-017
1.61E+005 5.1132E-017
1.615E+005 5.0510E-017
1.62E+005 4.9887E-017
1.625E+005 4.9281E-017
1.63E+005 4.8681E-017
1.635E+005 4.8097E-017
1.64E+005 4.7512E-017
1.645E+005 4.6942E-017
1.65E+005 4.6379E-017
1.655E+005 4.5830E-017
1.66E+005 4.5280E-017
1.665E+005 4.4744E-017
1.67E+005 4.4215E-017
1.675E+005 4.3692E-017
1.68E+005 4.3175E-017
1.685E+005 4.2671E-017
1.69E+005 4.2166E-017
1.695E+005 4.1674E-017
1.7E+005 4.1195E-017
1.705E+005 4.0714E-017
1.71E+005 4.0246E-017
1.715E+005 3.9776E-017
1.72E+005 3.9319E-017
1.725E+005 3.8873E-017
1.73E+005 3.8426E-017
1.735E+005 3.7990E-017
1.74E+005 3.7553E-017
1.745E+005 3.7128E-017
1.75E+005 3.6707E-017
1.755E+005 3.6297E-017
1.76E+005 3.5885E-017
1.765E+005 3.5484E-017
1.77E+005 3.5088E-017
1.775E+005 3.4696E-017
1.78E+005 3.4308E-017
1.785E+005 3.3931E-017
1.79E+005 3.3557E-017
1.795E+005 3.3188E-017
1.8E+005 3.2823E-017
1.805E+005 3.2462E-017
1.81E+005 3.2105E-017
1.815E+005 3.1757E-017
1.82E+005 3.1413E-017
1.825E+005 3.1073E-017
1.83E+005 3.0736E-017
1.835E+005 3.0403E-017
1.84E+005 3.0079E-017
1.845E+005 2.9753E-017
1.85E+005 2.9436E-017
1.855E+005 2.9122E-017
1.86E+005 2.8812E-017
1.865E+005 2.8509E-017
1.87E+005 2.8205E-017
1.875E+005 2.7909E-017
1.88E+005 2.7616E-017
1.885E+005 2.7326E-017
1.89E+005 2.7040E-017
1.895E+005 2.6756E-017
1.9E+005 2.6480E-017
1.905E+005 2.6207E-017
1.91E+005 2.5932E-017
1.915E+005 2.5669E-017
1.92E+005 2.5404E-017
1.925E+005 2.5142E-017
1.93E+005 2.4886E-017
1.935E+005 2.4630E-017
1.94E+005 2.4380E-017
1.945E+005 2.4132E-017
1.95E+005 2.3887E-017
1.955E+005 2.3645E-017
1.96E+005 2.3409E-017
1.965E+005 2.3175E-017
1.97E+005 2.2940E-017
1.975E+005 2.2711E-017
1.98E+005 2.2484E-017
1.985E+005 2.2260E-017
1.99E+005 2.2041E-017
1.995E+005 2.1821E-017
2E+005 2.1607E-017
2.01E+005 2.1181E-017
2.02E+005 2.0767E-017
2.03E+005 2.0360E-017
2.04E+005 1.9965E-017
2.05E+005 1.9578E-017
2.06E+005 1.9201E-017
2.07E+005 1.8835E-017
2.08E+005 1.8476E-017
2.09E+005 1.8127E-017
2.1E+005 1.7785E-017
2.11E+005 1.7449E-017
2.12E+005 1.7125E-017
2.13E+005 1.6804E-017
2.14E+005 1.6495E-017
2.15E+005 1.6191E-017
2.16E+005 1.5894E-017
2.17E+005 1.5604E-017
2.18E+005 1.5319E-017
2.19E+005 1.5043E-017
2.2E+005 1.4771E-017
2.21E+005 1.4506E-017
2.22E+005 1.4247E-017
2.23E+005 1.3994E-017
2.24E+005 1.3746E-017
2.25E+005 1.3504E-017
2.26E+005 1.3267E-017
2.27E+005 1.3036E-017
2.28E+005 1.2809E-017
2.29E+005 1.2586E-017
2.3E+005 1.2369E-017
2.31E+005 1.2158E-017
2.32E+005 1.1950E-017
2.33E+005 1.1746E-017
2.34E+005 1.1548E-017
2.35E+005 1.1352E-017
2.36E+005 1.1162E-017
2.37E+005 1.0975E-017
2.38E+005 1.0792E-017
2.39E+005 1.0613E-017
2.4E+005 1.0437E-017
2.41E+005 1.0266E-017
2.42E+005 1.0097E-017
2.43E+005 9.9330E-018
2.44E+005 9.7718E-018
2.45E+005 9.6130E-018
2.46E+005 9.4584E-018
2.47E+005 9.3063E-018
2.48E+005 9.1566E-018
2.49E+005 9.0109E-018
2.5E+005 8.8690E-018
2.51E+005 8.7279E-018
2.52E+005 8.5904E-018
2.53E+005 8.4566E-018
2.54E+005 8.3234E-018
2.55E+005 8.1937E-018
2.56E+005 8.0674E-018
2.57E+005 7.9430E-018
2.58E+005 7.8205E-018
2.59E+005 7.7013E-018
2.6E+005 7.5826E-018
2.61E+005 7.4681E-018
2.62E+005 7.3543E-018
2.63E+005 7.2434E-018
2.64E+005 7.1352E-018
2.65E+005 7.0276E-018
2.66E+005 6.9228E-018
2.67E+005 6.8195E-018
2.68E+005 6.7189E-018
2.69E+005 6.6198E-018
2.7E+005 6.5221E-018
2.71E+005 6.4270E-018
2.72E+005 6.3332E-018
2.73E+005 6.2407E-018
2.74E+005 6.1507E-018
2.75E+005 6.0620E-018
2.76E+005 5.9745E-018
2.77E+005 5.8883E-018
2.78E+005 5.8044E-018
2.79E+005 5.7216E-018
2.8E+005 5.6409E-018
2.81E+005 5.5614E-018
2.82E+005 5.4831E-018
2.83E+005 5.4058E-018
2.84E+005 5.3296E-018
2.85E+005 5.2554E-018
2.86E+005 5.1831E-018
2.87E+005 5.1109E-018
2.88E+005 5.0406E-018
2.89E+005 4.9712E-018
2.9E+005 4.9028E-018
2.91E+005 4.8362E-018
2.92E+005 4.7704E-018
2.93E+005 4.7056E-018
2.94E+005 4.6416E-018
2.95E+005 4.5793E-018
2.96E+005 4.5178E-018
2.97E+005 4.4579E-018
2.98E+005 4.3981E-018
2.99E+005 4.3398E-018
3E+005 4.2822E-018
3.01E+005 4.2254E-018
3.02E+005 4.1701E-018
3.03E+005 4.1155E-018
3.04E+005 4.0616E-018
3.05E+005 4.0085E-018
3.06E+005 3.9567E-018
3.07E+005 3.9055E-018
3.08E+005 3.8550E-018
3.09E+005 3.8052E-018
3.1E+005 3.7567E-018
3.11E+005 3.7087E-018
3.12E+005 3.6614E-018
3.13E+005 3.6147E-018
3.14E+005 3.5692E-018
3.15E+005 3.5243E-018
3.16E+005 3.4799E-018
3.17E+005 3.4361E-018
3.18E+005 3.3934E-018
3.19E+005 3.3507E-018
3.2E+005 3.3090E-018
3.21E+005 3.2685E-018
3.22E+005 3.2279E-018
3.23E+005 3.1883E-018
3.24E+005 3.1492E-018
3.25E+005 3.1106E-018
3.26E+005 3.0725E-018
3.27E+005 3.0353E-018
3.28E+005 2.9986E-018
3.29E+005 2.9624E-018
3.3E+005 2.9266E-018
3.31E+005 2.8917E-018
3.32E+005 2.8567E-018
3.33E+005 2.8227E-018
3.34E+005 2.7890E-018
3.35E+005 2.7562E-018
3.36E+005 2.7234E-018
3.37E+005 2.6914E-018
3.38E+005 2.6597E-018
3.39E+005 2.6284E-018
3.4E+005 2.5976E-018
3.41E+005 2.5674E-018
3.42E+005 2.5377E-018
3.43E+005 2.5083E-018
3.44E+005 2.4792E-018
3.45E+005 2.4505E-018
3.46E+005 2.4225E-018
3.47E+005 2.3948E-018
3.48E+005 2.3675E-018
3.49E+005 2.3405E-018
3.5E+005 2.3137E-018
3.51E+005 2.2876E-018
3.52E+005 2.2619E-018
3.53E+005 2.2364E-018
3.54E+005 2.2112E-018
3.55E+005 2.1862E-018
3.56E+005 2.1620E-018
3.57E+005 2.1376E-018
3.58E+005 2.1139E-018
3.59E+005 2.0904E-018
3.6E+005 2.0672E-018
3.61E+005 2.0446E-018
3.62E+005 2.0219E-018
3.63E+005 1.9998E-018
3.64E+005 1.9779E-018
3.65E+005 1.9563E-018
3.66E+005 1.9352E-018
3.67E+005 1.9140E-018
3.68E+005 1.8934E-018
3.69E+005 1.8730E-018
3.7E+005 1.8528E-018
3.71E+005 1.8329E-018
3.72E+005 1.8132E-018
3.73E+005 1.7939E-018
3.74E+005 1.7749E-018
3.75E+005 1.7558E-018
3.76E+005 1.7375E-018
3.77E+005 1.7191E-018
3.78E+005 1.7008E-018
3.79E+005 1.6831E-018
3.8E+005 1.6652E-018
3.81E+005 1.6479E-018
3.82E+005 1.6307E-018
3.83E+005 1.6139E-018
3.84E+005 1.5971E-018
3.85E+005 1.5804E-018
3.86E+005 1.5642E-018
3.87E+005 1.5481E-018
3.88E+005 1.5322E-018
3.89E+005 1.5165E-018
3.9E+005 1.5009E-018
3.91E+005 1.4858E-018
3.92E+005 1.4708E-018
3.93E+005 1.4557E-018
3.94E+005 1.4410E-018
3.95E+005 1.4264E-018
3.96E+005 1.4123E-018
3.97E+005 1.3980E-018
3.98E+005 1.3839E-018
3.99E+005 1.3701E-018
