1140 -3.6882E-016
1140 -3.6882E-016
1141 -1.9213E-015
1142 0.0000E+000
1142 -3.3053E-016
1143 0.0000E+000
1143 4.0660E-015
1144 0.0000E+000
1145 0.0000E+000
1145 -1.2632E-016
1146 0.0000E+000
1146 -6.7153E-017
1147 -1.0345E-016
1147 0.0000E+000
1148 0.0000E+000
1149 -5.9623E-017
1149 0.0000E+000
1150 3.1424E-016
1150 -5.4565E-017
1151 -2.8458E-017
1152 -5.4907E-017
1152 -1.5618E-016
1153 8.7114E-016
1153 -3.9136E-017
1154 0.0000E+000
1154 0.0000E+000
1155 1.5217E-016
1156 -3.2967E-017
1156 6.0718E-017
1157 0.0000E+000
1157 6.7916E-017
1158 -2.6683E-017
1159 6.1398E-016
1159 3.5577E-016
1160 -1.8900E-017
1160 3.0026E-016
1161 2.9412E-016
1161 3.0092E-016
1162 1.3162E-016
1163 2.1727E-016
1163 2.8842E-016
1164 6.8156E-016
1164 2.9075E-016
1165 5.1295E-016
1166 2.7477E-016
1166 -2.5777E-017
1167 -2.0577E-017
1167 1.1116E-016
1168 2.4386E-016
1168 4.1676E-016
1169 3.7031E-016
1170 2.7057E-016
1170 3.8329E-016
1171 2.2285E-016
1171 3.7585E-017
1172 2.6500E-016
1173 8.9717E-017
1173 1.3576E-016
1174 8.4185E-017
1174 4.0452E-016
1175 2.9809E-016
1175 4.9178E-016
1176 3.7572E-016
1177 1.7880E-016
1177 4.8426E-016
1178 5.7916E-016
1178 1.7344E-016
1179 2.7772E-016
1180 2.6050E-016
1180 4.9425E-016
1181 3.9389E-016
1181 9.5699E-016
1182 7.3229E-016
1182 3.1332E-016
1183 3.6395E-016
1184 6.2316E-016
1184 5.4075E-016
1185 5.8118E-016
1185 2.6888E-016
1186 3.2026E-017
1187 1.5564E-016
1187 1.5223E-016
1188 -6.1873E-017
1188 3.3027E-016
1189 1.1480E-016
1189 4.3634E-016
1190 -3.3245E-016
1191 4.0709E-016
1191 -8.0586E-016
1192 -7.8349E-016
1192 7.2160E-016
1193 -5.5306E-016
1194 8.2473E-016
1194 -4.3819E-017
1195 -1.6841E-015
1195 -1.2561E-015
1196 -6.8704E-016
1196 2.1272E-015
1197 -5.2813E-016
1198 4.2704E-016
1198 -4.4044E-017
1199 1.0091E-015
1199 5.7475E-016
1200 1.6100E-015
1201 3.5601E-017
1201 6.3187E-016
1202 3.2786E-015
1202 1.8286E-015
1203 2.2896E-015
1203 2.2824E-016
1204 4.3079E-016
1205 -1.6181E-015
1205 3.4414E-016
1206 7.6747E-016
1206 -1.1361E-015
1207 7.8665E-016
1208 -1.1870E-015
1208 6.0956E-016
1209 1.0196E-015
1209 -6.4764E-016
1210 -7.7095E-016
1210 -1.2762E-016
1211 -2.1818E-015
1212 1.4649E-015
1212 -2.3871E-016
1213 -1.1538E-015
1213 8.2146E-016
1214 9.9261E-016
1215 1.4348E-015
1215 8.1282E-016
1216 6.6276E-016
1216 -1.9658E-016
1217 -1.3829E-015
1217 -3.6195E-018
1218 6.4133E-016
1219 4.6678E-016
1219 -1.5456E-015
1220 4.3906E-016
1220 3.4103E-016
1221 -1.5065E-015
1222 -3.1654E-017
1222 2.9698E-016
1223 1.9621E-015
1223 1.8782E-016
1224 9.4978E-016
1224 -1.2669E-016
1225 7.7132E-016
1226 6.8484E-016
1226 -1.1338E-016
1227 -4.2488E-016
1227 2.5276E-016
1228 -2.0467E-015
1229 6.1263E-016
1229 -1.4076E-015
1230 3.7847E-016
1230 -3.3409E-016
1231 6.2122E-016
1231 7.5235E-016
1232 -3.3512E-016
1233 1.4385E-015
1233 1.8796E-015
1234 6.8667E-016
1234 2.8321E-016
1235 1.6338E-015
1236 2.2876E-015
1236 1.0977E-015
1237 1.3354E-015
1237 -4.5975E-016
1238 9.6436E-016
1238 1.0502E-015
1239 4.0183E-016
1240 -5.2264E-016
1240 -3.3533E-016
1241 4.5782E-016
1241 8.1377E-016
1242 3.4369E-016
1243 1.0004E-015
1243 6.7013E-016
1244 7.0792E-016
1244 5.3996E-016
1245 1.1372E-015
1245 8.3207E-016
1246 8.0387E-016
1247 1.2389E-015
1247 6.1899E-016
1248 8.5144E-016
1248 8.8111E-016
1249 6.4390E-016
1250 8.8755E-016
1250 1.1970E-015
1251 1.1635E-015
1251 1.2982E-015
1252 1.3062E-015
1252 1.3868E-015
1253 1.1967E-015
1254 1.3738E-015
1254 1.1092E-015
1255 1.2744E-015
1255 1.2542E-015
1256 1.4628E-015
1257 1.0255E-015
1257 1.5610E-015
1258 1.3975E-015
1258 1.2320E-015
1259 1.5959E-015
1259 8.2828E-016
1260 1.0438E-015
1261 9.0886E-016
1261 1.1801E-015
1262 1.2423E-015
1262 1.9282E-015
1263 1.6467E-015
1264 1.7923E-015
1264 1.7672E-015
1265 1.9048E-015
1265 2.1906E-015
1266 1.7764E-015
1266 1.8976E-015
1267 2.5026E-015
1268 1.9477E-015
1268 2.9008E-015
1269 3.3188E-015
1269 3.6936E-015
1270 2.7181E-015
1271 2.8781E-015
1271 3.0042E-015
1272 3.8369E-015
1272 3.6237E-015
1273 3.4609E-015
1273 3.0925E-015
1274 2.9840E-015
1275 3.5590E-015
1275 2.4605E-015
1276 2.7820E-015
1276 3.1000E-015
1277 2.4243E-015
1278 2.8082E-015
1278 2.9913E-015
1279 3.7417E-015
1279 3.2023E-015
1280 4.0408E-015
1280 3.7408E-015
1281 4.4447E-015
1282 4.8374E-015
1282 5.1941E-015
1283 7.4907E-015
1283 7.9093E-015
1284 7.2670E-015
1285 9.0071E-015
1285 7.4261E-015
1286 7.4377E-015
1286 6.6663E-015
1287 6.1870E-015
1287 6.0974E-015
1288 5.1006E-015
1289 4.1466E-015
1289 5.5611E-015
1290 6.0519E-015
1290 7.0391E-015
1291 8.2008E-015
1292 8.2993E-015
1292 9.3321E-015
1293 8.4313E-015
1293 9.8391E-015
1294 1.1393E-014
1294 9.9790E-015
1295 1.0658E-014
1296 1.1266E-014
1296 1.1071E-014
1297 1.1236E-014
1297 1.1644E-014
1298 1.1703E-014
1299 1.2214E-014
1299 1.2407E-014
1300 1.1767E-014
1300 1.0441E-014
1301 9.7632E-015
1301 8.8373E-015
1302 7.4290E-015
1303 7.1656E-015
1303 7.2216E-015
1304 7.4774E-015
1304 7.0426E-015
1305 6.2808E-015
1306 7.9646E-015
1306 7.9741E-015
1307 9.8316E-015
1307 1.0970E-014
1308 1.0991E-014
1308 8.7081E-015
1309 7.4905E-015
1310 6.1728E-015
1310 7.3680E-015
1311 8.2703E-015
1311 7.6214E-015
1312 9.4275E-015
1313 1.1089E-014
1313 1.4359E-014
1314 1.6444E-014
1314 1.7337E-014
1315 1.9991E-014
1315 1.8634E-014
1316 1.7899E-014
1317 1.7685E-014
1317 1.9719E-014
1318 2.0525E-014
1318 2.1163E-014
1319 2.1553E-014
1320 2.1674E-014
1320 2.4008E-014
1321 2.4415E-014
1321 2.3910E-014
1322 2.3306E-014
1322 2.2999E-014
1323 2.1418E-014
1324 1.9672E-014
1324 2.1450E-014
1325 2.1848E-014
1325 2.4129E-014
1326 2.5010E-014
1327 2.2758E-014
1327 2.3289E-014
1328 2.3538E-014
1328 2.0201E-014
1329 1.8113E-014
1329 1.7066E-014
1330 1.9357E-014
1331 2.0490E-014
1331 2.3848E-014
1332 2.3479E-014
1332 2.4019E-014
1333 2.3000E-014
1334 2.1726E-014
1334 1.9364E-014
1335 1.5551E-014
1335 1.6368E-014
1336 2.0287E-014
1336 2.1348E-014
1337 2.6677E-014
1338 3.0321E-014
1338 3.1174E-014
1339 3.6310E-014
1339 3.8769E-014
1340 3.7854E-014
1341 3.6995E-014
1341 3.7849E-014
1342 3.8048E-014
1342 4.0589E-014
1343 3.7208E-014
1343 3.9404E-014
1344 3.8191E-014
1345 3.5406E-014
1345 3.5415E-014
1346 3.3323E-014
1346 3.3716E-014
1347 3.4649E-014
1348 3.5799E-014
1348 3.6465E-014
1349 3.3309E-014
1349 3.4945E-014
1350 3.6018E-014
1350 3.4086E-014
1351 3.4394E-014
1352 3.4104E-014
1352 3.4425E-014
1353 2.9644E-014
1353 2.9461E-014
1354 2.5138E-014
1355 2.4681E-014
1355 2.1499E-014
1356 2.0553E-014
1356 1.9463E-014
1357 2.1363E-014
1357 2.5247E-014
1358 2.8155E-014
1359 2.8008E-014
1359 3.1362E-014
1360 3.4573E-014
1360 3.6065E-014
1361 3.6304E-014
1362 3.6390E-014
1362 3.5597E-014
1363 3.4372E-014
1363 3.3211E-014
1364 3.2003E-014
1364 3.2735E-014
1365 3.4609E-014
1366 3.5806E-014
1366 3.4605E-014
1367 3.2413E-014
1367 3.1423E-014
1368 3.1066E-014
1369 3.0830E-014
1369 3.2607E-014
1370 3.1159E-014
1370 3.5386E-014
1371 3.6050E-014
1371 3.8965E-014
1372 3.6774E-014
1373 3.8749E-014
1373 3.9231E-014
1374 4.0783E-014
1374 3.6420E-014
1375 3.8544E-014
1376 3.8750E-014
1376 4.0662E-014
1377 4.0183E-014
1377 3.9463E-014
1378 4.2539E-014
1378 4.4093E-014
1379 4.0586E-014
1380 4.0742E-014
1380 3.8784E-014
1381 4.0548E-014
1381 3.6428E-014
1382 3.9081E-014
1383 3.7415E-014
1383 4.1130E-014
1384 4.2771E-014
1384 4.2059E-014
1385 4.4255E-014
1385 4.0728E-014
1386 4.3395E-014
1387 4.3586E-014
1387 4.1630E-014
1388 4.0257E-014
1388 3.8955E-014
1389 4.0962E-014
1390 3.9995E-014
1390 4.3847E-014
1391 4.2616E-014
1391 4.3078E-014
1392 4.2955E-014
1392 4.1586E-014
1393 4.0466E-014
1394 4.0614E-014
1394 4.2735E-014
1395 4.3055E-014
1395 4.3723E-014
1396 4.4097E-014
1397 3.9735E-014
1397 3.8918E-014
1398 3.6247E-014
1398 4.1846E-014
1399 3.7737E-014
1399 3.8953E-014
1400 4.1857E-014
1401 4.1928E-014
1401 4.3488E-014
1402 4.4041E-014
1402 4.6152E-014
1403 4.5981E-014
1404 4.8308E-014
1404 4.8074E-014
1405 5.2663E-014
1405 5.7228E-014
1406 5.6339E-014
1406 5.7589E-014
1407 5.7278E-014
1408 5.5999E-014
1408 5.1438E-014
1409 5.0475E-014
1409 5.3810E-014
1410 5.1559E-014
1411 4.9694E-014
1411 5.3552E-014
1412 5.6573E-014
1412 5.6118E-014
1413 6.0981E-014
1413 6.0937E-014
1414 6.0905E-014
1415 5.6651E-014
1415 5.9458E-014
1416 6.2883E-014
1416 6.2124E-014
1417 6.2392E-014
1418 6.3649E-014
1418 6.6531E-014
1419 6.5102E-014
1419 6.3128E-014
1420 6.5437E-014
1420 6.6889E-014
1421 6.6744E-014
1422 7.0855E-014
1422 6.8336E-014
1423 6.9425E-014
1423 6.6949E-014
1424 6.2768E-014
1425 5.6034E-014
1425 6.1692E-014
1426 6.6333E-014
1426 6.9072E-014
1427 7.1610E-014
1427 7.1687E-014
1428 7.5626E-014
1429 7.9722E-014
1429 7.3271E-014
1430 6.9085E-014
1430 6.6639E-014
1431 6.2951E-014
1432 5.3405E-014
1432 4.7689E-014
1433 4.9721E-014
1433 4.6832E-014
1434 4.8302E-014
1434 5.2607E-014
1435 5.6686E-014
1436 5.8344E-014
1436 6.7717E-014
1437 6.5513E-014
1437 6.9104E-014
1438 6.7644E-014
1439 6.8629E-014
1439 7.0489E-014
1440 6.7472E-014
1440 7.1965E-014
1441 7.0317E-014
1441 7.1346E-014
1442 7.2201E-014
1443 7.0446E-014
1443 7.2649E-014
1444 7.1040E-014
1444 7.2550E-014
1445 7.4551E-014
1446 7.8377E-014
1446 7.8813E-014
1447 7.5887E-014
1447 7.4191E-014
1448 7.5611E-014
1448 7.6199E-014
1449 8.2651E-014
1450 8.6250E-014
1450 8.9001E-014
1451 8.7641E-014
1451 8.7240E-014
1452 8.7167E-014
1453 8.5918E-014
1453 8.3018E-014
1454 8.9462E-014
1454 8.8035E-014
1455 8.7179E-014
1455 9.2152E-014
1456 8.9301E-014
1457 9.4236E-014
1457 9.6245E-014
1458 9.2015E-014
1458 9.3689E-014
1459 8.8557E-014
1459 8.8847E-014
1460 8.9184E-014
1461 8.3525E-014
1461 8.5273E-014
1462 8.3861E-014
1462 8.1994E-014
1463 7.7122E-014
1464 7.6263E-014
1464 8.5043E-014
1465 9.0153E-014
1465 9.1450E-014
1466 9.8337E-014
1466 9.1248E-014
1467 8.2702E-014
1468 7.1458E-014
1468 7.3460E-014
1469 7.8422E-014
1469 8.4984E-014
1470 8.7541E-014
1471 8.9330E-014
1471 9.8958E-014
1472 9.4824E-014
1472 8.5068E-014
1473 7.3610E-014
1473 6.5250E-014
1474 7.1990E-014
1475 7.5630E-014
1475 8.5505E-014
1476 9.2267E-014
1476 1.0159E-013
1477 1.0238E-013
1478 1.0519E-013
1478 1.0073E-013
1479 1.0845E-013
1479 1.0955E-013
1480 1.0125E-013
1480 9.5855E-014
1481 7.7011E-014
1482 7.7478E-014
1482 8.0218E-014
1483 8.3782E-014
1483 8.7110E-014
1484 9.3983E-014
1485 1.0086E-013
1485 1.0537E-013
1486 1.0697E-013
1486 1.1130E-013
1487 1.0714E-013
1487 1.1937E-013
1488 1.2323E-013
1489 1.2786E-013
1489 1.1985E-013
1490 1.2555E-013
1490 1.2514E-013
1491 1.2330E-013
1492 1.1214E-013
1492 9.9807E-014
1493 8.6439E-014
1493 9.2673E-014
1494 9.3694E-014
1494 9.7106E-014
1495 1.1367E-013
1496 1.2444E-013
1496 1.2938E-013
1497 1.2522E-013
1497 1.3437E-013
1498 1.4115E-013
1499 1.4206E-013
1499 1.4075E-013
1500 1.3340E-013
1500 1.3470E-013
1501 1.4383E-013
1501 1.3557E-013
1502 1.3296E-013
1503 1.3812E-013
1503 1.4673E-013
1504 1.4013E-013
1504 1.3312E-013
1505 1.3301E-013
1506 1.3374E-013
1506 1.3554E-013
1507 1.2767E-013
1507 1.2904E-013
1508 1.2412E-013
1508 1.1055E-013
1509 1.0620E-013
1510 1.0884E-013
1510 1.0229E-013
1511 9.4962E-014
1511 9.9317E-014
1512 1.0141E-013
1513 1.1226E-013
1513 1.0607E-013
1514 1.1118E-013
1514 1.1831E-013
1515 1.1480E-013
1515 1.1689E-013
1516 1.1699E-013
1517 1.2334E-013
1517 1.3099E-013
1518 1.3410E-013
1518 1.3495E-013
1519 1.3552E-013
1520 1.3851E-013
1520 1.3799E-013
1521 1.3685E-013
1521 1.3965E-013
1522 1.3357E-013
1522 1.3731E-013
1523 1.3737E-013
1524 1.3259E-013
1524 1.3408E-013
1525 1.2994E-013
1525 1.1754E-013
1526 1.1229E-013
1527 9.0776E-014
1527 9.6014E-014
1528 1.1953E-013
1528 1.3459E-013
1529 1.3843E-013
1529 1.4412E-013
1530 1.5064E-013
1531 1.4484E-013
1531 1.3573E-013
1532 1.2019E-013
1532 1.0931E-013
1533 8.8806E-014
1534 8.9736E-014
1534 1.0396E-013
1535 1.2101E-013
1535 1.3451E-013
1536 1.5251E-013
1536 1.4791E-013
1537 1.3721E-013
1538 1.3517E-013
1538 1.5206E-013
1539 1.8128E-013
1539 1.8842E-013
1540 1.7105E-013
1540 1.4117E-013
1541 1.2515E-013
1542 1.2576E-013
1542 1.5136E-013
1543 1.7536E-013
1543 1.8596E-013
1544 1.6661E-013
1545 1.5085E-013
1545 1.3683E-013
1546 1.5437E-013
1546 1.7760E-013
1547 1.6762E-013
1547 1.7370E-013
1548 1.7259E-013
1549 1.7321E-013
1549 1.8651E-013
1550 2.0113E-013
1550 1.8619E-013
1551 1.7470E-013
1552 1.5958E-013
1552 1.5071E-013
1553 1.5915E-013
1553 1.6620E-013
1554 1.8332E-013
1554 1.8530E-013
1555 1.8608E-013
1556 1.8362E-013
1556 1.9500E-013
1557 1.9698E-013
1557 2.1427E-013
1558 1.9088E-013
1559 1.5526E-013
1559 1.3273E-013
1560 1.1336E-013
1560 1.0806E-013
1561 1.0359E-013
1561 1.1975E-013
1562 1.5081E-013
1563 1.8462E-013
1563 2.1055E-013
1564 2.1066E-013
1564 2.2981E-013
1565 2.3132E-013
1566 2.2974E-013
1566 2.2697E-013
1567 2.1701E-013
1567 2.0650E-013
1568 1.9290E-013
1568 1.9733E-013
1569 2.0248E-013
1570 2.0154E-013
1570 1.9354E-013
1571 1.9105E-013
1571 1.9962E-013
1572 2.1485E-013
1573 2.0755E-013
1573 1.7757E-013
1574 1.6578E-013
1574 1.6332E-013
1575 1.7932E-013
1575 2.0377E-013
1576 2.3582E-013
1577 2.3635E-013
1577 2.5044E-013
1578 2.4636E-013
1578 2.4177E-013
1579 2.5348E-013
1580 2.6486E-013
1580 2.5874E-013
1581 2.4589E-013
1581 2.6506E-013
1582 2.7558E-013
1582 2.8711E-013
1583 2.8040E-013
1584 2.6863E-013
1584 2.3825E-013
1585 2.3504E-013
1585 2.1969E-013
1586 2.2292E-013
1587 2.3615E-013
1587 2.4240E-013
1588 2.4385E-013
1588 2.2831E-013
1589 2.4263E-013
1589 2.4671E-013
1590 2.4374E-013
1591 2.3847E-013
1591 2.5076E-013
1592 2.4118E-013
1592 2.3209E-013
1593 2.2556E-013
1594 2.1964E-013
1594 2.1088E-013
1595 1.8821E-013
1595 1.9632E-013
1596 2.2323E-013
1596 2.5130E-013
1597 2.5089E-013
1598 2.6051E-013
1598 2.7545E-013
1599 2.9482E-013
1599 2.7836E-013
1600 2.8299E-013
1601 2.6463E-013
1601 2.5998E-013
1602 2.5823E-013
1602 2.2271E-013
1603 2.0823E-013
1603 2.3697E-013
1604 2.6279E-013
1605 2.7198E-013
1605 2.5244E-013
1606 2.4875E-013
1606 2.4621E-013
1607 2.4778E-013
1607 2.3807E-013
1608 2.5325E-013
1609 2.4309E-013
1609 2.7567E-013
1610 2.8532E-013
1610 3.0775E-013
1611 2.8060E-013
1612 2.7632E-013
1612 2.5271E-013
1613 2.3766E-013
1613 2.5796E-013
1614 2.5926E-013
1614 2.8992E-013
1615 2.9693E-013
1616 3.1383E-013
1616 2.9742E-013
1617 3.0249E-013
1617 2.9308E-013
1618 2.9275E-013
1619 2.9368E-013
1619 2.8093E-013
1620 2.6514E-013
1620 2.6992E-013
1621 2.7519E-013
1621 2.5493E-013
1622 2.7423E-013
1623 2.8338E-013
1623 3.0058E-013
1624 3.2279E-013
1624 3.5113E-013
1625 3.2734E-013
1626 2.9571E-013
1626 3.0784E-013
1627 3.2547E-013
1627 3.1226E-013
1628 3.0987E-013
1628 2.9891E-013
1629 2.8571E-013
1630 2.4793E-013
1630 2.7094E-013
1631 3.0269E-013
1631 3.0744E-013
1632 3.1695E-013
1633 3.1966E-013
1633 2.9853E-013
1634 2.8646E-013
1634 3.1075E-013
1635 3.3721E-013
1635 3.3174E-013
1636 3.2789E-013
1637 3.4800E-013
1637 3.4643E-013
1638 3.6344E-013
1638 3.6308E-013
1639 3.6423E-013
1640 3.4520E-013
1640 3.5163E-013
1641 3.3109E-013
1641 3.5475E-013
1642 3.5296E-013
1642 3.4871E-013
1643 3.4430E-013
1644 3.6491E-013
1644 3.8787E-013
1645 4.1820E-013
1645 4.2325E-013
1646 4.1956E-013
1647 4.2439E-013
1647 4.2132E-013
1648 4.1073E-013
1648 3.8746E-013
1649 3.5973E-013
1649 3.2580E-013
1650 3.2726E-013
1651 3.5804E-013
1651 3.7039E-013
1652 3.8370E-013
1652 3.8882E-013
1653 3.7973E-013
1653 3.3522E-013
1654 3.0031E-013
1655 2.6672E-013
1655 2.3971E-013
1656 1.8782E-013
1656 1.3338E-013
1657 1.1084E-013
1658 1.1630E-013
1658 1.5626E-013
1659 2.2372E-013
1659 2.9426E-013
1660 3.4063E-013
1660 3.8060E-013
1661 3.8091E-013
1662 4.0738E-013
1662 4.0618E-013
1663 4.0787E-013
1663 3.9350E-013
1664 3.8497E-013
1665 4.2544E-013
1665 4.2517E-013
1666 4.3021E-013
1666 3.8881E-013
1667 4.0425E-013
1667 4.1477E-013
1668 3.9170E-013
1669 3.8572E-013
1669 3.6198E-013
1670 3.0743E-013
1670 2.5031E-013
1671 2.4769E-013
1672 3.0184E-013
1672 3.4375E-013
1673 3.6264E-013
1673 3.5733E-013
1674 3.4597E-013
1674 3.4368E-013
1675 3.7431E-013
1676 4.2906E-013
1676 4.2724E-013
1677 4.1236E-013
1677 4.2489E-013
1678 4.3396E-013
1679 4.5543E-013
1680 4.2883E-013
1681 4.2734E-013
1683 4.6386E-013
1684 4.2624E-013
1685 4.0353E-013
1687 4.1069E-013
1688 4.2873E-013
1690 4.4171E-013
1691 4.5630E-013
1692 4.4388E-013
1694 4.0637E-013
1695 3.7684E-013
1696 4.0687E-013
1698 4.2477E-013
1699 4.3680E-013
1700 4.3084E-013
1702 4.3244E-013
1703 4.2191E-013
1705 4.1634E-013
1706 3.7392E-013
1707 4.1433E-013
1709 4.4584E-013
1710 4.6813E-013
1711 4.5605E-013
1713 4.4454E-013
1714 4.4730E-013
1716 4.6951E-013
1717 4.7451E-013
1718 4.5520E-013
1720 4.4571E-013
1721 4.4442E-013
1722 4.3905E-013
1724 4.0656E-013
1725 4.2728E-013
1727 4.6346E-013
1728 4.9519E-013
1729 5.0601E-013
1731 4.5598E-013
1732 4.3924E-013
1733 4.4710E-013
1735 4.4727E-013
1736 4.5804E-013
1737 4.8268E-013
1739 4.8371E-013
1740 4.4683E-013
1742 4.2739E-013
1743 4.8794E-013
1744 4.4550E-013
1746 4.5652E-013
1747 4.4999E-013
1748 5.0488E-013
1750 5.1332E-013
1751 4.9021E-013
1753 4.9005E-013
1754 5.5578E-013
1755 5.5662E-013
1757 5.3672E-013
1758 5.0732E-013
1759 4.8052E-013
1761 4.8835E-013
1762 4.6145E-013
1764 4.3278E-013
1765 4.2509E-013
1766 4.3768E-013
1768 4.6849E-013
1769 4.8080E-013
1770 5.0094E-013
1772 4.9963E-013
1773 5.0691E-013
1775 5.2084E-013
1776 5.2561E-013
1777 5.3525E-013
1779 5.6151E-013
1780 5.5412E-013
1781 5.2652E-013
1783 5.3331E-013
1784 5.1803E-013
1785 4.9307E-013
1787 4.8382E-013
1788 5.1626E-013
1790 5.3976E-013
1791 5.7711E-013
1792 5.7805E-013
1794 5.8064E-013
1795 5.7866E-013
1796 5.6307E-013
1798 5.5535E-013
1799 5.6224E-013
1801 5.6700E-013
1802 5.7520E-013
1803 5.7174E-013
1805 5.3626E-013
1806 4.9330E-013
1807 4.8786E-013
1809 4.9263E-013
1810 5.3444E-013
1812 5.5477E-013
1813 5.4284E-013
1814 5.0978E-013
1816 5.1586E-013
1817 4.9323E-013
1818 5.1798E-013
1820 5.0239E-013
1821 5.2003E-013
1823 5.1827E-013
1824 5.1858E-013
1825 5.0953E-013
1827 4.9396E-013
1828 5.0311E-013
1829 5.0108E-013
1831 4.7119E-013
1832 4.7642E-013
1834 5.0597E-013
1835 5.1444E-013
1836 5.0544E-013
1838 5.0201E-013
1839 4.7897E-013
1840 4.3834E-013
1842 4.3491E-013
1843 4.3929E-013
1844 4.5158E-013
1846 4.4884E-013
1847 4.3463E-013
1849 4.6784E-013
1850 4.6353E-013
1851 4.4892E-013
1853 4.6739E-013
1854 4.6051E-013
1855 4.8958E-013
1857 4.7555E-013
1858 4.6147E-013
1860 4.5494E-013
1861 4.6867E-013
1862 4.8052E-013
1864 4.7532E-013
1865 4.7402E-013
1866 4.9165E-013
1868 5.0140E-013
1869 5.0856E-013
1871 5.2696E-013
1872 5.0534E-013
1873 5.1792E-013
1875 4.9879E-013
1876 4.7172E-013
1877 4.8466E-013
1879 5.0658E-013
1880 4.9707E-013
1882 5.1417E-013
1883 5.4191E-013
1884 5.2808E-013
1886 5.3207E-013
1887 5.0949E-013
1888 4.9972E-013
1890 5.0748E-013
1891 5.1879E-013
1893 5.2319E-013
1894 5.2461E-013
1895 5.1804E-013
1897 4.9028E-013
1898 4.7736E-013
1899 4.8365E-013
1901 4.6677E-013
1902 4.7754E-013
1903 5.0507E-013
1905 4.8299E-013
1906 4.9872E-013
1908 5.0319E-013
1909 4.6007E-013
1910 4.6576E-013
1912 4.8884E-013
1913 5.0882E-013
1914 5.0291E-013
1916 5.0449E-013
1917 5.0166E-013
1919 5.0723E-013
1920 5.2210E-013
1921 5.2643E-013
1923 5.2464E-013
1924 5.2382E-013
1925 4.9361E-013
1927 4.8972E-013
1928 4.7727E-013
1930 4.4550E-013
1931 4.1330E-013
1932 4.4594E-013
1934 4.8899E-013
1935 5.0302E-013
1936 4.9969E-013
1938 5.0870E-013
1939 5.3009E-013
1941 5.1400E-013
1942 5.3663E-013
1943 5.4018E-013
1945 5.3568E-013
1946 5.1498E-013
1947 5.1782E-013
1949 5.1757E-013
1950 5.1723E-013
1952 5.1674E-013
1953 5.0393E-013
1954 5.1060E-013
1956 5.0371E-013
1957 5.1077E-013
1958 5.2113E-013
1960 5.2202E-013
1961 5.2903E-013
1963 5.1919E-013
1964 5.1771E-013
1965 5.2227E-013
1967 5.3482E-013
1968 5.2110E-013
1969 5.1928E-013
1971 5.2864E-013
1972 5.3911E-013
1973 5.3974E-013
1975 5.1514E-013
1976 5.1930E-013
1978 5.1150E-013
1979 5.1433E-013
1980 5.1228E-013
1982 5.2284E-013
1983 5.1985E-013
1984 5.0775E-013
1986 5.1438E-013
1987 5.2117E-013
1989 5.1492E-013
1990 4.9234E-013
1991 5.0431E-013
1993 4.8327E-013
1994 4.8730E-013
1995 5.0104E-013
1997 5.0997E-013
1998 5.0984E-013
2000 4.8328E-013
2001 4.8848E-013
2002 5.0506E-013
2004 4.7899E-013
2005 4.8127E-013
2006 4.9055E-013
2008 4.6829E-013
2009 4.9614E-013
2011 4.7118E-013
2012 4.3659E-013
2013 4.5302E-013
2015 4.7118E-013
2016 4.7378E-013
2017 4.7005E-013
2019 4.6989E-013
2020 4.6916E-013
2022 4.7425E-013
2023 4.7511E-013
2024 4.8390E-013
2026 4.5147E-013
2027 4.4761E-013
2028 4.8266E-013
2030 4.9979E-013
2031 4.8763E-013
2033 4.6267E-013
2034 4.6132E-013
2035 4.7214E-013
2037 4.6980E-013
2038 4.8069E-013
2039 4.7092E-013
2041 4.5334E-013
2042 4.7347E-013
2044 4.8666E-013
2045 5.0459E-013
2046 5.1414E-013
2048 5.1136E-013
2049 5.1119E-013
2050 5.1108E-013
2052 5.0114E-013
2053 4.8376E-013
2055 4.6629E-013
2056 4.4732E-013
2057 4.6554E-013
2059 4.6522E-013
2060 4.6981E-013
2061 4.6522E-013
2063 4.4291E-013
2064 4.6814E-013
2065 4.5244E-013
2067 4.4581E-013
2068 4.6598E-013
2070 4.7370E-013
2071 4.8806E-013
2072 4.7668E-013
2074 4.7750E-013
2075 4.8436E-013
2076 4.9140E-013
2078 5.0775E-013
2079 4.9838E-013
2081 4.9453E-013
2082 4.9216E-013
2083 4.9228E-013
2085 4.7887E-013
2086 4.8449E-013
2087 4.8861E-013
2089 4.9888E-013
2090 4.8529E-013
2092 4.9059E-013
2093 4.8582E-013
2094 4.7042E-013
2096 4.7253E-013
2097 4.7609E-013
2098 4.7266E-013
2100 4.8268E-013
2101 4.7153E-013
2103 4.7033E-013
2104 4.7404E-013
2105 4.8477E-013
2107 4.8022E-013
2108 4.5103E-013
2109 4.3145E-013
2111 4.3550E-013
2112 4.1978E-013
2114 4.2470E-013
2115 4.5090E-013
2116 4.8318E-013
2118 4.8991E-013
2119 4.7993E-013
2120 4.9244E-013
2122 4.8980E-013
2123 4.7453E-013
2125 4.5924E-013
2126 4.4880E-013
2127 4.4263E-013
2129 4.3690E-013
2130 4.1126E-013
2131 3.8406E-013
2133 3.6324E-013
2134 3.4269E-013
2136 3.4268E-013
2137 3.9010E-013
2138 4.1311E-013
2140 4.0414E-013
2141 4.2064E-013
2142 4.4521E-013
2144 4.5945E-013
2145 4.6495E-013
2147 4.4811E-013
2148 4.4099E-013
2149 4.4411E-013
2151 4.3233E-013
2152 4.3413E-013
2153 4.4833E-013
2155 4.6002E-013
2156 4.6152E-013
2158 4.5472E-013
2159 4.3346E-013
2160 4.2142E-013
2162 4.2572E-013
2163 4.2884E-013
2164 4.3785E-013
2166 4.2063E-013
2167 4.0709E-013
2169 4.0676E-013
2170 4.0516E-013
2171 4.1313E-013
2173 4.2351E-013
2174 4.1322E-013
2175 3.9137E-013
2177 3.9955E-013
2178 4.1834E-013
2180 4.4050E-013
2181 4.4439E-013
2182 4.7326E-013
2184 4.5386E-013
2185 4.3132E-013
2186 4.2151E-013
2188 4.0275E-013
2189 4.1178E-013
2190 4.3567E-013
2192 4.3583E-013
2193 4.3922E-013
2195 4.6972E-013
2196 4.7628E-013
2197 4.7503E-013
2199 4.7133E-013
2200 4.5593E-013
2201 4.3397E-013
2203 4.5813E-013
2204 4.6209E-013
2206 4.4900E-013
2207 4.2303E-013
2208 4.1407E-013
2210 4.0258E-013
2211 3.9016E-013
2212 3.8595E-013
2214 3.9768E-013
2215 3.9433E-013
2217 4.0042E-013
2218 4.0212E-013
2219 4.1575E-013
2221 4.1216E-013
2222 4.1779E-013
2223 4.1044E-013
2225 3.9882E-013
2226 4.0424E-013
2228 4.0057E-013
2229 4.1594E-013
2230 4.3730E-013
2232 4.3929E-013
2233 4.3898E-013
2234 4.4883E-013
2236 4.6023E-013
2237 4.5735E-013
2239 4.4776E-013
2240 4.4593E-013
2241 4.3090E-013
2243 4.0203E-013
2244 3.9366E-013
2245 3.8724E-013
2247 4.0166E-013
2248 3.8508E-013
2250 3.6610E-013
2251 3.7573E-013
2252 3.9072E-013
2254 3.8402E-013
2255 3.5643E-013
2256 3.5624E-013
2258 3.8490E-013
2259 3.9872E-013
2261 3.8634E-013
2262 3.9939E-013
2263 4.1622E-013
2265 3.9990E-013
2266 3.8958E-013
2267 3.8868E-013
2269 3.9096E-013
2270 4.1262E-013
2272 4.3562E-013
2273 4.3877E-013
2274 4.4198E-013
2276 4.2294E-013
2277 4.1351E-013
2278 4.2468E-013
2280 4.2188E-013
2281 4.4565E-013
2283 4.6073E-013
2284 4.3300E-013
2285 4.3469E-013
2287 4.2928E-013
2288 4.3367E-013
2289 4.5390E-013
2291 4.5846E-013
2292 4.3838E-013
2294 4.1405E-013
2295 4.1460E-013
2296 4.0768E-013
2298 3.5802E-013
2299 3.5403E-013
2300 3.7389E-013
2302 4.0149E-013
2303 4.0849E-013
2305 3.9901E-013
2306 4.1067E-013
2307 4.2174E-013
2309 4.2207E-013
2310 4.3478E-013
2311 4.1685E-013
2313 3.6342E-013
2314 3.6479E-013
2316 3.9306E-013
2317 4.0341E-013
2318 4.0661E-013
2320 3.9258E-013
2321 3.9716E-013
2322 4.1751E-013
2324 4.2407E-013
2325 4.0372E-013
2327 3.6126E-013
2328 3.7939E-013
2329 4.0266E-013
2331 4.0382E-013
2332 3.8150E-013
2333 3.7857E-013
2335 3.7154E-013
2336 3.9305E-013
2338 3.7705E-013
2339 3.5982E-013
2340 3.7698E-013
2342 3.7548E-013
2343 3.5384E-013
2344 2.8395E-013
2346 3.0930E-013
2347 3.4994E-013
2348 3.5016E-013
2350 3.8466E-013
2351 4.0493E-013
2353 4.1591E-013
2354 4.0393E-013
2355 3.7905E-013
2357 3.8961E-013
2358 4.0766E-013
2359 3.7179E-013
2361 3.5301E-013
2362 3.6166E-013
2364 3.7837E-013
2365 3.6743E-013
2366 3.6863E-013
2368 3.7317E-013
2369 3.9189E-013
2370 3.8875E-013
2372 3.9577E-013
2373 3.8010E-013
2375 3.5112E-013
2376 3.7414E-013
2377 3.8483E-013
2379 3.8694E-013
2380 3.4704E-013
2381 3.0966E-013
2383 2.4565E-013
2384 2.9695E-013
2386 3.6440E-013
2387 3.7535E-013
2388 3.5101E-013
2390 3.2423E-013
2391 3.7065E-013
2392 4.0210E-013
2394 4.0982E-013
2395 3.5058E-013
2397 3.2503E-013
2398 3.6556E-013
2399 3.6516E-013
2401 3.5973E-013
2402 3.8862E-013
2403 3.7734E-013
2405 3.3717E-013
2406 3.1243E-013
2408 3.2465E-013
2409 3.5450E-013
2410 3.4438E-013
2412 3.2519E-013
2413 3.5694E-013
2414 3.6877E-013
2416 3.8416E-013
2417 3.7074E-013
2419 3.9024E-013
2420 4.1412E-013
2421 4.4405E-013
2423 4.3406E-013
2424 3.8483E-013
2425 3.6601E-013
2427 3.9278E-013
2428 3.8809E-013
2430 3.5943E-013
2431 3.7817E-013
2432 3.9229E-013
2434 3.7242E-013
2435 3.5661E-013
2436 3.6168E-013
2438 3.6179E-013
2439 3.8465E-013
2441 4.0348E-013
2442 4.3252E-013
2443 4.3231E-013
2445 4.0345E-013
2446 3.7844E-013
2447 3.7214E-013
2449 3.9137E-013
2450 3.8110E-013
2452 3.8228E-013
2453 4.0003E-013
2454 3.8810E-013
2456 3.9794E-013
2457 4.1134E-013
2458 4.1393E-013
2460 3.9568E-013
2461 3.9107E-013
2463 3.6919E-013
2464 3.6501E-013
2465 3.6749E-013
2467 3.7340E-013
2468 3.7897E-013
2469 3.7394E-013
2471 3.7103E-013
2472 3.7234E-013
2474 3.6664E-013
2475 3.8587E-013
2476 3.9001E-013
2478 3.6988E-013
2479 3.6290E-013
2480 3.7425E-013
2482 3.9394E-013
2483 3.6557E-013
2485 3.5808E-013
2486 3.8476E-013
2487 4.0703E-013
2489 4.0585E-013
2490 3.7425E-013
2491 3.4643E-013
2493 3.6039E-013
2494 3.9001E-013
2495 4.2942E-013
2497 4.4030E-013
2498 4.1438E-013
2500 4.2024E-013
2501 4.3561E-013
2502 4.1838E-013
2504 4.0928E-013
2505 4.0442E-013
2506 3.9081E-013
2508 3.9076E-013
2509 4.1562E-013
2511 4.0562E-013
2512 3.8889E-013
2513 3.9330E-013
2515 3.9493E-013
2516 3.9119E-013
2517 3.8848E-013
2519 3.7835E-013
2520 3.7000E-013
2522 3.6694E-013
2523 3.6105E-013
2524 3.4624E-013
2526 3.1752E-013
2527 3.0702E-013
2528 3.1016E-013
2530 3.1057E-013
2531 3.4612E-013
2533 3.8562E-013
2534 3.8011E-013
2535 3.5322E-013
2537 3.4021E-013
2538 3.2697E-013
2539 3.2164E-013
2541 3.4676E-013
2542 3.4229E-013
2544 3.4889E-013
2545 3.5350E-013
2546 3.4353E-013
2548 3.3974E-013
2549 3.0697E-013
2550 3.0372E-013
2552 3.6047E-013
2553 4.1461E-013
2555 4.2942E-013
2556 4.1226E-013
2557 4.0348E-013
2559 4.0537E-013
2560 3.9543E-013
2561 3.8082E-013
2563 3.7563E-013
2564 3.6869E-013
2566 4.1003E-013
2567 4.1087E-013
2568 4.1407E-013
2570 4.2726E-013
2571 4.2049E-013
2572 4.0880E-013
2574 4.1476E-013
2575 4.0572E-013
2577 3.8390E-013
2578 3.9296E-013
2579 4.1605E-013
2581 4.2528E-013
2582 4.1905E-013
2583 4.0223E-013
2585 4.0184E-013
2586 3.6544E-013
2588 3.8759E-013
2589 4.1331E-013
2590 4.1872E-013
2592 4.1255E-013
2593 4.0909E-013
2594 3.9867E-013
2596 4.2339E-013
2597 4.2662E-013
2598 3.6225E-013
2600 3.0846E-013
2601 3.7684E-013
2603 4.4404E-013
2604 4.3735E-013
2605 3.8832E-013
2607 3.4595E-013
2608 3.5514E-013
2609 3.7457E-013
2611 3.6733E-013
2612 3.5344E-013
2614 3.6117E-013
2615 3.7897E-013
2616 4.1538E-013
2618 4.2628E-013
2619 4.0103E-013
2620 4.0019E-013
2622 4.0916E-013
2623 4.2324E-013
2625 4.2154E-013
2626 4.1542E-013
2627 4.0190E-013
2629 3.8630E-013
2630 3.7341E-013
2631 3.4372E-013
2633 3.6773E-013
2634 4.2776E-013
2636 4.6331E-013
2637 4.5459E-013
2638 4.4986E-013
2640 4.5269E-013
2641 4.5954E-013
2642 4.6790E-013
2644 4.8233E-013
2645 4.8726E-013
2647 4.8309E-013
2648 4.8524E-013
2649 4.8206E-013
2651 4.8110E-013
2652 4.7235E-013
2653 4.6405E-013
2655 4.7056E-013
2656 4.7616E-013
2658 4.7215E-013
2659 4.5716E-013
2660 4.6244E-013
2662 4.5061E-013
2663 4.2717E-013
2664 4.1107E-013
2666 4.1314E-013
2667 4.1409E-013
2669 4.2363E-013
2670 4.3320E-013
2671 4.3517E-013
2673 4.2240E-013
2674 4.3428E-013
2675 4.6046E-013
2677 4.5929E-013
2678 4.3738E-013
2680 4.2832E-013
2681 4.3939E-013
2682 4.4891E-013
2684 4.6067E-013
2685 4.4642E-013
2686 4.3814E-013
2688 4.2799E-013
2689 4.1976E-013
2690 4.1717E-013
2692 4.1679E-013
2693 4.0225E-013
2695 4.2581E-013
2696 4.5337E-013
2697 4.3892E-013
2699 4.0536E-013
2700 4.1562E-013
2701 4.2733E-013
2703 4.3123E-013
2704 4.3374E-013
2706 4.3098E-013
2707 4.2255E-013
2708 4.1749E-013
2710 4.0153E-013
2711 4.0082E-013
2712 4.0106E-013
2714 4.2334E-013
2715 4.2809E-013
2717 4.2712E-013
2718 4.1921E-013
2719 4.0780E-013
2721 4.1444E-013
2722 4.2436E-013
2723 4.2200E-013
2725 4.1514E-013
2726 4.2506E-013
2728 4.1783E-013
2729 4.1945E-013
2730 4.4311E-013
2732 4.4608E-013
2733 4.4648E-013
2734 4.3468E-013
2736 4.4527E-013
2737 4.2655E-013
2739 4.1606E-013
2740 4.1163E-013
2741 4.0431E-013
2743 3.9041E-013
2744 3.7839E-013
2745 3.8933E-013
2747 3.8005E-013
2748 3.6884E-013
2749 3.5840E-013
2751 3.4521E-013
2752 3.7787E-013
2754 4.0383E-013
2755 3.9526E-013
2756 3.7684E-013
2758 3.8140E-013
2759 4.1497E-013
2760 4.1438E-013
2762 4.1138E-013
2763 3.9913E-013
2765 4.1416E-013
2766 4.1616E-013
2767 4.1700E-013
2769 4.1052E-013
2770 4.0704E-013
2771 4.2931E-013
2773 4.4606E-013
2774 4.4606E-013
2776 4.3983E-013
2777 4.2732E-013
2778 4.1793E-013
2780 4.0888E-013
2781 4.0646E-013
2782 4.1928E-013
2784 4.1999E-013
2785 4.2199E-013
2787 4.3281E-013
2788 4.4049E-013
2789 4.3287E-013
2791 4.1462E-013
2792 3.8643E-013
2793 3.4228E-013
2795 2.7926E-013
2796 1.8719E-013
2798 2.2737E-013
2799 2.8278E-013
2800 3.2827E-013
2802 3.1234E-013
2803 2.3492E-013
2804 2.5247E-013
2806 3.5117E-013
2807 4.0786E-013
2808 4.4575E-013
2810 4.5232E-013
2811 4.4405E-013
2813 4.3528E-013
2814 4.4306E-013
2815 4.5956E-013
2817 4.6739E-013
2818 4.6045E-013
2819 4.6631E-013
2821 4.7366E-013
2822 4.7106E-013
2824 4.5619E-013
2825 4.6001E-013
2826 4.5548E-013
2828 4.4484E-013
2829 4.4548E-013
2830 4.4293E-013
2832 4.3337E-013
2833 4.3111E-013
2835 4.4587E-013
2836 4.3325E-013
2837 4.3410E-013
2839 4.3420E-013
2840 4.2623E-013
2841 4.0299E-013
2843 4.1477E-013
2844 4.1786E-013
2846 4.3172E-013
2847 4.3481E-013
2848 4.2767E-013
2850 4.0826E-013
2851 3.9807E-013
2852 3.7136E-013
2854 3.9157E-013
2855 4.2680E-013
2856 4.0736E-013
2858 3.9131E-013
2859 4.0560E-013
2861 4.3154E-013
2862 4.3843E-013
2863 4.3720E-013
2865 4.3206E-013
2866 4.1962E-013
2867 4.1705E-013
2869 4.1174E-013
2870 4.1353E-013
2872 4.2173E-013
2873 4.2887E-013
2874 4.2357E-013
2876 4.1233E-013
2877 4.0835E-013
2878 4.1321E-013
2880 4.2049E-013
2881 4.1927E-013
2883 4.3175E-013
2884 4.4231E-013
2885 4.5192E-013
2887 4.4741E-013
2888 4.4058E-013
2889 4.1914E-013
2891 4.1613E-013
2892 4.1360E-013
2894 4.0930E-013
2895 4.1860E-013
2896 4.2002E-013
2898 4.2696E-013
2899 4.3307E-013
2900 4.5736E-013
2902 4.7329E-013
2903 4.7465E-013
2904 4.7859E-013
2906 4.7339E-013
2907 4.6452E-013
2909 4.5027E-013
2910 4.4793E-013
2911 4.4780E-013
2913 4.6461E-013
2914 4.8029E-013
2915 4.6972E-013
2917 4.6835E-013
2918 4.6510E-013
2920 4.7395E-013
2921 4.6525E-013
2922 4.6122E-013
2924 4.4318E-013
2925 4.3648E-013
2926 4.3221E-013
2928 4.2920E-013
2929 4.2507E-013
2931 4.4258E-013
2932 4.5214E-013
2933 4.5163E-013
2935 4.4416E-013
2936 4.3912E-013
2937 4.3507E-013
2939 4.3551E-013
2940 4.4368E-013
2941 4.4986E-013
2943 4.6259E-013
2944 4.5628E-013
2946 4.4618E-013
2947 4.4264E-013
2948 4.3385E-013
2950 4.3132E-013
2951 4.4944E-013
2952 4.5692E-013
2954 4.4396E-013
2955 4.5005E-013
2957 4.7096E-013
2958 4.7592E-013
2959 4.6904E-013
2961 4.6567E-013
2962 4.6681E-013
2963 4.6839E-013
2965 4.4481E-013
2966 4.3934E-013
2968 4.5010E-013
2969 4.5702E-013
2970 4.4288E-013
2972 4.3145E-013
2973 4.4466E-013
2974 4.6435E-013
2976 4.6739E-013
2977 4.6083E-013
2978 4.6344E-013
2980 4.5518E-013
2981 4.5341E-013
2983 4.5755E-013
2984 4.4964E-013
2985 4.2726E-013
2987 4.3412E-013
2988 4.5479E-013
2989 4.6886E-013
2991 4.7935E-013
2992 4.8447E-013
2994 4.7080E-013
2995 4.7524E-013
2996 4.8379E-013
2998 4.8783E-013
2999 4.7426E-013
3000 4.6110E-013
3002 4.4998E-013
3003 4.4256E-013
3005 4.5883E-013
3006 4.8049E-013
3007 4.8460E-013
3009 4.8049E-013
3010 4.7599E-013
3011 4.7765E-013
3013 4.8473E-013
3014 4.8187E-013
3015 4.7728E-013
3017 4.6839E-013
3018 4.7075E-013
3020 4.6592E-013
3021 4.5237E-013
3022 4.5433E-013
3024 4.7966E-013
3025 4.7450E-013
3026 4.6850E-013
3028 4.6740E-013
3029 4.7970E-013
3031 4.7043E-013
3032 4.6849E-013
3033 4.6440E-013
3035 4.7152E-013
3036 4.7421E-013
3037 4.7156E-013
3039 4.6770E-013
3040 4.6804E-013
3042 4.6936E-013
3043 4.6562E-013
3044 4.7458E-013
3046 4.7490E-013
3047 4.7244E-013
3048 4.6348E-013
3050 4.6293E-013
3051 4.6615E-013
3052 4.7542E-013
3054 4.7860E-013
3055 4.7162E-013
3057 4.5825E-013
3058 4.4693E-013
3059 4.4428E-013
3068 4.6592E-013
3070 4.5601E-013
3073 4.5867E-013
3076 4.5973E-013
3079 4.6495E-013
3081 4.7062E-013
3084 4.7492E-013
3087 4.6808E-013
3090 4.5813E-013
3092 4.5554E-013
3095 4.5954E-013
3098 4.5580E-013
3101 4.4580E-013
3103 4.4902E-013
3106 4.5524E-013
3109 4.7325E-013
3112 4.7060E-013
3114 4.6372E-013
3117 4.4527E-013
3120 4.4400E-013
3123 4.4948E-013
3125 4.5500E-013
3128 4.5394E-013
3131 4.4772E-013
3134 4.4923E-013
3136 4.6378E-013
3139 4.6726E-013
3142 4.7382E-013
3144 4.7084E-013
3147 4.6329E-013
3150 4.5907E-013
3153 4.6117E-013
3155 4.5812E-013
3158 4.4621E-013
3161 4.3295E-013
3164 4.4479E-013
3166 4.5892E-013
3169 4.7041E-013
3172 4.7776E-013
3175 4.7001E-013
3177 4.4149E-013
3180 4.2758E-013
3183 4.4603E-013
3186 4.4376E-013
3188 4.5445E-013
3191 4.4508E-013
3194 4.4333E-013
3197 4.5182E-013
3199 4.6409E-013
3202 4.6569E-013
3205 4.6747E-013
3208 4.5976E-013
3210 4.4562E-013
3213 4.4232E-013
3216 4.4149E-013
3219 4.5887E-013
3221 4.6334E-013
3224 4.4853E-013
3227 4.4073E-013
3230 4.3297E-013
3232 4.3290E-013
3235 4.3018E-013
3238 4.3467E-013
3241 4.4060E-013
3243 4.5595E-013
3246 4.4993E-013
3249 4.4233E-013
3252 4.4641E-013
3254 4.4808E-013
3257 4.6192E-013
3260 4.6035E-013
3263 4.5825E-013
3265 4.5516E-013
3268 4.5816E-013
3271 4.5318E-013
3274 4.5431E-013
3276 4.4241E-013
3279 4.4159E-013
3282 4.4450E-013
3285 4.5604E-013
3287 4.6201E-013
3290 4.6230E-013
3293 4.6418E-013
3296 4.7004E-013
3298 4.7049E-013
3301 4.7360E-013
3304 4.6168E-013
3307 4.6221E-013
3309 4.6147E-013
3312 4.6223E-013
3315 4.6105E-013
3318 4.6660E-013
3320 4.5600E-013
3323 4.4448E-013
3326 4.5100E-013
3329 4.5543E-013
3331 4.5466E-013
3334 4.4993E-013
3337 4.5224E-013
3340 4.4205E-013
3342 4.4371E-013
3345 4.4970E-013
3348 4.4414E-013
3351 4.4087E-013
3353 4.5471E-013
3356 4.6199E-013
3359 4.5119E-013
3362 4.4481E-013
3364 4.5181E-013
3367 4.5081E-013
3370 4.4256E-013
3373 4.4068E-013
3375 4.5703E-013
3378 4.4699E-013
3381 4.3914E-013
3384 4.4166E-013
3386 4.5034E-013
3389 4.5407E-013
3392 4.5447E-013
3394 4.5596E-013
3397 4.6066E-013
3400 4.6765E-013
3403 4.5881E-013
3405 4.5741E-013
3408 4.5071E-013
3411 4.5728E-013
3414 4.5516E-013
3416 4.6184E-013
3419 4.5862E-013
3422 4.5402E-013
3425 4.5936E-013
3427 4.6233E-013
3430 4.6567E-013
3433 4.5990E-013
3436 4.5597E-013
3438 4.5392E-013
3441 4.3753E-013
3444 4.4195E-013
3447 4.5574E-013
3449 4.6144E-013
3452 4.6086E-013
3455 4.5130E-013
3458 4.4952E-013
3460 4.4477E-013
3463 4.4838E-013
3466 4.5633E-013
3469 4.5930E-013
3471 4.5522E-013
3474 4.4448E-013
3477 4.4202E-013
3480 4.4614E-013
3482 4.4713E-013
3485 4.6078E-013
3488 4.5466E-013
3491 4.4354E-013
3493 4.3583E-013
3496 4.3931E-013
3499 4.4828E-013
3502 4.5061E-013
3504 4.5006E-013
3507 4.5400E-013
3510 4.4561E-013
3513 4.4044E-013
3515 4.4724E-013
3518 4.5160E-013
3521 4.5360E-013
3524 4.5153E-013
3526 4.4835E-013
3529 4.5614E-013
3532 4.5669E-013
3535 4.5647E-013
3537 4.5685E-013
3540 4.5319E-013
3543 4.5731E-013
3546 4.6087E-013
3548 4.6093E-013
3551 4.6290E-013
3554 4.5505E-013
3557 4.5448E-013
3559 4.5092E-013
3562 4.4957E-013
3565 4.4860E-013
3568 4.4974E-013
3570 4.3664E-013
3573 4.3641E-013
3576 4.4081E-013
3579 4.4116E-013
3581 4.4445E-013
3584 4.3478E-013
3587 4.3594E-013
3590 4.4480E-013
3592 4.5090E-013
3595 4.5279E-013
3598 4.5267E-013
3601 4.5624E-013
3603 4.4992E-013
3606 4.4168E-013
3609 4.3082E-013
3612 4.4037E-013
3614 4.4361E-013
3617 4.3668E-013
3620 4.4434E-013
3623 4.4229E-013
3625 4.5284E-013
3628 4.4912E-013
3631 4.4075E-013
3634 4.4109E-013
3636 4.5064E-013
3639 4.4834E-013
3642 4.4884E-013
3645 4.4603E-013
3647 4.4081E-013
3650 4.4213E-013
3653 4.4628E-013
3656 4.4918E-013
3658 4.5182E-013
3661 4.4458E-013
3664 4.5026E-013
3667 4.5376E-013
3669 4.5103E-013
3672 4.5490E-013
3675 4.5380E-013
3678 4.4616E-013
3680 4.3918E-013
3683 4.4112E-013
3686 4.3755E-013
3689 4.4109E-013
3691 4.5179E-013
3694 4.5238E-013
3697 4.5791E-013
3700 4.6141E-013
3702 4.6724E-013
3705 4.4331E-013
3708 4.6706E-013
3711 4.5821E-013
3713 4.4082E-013
3716 5.0061E-013
3719 5.1059E-013
3722 4.5351E-013
3724 4.7148E-013
3727 5.4352E-013
3730 5.6546E-013
3733 4.9997E-013
3735 4.3562E-013
3738 5.0457E-013
3741 6.0893E-013
3744 6.3782E-013
3746 5.6552E-013
3749 4.7446E-013
3752 5.2617E-013
3755 5.7021E-013
3757 6.6880E-013
3760 6.9284E-013
3763 7.0665E-013
3766 6.5038E-013
3768 5.4422E-013
3771 4.5895E-013
3774 5.2161E-013
3777 6.6507E-013
3779 7.8011E-013
3782 8.6003E-013
3785 8.9064E-013
3788 8.6467E-013
3790 8.0114E-013
3793 6.8998E-013
3796 5.5095E-013
3799 4.6750E-013
3801 5.3979E-013
3804 6.7644E-013
3807 7.9968E-013
3810 9.0856E-013
3812 9.7607E-013
3815 9.9003E-013
3818 1.0064E-012
3821 9.9972E-013
3823 9.4715E-013
3826 8.5769E-013
3829 7.4016E-013
3832 6.1947E-013
3834 5.0160E-013
3837 4.7703E-013
3840 5.6598E-013
3843 7.0525E-013
3845 8.3445E-013
3848 9.5173E-013
3851 1.0248E-012
3853 1.0822E-012
3856 1.1000E-012
3859 1.1288E-012
3862 1.1582E-012
3864 1.1650E-012
3867 1.1655E-012
3870 1.1331E-012
3873 1.0965E-012
3875 1.0371E-012
3878 9.3916E-013
3881 8.5173E-013
3884 7.3309E-013
3886 5.8876E-013
3889 4.7403E-013
3892 5.0516E-013
3895 6.4835E-013
3897 7.6356E-013
3900 8.6291E-013
3903 9.4727E-013
3906 1.0328E-012
3908 1.1150E-012
3911 1.1715E-012
3914 1.1923E-012
3917 1.2112E-012
3919 1.2445E-012
3922 1.2490E-012
3925 1.2528E-012
3928 1.2365E-012
3930 1.1537E-012
3933 9.7331E-013
3936 1.0285E-012
3939 1.1401E-012
3941 1.2049E-012
3944 1.1984E-012
3947 1.1789E-012
3950 1.1443E-012
3952 1.1022E-012
3955 1.0352E-012
3958 9.6675E-013
3961 8.7758E-013
3963 7.6589E-013
3966 6.2644E-013
3969 4.7314E-013
3972 4.4493E-013
3974 5.6308E-013
3977 6.9681E-013
3980 8.1677E-013
3983 9.1542E-013
3985 1.0059E-012
3988 1.0635E-012
3991 1.1198E-012
3994 1.1760E-012
3996 1.2000E-012
3999 1.2205E-012
4002 1.2390E-012
4005 1.2462E-012
4007 1.2601E-012
4010 1.2780E-012
4013 1.2728E-012
4016 1.2944E-012
4018 1.3030E-012
4021 1.3110E-012
4024 1.2996E-012
4027 1.2955E-012
4029 1.2786E-012
4032 1.2824E-012
4035 1.2884E-012
4038 1.2917E-012
4040 1.3017E-012
4043 1.2992E-012
4046 1.2774E-012
4049 1.2780E-012
4051 1.2786E-012
4054 1.2750E-012
4057 1.2492E-012
4060 1.2477E-012
4062 1.2491E-012
4065 1.2162E-012
4068 1.2024E-012
4071 1.1999E-012
4073 1.1562E-012
4076 1.1443E-012
4079 1.0998E-012
4082 1.0844E-012
4084 1.0475E-012
4087 9.8705E-013
4090 9.2626E-013
4093 8.4157E-013
4095 7.3012E-013
4098 6.1837E-013
4101 4.9515E-013
4104 4.6443E-013
4106 5.5872E-013
4109 6.7644E-013
4112 7.7656E-013
4115 8.7006E-013
4117 9.4819E-013
4120 1.0013E-012
4123 1.0531E-012
4126 1.0892E-012
4128 1.1087E-012
4131 1.1185E-012
4134 1.1418E-012
4137 1.1723E-012
4139 1.1866E-012
4142 1.2061E-012
4145 1.1934E-012
4148 1.2016E-012
4150 1.2212E-012
4153 1.2156E-012
4156 1.2048E-012
4159 1.2101E-012
4161 1.2110E-012
4164 1.2060E-012
4167 1.2109E-012
4170 1.2090E-012
4172 1.1963E-012
4175 1.1807E-012
4178 1.1872E-012
4181 1.1881E-012
4183 1.2031E-012
4186 1.1992E-012
4189 1.1998E-012
4192 1.2140E-012
4194 1.2170E-012
4197 1.2012E-012
4200 1.1913E-012
4203 1.1838E-012
4205 1.2022E-012
4208 1.2077E-012
4211 1.2002E-012
4214 1.2012E-012
4216 1.1890E-012
4219 1.1920E-012
4222 1.1846E-012
4225 1.1694E-012
4227 1.1559E-012
4230 1.1630E-012
4233 1.1590E-012
4236 1.1571E-012
4238 1.1687E-012
4241 1.1764E-012
4244 1.1785E-012
4247 1.1601E-012
4249 1.1421E-012
4252 1.1462E-012
4255 1.1594E-012
4258 1.1586E-012
4260 1.1523E-012
4263 1.1504E-012
4266 1.1599E-012
4269 1.1512E-012
4271 1.1196E-012
4274 1.1154E-012
4277 1.1233E-012
4280 1.1362E-012
4282 1.1337E-012
4285 1.1085E-012
4288 1.1090E-012
4291 1.0905E-012
4293 1.0826E-012
4296 1.0732E-012
4299 1.0561E-012
4302 1.0324E-012
4304 1.0367E-012
4307 1.0331E-012
4310 1.0172E-012
4313 9.9838E-013
4315 9.7517E-013
4318 9.5694E-013
4321 9.3687E-013
4323 8.9824E-013
4326 8.4602E-013
4329 7.9276E-013
4332 7.3610E-013
4334 6.5533E-013
4337 5.5348E-013
4340 4.6775E-013
4343 4.2878E-013
4345 5.1226E-013
4348 6.1426E-013
4351 7.0256E-013
4354 7.6204E-013
4356 8.2857E-013
4359 8.7881E-013
4362 9.1922E-013
4365 9.5625E-013
4367 9.7029E-013
4370 9.8353E-013
4373 9.9731E-013
4376 1.0111E-012
4378 1.0271E-012
4381 1.0362E-012
4384 1.0210E-012
4387 1.0197E-012
4389 1.0325E-012
4392 1.0437E-012
4395 1.0429E-012
4398 1.0382E-012
4400 1.0385E-012
4403 1.0431E-012
4406 1.0521E-012
4409 1.0589E-012
4411 1.0624E-012
4414 1.0651E-012
4417 1.0375E-012
4420 1.0429E-012
4422 1.0530E-012
4425 1.0578E-012
4428 1.0654E-012
4431 1.0661E-012
4433 1.0652E-012
4436 1.0669E-012
4439 1.0577E-012
4442 1.0529E-012
4444 1.0446E-012
4447 1.0480E-012
4450 1.0441E-012
4453 1.0378E-012
4455 1.0413E-012
4458 1.0458E-012
4461 1.0522E-012
4464 1.0424E-012
4466 1.0326E-012
4469 1.0274E-012
4472 1.0271E-012
4475 1.0373E-012
4477 1.0347E-012
4480 1.0084E-012
4483 9.8750E-013
4486 1.0131E-012
4488 1.0246E-012
4491 1.0183E-012
4494 1.0221E-012
4497 1.0358E-012
4499 1.0290E-012
4502 1.0144E-012
4505 1.0207E-012
4508 1.0259E-012
4510 1.0194E-012
4513 1.0262E-012
4516 1.0238E-012
4519 1.0059E-012
4521 9.9932E-013
4524 9.9995E-013
4527 1.0035E-012
4530 9.9982E-013
4532 9.9276E-013
4535 9.9301E-013
4538 9.9732E-013
4541 1.0050E-012
4543 1.0100E-012
4546 9.9481E-013
4549 9.7608E-013
4552 9.6608E-013
4554 9.7445E-013
4557 9.7629E-013
4560 9.7881E-013
4563 9.8828E-013
4565 9.8403E-013
4568 9.9269E-013
4571 9.8693E-013
4574 9.7867E-013
4576 9.7645E-013
4579 9.8779E-013
4582 9.6973E-013
4584 9.5380E-013
4587 9.5917E-013
4590 9.5962E-013
4593 9.6946E-013
4595 9.7565E-013
4598 9.8493E-013
4601 9.7956E-013
4604 9.8348E-013
4606 9.8243E-013
4609 9.7689E-013
4612 9.7462E-013
4615 9.7508E-013
4617 9.6748E-013
4620 9.6789E-013
4623 9.6200E-013
4626 9.6935E-013
4628 9.6368E-013
4631 9.5673E-013
4634 9.5474E-013
4637 9.5512E-013
4639 9.5828E-013
4642 9.6269E-013
4645 9.5429E-013
4648 9.5248E-013
4650 9.4929E-013
4653 9.5227E-013
4656 9.4702E-013
4659 9.5300E-013
4661 9.4689E-013
4664 9.5134E-013
4667 9.4442E-013
4670 9.2748E-013
4672 9.3455E-013
4675 9.4434E-013
4678 9.4614E-013
4681 9.4461E-013
4683 9.4036E-013
4686 9.3190E-013
4689 9.3778E-013
4692 9.3437E-013
4694 9.3480E-013
4697 9.3034E-013
4700 9.2869E-013
4703 9.2188E-013
4705 9.1366E-013
4708 9.1587E-013
4711 9.2351E-013
4714 9.2336E-013
4716 9.2294E-013
4719 9.1945E-013
4722 9.1448E-013
4725 9.0338E-013
4727 9.0912E-013
4730 9.0419E-013
4733 9.0358E-013
4736 9.0763E-013
4738 9.0735E-013
4741 9.0807E-013
4744 9.0313E-013
4747 9.0800E-013
4749 9.0952E-013
4752 9.0325E-013
4755 9.0347E-013
4757 8.8571E-013
4760 8.8702E-013
4763 8.7938E-013
4766 8.8119E-013
4768 8.8609E-013
4771 8.8060E-013
4774 8.7823E-013
4777 8.7630E-013
4779 8.7033E-013
4782 8.7292E-013
4785 8.7488E-013
4788 8.6684E-013
4790 8.6928E-013
4793 8.6556E-013
4796 8.6966E-013
4799 8.6431E-013
4801 8.5758E-013
4804 8.4780E-013
4807 8.4557E-013
4810 8.4264E-013
4812 8.4229E-013
4815 8.3644E-013
4818 8.3234E-013
4821 8.1913E-013
4823 8.1581E-013
4826 8.0230E-013
4829 7.9562E-013
4832 7.9178E-013
4834 7.7706E-013
4837 7.5797E-013
4840 7.3888E-013
4843 7.2144E-013
4845 6.8476E-013
4848 6.5108E-013
4851 6.1740E-013
4854 5.6834E-013
4856 5.0857E-013
4859 4.3691E-013
4862 3.8725E-013
4865 3.8817E-013
4867 4.5079E-013
4870 5.1684E-013
4873 5.7336E-013
4876 6.1262E-013
4878 6.4528E-013
4881 6.7888E-013
4884 7.0628E-013
4886 7.2519E-013
4889 7.3631E-013
4892 7.4887E-013
4895 7.6684E-013
4897 7.7202E-013
4900 7.8262E-013
4903 7.8895E-013
4906 7.9241E-013
4908 7.9072E-013
4911 7.9391E-013
4914 8.0011E-013
4917 7.9867E-013
4919 7.9013E-013
4922 7.8059E-013
4925 7.8317E-013
4928 7.9007E-013
4930 8.0109E-013
4933 7.9338E-013
4936 7.9927E-013
4939 8.0192E-013
4941 8.0763E-013
4944 8.1172E-013
4947 8.1029E-013
4950 8.0332E-013
4952 8.0252E-013
4955 8.0093E-013
4958 7.9333E-013
4961 7.9414E-013
4963 8.0239E-013
4966 8.0446E-013
4969 8.0293E-013
4972 7.9914E-013
4974 7.9834E-013
4977 8.0545E-013
4980 7.9809E-013
4983 7.9222E-013
4985 7.9098E-013
4988 7.9206E-013
4991 7.9401E-013
4994 7.8903E-013
4996 7.9074E-013
4999 7.9202E-013
5002 7.8735E-013
5004 7.7833E-013
5007 7.7907E-013
5010 7.8197E-013
5013 7.8191E-013
5015 7.7665E-013
5018 7.7038E-013
5021 7.6603E-013
5024 7.7546E-013
5026 7.8221E-013
5029 7.7198E-013
5032 7.3559E-013
5035 7.7365E-013
5037 7.7663E-013
5040 7.7121E-013
5043 7.7028E-013
5046 7.7042E-013
5048 7.7627E-013
5051 7.7178E-013
5054 7.6725E-013
5057 7.7013E-013
5059 7.6277E-013
5062 7.6727E-013
5065 7.6709E-013
5068 7.6661E-013
5070 7.5974E-013
5073 7.5702E-013
5076 7.5823E-013
5079 7.6176E-013
5081 7.6459E-013
5084 7.6052E-013
5087 7.5657E-013
5090 7.6116E-013
5092 7.6274E-013
5095 7.4554E-013
5098 7.5466E-013
5100 7.5639E-013
5103 7.5675E-013
5106 7.5794E-013
5109 7.5400E-013
5111 7.4683E-013
5114 7.4205E-013
5117 7.5105E-013
5120 7.5295E-013
5122 7.4705E-013
5125 7.4417E-013
5128 7.4547E-013
5131 7.4316E-013
5133 7.3428E-013
5136 7.4132E-013
5139 7.3489E-013
5142 7.3013E-013
5144 7.3693E-013
5147 7.2947E-013
5150 7.3617E-013
5153 7.3400E-013
5155 7.2891E-013
5158 7.2949E-013
5161 7.3171E-013
5164 7.2367E-013
5166 7.1371E-013
5169 6.9247E-013
5172 6.9041E-013
5175 7.0403E-013
5177 7.1135E-013
5180 7.1924E-013
5183 7.1183E-013
5185 7.0300E-013
5188 7.0500E-013
5191 7.1100E-013
5194 7.1100E-013
5196 7.0854E-013
5199 7.1248E-013
5202 7.1137E-013
5205 7.1162E-013
5207 7.0678E-013
5210 7.0733E-013
5213 7.1189E-013
5216 7.1776E-013
5218 7.1256E-013
5221 7.1195E-013
5224 7.0823E-013
5227 6.9984E-013
5229 6.9288E-013
5232 6.9381E-013
5235 6.8705E-013
5238 6.9361E-013
5240 7.0182E-013
5243 7.0824E-013
5246 7.0425E-013
5249 7.0304E-013
5251 6.9935E-013
5254 6.9841E-013
5257 6.9820E-013
5259 6.9958E-013
5262 6.8995E-013
5265 6.8156E-013
5268 6.7990E-013
5270 6.7863E-013
5273 6.7195E-013
5276 6.7508E-013
5279 6.8089E-013
5281 6.8702E-013
5284 6.8198E-013
5287 6.8504E-013
5290 6.8901E-013
5292 6.8831E-013
5295 6.8188E-013
5298 6.8425E-013
5301 6.8299E-013
5303 6.8424E-013
5306 6.8233E-013
5309 6.8463E-013
5312 6.8173E-013
5314 6.7374E-013
5317 6.6769E-013
5320 6.6919E-013
5322 6.6659E-013
5325 6.6462E-013
5328 6.6617E-013
5331 6.6272E-013
5333 6.7107E-013
5336 6.6862E-013
5339 6.6595E-013
5342 6.6469E-013
5344 6.6562E-013
5347 6.6627E-013
5350 6.6786E-013
5353 6.6800E-013
5355 6.7165E-013
5358 6.6891E-013
5361 6.6191E-013
5364 6.5724E-013
5366 6.6005E-013
5369 6.5406E-013
5372 6.5292E-013
5375 6.6310E-013
5377 6.6012E-013
5380 6.5722E-013
5383 6.5392E-013
5385 6.5451E-013
5388 6.5544E-013
5391 6.5343E-013
5394 6.4748E-013
5396 6.4833E-013
5399 6.4948E-013
5402 6.4290E-013
5405 6.4051E-013
5407 6.4658E-013
5410 6.4017E-013
5413 6.4481E-013
5416 6.4533E-013
5418 6.4613E-013
5421 6.4505E-013
5424 6.4019E-013
5427 6.4181E-013
5429 6.4451E-013
5432 6.4097E-013
5435 6.3227E-013
5438 6.3822E-013
5440 6.3755E-013
5443 6.4049E-013
5446 6.4083E-013
5448 6.3631E-013
5452 6.2706E-013
5457 6.3062E-013
5462 6.3539E-013
5467 6.3167E-013
5472 6.2938E-013
5477 6.3339E-013
5481 6.2787E-013
5486 6.2659E-013
5491 6.2180E-013
5496 6.2515E-013
5501 6.1408E-013
5506 6.2001E-013
5511 6.2147E-013
5516 6.1601E-013
5520 6.1770E-013
5525 6.1237E-013
5530 6.0851E-013
5535 6.0423E-013
5540 6.0224E-013
5545 6.0899E-013
5550 6.0861E-013
5555 6.0420E-013
5559 6.0431E-013
5564 5.9816E-013
5569 5.9560E-013
5574 5.9784E-013
5579 6.0206E-013
5584 5.9794E-013
5589 5.9106E-013
5594 5.9021E-013
5598 5.9013E-013
5603 5.9012E-013
5608 5.8487E-013
5613 5.8762E-013
5618 5.8437E-013
5623 5.8873E-013
5628 5.8915E-013
5633 5.7760E-013
5637 5.8388E-013
5642 5.8182E-013
5647 5.8104E-013
5652 5.7811E-013
5657 5.7529E-013
5662 5.7482E-013
5667 5.7466E-013
5671 5.7153E-013
5676 5.7458E-013
5681 5.7084E-013
5686 5.6729E-013
5691 5.6731E-013
5696 5.6552E-013
5701 5.6401E-013
5706 5.6090E-013
5710 5.5951E-013
5715 5.6168E-013
5720 5.6043E-013
5725 5.5759E-013
5730 5.5553E-013
5735 5.5541E-013
5740 5.5609E-013
5745 5.5417E-013
5749 5.5199E-013
5754 5.5215E-013
5759 5.4953E-013
5764 5.4835E-013
5769 5.4893E-013
5774 5.4729E-013
5779 5.4532E-013
5784 5.4412E-013
5788 5.4250E-013
5793 5.4268E-013
5798 5.4205E-013
5803 5.3910E-013
5808 5.3743E-013
5813 5.3866E-013
5818 5.3441E-013
5823 5.3218E-013
5827 5.3377E-013
5832 5.3046E-013
5837 5.3226E-013
5842 5.2629E-013
5847 5.2942E-013
5852 5.2866E-013
5857 5.2519E-013
5862 5.2171E-013
5866 5.2675E-013
5871 5.2728E-013
5876 5.2162E-013
5881 5.2210E-013
5886 5.1097E-013
5891 4.9965E-013
5896 4.9659E-013
5901 5.0962E-013
5905 5.1074E-013
5910 5.1313E-013
5915 5.1401E-013
5920 5.1242E-013
5925 5.1222E-013
5930 5.0992E-013
5935 5.0884E-013
5940 5.1116E-013
5944 5.0743E-013
5949 5.0708E-013
5954 5.0572E-013
5959 5.0238E-013
5964 5.0329E-013
5969 4.9782E-013
5974 4.9900E-013
5979 4.9551E-013
5983 4.9585E-013
5988 4.9602E-013
5993 4.9263E-013
5998 4.9447E-013
6003 4.9392E-013
6008 4.9087E-013
6013 4.9088E-013
6018 4.8997E-013
6022 4.8706E-013
6027 4.8757E-013
6032 4.8779E-013
6037 4.8587E-013
6042 4.8698E-013
6047 4.8285E-013
6052 4.8078E-013
6057 4.8278E-013
6062 4.8019E-013
6066 4.7994E-013
6071 4.7895E-013
6076 4.7898E-013
6081 4.7877E-013
6086 4.7576E-013
6091 4.7360E-013
6096 4.7390E-013
6101 4.7267E-013
6105 4.7527E-013
6110 4.7071E-013
6115 4.6636E-013
6120 4.6905E-013
6125 4.6772E-013
6130 4.6627E-013
6135 4.6947E-013
6140 4.6516E-013
6144 4.6286E-013
6149 4.6025E-013
6154 4.5743E-013
6159 4.5366E-013
6164 4.5663E-013
6169 4.5767E-013
6174 4.5752E-013
6179 4.5532E-013
6183 4.5268E-013
6188 4.5467E-013
6193 4.5406E-013
6198 4.5387E-013
6203 4.5499E-013
6208 4.5256E-013
6213 4.4956E-013
6218 4.4738E-013
6222 4.4725E-013
6227 4.4658E-013
6232 4.4703E-013
6237 4.4654E-013
6242 4.4006E-013
6247 4.4149E-013
6252 4.4129E-013
6257 4.4021E-013
6262 4.3643E-013
6266 4.3717E-013
6271 4.4009E-013
6276 4.3818E-013
6281 4.3805E-013
6286 4.3867E-013
6291 4.3954E-013
6296 4.3789E-013
6301 4.3737E-013
6305 4.3238E-013
6310 4.3054E-013
6315 4.3017E-013
6320 4.2538E-013
6325 4.2274E-013
6330 4.1982E-013
6335 4.1995E-013
6340 4.2069E-013
6344 4.2040E-013
6349 4.2003E-013
6354 4.2366E-013
6359 4.2315E-013
6364 4.2058E-013
6369 4.1637E-013
6374 4.1707E-013
6379 4.1682E-013
6383 4.1830E-013
6388 4.1804E-013
6393 4.1505E-013
6398 4.1329E-013
6403 4.1124E-013
6408 4.0989E-013
6413 4.0848E-013
6418 4.1009E-013
6423 4.1000E-013
6427 4.0817E-013
6432 4.0597E-013
6437 4.0553E-013
6442 4.0177E-013
6447 4.0148E-013
6452 4.0181E-013
6457 3.9850E-013
6462 3.9761E-013
6466 4.0133E-013
6471 3.9814E-013
6476 3.9705E-013
6481 3.9578E-013
6486 3.9740E-013
6491 3.9337E-013
6496 3.9292E-013
6501 3.8940E-013
6505 3.8900E-013
6510 3.8841E-013
6515 3.8486E-013
6520 3.7971E-013
6525 3.7454E-013
6530 3.7181E-013
6535 3.6585E-013
6540 3.5547E-013
6545 3.3982E-013
6549 3.2371E-013
6554 2.9478E-013
6559 2.6919E-013
6564 2.6001E-013
6569 2.6801E-013
6574 2.9717E-013
6579 3.2183E-013
6584 3.3765E-013
6588 3.4850E-013
6593 3.5386E-013
6598 3.6355E-013
6603 3.6369E-013
6608 3.6659E-013
6613 3.6805E-013
6618 3.6867E-013
6623 3.7234E-013
6628 3.7121E-013
6632 3.6953E-013
6637 3.7298E-013
6642 3.7104E-013
6647 3.7246E-013
6652 3.7075E-013
6657 3.6905E-013
6662 3.7100E-013
6667 3.7014E-013
6671 3.7062E-013
6676 3.6525E-013
6681 3.7013E-013
6686 3.7209E-013
6691 3.6748E-013
6696 3.6912E-013
6701 3.6625E-013
6706 3.6385E-013
6710 3.6550E-013
6715 3.6560E-013
6720 3.6386E-013
6725 3.6078E-013
6730 3.6110E-013
6735 3.6217E-013
6740 3.6173E-013
6745 3.5782E-013
6750 3.5841E-013
6754 3.5830E-013
6759 3.5771E-013
6764 3.5618E-013
6769 3.5619E-013
6774 3.5650E-013
6779 3.5787E-013
6784 3.5275E-013
6789 3.5580E-013
6793 3.5208E-013
6798 3.5282E-013
6803 3.5149E-013
6808 3.5373E-013
6813 3.5117E-013
6818 3.4960E-013
6823 3.4881E-013
6828 3.4843E-013
6833 3.5033E-013
6837 3.4609E-013
6842 3.4485E-013
6847 3.4388E-013
6852 3.4154E-013
6857 3.4312E-013
6862 3.4314E-013
6867 3.4318E-013
6872 3.4318E-013
6876 3.4079E-013
6881 3.4081E-013
6886 3.4085E-013
6891 3.3883E-013
6896 3.3865E-013
6901 3.3781E-013
6906 3.3743E-013
6911 3.3714E-013
6916 3.3790E-013
6920 3.3621E-013
6925 3.3628E-013
6930 3.3380E-013
6935 3.3505E-013
6940 3.3420E-013
6945 3.3427E-013
6950 3.3077E-013
6955 3.3103E-013
6959 3.3072E-013
6964 3.3115E-013
6969 3.3032E-013
6974 3.2741E-013
6979 3.2811E-013
6984 3.2626E-013
6989 3.2670E-013
6994 3.2737E-013
6999 3.2288E-013
7003 3.2011E-013
7008 3.2222E-013
7013 3.2483E-013
7018 3.2136E-013
7023 3.2231E-013
7028 3.2206E-013
7033 3.2016E-013
7038 3.1911E-013
7042 3.2068E-013
7047 3.1883E-013
7052 3.1791E-013
7057 3.1860E-013
7062 3.1691E-013
7067 3.1766E-013
7072 3.1366E-013
7077 3.1379E-013
7082 3.1631E-013
7086 3.1310E-013
7091 3.1253E-013
7096 3.1239E-013
7101 3.1013E-013
7106 3.1136E-013
7111 3.0915E-013
7116 3.0798E-013
7121 3.0804E-013
7126 3.0930E-013
7130 3.0849E-013
7135 3.0781E-013
7140 3.0884E-013
7145 3.0748E-013
7150 3.0574E-013
7155 3.0705E-013
7160 3.0613E-013
7165 3.0609E-013
7169 3.0451E-013
7174 3.0342E-013
7179 3.0355E-013
7184 3.0273E-013
7189 3.0037E-013
7194 3.0029E-013
7199 2.9790E-013
7204 3.0056E-013
7209 3.0064E-013
7213 3.0258E-013
7218 2.9918E-013
7223 2.9841E-013
7228 2.9728E-013
7233 2.9873E-013
7238 2.9534E-013
7243 2.9313E-013
7248 2.9376E-013
7252 2.9576E-013
7257 2.9590E-013
7262 2.9362E-013
7267 2.9546E-013
7272 2.9342E-013
7277 2.9353E-013
7282 2.9031E-013
7287 2.9083E-013
7292 2.8996E-013
7296 2.8846E-013
7301 2.8814E-013
7306 2.8770E-013
7311 2.8735E-013
7316 2.8772E-013
7321 2.8763E-013
7326 2.8671E-013
7331 2.8612E-013
7336 2.8562E-013
7340 2.8519E-013
7345 2.8495E-013
7350 2.8400E-013
7355 2.8274E-013
7360 2.8467E-013
7365 2.8213E-013
7370 2.8234E-013
7375 2.8187E-013
7379 2.8221E-013
7384 2.7899E-013
7389 2.7796E-013
7394 2.7895E-013
7399 2.8059E-013
7404 2.7711E-013
7409 2.7669E-013
7414 2.7674E-013
7419 2.7832E-013
7423 2.7416E-013
7428 2.7529E-013
7433 2.7248E-013
7438 2.7177E-013
7443 2.7267E-013
7448 2.7428E-013
7453 2.7272E-013
7458 2.7118E-013
7463 2.7212E-013
7467 2.6856E-013
7472 2.7027E-013
7477 2.6876E-013
7482 2.7075E-013
7487 2.6837E-013
7492 2.6832E-013
7497 2.6803E-013
7502 2.6825E-013
7506 2.6808E-013
7511 2.6678E-013
7516 2.6582E-013
7521 2.6451E-013
7526 2.6422E-013
7531 2.6468E-013
7536 2.6314E-013
7541 2.6329E-013
7546 2.6509E-013
7550 2.6198E-013
7555 2.6328E-013
7560 2.6152E-013
7565 2.6237E-013
7570 2.6114E-013
7575 2.6026E-013
7580 2.5995E-013
7585 2.5876E-013
7589 2.6003E-013
7594 2.5762E-013
7599 2.5807E-013
7604 2.5645E-013
7609 2.5636E-013
7614 2.5664E-013
7619 2.5591E-013
7624 2.5424E-013
7629 2.5498E-013
7633 2.5677E-013
7638 2.5557E-013
7643 2.5530E-013
7648 2.5509E-013
7653 2.5375E-013
7658 2.5416E-013
7663 2.5103E-013
7668 2.5069E-013
7673 2.5243E-013
7677 2.5085E-013
7682 2.4903E-013
7687 2.5012E-013
7692 2.4922E-013
7697 2.5013E-013
7702 2.4921E-013
7707 2.4842E-013
7712 2.4917E-013
7716 2.4982E-013
7721 2.4894E-013
7726 2.4682E-013
7731 2.4730E-013
7736 2.4609E-013
7741 2.4624E-013
7746 2.4472E-013
7751 2.4565E-013
7756 2.4397E-013
7760 2.4373E-013
7765 2.4258E-013
7770 2.3713E-013
7775 2.3089E-013
7780 2.3262E-013
7785 2.3609E-013
7790 2.4044E-013
7795 2.4067E-013
7800 2.4025E-013
7804 2.4046E-013
7809 2.4213E-013
7814 2.3851E-013
7819 2.3993E-013
7824 2.3924E-013
7829 2.3967E-013
7834 2.3584E-013
7839 2.3700E-013
7844 2.3609E-013
7848 2.3321E-013
7853 2.3626E-013
7858 2.3365E-013
7863 2.3680E-013
7868 2.3603E-013
7873 2.3386E-013
7878 2.3260E-013
7883 2.3345E-013
7887 2.3164E-013
7892 2.3185E-013
7897 2.3081E-013
7902 2.3260E-013
7907 2.3153E-013
7912 2.3097E-013
7917 2.3064E-013
7922 2.2989E-013
7927 2.2935E-013
7931 2.2942E-013
7936 2.3028E-013
7941 2.2927E-013
7946 2.2689E-013
7951 2.2926E-013
7956 2.2644E-013
7961 2.2716E-013
7966 2.2704E-013
7971 2.2419E-013
7975 2.2739E-013
7980 2.2527E-013
7985 2.2718E-013
7990 2.2378E-013
7995 2.2510E-013
8000 2.2590E-013
8005 2.2317E-013
8010 2.2406E-013
8014 2.2343E-013
8019 2.2393E-013
8024 2.2172E-013
8029 2.2408E-013
8034 2.2063E-013
8039 2.1998E-013
8044 2.2138E-013
8049 2.2142E-013
8054 2.2033E-013
8058 2.1876E-013
8063 2.1960E-013
8068 2.1781E-013
8073 2.1534E-013
8078 2.1615E-013
8083 2.1328E-013
8088 2.1555E-013
8093 2.1545E-013
8098 2.1613E-013
8102 2.1555E-013
8107 2.1426E-013
8112 2.1631E-013
8117 2.1488E-013
8122 2.1542E-013
8127 2.1441E-013
8132 2.1431E-013
8137 2.1095E-013
8141 2.1198E-013
8146 2.0991E-013
8151 2.1000E-013
8156 2.1315E-013
8161 2.1245E-013
8166 2.1236E-013
8171 2.1018E-013
8176 2.1023E-013
8181 2.0858E-013
8185 2.0512E-013
8190 2.0739E-013
8195 2.0701E-013
8200 2.0676E-013
8205 2.0599E-013
8210 2.0458E-013
8215 2.0603E-013
8220 2.0566E-013
8225 2.0534E-013
8229 2.0554E-013
8234 2.0578E-013
8239 2.0416E-013
8244 2.0470E-013
8249 2.0468E-013
8254 2.0359E-013
8259 2.0330E-013
8264 2.0452E-013
8268 2.0347E-013
8273 2.0333E-013
8278 2.0284E-013
8283 2.0304E-013
8288 2.0005E-013
8293 2.0048E-013
8298 2.0280E-013
8303 2.0161E-013
8308 2.0156E-013
8312 2.0122E-013
8317 1.9903E-013
8322 2.0056E-013
8327 1.9966E-013
8332 1.9743E-013
8337 1.9591E-013
8342 1.9704E-013
8347 1.9735E-013
8351 1.9823E-013
8356 1.9719E-013
8361 1.9769E-013
8366 1.9669E-013
8371 1.9512E-013
8376 1.9634E-013
8381 1.9821E-013
8386 1.9572E-013
8391 1.9435E-013
8395 1.9334E-013
8400 1.9600E-013
8405 1.9456E-013
8410 1.9325E-013
8415 1.9198E-013
8420 1.9334E-013
8425 1.9404E-013
8430 1.9308E-013
8435 1.9021E-013
8439 1.8947E-013
8444 1.8715E-013
8449 1.8575E-013
8454 1.8998E-013
8459 1.8968E-013
8464 1.8842E-013
8469 1.8908E-013
8474 1.9006E-013
8478 1.8973E-013
8483 1.8981E-013
8488 1.8917E-013
8493 1.8687E-013
8498 1.8566E-013
8503 1.8108E-013
8508 1.8302E-013
8513 1.8795E-013
8518 1.8874E-013
8522 1.8918E-013
8527 1.8828E-013
8532 1.8896E-013
8537 1.8448E-013
8542 1.7704E-013
8547 1.7259E-013
8552 1.7967E-013
8557 1.8229E-013
8562 1.8622E-013
8566 1.8941E-013
8571 1.9089E-013
8576 1.8905E-013
8581 1.8957E-013
8586 1.8400E-013
8591 1.7947E-013
8596 1.7624E-013
8601 1.7410E-013
8605 1.7496E-013
8610 1.8241E-013
8615 1.8357E-013
8620 1.8857E-013
8625 1.9133E-013
8630 1.9096E-013
8635 1.8897E-013
8640 1.8726E-013
8645 1.8525E-013
8649 1.7985E-013
8654 1.7504E-013
8659 1.7014E-013
8664 1.6303E-013
8669 1.6014E-013
8674 1.6962E-013
8679 1.7200E-013
8684 1.7860E-013
8688 1.8463E-013
8693 1.8694E-013
8698 1.9067E-013
8703 1.9008E-013
8708 1.9091E-013
8713 1.8963E-013
8718 1.9158E-013
8723 1.8634E-013
8728 1.8391E-013
8732 1.8138E-013
8737 1.7495E-013
8742 1.6607E-013
8747 1.5794E-013
8752 1.5335E-013
8757 1.5928E-013
8762 1.6633E-013
8767 1.7551E-013
8771 1.7915E-013
8776 1.8189E-013
8781 1.8684E-013
8786 1.8730E-013
8791 1.8900E-013
8796 1.8981E-013
8801 1.8853E-013
8806 1.9104E-013
8811 1.9182E-013
8815 1.8803E-013
8820 1.8884E-013
8825 1.8530E-013
8830 1.8468E-013
8835 1.8061E-013
8840 1.7945E-013
8845 1.7390E-013
8850 1.6536E-013
8854 1.5812E-013
8859 1.4931E-013
8864 1.4470E-013
8869 1.5007E-013
8874 1.5772E-013
8879 1.6484E-013
8884 1.6918E-013
8889 1.7525E-013
8894 1.8018E-013
8898 1.8001E-013
8903 1.8273E-013
8908 1.8344E-013
8913 1.8311E-013
8918 1.8496E-013
8923 1.8550E-013
8928 1.8539E-013
8933 1.8416E-013
8937 1.8522E-013
8942 1.8398E-013
8947 1.8619E-013
8952 1.8569E-013
8957 1.8679E-013
8962 1.8377E-013
8967 1.8324E-013
8972 1.7993E-013
8977 1.8018E-013
8981 1.7899E-013
8986 1.7430E-013
8991 1.7084E-013
8996 1.6260E-013
9001 1.5723E-013
9006 1.4847E-013
9011 1.4094E-013
9016 1.3794E-013
9020 1.4221E-013
9025 1.4879E-013
9030 1.5406E-013
9035 1.6292E-013
9040 1.6702E-013
9045 1.6800E-013
9050 1.7233E-013
9055 1.7142E-013
9060 1.7213E-013
9064 1.7228E-013
9069 1.7245E-013
9074 1.7734E-013
9079 1.7738E-013
9084 1.7439E-013
9089 1.7158E-013
9094 1.7196E-013
9099 1.7288E-013
9103 1.7716E-013
9108 1.7689E-013
9113 1.7442E-013
9118 1.7607E-013
9123 1.7391E-013
9128 1.7746E-013
9133 1.7840E-013
9138 1.7794E-013
9142 1.7952E-013
9147 1.8127E-013
9152 1.7990E-013
9157 1.7818E-013
9162 1.7857E-013
9167 1.7487E-013
9172 1.7011E-013
9177 1.6757E-013
9182 1.6656E-013
9186 1.7028E-013
9191 1.6799E-013
9196 1.6617E-013
9201 1.6051E-013
9206 1.5732E-013
9211 1.5140E-013
9216 1.4407E-013
9221 1.3925E-013
9225 1.3521E-013
9230 1.2910E-013
9235 1.3075E-013
9240 1.3625E-013
9245 1.4030E-013
9250 1.4803E-013
9255 1.5197E-013
9260 1.5419E-013
9265 1.5333E-013
9269 1.5644E-013
9274 1.6173E-013
9279 1.6356E-013
9284 1.6460E-013
9289 1.6907E-013
9294 1.7023E-013
9299 1.7002E-013
9304 1.7024E-013
9308 1.6931E-013
9313 1.6693E-013
9318 1.6435E-013
9323 1.6602E-013
9328 1.6732E-013
9333 1.6509E-013
9338 1.6524E-013
9343 1.6399E-013
9347 1.6315E-013
9352 1.6341E-013
9357 1.6600E-013
9362 1.6579E-013
9367 1.6415E-013
9372 1.6572E-013
9377 1.6428E-013
9382 1.6373E-013
9386 1.6446E-013
9391 1.6454E-013
9396 1.6512E-013
9401 1.6307E-013
9406 1.5942E-013
9411 1.5991E-013
9416 1.5721E-013
9421 1.5785E-013
9426 1.5930E-013
9430 1.5986E-013
9435 1.6047E-013
9440 1.5949E-013
9445 1.5887E-013
9450 1.5811E-013
9455 1.5823E-013
9460 1.5879E-013
9465 1.5963E-013
9469 1.6114E-013
9474 1.6119E-013
9479 1.6000E-013
9484 1.5600E-013
9489 1.5602E-013
9494 1.5375E-013
9499 1.5322E-013
9504 1.5291E-013
9508 1.5100E-013
9513 1.4643E-013
9518 1.4419E-013
9523 1.3739E-013
9528 1.3598E-013
9533 1.3101E-013
9538 1.2487E-013
9543 1.1933E-013
9547 1.1641E-013
9552 1.1929E-013
9557 1.2249E-013
9562 1.3011E-013
9567 1.3340E-013
9572 1.3858E-013
9577 1.4017E-013
9582 1.4185E-013
9587 1.4228E-013
9591 1.4604E-013
9596 1.4589E-013
9601 1.4572E-013
9606 1.4649E-013
9611 1.4598E-013
9616 1.5038E-013
9621 1.4841E-013
9626 1.4904E-013
9630 1.4991E-013
9635 1.4943E-013
9640 1.4755E-013
9645 1.4882E-013
9650 1.4903E-013
9655 1.4547E-013
9660 1.4734E-013
9665 1.4802E-013
9669 1.4696E-013
9674 1.4780E-013
9679 1.4739E-013
9684 1.4648E-013
9689 1.5103E-013
9694 1.5176E-013
9699 1.5080E-013
9704 1.4907E-013
9708 1.5049E-013
9713 1.4711E-013
9718 1.4467E-013
9723 1.4456E-013
9728 1.4738E-013
9733 1.4519E-013
9738 1.4578E-013
9743 1.4562E-013
9747 1.4417E-013
9752 1.4956E-013
9757 1.4664E-013
9762 1.4626E-013
9767 1.4642E-013
9772 1.4442E-013
9777 1.4701E-013
9782 1.4504E-013
9786 1.4620E-013
9791 1.4676E-013
9796 1.4527E-013
9801 1.4509E-013
9806 1.4268E-013
9811 1.4141E-013
9816 1.4111E-013
9821 1.4154E-013
9825 1.4102E-013
9830 1.3836E-013
9835 1.3627E-013
9840 1.3807E-013
9845 1.3890E-013
9850 1.4061E-013
9855 1.3907E-013
9860 1.4172E-013
9864 1.4099E-013
9869 1.3889E-013
9874 1.4071E-013
9879 1.4175E-013
9884 1.4214E-013
9889 1.3995E-013
9894 1.3950E-013
9899 1.3776E-013
9903 1.3577E-013
9908 1.3922E-013
9913 1.3804E-013
9918 1.3701E-013
9923 1.3696E-013
9928 1.3461E-013
9933 1.3609E-013
9938 1.3110E-013
9942 1.3680E-013
9947 1.3423E-013
9952 1.3357E-013
9957 1.3253E-013
9962 1.3695E-013
9967 1.3520E-013
9972 1.3329E-013
9977 1.3194E-013
9981 1.3381E-013
9986 1.3200E-013
9991 1.2907E-013
9996 1.3404E-013
1E+004 1.3110E-013
1.001E+004 1.3342E-013
1.001E+004 1.2779E-013
1.002E+004 1.3034E-013
1.002E+004 1.2437E-013
1.003E+004 1.2371E-013
1.003E+004 1.1897E-013
1.004E+004 1.1717E-013
1.004E+004 1.1174E-013
1.004E+004 1.0732E-013
1.005E+004 1.0201E-013
1.005E+004 1.0199E-013
1.006E+004 1.0637E-013
1.006E+004 1.1070E-013
1.007E+004 1.1411E-013
1.007E+004 1.1724E-013
1.008E+004 1.1710E-013
1.008E+004 1.1872E-013
1.009E+004 1.2174E-013
1.009E+004 1.2466E-013
1.01E+004 1.2292E-013
1.01E+004 1.2242E-013
1.011E+004 1.2147E-013
1.011E+004 1.2297E-013
1.012E+004 1.2530E-013
1.013E+004 1.2713E-013
1.018E+004 1.2711E-013
1.023E+004 1.2567E-013
1.028E+004 1.2394E-013
1.033E+004 1.2194E-013
1.038E+004 1.2011E-013
1.043E+004 1.1829E-013
1.048E+004 1.1593E-013
1.053E+004 1.1453E-013
1.058E+004 1.1285E-013
1.063E+004 1.1114E-013
1.068E+004 1.0817E-013
1.073E+004 1.0731E-013
1.078E+004 1.0579E-013
1.083E+004 1.0376E-013
1.088E+004 1.0040E-013
1.093E+004 8.4039E-014
1.098E+004 9.1837E-014
1.103E+004 9.7334E-014
1.108E+004 9.6956E-014
1.113E+004 9.5777E-014
1.118E+004 9.4557E-014
1.123E+004 9.3258E-014
1.128E+004 9.1200E-014
1.133E+004 8.9876E-014
1.138E+004 8.9136E-014
1.143E+004 8.7744E-014
1.148E+004 8.6792E-014
1.153E+004 8.5595E-014
1.158E+004 8.4372E-014
1.163E+004 8.2791E-014
1.168E+004 8.1283E-014
1.173E+004 8.0898E-014
1.178E+004 7.8874E-014
1.183E+004 7.8255E-014
1.188E+004 7.7018E-014
1.193E+004 7.6543E-014
1.198E+004 7.5105E-014
1.203E+004 7.4348E-014
1.208E+004 7.3222E-014
1.213E+004 7.2291E-014
1.218E+004 7.1432E-014
1.223E+004 7.0438E-014
1.228E+004 6.9412E-014
1.233E+004 6.8521E-014
1.238E+004 6.7653E-014
1.243E+004 6.6802E-014
1.248E+004 6.5845E-014
1.253E+004 6.4981E-014
1.258E+004 6.3923E-014
1.263E+004 6.3043E-014
1.268E+004 6.2211E-014
1.273E+004 6.0952E-014
1.278E+004 5.7857E-014
1.283E+004 4.9261E-014
1.288E+004 5.6996E-014
1.293E+004 5.7947E-014
1.298E+004 5.7557E-014
1.303E+004 5.6985E-014
1.308E+004 5.6334E-014
1.313E+004 5.5593E-014
1.318E+004 5.4813E-014
1.323E+004 5.4210E-014
1.328E+004 5.3522E-014
1.333E+004 5.2855E-014
1.338E+004 5.2186E-014
1.343E+004 5.1532E-014
1.348E+004 5.0882E-014
1.353E+004 5.0196E-014
1.358E+004 4.9579E-014
1.363E+004 4.9004E-014
1.368E+004 4.8380E-014
1.373E+004 4.7606E-014
1.378E+004 4.7173E-014
1.383E+004 4.6604E-014
1.388E+004 4.6081E-014
1.393E+004 4.5460E-014
1.398E+004 4.4943E-014
1.403E+004 4.4402E-014
1.408E+004 4.3878E-014
1.413E+004 4.3332E-014
1.418E+004 4.2819E-014
1.423E+004 4.2294E-014
1.428E+004 4.1779E-014
1.433E+004 4.1300E-014
1.438E+004 4.0818E-014
1.443E+004 3.9948E-014
1.448E+004 3.9845E-014
1.453E+004 3.9193E-014
1.457E+004 3.8949E-014
1.462E+004 3.8459E-014
1.468E+004 3.8041E-014
1.473E+004 3.7587E-014
1.478E+004 3.7085E-014
1.483E+004 3.6715E-014
1.488E+004 3.6203E-014
1.493E+004 3.5955E-014
1.498E+004 3.5522E-014
1.503E+004 3.5024E-014
1.508E+004 3.4671E-014
1.513E+004 3.4330E-014
1.518E+004 3.3929E-014
1.523E+004 3.3551E-014
1.528E+004 3.3107E-014
1.533E+004 3.2702E-014
1.538E+004 3.2408E-014
1.543E+004 3.1775E-014
1.548E+004 3.1647E-014
1.553E+004 3.1278E-014
1.558E+004 3.0438E-014
1.563E+004 3.0892E-014
1.568E+004 2.9931E-014
1.573E+004 2.9151E-014
1.578E+004 2.9937E-014
1.583E+004 2.9565E-014
1.588E+004 2.7206E-014
1.593E+004 2.8495E-014
1.598E+004 2.8948E-014
1.605E+004 2.7941E-014
1.615E+004 2.6262E-014
1.625E+004 2.7580E-014
1.635E+004 2.6053E-014
1.645E+004 2.4355E-014
1.655E+004 2.5973E-014
1.665E+004 2.5473E-014
1.675E+004 2.3799E-014
1.685E+004 2.2195E-014
1.695E+004 2.3846E-014
1.705E+004 2.3455E-014
1.715E+004 2.2970E-014
1.725E+004 2.2204E-014
1.735E+004 1.9449E-014
1.745E+004 2.0952E-014
1.755E+004 2.1049E-014
1.765E+004 2.0685E-014
1.775E+004 2.0305E-014
1.785E+004 1.9881E-014
1.795E+004 1.9459E-014
1.805E+004 1.8872E-014
1.815E+004 1.6703E-014
1.825E+004 1.7604E-014
1.835E+004 1.7878E-014
1.845E+004 1.7580E-014
1.855E+004 1.7198E-014
1.865E+004 1.6668E-014
1.875E+004 1.4688E-014
1.885E+004 1.5937E-014
1.895E+004 1.5873E-014
1.905E+004 1.5655E-014
1.915E+004 1.5357E-014
1.925E+004 1.5019E-014
1.935E+004 1.4510E-014
1.945E+004 1.2834E-014
1.955E+004 1.3968E-014
1.965E+004 1.3927E-014
1.975E+004 1.3703E-014
1.985E+004 1.3465E-014
1.995E+004 1.3217E-014
2.005E+004 1.2976E-014
2.015E+004 1.2740E-014
2.025E+004 1.2506E-014
2.035E+004 1.2277E-014
2.045E+004 1.2061E-014
2.055E+004 1.1844E-014
2.065E+004 1.1626E-014
2.075E+004 1.1423E-014
2.085E+004 1.1222E-014
2.095E+004 1.1022E-014
2.105E+004 1.0828E-014
2.115E+004 1.0628E-014
2.125E+004 1.0441E-014
2.135E+004 1.0263E-014
2.145E+004 1.0062E-014
2.155E+004 9.7679E-015
2.165E+004 8.7066E-015
2.175E+004 9.3498E-015
2.185E+004 9.3815E-015
2.195E+004 9.2636E-015
2.205E+004 9.1069E-015
2.215E+004 8.9495E-015
2.225E+004 8.8114E-015
2.235E+004 8.6651E-015
2.245E+004 8.5220E-015
2.255E+004 8.3745E-015
2.265E+004 8.2431E-015
2.275E+004 8.1085E-015
2.285E+004 7.9787E-015
2.295E+004 7.8489E-015
2.305E+004 7.7269E-015
2.315E+004 7.6032E-015
2.325E+004 7.4839E-015
2.335E+004 7.3651E-015
2.345E+004 7.2499E-015
2.355E+004 7.1363E-015
2.365E+004 7.0250E-015
2.375E+004 6.9148E-015
2.385E+004 6.8069E-015
2.395E+004 6.7016E-015
2.405E+004 6.5967E-015
2.415E+004 6.4940E-015
2.425E+004 6.3958E-015
2.435E+004 6.2949E-015
2.445E+004 6.1957E-015
2.455E+004 6.1053E-015
2.465E+004 6.0050E-015
2.475E+004 5.9147E-015
2.485E+004 5.8368E-015
2.495E+004 5.7039E-015
2.505E+004 5.6700E-015
2.515E+004 5.5865E-015
2.525E+004 5.4223E-015
2.535E+004 5.4151E-015
2.545E+004 5.3590E-015
2.555E+004 5.2509E-015
2.565E+004 5.0534E-015
2.575E+004 5.1086E-015
2.585E+004 5.0565E-015
2.595E+004 4.9814E-015
2.605E+004 4.8337E-015
2.615E+004 4.5934E-015
2.625E+004 4.3000E-015
2.635E+004 4.6037E-015
2.645E+004 4.6348E-015
2.655E+004 4.5786E-015
2.665E+004 4.4654E-015
2.675E+004 4.1648E-015
2.685E+004 4.3424E-015
2.695E+004 4.3404E-015
2.705E+004 4.2901E-015
2.715E+004 4.2345E-015
2.725E+004 4.1755E-015
2.735E+004 4.1115E-015
2.745E+004 4.0211E-015
2.755E+004 3.7193E-015
2.765E+004 3.8044E-015
2.775E+004 3.8773E-015
2.785E+004 3.8445E-015
2.795E+004 3.8020E-015
2.805E+004 3.7506E-015
2.815E+004 3.7001E-015
2.825E+004 3.6506E-015
2.835E+004 3.6021E-015
2.845E+004 3.5451E-015
2.855E+004 3.4830E-015
2.865E+004 3.3495E-015
2.875E+004 3.1221E-015
2.885E+004 3.3172E-015
2.895E+004 3.3116E-015
2.905E+004 3.2808E-015
2.915E+004 3.2380E-015
2.925E+004 3.1977E-015
2.935E+004 3.1570E-015
2.945E+004 3.1162E-015
2.955E+004 3.0763E-015
2.965E+004 3.0370E-015
2.975E+004 2.9982E-015
2.985E+004 2.9602E-015
2.995E+004 2.9223E-015
3.005E+004 2.8843E-015
3.015E+004 2.8391E-015
3.025E+004 2.7813E-015
3.035E+004 2.5788E-015
3.045E+004 2.6051E-015
3.055E+004 2.6852E-015
3.065E+004 2.6684E-015
3.075E+004 2.6425E-015
3.085E+004 2.6088E-015
3.095E+004 2.5778E-015
3.105E+004 2.5460E-015
3.115E+004 2.5137E-015
3.125E+004 2.4840E-015
3.135E+004 2.4542E-015
3.145E+004 2.4240E-015
3.155E+004 2.3957E-015
3.165E+004 2.3674E-015
3.175E+004 2.3382E-015
3.185E+004 2.3110E-015
3.195E+004 2.2834E-015
3.21E+004 2.2427E-015
3.23E+004 2.1903E-015
3.25E+004 2.1391E-015
3.27E+004 2.0823E-015
3.29E+004 1.9235E-015
3.31E+004 1.9521E-015
3.33E+004 1.9404E-015
3.35E+004 1.8995E-015
3.37E+004 1.8560E-015
3.39E+004 1.8154E-015
3.41E+004 1.7755E-015
3.43E+004 1.7368E-015
3.45E+004 1.6992E-015
3.47E+004 1.6620E-015
3.49E+004 1.6260E-015
3.51E+004 1.5909E-015
3.53E+004 1.5566E-015
3.55E+004 1.5233E-015
3.57E+004 1.4905E-015
3.59E+004 1.4595E-015
3.61E+004 1.4278E-015
3.63E+004 1.3989E-015
3.65E+004 1.3680E-015
3.67E+004 1.3416E-015
3.69E+004 1.3091E-015
3.71E+004 1.2839E-015
3.73E+004 1.2235E-015
3.75E+004 1.1843E-015
3.77E+004 1.2077E-015
3.79E+004 1.1866E-015
3.81E+004 1.1560E-015
3.83E+004 1.1343E-015
3.85E+004 1.1185E-015
3.87E+004 1.0963E-015
3.89E+004 1.0717E-015
3.91E+004 1.0370E-015
3.93E+004 1.0326E-015
3.95E+004 1.0146E-015
3.97E+004 9.9532E-016
3.99E+004 9.7466E-016
4.01E+004 9.4361E-016
4.03E+004 9.1990E-016
4.05E+004 8.7628E-016
4.07E+004 8.9912E-016
4.09E+004 8.8726E-016
4.11E+004 8.7299E-016
4.13E+004 8.5576E-016
4.15E+004 8.3547E-016
4.17E+004 7.9284E-016
4.19E+004 8.0410E-016
4.21E+004 7.9466E-016
4.23E+004 7.8116E-016
4.25E+004 7.6703E-016
4.27E+004 7.5325E-016
4.29E+004 7.3975E-016
4.31E+004 7.2653E-016
4.33E+004 7.1355E-016
4.35E+004 6.9806E-016
4.37E+004 6.6087E-016
4.39E+004 6.6484E-016
4.41E+004 6.6348E-016
4.43E+004 6.5312E-016
4.45E+004 6.4183E-016
4.47E+004 6.3160E-016
4.49E+004 6.1979E-016
4.51E+004 6.0927E-016
4.53E+004 5.9890E-016
4.55E+004 5.8873E-016
4.57E+004 5.7867E-016
4.59E+004 5.6871E-016
4.61E+004 5.5875E-016
4.63E+004 5.4684E-016
4.65E+004 5.1180E-016
4.67E+004 5.0422E-016
4.69E+004 5.1728E-016
4.71E+004 5.1379E-016
4.73E+004 5.0619E-016
4.75E+004 4.9814E-016
4.77E+004 4.9021E-016
4.79E+004 4.8242E-016
4.81E+004 4.7470E-016
4.83E+004 4.6713E-016
4.85E+004 4.5970E-016
4.87E+004 4.5242E-016
4.89E+004 4.4528E-016
4.91E+004 4.3825E-016
4.93E+004 4.3138E-016
4.95E+004 4.2467E-016
4.97E+004 4.1798E-016
4.99E+004 4.1157E-016
5.01E+004 4.0518E-016
5.03E+004 3.9879E-016
5.05E+004 3.9282E-016
5.07E+004 3.8667E-016
5.09E+004 3.8003E-016
5.11E+004 3.7142E-016
5.13E+004 3.5071E-016
5.15E+004 3.6126E-016
5.17E+004 3.5754E-016
5.19E+004 3.5303E-016
5.21E+004 3.4805E-016
5.23E+004 3.4290E-016
5.25E+004 3.3741E-016
5.27E+004 3.3209E-016
5.29E+004 3.2798E-016
5.31E+004 3.2371E-016
5.33E+004 3.1913E-016
5.35E+004 3.1390E-016
5.37E+004 3.0839E-016
5.39E+004 3.0399E-016
5.41E+004 3.0068E-016
5.43E+004 2.9688E-016
5.45E+004 2.9268E-016
5.47E+004 2.8852E-016
5.49E+004 2.8409E-016
5.51E+004 2.7903E-016
5.53E+004 2.7387E-016
5.55E+004 2.7185E-016
5.57E+004 2.6881E-016
5.59E+004 2.6505E-016
5.61E+004 2.6143E-016
5.63E+004 2.5782E-016
5.65E+004 2.5429E-016
5.67E+004 2.5065E-016
5.69E+004 2.4632E-016
5.71E+004 2.4024E-016
5.73E+004 2.3941E-016
5.75E+004 2.3724E-016
5.77E+004 2.3424E-016
5.79E+004 2.3107E-016
5.81E+004 2.2800E-016
5.83E+004 2.2480E-016
5.85E+004 2.2164E-016
5.87E+004 2.1839E-016
5.89E+004 2.1353E-016
5.91E+004 2.0212E-016
5.93E+004 2.0826E-016
5.95E+004 2.0323E-016
5.97E+004 2.0254E-016
5.99E+004 2.0181E-016
6.01E+004 1.9950E-016
6.03E+004 1.9703E-016
6.05E+004 1.9453E-016
6.07E+004 1.9206E-016
6.09E+004 1.8964E-016
6.11E+004 1.8724E-016
6.13E+004 1.8509E-016
6.15E+004 1.8277E-016
6.17E+004 1.8045E-016
6.19E+004 1.7810E-016
6.21E+004 1.7571E-016
6.23E+004 1.7341E-016
6.25E+004 1.7108E-016
6.27E+004 1.6805E-016
6.29E+004 1.6155E-016
6.31E+004 1.6344E-016
6.33E+004 1.6270E-016
6.35E+004 1.6093E-016
6.37E+004 1.5922E-016
6.39E+004 1.5737E-016
6.42E+004 1.5452E-016
6.46E+004 1.5080E-016
6.5E+004 1.4719E-016
6.54E+004 1.4371E-016
6.58E+004 1.4030E-016
6.62E+004 1.3700E-016
6.66E+004 1.3380E-016
6.7E+004 1.3056E-016
6.74E+004 1.2685E-016
6.78E+004 1.2141E-016
6.82E+004 1.2151E-016
6.86E+004 1.1910E-016
6.9E+004 1.1643E-016
6.94E+004 1.1374E-016
6.98E+004 1.1128E-016
7.02E+004 1.0882E-016
7.06E+004 1.0640E-016
7.1E+004 1.0393E-016
7.14E+004 1.0181E-016
7.18E+004 9.9604E-017
7.22E+004 9.7432E-017
7.26E+004 9.5136E-017
7.3E+004 9.3238E-017
7.34E+004 9.1339E-017
7.38E+004 8.9306E-017
7.42E+004 8.7104E-017
7.46E+004 8.2736E-017
7.5E+004 8.0108E-017
7.54E+004 8.1428E-017
7.58E+004 8.0270E-017
7.62E+004 7.8780E-017
7.66E+004 7.7238E-017
7.7E+004 7.5674E-017
7.74E+004 7.3999E-017
7.78E+004 7.2165E-017
7.82E+004 7.1067E-017
7.86E+004 6.9801E-017
7.9E+004 6.8422E-017
7.94E+004 6.7076E-017
7.98E+004 6.5754E-017
8.02E+004 6.4466E-017
8.06E+004 6.3209E-017
8.1E+004 6.1930E-017
8.14E+004 6.0264E-017
8.18E+004 5.9315E-017
8.22E+004 5.8468E-017
8.26E+004 5.7366E-017
8.3E+004 5.6278E-017
8.34E+004 5.5210E-017
8.38E+004 5.4170E-017
8.42E+004 5.3158E-017
8.46E+004 5.2171E-017
8.5E+004 5.1202E-017
8.54E+004 5.0253E-017
8.58E+004 4.9324E-017
8.62E+004 4.8302E-017
8.66E+004 4.6776E-017
8.7E+004 4.6436E-017
8.74E+004 4.4938E-017
8.78E+004 4.4134E-017
8.82E+004 4.4133E-017
8.86E+004 4.3393E-017
8.9E+004 4.2621E-017
8.94E+004 4.1866E-017
8.98E+004 4.1123E-017
9.02E+004 4.0400E-017
9.06E+004 3.9690E-017
9.1E+004 3.8995E-017
9.14E+004 3.8313E-017
9.18E+004 3.7649E-017
9.22E+004 3.6996E-017
9.26E+004 3.6325E-017
9.3E+004 3.5720E-017
9.34E+004 3.5025E-017
9.38E+004 3.3817E-017
9.42E+004 3.3666E-017
9.46E+004 3.3333E-017
9.5E+004 3.2783E-017
9.54E+004 3.2240E-017
9.58E+004 3.1744E-017
9.62E+004 3.1222E-017
9.66E+004 3.0711E-017
9.7E+004 3.0210E-017
9.74E+004 2.9721E-017
9.78E+004 2.9242E-017
9.82E+004 2.8747E-017
9.86E+004 2.8258E-017
9.9E+004 2.7869E-017
9.94E+004 2.7431E-017
9.98E+004 2.7002E-017
1.002E+005 2.6581E-017
1.005E+005 2.6269E-017
1.01E+005 2.5759E-017
1.015E+005 2.5263E-017
1.02E+005 2.4781E-017
1.025E+005 2.4309E-017
1.03E+005 2.3849E-017
1.035E+005 2.3398E-017
1.04E+005 2.2959E-017
1.045E+005 2.2529E-017
1.05E+005 2.2110E-017
1.055E+005 2.1699E-017
1.06E+005 2.1299E-017
1.065E+005 2.0909E-017
1.07E+005 2.0524E-017
1.075E+005 2.0151E-017
1.08E+005 1.9786E-017
1.085E+005 1.9427E-017
1.09E+005 1.9078E-017
1.095E+005 1.8738E-017
1.1E+005 1.8404E-017
1.105E+005 1.8077E-017
1.11E+005 1.7758E-017
1.115E+005 1.7447E-017
1.12E+005 1.7142E-017
1.125E+005 1.6843E-017
1.13E+005 1.6551E-017
1.135E+005 1.6265E-017
1.14E+005 1.5986E-017
1.145E+005 1.5715E-017
1.15E+005 1.5445E-017
1.155E+005 1.5183E-017
1.16E+005 1.4928E-017
1.165E+005 1.4676E-017
1.17E+005 1.4432E-017
1.175E+005 1.4189E-017
1.18E+005 1.3954E-017
1.185E+005 1.3724E-017
1.19E+005 1.3497E-017
1.195E+005 1.3274E-017
1.2E+005 1.3057E-017
1.205E+005 1.2845E-017
1.21E+005 1.2637E-017
1.215E+005 1.2432E-017
1.22E+005 1.2233E-017
1.225E+005 1.2037E-017
1.23E+005 1.1843E-017
1.235E+005 1.1655E-017
1.24E+005 1.1470E-017
1.245E+005 1.1290E-017
1.25E+005 1.1112E-017
1.255E+005 1.0938E-017
1.26E+005 1.0767E-017
1.265E+005 1.0600E-017
1.27E+005 1.0435E-017
1.275E+005 1.0274E-017
1.28E+005 1.0115E-017
1.285E+005 9.9606E-018
1.29E+005 9.8085E-018
1.295E+005 9.6587E-018
1.3E+005 9.5128E-018
1.305E+005 9.3690E-018
1.31E+005 9.2273E-018
1.315E+005 9.0894E-018
1.32E+005 8.9534E-018
1.325E+005 8.8195E-018
1.33E+005 8.6891E-018
1.335E+005 8.5604E-018
1.34E+005 8.4351E-018
1.345E+005 8.3103E-018
1.35E+005 8.1887E-018
1.355E+005 8.0702E-018
1.36E+005 7.9521E-018
1.365E+005 7.8370E-018
1.37E+005 7.7248E-018
1.375E+005 7.6130E-018
1.38E+005 7.5040E-018
1.385E+005 7.3966E-018
1.39E+005 7.2919E-018
1.395E+005 7.1887E-018
1.4E+005 7.0870E-018
1.405E+005 6.9878E-018
1.41E+005 6.8889E-018
1.415E+005 6.7937E-018
1.42E+005 6.6987E-018
1.425E+005 6.6061E-018
1.43E+005 6.5147E-018
1.435E+005 6.4247E-018
1.44E+005 6.3359E-018
1.445E+005 6.2493E-018
1.45E+005 6.1639E-018
1.455E+005 6.0808E-018
1.46E+005 5.9977E-018
1.465E+005 5.9167E-018
1.47E+005 5.8379E-018
1.475E+005 5.7591E-018
1.48E+005 5.6823E-018
1.485E+005 5.6065E-018
1.49E+005 5.5318E-018
1.495E+005 5.4590E-018
1.5E+005 5.3871E-018
1.505E+005 5.3161E-018
1.51E+005 5.2461E-018
1.515E+005 5.1779E-018
1.52E+005 5.1106E-018
1.525E+005 5.0441E-018
1.53E+005 4.9785E-018
1.535E+005 4.9146E-018
1.54E+005 4.8515E-018
1.545E+005 4.7892E-018
1.55E+005 4.7277E-018
1.555E+005 4.6678E-018
1.56E+005 4.6087E-018
1.565E+005 4.5502E-018
1.57E+005 4.4926E-018
1.575E+005 4.4363E-018
1.58E+005 4.3808E-018
1.585E+005 4.3261E-018
1.59E+005 4.2720E-018
1.595E+005 4.2192E-018
1.6E+005 4.1671E-018
1.605E+005 4.1157E-018
1.61E+005 4.0649E-018
1.615E+005 4.0154E-018
1.62E+005 3.9658E-018
1.625E+005 3.9175E-018
1.63E+005 3.8698E-018
1.635E+005 3.8233E-018
1.64E+005 3.7767E-018
1.645E+005 3.7313E-018
1.65E+005 3.6865E-018
1.655E+005 3.6428E-018
1.66E+005 3.5990E-018
1.665E+005 3.5563E-018
1.67E+005 3.5142E-018
1.675E+005 3.4725E-018
1.68E+005 3.4314E-018
1.685E+005 3.3913E-018
1.69E+005 3.3511E-018
1.695E+005 3.3119E-018
1.7E+005 3.2738E-018
1.705E+005 3.2355E-018
1.71E+005 3.1982E-018
1.715E+005 3.1609E-018
1.72E+005 3.1245E-018
1.725E+005 3.0890E-018
1.73E+005 3.0534E-018
1.735E+005 3.0187E-018
1.74E+005 2.9839E-018
1.745E+005 2.9501E-018
1.75E+005 2.9166E-018
1.755E+005 2.8839E-018
1.76E+005 2.8512E-018
1.765E+005 2.8193E-018
1.77E+005 2.7877E-018
1.775E+005 2.7565E-018
1.78E+005 2.7257E-018
1.785E+005 2.6957E-018
1.79E+005 2.6659E-018
1.795E+005 2.6366E-018
1.8E+005 2.6075E-018
1.805E+005 2.5788E-018
1.81E+005 2.5504E-018
1.815E+005 2.5227E-018
1.82E+005 2.4953E-018
1.825E+005 2.4683E-018
1.83E+005 2.4415E-018
1.835E+005 2.4150E-018
1.84E+005 2.3892E-018
1.845E+005 2.3633E-018
1.85E+005 2.3381E-018
1.855E+005 2.3131E-018
1.86E+005 2.2884E-018
1.865E+005 2.2644E-018
1.87E+005 2.2402E-018
1.875E+005 2.2167E-018
1.88E+005 2.1934E-018
1.885E+005 2.1704E-018
1.89E+005 2.1476E-018
1.895E+005 2.1250E-018
1.9E+005 2.1031E-018
1.905E+005 2.0813E-018
1.91E+005 2.0595E-018
1.915E+005 2.0386E-018
1.92E+005 2.0175E-018
1.925E+005 1.9967E-018
1.93E+005 1.9764E-018
1.935E+005 1.9560E-018
1.94E+005 1.9361E-018
1.945E+005 1.9165E-018
1.95E+005 1.8970E-018
1.955E+005 1.8777E-018
1.96E+005 1.8590E-018
1.965E+005 1.8404E-018
1.97E+005 1.8217E-018
1.975E+005 1.8035E-018
1.98E+005 1.7855E-018
1.985E+005 1.7677E-018
1.99E+005 1.7504E-018
1.995E+005 1.7329E-018
2E+005 1.7159E-018
2.01E+005 1.6820E-018
2.02E+005 1.6491E-018
2.03E+005 1.6168E-018
2.04E+005 1.5855E-018
2.05E+005 1.5547E-018
2.06E+005 1.5248E-018
2.07E+005 1.4958E-018
2.08E+005 1.4673E-018
2.09E+005 1.4395E-018
2.1E+005 1.4124E-018
2.11E+005 1.3857E-018
2.12E+005 1.3599E-018
2.13E+005 1.3345E-018
2.14E+005 1.3099E-018
2.15E+005 1.2859E-018
2.16E+005 1.2622E-018
2.17E+005 1.2392E-018
2.18E+005 1.2166E-018
2.19E+005 1.1946E-018
2.2E+005 1.1731E-018
2.21E+005 1.1521E-018
2.22E+005 1.1314E-018
2.23E+005 1.1114E-018
2.24E+005 1.0917E-018
2.25E+005 1.0725E-018
2.26E+005 1.0536E-018
2.27E+005 1.0353E-018
2.28E+005 1.0173E-018
2.29E+005 9.9958E-019
2.3E+005 9.8234E-019
2.31E+005 9.6558E-019
2.32E+005 9.4909E-019
2.33E+005 9.3289E-019
2.34E+005 9.1711E-019
2.35E+005 9.0162E-019
2.36E+005 8.8652E-019
2.37E+005 8.7169E-019
2.38E+005 8.5709E-019
2.39E+005 8.4288E-019
2.4E+005 8.2892E-019
2.41E+005 8.1531E-019
2.42E+005 8.0193E-019
2.43E+005 7.8890E-019
2.44E+005 7.7610E-019
2.45E+005 7.6349E-019
2.46E+005 7.5121E-019
2.47E+005 7.3913E-019
2.48E+005 7.2725E-019
2.49E+005 7.1567E-019
2.5E+005 7.0441E-019
2.51E+005 6.9320E-019
2.52E+005 6.8228E-019
2.53E+005 6.7165E-019
2.54E+005 6.6108E-019
2.55E+005 6.5078E-019
2.56E+005 6.4075E-019
2.57E+005 6.3086E-019
2.58E+005 6.2114E-019
2.59E+005 6.1167E-019
2.6E+005 6.0224E-019
2.61E+005 5.9315E-019
2.62E+005 5.8411E-019
2.63E+005 5.7530E-019
2.64E+005 5.6671E-019
2.65E+005 5.5817E-019
2.66E+005 5.4984E-019
2.67E+005 5.4164E-019
2.68E+005 5.3365E-019
2.69E+005 5.2577E-019
2.7E+005 5.1802E-019
2.71E+005 5.1046E-019
2.72E+005 5.0301E-019
2.73E+005 4.9566E-019
2.74E+005 4.8851E-019
2.75E+005 4.8146E-019
2.76E+005 4.7452E-019
2.77E+005 4.6767E-019
2.78E+005 4.6100E-019
2.79E+005 4.5442E-019
2.8E+005 4.4802E-019
2.81E+005 4.4170E-019
2.82E+005 4.3548E-019
2.83E+005 4.2934E-019
2.84E+005 4.2329E-019
2.85E+005 4.1739E-019
2.86E+005 4.1165E-019
2.87E+005 4.0592E-019
2.88E+005 4.0033E-019
2.89E+005 3.9482E-019
2.9E+005 3.8939E-019
2.91E+005 3.8409E-019
2.92E+005 3.7887E-019
2.93E+005 3.7372E-019
2.94E+005 3.6864E-019
2.95E+005 3.6369E-019
2.96E+005 3.5881E-019
2.97E+005 3.5405E-019
2.98E+005 3.4929E-019
2.99E+005 3.4466E-019
3E+005 3.4009E-019
3.01E+005 3.3558E-019
3.02E+005 3.3119E-019
3.03E+005 3.2685E-019
3.04E+005 3.2257E-019
3.05E+005 3.1835E-019
3.06E+005 3.1423E-019
3.07E+005 3.1017E-019
3.08E+005 3.0616E-019
3.09E+005 3.0220E-019
3.1E+005 2.9835E-019
3.11E+005 2.9454E-019
3.12E+005 2.9078E-019
3.13E+005 2.8707E-019
3.14E+005 2.8346E-019
3.15E+005 2.7989E-019
3.16E+005 2.7636E-019
3.17E+005 2.7288E-019
3.18E+005 2.6949E-019
3.19E+005 2.6610E-019
3.2E+005 2.6279E-019
3.21E+005 2.5957E-019
3.22E+005 2.5635E-019
3.23E+005 2.5321E-019
3.24E+005 2.5010E-019
3.25E+005 2.4704E-019
3.26E+005 2.4401E-019
3.27E+005 2.4106E-019
3.28E+005 2.3814E-019
3.29E+005 2.3526E-019
3.3E+005 2.3242E-019
3.31E+005 2.2965E-019
3.32E+005 2.2687E-019
3.33E+005 2.2417E-019
3.34E+005 2.2149E-019
3.35E+005 2.1889E-019
3.36E+005 2.1628E-019
3.37E+005 2.1374E-019
3.38E+005 2.1123E-019
3.39E+005 2.0874E-019
3.4E+005 2.0629E-019
3.41E+005 2.0390E-019
3.42E+005 2.0153E-019
3.43E+005 1.9920E-019
3.44E+005 1.9689E-019
3.45E+005 1.9461E-019
3.46E+005 1.9239E-019
3.47E+005 1.9019E-019
3.48E+005 1.8802E-019
3.49E+005 1.8587E-019
3.5E+005 1.8375E-019
3.51E+005 1.8167E-019
3.52E+005 1.7962E-019
3.53E+005 1.7760E-019
3.54E+005 1.7560E-019
3.55E+005 1.7362E-019
3.56E+005 1.7169E-019
3.57E+005 1.6975E-019
3.58E+005 1.6786E-019
3.59E+005 1.6600E-019
3.6E+005 1.6415E-019
3.61E+005 1.6236E-019
3.62E+005 1.6055E-019
3.63E+005 1.5880E-019
3.64E+005 1.5706E-019
3.65E+005 1.5534E-019
3.66E+005 1.5367E-019
3.67E+005 1.5198E-019
3.68E+005 1.5035E-019
3.69E+005 1.4873E-019
3.7E+005 1.4712E-019
3.71E+005 1.4554E-019
3.72E+005 1.4397E-019
3.73E+005 1.4244E-019
3.74E+005 1.4093E-019
3.75E+005 1.3941E-019
3.76E+005 1.3796E-019
3.77E+005 1.3649E-019
3.78E+005 1.3505E-019
3.79E+005 1.3364E-019
3.8E+005 1.3222E-019
3.81E+005 1.3084E-019
3.82E+005 1.2947E-019
3.83E+005 1.2814E-019
3.84E+005 1.2680E-019
3.85E+005 1.2548E-019
3.86E+005 1.2419E-019
3.87E+005 1.2291E-019
3.88E+005 1.2165E-019
3.89E+005 1.2040E-019
3.9E+005 1.1916E-019
3.91E+005 1.1796E-019
3.92E+005 1.1677E-019
3.93E+005 1.1557E-019
3.94E+005 1.1440E-019
3.95E+005 1.1324E-019
3.96E+005 1.1212E-019
3.97E+005 1.1099E-019
3.98E+005 1.0986E-019
3.99E+005 1.0877E-019
