1711 1.0050E-014
1711 1.0050E-014
1712 6.0093E-015
1714 6.6947E-015
1715 1.0496E-014
1717 1.3036E-014
1718 4.9783E-015
1719 1.0047E-014
1721 1.1751E-014
1722 1.0900E-014
1723 1.4672E-014
1725 1.6723E-014
1726 1.2949E-014
1728 8.4936E-015
1729 1.2464E-014
1730 1.1157E-014
1732 1.2222E-014
1733 6.8371E-015
1734 1.0851E-014
1736 1.0399E-014
1737 6.6635E-015
1738 1.0572E-014
1740 1.6691E-014
1741 4.0315E-015
1743 1.0983E-014
1744 7.7206E-015
1745 1.3811E-014
1747 1.0238E-014
1748 8.1320E-015
1749 1.4580E-014
1751 5.6204E-015
1752 8.2690E-015
1754 1.2880E-014
1755 7.5854E-015
1756 8.6654E-015
1758 7.0869E-015
1759 6.8709E-015
1760 6.6232E-015
1762 9.7196E-015
1763 1.1753E-014
1765 9.8423E-015
1766 1.3498E-014
1767 6.6594E-015
1769 1.1964E-014
1770 6.0528E-015
1771 6.9864E-015
1773 1.3305E-014
1774 4.2310E-015
1776 7.8345E-015
1777 9.0989E-015
1778 9.8714E-015
1780 4.2945E-015
1781 9.9068E-015
1782 1.2073E-014
1784 1.4271E-014
1785 9.3827E-015
1786 8.1763E-015
1788 6.7205E-015
1789 3.2743E-015
1791 5.4252E-015
1792 8.7919E-015
1793 4.4363E-015
1795 7.0726E-015
1796 8.0297E-015
1797 1.0350E-014
1799 8.9092E-015
1800 9.6994E-015
1802 6.3537E-015
1803 7.2403E-015
1804 1.3630E-014
1806 7.9171E-015
1807 6.0114E-015
1808 9.9920E-015
1810 7.7738E-015
1811 1.2143E-014
1813 6.3037E-015
1814 5.0846E-015
1815 8.8965E-015
1817 7.2049E-015
1818 7.7743E-015
1819 1.0159E-014
1821 1.3461E-014
1822 1.1000E-014
1824 7.0531E-015
1825 9.2209E-015
1826 9.0774E-015
1828 8.5781E-015
1829 7.8397E-015
1830 8.9263E-015
1832 9.5065E-015
1833 5.3740E-015
1835 1.1863E-014
1836 1.1416E-014
1837 9.5348E-015
1839 8.3514E-015
1840 8.8892E-015
1841 9.4132E-015
1843 3.4562E-015
1844 9.9128E-015
1845 1.0378E-014
1847 9.2900E-015
1848 5.4202E-015
1850 6.6462E-015
1851 6.7929E-015
1852 6.3779E-015
1854 1.1188E-014
1855 9.9888E-015
1856 7.3857E-015
1858 8.4687E-015
1859 1.1034E-014
1861 1.1019E-014
1862 6.0134E-015
1863 8.1752E-015
1865 1.1594E-014
1866 9.9684E-015
1867 7.7489E-015
1869 1.1939E-014
1870 1.1164E-014
1872 6.9987E-015
1873 1.0123E-014
1874 1.2033E-014
1876 9.0715E-015
1877 1.1405E-014
1878 1.0176E-014
1880 1.1056E-014
1881 8.9289E-015
1883 1.2165E-014
1884 1.0618E-014
1885 1.1026E-014
1887 9.8935E-015
1888 1.2347E-014
1889 1.0933E-014
1891 1.0444E-014
1892 1.6569E-014
1894 1.5439E-014
1895 1.0159E-014
1896 1.0799E-014
1898 1.0355E-014
1899 1.2887E-014
1900 1.0836E-014
1902 1.3580E-014
1903 1.4972E-014
1904 1.2053E-014
1906 1.3796E-014
1907 1.3608E-014
1909 1.1369E-014
1910 1.2849E-014
1911 1.4198E-014
1913 1.7628E-014
1914 1.5042E-014
1915 1.4276E-014
1917 1.5731E-014
1918 1.5308E-014
1920 1.4464E-014
1921 1.4740E-014
1922 1.4772E-014
1924 1.6179E-014
1925 1.6038E-014
1926 1.6237E-014
1928 1.6146E-014
1929 1.1451E-014
1931 1.2310E-014
1932 1.4779E-014
1933 1.5562E-014
1935 1.4550E-014
1936 1.5541E-014
1937 1.7598E-014
1939 1.8094E-014
1940 1.6619E-014
1942 2.0981E-014
1943 2.1331E-014
1944 1.7720E-014
1946 1.6628E-014
1947 1.8003E-014
1948 1.7350E-014
1950 1.9475E-014
1951 1.6855E-014
1953 1.7657E-014
1954 1.6528E-014
1955 1.9271E-014
1957 1.8471E-014
1958 1.6714E-014
1959 1.8178E-014
1961 1.7990E-014
1962 1.9405E-014
1964 1.9168E-014
1965 2.1257E-014
1966 2.1872E-014
1968 2.0920E-014
1969 2.2147E-014
1970 2.2159E-014
1972 2.3609E-014
1973 2.2366E-014
1974 2.1953E-014
1976 2.1791E-014
1977 2.1160E-014
1979 2.2143E-014
1980 2.2649E-014
1981 2.3424E-014
1983 2.2396E-014
1984 2.4210E-014
1985 2.3692E-014
1987 2.2899E-014
1988 2.1802E-014
1990 2.5093E-014
1991 2.3922E-014
1992 2.3008E-014
1994 2.5072E-014
1995 2.7201E-014
1996 2.4389E-014
1998 2.5557E-014
1999 2.5527E-014
2001 2.5281E-014
2002 2.6000E-014
2003 2.5311E-014
2005 2.6103E-014
2006 2.7691E-014
2007 2.5990E-014
2009 2.7981E-014
2010 2.7884E-014
2012 2.8191E-014
2013 2.9873E-014
2014 2.8311E-014
2016 2.5970E-014
2017 2.7846E-014
2018 3.0330E-014
2020 2.9594E-014
2021 3.1311E-014
2023 3.1573E-014
2024 3.2076E-014
2025 2.6955E-014
2027 3.1030E-014
2028 3.3526E-014
2029 3.2486E-014
2031 3.5166E-014
2032 3.5850E-014
2034 3.3657E-014
2035 3.3651E-014
2036 3.4533E-014
2038 3.6246E-014
2039 3.5686E-014
2040 3.6729E-014
2042 3.7642E-014
2043 3.9943E-014
2045 3.9170E-014
2046 4.1485E-014
2047 4.0411E-014
2049 3.8098E-014
2050 3.8240E-014
2051 3.8998E-014
2053 3.9571E-014
2054 3.8148E-014
2055 3.8541E-014
2057 3.6458E-014
2058 3.3608E-014
2060 3.6569E-014
2061 3.6427E-014
2062 3.6774E-014
2064 3.8112E-014
2065 3.8853E-014
2066 3.8088E-014
2068 3.9089E-014
2069 4.1355E-014
2071 4.1790E-014
2072 4.3093E-014
2073 4.4002E-014
2075 4.4098E-014
2076 4.6165E-014
2077 4.6496E-014
2079 4.4987E-014
2080 4.6536E-014
2082 4.8315E-014
2083 4.6327E-014
2084 4.6382E-014
2086 4.7791E-014
2087 4.9234E-014
2088 4.7309E-014
2090 4.9243E-014
2091 4.9387E-014
2093 4.9057E-014
2094 4.8819E-014
2095 5.1173E-014
2097 5.2440E-014
2098 5.1535E-014
2099 5.2917E-014
2101 5.1668E-014
2102 5.2568E-014
2104 5.1377E-014
2105 5.3608E-014
2106 5.1591E-014
2108 4.8861E-014
2109 5.0540E-014
2110 5.1443E-014
2112 5.0400E-014
2113 5.1370E-014
2115 5.2390E-014
2116 5.6110E-014
2117 5.6006E-014
2119 5.8786E-014
2120 5.7893E-014
2121 5.6982E-014
2123 5.0662E-014
2124 4.6485E-014
2126 5.1711E-014
2127 5.5381E-014
2128 5.6237E-014
2130 5.6545E-014
2131 5.2971E-014
2132 5.2432E-014
2134 5.1754E-014
2135 5.2093E-014
2137 5.6271E-014
2138 5.6941E-014
2139 5.6100E-014
2141 6.0573E-014
2142 6.0656E-014
2143 6.2184E-014
2145 6.1363E-014
2146 5.9369E-014
2148 5.9745E-014
2149 6.0877E-014
2150 5.9442E-014
2152 5.9188E-014
2153 6.2874E-014
2154 6.0436E-014
2156 6.3742E-014
2157 6.0942E-014
2159 5.6845E-014
2160 5.9321E-014
2161 6.1915E-014
2163 6.6126E-014
2164 6.2193E-014
2165 6.1428E-014
2167 6.1079E-014
2168 6.3645E-014
2169 6.6550E-014
2171 6.7447E-014
2172 6.6762E-014
2174 6.3561E-014
2175 6.3825E-014
2176 6.6618E-014
2178 6.8331E-014
2179 7.0657E-014
2180 7.3433E-014
2182 7.6728E-014
2183 7.5697E-014
2185 7.4008E-014
2186 7.1684E-014
2187 6.9362E-014
2189 7.3744E-014
2190 7.4959E-014
2191 7.5486E-014
2193 7.9250E-014
2194 8.3500E-014
2196 8.4465E-014
2197 8.2886E-014
2198 8.4688E-014
2200 8.0333E-014
2201 7.9951E-014
2202 8.6276E-014
2204 8.7480E-014
2205 8.3979E-014
2207 8.0699E-014
2208 7.7510E-014
2209 7.5499E-014
2211 6.9416E-014
2212 7.2584E-014
2213 8.1098E-014
2215 8.0978E-014
2216 7.8006E-014
2218 7.6299E-014
2219 8.1792E-014
2220 8.5753E-014
2222 8.6385E-014
2223 8.8391E-014
2224 8.8646E-014
2226 9.0430E-014
2227 9.1672E-014
2229 9.1474E-014
2230 9.4086E-014
2231 9.4329E-014
2233 9.5700E-014
2234 9.6075E-014
2235 1.0015E-013
2237 9.9426E-014
2238 1.0233E-013
2240 1.0068E-013
2241 9.9302E-014
2242 9.6472E-014
2244 9.3978E-014
2245 9.2379E-014
2246 9.6917E-014
2248 9.7030E-014
2249 9.3010E-014
2251 9.0484E-014
2252 8.9978E-014
2253 9.0728E-014
2255 8.9588E-014
2256 9.2947E-014
2257 9.4368E-014
2259 9.6737E-014
2260 9.0141E-014
2262 9.1844E-014
2263 9.7184E-014
2264 9.5707E-014
2266 9.2928E-014
2267 9.1434E-014
2268 9.3046E-014
2270 9.4700E-014
2271 9.7832E-014
2273 9.9497E-014
2274 1.0158E-013
2275 9.7064E-014
2277 9.7674E-014
2278 1.0144E-013
2279 1.0193E-013
2281 1.0537E-013
2282 1.0972E-013
2284 1.0347E-013
2285 1.0893E-013
2286 1.0399E-013
2288 1.0193E-013
2289 1.0255E-013
2290 1.0171E-013
2292 1.0354E-013
2293 1.0454E-013
2295 1.0512E-013
2296 1.0389E-013
2297 9.4089E-014
2299 9.4618E-014
2300 9.9698E-014
2301 1.0336E-013
2303 1.0452E-013
2304 1.0845E-013
2305 1.1431E-013
2307 1.1424E-013
2308 1.1430E-013
2310 1.1365E-013
2311 1.0993E-013
2312 1.0443E-013
2314 1.0647E-013
2315 1.1325E-013
2316 1.1496E-013
2318 1.1636E-013
2319 1.1387E-013
2321 1.1401E-013
2322 1.1728E-013
2323 1.2105E-013
2325 1.1801E-013
2326 1.1224E-013
2327 1.1300E-013
2329 1.2112E-013
2330 1.1486E-013
2332 1.0856E-013
2333 1.0639E-013
2334 1.1512E-013
2336 1.1650E-013
2337 1.1119E-013
2338 1.0579E-013
2340 1.1428E-013
2341 1.1927E-013
2343 1.0305E-013
2344 8.1594E-014
2345 9.1967E-014
2347 1.0022E-013
2348 9.4882E-014
2349 1.1427E-013
2351 1.2468E-013
2352 1.2910E-013
2354 1.2702E-013
2355 1.1993E-013
2356 1.2467E-013
2358 1.2696E-013
2359 1.1091E-013
2360 1.0561E-013
2362 1.1783E-013
2363 1.2208E-013
2365 1.1660E-013
2366 1.2053E-013
2367 1.2196E-013
2369 1.2677E-013
2370 1.3176E-013
2371 1.3417E-013
2373 1.2544E-013
2374 1.1442E-013
2376 1.2432E-013
2377 1.3297E-013
2378 1.2566E-013
2380 1.1027E-013
2381 9.0628E-014
2382 7.3717E-014
2384 9.4649E-014
2385 1.2011E-013
2387 1.2710E-013
2388 1.1642E-013
2389 1.1555E-013
2391 1.3523E-013
2392 1.3940E-013
2393 1.3694E-013
2395 1.0910E-013
2396 1.0507E-013
2398 1.2633E-013
2399 1.2042E-013
2400 1.2847E-013
2402 1.3583E-013
2403 1.3071E-013
2404 1.1157E-013
2406 1.0701E-013
2407 1.1344E-013
2409 1.3071E-013
2410 1.1773E-013
2411 1.0521E-013
2413 1.1962E-013
2414 1.2625E-013
2415 1.4324E-013
2417 1.4792E-013
2418 1.5119E-013
2420 1.5796E-013
2421 1.6279E-013
2422 1.6192E-013
2424 1.4933E-013
2425 1.5059E-013
2426 1.5970E-013
2428 1.5968E-013
2429 1.5446E-013
2431 1.6141E-013
2432 1.6372E-013
2433 1.5616E-013
2435 1.4677E-013
2436 1.4691E-013
2437 1.5244E-013
2439 1.4934E-013
2440 1.5340E-013
2441 1.6354E-013
2443 1.6095E-013
2444 1.6094E-013
2446 1.6014E-013
2447 1.6431E-013
2448 1.6383E-013
2450 1.6034E-013
2451 1.5534E-013
2452 1.5793E-013
2454 1.6197E-013
2455 1.6604E-013
2457 1.6934E-013
2458 1.6996E-013
2459 1.6812E-013
2461 1.6544E-013
2462 1.5226E-013
2463 1.5219E-013
2465 1.5572E-013
2466 1.5904E-013
2468 1.5993E-013
2469 1.6159E-013
2470 1.6131E-013
2472 1.5944E-013
2473 1.5010E-013
2474 1.6144E-013
2476 1.6316E-013
2477 1.5538E-013
2479 1.5229E-013
2480 1.5082E-013
2481 1.6289E-013
2483 1.4497E-013
2484 1.3614E-013
2485 1.4414E-013
2487 1.4479E-013
2488 1.3974E-013
2490 1.3257E-013
2491 1.2595E-013
2492 1.5093E-013
2494 1.6489E-013
2495 1.7924E-013
2496 1.8018E-013
2498 1.7801E-013
2499 1.8153E-013
2501 1.7860E-013
2502 1.7218E-013
2503 1.7491E-013
2505 1.6404E-013
2506 1.4586E-013
2507 1.4251E-013
2509 1.7447E-013
2510 1.7351E-013
2512 1.6122E-013
2513 1.5536E-013
2514 1.2363E-013
2516 1.0703E-013
2517 1.1448E-013
2518 1.2668E-013
2520 1.3842E-013
2521 1.5393E-013
2523 1.3452E-013
2524 1.1915E-013
2525 1.3014E-013
2527 1.2940E-013
2528 1.1706E-013
2529 1.1784E-013
2531 1.5416E-013
2532 1.6617E-013
2534 1.6841E-013
2535 1.6368E-013
2536 1.5892E-013
2538 1.6542E-013
2539 1.6678E-013
2540 1.6918E-013
2542 1.6934E-013
2543 1.7980E-013
2545 1.7127E-013
2546 1.6967E-013
2547 1.7496E-013
2549 1.6341E-013
2550 1.7100E-013
2551 1.9145E-013
2553 1.9771E-013
2554 2.0563E-013
2555 2.0141E-013
2557 2.0428E-013
2558 2.0934E-013
2560 2.0668E-013
2561 1.9683E-013
2562 1.8007E-013
2564 1.8653E-013
2565 2.0897E-013
2566 2.0742E-013
2568 2.0837E-013
2569 2.0836E-013
2571 2.1020E-013
2572 2.0926E-013
2573 2.1703E-013
2575 2.0823E-013
2576 1.9358E-013
2577 2.0101E-013
2579 2.1827E-013
2580 2.1505E-013
2582 2.1341E-013
2583 2.1027E-013
2584 2.0596E-013
2586 1.7506E-013
2587 2.0096E-013
2588 2.1956E-013
2590 2.2748E-013
2591 2.2449E-013
2593 2.2075E-013
2594 2.1148E-013
2595 2.2611E-013
2597 2.1064E-013
2598 1.5418E-013
2599 1.5431E-013
2601 1.8839E-013
2602 2.2475E-013
2604 2.2750E-013
2605 2.0354E-013
2606 1.8754E-013
2608 1.8560E-013
2609 2.0527E-013
2610 1.9449E-013
2612 1.6489E-013
2613 1.7331E-013
2615 1.8993E-013
2616 2.0770E-013
2617 2.0443E-013
2619 2.0753E-013
2620 2.1485E-013
2621 2.1656E-013
2623 2.1916E-013
2624 2.1959E-013
2626 2.1271E-013
2627 2.0369E-013
2628 1.9306E-013
2630 1.8613E-013
2631 1.7316E-013
2632 1.9913E-013
2634 2.3687E-013
2635 2.4677E-013
2637 2.5087E-013
2638 2.6071E-013
2639 2.6467E-013
2641 2.6165E-013
2642 2.6143E-013
2643 2.6551E-013
2645 2.6443E-013
2646 2.6411E-013
2647 2.6543E-013
2649 2.6812E-013
2650 2.7061E-013
2652 2.6901E-013
2653 2.6958E-013
2654 2.7479E-013
2656 2.7804E-013
2657 2.6961E-013
2658 2.7087E-013
2660 2.6828E-013
2661 2.6066E-013
2663 2.5676E-013
2664 2.5414E-013
2665 2.5545E-013
2667 2.4602E-013
2668 2.5346E-013
2669 2.6404E-013
2671 2.6695E-013
2672 2.6080E-013
2674 2.6802E-013
2675 2.7687E-013
2676 2.7132E-013
2678 2.5715E-013
2679 2.5391E-013
2680 2.6617E-013
2682 2.7240E-013
2683 2.7178E-013
2685 2.7020E-013
2686 2.7437E-013
2687 2.6915E-013
2689 2.6341E-013
2690 2.5923E-013
2691 2.6104E-013
2693 2.6682E-013
2694 2.6605E-013
2696 2.6645E-013
2697 2.6770E-013
2698 2.6345E-013
2700 2.7163E-013
2701 2.7476E-013
2702 2.7500E-013
2704 2.7862E-013
2705 2.7381E-013
2707 2.6843E-013
2708 2.7038E-013
2709 2.7128E-013
2711 2.6801E-013
2712 2.6543E-013
2713 2.6872E-013
2715 2.6165E-013
2716 2.6320E-013
2717 2.6231E-013
2719 2.5486E-013
2720 2.5709E-013
2722 2.6537E-013
2723 2.6724E-013
2724 2.6512E-013
2726 2.6425E-013
2727 2.6380E-013
2728 2.6560E-013
2730 2.7833E-013
2731 2.7666E-013
2733 2.7175E-013
2734 2.6019E-013
2735 2.6449E-013
2737 2.5482E-013
2738 2.5169E-013
2739 2.5014E-013
2741 2.4993E-013
2742 2.4517E-013
2744 2.3361E-013
2745 2.4979E-013
2746 2.4191E-013
2748 2.3133E-013
2749 2.3157E-013
2750 2.3223E-013
2752 2.5577E-013
2753 2.7430E-013
2755 2.6140E-013
2756 2.4495E-013
2757 2.5781E-013
2759 2.8483E-013
2760 2.8739E-013
2761 2.8519E-013
2763 2.7266E-013
2764 2.8736E-013
2766 2.8478E-013
2767 2.8125E-013
2768 2.8148E-013
2770 2.8384E-013
2771 2.9495E-013
2772 2.9313E-013
2774 3.0026E-013
2775 2.9120E-013
2776 2.8942E-013
2778 2.8193E-013
2779 2.7579E-013
2781 2.7829E-013
2782 2.8034E-013
2783 2.8360E-013
2785 2.8933E-013
2786 2.8558E-013
2787 2.7362E-013
2789 2.5360E-013
2790 2.2964E-013
2792 1.8455E-013
2793 1.3083E-013
2794 7.4682E-014
2796 4.3642E-014
2797 5.4677E-014
2798 8.5083E-014
2800 1.0274E-013
2801 8.6209E-014
2803 5.7301E-014
2804 7.5466E-014
2805 1.4285E-013
2807 2.0529E-013
2808 2.4969E-013
2809 2.7620E-013
2811 2.7540E-013
2812 2.7434E-013
2814 2.8362E-013
2815 2.9589E-013
2816 2.9720E-013
2818 2.9980E-013
2819 3.0133E-013
2820 3.0176E-013
2822 3.0323E-013
2823 3.0482E-013
2825 3.0281E-013
2826 3.0131E-013
2827 3.0827E-013
2829 3.0233E-013
2830 3.0257E-013
2831 3.0744E-013
2833 3.0227E-013
2834 3.0661E-013
2835 2.9855E-013
2837 3.0346E-013
2838 3.1818E-013
2840 3.0897E-013
2841 3.0339E-013
2842 3.0634E-013
2844 2.9317E-013
2845 3.0768E-013
2846 3.0489E-013
2848 3.0040E-013
2849 2.7902E-013
2851 2.3425E-013
2852 1.6360E-013
2853 2.0214E-013
2855 2.7720E-013
2856 2.9501E-013
2857 3.1061E-013
2859 3.1021E-013
2860 3.2185E-013
2862 3.1835E-013
2863 3.1710E-013
2864 3.2160E-013
2866 3.1368E-013
2867 3.1082E-013
2868 3.1243E-013
2870 3.1857E-013
2871 3.3068E-013
2873 3.3380E-013
2874 3.2405E-013
2875 3.1236E-013
2877 3.0339E-013
2878 3.0774E-013
2879 3.0560E-013
2881 2.7432E-013
2882 2.5949E-013
2883 3.0830E-013
2885 3.2737E-013
2886 3.3674E-013
2888 3.4482E-013
2889 3.3619E-013
2890 3.2534E-013
2892 3.2060E-013
2893 3.0723E-013
2894 3.2917E-013
2896 3.3667E-013
2897 3.4902E-013
2899 3.5020E-013
2900 3.5721E-013
2901 3.5842E-013
2903 3.6206E-013
2904 3.6128E-013
2905 3.6780E-013
2907 3.5242E-013
2908 3.3881E-013
2910 3.3859E-013
2911 3.4896E-013
2912 3.5762E-013
2914 3.6086E-013
2915 3.7075E-013
2916 3.6111E-013
2918 3.5207E-013
2919 3.5069E-013
2920 3.6129E-013
2922 3.6658E-013
2923 3.5625E-013
2925 3.5135E-013
2926 3.5382E-013
2927 3.5558E-013
2929 3.4734E-013
2930 3.6343E-013
2931 3.7339E-013
2933 3.7255E-013
2934 3.7032E-013
2936 3.6165E-013
2937 3.4751E-013
2938 3.4562E-013
2940 3.5368E-013
2941 3.5710E-013
2942 3.6602E-013
2944 3.6041E-013
2945 3.5496E-013
2947 3.6555E-013
2948 3.4940E-013
2949 3.5260E-013
2951 3.6821E-013
2952 3.7059E-013
2953 3.6040E-013
2955 3.6278E-013
2956 3.7714E-013
2957 3.7407E-013
2959 3.8246E-013
2960 3.7311E-013
2962 3.8578E-013
2963 3.8458E-013
2964 3.6441E-013
2966 3.5669E-013
2967 3.5607E-013
2968 3.6008E-013
2970 3.4383E-013
2971 3.5058E-013
2973 3.6118E-013
2974 3.7414E-013
2975 3.8792E-013
2977 3.9224E-013
2978 3.9561E-013
2979 3.8655E-013
2981 3.7707E-013
2982 3.7379E-013
2984 3.5932E-013
2985 3.4954E-013
2986 3.5918E-013
2988 3.6556E-013
2989 3.8630E-013
2990 3.9607E-013
2992 3.9539E-013
2993 3.9107E-013
2994 3.8140E-013
2996 3.9744E-013
2997 4.0641E-013
2999 3.9963E-013
3000 3.8469E-013
3001 3.7313E-013
3003 3.6773E-013
3004 3.8852E-013
3005 4.0116E-013
3007 3.9131E-013
3008 3.8371E-013
3010 3.9739E-013
3011 4.0880E-013
3012 4.0636E-013
3014 4.0669E-013
3015 3.9997E-013
3016 3.9181E-013
3018 3.8208E-013
3019 3.6744E-013
3020 3.4749E-013
3022 3.7506E-013
3023 4.0452E-013
3025 3.9384E-013
3026 3.9083E-013
3027 4.1143E-013
3029 4.2008E-013
3030 4.0968E-013
3031 4.0432E-013
3033 4.1593E-013
3034 4.2514E-013
3036 4.2511E-013
3037 4.0945E-013
3038 4.0513E-013
3040 4.2068E-013
3041 4.0070E-013
3042 3.9550E-013
3044 4.0619E-013
3045 4.1191E-013
3047 4.1613E-013
3048 4.1181E-013
3049 4.2005E-013
3051 4.2418E-013
3052 4.3085E-013
3053 4.2169E-013
3055 4.1429E-013
3056 4.1072E-013
3057 3.8811E-013
3059 3.9477E-013
3060 4.1048E-013
3067 3.5220E-013
3070 3.7233E-013
3072 3.8956E-013
3075 3.9146E-013
3078 3.9033E-013
3081 3.8935E-013
3083 3.9508E-013
3086 3.7877E-013
3089 3.5474E-013
3092 3.5566E-013
3094 3.6331E-013
3097 3.6184E-013
3100 3.6087E-013
3103 3.8613E-013
3105 3.9831E-013
3108 4.0792E-013
3111 4.0934E-013
3114 4.0263E-013
3116 3.9017E-013
3119 3.8289E-013
3122 3.8057E-013
3125 3.8146E-013
3127 3.9609E-013
3130 4.0481E-013
3133 4.0657E-013
3136 4.0595E-013
3138 3.9486E-013
3141 3.8075E-013
3144 3.5768E-013
3147 3.9553E-013
3149 4.0657E-013
3152 4.0848E-013
3155 3.9838E-013
3158 3.8929E-013
3160 3.9014E-013
3163 4.0653E-013
3166 4.2206E-013
3169 4.3315E-013
3171 4.3971E-013
3174 4.4342E-013
3177 4.3165E-013
3180 4.0808E-013
3182 4.1012E-013
3185 4.2145E-013
3188 4.2810E-013
3191 4.1217E-013
3193 4.2173E-013
3196 4.3301E-013
3199 4.4473E-013
3202 4.5149E-013
3204 4.6520E-013
3207 4.5519E-013
3210 4.3424E-013
3213 4.3565E-013
3215 4.4170E-013
3218 4.5192E-013
3221 4.5446E-013
3224 4.5345E-013
3226 4.4229E-013
3229 4.3886E-013
3232 4.3931E-013
3235 4.4200E-013
3237 4.5446E-013
3240 4.6789E-013
3243 4.7452E-013
3245 4.6991E-013
3248 4.6299E-013
3251 4.7117E-013
3254 4.7643E-013
3256 5.0105E-013
3259 5.0199E-013
3262 4.9561E-013
3265 4.9909E-013
3267 5.0260E-013
3270 4.9553E-013
3273 4.9437E-013
3276 4.8853E-013
3278 4.8443E-013
3281 4.9248E-013
3284 5.0126E-013
3287 4.9982E-013
3289 5.1425E-013
3292 5.2257E-013
3295 5.2688E-013
3298 5.2866E-013
3300 5.2608E-013
3303 5.1376E-013
3306 5.1258E-013
3309 5.2275E-013
3311 5.2710E-013
3314 5.1975E-013
3317 5.1038E-013
3320 5.1212E-013
3322 5.0870E-013
3325 5.1346E-013
3328 5.1623E-013
3331 5.1682E-013
3333 5.1692E-013
3336 5.1704E-013
3339 5.1374E-013
3342 5.1256E-013
3344 5.2387E-013
3347 5.1075E-013
3350 5.1293E-013
3353 5.2501E-013
3355 5.3185E-013
3358 5.1588E-013
3361 5.0696E-013
3364 5.2473E-013
3366 5.1773E-013
3369 5.0533E-013
3372 5.0085E-013
3375 5.2825E-013
3377 5.2054E-013
3380 5.1115E-013
3383 5.1917E-013
3386 5.2236E-013
3388 5.2785E-013
3391 5.2224E-013
3394 5.2924E-013
3397 5.4721E-013
3399 5.4752E-013
3402 5.3868E-013
3405 5.2867E-013
3408 5.2622E-013
3410 5.2428E-013
3413 5.1710E-013
3416 5.3826E-013
3419 5.5065E-013
3421 5.4195E-013
3424 5.4261E-013
3427 5.4601E-013
3430 5.5339E-013
3432 5.4608E-013
3435 5.4566E-013
3438 5.3280E-013
3441 5.1709E-013
3443 5.1652E-013
3446 5.3924E-013
3449 5.4520E-013
3452 5.4464E-013
3454 5.4836E-013
3457 5.5322E-013
3460 5.4295E-013
3463 5.5252E-013
3465 5.5284E-013
3468 5.5399E-013
3471 5.5924E-013
3474 5.3654E-013
3476 5.3947E-013
3479 5.6494E-013
3482 5.6314E-013
3485 5.6112E-013
3487 5.5338E-013
3490 5.4670E-013
3493 5.5013E-013
3496 5.4865E-013
3498 5.5350E-013
3501 5.5279E-013
3504 5.6067E-013
3507 5.6151E-013
3509 5.4885E-013
3512 5.4678E-013
3515 5.5414E-013
3518 5.5957E-013
3520 5.5114E-013
3523 5.4527E-013
3526 5.4404E-013
3529 5.5852E-013
3531 5.7061E-013
3534 5.8081E-013
3537 5.8678E-013
3539 5.8264E-013
3542 5.8584E-013
3545 5.9193E-013
3548 5.8933E-013
3550 5.8844E-013
3553 5.8328E-013
3556 5.8247E-013
3559 5.8136E-013
3561 5.8168E-013
3564 5.6994E-013
3567 5.6563E-013
3570 5.5327E-013
3572 5.5444E-013
3575 5.6743E-013
3578 5.7178E-013
3581 5.6305E-013
3583 5.6310E-013
3586 5.4560E-013
3589 5.6229E-013
3592 5.7812E-013
3594 5.8538E-013
3597 5.9123E-013
3600 5.9751E-013
3603 5.9029E-013
3605 5.8141E-013
3608 5.7305E-013
3611 5.7942E-013
3614 5.8523E-013
3616 5.8641E-013
3619 5.8338E-013
3622 5.8928E-013
3625 6.0117E-013
3627 6.0326E-013
3630 5.8997E-013
3633 5.9089E-013
3636 6.0189E-013
3638 6.0001E-013
3641 5.9995E-013
3644 5.8911E-013
3647 5.8838E-013
3649 5.8475E-013
3652 6.0544E-013
3655 6.1540E-013
3658 6.1687E-013
3660 6.1531E-013
3663 6.1925E-013
3666 6.2078E-013
3669 6.1616E-013
3671 6.1934E-013
3674 6.1770E-013
3677 6.1088E-013
3680 6.0826E-013
3682 6.0424E-013
3685 5.9796E-013
3688 6.0832E-013
3691 6.2564E-013
3693 6.3224E-013
3696 6.4190E-013
3699 6.4535E-013
3702 6.4497E-013
3704 6.1255E-013
3707 6.2714E-013
3710 6.2777E-013
3713 6.2969E-013
3715 6.8439E-013
3718 6.6568E-013
3721 6.0482E-013
3724 6.3711E-013
3726 6.8827E-013
3729 7.0019E-013
3732 6.4281E-013
3735 5.8808E-013
3737 6.4073E-013
3740 6.9077E-013
3743 7.0429E-013
3746 6.6011E-013
3748 6.1042E-013
3751 6.4634E-013
3754 6.8638E-013
3757 7.2656E-013
3759 7.1318E-013
3762 7.2713E-013
3765 7.2347E-013
3768 6.8143E-013
3770 6.3347E-013
3773 6.8967E-013
3776 7.4704E-013
3779 7.7685E-013
3781 7.8021E-013
3784 7.7165E-013
3787 7.6164E-013
3790 7.5940E-013
3792 7.3842E-013
3795 6.8109E-013
3798 6.2993E-013
3801 6.9917E-013
3803 7.5603E-013
3806 7.5863E-013
3809 7.7343E-013
3812 7.7284E-013
3814 7.6179E-013
3817 7.6675E-013
3820 7.6623E-013
3823 7.6956E-013
3825 7.3969E-013
3828 7.3338E-013
3831 7.0447E-013
3834 6.3894E-013
3836 6.2616E-013
3839 6.8633E-013
3842 7.4369E-013
3845 7.6758E-013
3847 7.8052E-013
3850 7.8611E-013
3853 7.9300E-013
3856 7.8629E-013
3858 7.7155E-013
3861 7.9108E-013
3864 8.0248E-013
3867 8.0606E-013
3869 7.9345E-013
3872 7.6296E-013
3875 7.6618E-013
3878 7.5469E-013
3880 7.5932E-013
3883 7.5238E-013
3886 6.9452E-013
3889 6.3038E-013
3891 6.8154E-013
3894 7.2572E-013
3897 7.4436E-013
3900 7.5130E-013
3902 7.5548E-013
3905 7.6006E-013
3908 7.8131E-013
3911 7.9816E-013
3913 7.9201E-013
3916 7.8781E-013
3919 7.8438E-013
3922 7.5702E-013
3924 7.7144E-013
3927 7.4195E-013
3930 6.3516E-013
3933 4.6153E-013
3935 4.9992E-013
3938 6.8680E-013
3941 7.6636E-013
3944 7.7778E-013
3946 7.9612E-013
3949 8.0160E-013
3952 8.0013E-013
3955 8.0166E-013
3957 7.9622E-013
3960 7.7853E-013
3963 7.3988E-013
3966 6.2143E-013
3968 4.5544E-013
3971 5.4644E-013
3974 6.7331E-013
3977 7.7327E-013
3979 7.9809E-013
3982 8.0822E-013
3985 8.2229E-013
3987 8.2512E-013
3990 8.2448E-013
3993 8.3427E-013
3996 8.3372E-013
3998 8.3011E-013
4001 8.3422E-013
4004 8.2752E-013
4007 8.2934E-013
4009 8.4369E-013
4012 8.4200E-013
4015 8.4311E-013
4018 8.4837E-013
4020 8.4954E-013
4023 8.4682E-013
4026 8.4285E-013
4029 8.2902E-013
4031 8.2406E-013
4034 8.2580E-013
4037 8.4045E-013
4040 8.4826E-013
4042 8.4979E-013
4045 8.3043E-013
4048 8.3876E-013
4051 8.4445E-013
4053 8.4902E-013
4056 8.4101E-013
4059 8.4607E-013
4062 8.4293E-013
4064 8.3668E-013
4067 8.3860E-013
4070 8.4679E-013
4073 8.3469E-013
4075 8.4124E-013
4078 8.3807E-013
4081 8.4942E-013
4084 8.5214E-013
4086 8.4828E-013
4089 8.4892E-013
4092 8.4130E-013
4095 8.1983E-013
4097 7.9367E-013
4100 7.2383E-013
4103 7.0663E-013
4106 7.8781E-013
4108 8.1445E-013
4111 8.3342E-013
4114 8.4957E-013
4117 8.5321E-013
4119 8.4655E-013
4122 8.5092E-013
4125 8.5689E-013
4128 8.5917E-013
4130 8.5059E-013
4133 8.5010E-013
4136 8.5691E-013
4139 8.6188E-013
4141 8.5501E-013
4144 8.4318E-013
4147 8.5410E-013
4150 8.6583E-013
4152 8.6175E-013
4155 8.5938E-013
4158 8.6161E-013
4161 8.6526E-013
4163 8.6448E-013
4166 8.6449E-013
4169 8.6725E-013
4172 8.5959E-013
4174 8.5110E-013
4177 8.5211E-013
4180 8.5273E-013
4183 8.5442E-013
4185 8.5279E-013
4188 8.4899E-013
4191 8.4099E-013
4194 8.5779E-013
4196 8.4955E-013
4199 8.4111E-013
4202 8.3586E-013
4205 8.5060E-013
4207 8.5532E-013
4210 8.5753E-013
4213 8.5271E-013
4216 8.5005E-013
4218 8.5073E-013
4221 8.4730E-013
4224 8.3970E-013
4227 8.3008E-013
4229 8.4601E-013
4232 8.4805E-013
4235 8.4553E-013
4238 8.4632E-013
4240 8.5599E-013
4243 8.4551E-013
4246 8.4224E-013
4249 8.2901E-013
4251 8.3246E-013
4254 8.3885E-013
4257 8.4147E-013
4260 8.4549E-013
4262 8.4935E-013
4265 8.5538E-013
4268 8.4136E-013
4271 8.2535E-013
4273 8.2136E-013
4276 8.3208E-013
4279 8.3673E-013
4282 8.3494E-013
4284 8.2753E-013
4287 8.1871E-013
4290 8.0425E-013
4293 7.9748E-013
4295 7.9511E-013
4298 7.7726E-013
4301 7.5300E-013
4304 7.5032E-013
4306 7.4616E-013
4309 7.3438E-013
4312 7.5081E-013
4315 7.9933E-013
4317 8.3401E-013
4320 8.4321E-013
4323 8.3046E-013
4326 8.1265E-013
4328 8.3361E-013
4331 8.4266E-013
4334 8.3322E-013
4337 7.9594E-013
4339 7.2169E-013
4342 7.1723E-013
4345 7.9534E-013
4348 8.3060E-013
4350 8.4835E-013
4353 8.3741E-013
4356 8.5063E-013
4358 8.5320E-013
4361 8.5520E-013
4364 8.6404E-013
4367 8.5843E-013
4369 8.5284E-013
4372 8.5132E-013
4375 8.4692E-013
4378 8.5273E-013
4380 8.5803E-013
4383 8.4188E-013
4386 8.4741E-013
4389 8.5182E-013
4391 8.6158E-013
4394 8.5870E-013
4397 8.6031E-013
4400 8.6075E-013
4402 8.6136E-013
4405 8.6138E-013
4408 8.7402E-013
4411 8.7767E-013
4413 8.7494E-013
4416 8.6075E-013
4419 8.7162E-013
4422 8.7212E-013
4424 8.7617E-013
4427 8.7490E-013
4430 8.7638E-013
4433 8.8153E-013
4435 8.8142E-013
4438 8.7953E-013
4441 8.7835E-013
4444 8.7175E-013
4446 8.7931E-013
4449 8.6408E-013
4452 8.7722E-013
4455 8.7090E-013
4457 8.8179E-013
4460 8.7466E-013
4463 8.7907E-013
4466 8.7940E-013
4468 8.6703E-013
4471 8.7945E-013
4474 8.7954E-013
4477 8.8093E-013
4479 8.8276E-013
4482 8.7721E-013
4485 8.8285E-013
4488 8.8558E-013
4490 8.8333E-013
4493 8.8215E-013
4496 8.8528E-013
4499 8.8280E-013
4501 8.8200E-013
4504 8.8788E-013
4507 8.9147E-013
4510 8.9211E-013
4512 8.9563E-013
4515 8.7919E-013
4518 8.8791E-013
4521 8.8841E-013
4523 8.7085E-013
4526 8.7949E-013
4529 8.7384E-013
4532 8.7462E-013
4534 8.7407E-013
4537 8.8023E-013
4540 8.8583E-013
4543 8.9039E-013
4545 8.8661E-013
4548 8.7842E-013
4551 8.7896E-013
4554 8.7994E-013
4556 8.8663E-013
4559 8.9024E-013
4562 8.8951E-013
4565 8.8464E-013
4567 8.9052E-013
4570 8.8836E-013
4573 8.8458E-013
4576 8.9290E-013
4578 8.9658E-013
4581 8.9067E-013
4584 8.8518E-013
4586 8.8712E-013
4589 8.8732E-013
4592 8.8717E-013
4595 8.8806E-013
4597 8.9293E-013
4600 8.9334E-013
4603 8.9225E-013
4606 8.9130E-013
4608 8.9291E-013
4611 8.9550E-013
4614 8.9480E-013
4617 8.9322E-013
4619 8.9280E-013
4622 8.8703E-013
4625 8.9606E-013
4628 8.9293E-013
4630 8.9221E-013
4633 8.9356E-013
4636 8.9478E-013
4639 8.9607E-013
4641 9.0460E-013
4644 8.8701E-013
4647 8.8987E-013
4650 8.9295E-013
4652 8.8645E-013
4655 8.9656E-013
4658 8.9405E-013
4661 8.8916E-013
4663 8.9396E-013
4666 8.9402E-013
4669 8.8927E-013
4672 8.9130E-013
4674 8.9092E-013
4677 8.9509E-013
4680 8.9309E-013
4683 8.9538E-013
4685 8.8906E-013
4688 8.8707E-013
4691 8.9694E-013
4694 8.9715E-013
4696 8.9505E-013
4699 8.9658E-013
4702 8.9097E-013
4705 8.8558E-013
4707 8.8048E-013
4710 8.9489E-013
4713 8.9241E-013
4716 8.9588E-013
4718 8.8922E-013
4721 8.9614E-013
4724 8.8391E-013
4727 8.8095E-013
4729 8.8814E-013
4732 8.8883E-013
4735 8.9251E-013
4738 8.9199E-013
4740 8.8883E-013
4743 8.9061E-013
4746 8.9817E-013
4748 9.0144E-013
4751 8.9575E-013
4754 8.9320E-013
4757 8.8751E-013
4759 8.8456E-013
4762 8.8723E-013
4765 8.8958E-013
4768 8.9442E-013
4770 8.9525E-013
4773 8.8235E-013
4776 8.8790E-013
4779 8.8707E-013
4781 8.8922E-013
4784 8.8767E-013
4787 8.8757E-013
4790 8.8568E-013
4792 8.8019E-013
4795 8.8632E-013
4798 8.8828E-013
4801 8.8411E-013
4803 8.8230E-013
4806 8.8258E-013
4809 8.8375E-013
4812 8.8991E-013
4814 8.8262E-013
4817 8.7165E-013
4820 8.7758E-013
4823 8.8118E-013
4825 8.8672E-013
4828 8.8841E-013
4831 8.9005E-013
4834 8.8468E-013
4836 8.8213E-013
4839 8.8101E-013
4842 8.8403E-013
4845 8.8472E-013
4847 8.7666E-013
4850 8.7390E-013
4853 8.6962E-013
4856 8.4633E-013
4858 7.9660E-013
4861 7.4439E-013
4864 7.6433E-013
4867 8.2292E-013
4869 8.6135E-013
4872 8.6585E-013
4875 8.7153E-013
4877 8.6775E-013
4880 8.8013E-013
4883 8.7684E-013
4886 8.7006E-013
4888 8.8166E-013
4891 8.7869E-013
4894 8.8119E-013
4897 8.8237E-013
4899 8.7860E-013
4902 8.8162E-013
4905 8.8672E-013
4908 8.8624E-013
4910 8.8222E-013
4913 8.8437E-013
4916 8.8726E-013
4919 8.7102E-013
4921 8.7197E-013
4924 8.7933E-013
4927 8.8035E-013
4930 8.8302E-013
4932 8.8127E-013
4935 8.8714E-013
4938 8.8582E-013
4941 8.8784E-013
4943 8.8817E-013
4946 8.8854E-013
4949 8.9039E-013
4952 8.8530E-013
4954 8.8376E-013
4957 8.7936E-013
4960 8.7999E-013
4963 8.8617E-013
4965 8.8688E-013
4968 8.8710E-013
4971 8.9008E-013
4974 8.8743E-013
4976 8.8970E-013
4979 8.9187E-013
4982 8.8447E-013
4984 8.8542E-013
4987 8.8500E-013
4990 8.8530E-013
4993 8.8601E-013
4995 8.8978E-013
4998 8.8502E-013
5001 8.8108E-013
5004 8.8544E-013
5006 8.8061E-013
5009 8.7837E-013
5012 8.7962E-013
5015 8.7940E-013
5017 8.8253E-013
5020 8.8687E-013
5023 8.9198E-013
5026 8.8032E-013
5028 8.8097E-013
5031 8.6973E-013
5034 8.8069E-013
5037 8.8627E-013
5039 8.7763E-013
5042 8.7645E-013
5045 8.8477E-013
5048 8.8778E-013
5050 8.8063E-013
5053 8.8051E-013
5056 8.8632E-013
5059 8.8413E-013
5061 8.8333E-013
5064 8.8335E-013
5067 8.8414E-013
5070 8.8328E-013
5072 8.8576E-013
5075 8.8283E-013
5078 8.8215E-013
5080 8.8022E-013
5083 8.7309E-013
5086 8.8217E-013
5089 8.8252E-013
5091 8.8476E-013
5094 8.6852E-013
5097 8.7547E-013
5100 8.7854E-013
5102 8.8387E-013
5105 8.8338E-013
5108 8.7764E-013
5111 8.7618E-013
5113 8.7888E-013
5116 8.8005E-013
5119 8.7999E-013
5122 8.8292E-013
5124 8.7821E-013
5127 8.7460E-013
5130 8.8271E-013
5133 8.8009E-013
5135 8.7466E-013
5138 8.7225E-013
5141 8.7201E-013
5144 8.7912E-013
5146 8.7867E-013
5149 8.7950E-013
5152 8.7567E-013
5155 8.7622E-013
5157 8.8021E-013
5160 8.7836E-013
5163 8.7090E-013
5165 8.5968E-013
5168 8.3064E-013
5171 8.4501E-013
5174 8.4681E-013
5176 8.7161E-013
5179 8.7452E-013
5182 8.6368E-013
5185 8.5973E-013
5187 8.6501E-013
5190 8.6932E-013
5193 8.6995E-013
5196 8.6883E-013
5198 8.7595E-013
5201 8.6798E-013
5204 8.6548E-013
5207 8.6811E-013
5209 8.6992E-013
5212 8.7289E-013
5215 8.7412E-013
5218 8.7691E-013
5220 8.7415E-013
5223 8.7266E-013
5226 8.6766E-013
5229 8.6650E-013
5231 8.6803E-013
5234 8.6815E-013
5237 8.7420E-013
5239 8.7885E-013
5242 8.7725E-013
5245 8.7135E-013
5248 8.7306E-013
5250 8.7335E-013
5253 8.7425E-013
5256 8.7394E-013
5259 8.7490E-013
5261 8.6964E-013
5264 8.6386E-013
5267 8.5657E-013
5270 8.4180E-013
5272 8.6588E-013
5275 8.6959E-013
5278 8.7198E-013
5281 8.7258E-013
5283 8.6774E-013
5286 8.7470E-013
5289 8.7689E-013
5292 8.7885E-013
5294 8.7082E-013
5297 8.7527E-013
5300 8.6820E-013
5303 8.7168E-013
5305 8.7489E-013
5308 8.7650E-013
5311 8.7195E-013
5313 8.6749E-013
5316 8.6771E-013
5319 8.7195E-013
5322 8.6463E-013
5324 8.6139E-013
5327 8.5309E-013
5330 8.5925E-013
5333 8.6279E-013
5335 8.6567E-013
5338 8.6797E-013
5341 8.6082E-013
5344 8.6629E-013
5346 8.6683E-013
5349 8.7058E-013
5352 8.7516E-013
5355 8.6235E-013
5357 8.7237E-013
5360 8.7017E-013
5363 8.6565E-013
5366 8.7275E-013
5368 8.6657E-013
5371 8.5361E-013
5374 8.5898E-013
5376 8.6604E-013
5379 8.6805E-013
5382 8.6630E-013
5385 8.6447E-013
5387 8.6476E-013
5390 8.6581E-013
5393 8.6292E-013
5396 8.5678E-013
5398 8.5031E-013
5401 8.5015E-013
5404 8.5441E-013
5407 8.5719E-013
5409 8.6106E-013
5412 8.6580E-013
5415 8.6654E-013
5418 8.6823E-013
5420 8.6545E-013
5423 8.6663E-013
5426 8.6142E-013
5429 8.5822E-013
5431 8.5774E-013
5434 8.5235E-013
5437 8.5901E-013
5439 8.5733E-013
5442 8.5805E-013
5445 8.6162E-013
5448 8.5337E-013
5454 8.4652E-013
5459 8.4749E-013
5464 8.5922E-013
5469 8.5402E-013
5474 8.5042E-013
5479 8.5479E-013
5483 8.5784E-013
5488 8.5630E-013
5493 8.5770E-013
5498 8.5179E-013
5503 8.5129E-013
5508 8.5502E-013
5513 8.5423E-013
5517 8.5724E-013
5522 8.5747E-013
5527 8.5858E-013
5532 8.5477E-013
5537 8.5205E-013
5542 8.4218E-013
5547 8.5250E-013
5552 8.5682E-013
5556 8.5482E-013
5561 8.4948E-013
5566 8.4600E-013
5571 8.4990E-013
5576 8.4687E-013
5581 8.5097E-013
5586 8.4579E-013
5591 8.4242E-013
5595 8.4389E-013
5600 8.4261E-013
5605 8.4510E-013
5610 8.4329E-013
5615 8.4198E-013
5620 8.4102E-013
5625 8.4825E-013
5630 8.4859E-013
5634 8.4063E-013
5639 8.3610E-013
5644 8.4133E-013
5649 8.4305E-013
5654 8.3922E-013
5659 8.4137E-013
5664 8.4051E-013
5669 8.3990E-013
5673 8.3991E-013
5678 8.3838E-013
5683 8.3915E-013
5688 8.3637E-013
5693 8.3999E-013
5698 8.3816E-013
5703 8.3901E-013
5708 8.4044E-013
5712 8.3415E-013
5717 8.3891E-013
5722 8.3533E-013
5727 8.3445E-013
5732 8.3331E-013
5737 8.3526E-013
5742 8.3660E-013
5747 8.3461E-013
5751 8.3475E-013
5756 8.3711E-013
5761 8.3207E-013
5766 8.3510E-013
5771 8.3193E-013
5776 8.3452E-013
5781 8.3573E-013
5785 8.2954E-013
5790 8.3007E-013
5795 8.3267E-013
5800 8.2918E-013
5805 8.3038E-013
5810 8.2468E-013
5815 8.2746E-013
5820 8.3254E-013
5824 8.2865E-013
5829 8.2750E-013
5834 8.2261E-013
5839 8.2615E-013
5844 8.2391E-013
5849 8.2492E-013
5854 8.1903E-013
5859 8.1360E-013
5863 8.1971E-013
5868 8.2263E-013
5873 8.2567E-013
5878 8.2286E-013
5883 8.2216E-013
5888 8.1264E-013
5893 8.0124E-013
5898 8.0558E-013
5902 8.1407E-013
5907 8.1489E-013
5912 8.2154E-013
5917 8.2013E-013
5922 8.2149E-013
5927 8.1301E-013
5932 8.1710E-013
5937 8.1797E-013
5941 8.2053E-013
5946 8.0986E-013
5951 8.1663E-013
5956 8.1752E-013
5961 8.1499E-013
5966 8.1568E-013
5971 8.1544E-013
5976 8.1538E-013
5980 8.1560E-013
5985 8.1320E-013
5990 8.1347E-013
5995 8.1004E-013
6000 8.1117E-013
6005 8.0915E-013
6010 8.0762E-013
6015 8.0764E-013
6020 8.1022E-013
6024 8.0943E-013
6029 8.0738E-013
6034 8.0866E-013
6039 8.0524E-013
6044 8.1695E-013
6049 8.0628E-013
6054 8.0560E-013
6059 8.0213E-013
6063 8.0404E-013
6068 8.0266E-013
6073 8.0144E-013
6078 8.0069E-013
6083 8.0663E-013
6088 7.9899E-013
6093 7.9578E-013
6098 7.9697E-013
6102 7.9847E-013
6107 8.0116E-013
6112 7.9555E-013
6117 7.9403E-013
6122 7.9446E-013
6127 7.9052E-013
6132 7.9402E-013
6137 7.9884E-013
6141 7.9602E-013
6146 7.9610E-013
6151 7.9412E-013
6156 7.9421E-013
6161 7.9456E-013
6166 7.9212E-013
6171 7.9156E-013
6176 7.9581E-013
6180 7.9481E-013
6185 7.8796E-013
6190 7.9440E-013
6195 7.9109E-013
6200 7.9274E-013
6205 7.9249E-013
6210 7.8946E-013
6215 7.9100E-013
6219 7.8700E-013
6224 7.8784E-013
6229 7.8824E-013
6234 7.9211E-013
6239 7.9193E-013
6244 7.8394E-013
6249 7.8497E-013
6254 7.8252E-013
6258 7.8724E-013
6263 7.8189E-013
6268 7.7911E-013
6273 7.8731E-013
6278 7.8487E-013
6283 7.8314E-013
6288 7.8144E-013
6293 7.8429E-013
6298 7.8482E-013
6302 7.8631E-013
6307 7.7540E-013
6312 7.7590E-013
6317 7.7141E-013
6322 7.6571E-013
6327 7.6354E-013
6332 7.6115E-013
6337 7.5918E-013
6341 7.6709E-013
6346 7.7228E-013
6351 7.7281E-013
6356 7.7773E-013
6361 7.7512E-013
6366 7.7392E-013
6371 7.6966E-013
6376 7.7020E-013
6380 7.6932E-013
6385 7.7271E-013
6390 7.7346E-013
6395 7.7076E-013
6400 7.7588E-013
6405 7.6919E-013
6410 7.6216E-013
6415 7.6162E-013
6419 7.6503E-013
6424 7.6547E-013
6429 7.6355E-013
6434 7.6416E-013
6439 7.6124E-013
6444 7.5973E-013
6449 7.5047E-013
6454 7.5731E-013
6459 7.5710E-013
6463 7.5600E-013
6468 7.5981E-013
6473 7.5922E-013
6478 7.5711E-013
6483 7.5329E-013
6488 7.5750E-013
6493 7.5526E-013
6498 7.5545E-013
6502 7.5627E-013
6507 7.5454E-013
6512 7.5526E-013
6517 7.5505E-013
6522 7.4743E-013
6527 7.4758E-013
6532 7.5380E-013
6537 7.5481E-013
6541 7.4959E-013
6546 7.4182E-013
6551 7.3388E-013
6556 7.0447E-013
6561 6.7692E-013
6566 6.6759E-013
6571 7.0375E-013
6576 7.2471E-013
6581 7.3882E-013
6585 7.4116E-013
6590 7.4832E-013
6595 7.4122E-013
6600 7.4780E-013
6605 7.4386E-013
6610 7.4573E-013
6615 7.4358E-013
6620 7.4548E-013
6624 7.4503E-013
6629 7.4707E-013
6634 7.3851E-013
6639 7.3699E-013
6644 7.3823E-013
6649 7.3842E-013
6654 7.4089E-013
6659 7.4063E-013
6664 7.4168E-013
6668 7.4116E-013
6673 7.4165E-013
6678 7.3978E-013
6683 7.4012E-013
6688 7.4108E-013
6693 7.4002E-013
6698 7.3835E-013
6703 7.3688E-013
6707 7.3421E-013
6712 7.3218E-013
6717 7.3343E-013
6722 7.3190E-013
6727 7.2933E-013
6732 7.3274E-013
6737 7.3402E-013
6742 7.3588E-013
6746 7.3632E-013
6751 7.3385E-013
6756 7.3355E-013
6761 7.3143E-013
6766 7.3386E-013
6771 7.2862E-013
6776 7.3165E-013
6781 7.3081E-013
6786 7.2727E-013
6790 7.2335E-013
6795 7.2399E-013
6800 7.2660E-013
6805 7.2471E-013
6810 7.2424E-013
6815 7.2623E-013
6820 7.2422E-013
6825 7.2374E-013
6829 7.2403E-013
6834 7.2209E-013
6839 7.1957E-013
6844 7.2188E-013
6849 7.1984E-013
6854 7.1837E-013
6859 7.1575E-013
6864 7.1485E-013
6869 7.2038E-013
6873 7.1965E-013
6878 7.1847E-013
6883 7.1549E-013
6888 7.1701E-013
6893 7.1494E-013
6898 7.1543E-013
6903 7.1507E-013
6908 7.1522E-013
6912 7.1312E-013
6917 7.1512E-013
6922 7.1114E-013
6927 7.1015E-013
6932 7.1259E-013
6937 7.1087E-013
6942 7.1074E-013
6947 7.0989E-013
6952 7.0544E-013
6956 7.0574E-013
6961 7.0749E-013
6966 7.1050E-013
6971 7.0752E-013
6976 7.0358E-013
6981 7.0674E-013
6986 7.0781E-013
6991 7.0175E-013
6995 7.0523E-013
7000 7.0167E-013
7005 7.0136E-013
7010 7.0116E-013
7015 7.0543E-013
7020 7.0030E-013
7025 7.0144E-013
7030 6.9810E-013
7035 6.9991E-013
7039 6.9945E-013
7044 7.0037E-013
7049 6.9459E-013
7054 6.9797E-013
7059 6.9868E-013
7064 6.9692E-013
7069 6.9613E-013
7074 6.9323E-013
7078 6.9388E-013
7083 6.9577E-013
7088 6.8978E-013
7093 6.9248E-013
7098 6.9154E-013
7103 6.8991E-013
7108 6.9069E-013
7113 6.8775E-013
7118 6.8960E-013
7122 6.8992E-013
7127 6.9019E-013
7132 6.8690E-013
7137 6.8580E-013
7142 6.8616E-013
7147 6.8848E-013
7152 6.8790E-013
7157 6.8637E-013
7161 6.8509E-013
7166 6.8718E-013
7171 6.8184E-013
7176 6.8337E-013
7181 6.8052E-013
7186 6.8095E-013
7191 6.8075E-013
7196 6.8065E-013
7201 6.8114E-013
7205 6.8509E-013
7210 6.8447E-013
7215 6.8422E-013
7220 6.7963E-013
7225 6.7810E-013
7230 6.8174E-013
7235 6.7826E-013
7240 6.7578E-013
7245 6.7428E-013
7249 6.7094E-013
7254 6.7329E-013
7259 6.7292E-013
7264 6.7307E-013
7269 6.7209E-013
7274 6.7564E-013
7279 6.7310E-013
7284 6.7421E-013
7288 6.6999E-013
7293 6.6934E-013
7298 6.7260E-013
7303 6.6749E-013
7308 6.6528E-013
7313 6.6407E-013
7318 6.6530E-013
7323 6.6313E-013
7328 6.6656E-013
7332 6.6632E-013
7337 6.6493E-013
7342 6.6558E-013
7347 6.6192E-013
7352 6.6409E-013
7357 6.6178E-013
7362 6.6666E-013
7367 6.6268E-013
7371 6.6019E-013
7376 6.6238E-013
7381 6.6227E-013
7386 6.6289E-013
7391 6.5773E-013
7396 6.5931E-013
7401 6.5853E-013
7406 6.5629E-013
7411 6.5343E-013
7415 6.5628E-013
7420 6.5707E-013
7425 6.5527E-013
7430 6.5237E-013
7435 6.5560E-013
7440 6.5554E-013
7445 6.5511E-013
7450 6.5383E-013
7455 6.5354E-013
7459 6.5185E-013
7464 6.5339E-013
7469 6.5034E-013
7474 6.5086E-013
7479 6.5039E-013
7484 6.4926E-013
7489 6.4742E-013
7494 6.4790E-013
7498 6.4445E-013
7503 6.4523E-013
7508 6.4334E-013
7513 6.4565E-013
7518 6.4674E-013
7523 6.4540E-013
7528 6.4368E-013
7533 6.4408E-013
7538 6.4323E-013
7542 6.4292E-013
7547 6.4285E-013
7552 6.4055E-013
7557 6.4160E-013
7562 6.4122E-013
7567 6.3942E-013
7572 6.3852E-013
7577 6.3731E-013
7581 6.3820E-013
7586 6.4003E-013
7591 6.3933E-013
7596 6.3430E-013
7601 6.3653E-013
7606 6.3363E-013
7611 6.3296E-013
7616 6.3141E-013
7621 6.3544E-013
7625 6.3391E-013
7630 6.3361E-013
7635 6.3418E-013
7640 6.3182E-013
7645 6.3322E-013
7650 6.3110E-013
7655 6.2899E-013
7660 6.2912E-013
7665 6.2754E-013
7669 6.2848E-013
7674 6.3111E-013
7679 6.3162E-013
7684 6.2822E-013
7689 6.2828E-013
7694 6.2444E-013
7699 6.2726E-013
7704 6.2539E-013
7708 6.2656E-013
7713 6.2681E-013
7718 6.2297E-013
7723 6.2649E-013
7728 6.2539E-013
7733 6.2753E-013
7738 6.2656E-013
7743 6.2283E-013
7748 6.1959E-013
7752 6.2251E-013
7757 6.1864E-013
7762 6.2561E-013
7767 6.2210E-013
7772 6.2076E-013
7777 6.1913E-013
7782 6.1924E-013
7787 6.1812E-013
7792 6.1776E-013
7796 6.1472E-013
7801 6.1649E-013
7806 6.1677E-013
7811 6.1713E-013
7816 6.1565E-013
7821 6.1548E-013
7826 6.1588E-013
7831 6.1877E-013
7835 6.1543E-013
7840 6.1609E-013
7845 6.1324E-013
7850 6.0726E-013
7855 6.1025E-013
7860 6.0918E-013
7865 6.0953E-013
7870 6.1118E-013
7875 6.0468E-013
7879 6.0565E-013
7884 6.0886E-013
7889 6.1054E-013
7894 6.1154E-013
7899 6.1331E-013
7904 6.1402E-013
7909 6.0855E-013
7914 6.0154E-013
7919 6.0402E-013
7923 6.0165E-013
7928 6.0327E-013
7933 6.0176E-013
7938 6.0136E-013
7943 6.0045E-013
7948 5.9801E-013
7953 6.0296E-013
7958 5.9702E-013
7962 5.9705E-013
7967 5.9959E-013
7972 5.9836E-013
7977 6.0281E-013
7982 6.0019E-013
7987 6.0083E-013
7992 5.9851E-013
7997 5.9541E-013
8002 5.9303E-013
8006 5.9167E-013
8011 5.9543E-013
8016 5.9479E-013
8021 5.9701E-013
8026 5.9785E-013
8031 6.0138E-013
8036 5.9234E-013
8041 5.8824E-013
8046 5.9121E-013
8050 5.8838E-013
8055 5.8746E-013
8060 5.8753E-013
8065 5.8633E-013
8070 5.8918E-013
8075 5.8566E-013
8080 5.8501E-013
8085 5.8654E-013
8089 5.8266E-013
8094 5.8598E-013
8099 5.8357E-013
8104 5.8271E-013
8109 5.8727E-013
8114 5.8281E-013
8119 5.8382E-013
8124 5.8489E-013
8129 5.8428E-013
8133 5.8486E-013
8138 5.7900E-013
8143 5.7855E-013
8148 5.7816E-013
8153 5.7683E-013
8158 5.7933E-013
8163 5.7831E-013
8168 5.7847E-013
8172 5.7672E-013
8177 5.7846E-013
8182 5.7624E-013
8187 5.7490E-013
8192 5.7652E-013
8197 5.7330E-013
8202 5.7405E-013
8207 5.7297E-013
8212 5.7360E-013
8216 5.7123E-013
8221 5.7235E-013
8226 5.7202E-013
8231 5.6911E-013
8236 5.6780E-013
8241 5.6727E-013
8246 5.6868E-013
8251 5.6943E-013
8256 5.6817E-013
8260 5.6685E-013
8265 5.6509E-013
8270 5.6560E-013
8275 5.6586E-013
8280 5.6807E-013
8285 5.6654E-013
8290 5.6442E-013
8295 5.6056E-013
8299 5.6357E-013
8304 5.6368E-013
8309 5.6447E-013
8314 5.6412E-013
8319 5.6419E-013
8324 5.6147E-013
8329 5.5806E-013
8334 5.5928E-013
8339 5.6017E-013
8343 5.5706E-013
8348 5.6019E-013
8353 5.5908E-013
8358 5.5517E-013
8363 5.5132E-013
8368 5.5063E-013
8373 5.5501E-013
8378 5.5507E-013
8383 5.5638E-013
8387 5.5865E-013
8392 5.5300E-013
8397 5.5674E-013
8402 5.5693E-013
8407 5.5258E-013
8412 5.5294E-013
8417 5.5395E-013
8422 5.5257E-013
8426 5.5471E-013
8431 5.5132E-013
8436 5.5241E-013
8441 5.4419E-013
8446 5.4344E-013
8451 5.4568E-013
8456 5.4441E-013
8461 5.4532E-013
8466 5.4958E-013
8470 5.5107E-013
8475 5.4772E-013
8480 5.4684E-013
8485 5.4308E-013
8490 5.4524E-013
8495 5.4317E-013
8500 5.3562E-013
8505 5.3625E-013
8509 5.4228E-013
8514 5.4262E-013
8519 5.4152E-013
8524 5.3752E-013
8529 5.3323E-013
8534 5.3007E-013
8539 5.2441E-013
8544 5.2161E-013
8549 5.2160E-013
8553 5.3612E-013
8558 5.3737E-013
8563 5.3877E-013
8568 5.4563E-013
8573 5.4305E-013
8578 5.4565E-013
8583 5.4056E-013
8588 5.3955E-013
8592 5.3714E-013
8597 5.3486E-013
8602 5.3098E-013
8607 5.2803E-013
8612 5.3251E-013
8617 5.3304E-013
8622 5.3662E-013
8627 5.3049E-013
8632 5.3200E-013
8636 5.3135E-013
8641 5.2922E-013
8646 5.3101E-013
8651 5.2979E-013
8656 5.2910E-013
8661 5.1270E-013
8666 5.0990E-013
8671 5.1766E-013
8676 5.2194E-013
8680 5.2415E-013
8685 5.2715E-013
8690 5.2590E-013
8695 5.2718E-013
8700 5.2991E-013
8705 5.3023E-013
8710 5.3043E-013
8715 5.2484E-013
8719 5.2489E-013
8724 5.2315E-013
8729 5.2062E-013
8734 5.2203E-013
8739 5.2298E-013
8744 5.2137E-013
8749 5.1777E-013
8754 5.1995E-013
8759 5.2079E-013
8763 5.2681E-013
8768 5.2634E-013
8773 5.2570E-013
8778 5.2309E-013
8783 5.2291E-013
8788 5.1873E-013
8793 5.1844E-013
8798 5.1836E-013
8802 5.1641E-013
8807 5.1725E-013
8812 5.1963E-013
8817 5.1731E-013
8822 5.1802E-013
8827 5.1509E-013
8832 5.1566E-013
8837 5.1660E-013
8842 5.1568E-013
8846 5.1817E-013
8851 5.1481E-013
8856 5.1310E-013
8861 5.0646E-013
8866 5.0683E-013
8871 5.0873E-013
8876 5.1059E-013
8881 5.1103E-013
8885 5.1189E-013
8890 5.1265E-013
8895 5.0970E-013
8900 5.0614E-013
8905 5.0518E-013
8910 5.0741E-013
8915 5.0804E-013
8920 5.1260E-013
8924 5.1518E-013
8929 5.1116E-013
8934 5.0821E-013
8939 5.0358E-013
8944 4.9864E-013
8949 5.0360E-013
8954 5.0467E-013
8959 5.0993E-013
8964 5.0776E-013
8968 5.0616E-013
8973 5.0214E-013
8978 5.0343E-013
8983 5.0542E-013
8988 5.0132E-013
8993 5.0445E-013
8998 4.9848E-013
9003 5.0210E-013
9007 4.9765E-013
9012 4.9348E-013
9017 4.9370E-013
9022 4.9799E-013
9027 5.0159E-013
9032 5.0094E-013
9037 5.0426E-013
9042 5.0113E-013
9047 4.9894E-013
9051 4.9848E-013
9056 4.9523E-013
9061 4.9591E-013
9066 4.9726E-013
9071 4.9406E-013
9076 5.0002E-013
9081 4.9965E-013
9086 4.9353E-013
9090 4.9222E-013
9095 4.9131E-013
9100 4.9289E-013
9105 4.9212E-013
9110 4.9449E-013
9115 4.9495E-013
9120 4.9175E-013
9125 4.8855E-013
9130 4.8668E-013
9134 4.9254E-013
9139 4.9260E-013
9144 4.9237E-013
9149 4.9709E-013
9154 4.9431E-013
9159 4.9854E-013
9164 4.9652E-013
9169 4.8973E-013
9173 4.8562E-013
9178 4.8644E-013
9183 4.8584E-013
9188 4.9093E-013
9193 4.9160E-013
9198 4.9233E-013
9203 4.8937E-013
9208 4.8559E-013
9212 4.8283E-013
9217 4.7770E-013
9222 4.8099E-013
9227 4.7921E-013
9232 4.7910E-013
9237 4.8107E-013
9242 4.8054E-013
9247 4.7579E-013
9252 4.7689E-013
9256 4.7907E-013
9261 4.8188E-013
9266 4.7823E-013
9271 4.7602E-013
9276 4.7715E-013
9281 4.7847E-013
9286 4.8084E-013
9291 4.8702E-013
9295 4.8360E-013
9300 4.8081E-013
9305 4.7877E-013
9310 4.7554E-013
9315 4.7155E-013
9320 4.7081E-013
9325 4.7111E-013
9330 4.7016E-013
9334 4.7184E-013
9339 4.7157E-013
9344 4.6770E-013
9349 4.6655E-013
9354 4.6743E-013
9359 4.7244E-013
9364 4.7058E-013
9369 4.6913E-013
9373 4.6925E-013
9378 4.6807E-013
9383 4.6717E-013
9388 4.6478E-013
9393 4.6820E-013
9398 4.6733E-013
9403 4.6746E-013
9408 4.6528E-013
9413 4.6451E-013
9417 4.6356E-013
9422 4.5964E-013
9427 4.6311E-013
9432 4.6438E-013
9437 4.6406E-013
9442 4.6819E-013
9447 4.6729E-013
9452 4.6405E-013
9456 4.6018E-013
9461 4.6310E-013
9466 4.6426E-013
9471 4.6477E-013
9476 4.6443E-013
9481 4.6245E-013
9486 4.5879E-013
9491 4.5932E-013
9495 4.5768E-013
9500 4.5919E-013
9505 4.5524E-013
9510 4.5639E-013
9515 4.5676E-013
9520 4.5501E-013
9525 4.5073E-013
9530 4.5250E-013
9534 4.5402E-013
9539 4.5262E-013
9544 4.5036E-013
9549 4.4604E-013
9554 4.4616E-013
9559 4.4823E-013
9564 4.5258E-013
9569 4.5095E-013
9573 4.5151E-013
9578 4.5398E-013
9583 4.4609E-013
9588 4.4976E-013
9593 4.5144E-013
9598 4.5299E-013
9603 4.5358E-013
9608 4.5018E-013
9613 4.4920E-013
9617 4.5525E-013
9622 4.4753E-013
9627 4.4851E-013
9632 4.4668E-013
9637 4.4714E-013
9642 4.4812E-013
9647 4.4046E-013
9652 4.4390E-013
9656 4.4256E-013
9661 4.4114E-013
9666 4.4188E-013
9671 4.4371E-013
9676 4.4332E-013
9681 4.4179E-013
9686 4.4342E-013
9691 4.4184E-013
9695 4.4426E-013
9700 4.4723E-013
9705 4.4684E-013
9710 4.3800E-013
9715 4.3943E-013
9720 4.3898E-013
9725 4.3335E-013
9730 4.3767E-013
9734 4.3993E-013
9739 4.3704E-013
9744 4.3956E-013
9749 4.3835E-013
9754 4.3916E-013
9759 4.4105E-013
9764 4.3933E-013
9769 4.4041E-013
9773 4.3600E-013
9778 4.3922E-013
9783 4.3595E-013
9788 4.3804E-013
9793 4.3290E-013
9798 4.3066E-013
9803 4.3073E-013
9808 4.3359E-013
9812 4.2863E-013
9817 4.2839E-013
9822 4.2701E-013
9827 4.2569E-013
9832 4.2611E-013
9837 4.3054E-013
9842 4.2874E-013
9847 4.2596E-013
9851 4.3484E-013
9856 4.2934E-013
9861 4.3007E-013
9866 4.2918E-013
9871 4.2248E-013
9876 4.2250E-013
9881 4.3042E-013
9886 4.3044E-013
9890 4.2756E-013
9895 4.2913E-013
9900 4.2771E-013
9905 4.1826E-013
9910 4.2270E-013
9915 4.2480E-013
9920 4.1833E-013
9925 4.2321E-013
9929 4.2429E-013
9934 4.2704E-013
9939 4.2188E-013
9944 4.2258E-013
9949 4.2467E-013
9954 4.2281E-013
9959 4.2316E-013
9964 4.2453E-013
9968 4.2135E-013
9973 4.1941E-013
9978 4.2096E-013
9983 4.1910E-013
9988 4.1888E-013
9993 4.1755E-013
9998 4.1946E-013
1E+004 4.1914E-013
1.001E+004 4.2171E-013
1.001E+004 4.1633E-013
1.002E+004 4.1713E-013
1.002E+004 4.1818E-013
1.003E+004 4.1314E-013
1.003E+004 4.1523E-013
1.004E+004 4.1073E-013
1.004E+004 4.0813E-013
1.005E+004 4.0554E-013
1.005E+004 4.0049E-013
1.006E+004 4.0909E-013
1.006E+004 4.0906E-013
1.007E+004 4.0797E-013
1.007E+004 4.1287E-013
1.008E+004 4.1317E-013
1.008E+004 4.1075E-013
1.009E+004 4.0914E-013
1.009E+004 4.0779E-013
1.01E+004 4.0879E-013
1.01E+004 4.1104E-013
1.01E+004 4.0802E-013
1.011E+004 4.0720E-013
1.011E+004 4.0917E-013
1.012E+004 4.0701E-013
1.013E+004 4.0192E-013
1.018E+004 3.9725E-013
1.023E+004 3.9392E-013
1.028E+004 3.9070E-013
1.033E+004 3.8720E-013
1.038E+004 3.8359E-013
1.043E+004 3.7957E-013
1.048E+004 3.7736E-013
1.053E+004 3.7344E-013
1.058E+004 3.6994E-013
1.063E+004 3.6673E-013
1.068E+004 3.6312E-013
1.073E+004 3.5871E-013
1.078E+004 3.5695E-013
1.083E+004 3.5283E-013
1.088E+004 3.4996E-013
1.093E+004 3.4440E-013
1.098E+004 3.4386E-013
1.103E+004 3.4142E-013
1.108E+004 3.3817E-013
1.113E+004 3.3545E-013
1.118E+004 3.3249E-013
1.123E+004 3.2912E-013
1.128E+004 3.2635E-013
1.133E+004 3.2363E-013
1.138E+004 3.2100E-013
1.143E+004 3.1795E-013
1.148E+004 3.1628E-013
1.153E+004 3.1332E-013
1.158E+004 3.1103E-013
1.163E+004 3.0691E-013
1.168E+004 3.0552E-013
1.173E+004 3.0259E-013
1.178E+004 3.0043E-013
1.183E+004 2.9765E-013
1.188E+004 2.9505E-013
1.193E+004 2.9280E-013
1.198E+004 2.8951E-013
1.203E+004 2.8782E-013
1.208E+004 2.8514E-013
1.213E+004 2.8415E-013
1.218E+004 2.8204E-013
1.223E+004 2.7953E-013
1.228E+004 2.7745E-013
1.233E+004 2.7503E-013
1.238E+004 2.7344E-013
1.243E+004 2.7045E-013
1.248E+004 2.6879E-013
1.253E+004 2.6664E-013
1.258E+004 2.6458E-013
1.263E+004 2.6230E-013
1.268E+004 2.6036E-013
1.273E+004 2.5883E-013
1.278E+004 2.5714E-013
1.283E+004 2.4957E-013
1.288E+004 2.5265E-013
1.293E+004 2.5111E-013
1.298E+004 2.4898E-013
1.303E+004 2.4688E-013
1.308E+004 2.4537E-013
1.313E+004 2.4282E-013
1.318E+004 2.4203E-013
1.323E+004 2.4005E-013
1.328E+004 2.3837E-013
1.333E+004 2.3617E-013
1.338E+004 2.3493E-013
1.343E+004 2.3295E-013
1.348E+004 2.3153E-013
1.353E+004 2.2952E-013
1.358E+004 2.2807E-013
1.363E+004 2.2663E-013
1.368E+004 2.2465E-013
1.373E+004 2.2384E-013
1.378E+004 2.2163E-013
1.383E+004 2.2038E-013
1.388E+004 2.1896E-013
1.393E+004 2.1774E-013
1.398E+004 2.1643E-013
1.403E+004 2.1402E-013
1.408E+004 2.1328E-013
1.413E+004 2.1148E-013
1.418E+004 2.1003E-013
1.423E+004 2.0845E-013
1.428E+004 2.0754E-013
1.433E+004 2.0555E-013
1.438E+004 2.0394E-013
1.443E+004 2.0391E-013
1.448E+004 2.0134E-013
1.453E+004 2.0082E-013
1.457E+004 1.9930E-013
1.462E+004 1.9810E-013
1.468E+004 1.9689E-013
1.473E+004 1.9527E-013
1.478E+004 1.9424E-013
1.483E+004 1.9318E-013
1.488E+004 1.9108E-013
1.493E+004 1.9090E-013
1.498E+004 1.8969E-013
1.503E+004 1.8685E-013
1.508E+004 1.8678E-013
1.513E+004 1.8613E-013
1.518E+004 1.8458E-013
1.523E+004 1.8409E-013
1.528E+004 1.8243E-013
1.533E+004 1.8109E-013
1.538E+004 1.8059E-013
1.543E+004 1.7890E-013
1.548E+004 1.7797E-013
1.553E+004 1.7701E-013
1.558E+004 1.7490E-013
1.563E+004 1.7440E-013
1.568E+004 1.7320E-013
1.573E+004 1.7063E-013
1.578E+004 1.7041E-013
1.583E+004 1.6997E-013
1.588E+004 1.6570E-013
1.593E+004 1.6655E-013
1.598E+004 1.6675E-013
1.605E+004 1.6457E-013
1.615E+004 1.6008E-013
1.625E+004 1.6045E-013
1.635E+004 1.5679E-013
1.645E+004 1.5191E-013
1.655E+004 1.5127E-013
1.665E+004 1.4829E-013
1.675E+004 1.4471E-013
1.685E+004 1.4023E-013
1.695E+004 1.3957E-013
1.705E+004 1.3672E-013
1.715E+004 1.3417E-013
1.725E+004 1.3143E-013
1.735E+004 1.2647E-013
1.745E+004 1.2637E-013
1.755E+004 1.2395E-013
1.765E+004 1.2159E-013
1.775E+004 1.1936E-013
1.785E+004 1.1694E-013
1.795E+004 1.1465E-013
1.805E+004 1.1270E-013
1.815E+004 1.0856E-013
1.825E+004 1.0833E-013
1.835E+004 1.0637E-013
1.845E+004 1.0426E-013
1.855E+004 1.0249E-013
1.865E+004 1.0035E-013
1.875E+004 9.5781E-014
1.885E+004 9.6723E-014
1.895E+004 9.4896E-014
1.905E+004 9.3385E-014
1.915E+004 9.1856E-014
1.925E+004 8.9888E-014
1.935E+004 8.8427E-014
1.945E+004 8.4957E-014
1.955E+004 8.5311E-014
1.965E+004 8.3679E-014
1.975E+004 8.2296E-014
1.985E+004 8.0784E-014
1.995E+004 7.9526E-014
2.005E+004 7.8195E-014
2.015E+004 7.6841E-014
2.025E+004 7.5365E-014
2.035E+004 7.4237E-014
2.045E+004 7.2935E-014
2.055E+004 7.1657E-014
2.065E+004 7.0379E-014
2.075E+004 6.9343E-014
2.085E+004 6.8106E-014
2.095E+004 6.6863E-014
2.105E+004 6.5911E-014
2.115E+004 6.4721E-014
2.125E+004 6.3611E-014
2.135E+004 6.2696E-014
2.145E+004 6.1620E-014
2.155E+004 6.0703E-014
2.165E+004 5.8408E-014
2.175E+004 5.8677E-014
2.185E+004 5.7617E-014
2.195E+004 5.6786E-014
2.205E+004 5.5781E-014
2.215E+004 5.4939E-014
2.225E+004 5.4031E-014
2.235E+004 5.3217E-014
2.245E+004 5.2290E-014
2.255E+004 5.1554E-014
2.265E+004 5.0701E-014
2.275E+004 4.9915E-014
2.285E+004 4.9140E-014
2.295E+004 4.8228E-014
2.305E+004 4.7586E-014
2.315E+004 4.6845E-014
2.325E+004 4.5825E-014
2.335E+004 4.5301E-014
2.345E+004 4.4734E-014
2.355E+004 4.3712E-014
2.365E+004 4.3245E-014
2.375E+004 4.2660E-014
2.385E+004 4.1726E-014
2.395E+004 4.1276E-014
2.405E+004 4.0799E-014
2.415E+004 3.9912E-014
2.425E+004 3.9467E-014
2.435E+004 3.8897E-014
2.445E+004 3.8228E-014
2.455E+004 3.7652E-014
2.465E+004 3.7163E-014
2.475E+004 3.6632E-014
2.485E+004 3.5993E-014
2.495E+004 3.5588E-014
2.505E+004 3.5139E-014
2.515E+004 3.4535E-014
2.525E+004 3.4096E-014
2.535E+004 3.3641E-014
2.545E+004 3.3080E-014
2.555E+004 3.2625E-014
2.565E+004 3.2131E-014
2.575E+004 3.1815E-014
2.585E+004 3.1224E-014
2.595E+004 3.0891E-014
2.605E+004 3.0510E-014
2.615E+004 2.9942E-014
2.625E+004 2.8906E-014
2.635E+004 2.9254E-014
2.645E+004 2.8770E-014
2.655E+004 2.8424E-014
2.665E+004 2.7931E-014
2.675E+004 2.7501E-014
2.685E+004 2.7335E-014
2.695E+004 2.6932E-014
2.705E+004 2.6580E-014
2.715E+004 2.6235E-014
2.725E+004 2.5868E-014
2.735E+004 2.5549E-014
2.745E+004 2.5203E-014
2.755E+004 2.4657E-014
2.765E+004 2.4497E-014
2.775E+004 2.4186E-014
2.785E+004 2.3889E-014
2.795E+004 2.3609E-014
2.805E+004 2.3275E-014
2.815E+004 2.2985E-014
2.825E+004 2.2677E-014
2.835E+004 2.2376E-014
2.845E+004 2.2102E-014
2.855E+004 2.1796E-014
2.865E+004 2.1515E-014
2.875E+004 2.1058E-014
2.885E+004 2.0991E-014
2.895E+004 2.0715E-014
2.905E+004 2.0455E-014
2.915E+004 2.0204E-014
2.925E+004 1.9928E-014
2.935E+004 1.9693E-014
2.945E+004 1.9425E-014
2.955E+004 1.9202E-014
2.965E+004 1.8978E-014
2.975E+004 1.8741E-014
2.985E+004 1.8490E-014
2.995E+004 1.8243E-014
3.005E+004 1.8058E-014
3.015E+004 1.7815E-014
3.025E+004 1.7602E-014
3.035E+004 1.7229E-014
3.045E+004 1.7117E-014
3.055E+004 1.6957E-014
3.065E+004 1.6745E-014
3.075E+004 1.6551E-014
3.085E+004 1.6353E-014
3.095E+004 1.6156E-014
3.105E+004 1.5972E-014
3.115E+004 1.5727E-014
3.125E+004 1.5587E-014
3.135E+004 1.5418E-014
3.145E+004 1.5214E-014
3.155E+004 1.5021E-014
3.165E+004 1.4832E-014
3.175E+004 1.4697E-014
3.185E+004 1.4524E-014
3.195E+004 1.4304E-014
3.21E+004 1.4084E-014
3.23E+004 1.3773E-014
3.25E+004 1.3443E-014
3.27E+004 1.3144E-014
3.29E+004 1.2762E-014
3.31E+004 1.2520E-014
3.33E+004 1.2266E-014
3.35E+004 1.2000E-014
3.37E+004 1.1722E-014
3.39E+004 1.1460E-014
3.41E+004 1.1199E-014
3.43E+004 1.0968E-014
3.45E+004 1.0746E-014
3.47E+004 1.0503E-014
3.49E+004 1.0279E-014
3.51E+004 1.0071E-014
3.53E+004 9.8455E-015
3.55E+004 9.6281E-015
3.57E+004 9.4341E-015
3.59E+004 9.2355E-015
3.61E+004 9.0491E-015
3.63E+004 8.8633E-015
3.65E+004 8.6561E-015
3.67E+004 8.4865E-015
3.69E+004 8.2736E-015
3.71E+004 8.0858E-015
3.73E+004 7.9565E-015
3.75E+004 7.7281E-015
3.77E+004 7.6417E-015
3.79E+004 7.4917E-015
3.81E+004 7.3481E-015
3.83E+004 7.2179E-015
3.85E+004 7.0851E-015
3.87E+004 6.9323E-015
3.89E+004 6.7983E-015
3.91E+004 6.6694E-015
3.93E+004 6.5475E-015
3.95E+004 6.4089E-015
3.97E+004 6.2871E-015
3.99E+004 6.1508E-015
4.01E+004 6.0406E-015
4.03E+004 5.9359E-015
4.05E+004 5.7679E-015
4.07E+004 5.7159E-015
4.09E+004 5.6128E-015
4.11E+004 5.5153E-015
4.13E+004 5.4161E-015
4.15E+004 5.3111E-015
4.17E+004 5.2079E-015
4.19E+004 5.1146E-015
4.21E+004 5.0128E-015
4.23E+004 4.9236E-015
4.25E+004 4.8355E-015
4.27E+004 4.7495E-015
4.29E+004 4.6651E-015
4.31E+004 4.5820E-015
4.33E+004 4.5014E-015
4.35E+004 4.4219E-015
4.37E+004 4.3346E-015
4.39E+004 4.2683E-015
4.41E+004 4.1945E-015
4.43E+004 4.1221E-015
4.45E+004 4.0512E-015
4.47E+004 3.9821E-015
4.49E+004 3.9147E-015
4.51E+004 3.8480E-015
4.53E+004 3.7835E-015
4.55E+004 3.7203E-015
4.57E+004 3.6586E-015
4.59E+004 3.5977E-015
4.61E+004 3.5385E-015
4.63E+004 3.4801E-015
4.65E+004 3.4068E-015
4.67E+004 3.3589E-015
4.69E+004 3.3130E-015
4.71E+004 3.2596E-015
4.73E+004 3.2072E-015
4.75E+004 3.1555E-015
4.77E+004 3.1050E-015
4.79E+004 3.0556E-015
4.81E+004 3.0067E-015
4.83E+004 2.9594E-015
4.85E+004 2.9126E-015
4.87E+004 2.8669E-015
4.89E+004 2.8220E-015
4.91E+004 2.7781E-015
4.93E+004 2.7347E-015
4.95E+004 2.6927E-015
4.97E+004 2.6510E-015
4.99E+004 2.6106E-015
5.01E+004 2.5704E-015
5.03E+004 2.5315E-015
5.05E+004 2.4927E-015
5.07E+004 2.4552E-015
5.09E+004 2.4184E-015
5.11E+004 2.3820E-015
5.13E+004 2.3399E-015
5.15E+004 2.3115E-015
5.17E+004 2.2773E-015
5.19E+004 2.2437E-015
5.21E+004 2.2106E-015
5.23E+004 2.1782E-015
5.25E+004 2.1465E-015
5.27E+004 2.1151E-015
5.29E+004 2.0845E-015
5.31E+004 2.0545E-015
5.33E+004 2.0248E-015
5.35E+004 1.9959E-015
5.37E+004 1.9671E-015
5.39E+004 1.9392E-015
5.41E+004 1.9118E-015
5.43E+004 1.8847E-015
5.45E+004 1.8582E-015
5.47E+004 1.8320E-015
5.49E+004 1.8065E-015
5.51E+004 1.7813E-015
5.53E+004 1.7561E-015
5.55E+004 1.7322E-015
5.57E+004 1.7084E-015
5.59E+004 1.6848E-015
5.61E+004 1.6617E-015
5.63E+004 1.6390E-015
5.65E+004 1.6168E-015
5.67E+004 1.5948E-015
5.69E+004 1.5732E-015
5.71E+004 1.5513E-015
5.73E+004 1.5312E-015
5.75E+004 1.5107E-015
5.77E+004 1.4906E-015
5.79E+004 1.4707E-015
5.81E+004 1.4512E-015
5.83E+004 1.4321E-015
5.85E+004 1.4132E-015
5.87E+004 1.3947E-015
5.89E+004 1.3764E-015
5.91E+004 1.3547E-015
5.93E+004 1.3408E-015
5.95E+004 1.3224E-015
5.97E+004 1.3063E-015
5.99E+004 1.2895E-015
6.01E+004 1.2730E-015
6.03E+004 1.2567E-015
6.05E+004 1.2407E-015
6.07E+004 1.2249E-015
6.09E+004 1.2094E-015
6.11E+004 1.1941E-015
6.13E+004 1.1791E-015
6.15E+004 1.1643E-015
6.17E+004 1.1497E-015
6.19E+004 1.1354E-015
6.21E+004 1.1213E-015
6.23E+004 1.1073E-015
6.25E+004 1.0937E-015
6.27E+004 1.0802E-015
6.29E+004 1.0659E-015
6.31E+004 1.0539E-015
6.33E+004 1.0410E-015
6.35E+004 1.0284E-015
6.37E+004 1.0159E-015
6.39E+004 1.0036E-015
6.42E+004 9.8551E-016
6.46E+004 9.6202E-016
6.5E+004 9.3923E-016
6.54E+004 9.1712E-016
6.58E+004 8.9565E-016
6.62E+004 8.7481E-016
6.66E+004 8.5457E-016
6.7E+004 8.3492E-016
6.74E+004 8.1581E-016
6.78E+004 7.9680E-016
6.82E+004 7.7922E-016
6.86E+004 7.6171E-016
6.9E+004 7.4468E-016
6.94E+004 7.2811E-016
6.98E+004 7.1202E-016
7.02E+004 6.9516E-016
7.06E+004 6.8095E-016
7.1E+004 6.6636E-016
7.14E+004 6.5201E-016
7.18E+004 6.3790E-016
7.22E+004 6.2400E-016
7.26E+004 6.1070E-016
7.3E+004 5.9825E-016
7.34E+004 5.8494E-016
7.38E+004 5.7333E-016
7.42E+004 5.6075E-016
7.46E+004 5.4596E-016
7.5E+004 5.3605E-016
7.54E+004 5.2692E-016
7.58E+004 5.1642E-016
7.62E+004 5.0595E-016
7.66E+004 4.9587E-016
7.7E+004 4.8537E-016
7.74E+004 4.7611E-016
7.78E+004 4.6669E-016
7.82E+004 4.5747E-016
7.86E+004 4.4849E-016
7.9E+004 4.3964E-016
7.94E+004 4.3095E-016
7.98E+004 4.2273E-016
8.02E+004 4.1416E-016
8.06E+004 4.0596E-016
8.1E+004 3.9867E-016
8.14E+004 3.9035E-016
8.18E+004 3.8309E-016
8.22E+004 3.7632E-016
8.26E+004 3.6914E-016
8.3E+004 3.6229E-016
8.34E+004 3.5505E-016
8.38E+004 3.4872E-016
8.42E+004 3.4242E-016
8.46E+004 3.3613E-016
8.5E+004 3.2998E-016
8.54E+004 3.2395E-016
8.58E+004 3.1802E-016
8.62E+004 3.1226E-016
8.66E+004 3.0659E-016
8.7E+004 3.0126E-016
8.74E+004 2.9560E-016
8.78E+004 2.9027E-016
8.82E+004 2.8508E-016
8.86E+004 2.7978E-016
8.9E+004 2.7516E-016
8.94E+004 2.7045E-016
8.98E+004 2.6546E-016
9.02E+004 2.6116E-016
9.06E+004 2.5677E-016
9.1E+004 2.5195E-016
9.14E+004 2.4783E-016
9.18E+004 2.4376E-016
9.22E+004 2.3975E-016
9.26E+004 2.3564E-016
9.3E+004 2.3169E-016
9.34E+004 2.2777E-016
9.38E+004 2.2388E-016
9.42E+004 2.2025E-016
9.46E+004 2.1664E-016
9.5E+004 2.1295E-016
9.54E+004 2.0949E-016
9.58E+004 2.0621E-016
9.62E+004 2.0266E-016
9.66E+004 1.9957E-016
9.7E+004 1.9631E-016
9.74E+004 1.9275E-016
9.78E+004 1.8995E-016
9.82E+004 1.8700E-016
9.86E+004 1.8413E-016
9.9E+004 1.8129E-016
9.94E+004 1.7837E-016
9.98E+004 1.7551E-016
1.002E+005 1.7311E-016
1.005E+005 1.7057E-016
1.01E+005 1.6758E-016
1.015E+005 1.6442E-016
1.02E+005 1.6129E-016
1.025E+005 1.5822E-016
1.03E+005 1.5523E-016
1.035E+005 1.5234E-016
1.04E+005 1.4951E-016
1.045E+005 1.4673E-016
1.05E+005 1.4388E-016
1.055E+005 1.4134E-016
1.06E+005 1.3875E-016
1.065E+005 1.3620E-016
1.07E+005 1.3373E-016
1.075E+005 1.3134E-016
1.08E+005 1.2893E-016
1.085E+005 1.2661E-016
1.09E+005 1.2434E-016
1.095E+005 1.2218E-016
1.1E+005 1.2000E-016
1.105E+005 1.1788E-016
1.11E+005 1.1582E-016
1.115E+005 1.1383E-016
1.12E+005 1.1181E-016
1.125E+005 1.0991E-016
1.13E+005 1.0783E-016
1.135E+005 1.0614E-016
1.14E+005 1.0434E-016
1.145E+005 1.0256E-016
1.15E+005 1.0085E-016
1.155E+005 9.9098E-017
1.16E+005 9.7470E-017
1.165E+005 9.5839E-017
1.17E+005 9.4259E-017
1.175E+005 9.2681E-017
1.18E+005 9.1155E-017
1.185E+005 8.9655E-017
1.19E+005 8.8166E-017
1.195E+005 8.6737E-017
1.2E+005 8.5314E-017
1.205E+005 8.3955E-017
1.21E+005 8.2607E-017
1.215E+005 8.1282E-017
1.22E+005 7.9975E-017
1.225E+005 7.8704E-017
1.23E+005 7.7436E-017
1.235E+005 7.6184E-017
1.24E+005 7.4980E-017
1.245E+005 7.3822E-017
1.25E+005 7.2689E-017
1.255E+005 7.1569E-017
1.26E+005 7.0450E-017
1.265E+005 6.9357E-017
1.27E+005 6.8300E-017
1.275E+005 6.7254E-017
1.28E+005 6.6194E-017
1.285E+005 6.5215E-017
1.29E+005 6.4215E-017
1.295E+005 6.3253E-017
1.3E+005 6.2310E-017
1.305E+005 6.1371E-017
1.31E+005 6.0458E-017
1.315E+005 5.9556E-017
1.32E+005 5.8672E-017
1.325E+005 5.7803E-017
1.33E+005 5.6952E-017
1.335E+005 5.6113E-017
1.34E+005 5.5296E-017
1.345E+005 5.4496E-017
1.35E+005 5.3705E-017
1.355E+005 5.2920E-017
1.36E+005 5.2166E-017
1.365E+005 5.1415E-017
1.37E+005 5.0674E-017
1.375E+005 4.9959E-017
1.38E+005 4.9251E-017
1.385E+005 4.8551E-017
1.39E+005 4.7868E-017
1.395E+005 4.7192E-017
1.4E+005 4.6534E-017
1.405E+005 4.5875E-017
1.41E+005 4.5242E-017
1.415E+005 4.4613E-017
1.42E+005 4.3986E-017
1.425E+005 4.3391E-017
1.43E+005 4.2797E-017
1.435E+005 4.2215E-017
1.44E+005 4.1638E-017
1.445E+005 4.1073E-017
1.45E+005 4.0522E-017
1.455E+005 3.9968E-017
1.46E+005 3.9434E-017
1.465E+005 3.8902E-017
1.47E+005 3.8385E-017
1.475E+005 3.7866E-017
1.48E+005 3.7367E-017
1.485E+005 3.6875E-017
1.49E+005 3.6389E-017
1.495E+005 3.5904E-017
1.5E+005 3.5433E-017
1.505E+005 3.4983E-017
1.51E+005 3.4525E-017
1.515E+005 3.4080E-017
1.52E+005 3.3640E-017
1.525E+005 3.3204E-017
1.53E+005 3.2779E-017
1.535E+005 3.2359E-017
1.54E+005 3.1946E-017
1.545E+005 3.1538E-017
1.55E+005 3.1140E-017
1.555E+005 3.0745E-017
1.56E+005 3.0357E-017
1.565E+005 2.9976E-017
1.57E+005 2.9603E-017
1.575E+005 2.9231E-017
1.58E+005 2.8867E-017
1.585E+005 2.8510E-017
1.59E+005 2.8160E-017
1.595E+005 2.7810E-017
1.6E+005 2.7468E-017
1.605E+005 2.7126E-017
1.61E+005 2.6800E-017
1.615E+005 2.6471E-017
1.62E+005 2.6119E-017
1.625E+005 2.5832E-017
1.63E+005 2.5526E-017
1.635E+005 2.5218E-017
1.64E+005 2.4914E-017
1.645E+005 2.4613E-017
1.65E+005 2.4321E-017
1.655E+005 2.4035E-017
1.66E+005 2.3749E-017
1.665E+005 2.3469E-017
1.67E+005 2.3192E-017
1.675E+005 2.2920E-017
1.68E+005 2.2648E-017
1.685E+005 2.2380E-017
1.69E+005 2.2112E-017
1.695E+005 2.1868E-017
1.7E+005 2.1615E-017
1.705E+005 2.1367E-017
1.71E+005 2.1119E-017
1.715E+005 2.0875E-017
1.72E+005 2.0636E-017
1.725E+005 2.0400E-017
1.73E+005 2.0167E-017
1.735E+005 1.9942E-017
1.74E+005 1.9716E-017
1.745E+005 1.9493E-017
1.75E+005 1.9274E-017
1.755E+005 1.9056E-017
1.76E+005 1.8843E-017
1.765E+005 1.8630E-017
1.77E+005 1.8423E-017
1.775E+005 1.8220E-017
1.78E+005 1.8020E-017
1.785E+005 1.7821E-017
1.79E+005 1.7625E-017
1.795E+005 1.7431E-017
1.8E+005 1.7240E-017
1.805E+005 1.7052E-017
1.81E+005 1.6868E-017
1.815E+005 1.6684E-017
1.82E+005 1.6503E-017
1.825E+005 1.6323E-017
1.83E+005 1.6140E-017
1.835E+005 1.5974E-017
1.84E+005 1.5804E-017
1.845E+005 1.5636E-017
1.85E+005 1.5469E-017
1.855E+005 1.5305E-017
1.86E+005 1.5140E-017
1.865E+005 1.4982E-017
1.87E+005 1.4825E-017
1.875E+005 1.4665E-017
1.88E+005 1.4515E-017
1.885E+005 1.4363E-017
1.89E+005 1.4214E-017
1.895E+005 1.4066E-017
1.9E+005 1.3918E-017
1.905E+005 1.3714E-017
1.91E+005 1.3629E-017
1.915E+005 1.3494E-017
1.92E+005 1.3355E-017
1.925E+005 1.3219E-017
1.93E+005 1.3084E-017
1.935E+005 1.2950E-017
1.94E+005 1.2819E-017
1.945E+005 1.2688E-017
1.95E+005 1.2561E-017
1.955E+005 1.2434E-017
1.96E+005 1.2308E-017
1.965E+005 1.2186E-017
1.97E+005 1.2064E-017
1.975E+005 1.1943E-017
1.98E+005 1.1824E-017
1.985E+005 1.1708E-017
1.99E+005 1.1591E-017
1.995E+005 1.1477E-017
2E+005 1.1335E-017
2.01E+005 1.1142E-017
2.02E+005 1.0925E-017
2.03E+005 1.0714E-017
2.04E+005 1.0508E-017
2.05E+005 1.0307E-017
2.06E+005 1.0111E-017
2.07E+005 9.9194E-018
2.08E+005 9.7318E-018
2.09E+005 9.5485E-018
2.1E+005 9.3699E-018
2.11E+005 9.1960E-018
2.12E+005 9.0257E-018
2.13E+005 8.8593E-018
2.14E+005 8.6969E-018
2.15E+005 8.5379E-018
2.16E+005 8.3826E-018
2.17E+005 8.2308E-018
2.18E+005 8.0823E-018
2.19E+005 7.9369E-018
2.2E+005 7.7960E-018
2.21E+005 7.6573E-018
2.22E+005 7.5218E-018
2.23E+005 7.3839E-018
2.24E+005 7.2580E-018
2.25E+005 7.1327E-018
2.26E+005 7.0083E-018
2.27E+005 6.8870E-018
2.28E+005 6.7681E-018
2.29E+005 6.6522E-018
2.3E+005 6.5383E-018
2.31E+005 6.4269E-018
2.32E+005 6.3182E-018
2.33E+005 6.2115E-018
2.34E+005 6.1070E-018
2.35E+005 6.0051E-018
2.36E+005 5.9051E-018
2.37E+005 5.8066E-018
2.38E+005 5.7107E-018
2.39E+005 5.6159E-018
2.4E+005 5.5248E-018
2.41E+005 5.4346E-018
2.42E+005 5.3459E-018
2.43E+005 5.2594E-018
2.44E+005 5.1745E-018
2.45E+005 5.0912E-018
2.46E+005 5.0104E-018
2.47E+005 4.9306E-018
2.48E+005 4.8517E-018
2.49E+005 4.7747E-018
2.5E+005 4.6997E-018
2.51E+005 4.6262E-018
2.52E+005 4.5537E-018
2.53E+005 4.4830E-018
2.54E+005 4.4133E-018
2.55E+005 4.3452E-018
2.56E+005 4.2782E-018
2.57E+005 4.2126E-018
2.58E+005 4.1483E-018
2.59E+005 4.0850E-018
2.6E+005 4.0234E-018
2.61E+005 3.9629E-018
2.62E+005 3.9027E-018
2.63E+005 3.8445E-018
2.64E+005 3.7874E-018
2.65E+005 3.7307E-018
2.66E+005 3.6755E-018
2.67E+005 3.6211E-018
2.68E+005 3.5679E-018
2.69E+005 3.5157E-018
2.7E+005 3.4645E-018
2.71E+005 3.4137E-018
2.72E+005 3.3644E-018
2.73E+005 3.3157E-018
2.74E+005 3.2680E-018
2.75E+005 3.2210E-018
2.76E+005 3.1750E-018
2.77E+005 3.1298E-018
2.78E+005 3.0790E-018
2.79E+005 3.0421E-018
2.8E+005 2.9997E-018
2.81E+005 2.9574E-018
2.82E+005 2.9154E-018
2.83E+005 2.8747E-018
2.84E+005 2.8346E-018
2.85E+005 2.7953E-018
2.86E+005 2.7570E-018
2.87E+005 2.7190E-018
2.88E+005 2.6814E-018
2.89E+005 2.6448E-018
2.9E+005 2.6090E-018
2.91E+005 2.5737E-018
2.92E+005 2.5388E-018
2.93E+005 2.5047E-018
2.94E+005 2.4710E-018
2.95E+005 2.4379E-018
2.96E+005 2.4054E-018
2.97E+005 2.3735E-018
2.98E+005 2.3411E-018
2.99E+005 2.3104E-018
3E+005 2.2806E-018
3.01E+005 2.2509E-018
3.02E+005 2.2212E-018
3.03E+005 2.1925E-018
3.04E+005 2.1639E-018
3.05E+005 2.1359E-018
3.06E+005 2.1081E-018
3.07E+005 2.0810E-018
3.08E+005 2.0544E-018
3.09E+005 2.0287E-018
3.1E+005 2.0028E-018
3.11E+005 1.9769E-018
3.12E+005 1.9518E-018
3.13E+005 1.9272E-018
3.14E+005 1.9029E-018
3.15E+005 1.8790E-018
3.16E+005 1.8555E-018
3.17E+005 1.8324E-018
3.18E+005 1.8096E-018
3.19E+005 1.7872E-018
3.2E+005 1.7651E-018
3.21E+005 1.7434E-018
3.22E+005 1.7219E-018
3.23E+005 1.7009E-018
3.24E+005 1.6801E-018
3.25E+005 1.6597E-018
3.26E+005 1.6396E-018
3.27E+005 1.6197E-018
3.28E+005 1.6003E-018
3.29E+005 1.5810E-018
3.3E+005 1.5621E-018
3.31E+005 1.5434E-018
3.32E+005 1.5250E-018
3.33E+005 1.5068E-018
3.34E+005 1.4891E-018
3.35E+005 1.4714E-018
3.36E+005 1.4542E-018
3.37E+005 1.4371E-018
3.38E+005 1.4202E-018
3.39E+005 1.4037E-018
3.4E+005 1.3873E-018
3.41E+005 1.3713E-018
3.42E+005 1.3554E-018
3.43E+005 1.3398E-018
3.44E+005 1.3244E-018
3.45E+005 1.3092E-018
3.46E+005 1.2942E-018
3.47E+005 1.2794E-018
3.48E+005 1.2649E-018
3.49E+005 1.2506E-018
3.5E+005 1.2364E-018
3.51E+005 1.2224E-018
3.52E+005 1.2087E-018
3.53E+005 1.1952E-018
3.54E+005 1.1818E-018
3.55E+005 1.1686E-018
3.56E+005 1.1556E-018
3.57E+005 1.1428E-018
3.58E+005 1.1301E-018
3.59E+005 1.1177E-018
3.6E+005 1.1053E-018
3.61E+005 1.0932E-018
3.62E+005 1.0813E-018
3.63E+005 1.0694E-018
3.64E+005 1.0577E-018
3.65E+005 1.0462E-018
3.66E+005 1.0350E-018
3.67E+005 1.0238E-018
3.68E+005 1.0128E-018
3.69E+005 1.0020E-018
3.7E+005 9.9122E-019
3.71E+005 9.8052E-019
3.72E+005 9.7011E-019
3.73E+005 9.5984E-019
3.74E+005 9.4965E-019
3.75E+005 9.3961E-019
3.76E+005 9.2974E-019
3.77E+005 9.1997E-019
3.78E+005 9.1027E-019
3.79E+005 9.0079E-019
3.8E+005 8.9135E-019
3.81E+005 8.8212E-019
3.82E+005 8.7297E-019
3.83E+005 8.6390E-019
3.84E+005 8.5500E-019
3.85E+005 8.4620E-019
3.86E+005 8.3748E-019
3.87E+005 8.2893E-019
3.88E+005 8.1994E-019
3.89E+005 8.1073E-019
3.9E+005 8.0387E-019
3.91E+005 7.9570E-019
3.92E+005 7.8758E-019
3.93E+005 7.7966E-019
3.94E+005 7.7183E-019
3.95E+005 7.6410E-019
3.96E+005 7.5640E-019
3.97E+005 7.4886E-019
3.98E+005 7.4140E-019
3.99E+005 7.3404E-019
