1711 3.7533E-014
1711 3.7533E-014
1713 1.7368E-014
1714 2.1291E-014
1715 1.3511E-014
1717 1.5929E-014
1718 8.1678E-015
1720 -9.1703E-017
1721 6.3353E-015
1722 1.0615E-014
1724 3.7210E-015
1725 -3.4144E-015
1726 6.6296E-015
1728 1.3143E-014
1729 2.1154E-014
1730 1.1353E-014
1732 1.2004E-014
1733 1.3261E-014
1735 -4.9151E-015
1736 -2.2699E-015
1737 -1.9944E-015
1739 1.5977E-014
1740 -3.1273E-015
1741 7.9093E-015
1743 2.2755E-014
1744 1.0717E-014
1746 1.0721E-014
1747 2.1825E-014
1748 1.7529E-014
1750 9.5957E-015
1751 2.2485E-014
1752 1.6987E-014
1754 3.3249E-014
1755 2.5348E-014
1757 2.0568E-014
1758 2.1343E-014
1759 2.8386E-014
1761 2.7079E-014
1762 3.1112E-014
1763 2.4406E-014
1765 1.6013E-014
1766 2.1703E-014
1768 1.9607E-014
1769 2.8144E-014
1770 2.4451E-014
1772 2.9446E-014
1773 1.8938E-014
1774 2.7265E-014
1776 1.0299E-014
1777 1.8301E-014
1778 1.9524E-014
1780 3.1652E-014
1781 3.1345E-014
1783 2.8269E-014
1784 2.4592E-014
1785 2.2576E-014
1787 1.8135E-014
1788 1.4023E-014
1789 2.2493E-014
1791 2.0306E-014
1792 1.8701E-014
1794 1.9385E-014
1795 2.0113E-014
1796 2.3756E-014
1798 2.6233E-014
1799 2.7418E-014
1800 2.8430E-014
1802 2.9412E-014
1803 2.5988E-014
1805 2.3003E-014
1806 3.0645E-014
1807 2.8395E-014
1809 3.5043E-014
1810 3.0011E-014
1811 2.1945E-014
1813 2.5389E-014
1814 2.1458E-014
1816 3.6602E-014
1817 3.2688E-014
1818 2.0642E-014
1820 2.1353E-014
1821 2.3278E-014
1822 2.3981E-014
1824 3.2048E-014
1825 2.7729E-014
1827 2.2915E-014
1828 2.6402E-014
1829 2.8612E-014
1831 2.8916E-014
1832 2.4723E-014
1833 3.0991E-014
1835 2.9358E-014
1836 2.3147E-014
1837 2.8221E-014
1839 3.0457E-014
1840 3.4766E-014
1842 2.6381E-014
1843 2.0662E-014
1844 2.4096E-014
1846 2.6301E-014
1847 1.8585E-014
1848 2.8984E-014
1850 2.7453E-014
1851 8.8093E-015
1853 3.1543E-014
1854 3.3910E-014
1855 3.0155E-014
1857 2.9854E-014
1858 2.8169E-014
1859 2.6897E-014
1861 2.5043E-014
1862 2.5429E-014
1864 3.3918E-014
1865 2.8422E-014
1866 2.9958E-014
1868 3.3321E-014
1869 3.3272E-014
1870 3.1201E-014
1872 3.1690E-014
1873 3.5953E-014
1875 3.1155E-014
1876 3.8834E-014
1877 2.5995E-014
1879 2.9942E-014
1880 3.0592E-014
1881 2.9024E-014
1883 4.9985E-014
1884 3.6066E-014
1886 3.4266E-014
1887 2.4890E-014
1888 3.6636E-014
1890 3.6266E-014
1891 3.5599E-014
1892 3.6863E-014
1894 4.1236E-014
1895 3.6478E-014
1896 3.1254E-014
1898 3.1930E-014
1899 3.3633E-014
1901 3.9909E-014
1902 4.4502E-014
1903 3.6468E-014
1905 4.6060E-014
1906 4.0508E-014
1907 3.8124E-014
1909 3.7072E-014
1910 4.2501E-014
1912 3.9111E-014
1913 4.5943E-014
1914 4.8716E-014
1916 4.6350E-014
1917 3.9079E-014
1918 4.5665E-014
1920 3.8708E-014
1921 4.3543E-014
1923 4.3208E-014
1924 4.5288E-014
1925 4.1973E-014
1927 4.4997E-014
1928 4.2199E-014
1929 3.9299E-014
1931 3.6808E-014
1932 3.9666E-014
1934 2.8654E-014
1935 2.8752E-014
1936 3.8522E-014
1938 3.3642E-014
1939 4.1288E-014
1940 3.9874E-014
1942 5.0309E-014
1943 5.0837E-014
1945 4.7697E-014
1946 5.0488E-014
1947 4.4859E-014
1949 5.2276E-014
1950 5.2670E-014
1951 4.6781E-014
1953 4.4541E-014
1954 4.8556E-014
1956 5.0409E-014
1957 4.7736E-014
1958 4.8093E-014
1960 5.2248E-014
1961 4.7660E-014
1962 4.4057E-014
1964 4.8489E-014
1965 5.3289E-014
1967 4.8772E-014
1968 5.2515E-014
1969 6.0540E-014
1971 4.7078E-014
1972 5.2621E-014
1973 5.4413E-014
1975 5.7596E-014
1976 5.1635E-014
1977 4.8171E-014
1979 5.6959E-014
1980 5.2727E-014
1982 5.2181E-014
1983 5.1299E-014
1984 5.4208E-014
1986 5.2042E-014
1987 5.2421E-014
1988 4.9773E-014
1990 4.5086E-014
1991 5.1196E-014
1993 4.9768E-014
1994 5.2860E-014
1995 5.3370E-014
1997 5.4545E-014
1998 5.7017E-014
1999 5.3049E-014
2001 5.4026E-014
2002 5.7332E-014
2004 6.3397E-014
2005 5.9754E-014
2006 5.7413E-014
2008 6.0922E-014
2009 6.2649E-014
2010 5.8007E-014
2012 6.0839E-014
2013 6.6448E-014
2015 5.9322E-014
2016 5.9907E-014
2017 6.4951E-014
2019 6.7008E-014
2020 6.6246E-014
2021 6.4703E-014
2023 6.7876E-014
2024 6.3229E-014
2026 5.6677E-014
2027 5.8399E-014
2028 6.8878E-014
2030 6.5546E-014
2031 6.7164E-014
2032 6.8574E-014
2034 6.5066E-014
2035 6.3102E-014
2037 7.2847E-014
2038 7.3526E-014
2039 6.5139E-014
2041 6.6778E-014
2042 7.4356E-014
2043 7.2804E-014
2045 7.3245E-014
2046 7.2784E-014
2048 7.6463E-014
2049 7.3472E-014
2050 7.9455E-014
2052 8.2570E-014
2053 7.9604E-014
2054 7.7025E-014
2056 8.2482E-014
2057 7.9094E-014
2059 7.8747E-014
2060 7.9020E-014
2061 8.2841E-014
2063 7.7419E-014
2064 8.0215E-014
2065 8.3178E-014
2067 8.4940E-014
2068 7.9040E-014
2070 8.8077E-014
2071 8.7386E-014
2072 9.2404E-014
2074 9.1214E-014
2075 9.8035E-014
2076 9.7987E-014
2078 9.7681E-014
2079 9.8357E-014
2080 9.8898E-014
2082 9.3416E-014
2083 9.1778E-014
2085 9.7270E-014
2086 1.0063E-013
2087 1.0292E-013
2089 1.1221E-013
2090 1.1137E-013
2091 1.1425E-013
2093 1.2414E-013
2094 1.3034E-013
2096 1.3151E-013
2097 1.4027E-013
2098 1.4095E-013
2100 1.4094E-013
2101 1.4944E-013
2102 1.6563E-013
2104 1.5675E-013
2105 1.7509E-013
2107 1.8633E-013
2108 1.7575E-013
2109 1.5705E-013
2111 1.5901E-013
2112 1.8235E-013
2113 1.8066E-013
2115 1.7645E-013
2116 1.9892E-013
2118 2.2549E-013
2119 2.2491E-013
2120 2.4183E-013
2122 2.2360E-013
2123 1.8257E-013
2124 1.4003E-013
2126 1.4925E-013
2127 1.8797E-013
2129 1.9814E-013
2130 1.9136E-013
2131 1.6683E-013
2133 1.7373E-013
2134 1.7140E-013
2135 1.6547E-013
2137 1.8469E-013
2138 1.9730E-013
2140 1.8598E-013
2141 2.2235E-013
2142 2.6028E-013
2144 2.5048E-013
2145 2.4080E-013
2146 2.1740E-013
2148 2.1399E-013
2149 2.1930E-013
2151 2.1806E-013
2152 2.1172E-013
2153 2.3022E-013
2155 2.3545E-013
2156 2.0735E-013
2157 1.8049E-013
2159 1.5784E-013
2160 1.8058E-013
2162 2.0931E-013
2163 2.1906E-013
2164 2.0469E-013
2166 1.8492E-013
2167 1.5571E-013
2168 1.6140E-013
2170 1.6908E-013
2171 1.8840E-013
2173 1.9894E-013
2174 1.8545E-013
2175 1.6681E-013
2177 1.7619E-013
2178 1.8442E-013
2179 2.1431E-013
2181 2.6913E-013
2182 2.8360E-013
2184 2.8471E-013
2185 2.4678E-013
2186 2.4581E-013
2188 2.1245E-013
2189 2.1719E-013
2190 2.2708E-013
2192 2.4542E-013
2193 2.6668E-013
2195 2.8067E-013
2196 2.4773E-013
2197 2.5285E-013
2199 2.8168E-013
2200 2.7243E-013
2201 2.3834E-013
2203 2.7949E-013
2204 3.1615E-013
2206 3.0337E-013
2207 2.7192E-013
2208 2.3459E-013
2210 2.0559E-013
2211 1.7912E-013
2212 1.7817E-013
2214 2.1732E-013
2215 2.2055E-013
2217 2.0195E-013
2218 1.8306E-013
2219 2.2538E-013
2221 2.5857E-013
2222 2.7496E-013
2223 2.6577E-013
2225 2.6659E-013
2226 2.5923E-013
2227 2.5191E-013
2229 2.6513E-013
2230 2.6895E-013
2232 2.6938E-013
2233 3.3226E-013
2234 3.7082E-013
2236 3.7667E-013
2237 3.6245E-013
2238 3.3413E-013
2240 3.3276E-013
2241 3.1714E-013
2243 2.8941E-013
2244 2.7505E-013
2245 2.8102E-013
2247 3.1370E-013
2248 3.3238E-013
2249 3.0246E-013
2251 2.8137E-013
2252 2.8471E-013
2254 2.6701E-013
2255 2.6502E-013
2256 2.5629E-013
2258 2.6689E-013
2259 2.7099E-013
2260 2.4977E-013
2262 2.4579E-013
2263 2.4622E-013
2265 2.1852E-013
2266 1.9663E-013
2267 1.8618E-013
2269 1.7813E-013
2270 1.7429E-013
2271 1.7463E-013
2273 1.8845E-013
2274 1.9377E-013
2276 1.9758E-013
2277 2.1101E-013
2278 2.3044E-013
2280 2.4071E-013
2281 2.6467E-013
2282 2.9436E-013
2284 2.8504E-013
2285 2.8942E-013
2287 2.8452E-013
2288 2.5655E-013
2289 2.6038E-013
2291 2.4634E-013
2292 2.5105E-013
2293 2.5347E-013
2295 2.6220E-013
2296 2.6697E-013
2298 2.2716E-013
2299 2.0236E-013
2300 2.1492E-013
2302 2.2945E-013
2303 2.4543E-013
2304 2.6224E-013
2306 3.2009E-013
2307 3.4055E-013
2309 3.1140E-013
2310 2.7000E-013
2311 2.2671E-013
2313 2.0598E-013
2314 2.1181E-013
2315 2.6770E-013
2317 2.8828E-013
2318 2.8140E-013
2320 2.5852E-013
2321 2.3635E-013
2322 2.6581E-013
2324 3.2634E-013
2325 3.0055E-013
2326 2.5353E-013
2328 2.3504E-013
2329 2.5627E-013
2331 2.6229E-013
2332 2.2763E-013
2333 2.0854E-013
2335 2.3132E-013
2336 2.5223E-013
2337 2.2699E-013
2339 1.8310E-013
2340 1.9423E-013
2342 2.1894E-013
2343 2.0642E-013
2344 1.7341E-013
2346 1.6174E-013
2347 1.6792E-013
2348 1.7787E-013
2350 2.0781E-013
2351 2.4969E-013
2353 2.7727E-013
2354 2.8703E-013
2355 2.6841E-013
2357 2.7960E-013
2358 2.8704E-013
2359 2.4720E-013
2361 2.0685E-013
2362 2.2807E-013
2364 2.5395E-013
2365 2.3348E-013
2366 2.1894E-013
2368 2.2210E-013
2369 2.3688E-013
2370 2.6546E-013
2372 2.9297E-013
2373 2.7343E-013
2375 2.3643E-013
2376 2.3882E-013
2377 2.6865E-013
2379 2.5644E-013
2380 2.1631E-013
2381 1.8783E-013
2383 1.6155E-013
2384 1.7180E-013
2386 2.0774E-013
2387 2.3509E-013
2388 2.2751E-013
2390 2.3101E-013
2391 2.4730E-013
2392 2.6806E-013
2394 2.5690E-013
2395 2.0873E-013
2396 1.7933E-013
2398 1.9462E-013
2399 1.9999E-013
2401 2.1103E-013
2402 2.3141E-013
2403 2.2669E-013
2405 1.9810E-013
2406 1.7356E-013
2407 1.8152E-013
2409 2.0727E-013
2410 2.0880E-013
2412 1.8340E-013
2413 1.9439E-013
2414 2.1498E-013
2416 2.5325E-013
2417 2.8299E-013
2418 3.0274E-013
2420 3.2881E-013
2421 3.5558E-013
2423 3.6776E-013
2424 3.3463E-013
2425 3.1861E-013
2427 3.5271E-013
2428 3.7480E-013
2429 3.4167E-013
2431 3.4611E-013
2432 3.3754E-013
2434 3.1608E-013
2435 3.0860E-013
2436 2.9710E-013
2438 3.1233E-013
2439 3.2317E-013
2440 3.0774E-013
2442 3.3922E-013
2443 3.5133E-013
2445 3.2262E-013
2446 3.0362E-013
2447 2.8573E-013
2449 2.6441E-013
2450 2.6181E-013
2451 2.4665E-013
2453 2.3927E-013
2454 2.3799E-013
2456 2.4660E-013
2457 2.5380E-013
2458 2.5876E-013
2460 2.5528E-013
2461 2.4034E-013
2462 2.2685E-013
2464 2.2173E-013
2465 2.4091E-013
2467 2.4764E-013
2468 2.6106E-013
2469 2.7734E-013
2471 2.7116E-013
2472 2.7684E-013
2473 2.6511E-013
2475 2.8913E-013
2476 3.0173E-013
2478 2.9295E-013
2479 2.6996E-013
2480 2.5599E-013
2482 2.6949E-013
2483 2.3585E-013
2484 2.1875E-013
2486 2.4761E-013
2487 2.4792E-013
2489 2.1643E-013
2490 2.0090E-013
2491 1.9366E-013
2493 2.2495E-013
2494 2.7451E-013
2495 3.2584E-013
2497 3.3338E-013
2498 3.3779E-013
2500 3.4589E-013
2501 3.2821E-013
2502 2.9463E-013
2504 3.1215E-013
2505 2.9852E-013
2506 2.7430E-013
2508 2.5203E-013
2509 2.9486E-013
2511 3.0741E-013
2512 2.7451E-013
2513 2.6710E-013
2515 2.3211E-013
2516 2.1135E-013
2517 2.0006E-013
2519 2.0506E-013
2520 2.1462E-013
2522 2.3572E-013
2523 2.1560E-013
2524 1.9996E-013
2526 2.0333E-013
2527 2.1762E-013
2528 2.0477E-013
2530 1.9640E-013
2531 2.4163E-013
2533 2.6999E-013
2534 2.6556E-013
2535 2.6394E-013
2537 2.5760E-013
2538 2.5672E-013
2539 2.6257E-013
2541 2.7468E-013
2542 2.7370E-013
2543 2.9040E-013
2545 2.9312E-013
2546 2.8311E-013
2548 2.8126E-013
2549 2.7102E-013
2550 2.7524E-013
2552 3.4450E-013
2553 3.8272E-013
2554 4.0153E-013
2556 3.9901E-013
2557 3.9227E-013
2559 4.0495E-013
2560 4.2662E-013
2561 4.1683E-013
2563 3.8102E-013
2564 3.6455E-013
2565 4.4382E-013
2567 5.0763E-013
2568 5.3028E-013
2570 5.6563E-013
2571 5.9975E-013
2572 5.9590E-013
2574 6.1321E-013
2575 5.4758E-013
2576 4.4558E-013
2578 4.7280E-013
2579 5.7741E-013
2581 6.7413E-013
2582 7.1785E-013
2583 6.3400E-013
2585 5.4304E-013
2586 4.4793E-013
2587 4.6767E-013
2589 5.7289E-013
2590 6.7523E-013
2592 6.0898E-013
2593 5.3623E-013
2594 4.7740E-013
2596 4.9055E-013
2597 4.6570E-013
2598 3.6932E-013
2600 3.0989E-013
2601 3.7514E-013
2603 4.7257E-013
2604 4.9402E-013
2605 4.4748E-013
2607 3.7679E-013
2608 3.5312E-013
2609 4.0528E-013
2611 4.0233E-013
2612 3.5500E-013
2614 3.4398E-013
2615 3.8495E-013
2616 4.6821E-013
2618 4.5698E-013
2619 4.6363E-013
2620 5.1420E-013
2622 5.1759E-013
2623 5.4669E-013
2625 5.6422E-013
2626 5.1118E-013
2627 4.7413E-013
2629 4.4548E-013
2630 4.1562E-013
2631 4.1159E-013
2633 4.3552E-013
2634 5.7596E-013
2636 7.1781E-013
2637 8.4378E-013
2638 1.0087E-012
2640 1.0974E-012
2641 1.0920E-012
2642 1.1805E-012
2644 1.3030E-012
2645 1.2236E-012
2646 1.1070E-012
2648 1.0053E-012
2649 9.1038E-013
2651 9.2804E-013
2652 9.6944E-013
2653 1.0465E-012
2655 1.1645E-012
2656 1.2336E-012
2657 1.2216E-012
2659 1.1849E-012
2660 1.1899E-012
2662 1.1345E-012
2663 1.0515E-012
2664 1.0059E-012
2666 1.0426E-012
2667 1.0364E-012
2668 1.0455E-012
2670 1.0589E-012
2671 1.0799E-012
2673 1.0243E-012
2674 1.0483E-012
2675 1.1939E-012
2677 1.1881E-012
2678 1.0949E-012
2679 1.0059E-012
2681 1.0323E-012
2682 1.0814E-012
2684 1.0817E-012
2685 1.0730E-012
2686 1.0919E-012
2688 1.0870E-012
2689 1.0214E-012
2690 9.6919E-013
2692 9.9539E-013
2693 1.0470E-012
2695 1.0500E-012
2696 9.7204E-013
2697 9.5918E-013
2699 1.0126E-012
2700 1.1302E-012
2701 1.2074E-012
2703 1.2023E-012
2704 1.2358E-012
2706 1.2652E-012
2707 1.1905E-012
2708 1.1014E-012
2710 1.0931E-012
2711 1.0830E-012
2712 1.1210E-012
2714 1.1060E-012
2715 1.0307E-012
2717 9.6912E-013
2718 9.6740E-013
2719 8.1451E-013
2721 7.0204E-013
2722 7.5714E-013
2723 8.2822E-013
2725 8.5959E-013
2726 8.7343E-013
2727 8.9967E-013
2729 9.9527E-013
2730 1.1400E-012
2732 1.1565E-012
2733 1.0467E-012
2734 9.5588E-013
2736 8.6859E-013
2737 8.0679E-013
2738 7.1376E-013
2740 6.6276E-013
2741 6.3009E-013
2743 6.0272E-013
2744 5.5454E-013
2745 5.9180E-013
2747 5.8127E-013
2748 5.6178E-013
2749 5.6096E-013
2751 5.6802E-013
2752 7.2032E-013
2754 8.4490E-013
2755 7.8258E-013
2756 6.8195E-013
2758 7.5392E-013
2759 9.8792E-013
2760 1.1303E-012
2762 1.0495E-012
2763 1.0028E-012
2765 1.0614E-012
2766 1.1797E-012
2767 1.1497E-012
2769 1.0718E-012
2770 1.0684E-012
2771 1.1136E-012
2773 1.1674E-012
2774 1.1698E-012
2776 1.1587E-012
2777 1.0533E-012
2778 9.5487E-013
2780 8.4013E-013
2781 7.7825E-013
2782 7.7488E-013
2784 7.7563E-013
2785 7.7097E-013
2787 7.7529E-013
2788 7.4034E-013
2789 6.4199E-013
2791 5.6902E-013
2792 4.8274E-013
2793 4.1751E-013
2795 3.9579E-013
2796 4.4761E-013
2797 4.2314E-013
2799 3.5771E-013
2800 3.6019E-013
2802 3.7529E-013
2803 4.1057E-013
2804 4.4426E-013
2806 4.1820E-013
2807 4.9811E-013
2808 5.8709E-013
2810 6.9128E-013
2811 7.6554E-013
2813 8.0938E-013
2814 8.8006E-013
2815 1.0388E-012
2817 1.1179E-012
2818 1.1123E-012
2819 1.2058E-012
2821 1.2814E-012
2822 1.3108E-012
2824 1.3121E-012
2825 1.4025E-012
2826 1.3431E-012
2828 1.3359E-012
2829 1.3978E-012
2830 1.4949E-012
2832 1.5032E-012
2833 1.4554E-012
2835 1.4450E-012
2836 1.3206E-012
2837 1.3041E-012
2839 1.4812E-012
2840 1.4483E-012
2841 1.3471E-012
2843 1.3578E-012
2844 1.2134E-012
2845 1.2350E-012
2847 1.1395E-012
2848 9.5427E-013
2850 7.7642E-013
2851 5.9339E-013
2852 4.4241E-013
2854 4.3457E-013
2855 5.9716E-013
2856 7.7183E-013
2858 9.5804E-013
2859 1.1436E-012
2861 1.4070E-012
2862 1.5125E-012
2863 1.5220E-012
2865 1.5890E-012
2866 1.5790E-012
2867 1.5242E-012
2869 1.4202E-012
2870 1.4418E-012
2872 1.7234E-012
2873 1.7526E-012
2874 1.6533E-012
2876 1.5985E-012
2877 1.5142E-012
2878 1.4868E-012
2880 1.2865E-012
2881 1.0396E-012
2883 8.9300E-013
2884 1.1831E-012
2885 1.5478E-012
2887 1.7398E-012
2888 1.7483E-012
2889 1.7267E-012
2891 1.7306E-012
2892 1.7745E-012
2893 1.8063E-012
2895 1.8563E-012
2896 2.0836E-012
2898 2.2253E-012
2899 2.2831E-012
2900 2.5449E-012
2902 2.6866E-012
2903 2.5569E-012
2904 2.7615E-012
2906 2.7422E-012
2907 2.5592E-012
2909 2.5194E-012
2910 2.4566E-012
2911 2.4526E-012
2913 2.5889E-012
2914 2.7395E-012
2915 2.4671E-012
2917 2.3517E-012
2918 2.3332E-012
2920 2.3480E-012
2921 2.3861E-012
2922 2.3934E-012
2924 2.2756E-012
2925 2.0862E-012
2926 1.9765E-012
2928 1.9982E-012
2929 2.0245E-012
2931 2.2231E-012
2932 2.5029E-012
2933 2.5562E-012
2935 2.5433E-012
2936 2.5411E-012
2937 2.0827E-012
2939 1.9593E-012
2940 2.0795E-012
2941 2.1205E-012
2943 2.2639E-012
2944 2.3629E-012
2946 2.3414E-012
2947 2.4110E-012
2948 2.0027E-012
2950 1.8016E-012
2951 2.1905E-012
2952 2.4615E-012
2954 2.4274E-012
2955 2.3041E-012
2957 2.4583E-012
2958 2.3914E-012
2959 2.5846E-012
2961 2.5127E-012
2962 2.5602E-012
2963 2.7220E-012
2965 2.3758E-012
2966 1.8714E-012
2968 1.6970E-012
2969 1.8892E-012
2970 1.7966E-012
2972 1.8962E-012
2973 1.9690E-012
2974 2.0909E-012
2976 2.4694E-012
2977 2.7024E-012
2978 2.8438E-012
2980 2.5351E-012
2981 2.1715E-012
2983 1.8505E-012
2984 1.6283E-012
2985 1.4853E-012
2987 1.5991E-012
2988 1.8408E-012
2989 2.1856E-012
2991 2.5242E-012
2992 2.5205E-012
2994 2.2772E-012
2995 1.9784E-012
2996 2.1032E-012
2998 2.4187E-012
2999 2.2135E-012
3000 1.7099E-012
3002 1.4843E-012
3003 1.4850E-012
3005 1.7271E-012
3006 2.0115E-012
3007 1.9628E-012
3009 1.7797E-012
3010 1.9255E-012
3011 2.2097E-012
3013 2.2365E-012
3014 2.3123E-012
3015 2.3148E-012
3017 2.1979E-012
3018 1.9302E-012
3020 1.6281E-012
3021 1.4238E-012
3022 1.6678E-012
3024 2.1914E-012
3025 2.2633E-012
3026 2.2184E-012
3028 2.6330E-012
3029 2.8709E-012
3031 2.7005E-012
3032 2.7800E-012
3033 2.9379E-012
3035 3.0163E-012
3036 2.9423E-012
3037 2.6171E-012
3039 2.3155E-012
3040 2.4955E-012
3041 2.4696E-012
3043 2.4323E-012
3044 2.7262E-012
3046 2.9088E-012
3047 2.7275E-012
3048 2.4388E-012
3050 2.6658E-012
3051 2.9515E-012
3052 3.1775E-012
3054 3.0856E-012
3055 2.7434E-012
3057 2.5603E-012
3058 2.1236E-012
3059 1.9017E-012
3061 2.2330E-012
3062 2.6563E-012
3066 2.5599E-012
3069 2.7509E-012
3072 2.8015E-012
3075 2.6960E-012
3077 2.7388E-012
3080 2.7468E-012
3083 2.7900E-012
3086 2.8391E-012
3088 2.5372E-012
3091 2.2537E-012
3094 2.2133E-012
3097 2.2194E-012
3099 2.1343E-012
3102 2.5179E-012
3105 3.0527E-012
3108 3.3412E-012
3110 3.3112E-012
3113 3.2521E-012
3116 2.9955E-012
3119 2.7303E-012
3121 2.7906E-012
3124 2.9137E-012
3127 2.9384E-012
3130 2.9805E-012
3132 2.9456E-012
3135 3.1086E-012
3138 3.2781E-012
3141 3.0106E-012
3143 2.7664E-012
3146 2.7159E-012
3149 3.0764E-012
3152 3.0777E-012
3154 2.8050E-012
3157 2.4478E-012
3160 2.4991E-012
3163 2.6373E-012
3165 2.9005E-012
3168 3.1582E-012
3171 3.5154E-012
3174 3.4829E-012
3176 3.2519E-012
3179 2.7662E-012
3182 2.5451E-012
3185 2.8858E-012
3187 3.0981E-012
3190 3.0904E-012
3193 2.7657E-012
3196 3.0172E-012
3198 3.3364E-012
3201 3.4603E-012
3204 3.6206E-012
3207 3.5376E-012
3209 3.0523E-012
3212 2.6992E-012
3215 2.8620E-012
3218 3.1792E-012
3220 3.2984E-012
3223 3.0505E-012
3226 2.7744E-012
3229 2.5780E-012
3231 2.7895E-012
3234 2.8086E-012
3237 2.9133E-012
3240 3.1750E-012
3242 3.3439E-012
3245 3.3778E-012
3248 3.2535E-012
3251 3.2879E-012
3253 3.5880E-012
3256 3.9639E-012
3259 4.1775E-012
3262 4.1803E-012
3264 4.0745E-012
3267 4.1489E-012
3270 4.0937E-012
3273 4.0176E-012
3275 4.0513E-012
3278 3.8782E-012
3281 3.8709E-012
3283 3.8010E-012
3286 3.6052E-012
3289 3.9094E-012
3292 4.3598E-012
3294 4.5410E-012
3297 4.6170E-012
3300 4.6715E-012
3303 4.2858E-012
3305 3.9361E-012
3308 4.0231E-012
3311 4.1594E-012
3314 4.0134E-012
3316 4.1245E-012
3319 4.1758E-012
3322 3.8980E-012
3325 3.9387E-012
3327 4.0080E-012
3330 3.9744E-012
3333 3.9912E-012
3336 3.6879E-012
3338 3.7824E-012
3341 3.9776E-012
3344 4.1876E-012
3347 4.1209E-012
3349 3.9040E-012
3352 4.1746E-012
3355 4.3038E-012
3358 3.8443E-012
3360 3.0735E-012
3363 3.5315E-012
3366 3.7765E-012
3369 3.3398E-012
3371 3.2507E-012
3374 3.7004E-012
3377 4.0668E-012
3380 3.6411E-012
3382 3.7664E-012
3385 4.0773E-012
3388 4.0171E-012
3391 3.9097E-012
3393 3.7434E-012
3396 4.1016E-012
3399 4.5206E-012
3402 4.5379E-012
3404 4.2121E-012
3407 4.0041E-012
3410 3.9682E-012
3413 3.8812E-012
3415 3.7576E-012
3418 4.1328E-012
3421 4.2655E-012
3424 4.0158E-012
3426 4.0840E-012
3429 4.3196E-012
3432 4.2672E-012
3435 4.1119E-012
3437 3.8800E-012
3440 3.2684E-012
3443 2.9891E-012
3446 3.3164E-012
3448 3.7843E-012
3451 3.9605E-012
3454 4.0069E-012
3457 3.9421E-012
3459 3.6294E-012
3462 3.6464E-012
3465 3.9464E-012
3468 4.0636E-012
3470 4.1054E-012
3473 3.7930E-012
3476 3.4656E-012
3479 3.7288E-012
3481 3.8503E-012
3484 3.7533E-012
3487 3.8614E-012
3490 3.6426E-012
3492 3.5884E-012
3495 3.6218E-012
3498 3.7753E-012
3501 4.3364E-012
3503 4.5669E-012
3506 4.3606E-012
3509 4.2701E-012
3512 3.9865E-012
3514 3.8568E-012
3517 4.2431E-012
3520 4.2556E-012
3523 3.8390E-012
3525 3.4931E-012
3528 3.8263E-012
3531 4.2196E-012
3534 4.3008E-012
3536 4.4732E-012
3539 4.6248E-012
3542 4.5811E-012
3545 4.6832E-012
3547 4.7326E-012
3550 4.7020E-012
3553 4.4897E-012
3556 4.3319E-012
3558 4.3397E-012
3561 4.3539E-012
3564 4.2847E-012
3567 3.6192E-012
3569 3.4037E-012
3572 3.4765E-012
3575 3.7457E-012
3578 3.7851E-012
3580 3.2552E-012
3583 2.9333E-012
3586 2.8766E-012
3589 3.2194E-012
3591 3.9841E-012
3594 4.3877E-012
3597 4.6640E-012
3600 4.7837E-012
3602 4.4872E-012
3605 4.0049E-012
3608 3.8058E-012
3611 3.6328E-012
3613 3.9167E-012
3616 4.0332E-012
3619 3.6141E-012
3622 3.7864E-012
3624 4.3582E-012
3627 4.5673E-012
3630 4.6088E-012
3633 3.8144E-012
3635 3.9967E-012
3638 4.4532E-012
3641 4.7373E-012
3644 4.4996E-012
3646 4.1438E-012
3649 4.0532E-012
3652 4.4838E-012
3655 4.9452E-012
3657 5.2632E-012
3660 5.4020E-012
3663 5.3083E-012
3666 5.1089E-012
3668 5.0235E-012
3671 5.0245E-012
3674 5.0832E-012
3677 4.9267E-012
3679 4.7014E-012
3682 4.6259E-012
3685 4.7482E-012
3688 4.4992E-012
3690 4.8194E-012
3693 5.2907E-012
3696 5.2038E-012
3699 5.3803E-012
3701 5.5220E-012
3704 4.9609E-012
3707 4.3169E-012
3710 4.4588E-012
3712 5.1631E-012
3715 5.6004E-012
3718 5.1731E-012
3720 4.1859E-012
3723 4.0984E-012
3726 4.8352E-012
3729 4.7808E-012
3731 4.5290E-012
3734 3.7326E-012
3737 3.3818E-012
3740 4.1842E-012
3742 4.5952E-012
3745 3.9591E-012
3748 3.5117E-012
3751 3.6761E-012
3753 4.6540E-012
3756 5.0316E-012
3759 4.5219E-012
3762 4.5510E-012
3764 4.6508E-012
3767 4.5779E-012
3770 4.7556E-012
3773 5.1352E-012
3775 5.5009E-012
3778 5.7178E-012
3781 6.0166E-012
3784 6.0870E-012
3786 5.5799E-012
3789 4.9464E-012
3792 4.8853E-012
3795 4.5873E-012
3797 4.2713E-012
3800 4.4584E-012
3803 5.2226E-012
3806 5.5083E-012
3808 5.4003E-012
3811 5.5637E-012
3814 4.9209E-012
3817 4.2783E-012
3819 4.2131E-012
3822 3.8886E-012
3825 3.6698E-012
3828 3.2415E-012
3830 3.2477E-012
3833 3.0744E-012
3836 3.0638E-012
3839 3.1078E-012
3841 3.4876E-012
3844 4.3636E-012
3847 4.7459E-012
3850 4.7853E-012
3852 4.7175E-012
3855 4.5510E-012
3858 4.1996E-012
3861 4.0778E-012
3863 4.6698E-012
3866 4.7362E-012
3869 4.6053E-012
3872 4.1511E-012
3874 4.4503E-012
3877 4.7115E-012
3880 4.3374E-012
3883 4.2224E-012
3885 4.3015E-012
3888 4.0738E-012
3891 4.4304E-012
3894 5.0322E-012
3896 5.2718E-012
3899 5.3725E-012
3902 5.3434E-012
3905 5.0073E-012
3907 5.1114E-012
3910 5.6923E-012
3913 5.9838E-012
3916 5.7734E-012
3918 5.4719E-012
3921 5.0011E-012
3924 4.7487E-012
3927 4.2258E-012
3929 3.2077E-012
3932 2.3100E-012
3935 1.9998E-012
3938 2.5879E-012
3940 3.5721E-012
3943 4.1308E-012
3946 4.6057E-012
3949 5.1668E-012
3951 5.4956E-012
3954 5.5306E-012
3957 5.4467E-012
3960 5.2365E-012
3962 4.3073E-012
3965 3.3780E-012
3968 2.5122E-012
3971 2.4654E-012
3973 3.4258E-012
3976 4.5029E-012
3979 5.4858E-012
3982 6.1156E-012
3984 6.2341E-012
3987 6.3748E-012
3990 6.7248E-012
3993 6.8790E-012
3995 6.9116E-012
3998 6.9088E-012
4001 7.1700E-012
4004 7.2235E-012
4006 6.7479E-012
4009 7.0382E-012
4012 7.3493E-012
4015 7.4186E-012
4017 7.4858E-012
4020 7.5126E-012
4023 7.5130E-012
4026 7.4943E-012
4028 7.5593E-012
4031 7.0148E-012
4034 6.7395E-012
4037 7.2048E-012
4039 7.6420E-012
4042 7.4360E-012
4045 6.8387E-012
4048 6.5864E-012
4050 7.1645E-012
4053 7.2628E-012
4056 6.9833E-012
4059 6.7282E-012
4061 6.8948E-012
4064 6.4498E-012
4067 6.6716E-012
4070 7.0016E-012
4072 6.8101E-012
4075 6.8968E-012
4078 6.6250E-012
4081 6.9745E-012
4083 7.3471E-012
4086 7.3650E-012
4089 7.7197E-012
4092 7.6825E-012
4094 7.3780E-012
4097 6.9132E-012
4100 6.3325E-012
4103 5.7427E-012
4105 6.3750E-012
4108 7.0474E-012
4111 7.2550E-012
4114 7.5347E-012
4116 7.7110E-012
4119 7.6989E-012
4122 7.6260E-012
4125 7.6346E-012
4127 7.5211E-012
4130 7.3125E-012
4133 7.0645E-012
4136 7.3431E-012
4138 7.7463E-012
4141 7.8891E-012
4144 7.3178E-012
4147 7.4104E-012
4149 7.5427E-012
4152 7.5207E-012
4155 7.2757E-012
4158 7.2113E-012
4160 7.5342E-012
4163 7.8518E-012
4166 7.8753E-012
4169 7.5707E-012
4171 7.3952E-012
4174 6.9395E-012
4177 6.9927E-012
4180 7.1696E-012
4182 7.2611E-012
4185 7.1992E-012
4188 7.0760E-012
4191 7.3107E-012
4193 7.5798E-012
4196 7.3984E-012
4199 6.9978E-012
4202 6.8665E-012
4204 7.2231E-012
4207 7.6269E-012
4210 7.8309E-012
4213 7.8284E-012
4215 7.6811E-012
4218 7.5176E-012
4221 7.5077E-012
4224 7.3175E-012
4226 6.4465E-012
4229 6.5281E-012
4232 7.4099E-012
4235 7.3550E-012
4237 7.0567E-012
4240 7.1217E-012
4243 7.4126E-012
4246 7.5536E-012
4248 7.2050E-012
4251 6.9520E-012
4254 7.2732E-012
4257 7.2352E-012
4259 7.1500E-012
4262 6.8761E-012
4265 7.4191E-012
4268 7.5346E-012
4270 6.9786E-012
4273 6.3066E-012
4276 6.6477E-012
4279 7.2297E-012
4281 7.1812E-012
4284 7.0597E-012
4287 6.7396E-012
4290 6.5170E-012
4292 6.3715E-012
4295 6.5659E-012
4298 6.1581E-012
4301 5.3777E-012
4303 5.2289E-012
4306 5.2904E-012
4309 5.0672E-012
4311 5.3550E-012
4314 6.2829E-012
4317 7.4319E-012
4320 7.7143E-012
4322 7.4402E-012
4325 6.5564E-012
4328 6.6676E-012
4331 7.4980E-012
4333 7.6460E-012
4336 7.3472E-012
4339 6.3449E-012
4342 6.0703E-012
4344 6.3829E-012
4347 7.2183E-012
4350 7.4827E-012
4353 7.1177E-012
4355 7.2288E-012
4358 7.6575E-012
4361 7.7910E-012
4364 8.0622E-012
4366 8.1744E-012
4369 7.8352E-012
4372 7.6569E-012
4375 7.3912E-012
4377 7.4262E-012
4380 7.5565E-012
4383 6.9378E-012
4386 6.3043E-012
4388 7.0029E-012
4391 7.2524E-012
4394 7.4208E-012
4397 7.5711E-012
4399 7.7366E-012
4402 7.5080E-012
4405 7.3026E-012
4408 7.3058E-012
4410 7.7633E-012
4413 8.0129E-012
4416 7.7564E-012
4419 7.9481E-012
4421 8.1474E-012
4424 8.0387E-012
4427 8.0153E-012
4430 8.1346E-012
4432 8.0083E-012
4435 7.8093E-012
4438 7.9991E-012
4441 8.2518E-012
4443 7.9491E-012
4446 8.1714E-012
4449 8.3677E-012
4452 8.1597E-012
4454 7.6731E-012
4457 7.4069E-012
4460 7.4374E-012
4463 7.5759E-012
4465 7.8944E-012
4468 8.0302E-012
4471 8.0468E-012
4474 8.3702E-012
4476 8.4621E-012
4479 8.4719E-012
4482 8.0141E-012
4485 8.2124E-012
4487 8.4964E-012
4490 8.2472E-012
4493 8.2930E-012
4496 8.3015E-012
4498 8.3783E-012
4501 8.5179E-012
4504 8.7236E-012
4507 9.0476E-012
4509 8.9652E-012
4512 8.9332E-012
4515 8.5831E-012
4518 8.5065E-012
4520 8.6215E-012
4523 8.5879E-012
4526 8.1723E-012
4529 7.8069E-012
4531 7.7560E-012
4534 7.8910E-012
4537 8.1528E-012
4540 8.5091E-012
4542 8.3433E-012
4545 8.3318E-012
4548 8.0971E-012
4551 7.9406E-012
4553 8.0771E-012
4556 8.1196E-012
4559 8.5382E-012
4562 8.7272E-012
4564 8.5772E-012
4567 8.4463E-012
4570 8.5982E-012
4573 8.6101E-012
4575 8.7132E-012
4578 8.6750E-012
4581 8.3558E-012
4584 8.0592E-012
4586 8.0456E-012
4589 8.4343E-012
4592 8.3603E-012
4594 8.2756E-012
4597 8.2272E-012
4600 8.2762E-012
4603 8.3330E-012
4605 8.4570E-012
4608 8.6483E-012
4611 8.6355E-012
4614 8.5672E-012
4616 8.6234E-012
4619 8.6172E-012
4622 8.6518E-012
4625 8.6869E-012
4627 8.7144E-012
4630 8.6913E-012
4633 8.6953E-012
4636 8.5482E-012
4638 8.4350E-012
4641 8.3622E-012
4644 8.3625E-012
4647 8.0823E-012
4649 7.9250E-012
4652 8.2775E-012
4655 8.2826E-012
4658 8.3942E-012
4660 8.6023E-012
4663 8.3445E-012
4666 8.0084E-012
4669 7.6812E-012
4671 8.0449E-012
4674 8.2425E-012
4677 8.4107E-012
4680 8.2493E-012
4682 8.2576E-012
4685 8.3460E-012
4688 8.2734E-012
4691 8.2557E-012
4693 8.3008E-012
4696 8.3318E-012
4699 8.1651E-012
4702 7.9189E-012
4704 7.7429E-012
4707 7.9467E-012
4710 7.9174E-012
4713 8.2223E-012
4715 8.1586E-012
4718 8.4737E-012
4721 8.6594E-012
4724 8.7014E-012
4726 8.5552E-012
4729 8.2287E-012
4732 8.2191E-012
4735 8.2661E-012
4737 8.3079E-012
4740 8.4589E-012
4743 8.4827E-012
4746 8.5133E-012
4748 8.5875E-012
4751 8.5610E-012
4754 8.4056E-012
4757 8.3219E-012
4759 8.3553E-012
4762 8.2875E-012
4765 8.0657E-012
4768 8.1557E-012
4770 8.3644E-012
4773 8.4990E-012
4776 8.6146E-012
4778 8.7025E-012
4781 8.6898E-012
4784 8.4880E-012
4787 8.3805E-012
4789 8.3138E-012
4792 8.4092E-012
4795 8.6481E-012
4798 8.5603E-012
4800 8.4615E-012
4803 8.4844E-012
4806 8.3781E-012
4809 8.3718E-012
4811 8.4060E-012
4814 8.5413E-012
4817 8.5658E-012
4820 8.5666E-012
4822 8.3809E-012
4825 8.3538E-012
4828 8.4392E-012
4831 8.3238E-012
4833 8.3190E-012
4836 8.3132E-012
4839 8.1959E-012
4842 8.1139E-012
4844 8.1211E-012
4847 8.2069E-012
4850 8.0313E-012
4853 7.9390E-012
4855 7.5264E-012
4858 7.0063E-012
4861 6.2141E-012
4864 6.3611E-012
4866 6.7817E-012
4869 7.2517E-012
4872 7.2092E-012
4875 7.3783E-012
4877 7.6405E-012
4880 7.9603E-012
4883 8.0071E-012
4886 7.8466E-012
4888 7.5609E-012
4891 7.4387E-012
4894 7.8160E-012
4897 8.2850E-012
4899 8.3264E-012
4902 8.2699E-012
4905 8.1909E-012
4908 8.1985E-012
4910 8.0120E-012
4913 7.9553E-012
4916 7.8969E-012
4918 7.7502E-012
4921 7.2564E-012
4924 7.5267E-012
4927 7.8860E-012
4929 8.0110E-012
4932 8.1051E-012
4935 7.9209E-012
4938 7.8442E-012
4940 7.9658E-012
4943 8.1788E-012
4946 8.2866E-012
4949 8.3467E-012
4951 8.3722E-012
4954 8.1958E-012
4957 7.9362E-012
4960 7.7998E-012
4962 8.2094E-012
4965 8.3055E-012
4968 8.1620E-012
4971 8.0823E-012
4973 8.2477E-012
4976 8.2800E-012
4979 8.0937E-012
4982 7.8412E-012
4984 7.4808E-012
4987 7.6944E-012
4990 8.0051E-012
4993 8.0497E-012
4995 8.0775E-012
4998 8.1011E-012
5001 7.8884E-012
5004 7.6495E-012
5006 7.5900E-012
5009 7.5627E-012
5012 7.7181E-012
5015 7.5011E-012
5017 7.5081E-012
5020 7.5162E-012
5023 7.7162E-012
5025 7.8465E-012
5028 7.7968E-012
5031 7.9820E-012
5034 7.9663E-012
5036 7.9225E-012
5039 7.7332E-012
5042 7.4380E-012
5045 7.7486E-012
5047 8.0321E-012
5050 7.9301E-012
5053 7.9101E-012
5056 8.0901E-012
5058 8.2868E-012
5061 8.3163E-012
5064 8.2351E-012
5067 7.9134E-012
5069 8.0173E-012
5072 7.9421E-012
5075 7.9102E-012
5078 7.8968E-012
5080 7.6370E-012
5083 7.6070E-012
5086 7.8697E-012
5089 8.0650E-012
5091 8.1324E-012
5094 8.1682E-012
5097 8.0990E-012
5100 7.7255E-012
5102 7.8483E-012
5105 7.9819E-012
5108 7.8846E-012
5111 7.7985E-012
5113 7.8602E-012
5116 8.0880E-012
5119 8.1603E-012
5121 8.1841E-012
5124 7.8155E-012
5127 7.6836E-012
5130 7.6409E-012
5132 7.7376E-012
5135 7.7091E-012
5138 7.6345E-012
5141 7.4639E-012
5143 7.4703E-012
5146 7.6187E-012
5149 7.5674E-012
5152 7.6772E-012
5154 7.6503E-012
5157 7.7448E-012
5160 7.7294E-012
5163 7.5401E-012
5165 7.2130E-012
5168 6.4380E-012
5171 6.3574E-012
5174 6.3201E-012
5176 7.0818E-012
5179 7.4639E-012
5182 7.2678E-012
5185 6.4059E-012
5187 6.8348E-012
5190 7.2986E-012
5193 7.3057E-012
5196 7.3460E-012
5198 7.5000E-012
5201 7.6718E-012
5204 7.6490E-012
5206 7.4249E-012
5209 7.3698E-012
5212 7.6206E-012
5215 7.7398E-012
5217 7.6340E-012
5220 7.7251E-012
5223 7.7723E-012
5226 7.5194E-012
5228 7.1027E-012
5231 7.3128E-012
5234 7.4170E-012
5237 7.5611E-012
5239 7.8903E-012
5242 7.9660E-012
5245 7.9687E-012
5248 7.8645E-012
5250 7.7545E-012
5253 7.7413E-012
5256 7.7072E-012
5259 7.7459E-012
5261 7.7258E-012
5264 7.1115E-012
5267 6.7432E-012
5270 6.7883E-012
5272 6.9184E-012
5275 7.2992E-012
5278 7.5073E-012
5280 7.6480E-012
5283 7.5775E-012
5286 7.7890E-012
5289 7.9742E-012
5291 8.0788E-012
5294 8.0297E-012
5297 7.7679E-012
5300 7.6284E-012
5302 7.7744E-012
5305 7.9722E-012
5308 8.0246E-012
5311 8.0760E-012
5313 8.0758E-012
5316 7.9427E-012
5319 7.8811E-012
5322 7.8642E-012
5324 7.5362E-012
5327 7.3054E-012
5330 7.1512E-012
5333 7.5933E-012
5335 7.8104E-012
5338 7.8015E-012
5341 7.5803E-012
5344 7.6524E-012
5346 7.7380E-012
5349 7.7751E-012
5352 7.8214E-012
5354 8.0203E-012
5357 8.1393E-012
5360 8.0353E-012
5363 7.8595E-012
5365 7.6208E-012
5368 7.4993E-012
5371 7.3875E-012
5374 7.5760E-012
5376 7.7974E-012
5379 7.8794E-012
5382 7.7277E-012
5385 7.7141E-012
5387 7.7724E-012
5390 7.6790E-012
5393 7.5264E-012
5396 7.4441E-012
5398 7.4284E-012
5401 7.4392E-012
5404 7.3024E-012
5407 7.1334E-012
5409 7.3439E-012
5412 7.4151E-012
5415 7.5068E-012
5417 7.5702E-012
5420 7.5908E-012
5423 7.5642E-012
5426 7.5405E-012
5428 7.5813E-012
5431 7.4739E-012
5434 7.5213E-012
5437 7.5542E-012
5439 7.8311E-012
5442 7.8807E-012
5445 7.6652E-012
5448 7.5315E-012
5451 7.5405E-012
5455 7.5270E-012
5460 7.5716E-012
5465 7.5814E-012
5470 7.5730E-012
5475 7.4735E-012
5480 7.3965E-012
5485 7.4305E-012
5490 7.5403E-012
5494 7.5778E-012
5499 7.5687E-012
5504 7.4351E-012
5509 7.5204E-012
5514 7.5197E-012
5519 7.5403E-012
5524 7.6034E-012
5529 7.4925E-012
5533 7.4890E-012
5538 7.4629E-012
5543 7.4882E-012
5548 7.5845E-012
5553 7.6324E-012
5558 7.5381E-012
5563 7.4834E-012
5568 7.3233E-012
5572 7.2995E-012
5577 7.3316E-012
5582 7.3584E-012
5587 7.2182E-012
5592 7.0497E-012
5597 7.1504E-012
5602 7.2026E-012
5607 7.3418E-012
5611 7.4502E-012
5616 7.3107E-012
5621 7.2711E-012
5626 7.3398E-012
5631 7.4287E-012
5636 7.3628E-012
5641 7.3491E-012
5646 7.3393E-012
5650 7.3646E-012
5655 7.2464E-012
5660 7.1410E-012
5665 7.2030E-012
5670 7.3092E-012
5675 7.3969E-012
5680 7.4014E-012
5685 7.3080E-012
5689 7.2446E-012
5694 7.3037E-012
5699 7.2950E-012
5704 7.2254E-012
5709 7.0570E-012
5714 7.0796E-012
5719 7.3126E-012
5724 7.4480E-012
5728 7.5076E-012
5733 7.4589E-012
5738 7.4663E-012
5743 7.4568E-012
5748 7.4355E-012
5753 7.3072E-012
5758 7.2578E-012
5762 7.2760E-012
5767 7.3664E-012
5772 7.3914E-012
5777 7.3182E-012
5782 7.2326E-012
5787 7.1599E-012
5792 7.2344E-012
5797 7.3168E-012
5801 7.3261E-012
5806 7.2919E-012
5811 7.3103E-012
5816 7.3242E-012
5821 7.3376E-012
5826 7.3525E-012
5831 7.3908E-012
5836 7.3507E-012
5840 7.3322E-012
5845 7.3470E-012
5850 7.2853E-012
5855 7.2015E-012
5860 7.0971E-012
5865 7.1081E-012
5870 7.2572E-012
5875 7.3113E-012
5880 7.2846E-012
5884 7.1323E-012
5889 6.8581E-012
5894 6.6278E-012
5899 6.7315E-012
5904 7.0433E-012
5909 7.1768E-012
5914 7.1964E-012
5919 7.1746E-012
5923 7.2177E-012
5928 7.1723E-012
5933 7.0951E-012
5938 7.1520E-012
5943 7.1879E-012
5948 7.1518E-012
5953 7.0979E-012
5958 7.1174E-012
5962 7.1478E-012
5967 7.1999E-012
5972 7.1891E-012
5977 7.0980E-012
5982 7.0289E-012
5987 7.0063E-012
5992 7.0296E-012
5997 7.0197E-012
6001 6.9619E-012
6006 6.9675E-012
6011 6.9260E-012
6016 6.9236E-012
6021 6.8807E-012
6026 6.8416E-012
6031 6.9708E-012
6036 7.0256E-012
6040 7.0699E-012
6045 7.0486E-012
6050 7.0709E-012
6055 6.9692E-012
6060 6.9534E-012
6065 6.9703E-012
6070 6.9343E-012
6075 7.0191E-012
6079 6.9264E-012
6084 6.8996E-012
6089 6.8439E-012
6094 6.8392E-012
6099 6.8266E-012
6104 6.7534E-012
6109 6.8103E-012
6114 6.8244E-012
6118 6.7191E-012
6123 6.7337E-012
6128 6.7263E-012
6133 6.7109E-012
6138 6.6676E-012
6143 6.6434E-012
6148 6.6960E-012
6153 6.6632E-012
6157 6.6266E-012
6162 6.4995E-012
6167 6.4666E-012
6172 6.5277E-012
6177 6.6938E-012
6182 6.7255E-012
6187 6.7119E-012
6192 6.6883E-012
6197 6.7502E-012
6201 6.7695E-012
6206 6.8102E-012
6211 6.7573E-012
6216 6.6617E-012
6221 6.6071E-012
6226 6.6194E-012
6231 6.5830E-012
6236 6.6023E-012
6240 6.6101E-012
6245 6.4828E-012
6250 6.4724E-012
6255 6.4656E-012
6260 6.4977E-012
6265 6.5221E-012
6270 6.5919E-012
6275 6.6742E-012
6279 6.6631E-012
6284 6.6157E-012
6289 6.6622E-012
6294 6.6225E-012
6299 6.5997E-012
6304 6.4977E-012
6309 6.4838E-012
6314 6.4621E-012
6319 6.3671E-012
6323 6.3715E-012
6328 6.3823E-012
6333 6.3461E-012
6338 6.2922E-012
6343 6.3585E-012
6348 6.4278E-012
6353 6.4593E-012
6358 6.4656E-012
6362 6.3922E-012
6367 6.3915E-012
6372 6.4412E-012
6377 6.4852E-012
6382 6.4859E-012
6387 6.5014E-012
6392 6.4824E-012
6397 6.3943E-012
6401 6.3094E-012
6406 6.3294E-012
6411 6.2392E-012
6416 6.2508E-012
6421 6.2866E-012
6426 6.3485E-012
6431 6.3467E-012
6436 6.3456E-012
6441 6.3121E-012
6445 6.3406E-012
6450 6.2903E-012
6455 6.2710E-012
6460 6.2687E-012
6465 6.2344E-012
6470 6.3097E-012
6475 6.3066E-012
6480 6.3142E-012
6484 6.2825E-012
6489 6.3061E-012
6494 6.1442E-012
6499 6.0994E-012
6504 6.2071E-012
6509 6.2619E-012
6514 6.3012E-012
6519 6.2709E-012
6523 6.2457E-012
6528 6.2134E-012
6533 6.2373E-012
6538 6.2485E-012
6543 6.1848E-012
6548 6.0673E-012
6553 5.9321E-012
6558 5.5452E-012
6563 5.2060E-012
6567 5.2869E-012
6572 5.6063E-012
6577 5.8558E-012
6582 6.0312E-012
6587 6.0660E-012
6592 6.0975E-012
6597 6.0132E-012
6602 6.1006E-012
6606 6.1181E-012
6611 6.1344E-012
6616 6.1647E-012
6621 6.1713E-012
6626 6.1623E-012
6631 6.1296E-012
6636 6.0473E-012
6641 6.0650E-012
6646 6.0619E-012
6650 6.1190E-012
6655 6.1260E-012
6660 6.1201E-012
6665 6.0832E-012
6670 6.0825E-012
6675 6.1248E-012
6680 6.0589E-012
6685 6.1153E-012
6689 6.1160E-012
6694 6.1057E-012
6699 6.0766E-012
6704 6.0282E-012
6709 6.0076E-012
6714 5.9593E-012
6719 5.9458E-012
6724 5.9359E-012
6729 5.9660E-012
6733 6.0132E-012
6738 6.0081E-012
6743 5.9931E-012
6748 5.9847E-012
6753 5.9510E-012
6758 5.9661E-012
6763 5.9860E-012
6768 5.9461E-012
6772 5.9434E-012
6777 5.9624E-012
6782 5.9538E-012
6787 5.9184E-012
6792 5.9143E-012
6797 5.9208E-012
6802 5.9400E-012
6807 5.9189E-012
6812 5.9237E-012
6816 5.9411E-012
6821 5.8944E-012
6826 5.8871E-012
6831 5.8972E-012
6836 5.8399E-012
6841 5.7764E-012
6846 5.7410E-012
6851 5.7996E-012
6855 5.7875E-012
6860 5.7531E-012
6865 5.7756E-012
6870 5.8335E-012
6875 5.8340E-012
6880 5.8313E-012
6885 5.7646E-012
6890 5.8008E-012
6895 5.8239E-012
6899 5.8220E-012
6904 5.8010E-012
6909 5.7795E-012
6914 5.7626E-012
6919 5.6768E-012
6924 5.7298E-012
6929 5.7217E-012
6934 5.7560E-012
6938 5.7344E-012
6943 5.7170E-012
6948 5.7108E-012
6953 5.6831E-012
6958 5.6931E-012
6963 5.7207E-012
6968 5.7303E-012
6973 5.6799E-012
6978 5.6086E-012
6982 5.5722E-012
6987 5.6503E-012
6992 5.6415E-012
6997 5.6592E-012
7002 5.5700E-012
7007 5.5152E-012
7012 5.5022E-012
7017 5.5118E-012
7021 5.4779E-012
7026 5.4944E-012
7031 5.5038E-012
7036 5.5166E-012
7041 5.5397E-012
7046 5.5718E-012
7051 5.5949E-012
7056 5.5792E-012
7061 5.5647E-012
7065 5.5726E-012
7070 5.5341E-012
7075 5.4829E-012
7080 5.5333E-012
7085 5.5065E-012
7090 5.4393E-012
7095 5.4569E-012
7100 5.4964E-012
7105 5.4832E-012
7109 5.5051E-012
7114 5.4564E-012
7119 5.4543E-012
7124 5.4413E-012
7129 5.4500E-012
7134 5.4046E-012
7139 5.4510E-012
7144 5.4392E-012
7148 5.3974E-012
7153 5.4157E-012
7158 5.4424E-012
7163 5.3908E-012
7168 5.3507E-012
7173 5.3783E-012
7178 5.3692E-012
7183 5.2918E-012
7188 5.2648E-012
7192 5.2374E-012
7197 5.2572E-012
7202 5.2677E-012
7207 5.2912E-012
7212 5.2766E-012
7217 5.3167E-012
7222 5.2824E-012
7227 5.2699E-012
7231 5.3010E-012
7236 5.3193E-012
7241 5.3280E-012
7246 5.2988E-012
7251 5.2927E-012
7256 5.2769E-012
7261 5.2861E-012
7266 5.2758E-012
7271 5.2904E-012
7275 5.2869E-012
7280 5.2331E-012
7285 5.1371E-012
7290 5.1220E-012
7295 5.1325E-012
7300 5.1977E-012
7305 5.2131E-012
7310 5.1647E-012
7315 5.1901E-012
7319 5.2244E-012
7324 5.1821E-012
7329 5.1473E-012
7334 5.1916E-012
7339 5.2153E-012
7344 5.2293E-012
7349 5.1815E-012
7354 5.1643E-012
7358 5.1354E-012
7363 5.1611E-012
7368 5.1493E-012
7373 5.1481E-012
7378 5.1299E-012
7383 5.1038E-012
7388 5.0099E-012
7393 5.0038E-012
7398 5.0268E-012
7402 5.0580E-012
7407 5.0066E-012
7412 4.9506E-012
7417 4.9464E-012
7422 4.9763E-012
7427 4.9985E-012
7432 5.0415E-012
7437 5.0535E-012
7442 5.0363E-012
7446 5.0125E-012
7451 5.0138E-012
7456 5.0499E-012
7461 5.0372E-012
7466 5.0361E-012
7471 5.0368E-012
7476 5.0459E-012
7481 5.0393E-012
7485 5.0301E-012
7490 5.0040E-012
7495 4.9722E-012
7500 4.9545E-012
7505 4.9723E-012
7510 4.9363E-012
7515 4.9252E-012
7520 4.9684E-012
7525 4.9536E-012
7529 4.9246E-012
7534 4.9423E-012
7539 4.9585E-012
7544 4.9765E-012
7549 4.9493E-012
7554 4.9174E-012
7559 4.9130E-012
7564 4.9211E-012
7569 4.9063E-012
7573 4.8841E-012
7578 4.9112E-012
7583 4.8904E-012
7588 4.8854E-012
7593 4.9252E-012
7598 4.8966E-012
7603 4.8974E-012
7608 4.8502E-012
7612 4.8603E-012
7617 4.8155E-012
7622 4.8219E-012
7627 4.8553E-012
7632 4.8763E-012
7637 4.9056E-012
7642 4.8690E-012
7647 4.8721E-012
7652 4.8314E-012
7656 4.7615E-012
7661 4.6864E-012
7666 4.6794E-012
7671 4.7433E-012
7676 4.8327E-012
7681 4.8023E-012
7686 4.7925E-012
7691 4.7858E-012
7696 4.7577E-012
7700 4.7464E-012
7705 4.7814E-012
7710 4.7735E-012
7715 4.7129E-012
7720 4.7207E-012
7725 4.7313E-012
7730 4.7577E-012
7735 4.7763E-012
7740 4.7630E-012
7744 4.7186E-012
7749 4.6749E-012
7754 4.7087E-012
7759 4.7399E-012
7764 4.7626E-012
7769 4.7639E-012
7774 4.7039E-012
7779 4.6796E-012
7783 4.7019E-012
7788 4.6607E-012
7793 4.7022E-012
7798 4.6922E-012
7803 4.6719E-012
7808 4.7036E-012
7813 4.6793E-012
7818 4.7065E-012
7823 4.7286E-012
7827 4.6995E-012
7832 4.6612E-012
7837 4.5881E-012
7842 4.6447E-012
7847 4.6344E-012
7852 4.6197E-012
7857 4.6386E-012
7862 4.6672E-012
7867 4.6749E-012
7871 4.6671E-012
7876 4.6430E-012
7881 4.6093E-012
7886 4.6021E-012
7891 4.6439E-012
7896 4.6330E-012
7901 4.6570E-012
7906 4.6680E-012
7910 4.5962E-012
7915 4.5293E-012
7920 4.5281E-012
7925 4.5342E-012
7930 4.5311E-012
7935 4.4495E-012
7940 4.4613E-012
7945 4.4462E-012
7950 4.4468E-012
7954 4.5329E-012
7959 4.5243E-012
7964 4.5316E-012
7969 4.5383E-012
7974 4.4977E-012
7979 4.5535E-012
7984 4.5650E-012
7989 4.5468E-012
7994 4.5272E-012
7998 4.4840E-012
8003 4.4532E-012
8008 4.4701E-012
8013 4.4930E-012
8018 4.4836E-012
8023 4.5216E-012
8028 4.4591E-012
8033 4.4441E-012
8038 4.4459E-012
8042 4.4212E-012
8047 4.3915E-012
8052 4.3531E-012
8057 4.4122E-012
8062 4.4184E-012
8067 4.4319E-012
8072 4.4150E-012
8077 4.3887E-012
8081 4.3689E-012
8086 4.3397E-012
8091 4.3370E-012
8096 4.3260E-012
8101 4.3229E-012
8106 4.3436E-012
8111 4.3689E-012
8116 4.4025E-012
8121 4.3747E-012
8125 4.4018E-012
8130 4.3665E-012
8135 4.3758E-012
8140 4.3396E-012
8145 4.3245E-012
8150 4.3185E-012
8155 4.3262E-012
8160 4.3431E-012
8165 4.3621E-012
8169 4.3339E-012
8174 4.2980E-012
8179 4.2913E-012
8184 4.2371E-012
8189 4.1951E-012
8194 4.2309E-012
8199 4.1621E-012
8204 4.1850E-012
8208 4.2020E-012
8213 4.1800E-012
8218 4.1728E-012
8223 4.1834E-012
8228 4.2149E-012
8233 4.2503E-012
8238 4.1903E-012
8243 4.2036E-012
8248 4.2046E-012
8252 4.2229E-012
8257 4.2536E-012
8262 4.2449E-012
8267 4.2160E-012
8272 4.2185E-012
8277 4.2052E-012
8282 4.2167E-012
8287 4.2216E-012
8292 4.1928E-012
8296 4.1477E-012
8301 4.1759E-012
8306 4.1956E-012
8311 4.1447E-012
8316 4.1303E-012
8321 4.1675E-012
8326 4.1092E-012
8331 4.0751E-012
8335 4.0458E-012
8340 4.0502E-012
8345 4.0536E-012
8350 4.0578E-012
8355 4.1123E-012
8360 4.0993E-012
8365 4.0981E-012
8370 4.0881E-012
8375 4.1017E-012
8379 4.1248E-012
8384 4.1280E-012
8389 4.0823E-012
8394 4.0864E-012
8399 4.1030E-012
8404 4.1031E-012
8409 4.0828E-012
8414 4.0810E-012
8419 4.0667E-012
8423 4.0582E-012
8428 4.0553E-012
8433 4.0493E-012
8438 4.0315E-012
8443 4.0005E-012
8448 3.9737E-012
8453 3.9921E-012
8458 4.0190E-012
8462 4.0528E-012
8467 4.0134E-012
8472 4.0014E-012
8477 4.0244E-012
8482 4.0029E-012
8487 3.9643E-012
8492 3.9179E-012
8497 3.8435E-012
8502 3.6600E-012
8506 3.7772E-012
8511 3.8998E-012
8516 3.8933E-012
8521 3.9015E-012
8526 3.8801E-012
8531 3.8010E-012
8536 3.7100E-012
8541 3.4718E-012
8546 3.4282E-012
8550 3.4722E-012
8555 3.7295E-012
8560 3.7935E-012
8565 3.8824E-012
8570 3.9254E-012
8575 3.9464E-012
8580 3.9464E-012
8585 3.9180E-012
8589 3.9007E-012
8594 3.8984E-012
8599 3.8770E-012
8604 3.8792E-012
8609 3.8817E-012
8614 3.8669E-012
8619 3.8447E-012
8624 3.8632E-012
8629 3.8754E-012
8633 3.8817E-012
8638 3.8471E-012
8643 3.8348E-012
8648 3.8029E-012
8653 3.7001E-012
8658 3.6286E-012
8663 3.3780E-012
8668 3.3787E-012
8673 3.5846E-012
8677 3.6456E-012
8682 3.7154E-012
8687 3.7443E-012
8692 3.7430E-012
8697 3.7900E-012
8702 3.7966E-012
8707 3.8030E-012
8712 3.7923E-012
8716 3.7702E-012
8721 3.7729E-012
8726 3.7981E-012
8731 3.7483E-012
8736 3.7472E-012
8741 3.7357E-012
8746 3.7205E-012
8751 3.7169E-012
8756 3.7047E-012
8760 3.7359E-012
8765 3.7586E-012
8770 3.7629E-012
8775 3.7606E-012
8780 3.7712E-012
8785 3.7766E-012
8790 3.7406E-012
8795 3.6991E-012
8799 3.7225E-012
8804 3.7029E-012
8809 3.6424E-012
8814 3.7044E-012
8819 3.7499E-012
8824 3.7219E-012
8829 3.7397E-012
8834 3.7541E-012
8839 3.7345E-012
8843 3.7274E-012
8848 3.7502E-012
8853 3.7145E-012
8858 3.6896E-012
8863 3.6317E-012
8868 3.6023E-012
8873 3.6465E-012
8878 3.6888E-012
8882 3.6875E-012
8887 3.6880E-012
8892 3.6952E-012
8897 3.6716E-012
8902 3.6630E-012
8907 3.6598E-012
8912 3.6761E-012
8917 3.6603E-012
8922 3.6713E-012
8926 3.6422E-012
8931 3.6292E-012
8936 3.6399E-012
8941 3.6226E-012
8946 3.6086E-012
8951 3.5948E-012
8956 3.6352E-012
8961 3.6933E-012
8965 3.6743E-012
8970 3.6426E-012
8975 3.6084E-012
8980 3.6148E-012
8985 3.6396E-012
8990 3.6269E-012
8995 3.6427E-012
9000 3.5527E-012
9005 3.5478E-012
9009 3.4898E-012
9014 3.4271E-012
9019 3.4694E-012
9024 3.5164E-012
9029 3.5480E-012
9034 3.5777E-012
9039 3.6133E-012
9044 3.5919E-012
9048 3.5767E-012
9053 3.5545E-012
9058 3.5428E-012
9063 3.4901E-012
9068 3.5185E-012
9073 3.5587E-012
9078 3.5488E-012
9083 3.5294E-012
9088 3.4977E-012
9092 3.4301E-012
9097 3.4239E-012
9102 3.4751E-012
9107 3.5032E-012
9112 3.4890E-012
9117 3.4892E-012
9122 3.4868E-012
9127 3.4938E-012
9131 3.4946E-012
9136 3.5125E-012
9141 3.5133E-012
9146 3.5028E-012
9151 3.5219E-012
9156 3.5255E-012
9161 3.5258E-012
9166 3.5145E-012
9171 3.4802E-012
9175 3.4463E-012
9180 3.4324E-012
9185 3.4338E-012
9190 3.4926E-012
9195 3.4805E-012
9200 3.4725E-012
9205 3.4332E-012
9210 3.3830E-012
9214 3.3213E-012
9219 3.2835E-012
9224 3.3170E-012
9229 3.2864E-012
9234 3.2854E-012
9239 3.3222E-012
9244 3.2945E-012
9249 3.2776E-012
9253 3.2910E-012
9258 3.2918E-012
9263 3.3111E-012
9268 3.3583E-012
9273 3.3547E-012
9278 3.3857E-012
9283 3.3831E-012
9288 3.3724E-012
9293 3.4081E-012
9297 3.3949E-012
9302 3.3888E-012
9307 3.4035E-012
9312 3.3690E-012
9317 3.3463E-012
9322 3.3190E-012
9327 3.3388E-012
9332 3.3616E-012
9336 3.3410E-012
9341 3.3516E-012
9346 3.3203E-012
9351 3.3109E-012
9356 3.3074E-012
9361 3.3368E-012
9366 3.3252E-012
9371 3.3319E-012
9375 3.3191E-012
9380 3.3024E-012
9385 3.2958E-012
9390 3.2914E-012
9395 3.2837E-012
9400 3.2769E-012
9405 3.2504E-012
9410 3.2031E-012
9415 3.1828E-012
9419 3.1328E-012
9424 3.1647E-012
9429 3.2068E-012
9434 3.1877E-012
9439 3.2162E-012
9444 3.2238E-012
9449 3.2349E-012
9454 3.2296E-012
9458 3.2296E-012
9463 3.2421E-012
9468 3.2527E-012
9473 3.2759E-012
9478 3.2619E-012
9483 3.2748E-012
9488 3.2410E-012
9493 3.2285E-012
9497 3.2192E-012
9502 3.2080E-012
9507 3.1973E-012
9512 3.2053E-012
9517 3.2058E-012
9522 3.1846E-012
9527 3.1501E-012
9532 3.1557E-012
9537 3.1567E-012
9541 3.1264E-012
9546 3.0699E-012
9551 3.0520E-012
9556 3.0824E-012
9561 3.0942E-012
9566 3.1379E-012
9571 3.1533E-012
9576 3.1413E-012
9580 3.1341E-012
9585 3.1360E-012
9590 3.1536E-012
9595 3.1392E-012
9600 3.1688E-012
9605 3.1324E-012
9610 3.1333E-012
9615 3.1338E-012
9619 3.1628E-012
9624 3.1142E-012
9629 3.1031E-012
9634 3.1153E-012
9639 3.0882E-012
9644 3.0986E-012
9649 3.0816E-012
9654 3.0736E-012
9658 3.0543E-012
9663 3.0562E-012
9668 3.0918E-012
9673 3.0869E-012
9678 3.0711E-012
9683 3.0693E-012
9688 3.0795E-012
9693 3.0764E-012
9697 3.1006E-012
9702 3.1115E-012
9707 3.0984E-012
9712 3.0625E-012
9717 3.0469E-012
9722 3.0376E-012
9727 3.0151E-012
9732 3.0496E-012
9736 3.0506E-012
9741 3.0138E-012
9746 3.0251E-012
9751 3.0103E-012
9756 3.0404E-012
9761 3.0433E-012
9766 3.0249E-012
9771 3.0177E-012
9775 3.0402E-012
9780 3.0453E-012
9785 3.0211E-012
9790 3.0479E-012
9795 3.0226E-012
9800 3.0196E-012
9805 3.0361E-012
9810 3.0491E-012
9815 3.0209E-012
9819 2.9938E-012
9824 2.9831E-012
9829 2.9740E-012
9834 2.9798E-012
9839 2.9974E-012
9844 2.9887E-012
9849 2.9982E-012
9854 3.0156E-012
9858 3.0006E-012
9863 2.9971E-012
9868 2.9660E-012
9873 2.9669E-012
9878 2.9647E-012
9883 3.0089E-012
9888 2.9535E-012
9893 2.9645E-012
9897 2.9483E-012
9902 2.9719E-012
9907 2.9487E-012
9912 2.9385E-012
9917 2.9241E-012
9922 2.9167E-012
9927 2.9440E-012
9932 2.9395E-012
9936 2.9421E-012
9941 2.9178E-012
9946 2.9282E-012
9951 2.9427E-012
9956 2.9198E-012
9961 2.9276E-012
9966 2.9274E-012
9971 2.9073E-012
9975 2.9106E-012
9980 2.9207E-012
9985 2.9211E-012
9990 2.9140E-012
9995 2.8871E-012
1E+004 2.9244E-012
1E+004 2.9130E-012
1.001E+004 2.9283E-012
1.001E+004 2.9145E-012
1.002E+004 2.9191E-012
1.002E+004 2.8869E-012
1.003E+004 2.8690E-012
1.003E+004 2.8294E-012
1.004E+004 2.8122E-012
1.004E+004 2.7915E-012
1.005E+004 2.7598E-012
1.005E+004 2.7143E-012
1.006E+004 2.7432E-012
1.006E+004 2.7864E-012
1.007E+004 2.7801E-012
1.007E+004 2.8045E-012
1.008E+004 2.8148E-012
1.008E+004 2.8299E-012
1.009E+004 2.8293E-012
1.009E+004 2.8326E-012
1.01E+004 2.8304E-012
1.01E+004 2.8132E-012
1.011E+004 2.8168E-012
1.011E+004 2.8185E-012
1.012E+004 2.8426E-012
1.013E+004 2.8165E-012
1.018E+004 2.7644E-012
1.023E+004 2.7517E-012
1.028E+004 2.7377E-012
1.033E+004 2.6889E-012
1.038E+004 2.6635E-012
1.043E+004 2.6437E-012
1.048E+004 2.6022E-012
1.053E+004 2.5891E-012
1.058E+004 2.5544E-012
1.063E+004 2.5264E-012
1.068E+004 2.4641E-012
1.073E+004 2.4534E-012
1.078E+004 2.4342E-012
1.083E+004 2.3851E-012
1.088E+004 2.3673E-012
1.093E+004 2.3024E-012
1.098E+004 2.2944E-012
1.103E+004 2.3067E-012
1.108E+004 2.2957E-012
1.113E+004 2.2667E-012
1.118E+004 2.2433E-012
1.123E+004 2.2278E-012
1.128E+004 2.1792E-012
1.133E+004 2.1699E-012
1.138E+004 2.1512E-012
1.143E+004 2.1174E-012
1.148E+004 2.1335E-012
1.153E+004 2.1114E-012
1.158E+004 2.0828E-012
1.163E+004 2.0369E-012
1.168E+004 2.0282E-012
1.173E+004 2.0334E-012
1.178E+004 1.9861E-012
1.183E+004 1.9702E-012
1.188E+004 1.9451E-012
1.193E+004 1.9616E-012
1.198E+004 1.8971E-012
1.203E+004 1.9039E-012
1.208E+004 1.8776E-012
1.213E+004 1.8762E-012
1.218E+004 1.8758E-012
1.223E+004 1.8558E-012
1.228E+004 1.8327E-012
1.233E+004 1.8185E-012
1.238E+004 1.8052E-012
1.243E+004 1.7811E-012
1.248E+004 1.7740E-012
1.253E+004 1.7518E-012
1.258E+004 1.7347E-012
1.263E+004 1.7189E-012
1.268E+004 1.7008E-012
1.273E+004 1.6957E-012
1.278E+004 1.6775E-012
1.283E+004 1.5668E-012
1.288E+004 1.6390E-012
1.293E+004 1.6277E-012
1.298E+004 1.6208E-012
1.303E+004 1.5979E-012
1.308E+004 1.5938E-012
1.313E+004 1.5623E-012
1.318E+004 1.5534E-012
1.323E+004 1.5516E-012
1.328E+004 1.5262E-012
1.333E+004 1.5178E-012
1.338E+004 1.5059E-012
1.343E+004 1.4977E-012
1.348E+004 1.4852E-012
1.353E+004 1.4697E-012
1.358E+004 1.4472E-012
1.363E+004 1.4413E-012
1.368E+004 1.4260E-012
1.373E+004 1.4157E-012
1.378E+004 1.4025E-012
1.383E+004 1.3948E-012
1.388E+004 1.3865E-012
1.393E+004 1.3752E-012
1.398E+004 1.3646E-012
1.403E+004 1.3411E-012
1.408E+004 1.3401E-012
1.413E+004 1.3160E-012
1.418E+004 1.3152E-012
1.423E+004 1.2888E-012
1.428E+004 1.2726E-012
1.433E+004 1.2761E-012
1.438E+004 1.2708E-012
1.443E+004 1.2348E-012
1.448E+004 1.2466E-012
1.453E+004 1.2239E-012
1.457E+004 1.2237E-012
1.462E+004 1.2130E-012
1.468E+004 1.2065E-012
1.473E+004 1.1824E-012
1.478E+004 1.1760E-012
1.483E+004 1.1718E-012
1.488E+004 1.1435E-012
1.493E+004 1.1652E-012
1.498E+004 1.1469E-012
1.503E+004 1.1155E-012
1.508E+004 1.1113E-012
1.513E+004 1.1220E-012
1.518E+004 1.1151E-012
1.523E+004 1.0995E-012
1.528E+004 1.0972E-012
1.533E+004 1.0842E-012
1.538E+004 1.0793E-012
1.543E+004 1.0680E-012
1.548E+004 1.0602E-012
1.553E+004 1.0479E-012
1.558E+004 1.0343E-012
1.563E+004 1.0368E-012
1.568E+004 1.0150E-012
1.573E+004 1.0076E-012
1.578E+004 9.8013E-013
1.583E+004 9.9003E-013
1.588E+004 9.4874E-013
1.593E+004 9.6576E-013
1.598E+004 9.7159E-013
1.605E+004 9.5537E-013
1.615E+004 9.2499E-013
1.625E+004 9.3489E-013
1.635E+004 9.0430E-013
1.645E+004 8.7304E-013
1.655E+004 8.8259E-013
1.665E+004 8.6657E-013
1.675E+004 8.3445E-013
1.685E+004 8.0292E-013
1.695E+004 8.1878E-013
1.705E+004 7.9438E-013
1.715E+004 7.8176E-013
1.725E+004 7.5885E-013
1.735E+004 7.1435E-013
1.745E+004 7.2678E-013
1.755E+004 7.2007E-013
1.765E+004 7.0568E-013
1.775E+004 6.9250E-013
1.785E+004 6.8040E-013
1.795E+004 6.6805E-013
1.805E+004 6.5269E-013
1.815E+004 6.1678E-013
1.825E+004 6.2121E-013
1.835E+004 6.1547E-013
1.845E+004 5.9974E-013
1.855E+004 5.9225E-013
1.865E+004 5.7521E-013
1.875E+004 5.3847E-013
1.885E+004 5.5513E-013
1.895E+004 5.3697E-013
1.905E+004 5.3974E-013
1.915E+004 5.2912E-013
1.925E+004 5.1809E-013
1.935E+004 5.0512E-013
1.945E+004 4.7473E-013
1.955E+004 4.8936E-013
1.965E+004 4.8039E-013
1.975E+004 4.7092E-013
1.985E+004 4.6421E-013
1.995E+004 4.5672E-013
2.005E+004 4.5079E-013
2.015E+004 4.4442E-013
2.025E+004 4.3265E-013
2.035E+004 4.2379E-013
2.045E+004 4.2113E-013
2.055E+004 4.1244E-013
2.065E+004 4.0320E-013
2.075E+004 3.9831E-013
2.085E+004 3.9102E-013
2.095E+004 3.8201E-013
2.105E+004 3.7898E-013
2.115E+004 3.7115E-013
2.125E+004 3.6447E-013
2.135E+004 3.5984E-013
2.145E+004 3.5418E-013
2.155E+004 3.4796E-013
2.165E+004 3.2665E-013
2.175E+004 3.3350E-013
2.185E+004 3.2898E-013
2.195E+004 3.2616E-013
2.205E+004 3.1778E-013
2.215E+004 3.1479E-013
2.225E+004 3.0940E-013
2.235E+004 3.0461E-013
2.245E+004 2.9931E-013
2.255E+004 2.9392E-013
2.265E+004 2.8915E-013
2.275E+004 2.8567E-013
2.285E+004 2.7946E-013
2.295E+004 2.7338E-013
2.305E+004 2.7137E-013
2.315E+004 2.6660E-013
2.325E+004 2.5906E-013
2.335E+004 2.5675E-013
2.345E+004 2.5487E-013
2.355E+004 2.4629E-013
2.365E+004 2.4574E-013
2.375E+004 2.4128E-013
2.385E+004 2.3428E-013
2.395E+004 2.3400E-013
2.405E+004 2.3127E-013
2.415E+004 2.2428E-013
2.425E+004 2.2303E-013
2.435E+004 2.1969E-013
2.445E+004 2.1578E-013
2.455E+004 2.1101E-013
2.465E+004 2.1053E-013
2.475E+004 2.0639E-013
2.485E+004 2.0157E-013
2.495E+004 2.0095E-013
2.505E+004 1.9864E-013
2.515E+004 1.9464E-013
2.525E+004 1.9308E-013
2.535E+004 1.9015E-013
2.545E+004 1.8624E-013
2.555E+004 1.8370E-013
2.565E+004 1.8093E-013
2.575E+004 1.8014E-013
2.585E+004 1.7488E-013
2.595E+004 1.7446E-013
2.605E+004 1.7245E-013
2.615E+004 1.6879E-013
2.625E+004 1.6001E-013
2.635E+004 1.6445E-013
2.645E+004 1.6182E-013
2.655E+004 1.6007E-013
2.665E+004 1.5646E-013
2.675E+004 1.5510E-013
2.685E+004 1.5468E-013
2.695E+004 1.5246E-013
2.705E+004 1.5049E-013
2.715E+004 1.4844E-013
2.725E+004 1.4637E-013
2.735E+004 1.4459E-013
2.745E+004 1.4278E-013
2.755E+004 1.3875E-013
2.765E+004 1.3790E-013
2.775E+004 1.3667E-013
2.785E+004 1.3509E-013
2.795E+004 1.3373E-013
2.805E+004 1.3177E-013
2.815E+004 1.3018E-013
2.825E+004 1.2836E-013
2.835E+004 1.2681E-013
2.845E+004 1.2484E-013
2.855E+004 1.2331E-013
2.865E+004 1.2131E-013
2.875E+004 1.1801E-013
2.885E+004 1.1851E-013
2.895E+004 1.1718E-013
2.905E+004 1.1569E-013
2.915E+004 1.1423E-013
2.925E+004 1.1232E-013
2.935E+004 1.1133E-013
2.945E+004 1.0963E-013
2.955E+004 1.0853E-013
2.965E+004 1.0728E-013
2.975E+004 1.0591E-013
2.985E+004 1.0452E-013
2.995E+004 1.0292E-013
3.005E+004 1.0189E-013
3.015E+004 1.0063E-013
3.025E+004 9.9301E-014
3.035E+004 9.6334E-014
3.045E+004 9.6048E-014
3.055E+004 9.5634E-014
3.065E+004 9.4319E-014
3.075E+004 9.3459E-014
3.085E+004 9.2067E-014
3.095E+004 9.1008E-014
3.105E+004 9.0118E-014
3.115E+004 8.8146E-014
3.125E+004 8.7839E-014
3.135E+004 8.6911E-014
3.145E+004 8.5789E-014
3.155E+004 8.4457E-014
3.165E+004 8.3547E-014
3.175E+004 8.2749E-014
3.185E+004 8.1817E-014
3.195E+004 8.0661E-014
3.21E+004 7.9289E-014
3.23E+004 7.7571E-014
3.25E+004 7.5661E-014
3.27E+004 7.3944E-014
3.29E+004 7.1219E-014
3.31E+004 7.0197E-014
3.33E+004 6.8788E-014
3.35E+004 6.7442E-014
3.37E+004 6.5778E-014
3.39E+004 6.4222E-014
3.41E+004 6.2700E-014
3.43E+004 6.1596E-014
3.45E+004 6.0405E-014
3.47E+004 5.8996E-014
3.49E+004 5.7749E-014
3.51E+004 5.6579E-014
3.53E+004 5.5221E-014
3.55E+004 5.4064E-014
3.57E+004 5.2906E-014
3.59E+004 5.1770E-014
3.61E+004 5.0821E-014
3.63E+004 4.9759E-014
3.65E+004 4.8419E-014
3.67E+004 4.7468E-014
3.69E+004 4.6097E-014
3.71E+004 4.5044E-014
3.73E+004 4.4324E-014
3.75E+004 4.2756E-014
3.77E+004 4.2683E-014
3.79E+004 4.1842E-014
3.81E+004 4.1064E-014
3.83E+004 4.0398E-014
3.85E+004 3.9686E-014
3.87E+004 3.8754E-014
3.89E+004 3.7972E-014
3.91E+004 3.7335E-014
3.93E+004 3.6646E-014
3.95E+004 3.5765E-014
3.97E+004 3.5162E-014
3.99E+004 3.4228E-014
4.01E+004 3.3661E-014
4.03E+004 3.3180E-014
4.05E+004 3.2046E-014
4.07E+004 3.1892E-014
4.09E+004 3.1331E-014
4.11E+004 3.0825E-014
4.13E+004 3.0295E-014
4.15E+004 2.9637E-014
4.17E+004 2.9066E-014
4.19E+004 2.8554E-014
4.21E+004 2.7886E-014
4.23E+004 2.7542E-014
4.25E+004 2.6991E-014
4.27E+004 2.6549E-014
4.29E+004 2.5802E-014
4.31E+004 2.5168E-014
4.33E+004 2.4831E-014
4.35E+004 2.4096E-014
4.37E+004 2.3542E-014
4.39E+004 2.3310E-014
4.41E+004 2.2556E-014
4.43E+004 2.2324E-014
4.45E+004 2.1986E-014
4.47E+004 2.1334E-014
4.49E+004 2.1167E-014
4.51E+004 2.0795E-014
4.53E+004 2.0246E-014
4.55E+004 2.0039E-014
4.57E+004 1.9764E-014
4.59E+004 1.9243E-014
4.61E+004 1.9060E-014
4.63E+004 1.8732E-014
4.65E+004 1.8306E-014
4.67E+004 1.8095E-014
4.69E+004 1.7900E-014
4.71E+004 1.7606E-014
4.73E+004 1.7410E-014
4.75E+004 1.7100E-014
4.77E+004 1.6817E-014
4.79E+004 1.6576E-014
4.81E+004 1.6261E-014
4.83E+004 1.6102E-014
4.85E+004 1.5818E-014
4.87E+004 1.5563E-014
4.89E+004 1.5338E-014
4.91E+004 1.5104E-014
4.93E+004 1.4874E-014
4.95E+004 1.4636E-014
4.97E+004 1.4418E-014
4.99E+004 1.4228E-014
5.01E+004 1.3968E-014
5.03E+004 1.3810E-014
5.05E+004 1.3551E-014
5.07E+004 1.3370E-014
5.09E+004 1.3196E-014
5.11E+004 1.2966E-014
5.13E+004 1.2730E-014
5.15E+004 1.2602E-014
5.17E+004 1.2463E-014
5.19E+004 1.2240E-014
5.21E+004 1.2052E-014
5.23E+004 1.1875E-014
5.25E+004 1.1732E-014
5.27E+004 1.1582E-014
5.29E+004 1.1367E-014
5.31E+004 1.1233E-014
5.33E+004 1.1064E-014
5.35E+004 1.0919E-014
5.37E+004 1.0755E-014
5.39E+004 1.0618E-014
5.41E+004 1.0472E-014
5.43E+004 1.0291E-014
5.45E+004 1.0184E-014
5.47E+004 1.0029E-014
5.49E+004 9.8869E-015
5.51E+004 9.7683E-015
5.53E+004 9.6506E-015
5.55E+004 9.4862E-015
5.57E+004 9.3945E-015
5.59E+004 9.2284E-015
5.61E+004 9.1216E-015
5.63E+004 8.9908E-015
5.65E+004 8.8956E-015
5.67E+004 8.7771E-015
5.69E+004 8.6358E-015
5.71E+004 8.5407E-015
5.73E+004 8.4302E-015
5.75E+004 8.3164E-015
5.77E+004 8.2051E-015
5.79E+004 8.1036E-015
5.81E+004 7.9915E-015
5.83E+004 7.8913E-015
5.85E+004 7.7951E-015
5.87E+004 7.6840E-015
5.89E+004 7.5759E-015
5.91E+004 7.4541E-015
5.93E+004 7.3957E-015
5.95E+004 7.2785E-015
5.97E+004 7.2103E-015
5.99E+004 7.1194E-015
6.01E+004 7.0259E-015
6.03E+004 6.9412E-015
6.05E+004 6.8517E-015
6.07E+004 6.7618E-015
6.09E+004 6.6747E-015
6.11E+004 6.5813E-015
6.13E+004 6.5132E-015
6.15E+004 6.4352E-015
6.17E+004 6.3552E-015
6.19E+004 6.2780E-015
6.21E+004 6.2009E-015
6.23E+004 6.1097E-015
6.25E+004 6.0411E-015
6.27E+004 5.9681E-015
6.29E+004 5.8909E-015
6.31E+004 5.8173E-015
6.33E+004 5.7601E-015
6.35E+004 5.6871E-015
6.37E+004 5.6194E-015
6.39E+004 5.5483E-015
6.42E+004 5.4521E-015
6.46E+004 5.3180E-015
6.5E+004 5.1910E-015
6.54E+004 5.0736E-015
6.58E+004 4.9561E-015
6.62E+004 4.8384E-015
6.66E+004 4.7282E-015
6.7E+004 4.6178E-015
6.74E+004 4.5096E-015
6.78E+004 4.4053E-015
6.82E+004 4.3093E-015
6.86E+004 4.2123E-015
6.9E+004 4.1174E-015
6.94E+004 4.0242E-015
6.98E+004 3.9370E-015
7.02E+004 3.8400E-015
7.06E+004 3.7640E-015
7.1E+004 3.6835E-015
7.14E+004 3.6036E-015
7.18E+004 3.5251E-015
7.22E+004 3.4471E-015
7.26E+004 3.3733E-015
7.3E+004 3.3057E-015
7.34E+004 3.2298E-015
7.38E+004 3.1671E-015
7.42E+004 3.0957E-015
7.46E+004 3.0072E-015
7.5E+004 2.9545E-015
7.54E+004 2.9082E-015
7.58E+004 2.8511E-015
7.62E+004 2.7928E-015
7.66E+004 2.7372E-015
7.7E+004 2.6776E-015
7.74E+004 2.6276E-015
7.78E+004 2.5755E-015
7.82E+004 2.5242E-015
7.86E+004 2.4744E-015
7.9E+004 2.4253E-015
7.94E+004 2.3771E-015
7.98E+004 2.3315E-015
8.02E+004 2.2834E-015
8.06E+004 2.2376E-015
8.1E+004 2.1982E-015
8.14E+004 2.1507E-015
8.18E+004 2.1111E-015
8.22E+004 2.0744E-015
8.26E+004 2.0344E-015
8.3E+004 1.9966E-015
8.34E+004 1.9554E-015
8.38E+004 1.9209E-015
8.42E+004 1.8866E-015
8.46E+004 1.8518E-015
8.5E+004 1.8178E-015
8.54E+004 1.7844E-015
8.58E+004 1.7516E-015
8.62E+004 1.7194E-015
8.66E+004 1.6888E-015
8.7E+004 1.6590E-015
8.74E+004 1.6271E-015
8.78E+004 1.5977E-015
8.82E+004 1.5688E-015
8.86E+004 1.5396E-015
8.9E+004 1.5140E-015
8.94E+004 1.4884E-015
8.98E+004 1.4600E-015
9.02E+004 1.4367E-015
9.06E+004 1.4131E-015
9.1E+004 1.3856E-015
9.14E+004 1.3630E-015
9.18E+004 1.3410E-015
9.22E+004 1.3190E-015
9.26E+004 1.2962E-015
9.3E+004 1.2746E-015
9.34E+004 1.2526E-015
9.38E+004 1.2313E-015
9.42E+004 1.2113E-015
9.46E+004 1.1912E-015
9.5E+004 1.1710E-015
9.54E+004 1.1516E-015
9.58E+004 1.1336E-015
9.62E+004 1.1138E-015
9.66E+004 1.0968E-015
9.7E+004 1.0791E-015
9.74E+004 1.0585E-015
9.78E+004 1.0433E-015
9.82E+004 1.0275E-015
9.86E+004 1.0117E-015
9.9E+004 9.9600E-016
9.94E+004 9.7955E-016
9.98E+004 9.6408E-016
1.002E+005 9.5077E-016
1.005E+005 9.3678E-016
1.01E+005 9.2025E-016
1.015E+005 9.0279E-016
1.02E+005 8.8546E-016
1.025E+005 8.6850E-016
1.03E+005 8.5202E-016
1.035E+005 8.3606E-016
1.04E+005 8.2043E-016
1.045E+005 8.0508E-016
1.05E+005 7.8934E-016
1.055E+005 7.7534E-016
1.06E+005 7.6102E-016
1.065E+005 7.4695E-016
1.07E+005 7.3332E-016
1.075E+005 7.2017E-016
1.08E+005 7.0685E-016
1.085E+005 6.9408E-016
1.09E+005 6.8154E-016
1.095E+005 6.6962E-016
1.1E+005 6.5759E-016
1.105E+005 6.4593E-016
1.11E+005 6.3456E-016
1.115E+005 6.2360E-016
1.12E+005 6.1248E-016
1.125E+005 6.0202E-016
1.13E+005 5.9056E-016
1.135E+005 5.8123E-016
1.14E+005 5.7132E-016
1.145E+005 5.6150E-016
1.15E+005 5.5211E-016
1.155E+005 5.4244E-016
1.16E+005 5.3347E-016
1.165E+005 5.2449E-016
1.17E+005 5.1580E-016
1.175E+005 5.0711E-016
1.18E+005 4.9871E-016
1.185E+005 4.9046E-016
1.19E+005 4.8227E-016
1.195E+005 4.7440E-016
1.2E+005 4.6658E-016
1.205E+005 4.5910E-016
1.21E+005 4.5169E-016
1.215E+005 4.4440E-016
1.22E+005 4.3721E-016
1.225E+005 4.3022E-016
1.23E+005 4.2325E-016
1.235E+005 4.1637E-016
1.24E+005 4.0975E-016
1.245E+005 4.0338E-016
1.25E+005 3.9716E-016
1.255E+005 3.9100E-016
1.26E+005 3.8486E-016
1.265E+005 3.7885E-016
1.27E+005 3.7304E-016
1.275E+005 3.6730E-016
1.28E+005 3.6148E-016
1.285E+005 3.5610E-016
1.29E+005 3.5061E-016
1.295E+005 3.4533E-016
1.3E+005 3.4015E-016
1.305E+005 3.3500E-016
1.31E+005 3.2999E-016
1.315E+005 3.2504E-016
1.32E+005 3.2019E-016
1.325E+005 3.1542E-016
1.33E+005 3.1075E-016
1.335E+005 3.0615E-016
1.34E+005 3.0167E-016
1.345E+005 2.9728E-016
1.35E+005 2.9294E-016
1.355E+005 2.8864E-016
1.36E+005 2.8450E-016
1.365E+005 2.8038E-016
1.37E+005 2.7632E-016
1.375E+005 2.7240E-016
1.38E+005 2.6852E-016
1.385E+005 2.6468E-016
1.39E+005 2.6094E-016
1.395E+005 2.5723E-016
1.4E+005 2.5363E-016
1.405E+005 2.5002E-016
1.41E+005 2.4655E-016
1.415E+005 2.4310E-016
1.42E+005 2.3967E-016
1.425E+005 2.3641E-016
1.43E+005 2.3315E-016
1.435E+005 2.2996E-016
1.44E+005 2.2680E-016
1.445E+005 2.2371E-016
1.45E+005 2.2069E-016
1.455E+005 2.1766E-016
1.46E+005 2.1474E-016
1.465E+005 2.1182E-016
1.47E+005 2.0900E-016
1.475E+005 2.0616E-016
1.48E+005 2.0342E-016
1.485E+005 2.0073E-016
1.49E+005 1.9807E-016
1.495E+005 1.9542E-016
1.5E+005 1.9284E-016
1.505E+005 1.9038E-016
1.51E+005 1.8787E-016
1.515E+005 1.8544E-016
1.52E+005 1.8303E-016
1.525E+005 1.8065E-016
1.53E+005 1.7832E-016
1.535E+005 1.7602E-016
1.54E+005 1.7377E-016
1.545E+005 1.7154E-016
1.55E+005 1.6936E-016
1.555E+005 1.6720E-016
1.56E+005 1.6508E-016
1.565E+005 1.6299E-016
1.57E+005 1.6095E-016
1.575E+005 1.5892E-016
1.58E+005 1.5693E-016
1.585E+005 1.5498E-016
1.59E+005 1.5307E-016
1.595E+005 1.5116E-016
1.6E+005 1.4929E-016
1.605E+005 1.4742E-016
1.61E+005 1.4564E-016
1.615E+005 1.4384E-016
1.62E+005 1.4192E-016
1.625E+005 1.4035E-016
1.63E+005 1.3868E-016
1.635E+005 1.3700E-016
1.64E+005 1.3534E-016
1.645E+005 1.3370E-016
1.65E+005 1.3210E-016
1.655E+005 1.3054E-016
1.66E+005 1.2898E-016
1.665E+005 1.2745E-016
1.67E+005 1.2594E-016
1.675E+005 1.2445E-016
1.68E+005 1.2297E-016
1.685E+005 1.2150E-016
1.69E+005 1.2004E-016
1.695E+005 1.1871E-016
1.7E+005 1.1733E-016
1.705E+005 1.1598E-016
1.71E+005 1.1462E-016
1.715E+005 1.1329E-016
1.72E+005 1.1199E-016
1.725E+005 1.1070E-016
1.73E+005 1.0943E-016
1.735E+005 1.0820E-016
1.74E+005 1.0697E-016
1.745E+005 1.0575E-016
1.75E+005 1.0456E-016
1.755E+005 1.0337E-016
1.76E+005 1.0221E-016
1.765E+005 1.0105E-016
1.77E+005 9.9921E-017
1.775E+005 9.8811E-017
1.78E+005 9.7720E-017
1.785E+005 9.6636E-017
1.79E+005 9.5569E-017
1.795E+005 9.4513E-017
1.8E+005 9.3472E-017
1.805E+005 9.2446E-017
1.81E+005 9.1440E-017
1.815E+005 9.0441E-017
1.82E+005 8.9453E-017
1.825E+005 8.8475E-017
1.83E+005 8.7475E-017
1.835E+005 8.6573E-017
1.84E+005 8.5644E-017
1.845E+005 8.4729E-017
1.85E+005 8.3820E-017
1.855E+005 8.2928E-017
1.86E+005 8.2030E-017
1.865E+005 8.1166E-017
1.87E+005 8.0310E-017
1.875E+005 7.9443E-017
1.88E+005 7.8625E-017
1.885E+005 7.7796E-017
1.89E+005 7.6984E-017
1.895E+005 7.6176E-017
1.9E+005 7.5370E-017
1.905E+005 7.4263E-017
1.91E+005 7.3798E-017
1.915E+005 7.3064E-017
1.92E+005 7.2309E-017
1.925E+005 7.1565E-017
1.93E+005 7.0832E-017
1.935E+005 7.0105E-017
1.94E+005 6.9387E-017
1.945E+005 6.8678E-017
1.95E+005 6.7983E-017
1.955E+005 6.7295E-017
1.96E+005 6.6611E-017
1.965E+005 6.5944E-017
1.97E+005 6.5278E-017
1.975E+005 6.4623E-017
1.98E+005 6.3977E-017
1.985E+005 6.3342E-017
1.99E+005 6.2708E-017
1.995E+005 6.2085E-017
2E+005 6.1318E-017
2.01E+005 6.0262E-017
2.02E+005 5.9085E-017
2.03E+005 5.7936E-017
2.04E+005 5.6815E-017
2.05E+005 5.5720E-017
2.06E+005 5.4652E-017
2.07E+005 5.3612E-017
2.08E+005 5.2591E-017
2.09E+005 5.1595E-017
2.1E+005 5.0624E-017
2.11E+005 4.9678E-017
2.12E+005 4.8752E-017
2.13E+005 4.7848E-017
2.14E+005 4.6965E-017
2.15E+005 4.6101E-017
2.16E+005 4.5257E-017
2.17E+005 4.4432E-017
2.18E+005 4.3626E-017
2.19E+005 4.2836E-017
2.2E+005 4.2071E-017
2.21E+005 4.1317E-017
2.22E+005 4.0582E-017
2.23E+005 3.9833E-017
2.24E+005 3.9149E-017
2.25E+005 3.8470E-017
2.26E+005 3.7794E-017
2.27E+005 3.7136E-017
2.28E+005 3.6491E-017
2.29E+005 3.5862E-017
2.3E+005 3.5244E-017
2.31E+005 3.4640E-017
2.32E+005 3.4050E-017
2.33E+005 3.3472E-017
2.34E+005 3.2905E-017
2.35E+005 3.2353E-017
2.36E+005 3.1810E-017
2.37E+005 3.1276E-017
2.38E+005 3.0756E-017
2.39E+005 3.0243E-017
2.4E+005 2.9749E-017
2.41E+005 2.9261E-017
2.42E+005 2.8780E-017
2.43E+005 2.8312E-017
2.44E+005 2.7851E-017
2.45E+005 2.7400E-017
2.46E+005 2.6962E-017
2.47E+005 2.6530E-017
2.48E+005 2.6103E-017
2.49E+005 2.5686E-017
2.5E+005 2.5280E-017
2.51E+005 2.4883E-017
2.52E+005 2.4490E-017
2.53E+005 2.4108E-017
2.54E+005 2.3731E-017
2.55E+005 2.3362E-017
2.56E+005 2.3000E-017
2.57E+005 2.2645E-017
2.58E+005 2.2297E-017
2.59E+005 2.1954E-017
2.6E+005 2.1621E-017
2.61E+005 2.1294E-017
2.62E+005 2.0968E-017
2.63E+005 2.0654E-017
2.64E+005 2.0345E-017
2.65E+005 2.0039E-017
2.66E+005 1.9741E-017
2.67E+005 1.9446E-017
2.68E+005 1.9159E-017
2.69E+005 1.8877E-017
2.7E+005 1.8600E-017
2.71E+005 1.8326E-017
2.72E+005 1.8059E-017
2.73E+005 1.7796E-017
2.74E+005 1.7539E-017
2.75E+005 1.7285E-017
2.76E+005 1.7037E-017
2.77E+005 1.6793E-017
2.78E+005 1.6519E-017
2.79E+005 1.6319E-017
2.8E+005 1.6090E-017
2.81E+005 1.5862E-017
2.82E+005 1.5635E-017
2.83E+005 1.5416E-017
2.84E+005 1.5200E-017
2.85E+005 1.4987E-017
2.86E+005 1.4781E-017
2.87E+005 1.4576E-017
2.88E+005 1.4373E-017
2.89E+005 1.4176E-017
2.9E+005 1.3982E-017
2.91E+005 1.3792E-017
2.92E+005 1.3604E-017
2.93E+005 1.3420E-017
2.94E+005 1.3239E-017
2.95E+005 1.3060E-017
2.96E+005 1.2884E-017
2.97E+005 1.2713E-017
2.98E+005 1.2538E-017
2.99E+005 1.2373E-017
3E+005 1.2212E-017
3.01E+005 1.2052E-017
3.02E+005 1.1892E-017
3.03E+005 1.1738E-017
3.04E+005 1.1584E-017
3.05E+005 1.1432E-017
3.06E+005 1.1283E-017
3.07E+005 1.1137E-017
3.08E+005 1.0994E-017
3.09E+005 1.0855E-017
3.1E+005 1.0716E-017
3.11E+005 1.0576E-017
3.12E+005 1.0441E-017
3.13E+005 1.0309E-017
3.14E+005 1.0178E-017
3.15E+005 1.0049E-017
3.16E+005 9.9230E-018
3.17E+005 9.7987E-018
3.18E+005 9.6761E-018
3.19E+005 9.5553E-018
3.2E+005 9.4366E-018
3.21E+005 9.3198E-018
3.22E+005 9.2042E-018
3.23E+005 9.0912E-018
3.24E+005 8.9796E-018
3.25E+005 8.8697E-018
3.26E+005 8.7615E-018
3.27E+005 8.6547E-018
3.28E+005 8.5500E-018
3.29E+005 8.4464E-018
3.3E+005 8.3446E-018
3.31E+005 8.2441E-018
3.32E+005 8.1454E-018
3.33E+005 8.0478E-018
3.34E+005 7.9525E-018
3.35E+005 7.8576E-018
3.36E+005 7.7648E-018
3.37E+005 7.6729E-018
3.38E+005 7.5825E-018
3.39E+005 7.4938E-018
3.4E+005 7.4058E-018
3.41E+005 7.3194E-018
3.42E+005 7.2342E-018
3.43E+005 7.1503E-018
3.44E+005 7.0676E-018
3.45E+005 6.9859E-018
3.46E+005 6.9054E-018
3.47E+005 6.8263E-018
3.48E+005 6.7483E-018
3.49E+005 6.6714E-018
3.5E+005 6.5953E-018
3.51E+005 6.5204E-018
3.52E+005 6.4468E-018
3.53E+005 6.3742E-018
3.54E+005 6.3021E-018
3.55E+005 6.2313E-018
3.56E+005 6.1617E-018
3.57E+005 6.0929E-018
3.58E+005 6.0251E-018
3.59E+005 5.9582E-018
3.6E+005 5.8918E-018
3.61E+005 5.8270E-018
3.62E+005 5.7630E-018
3.63E+005 5.6996E-018
3.64E+005 5.6368E-018
3.65E+005 5.5749E-018
3.66E+005 5.5148E-018
3.67E+005 5.4550E-018
3.68E+005 5.3960E-018
3.69E+005 5.3379E-018
3.7E+005 5.2803E-018
3.71E+005 5.2229E-018
3.72E+005 5.1672E-018
3.73E+005 5.1121E-018
3.74E+005 5.0575E-018
3.75E+005 5.0037E-018
3.76E+005 4.9509E-018
3.77E+005 4.8985E-018
3.78E+005 4.8466E-018
3.79E+005 4.7958E-018
3.8E+005 4.7452E-018
3.81E+005 4.6958E-018
3.82E+005 4.6468E-018
3.83E+005 4.5982E-018
3.84E+005 4.5505E-018
3.85E+005 4.5034E-018
3.86E+005 4.4567E-018
3.87E+005 4.4109E-018
3.88E+005 4.3629E-018
3.89E+005 4.3136E-018
3.9E+005 4.2768E-018
3.91E+005 4.2331E-018
3.92E+005 4.1896E-018
3.93E+005 4.1472E-018
3.94E+005 4.1053E-018
3.95E+005 4.0639E-018
3.96E+005 4.0228E-018
3.97E+005 3.9824E-018
3.98E+005 3.9425E-018
3.99E+005 3.9031E-018
