3706.49296955 1.22161462977e-12
3711.39691122 8.8330785907e-13
3716.30082818 1.13587783337e-12
3721.20471877 1.19717935785e-12
3726.10858135 1.05808778367e-12
3731.01241421 1.42161736684e-12
3735.91621569 8.61523709608e-13
3740.81998413 9.67648284514e-13
3745.72371785 1.36216295716e-12
3750.62741517 1.06661944007e-12
3755.53107443 1.62077821804e-12
3760.43469396 1.55967068607e-12
3765.33827207 1.4608189435e-12
3770.2418071 1.4399448771e-12
3775.14529738 1.692475994e-12
3780.04874124 2.24128385807e-12
3784.952137 2.85158423889e-12
3789.85548299 2.58154924969e-12
3794.75877755 2.08002980888e-12
3799.66201899 1.91761593475e-12
3804.56520565 1.9982934725e-12
3809.46833585 2.48065917194e-12
3814.37140793 3.27653951819e-12
3819.2744202 3.54977793489e-12
3824.17737102 3.21565327356e-12
3829.08025868 2.8692087118e-12
3833.98308153 2.1630319458e-12
3838.88583789 1.92006712122e-12
3843.7885261 2.42388899792e-12
3848.69114446 3.05865277998e-12
3853.59369133 3.79026521225e-12
3858.49616504 4.01477689667e-12
3863.39856388 4.34731256787e-12
3868.30088622 4.2557329549e-12
3873.20313036 4.04386185385e-12
3878.10529463 3.77420013316e-12
3883.00737739 3.02873825282e-12
3887.90937692 2.20108502547e-12
3892.81129159 2.00930112972e-12
3897.71311971 2.32470388674e-12
3902.6148596 2.85362302785e-12
3907.5165096 3.45355656428e-12
3912.41806804 4.07715652863e-12
3917.31953323 3.92331664539e-12
3922.22090353 4.29537765613e-12
3927.12217724 4.41588364262e-12
3932.0233527 4.3556545538e-12
3936.92442823 4.29217233477e-12
3941.82540218 4.40852771992e-12
3946.72627284 4.44065281902e-12
3951.62703857 4.45078279207e-12
3956.52769769 4.10964240516e-12
3961.42824852 3.67698195358e-12
3966.3286894 3.10178134285e-12
3971.22901866 2.18490162413e-12
3976.1292346 1.78206491221e-12
3981.02933558 2.12478493988e-12
3985.92931992 3.2264040069e-12
3990.82918594 3.79603111477e-12
3995.72893198 4.07140987744e-12
4000.62855635 4.24831782142e-12
4005.52805739 4.51778585393e-12
4010.42743343 4.5479877958e-12
4015.3266828 4.4455644878e-12
4020.22580382 4.51230726152e-12
4025.12479483 4.49180726535e-12
4030.02365413 4.53579727055e-12
4034.9223801 4.41212597284e-12
4039.82097101 4.55657950649e-12
4044.71942522 4.56926227978e-12
4049.61774105 4.45692476204e-12
4054.51591685 4.44453785942e-12
4059.4139509 4.3966459538e-12
4064.31184158 4.40811578025e-12
4069.20958718 4.27448410146e-12
4074.10718604 4.2098564783e-12
4079.0046365 4.1567312741e-12
4083.90193689 4.05828029771e-12
4088.7990855 3.98167021542e-12
4093.69608071 3.75207944868e-12
4098.5929208 3.11641925498e-12
4103.48960415 2.40408729218e-12
4108.38612904 2.00104002877e-12
4113.28249382 2.31417199557e-12
4118.17869682 2.80683041789e-12
4123.07473637 3.67411471547e-12
4127.97061078 3.84312165251e-12
4132.8663184 3.81090025321e-12
4137.76185754 4.09031277872e-12
4142.65722654 4.1239934302e-12
4147.55242373 4.4312784565e-12
4152.44744743 4.32271053119e-12
4157.34229596 4.27990724547e-12
4162.23696767 4.42627800422e-12
4167.13146088 4.45615907408e-12
4172.0257739 4.43519718385e-12
4176.91990509 4.2476985643e-12
4181.81385275 4.04124344756e-12
4186.70761522 3.91903265925e-12
4191.60119084 4.03094913976e-12
4196.49457792 4.15077183863e-12
4201.38777478 4.07571436897e-12
4206.28077978 4.11107503825e-12
4211.17359122 4.059374395e-12
4216.06620744 4.02916706722e-12
4220.95862677 4.09210854019e-12
4225.85084753 4.04102983706e-12
4230.74286806 4.07207309624e-12
4235.63468668 4.10388692129e-12
4240.52630171 3.96444126221e-12
4245.41771149 3.96920572537e-12
4250.30891436 4.11443920586e-12
4255.19990861 4.01285237706e-12
4260.09069261 3.95040205339e-12
4264.98126466 3.92659541541e-12
4269.8716231 3.87070642851e-12
4274.76176626 3.96821353745e-12
4279.65169246 3.94992587075e-12
4284.54140002 3.95645577889e-12
4289.43088729 3.95577456319e-12
4294.3201526 4.03671258341e-12
4299.20919424 4.03179469232e-12
4304.09801058 3.8683052921e-12
4308.98659993 3.91141189939e-12
4313.87496062 3.79299984684e-12
4318.76309098 3.7074547094e-12
4323.65098934 3.5964384643e-12
4328.53865402 3.50447237591e-12
4333.42608336 3.17973661486e-12
4338.31327568 2.8145024526e-12
4343.2002293 2.13180963889e-12
4348.08694257 1.75293925399e-12
4352.9734138 2.02214288737e-12
4357.85964132 2.60424242677e-12
4362.74562347 3.16779548082e-12
4367.63135855 3.48871993709e-12
4372.51684493 3.62845497136e-12
4377.40208091 3.79897605443e-12
4382.28706482 3.7217589967e-12
4387.17179499 3.77996818995e-12
4392.05626976 3.69237508529e-12
4396.94048744 3.68069311035e-12
4401.82444637 3.73959328755e-12
4406.70814489 3.82169056454e-12
4411.59158128 3.76211989572e-12
4416.47475393 3.89593555785e-12
4421.35766112 3.77430964346e-12
4426.24030121 3.71660147259e-12
4431.12267251 3.60110967491e-12
4436.00477335 3.61780767999e-12
4440.88660207 3.7777916463e-12
4445.76815699 3.64640171911e-12
4450.64943642 3.7405969431e-12
4455.53043872 3.80351135371e-12
4460.41116221 3.66608331627e-12
4465.29160521 3.60919752734e-12
4470.17176605 3.68914787091e-12
4475.05164305 3.71204646364e-12
4479.93123455 3.72277286724e-12
4484.81053887 3.55662759241e-12
4489.68955436 3.53603039021e-12
4494.56827931 3.57748946995e-12
4499.44671208 3.56020345473e-12
4504.32485098 3.63925681028e-12
4509.20269435 3.58375535464e-12
4514.08024052 3.5294099007e-12
4518.9574878 3.63606252083e-12
4523.83443454 3.59277522156e-12
4528.71107906 3.57625884575e-12
4533.58741966 3.56941558716e-12
4538.46345472 3.60651395546e-12
4543.33918253 3.57603731715e-12
4548.21460143 3.56334988561e-12
4553.08970977 3.45606601136e-12
4557.96450583 3.45692880831e-12
4562.83898797 3.35253583033e-12
4567.71315452 3.42690715353e-12
4572.5870038 3.45703879298e-12
4577.46053413 3.47710512419e-12
4582.33374385 3.45231525987e-12
4587.2066313 3.43218471887e-12
4592.07919478 3.48964357938e-12
4596.95143262 3.35651333106e-12
4601.82334319 3.42993667962e-12
4606.69492476 3.45718433131e-12
4611.56617569 3.46624555459e-12
4616.43709431 3.54390014248e-12
4621.30767894 3.37392027287e-12
4626.17792791 3.27746890296e-12
4631.04783955 3.23437438106e-12
4635.91741219 3.30375949146e-12
4640.78664415 3.23936596184e-12
4645.65553375 3.4062368852e-12
4650.52407935 3.29698670211e-12
4655.39227925 3.30968526611e-12
4660.26013178 3.36625003534e-12
4665.12763529 3.33922449479e-12
4669.99478809 3.29020655175e-12
4674.8615885 3.37664393952e-12
4679.72803487 3.38301457089e-12
4684.59412552 3.3475069422e-12
4689.45985875 3.38577079821e-12
4694.32523294 3.44838751855e-12
4699.19024639 3.3348287708e-12
4704.05489742 3.36798937558e-12
4708.91918437 3.17948317036e-12
4713.78310558 3.19135947383e-12
4718.64665934 3.29916139655e-12
4723.50984402 3.19978585227e-12
4728.37265792 3.28220728061e-12
4733.23509938 3.23020634817e-12
4738.09716674 3.23178043063e-12
4742.9588583 3.13679100697e-12
4747.82017241 3.14283260486e-12
4752.68110739 3.23551773325e-12
4757.54166157 3.24080175109e-12
4762.40183327 3.15845596496e-12
4767.26162084 3.14797963228e-12
4772.12102258 3.19759252022e-12
4776.98003683 3.15151044385e-12
4781.83866193 3.20544697314e-12
4786.69689619 3.22891830447e-12
4791.55473795 3.18922167055e-12
4796.41218554 3.15144559954e-12
4801.26923727 3.10094381931e-12
4806.12589148 3.06050557843e-12
4810.98214651 3.10985105901e-12
4815.83800067 3.0619300707e-12
4820.6934523 3.02641717277e-12
4825.54849971 3.00487522089e-12
4830.40314125 2.9617612794e-12
4835.25737524 2.85800353336e-12
4840.1112 2.85445553767e-12
4844.96461388 2.84573407764e-12
4849.81761518 2.65179332237e-12
4854.67020224 2.47185379654e-12
4859.5223734 2.22909261112e-12
4864.37412697 1.7620559865e-12
4869.22546128 1.53879994476e-12
4874.07637468 1.77735850949e-12
4878.92686548 2.06406753631e-12
4883.77693199 2.35426554848e-12
4888.62657258 2.59303358085e-12
4893.47578556 2.7449485042e-12
4898.32456923 2.8671229665e-12
4903.17292196 2.86281890575e-12
4908.02084206 2.94638120828e-12
4912.86832785 2.84576054929e-12
4917.71537767 2.93300637447e-12
4922.56198985 2.81343612877e-12
4927.40816271 2.78575201029e-12
4932.25389458 2.83178643749e-12
4937.09918378 2.85064265929e-12
4941.94402867 2.88369912966e-12
4946.78842755 2.93569051483e-12
4951.63237874 2.850823275e-12
4956.47588059 2.85703603532e-12
4961.31893143 2.86127840824e-12
4966.16152955 2.88930795879e-12
4971.00367333 2.86885545022e-12
4975.84536108 2.83202660741e-12
4980.6865911 2.88680086117e-12
4985.52736175 2.82269445244e-12
4990.36767136 2.88477169906e-12
4995.20751823 2.840016413e-12
5000.04690071 2.82367042817e-12
5004.88581713 2.81933340212e-12
5009.72426581 2.79922604932e-12
5014.56224507 2.71711495772e-12
5019.39975326 2.77637090689e-12
5024.23678868 2.69950856226e-12
5029.07334969 2.73962893671e-12
5033.90943459 2.73106405016e-12
5038.74504172 2.73325404176e-12
5043.58016941 2.70008373852e-12
5048.41481599 2.7332710024e-12
5053.24897978 2.73791603898e-12
5058.08265912 2.82647352079e-12
5062.91585231 2.67490194045e-12
5067.74855773 2.77164835451e-12
5072.58077366 2.79354401008e-12
5077.41249843 2.69276820779e-12
5082.2437304 2.62674477607e-12
5087.07446789 2.57712597017e-12
5091.90470919 2.62676538418e-12
5096.73445268 2.63278172035e-12
5101.56369667 2.62934702178e-12
5106.39243946 2.48456477546e-12
5111.22067942 2.54481188755e-12
5116.04841486 2.64669257236e-12
5120.8756441 2.55750242844e-12
5125.70236548 2.55530982628e-12
5130.52857732 2.54180110086e-12
5135.35427795 2.45127242011e-12
5140.17946571 2.50332853897e-12
5145.00413891 2.44255681413e-12
5149.82829589 2.45182662935e-12
5154.65193498 2.52817583134e-12
5159.47505449 2.52484284026e-12
5164.29765277 2.53472111299e-12
5169.11972814 2.48292529883e-12
5173.94127892 2.52493320411e-12
5178.76230345 2.41673857518e-12
5183.58280006 2.50276801259e-12
5188.40276706 2.44108980819e-12
5193.22220279 2.43469325364e-12
5198.04110558 2.38508301297e-12
5202.85947376 2.445552015e-12
5207.67730565 2.41423620893e-12
5212.49459958 2.46294879439e-12
5217.31135388 2.39383199556e-12
5222.12756689 2.3750617869e-12
5226.94323692 2.39205889428e-12
5231.75836229 2.2998342348e-12
5236.57294136 2.34228966217e-12
5241.38697243 2.32071564938e-12
5246.20045385 2.40399116157e-12
5251.01338394 2.33656288366e-12
5255.82576101 2.29619717256e-12
5260.6375834 2.36562749898e-12
5265.44884946 2.32637486066e-12
5270.25955748 2.32672956835e-12
5275.06970582 2.33085856174e-12
5279.8792928 2.30478339963e-12
5284.68831673 2.26086277624e-12
5289.49677596 2.35468279957e-12
5294.30466881 2.39743818714e-12
5299.1119936 2.37148292248e-12
5303.91874868 2.29154828371e-12
5308.72493236 2.31662292482e-12
5313.53054296 2.28799975067e-12
5318.33557884 2.22919491581e-12
5323.1400383 2.245595118e-12
5327.94391967 2.1804470458e-12
5332.74722129 2.21750867869e-12
5337.54994148 2.18400402507e-12
5342.35207858 2.29300890997e-12
5347.1536309 2.31630002148e-12
5351.95459678 2.21026129018e-12
5356.75497455 2.29821796477e-12
5361.55476253 2.24938796301e-12
5366.35395905 2.28736555529e-12
5371.15256245 2.31852303448e-12
5375.95057103 2.22648055325e-12
5380.74798314 2.2764056203e-12
5385.54479712 2.31066770594e-12
5390.34101128 2.26868420543e-12
5395.13662394 2.26371835172e-12
5399.93163344 2.15950076036e-12
5404.72603811 2.14463800675e-12
5409.51983626 2.13753662946e-12
5414.31302626 2.13343501777e-12
5419.1056064 2.16285683702e-12
5423.89757501 2.15215657729e-12
5428.68893043 2.14083725605e-12
5433.47967099 2.13024341278e-12
5438.269795 2.21223989747e-12
5443.05930082 2.1938689687e-12
5447.84818675 2.12983335314e-12
5452.63645114 2.06590564047e-12
5457.4240923 2.08042490707e-12
5462.21110855 2.086696501e-12
5466.99749824 2.17408767645e-12
5471.7832597 2.13185215098e-12
5476.56839124 2.11627756008e-12
5481.3528912 2.06419950768e-12
5486.13675791 2.06258170371e-12
5490.91998967 2.10716201238e-12
5495.70258485 2.06322827394e-12
5500.48454176 2.10314368966e-12
5505.26585872 2.06875653195e-12
5510.04653407 2.10281517399e-12
5514.82656613 2.12219993987e-12
5519.60595322 2.0876540483e-12
5524.3846937 2.11709195403e-12
5529.16278587 2.10382443031e-12
5533.94022806 2.03682540549e-12
5538.71701862 2.0946882131e-12
5543.49315584 2.0853140032e-12
5548.26863809 2.07621966909e-12
5553.04346367 2.08562135505e-12
5557.8176309 2.10622713321e-12
5562.59113815 2.09072700001e-12
5567.36398372 2.03028159001e-12
5572.13616592 2.05509659901e-12
5576.90768312 2.03065277264e-12
5581.67853362 2.06205514254e-12
5586.44871574 1.97606881464e-12
5591.21822785 1.96565092554e-12
5595.98706824 2.10740858268e-12
5600.75523524 1.98605779844e-12
5605.5227272 1.99618731155e-12
5610.28954244 1.98885532674e-12
5615.05567927 1.96629327493e-12
5619.82113604 2.01186290816e-12
5624.58591106 1.97687772814e-12
5629.35000268 2.02810671857e-12
5634.11340921 1.93287566123e-12
5638.87612898 1.9393554869e-12
5643.63816033 1.94159830418e-12
5648.39950158 1.93522373348e-12
5653.16015105 1.96294880222e-12
5657.92010709 1.92839362792e-12
5662.679368 1.94860375444e-12
5667.43793213 1.92775897034e-12
5672.19579781 1.85045175089e-12
5676.95296335 2.02877982404e-12
5681.70942709 1.90751065681e-12
5686.46518735 1.84909557274e-12
5691.22024248 1.96747271795e-12
5695.97459077 1.91390262978e-12
5700.72823059 1.92740469833e-12
5705.48116024 1.81971021281e-12
5710.23337804 1.85827469864e-12
5714.98488235 1.80300807397e-12
5719.73567148 1.89591511329e-12
5724.48574376 1.83077107933e-12
5729.23509752 1.8730871209e-12
5733.98373109 1.80800143678e-12
5738.73164279 1.79432250556e-12
5743.47883095 1.82376549064e-12
5748.2252939 1.78376808806e-12
5752.97102998 1.89606350585e-12
5757.7160375 1.86333814105e-12
5762.46031479 1.85565244796e-12
5767.20386019 1.85467205104e-12
5771.94667202 1.82693414738e-12
5776.68874861 1.78281572692e-12
5781.43008829 1.76665934348e-12
5786.17068939 1.7551269821e-12
5790.91055022 1.70877432738e-12
5795.64966914 1.72100899324e-12
5800.38804445 1.67049228987e-12
5805.12567448 1.72474822147e-12
5809.86255759 1.79144764419e-12
5814.59869206 1.67619683326e-12
5819.33407625 1.72625327001e-12
5824.06870849 1.79732574436e-12
5828.80258709 1.75869534776e-12
5833.53571039 1.73938697825e-12
5838.26807671 1.74240697475e-12
5842.99968439 1.70964307956e-12
5847.73053175 1.69116922933e-12
5852.46061713 1.75798621498e-12
5857.18993882 1.73095393266e-12
5861.9184952 1.74536757058e-12
5866.64628457 1.71015639509e-12
5871.37330525 1.66119159837e-12
5876.0995556 1.75388068253e-12
5880.82503391 1.70253719496e-12
5885.54973852 1.6741664301e-12
5890.27366779 1.6126044069e-12
5894.99682001 1.59466628845e-12
5899.71919352 1.58978992323e-12
5904.44078665 1.6699300114e-12
5909.16159773 1.70040481662e-12
5913.88162507 1.74580588864e-12
5918.60086703 1.69783533293e-12
5923.31932192 1.6797153068e-12
5928.03698806 1.66897804176e-12
5932.7538638 1.72610132437e-12
5937.46994745 1.74567685315e-12
5942.18523733 1.64029878905e-12
5946.8997318 1.60822963067e-12
5951.61342916 1.6998197732e-12
5956.32632776 1.68143499134e-12
5961.03842591 1.66250292213e-12
5965.74972193 1.68707160065e-12
5970.46021418 1.72627199474e-12
5975.16990096 1.69004531465e-12
5979.87878062 1.64966315522e-12
5984.58685147 1.66527081584e-12
5989.29411185 1.61209685316e-12
5994.00056007 1.64707933687e-12
5998.70619448 1.63746255832e-12
6003.4110134 1.61643286463e-12
6008.11501515 1.6186444288e-12
6012.81819808 1.65783125608e-12
6017.52056049 1.59091461155e-12
6022.22210073 1.60600828633e-12
6026.92281712 1.63824013832e-12
6031.62270799 1.59358923162e-12
6036.32177165 1.62215188612e-12
6041.02000646 1.58783105944e-12
6045.71741072 1.56544125191e-12
6050.41398278 1.56992593619e-12
6055.10972096 1.5801530281e-12
6059.80462358 1.60207922435e-12
6064.49868898 1.58902677618e-12
6069.19191548 1.59683932848e-12
6073.8843014 1.51915906641e-12
6078.5758451 1.5453183302e-12
6083.26654488 1.51521685643e-12
6087.95639907 1.52936887905e-12
6092.64540601 1.44351516436e-12
6097.33356402 1.5603719077e-12
6102.02087142 1.54095404903e-12
6106.70732656 1.46302620106e-12
6111.39292775 1.48990792265e-12
6116.07767332 1.51840359179e-12
6120.76156161 1.51805180478e-12
6125.44459095 1.54135834138e-12
6130.12675963 1.47410429232e-12
6134.80806603 1.43018394973e-12
6139.48850845 1.4613684934e-12
6144.16808521 1.47615244612e-12
6148.84679466 1.47099411918e-12
6153.52463512 1.44866631132e-12
6158.20160492 1.44329734428e-12
6162.87770238 1.44416159358e-12
6167.55292583 1.41508381966e-12
6172.22727361 1.44385579274e-12
6176.90074404 1.45527521217e-12
6181.57333544 1.4395009142e-12
6186.24504615 1.45124181881e-12
6190.9158745 1.48584758693e-12
6195.58581879 1.40548451448e-12
6200.25487739 1.47228982552e-12
6204.92304861 1.47117667256e-12
6209.59033076 1.43658114364e-12
6214.2567222 1.43551320335e-12
6218.92222124 1.34079581552e-12
6223.5868262 1.39238233327e-12
6228.25053543 1.36877000522e-12
6232.91334724 1.33382731009e-12
6237.57525997 1.38382896746e-12
6242.23627194 1.31154204561e-12
6246.89638147 1.32406675296e-12
6251.55558692 1.30118811951e-12
6256.21388659 1.35351175588e-12
6260.87127881 1.31017249502e-12
6265.52776192 1.33799354534e-12
6270.18333425 1.32011642391e-12
6274.8379941 1.28379650181e-12
6279.49173984 1.21507491192e-12
6284.14456976 1.21083469349e-12
6288.79648221 1.23396970621e-12
6293.4474755 1.31980940876e-12
6298.097548 1.30522577315e-12
6302.74669798 1.29604545651e-12
6307.39492381 1.28152537953e-12
6312.04222381 1.29531896411e-12
6316.68859628 1.24098930073e-12
6321.33403959 1.33522590669e-12
6325.97855205 1.27497958353e-12
6330.62213198 1.28917323188e-12
6335.26477771 1.29234913536e-12
6339.90648759 1.31303903188e-12
6344.54725991 1.28487970634e-12
6349.18709304 1.2408684904e-12
6353.82598528 1.30631585776e-12
6358.46393497 1.27510358312e-12
6363.10094044 1.28961097207e-12
6367.73699999 1.27236364893e-12
6372.37211199 1.29909572853e-12
6377.00627474 1.34807364614e-12
6381.63948658 1.28175442608e-12
6386.27174583 1.25616756908e-12
6390.90305083 1.30765388146e-12
6395.5333999 1.21789502525e-12
6400.16279136 1.27479221931e-12
6404.79122356 1.22824593247e-12
6409.4186948 1.33565301695e-12
6414.04520344 1.24931660347e-12
6418.67074778 1.28426392314e-12
6423.29532616 1.21258310661e-12
6427.91893691 1.28530502304e-12
6432.54157836 1.26869252234e-12
6437.16324884 1.23131745396e-12
6441.78394665 1.22045790383e-12
6446.40367016 1.21769867523e-12
6451.02241767 1.26164495347e-12
6455.64018752 1.23795828479e-12
6460.25697803 1.14570467558e-12
6464.87278754 1.14568463625e-12
6469.48761437 1.2673230847e-12
6474.10145683 1.21640374463e-12
6478.71431329 1.1910666872e-12
6483.32618205 1.18713830405e-12
6487.93706144 1.15977903985e-12
6492.5469498 1.21971113706e-12
6497.15584543 1.11967452949e-12
6501.76374669 1.16507585601e-12
6506.3706519 1.18218889859e-12
6510.97655938 1.12960020335e-12
6515.58146746 1.10910696314e-12
6520.18537447 1.1382746153e-12
6524.78827874 1.10817829955e-12
6529.39017859 1.18220883617e-12
6533.99107236 1.15489729287e-12
6538.59095837 1.07915299412e-12
6543.18983495 1.08911352346e-12
6547.78770044 1.07192164899e-12
6552.38455315 1.00195976491e-12
6556.98039141 9.05991079794e-13
6561.57521356 7.65803116086e-13
6566.16901791 6.77922217626e-13
6570.76180281 7.15010311868e-13
6575.35356658 7.95030812016e-13
6579.94430753 8.91921196922e-13
6584.53402403 9.75178840496e-13
6589.12271436 9.79628625056e-13
6593.71037687 1.01097268672e-12
6598.2970099 1.0610010654e-12
6602.88261176 1.0686464414e-12
6607.46718078 1.11795128966e-12
6612.0507153 1.0752626005e-12
6616.63321364 1.03641658081e-12
6621.21467412 1.07154869924e-12
6625.79509509 1.09207419342e-12
6630.37447486 1.05329195416e-12
6634.95281175 1.07773950391e-12
6639.53010412 1.11622079563e-12
6644.10635026 1.1212346956e-12
6648.68154853 1.08790644064e-12
6653.25569725 1.0471278396e-12
6657.82879473 1.14374778891e-12
6662.40083933 1.16296253503e-12
6666.97182935 1.18314228383e-12
6671.54176312 1.0821026583e-12
6676.11063898 1.16298186917e-12
6680.67845526 1.15340863395e-12
6685.24521027 1.12712732047e-12
6689.81090236 1.14256281576e-12
6694.37552986 1.15708805535e-12
6698.93909107 1.21953129694e-12
6703.50158434 1.12082720867e-12
6708.06300799 1.1112014382e-12
6712.62336034 1.10424570305e-12
6717.18263975 1.08702140518e-12
6721.74084453 1.21438167851e-12
6726.29797299 1.1069577911e-12
6730.85402347 1.14261612749e-12
6735.40899431 1.09434683199e-12
6739.96288383 1.08283071934e-12
6744.51569036 1.14654542813e-12
6749.06741221 1.08002259955e-12
6753.61804774 1.12581790946e-12
6758.16759527 1.10454688626e-12
6762.7160531 1.04678598354e-12
6767.26341959 1.0809425761e-12
6771.80969306 1.08722154454e-12
6776.35487182 1.08646891075e-12
6780.89895422 1.07118819316e-12
6785.44193859 1.13145280125e-12
6789.98382323 1.13817373691e-12
6794.5246065 1.08568080953e-12
6799.06428672 1.02789350199e-12
6803.6028622 1.1025744944e-12
6808.14033128 1.0530153313e-12
6812.67669231 1.11311328422e-12
6817.21194358 1.0587907246e-12
6821.74608344 1.08809292528e-12
6826.27911022 1.04543402253e-12
6830.81102222 1.09711217478e-12
6835.34181782 1.1073542853e-12
6839.87149529 1.06925896748e-12
6844.40005301 1.03244665225e-12
6848.92748927 1.03324132457e-12
6853.45380241 1.13250606638e-12
6857.97899078 1.06411104425e-12
6862.50305268 1.05745546009e-12
6867.02598643 1.03358273532e-12
6871.5477904 7.8992930032e-13
6876.06846288 6.77453089943e-13
6880.58800221 7.16724942897e-13
6885.10640673 8.1064381767e-13
6889.62367475 9.37126044146e-13
6894.13980459 9.07368428446e-13
6898.65479462 8.41260679051e-13
6903.16864314 8.60795145193e-13
6907.68134846 8.83899879145e-13
6912.19290894 9.34570617775e-13
6916.7033229 9.85965374867e-13
6921.21258865 1.00393804016e-12
6925.72070454 9.77414023113e-13
6930.2276689 9.69215683873e-13
6934.73348004 9.62584784303e-13
6939.2381363 9.51860109678e-13
6943.74163599 1.01154710188e-12
6948.24397747 9.89306992198e-13
6952.74515905 9.96100477479e-13
6957.24517905 1.02344493691e-12
6961.74403582 1.04233028482e-12
6966.24172767 9.91295384333e-13
6970.73825292 1.0539136913e-12
6975.23360993 1.03208886475e-12
6979.72779701 1.10867194938e-12
6984.22081247 9.97784650495e-13
6988.71265467 1.03253331377e-12
6993.20332193 9.47867557802e-13
6997.69281256 9.4562544136e-13
7002.1811249 9.73506487008e-13
7006.66825729 9.74832096973e-13
7011.15420803 9.75252862483e-13
7015.63897548 9.72743493716e-13
7020.12255795 1.00286020169e-12
7024.60495376 9.22412338985e-13
7029.08616125 9.00605884778e-13
7033.56617876 9.1150810617e-13
7038.0450046 8.55021807518e-13
7042.5226371 9.50758012313e-13
7046.99907459 9.26969660302e-13
7051.4743154 8.92227835034e-13
7055.94835787 9.57006424042e-13
7060.4212003 8.02796055447e-13
7064.89284104 9.58556433673e-13
7069.36327842 9.01057629059e-13
7073.83251075 1.00761570552e-12
7078.30053638 9.65476196286e-13
7082.76735361 9.42900681315e-13
7087.23296079 9.34728772255e-13
7091.69735625 9.48816239219e-13
7096.16053831 9.51269314681e-13
7100.62250529 9.07718696505e-13
7105.08325553 9.67065042792e-13
7109.54278737 8.74635681948e-13
7114.0010991 8.90002212518e-13
7118.45818908 8.57856876079e-13
7122.91405563 9.65972156967e-13
7127.36869708 9.09480611933e-13
7131.82211176 9.84542970282e-13
7136.27429798 9.33838572023e-13
7140.72525409 9.20621791425e-13
7145.17497842 8.25317874109e-13
7149.62346927 1.00438911326e-12
7154.07072499 8.50917884886e-13
7158.51674392 8.5760584194e-13
7162.96152436 9.35739061391e-13
7167.40506465 8.19835978678e-13
7171.84736312 7.13524374359e-13
7176.28841809 7.33590468082e-13
7180.72822791 6.26755196397e-13
7185.16679089 6.04168655281e-13
7189.60410536 6.89993819401e-13
7194.04016965 6.5881900623e-13
7198.47498208 5.7136808123e-13
7202.90854098 6.69097970638e-13
7207.34084471 7.22627097577e-13
7211.77189154 6.4612380939e-13
7216.20167985 7.99244727488e-13
7220.63020794 7.89898881048e-13
7225.05747415 8.22879570386e-13
7229.48347681 7.94124959002e-13
7233.90821423 8.19327302199e-13
7238.33168475 6.56024003818e-13
7242.75388671 8.11060448566e-13
7247.17481843 7.55699238712e-13
7251.59447821 7.77772601815e-13
7256.01286442 8.0784087786e-13
7260.42997538 7.53964232199e-13
7264.8458094 7.65313721412e-13
7269.26036482 7.1854586008e-13
7273.67363996 7.71710172057e-13
7278.08563315 8.20012802203e-13
7282.49634273 7.46474063388e-13
7286.90576703 7.41763382808e-13
7291.31390434 7.78538304417e-13
7295.72075303 7.77176723191e-13
7300.12631142 7.27257798302e-13
7304.53057783 7.12854113378e-13
7308.93355059 7.71973083501e-13
7313.33522801 8.41772291675e-13
7317.73560847 8.51622292522e-13
7322.13469024 7.34489800502e-13
7326.53247168 7.9932323503e-13
7330.92895111 7.6681366109e-13
7335.32412687 7.88358094033e-13
7339.71799725 9.01313073911e-13
7344.11056063 8.10089239304e-13
7348.50181531 9.08325642136e-13
7352.89175961 7.90697771819e-13
7357.28039189 7.89200760683e-13
7361.66771045 9.17219777913e-13
7366.0537136 8.06251270848e-13
7370.43839972 8.55034214161e-13
7374.82176712 8.38764645503e-13
7379.2038141 8.31439215904e-13
7383.58453901 9.15367604129e-13
7387.96394019 7.80948962034e-13
7392.34201594 7.5694823053e-13
7396.71876461 7.99307047705e-13
7401.09418452 7.39475376078e-13
7405.468274 8.10286781063e-13
7409.84103138 7.00624102743e-13
7414.21245497 8.60974521854e-13
7418.58254313 7.39460207847e-13
7422.95129416 7.89636045405e-13
7427.31870641 7.38824716595e-13
7431.68477819 9.52604636995e-13
7436.04950785 7.63109604593e-13
7440.41289368 9.02429622102e-13
7444.77493404 7.3264504751e-13
7449.13562726 8.24327198354e-13
7453.49497165 8.25305650728e-13
7457.85296555 7.87009246506e-13
7462.20960729 8.73391191722e-13
7466.56489518 7.67775343975e-13
7470.91882756 7.65476980625e-13
7475.27140277 7.41600644806e-13
7479.62261912 7.24951363798e-13
7483.97247495 8.01977558719e-13
7488.32096858 7.99662274383e-13
7492.66809834 7.27160159272e-13
7497.01386255 8.54027893093e-13
7501.35825955 8.14299717137e-13
7505.70128768 8.3575125934e-13
7510.04294525 7.69299596251e-13
7514.38323059 7.54827215809e-13
7518.72214203 7.1800044142e-13
7523.05967789 6.21751707941e-13
7527.39583651 6.75766844754e-13
7531.73061622 7.617216863e-13
7536.06401534 7.92513708059e-13
7540.3960322 7.41709879357e-13
7544.72666513 6.9595160417e-13
7549.05591246 6.9869245694e-13
7553.3837725 7.3969115359e-13
7557.71024361 8.15456107832e-13
7562.03532409 7.97716476124e-13
7566.35901228 8.14149588497e-13
7570.68130651 6.97955344693e-13
7575.00220512 7.82031802346e-13
7579.3217064 7.36591283889e-13
7583.63980872 7.77987013769e-13
7587.95651037 7.47190680961e-13
7592.2718097 7.71715342555e-13
7596.58570505 4.73221902095e-13
7600.89819473 3.07048085222e-13
7605.20927707 1.57149909829e-13
7609.51895041 1.77646821172e-13
7613.82721305 2.08946572863e-13
7618.13406335 3.38494997033e-13
7622.43949963 3.27979014424e-13
7626.74352019 3.67052152135e-13
7631.0461234 3.29539537731e-13
7635.34730756 2.23133115301e-13
7639.647071 1.40323350756e-13
7643.94541208 2.39442160872e-13
7648.24232909 3.42579612978e-13
7652.53782037 3.16233348581e-13
7656.83188425 4.55668385122e-13
7661.12451905 4.87805711606e-13
7665.41572312 5.4820928617e-13
7669.70549476 5.27523295791e-13
7673.99383233 4.7463802342e-13
7678.28073412 4.93729622264e-13
7682.56619849 5.47755160103e-13
7686.85022376 5.12351718928e-13
7691.13280825 5.46073518068e-13
7695.4139503 5.41559219159e-13
7699.69364821 5.03911923443e-13
7703.97190034 5.01115744467e-13
7708.24870502 6.25729064949e-13
7712.52406054 7.76499835884e-13
7716.79796528 5.72732628582e-13
7721.07041752 7.23712084742e-13
7725.34141561 5.97625773644e-13
7729.61095789 6.80836232511e-13
7733.87904268 5.60660263968e-13
7738.14566829 6.26816170443e-13
7742.41083307 7.41636107542e-13
7746.67453534 5.50933836529e-13
7750.93677342 6.57577780605e-13
7755.19754565 6.05789573088e-13
7759.45685036 6.95049326594e-13
7763.71468586 6.91825642657e-13
7767.97105051 5.92978158841e-13
7772.22594259 6.91039718484e-13
7776.47936048 6.84971865196e-13
7780.73130248 6.25107923675e-13
7784.98176692 7.53910362699e-13
7789.23075214 7.00750987379e-13
7793.47825645 8.00084101103e-13
7797.72427819 5.64913396536e-13
7801.96881568 6.15811704024e-13
7806.21186727 7.29512602432e-13
7810.45343125 6.23111406028e-13
7814.69350599 6.59383719916e-13
7818.93208979 6.54284354974e-13
7823.16918097 6.31522557528e-13
7827.4047779 5.64747280713e-13
7831.63887887 6.9209603877e-13
7835.87148222 5.85565376695e-13
7840.10258628 7.18809247156e-13
7844.33218938 6.59830394138e-13
7848.56028984 6.24504519682e-13
7852.786886 6.21159335972e-13
7857.01197617 5.19134390342e-13
7861.2355587 5.52410934979e-13
7865.45763191 6.38060007513e-13
7869.67819411 5.52479676763e-13
7873.89724365 6.01731655773e-13
7878.11477886 5.71284966402e-13
7882.33079805 6.03130328082e-13
7886.54529956 6.14840247303e-13
7890.75828172 4.97738457753e-13
7894.96974285 7.64349042969e-13
7899.17968129 7.28327693405e-13
7903.38809535 4.7106644404e-13
7907.59498337 4.93673632254e-13
7911.80034368 5.62367686788e-13
7916.0041746 4.82521491722e-13
7920.20647447 6.04056081407e-13
7924.4072416 6.1696629771e-13
7928.60647434 5.26107057489e-13
7932.80417099 5.53583275478e-13
7937.00032992 4.89540968983e-13
7941.19494942 5.47557575026e-13
7945.38802783 4.34425543623e-13
7949.57956348 6.06841248769e-13
7953.7695547 5.13200700031e-13
7957.95799982 4.12819208721e-13
7962.14489716 3.92139851916e-13
7966.33024505 4.02139244685e-13
7970.51404182 4.12169245509e-13
7974.69628581 6.35173001888e-13
7978.87697532 4.94097769132e-13
7983.0561087 3.82976323935e-13
7987.23368428 4.2627521836e-13
7991.40970037 5.37881567265e-13
7995.58415531 4.85864199154e-13
7999.75704744 4.95769313405e-13
8003.92837506 5.18490110979e-13
8008.09813652 6.65739297934e-13
8012.26633014 3.93801917792e-13
8016.43295425 4.23703321798e-13
8020.59800718 6.06809798624e-13
8024.76148726 6.60627152914e-13
8028.9233928 5.95731644623e-13
8033.08372215 4.2687627632e-13
8037.24247362 5.15509590193e-13
8041.39964556 5.1111907716e-13
8045.55523629 5.68517693903e-13
8049.70924412 4.93282880655e-13
8053.8616674 5.26917932463e-13
8058.01250446 5.02188453079e-13
8062.1617536 5.43313991751e-13
8066.30941318 5.81943258381e-13
8070.45548151 6.11568215115e-13
8074.59995692 5.28572050678e-13
8078.74283775 5.51732934535e-13
8082.88412232 5.35028706354e-13
8087.02380894 6.06459199417e-13
8091.16189598 5.15719203877e-13
8095.29838173 6.14042385482e-13
8099.43326453 5.95224704695e-13
8103.56654271 3.79752592762e-13
8107.69821461 4.936751097e-13
8111.82827852 4.94110425245e-13
8115.95673282 4.88659115213e-13
8120.08357581 4.55538327748e-13
8124.20880581 6.64226134703e-13
8128.33242116 4.91084928204e-13
8132.45442018 5.61957999163e-13
8136.57480123 3.87746679316e-13
8140.69356259 4.24110361541e-13
8144.81070262 4.05137040825e-13
8148.92621963 4.54249108589e-13
8153.04011198 4.29162368246e-13
8157.15237794 5.07411604366e-13
8161.26301591 4.09622303574e-13
8165.37202416 3.77652347558e-13
8169.47940104 4.09390049934e-13
8173.58514489 4.44810855611e-13
8177.68925402 3.80808722117e-13
8181.79172676 4.55798332553e-13
8185.89256144 4.52951212157e-13
8189.9917564 2.89468726448e-13
8194.08930995 4.83728512177e-13
8198.18522043 5.34271829451e-13
8202.27948617 4.62176283932e-13
8206.37210548 4.37022568769e-13
8210.46307671 3.85681882346e-13
8214.55239817 4.66412190169e-13
8218.64006821 5.32651188423e-13
8222.72608514 3.04322241254e-13
8226.81044729 7.23615540582e-13
8230.893153 4.57951307443e-13
8234.97420059 4.54333058987e-13
8239.05358837 4.9617525007e-13
8243.13131471 4.46154852367e-13
8247.20737789 6.03642158791e-13
8251.28177628 5.07032910972e-13
8255.35450819 3.82468853043e-13
8259.42557194 4.96587949809e-13
8263.49496586 5.19779921469e-13
8267.5626883 2.43165111898e-13
8271.62873757 3.43847531652e-13
8275.69311198 5.93950171129e-13
8279.7558099 5.28923191737e-13
8283.81682964 5.45027184114e-13
8287.87616951 6.62397725577e-13
8291.93382786 5.24101471977e-13
8295.98980302 3.61286724701e-13
8300.0440933 6.22752802822e-13
8304.09669703 5.70166523381e-13
8308.14761256 5.26976499906e-13
8312.1968382 5.46931266693e-13
8316.24437228 5.01784281376e-13
8320.29021313 5.36801195149e-13
8324.33435907 4.69586648522e-13
8328.37680845 5.38604523819e-13
8332.41755957 4.01467283767e-13
8336.45661079 4.53483100935e-13
8340.49396041 5.38605947595e-13
8344.52960677 5.24573665699e-13
8348.5635482 7.28539291618e-13
8352.59578302 6.08782609744e-13
8356.62630957 4.41041520892e-13
8360.65512617 5.29885467502e-13
8364.68223115 4.71543139593e-13
8368.70762282 5.62439445447e-13
8372.73129954 4.70361258235e-13
8376.75325963 4.95281131164e-13
8380.77350139 5.09836914599e-13
8384.79202319 5.83375650288e-13
8388.80882333 5.7540125463e-13
