3643.54199835 -2.4064806055e-12
3648.4670423 -4.69474148384e-12
3653.39191334 -5.15724493009e-11
3658.31661008 -2.11639735559e-12
3663.24113111 3.58940239372e-12
3668.16547504 2.3113815948e-12
3673.08964044 1.59940503786e-12
3678.01362595 1.33854620395e-12
3682.93743014 1.10504827628e-12
3687.86105162 9.95117335514e-13
3692.78448899 8.96888197055e-13
3697.70774084 8.35374087677e-13
3702.63080579 7.7829049256e-13
3707.55368243 7.15214516761e-13
3712.47636935 7.00002576445e-13
3717.39886515 7.00625003696e-13
3722.32116844 6.81717493308e-13
3727.24327783 6.79939126598e-13
3732.16519189 6.97748210923e-13
3737.08690924 7.06760278758e-13
3742.00842847 7.35865768488e-13
3746.9297482 7.79305034695e-13
3751.85086699 7.80616305633e-13
3756.77178349 8.20457156473e-13
3761.69249626 8.59102118275e-13
3766.61300391 9.28321121985e-13
3771.53330504 1.04519587206e-12
3776.45339827 1.15076518244e-12
3781.37328216 1.24241060034e-12
3786.29295535 1.28193472637e-12
3791.2124164 1.32284865822e-12
3796.13166395 1.43695129227e-12
3801.05069658 1.66073357479e-12
3805.96951288 1.98657928635e-12
3810.88811146 2.27045753162e-12
3815.80649092 2.37422599514e-12
3820.72464986 2.23931484455e-12
3825.64258687 2.04011930902e-12
3830.56030058 1.86080315415e-12
3835.47778954 1.80482549504e-12
3840.3950524 1.93072899007e-12
3845.31208772 2.1859890779e-12
3850.22889413 2.3576401422e-12
3855.14547021 2.51203466909e-12
3860.06181457 2.55765806846e-12
3864.97792579 2.48650306514e-12
3869.89380251 2.38924897492e-12
3874.80944328 2.16123519432e-12
3879.72484674 1.90462266482e-12
3884.64001146 1.68851659005e-12
3889.55493607 1.63364094907e-12
3894.46961913 1.71220623524e-12
3899.38405928 1.97931387692e-12
3904.2982551 2.25955305907e-12
3909.2122052 2.53238060479e-12
3914.12590815 2.67557843421e-12
3919.03936259 2.75789781277e-12
3923.95256709 2.79921513931e-12
3928.86552027 2.78097800821e-12
3933.7782207 2.77590143042e-12
3938.69066702 2.75885035361e-12
3943.60285779 2.74530893859e-12
3948.51479164 2.66533343024e-12
3953.42646715 2.50756329926e-12
3958.33788295 2.2623454792e-12
3963.2490376 1.95452064114e-12
3968.15992973 1.73402345412e-12
3973.0705579 1.62371320036e-12
3977.98092077 1.71757282874e-12
3982.89101687 1.93725978402e-12
3987.80084487 2.21028765372e-12
3992.71040331 2.48601449715e-12
3997.61969081 2.61909264036e-12
4002.528706 2.68040622301e-12
4007.43744744 2.72637368946e-12
4012.34591375 2.72534262082e-12
4017.25410351 2.74734789884e-12
4022.16201535 2.75356688489e-12
4027.06964784 2.77019158516e-12
4031.9769996 2.77618120636e-12
4036.88406921 2.76782408229e-12
4041.7908553 2.72027689691e-12
4046.69735643 2.71580154781e-12
4051.60357124 2.69401330901e-12
4056.50949829 2.67001143234e-12
4061.41513622 2.64115221362e-12
4066.32048359 2.62012989692e-12
4071.22553904 2.56691677802e-12
4076.13030113 2.51205202157e-12
4081.03476849 2.43297198237e-12
4085.9389397 2.28237562267e-12
4090.84281337 2.09941636619e-12
4095.74638809 1.84717266559e-12
4100.64966248 1.60786745369e-12
4105.55263511 1.48743481569e-12
4110.45530462 1.52045947985e-12
4115.35766956 1.70514179457e-12
4120.25972857 1.96593923534e-12
4125.16148023 2.18467749e-12
4130.06292314 2.2995323812e-12
4134.96405592 2.37543747765e-12
4139.86487714 2.43291265457e-12
4144.76538541 2.4786684257e-12
4149.66557934 2.51585622106e-12
4154.56545752 2.52974784979e-12
4159.46501855 2.52192145681e-12
4164.36426103 2.50410984592e-12
4169.26318357 2.49158509787e-12
4174.16178475 2.45643851862e-12
4179.06006319 2.42408227969e-12
4183.95801747 2.40325744579e-12
4188.8556462 2.4004531577e-12
4193.752948 2.40143244975e-12
4198.64992143 2.40102913414e-12
4203.54656511 2.38591838197e-12
4208.44287764 2.3867373862e-12
4213.33885762 2.35992473564e-12
4218.23450364 2.36903650077e-12
4223.12981432 2.35785266094e-12
4228.02478823 2.34349800315e-12
4232.91942401 2.34365563705e-12
4237.81372021 2.34352052535e-12
4242.70767547 2.34196802034e-12
4247.60128837 2.33362653157e-12
4252.49455751 2.31657214832e-12
4257.3874815 2.30886791757e-12
4262.28005894 2.29660661049e-12
4267.17228841 2.28472901525e-12
4272.06416853 2.25979654895e-12
4276.95569789 2.27279868227e-12
4281.8468751 2.26444637447e-12
4286.73769874 2.25838331317e-12
4291.62816744 2.25183157529e-12
4296.51827976 2.24248784434e-12
4301.40803434 2.21964916417e-12
4306.29742974 2.20148649372e-12
4311.1864646 2.16153515019e-12
4316.07513748 2.13910578864e-12
4320.96344701 2.08065109867e-12
4325.85139177 1.99694408334e-12
4330.73897038 1.82981165274e-12
4335.62618143 1.6106352933e-12
4340.51302351 1.42533524897e-12
4345.39949523 1.31596417795e-12
4350.28559517 1.30301520218e-12
4355.17132197 1.43581248702e-12
4360.05667419 1.64158125335e-12
4364.94165046 1.84471702797e-12
4369.82624936 1.98812612975e-12
4374.71046949 2.06593644414e-12
4379.59430946 2.10487414004e-12
4384.47776787 2.12575444404e-12
4389.3608433 2.1402036033e-12
4394.24353437 2.15792864347e-12
4399.12583967 2.13839777892e-12
4404.00775781 2.15365797262e-12
4408.88928737 2.149506989e-12
4413.77042697 2.13902819905e-12
4418.65117519 2.13700714354e-12
4423.53153067 2.11633336225e-12
4428.41149195 2.1168028457e-12
4433.29105768 2.11332493107e-12
4438.17022643 2.1151728763e-12
4443.04899681 2.11818569372e-12
4447.92736742 2.12718079885e-12
4452.80533686 2.11717621984e-12
4457.68290372 2.10612529332e-12
4462.56006663 2.09638483029e-12
4467.43682414 2.0900485741e-12
4472.31317489 2.07650237045e-12
4477.18911747 2.06997415364e-12
4482.06465048 2.06266277559e-12
4486.9397725 2.04430053645e-12
4491.81448216 2.03831748934e-12
4496.68877804 2.02747399307e-12
4501.56265875 2.04300378919e-12
4506.43612287 2.02966640237e-12
4511.30916902 2.01687030865e-12
4516.1817958 2.01139462422e-12
4521.05400179 1.99136802227e-12
4525.92578562 1.9937139603e-12
4530.79714587 1.98275175217e-12
4535.66808113 1.98025784239e-12
4540.53859002 1.97325361252e-12
4545.40867113 1.95167409909e-12
4550.27832306 1.9426967471e-12
4555.14754442 1.91924711307e-12
4560.01633378 1.93017890632e-12
4564.88468978 1.92555572704e-12
4569.75261099 1.93632917645e-12
4574.62009603 1.93596316505e-12
4579.48714347 1.94108930007e-12
4584.35375194 1.91299621515e-12
4589.21992002 1.89944683335e-12
4594.08564633 1.87816438224e-12
4598.95092944 1.88559078142e-12
4603.81576798 1.89152101125e-12
4608.68016053 1.88937744847e-12
4613.54410571 1.89099272189e-12
4618.40760208 1.8907442267e-12
4623.27064829 1.86356746237e-12
4628.1332429 1.8415136774e-12
4632.99538454 1.84484589809e-12
4637.85707177 1.84472831219e-12
4642.71830323 1.83841349209e-12
4647.57907749 1.84073668589e-12
4652.43939318 1.84561923149e-12
4657.29924887 1.83197000077e-12
4662.15864319 1.83372902629e-12
4667.01757469 1.8205400308e-12
4671.87604202 1.81899890052e-12
4676.73404376 1.81075619222e-12
4681.59157852 1.80977186404e-12
4686.44864487 1.81630920284e-12
4691.30524145 1.82495919659e-12
4696.16136683 1.81520995909e-12
4701.01701961 1.80140965367e-12
4705.87219841 1.7896109976e-12
4710.72690181 1.78220917084e-12
4715.58112843 1.7816510228e-12
4720.43487684 1.77357307702e-12
4725.28814568 1.77501477522e-12
4730.1409335 1.76143687054e-12
4734.99323895 1.7540012086e-12
4739.84506059 1.7490931338e-12
4744.69639704 1.73716058032e-12
4749.5472469 1.73283523212e-12
4754.39760877 1.73564206205e-12
4759.24748123 1.71248128364e-12
4764.0968629 1.7091820418e-12
4768.94575237 1.7033914699e-12
4773.79414825 1.69530836765e-12
4778.64204912 1.69843244045e-12
4783.48945361 1.70192494307e-12
4788.33636029 1.69230783925e-12
4793.18276777 1.68681090295e-12
4798.02867466 1.68207214382e-12
4802.87407955 1.67722739097e-12
4807.71898103 1.66661100694e-12
4812.56337773 1.66447844192e-12
4817.4072682 1.65188025667e-12
4822.2506511 1.64134613722e-12
4827.09352497 1.61661251475e-12
4831.93588846 1.6067563695e-12
4836.77774014 1.57456340466e-12
4841.61907862 1.53707541078e-12
4846.45990249 1.47704375674e-12
4851.30021037 1.37598841965e-12
4856.14000084 1.22234536629e-12
4860.97927251 1.08957993324e-12
4865.81802397 9.90190529022e-13
4870.65625382 9.65675767392e-13
4875.49396067 1.02850793196e-12
4880.33114311 1.16610926186e-12
4885.16779976 1.2954106704e-12
4890.00392919 1.38857452269e-12
4894.83953002 1.45898142166e-12
4899.67460084 1.49232349706e-12
4904.50914026 1.51364381363e-12
4909.34314686 1.5331236636e-12
4914.17661927 1.54042830729e-12
4919.00955604 1.53119330917e-12
4923.84195583 1.53825726689e-12
4928.67381719 1.52652816574e-12
4933.50513876 1.52887686512e-12
4938.33591911 1.53958268496e-12
4943.16615686 1.55237202281e-12
4947.99585059 1.55481576975e-12
4952.82499891 1.54459402989e-12
4957.65360041 1.53952895232e-12
4962.48165371 1.53796914749e-12
4967.30915739 1.53865437922e-12
4972.13611006 1.54601206426e-12
4976.96251031 1.54078162058e-12
4981.78835676 1.52909073177e-12
4986.61364799 1.52873848122e-12
4991.43838261 1.52615871742e-12
4996.2625592 1.51223159629e-12
5001.0861764 1.49927322937e-12
5005.90923276 1.48641601579e-12
5010.73172692 1.48882938467e-12
5015.55365745 1.46058180473e-12
5020.37502298 1.46531869529e-12
5025.19582208 1.45467064461e-12
5030.01605337 1.43421721166e-12
5034.83571543 1.44224414996e-12
5039.65480688 1.44643580035e-12
5044.47332631 1.45271354814e-12
5049.29127232 1.44119006974e-12
5054.10864352 1.44288120788e-12
5058.92543849 1.45057869713e-12
5063.74165585 1.44169928751e-12
5068.55729419 1.43641463265e-12
5073.3723521 1.42265018761e-12
5078.18682818 1.40320316092e-12
5083.00072106 1.41393708377e-12
5087.81402931 1.4031642711e-12
5092.62675153 1.4055282443e-12
5097.43888633 1.40501375606e-12
5102.25043231 1.39850108745e-12
5107.06138807 1.39496148946e-12
5111.87175221 1.38945077081e-12
5116.6815233 1.40246994389e-12
5121.49069999 1.40093809556e-12
5126.29928085 1.39053161595e-12
5131.10726448 1.37942832555e-12
5135.91464949 1.37113816073e-12
5140.72143446 1.35659253864e-12
5145.52761801 1.34614135793e-12
5150.33319875 1.34067555609e-12
5155.13817524 1.33286204998e-12
5159.94254611 1.32090208815e-12
5164.74630995 1.32494290588e-12
5169.54946537 1.31276206921e-12
5174.35201095 1.30610541265e-12
5179.15394531 1.30205066288e-12
5183.95526702 1.29217019815e-12
5188.75597473 1.30091026762e-12
5193.55606698 1.29408679672e-12
5198.35554243 1.2951380039e-12
5203.15439963 1.28984770241e-12
5207.95263719 1.28308035407e-12
5212.75025373 1.27509427466e-12
5217.54724783 1.27239270403e-12
5222.34361811 1.26193602806e-12
5227.13936315 1.25365396705e-12
5231.93448156 1.25056685905e-12
5236.72897193 1.2484276089e-12
5241.52283287 1.24330552806e-12
5246.31606296 1.23567720544e-12
5251.10866083 1.24650747355e-12
5255.90062506 1.24125673996e-12
5260.69195426 1.24928711361e-12
5265.48264702 1.23564559406e-12
5270.27270194 1.2309043913e-12
5275.06211762 1.22235567943e-12
5279.85089268 1.22202757272e-12
5284.63902568 1.22492216202e-12
5289.42651526 1.22823411915e-12
5294.21335999 1.2377006947e-12
5298.99955848 1.24054231037e-12
5303.78510933 1.22824043531e-12
5308.57001115 1.21019951999e-12
5313.35426252 1.21508839797e-12
5318.13786205 1.21034692402e-12
5322.92080834 1.19637924361e-12
5327.7031 1.19455613136e-12
5332.4847356 1.19786229226e-12
5337.26571377 1.18893004844e-12
5342.0460331 1.19800971709e-12
5346.82569218 1.19108239732e-12
5351.60468961 1.19666728574e-12
5356.38302401 1.19315785117e-12
5361.16069396 1.19242973862e-12
5365.93769807 1.18581035845e-12
5370.71403493 1.18050820141e-12
5375.48970314 1.16296807893e-12
5380.26470131 1.16215542248e-12
5385.03902802 1.16358823443e-12
5389.81268191 1.1650815924e-12
5394.58566154 1.15419207476e-12
5399.35796552 1.14407382226e-12
5404.12959245 1.15032448072e-12
5408.90054094 1.13304647574e-12
5413.67080958 1.14020391027e-12
5418.44039697 1.14067356091e-12
5423.20930171 1.13684651924e-12
5427.9775224 1.14595156404e-12
5432.74505764 1.14431732218e-12
5437.51190603 1.14316792283e-12
5442.27806618 1.14509433835e-12
5447.04353667 1.15012661536e-12
5451.8083161 1.14699917671e-12
5456.57240308 1.14142865342e-12
5461.33579622 1.14917544547e-12
5466.0984941 1.14562050394e-12
5470.86049532 1.1479311951e-12
5475.62179851 1.14233604653e-12
5480.38240222 1.14077603319e-12
5485.14230509 1.13233833137e-12
5489.9015057 1.12779917721e-12
5494.66000265 1.1280290711e-12
5499.41779455 1.12174806133e-12
5504.17488 1.12024021506e-12
5508.93125759 1.11747710624e-12
5513.68692592 1.12017126983e-12
5518.44188359 1.12541573255e-12
5523.19612922 1.1233505929e-12
5527.94966138 1.12358625817e-12
5532.70247869 1.11562912385e-12
5537.45457972 1.11745756492e-12
5542.20596311 1.10890187585e-12
5546.95662744 1.10771643992e-12
5551.70657129 1.10444165796e-12
5556.45579331 1.10135762219e-12
5561.20429205 1.09660015181e-12
5565.95206614 1.08940051296e-12
5570.69911415 1.08066438662e-12
5575.44543473 1.07840772922e-12
5580.19102642 1.07327598632e-12
5584.93588787 1.08086079524e-12
5589.68001763 1.08002862307e-12
5594.42341435 1.0800910205e-12
5599.16607659 1.07525192947e-12
5603.90800298 1.07867351492e-12
5608.6491921 1.07391418908e-12
5613.38964256 1.07176926045e-12
5618.12935294 1.0688068608e-12
5622.86832188 1.06166134236e-12
5627.60654793 1.05750426754e-12
5632.34402973 1.05659392672e-12
5637.08076586 1.04827507458e-12
5641.81675492 1.05111025019e-12
5646.5519955 1.04907211888e-12
5651.28648623 1.04503558477e-12
5656.02022569 1.04175496865e-12
5660.75321248 1.03267041343e-12
5665.48544519 1.02639926613e-12
5670.21692245 1.02608362914e-12
5674.94764282 1.0274766102e-12
5679.67760493 1.02384739758e-12
5684.40680737 1.01047877399e-12
5689.13524874 1.01380802063e-12
5693.86292764 1.01239405808e-12
5698.58984267 1.00417633008e-12
5703.31599241 9.99935059785e-13
5708.0413755 9.96402641725e-13
5712.7659905 9.96917382739e-13
5717.48983605 9.97342887669e-13
5722.2129107 9.91774303667e-13
5726.93521308 9.87206605477e-13
5731.6567418 9.83609943554e-13
5736.37749543 9.79216403352e-13
5741.09747261 9.71563415729e-13
5745.81667188 9.67477850837e-13
5750.5350919 9.67594239432e-13
5755.25273123 9.6832313062e-13
5759.96958849 9.57532553307e-13
5764.68566227 9.5740626087e-13
5769.40095118 9.59932453057e-13
5774.11545381 9.5608195863e-13
5778.82916875 9.45249103682e-13
5783.54209462 9.39999164632e-13
5788.25423002 9.36909295014e-13
5792.96557353 9.37179098529e-13
5797.67612376 9.37973756522e-13
5802.38587931 9.3666701079e-13
5807.09483878 9.44380431835e-13
5811.80300076 9.53255230349e-13
5816.51036388 9.42389154029e-13
5821.2169267 9.4264825322e-13
5825.92268786 9.44555851795e-13
5830.62764591 9.48055013722e-13
5835.3317995 9.3349763603e-13
5840.03514718 9.42481106889e-13
5844.7376876 9.42385376022e-13
5849.43941932 9.40910421492e-13
5854.14034097 9.38790623319e-13
5858.84045113 9.29041010209e-13
5863.53974841 9.3442528882e-13
5868.23823139 9.3609334462e-13
5872.9358987 9.22875382927e-13
5877.63274891 9.10283436137e-13
5882.32878064 9.04992216705e-13
5887.02399248 8.96294122727e-13
5891.71838303 8.76611819078e-13
5896.41195089 8.68883451332e-13
5901.10469467 8.66614589725e-13
5905.79661297 8.70138443333e-13
5910.48770436 8.76565178032e-13
5915.17796748 8.82862055468e-13
5919.86740089 8.84193228575e-13
5924.55600323 8.8539758344e-13
5929.24377306 8.8301789835e-13
5933.93070902 8.85016055455e-13
5938.61680967 8.8559635251e-13
5943.30207364 8.81037461395e-13
5947.98649951 8.75842396325e-13
5952.6700859 8.75329293882e-13
5957.35283138 8.76837402822e-13
5962.03473458 8.78475864543e-13
5966.71579408 8.73754835795e-13
5971.39600849 8.81865859528e-13
5976.0753764 8.82732075873e-13
5980.75389642 8.80794678787e-13
5985.43156713 8.80483757672e-13
5990.10838717 8.80313165135e-13
5994.7843551 8.8371887379e-13
5999.45946953 8.83813232065e-13
6004.13372907 8.84600235895e-13
6008.80713231 8.85334090273e-13
6013.47967785 8.8898305757e-13
6018.1513643 8.79380922535e-13
6022.82219024 8.75159853948e-13
6027.49215429 8.77844468022e-13
6032.16125503 8.7936536077e-13
6036.82949109 8.7366290738e-13
6041.49686103 8.78055307315e-13
6046.16336349 8.72838912253e-13
6050.82899703 8.63150837392e-13
6055.49376029 8.63590370598e-13
6060.15765181 8.63960805563e-13
6064.82067026 8.62657880385e-13
6069.48281421 8.52807330275e-13
6074.14408224 8.52830325723e-13
6078.80447298 8.50087853945e-13
6083.46398501 8.49981687778e-13
6088.12261694 8.51562655102e-13
6092.78036736 8.51488159178e-13
6097.43723489 8.5187263033e-13
6102.09321809 8.4619222107e-13
6106.74831561 8.38847267625e-13
6111.402526 8.33185712675e-13
6116.05584791 8.30778363833e-13
6120.70827989 8.28409608085e-13
6125.35982058 8.34791974252e-13
6130.01046855 8.27483262995e-13
6134.66022243 8.21235385322e-13
6139.30908078 8.11605927367e-13
6143.95704224 8.0849931498e-13
6148.60410538 8.10890411818e-13
6153.25026882 7.9787117337e-13
6157.89553114 8.0744261113e-13
6162.53989095 7.92572037208e-13
6167.18334686 7.98266365693e-13
6171.82589746 8.01886896378e-13
6176.46754133 7.93865185163e-13
6181.10827711 7.86365349822e-13
6185.74810336 7.92661675688e-13
6190.38701872 7.87416791688e-13
6195.02502174 7.89904339873e-13
6199.66211107 7.85399442527e-13
6204.29828527 7.90411809192e-13
6208.93354297 7.8541387376e-13
6213.56788275 7.79039536287e-13
6218.20130322 7.73196874968e-13
6222.83380295 7.8153380094e-13
6227.46538058 7.70586318982e-13
6232.09603471 7.70093446432e-13
6236.7257639 7.64959113073e-13
6241.35456679 7.6199180139e-13
6245.98244196 7.62616892018e-13
6250.60938802 7.58254556097e-13
6255.23540355 7.6764415357e-13
6259.86048716 7.59810440163e-13
6264.48463745 7.53866896505e-13
6269.10785304 7.5212031821e-13
6273.73013249 7.38881715751e-13
6278.35147444 7.30861471235e-13
6282.97187745 7.27024442236e-13
6287.59134016 7.30508237078e-13
6292.20986112 7.25723045868e-13
6296.82743899 7.28670274141e-13
6301.44407232 7.23356253603e-13
6306.05975974 7.39786640211e-13
6310.67449982 7.31868415168e-13
6315.28829119 7.27251026506e-13
6319.90113243 7.25871573181e-13
6324.51302215 7.2849404983e-13
6329.12395895 7.23189725331e-13
6333.73394142 7.24383033343e-13
6338.34296817 7.19813331488e-13
6342.9510378 7.16610740025e-13
6347.55814889 7.1998174611e-13
6352.16430006 7.27666398943e-13
6356.76948991 7.226072596e-13
6361.37371703 7.24721504128e-13
6365.97698002 7.16675412251e-13
6370.57927748 7.15140640643e-13
6375.18060802 7.08901213506e-13
6379.78097022 7.1362279614e-13
6384.3803627 7.10073104745e-13
6388.97878405 7.07977031618e-13
6393.57623287 7.13602440118e-13
6398.17270776 7.15772760035e-13
6402.76820732 7.15116688521e-13
6407.36273015 6.98651377598e-13
6411.95627485 7.0077312541e-13
6416.54884002 7.01188571788e-13
6421.14042426 7.00353303848e-13
6425.73102615 6.96247501308e-13
6430.32064433 6.9525996318e-13
6434.90927737 6.94973252996e-13
6439.49692388 6.94762141663e-13
6444.08358244 6.93391828513e-13
6448.66925169 6.91824972915e-13
6453.25393019 6.86899864046e-13
6457.83761657 6.84849310901e-13
6462.42030939 6.73176711785e-13
6467.0020073 6.7224923201e-13
6471.58270885 6.58951954623e-13
6476.16241268 6.7322225542e-13
6480.74111737 6.52935571286e-13
6485.31882152 6.47193219291e-13
6489.89552374 6.52492551435e-13
6494.47122261 6.56345372135e-13
6499.04591674 6.59032108503e-13
6503.61960475 6.59193999308e-13
6508.19228521 6.60975656773e-13
6512.76395674 6.4894662465e-13
6517.33461791 6.46558878151e-13
6521.90426736 6.3476765607e-13
6526.47290365 6.28020271835e-13
6531.04052542 6.35901070438e-13
6535.60713123 6.27224245825e-13
6540.17271971 6.08436756021e-13
6544.73728944 5.96260164561e-13
6549.30083903 5.50388293379e-13
6553.86336708 5.15622655653e-13
6558.42487218 4.82671802466e-13
6562.98535294 4.64660757343e-13
6567.54480796 4.60076597286e-13
6572.10323584 4.75603626446e-13
6576.66063516 5.19970119038e-13
6581.21700455 5.58117838768e-13
6585.77234258 5.81079502954e-13
6590.32664788 6.01272978836e-13
6594.87991902 6.04304685815e-13
6599.43215462 6.18395820623e-13
6603.98335327 6.24900021845e-13
6608.53351357 6.21513819498e-13
6613.08263412 6.25019452128e-13
6617.63071354 6.28937296373e-13
6622.17775039 6.30306819061e-13
6626.72374331 6.30009935343e-13
6631.26869086 6.26927900693e-13
6635.81259167 6.24820947831e-13
6640.35544433 6.2931489807e-13
6644.89724745 6.29889401483e-13
6649.43799959 6.27606499988e-13
6653.97769941 6.25358468346e-13
6658.51634546 6.26466973296e-13
6663.05393637 6.24691284993e-13
6667.59047071 6.23978725475e-13
6672.12594711 6.22613709081e-13
6676.66036415 6.31632692096e-13
6681.19372045 6.26518297676e-13
6685.72601458 6.24736649e-13
6690.25724516 6.2279021255e-13
6694.78741078 6.24999525726e-13
6699.31651005 6.17518441538e-13
6703.84454157 6.13774820458e-13
6708.37150393 6.24220021645e-13
6712.89739572 6.13578011568e-13
6717.42221557 6.18445549628e-13
6721.94596206 6.16671039555e-13
6726.46863378 6.2649092498e-13
6730.99022936 6.19463568478e-13
6735.51074737 6.26643427765e-13
6740.03018643 6.17545309821e-13
6744.54854512 6.17570053451e-13
6749.06582207 6.14823008121e-13
6753.58201583 6.0970233424e-13
6758.09712505 6.09714088568e-13
6762.6111483 6.20241263001e-13
6767.1240842 6.11730535456e-13
6771.63593133 6.09561075308e-13
6776.14668831 6.14904194908e-13
6780.65635371 6.13823681678e-13
6785.16492616 6.14921165745e-13
6789.67240424 6.13832823771e-13
6794.17878657 6.03982987541e-13
6798.68407171 6.06998174946e-13
6803.18825831 6.07624740441e-13
6807.69134493 5.99811218126e-13
6812.1933302 5.92895259721e-13
6816.69421269 5.99115672866e-13
6821.19399103 6.0096700474e-13
6825.69266378 5.86721601726e-13
6830.19022959 5.98422672096e-13
6834.68668701 5.90547249146e-13
6839.18203468 5.9366318719e-13
6843.67627117 5.83569936075e-13
6848.16939511 5.89344296936e-13
6852.66140506 5.81203123556e-13
6857.15229965 5.71667918573e-13
6861.64207747 5.55966682623e-13
6866.13073712 5.34284402641e-13
6870.6182772 5.09274181461e-13
6875.10469631 4.88287391786e-13
6879.58999305 4.87243066639e-13
6884.07416601 4.86349771841e-13
6888.55721382 5.01983655896e-13
6893.03913503 5.14618073843e-13
6897.5199283 4.96781260948e-13
6901.99959217 5.02867441719e-13
6906.47812528 5.16488579351e-13
6910.95552621 5.20914078024e-13
6915.43179358 5.22006935028e-13
6919.90692595 5.31619759226e-13
6924.38092197 5.17283730063e-13
6928.8537802 5.21918085584e-13
6933.32549926 5.07473573189e-13
6937.79607774 5.05591472019e-13
6942.26551425 5.01355335799e-13
6946.73380738 4.99745983216e-13
6951.20095574 5.10567497344e-13
6955.66695791 5.12354741323e-13
6960.13181252 5.15028170913e-13
6964.59551813 5.24977256954e-13
6969.05807337 5.20137436069e-13
6973.51947684 5.23391283684e-13
6977.97972712 5.22611521943e-13
6982.43882283 5.18856474571e-13
6986.89676255 5.23826505599e-13
6991.35354489 5.14247650423e-13
6995.80916846 5.12177339781e-13
7000.26363183 5.08277083411e-13
7004.71693364 5.06981723438e-13
7009.16907245 5.04340934894e-13
7013.62004689 5.09527080869e-13
7018.06985554 5.09667225073e-13
7022.51849701 4.99869655151e-13
7026.96596989 5.00863389874e-13
7031.4122728 5.10383533814e-13
7035.85740431 5.05565366383e-13
7040.30136304 5.00564108649e-13
7044.74414759 5.08327805456e-13
7049.18575655 5.07663104431e-13
7053.62618853 5.00427615411e-13
7058.06544212 5.10866708318e-13
7062.50351592 5.09802743998e-13
7066.94040853 5.09055618321e-13
7071.37611856 5.06688990081e-13
7075.8106446 5.04027533274e-13
7080.24398526 5.16185807528e-13
7084.67613911 5.09499905608e-13
7089.10710479 5.11251775618e-13
7093.53688087 5.07109888393e-13
7097.96546598 5.10821038546e-13
7102.39285868 5.12218412689e-13
7106.8190576 5.07525310903e-13
7111.24406132 5.20228732611e-13
7115.66786845 5.20642988729e-13
7120.09047758 5.08058497899e-13
7124.51188734 5.22632715914e-13
7128.93209628 5.13426057359e-13
7133.35110305 5.13575907381e-13
7137.76890622 5.09491172021e-13
7142.1855044 5.04625365086e-13
7146.60089618 5.04583185794e-13
7151.01508017 4.92942269096e-13
7155.42805496 4.93632009141e-13
7159.83981915 4.89931289454e-13
7164.25037135 4.68821048013e-13
7168.65971017 4.64286921288e-13
7173.06783417 4.44869812609e-13
7177.47474198 4.20427647486e-13
7181.88043219 4.04411683161e-13
7186.28490342 3.90842405629e-13
7190.68815423 3.82313055279e-13
7195.09018325 3.81661816396e-13
7199.49098908 3.79640414359e-13
7203.89057029 3.92016360811e-13
7208.28892552 4.01944560499e-13
7212.68605335 4.15221800114e-13
7217.08195237 4.26312743029e-13
7221.47662119 4.45866898704e-13
7225.87005842 4.49517961823e-13
7230.26226263 4.50638371084e-13
7234.65323245 4.33632310914e-13
7239.04296647 4.15629441019e-13
7243.43146329 4.10797267602e-13
7247.81872149 4.06327307624e-13
7252.20473971 4.03088798329e-13
7256.58951651 4.02210715269e-13
7260.97305051 4.01674782747e-13
7265.3553403 4.01091092694e-13
7269.73638449 4.11051736566e-13
7274.11618168 4.01120190219e-13
7278.49473046 4.07759533114e-13
7282.87202943 4.08018750944e-13
7287.2480772 4.11921788836e-13
7291.62287235 4.30404426729e-13
7295.99641352 4.21719100051e-13
7300.36869926 4.12726537027e-13
7304.7397282 4.07863838412e-13
7309.10949893 4.10138614026e-13
7313.47801005 4.13527515574e-13
7317.84526016 4.10854432322e-13
7322.21124786 4.10395000101e-13
7326.57597175 4.24229182821e-13
7330.93943043 4.26870292839e-13
7335.3016225 4.45830638531e-13
7339.66254657 4.45922484894e-13
7344.0222012 4.43343378408e-13
7348.38058503 4.57198451288e-13
7352.73769666 4.63141310233e-13
7357.09353467 4.72096954814e-13
7361.44809767 4.55740389896e-13
7365.80138425 4.56805685913e-13
7370.15339302 4.69493246018e-13
7374.50412258 4.55381843191e-13
7378.85357153 4.49593454633e-13
7383.20173845 4.41332087234e-13
7387.54862196 4.37244383503e-13
7391.89422065 4.35002785856e-13
7396.23853314 4.26986987914e-13
7400.58155799 4.21084953494e-13
7404.92329385 4.23151931064e-13
7409.26373927 4.19695779146e-13
7413.60289289 4.39958928253e-13
7417.94075328 4.35146149921e-13
7422.27731905 4.38732122803e-13
7426.61258881 4.44830538859e-13
7430.94656115 4.49605750408e-13
7435.27923466 4.54744479629e-13
7439.61060796 4.53172768531e-13
7443.94067964 4.58125904339e-13
7448.2694483 4.52745140709e-13
7452.59691252 4.67648264606e-13
7456.92307094 4.55650018046e-13
7461.24792212 4.71247377066e-13
7465.5714647 4.58905587253e-13
7469.89369724 4.48607756221e-13
7474.21461837 4.47444399561e-13
7478.53422666 4.46741942913e-13
7482.85252074 4.51962417126e-13
7487.16949918 4.29902334071e-13
7491.48516062 4.23975452448e-13
7495.79950361 4.24269536441e-13
7500.1125268 4.00776676469e-13
7504.42422874 4.07828445352e-13
7508.73460806 3.93291676232e-13
7513.04366336 3.78613649094e-13
7517.35139323 3.92550875917e-13
7521.65779627 3.80813503767e-13
7525.96287109 3.92742568926e-13
7530.26661628 3.95022144981e-13
7534.56903043 3.95585529419e-13
7538.87011216 4.04179731709e-13
7543.16986006 4.26627050436e-13
7547.46827274 4.18880904908e-13
7551.76534877 4.14942458657e-13
7556.06108678 4.22377802264e-13
7560.35548536 4.20338600108e-13
7564.64854311 4.29802484556e-13
7568.94025863 4.19128907618e-13
7573.23063051 4.25455739318e-13
7577.51965736 4.14654659167e-13
7581.80733778 4.02330093679e-13
7586.09367036 4.03539463887e-13
7590.37865372 3.84478646116e-13
7594.66228644 3.58569250664e-13
7598.94456713 3.26913635232e-13
7603.22549436 2.82192753866e-13
7607.50506678 2.55729427551e-13
7611.78328296 2.36336135622e-13
7616.0601415 2.39836950865e-13
7620.335641 2.34907505387e-13
7624.60978008 2.57463367717e-13
7628.88255731 2.63856638144e-13
7633.15397131 2.65270785431e-13
7637.42402066 2.66089005521e-13
7641.69270399 2.56418273919e-13
7645.96001986 2.68610069491e-13
7650.22596691 2.80843561007e-13
7654.4905437 2.70325675329e-13
7658.75374886 2.94610782881e-13
7663.01558098 3.03489970159e-13
7667.27603866 2.99090683736e-13
7671.53512051 3.05142334111e-13
7675.79282511 3.00892977692e-13
7680.04915106 3.11942679492e-13
7684.30409697 3.02728629206e-13
7688.55766145 2.95987623079e-13
7692.80984308 3.16921911046e-13
7697.06064047 3.25327075607e-13
7701.3100522 3.40464896887e-13
7705.55807691 3.42300639374e-13
7709.80471317 3.45064926801e-13
7714.04995958 3.49969800816e-13
7718.29381473 3.66670735691e-13
7722.53627726 3.72925540407e-13
7726.77734573 3.76871433691e-13
7731.01701876 3.72219695177e-13
7735.25529493 3.85717622701e-13
7739.49217287 3.73413065952e-13
7743.72765115 3.69560621502e-13
7747.9617284 3.67231036152e-13
7752.19440317 3.83017414454e-13
7756.42567412 3.89330935117e-13
7760.65553981 3.72301271892e-13
7764.88399886 3.71709795327e-13
7769.11104984 3.78891929342e-13
7773.33669139 3.70413152599e-13
7777.56092208 3.72272986652e-13
7781.78374052 3.77488546059e-13
7786.0051453 3.73153815569e-13
7790.22513504 3.83114878066e-13
7794.44370832 3.68582232361e-13
7798.66086376 3.59839586862e-13
7802.87659993 3.70840054607e-13
7807.09091547 3.72459608251e-13
7811.30380894 3.73024195084e-13
7815.51527894 3.79485741899e-13
7819.72532412 3.63250177966e-13
7823.93394302 3.72235826907e-13
7828.14113428 3.71281092349e-13
7832.34689647 3.66274714449e-13
7836.55122822 3.61119354162e-13
7840.7541281 3.65421024696e-13
7844.95559473 3.55832371662e-13
7849.15562669 3.53733146806e-13
7853.35422261 3.56864345592e-13
7857.55138106 3.64310781607e-13
7861.74710067 3.51203911039e-13
7865.94138 3.61366348306e-13
7870.13421769 3.53119292691e-13
7874.3256123 3.53953390931e-13
7878.51556246 3.49774966552e-13
7882.70406676 3.39838906206e-13
7886.8911238 3.52481608019e-13
7891.07673217 3.51133204049e-13
7895.2608905 3.40774780914e-13
7899.44359734 3.41523017972e-13
7903.62485135 3.25881054631e-13
7907.80465106 3.29743829292e-13
7911.98299514 3.35528554984e-13
7916.15988214 3.29726739747e-13
7920.33531069 3.28350083694e-13
7924.50927936 3.21954859426e-13
7928.68178676 3.32561844719e-13
7932.8528315 3.06346769227e-13
7937.02241219 3.16608208487e-13
7941.1905274 3.05521709386e-13
7945.35717576 2.86087034272e-13
7949.52235584 2.84238218039e-13
7953.68606625 2.79683492119e-13
7957.8483056 2.75433741682e-13
7962.00907247 2.52751023516e-13
7966.16836549 2.61048244297e-13
7970.32618322 2.68880100991e-13
7974.48252431 2.85147229099e-13
7978.6373873 2.88291250184e-13
7982.79077085 2.89870422342e-13
7986.9426735 3.25802016814e-13
7991.09309391 3.16491698371e-13
7995.24203063 3.27668056609e-13
7999.38948229 3.19677213927e-13
8003.53544746 3.30401316227e-13
8007.67992478 3.46322589286e-13
8011.82291281 3.35508210439e-13
8015.96441018 3.24479932714e-13
8020.10441547 3.20743424527e-13
8024.24292729 3.22281288641e-13
8028.37994424 3.29286685882e-13
8032.51546491 3.33017253486e-13
8036.6494879 3.27008390742e-13
8040.78201182 3.37948306839e-13
8044.91303527 3.37412352236e-13
8049.04255684 3.50515736306e-13
8053.17057512 3.20911328056e-13
8057.29708875 3.34234045461e-13
8061.42209629 3.34153539184e-13
8065.54559635 3.53662326429e-13
8069.66758753 3.35284946637e-13
8073.78806845 3.36857449861e-13
8077.90703766 3.48487318522e-13
8082.02449382 3.50388848361e-13
8086.14043548 3.48820822802e-13
8090.25486128 3.42756323677e-13
8094.36776978 3.39550611877e-13
8098.47915962 3.35962677252e-13
8102.58902936 3.51793772317e-13
8106.69737762 3.20985840626e-13
8110.80420301 3.36129799344e-13
8114.90950412 3.23525910941e-13
8119.01327954 3.25665056609e-13
8123.11552787 3.15643992727e-13
8127.21624774 3.34648718519e-13
8131.3154377 3.31968353612e-13
8135.41309639 3.30205288717e-13
8139.50922239 3.29267566692e-13
8143.60381432 3.46679816419e-13
8147.69687074 3.04114268717e-13
8151.7883903 3.27440767994e-13
8155.87837156 3.22172050896e-13
8159.96681314 3.05426589661e-13
8164.05371362 3.10420649606e-13
8168.13907163 2.92613093786e-13
8172.22288574 3.17528886996e-13
8176.30515457 3.02372018844e-13
8180.3858767 2.97922105126e-13
8184.46505076 3.25612167829e-13
8188.54267532 3.21661587172e-13
8192.618749 3.22344695999e-13
8196.69327037 3.34288544632e-13
8200.76623807 3.16322381171e-13
8204.83765067 3.19387759927e-13
8208.90750678 3.31716184776e-13
8212.975805 3.24254430812e-13
8217.04254393 3.50319678374e-13
8221.10772216 3.09746283099e-13
8225.17133831 3.36472754996e-13
8229.23339096 3.52072317431e-13
8233.29387872 3.26535532911e-13
8237.35280018 3.38097419881e-13
8241.41015395 3.20360214116e-13
8245.46593862 3.50943065656e-13
8249.52015281 3.32925310706e-13
8253.57279508 3.49689332842e-13
8257.62386407 3.46013122484e-13
8261.67335838 3.41603832237e-13
8265.72127657 3.39274836764e-13
8269.76761727 3.51318420866e-13
8273.81237907 3.30452397001e-13
8277.85556058 3.46282991294e-13
8281.89716039 3.39745437561e-13
8285.9371771 3.65640209862e-13
8289.97560931 3.18902196191e-13
8294.01245562 3.73811732544e-13
8298.04771463 3.57948846634e-13
8302.08138494 3.61128229131e-13
8306.11346516 3.74034496496e-13
8310.14395387 3.66917713467e-13
8314.17284967 3.70897688037e-13
8318.20015119 3.78929054036e-13
