1140.6 5.7741251E-012
1140.6 5.7741251E-012
1141.6 6.7501252E-012
1142.6 6.6284755E-012
1143.6 6.3062754E-012
1144.6 6.4428753E-012
1145.6 6.517975E-012
1146.6 5.9331502E-012
1147.6 5.7909502E-012
1148.6 5.7981753E-012
1149.65 5.88685E-012
1150.65 5.4912004E-012
1151.65 5.8110001E-012
1152.65 5.6111752E-012
1153.65 6.0711505E-012
1154.65 6.4058251E-012
1155.65 5.8741501E-012
1156.675 5.6144499E-012
1157.7001 5.583325E-012
1158.7001 5.6400505E-012
1159.7001 5.9273502E-012
1160.7001 5.7177249E-012
1161.7001 5.8216999E-012
1162.7001 5.861975E-012
1163.7001 6.0280253E-012
1164.7251 5.7867756E-012
1165.75 5.8005501E-012
1166.75 5.34965E-012
1167.75 5.5188003E-012
1168.75 5.7422248E-012
1169.75 5.9633002E-012
1170.75 5.6076003E-012
1171.8 5.919125E-012
1172.8 5.5907501E-012
1173.8 5.5914002E-012
1174.8 5.4065251E-012
1175.8 5.3786003E-012
1176.8 5.4184248E-012
1177.8 5.4040748E-012
1178.8251 5.5418001E-012
1179.85 5.4806251E-012
1180.85 5.3927752E-012
1181.85 5.4186503E-012
1182.85 5.4786501E-012
1183.85 5.403275E-012
1184.875 5.0715001E-012
1185.9 5.1653504E-012
1186.9 5.3238251E-012
1187.9 5.2726005E-012
1188.9 5.1670504E-012
1189.9 5.269275E-012
1190.9 5.18125E-012
1191.925 5.0980249E-012
1192.9501 5.0201002E-012
1193.9501 4.811475E-012
1194.9501 5.1219003E-012
1195.9501 5.1738249E-012
1196.9501 5.1339753E-012
1197.9751 4.8630748E-012
1199 4.7660001E-012
1200 4.7874005E-012
1201 4.727625E-012
1202 4.8328251E-012
1203 4.6940004E-012
1204 4.5836755E-012
1205.05 4.354025E-012
1206.05 4.4147251E-012
1207.05 4.1183003E-012
1208.05 3.8177499E-012
1209.05 3.6126499E-012
1210.0751 3.4803252E-012
1211.1 3.276975E-012
1212.1 3.0694002E-012
1213.1 2.803075E-012
1214.1 2.3493753E-012
1215.1 1.7118001E-012
1216.125 1.212125E-012
1217.15 1.855725E-012
1218.15 2.3295001E-012
1219.15 2.634775E-012
1220.15 2.9898501E-012
1221.15 3.191675E-012
1222.2001 3.557675E-012
1223.2001 3.5971751E-012
1224.2001 3.7690003E-012
1225.2001 3.8993002E-012
1226.2001 4.0309002E-012
1227.2001 4.2815504E-012
1228.25 4.3534755E-012
1229.25 4.2513753E-012
1230.25 4.436675E-012
1231.25 4.3259003E-012
1232.25 4.4055501E-012
1233.275 4.4456253E-012
1234.3 4.4576998E-012
1235.3 4.5615751E-012
1236.3 4.5391755E-012
1237.3 4.6356504E-012
1238.3 4.5918252E-012
1239.3251 4.6256003E-012
1240.35 4.5755752E-012
1241.35 4.6556752E-012
1242.35 4.6078254E-012
1243.35 4.647875E-012
1244.375 4.5343252E-012
1245.4 4.6058999E-012
1246.4 4.5599249E-012
1247.4 4.5796249E-012
1248.4 4.4455251E-012
1249.4 4.5258753E-012
1250.4501 4.5196251E-012
1251.4501 4.5408503E-012
1252.4501 4.5148004E-012
1253.4501 4.5341504E-012
1254.4501 4.5269751E-012
1255.4751 4.6068002E-012
1256.5 4.5308752E-012
1257.5 4.4893251E-012
1258.5 4.414775E-012
1259.5 4.443175E-012
1260.5 4.3111751E-012
1261.55 4.3387004E-012
1262.55 4.4199002E-012
1263.55 4.4284502E-012
1264.55 4.3833752E-012
1265.55 4.3416251E-012
1266.6 4.4125502E-012
1267.6 4.3323505E-012
1268.6 4.2936752E-012
1269.6 4.2097753E-012
1270.6 4.3686751E-012
1271.625 4.2322001E-012
1272.65 4.2841503E-012
1273.65 4.3541499E-012
1274.65 4.282625E-012
1275.65 4.3355753E-012
1276.675 4.2185001E-012
1277.7001 4.1726505E-012
1278.7001 4.1796002E-012
1279.7001 4.2487251E-012
1280.7001 4.2872251E-012
1281.7001 4.2713003E-012
1282.75 4.2335003E-012
1283.75 4.1970503E-012
1284.75 4.1839253E-012
1285.75 4.2516502E-012
1286.75 4.1833251E-012
1287.8 4.0888499E-012
1288.8 4.2211252E-012
1289.8 4.2095004E-012
1290.8 4.1758251E-012
1291.8 4.0334003E-012
1292.8 3.9930502E-012
1293.85 4.103975E-012
1294.85 4.0357253E-012
1295.85 4.108925E-012
1296.85 4.036175E-012
1297.85 4.0488502E-012
1298.9 4.0674499E-012
1299.9 4.0176252E-012
1300.9 4.0614751E-012
1301.9 3.9431002E-012
1302.9 3.8429E-012
1303.925 3.9529751E-012
1304.9501 4.0124752E-012
1305.9501 3.9346E-012
1306.9501 3.9401E-012
1307.9501 4.0030752E-012
1308.9751 3.9272253E-012
1310 3.9473503E-012
1311 3.8786249E-012
1312 3.9347752E-012
1313 3.9408754E-012
1314 3.9580002E-012
1315.05 3.9026E-012
1316.05 3.8141252E-012
1317.05 3.8600755E-012
1318.05 3.8522501E-012
1319.05 3.8181749E-012
1320.1 3.738925E-012
1321.1 3.8605751E-012
1322.1 3.8268251E-012
1323.1 3.7505251E-012
1324.1 3.854775E-012
1325.1 3.8100499E-012
1326.15 3.779475E-012
1327.15 3.7852503E-012
1328.15 3.7693251E-012
1329.15 3.6872502E-012
1330.15 3.8051251E-012
1331.2001 3.692375E-012
1332.2001 3.7450251E-012
1333.2001 3.6535753E-012
1334.2001 3.6329E-012
1335.2001 3.5126001E-012
1336.2251 3.7005251E-012
1337.25 3.7172002E-012
1338.25 3.730025E-012
1339.25 3.645825E-012
1340.25 3.5897251E-012
1341.25 3.6378749E-012
1342.3 3.6293999E-012
1343.3 3.7692249E-012
1344.3 3.6866751E-012
1345.3 3.6286E-012
1346.3 3.6067E-012
1347.3 3.5741501E-012
1348.35 3.622625E-012
1349.35 3.5600752E-012
1350.35 3.5509E-012
1351.35 3.4957501E-012
1352.35 3.4878751E-012
1353.375 3.4174751E-012
1354.4 3.4532251E-012
1355.4 3.5178501E-012
1356.4 3.5285251E-012
1357.4 3.3705751E-012
1358.4 3.5078251E-012
1359.425 3.4702E-012
1360.4501 3.52525E-012
1361.4501 3.453025E-012
1362.4501 3.4020751E-012
1363.4501 3.4608249E-012
1364.4501 3.4241002E-012
1365.5 3.3610502E-012
1366.5 3.483125E-012
1367.5 3.4355251E-012
1368.5 3.3695002E-012
1369.5 3.3585502E-012
1370.5 3.267225E-012
1371.55 3.4088002E-012
1372.55 3.2691499E-012
1373.55 3.38805E-012
1374.55 3.3263752E-012
1375.55 3.3553999E-012
1376.55 3.3237751E-012
1377.6 3.3227999E-012
1378.6 3.29335E-012
1379.6 3.269375E-012
1380.6 3.2296251E-012
1381.6 3.3016001E-012
1382.6 3.3582002E-012
1383.625 3.2464751E-012
1384.65 3.1915252E-012
1385.65 3.2369253E-012
1386.65 3.2013751E-012
1387.65 3.260475E-012
1388.65 3.2290251E-012
1389.65 3.2092751E-012
1390.7001 3.2269001E-012
1391.7001 3.2579751E-012
1392.7001 3.1951E-012
1393.7001 3.1362252E-012
1394.7001 3.2150001E-012
1395.7001 3.1462001E-012
1396.7251 3.1835751E-012
1397.75 3.0854501E-012
1398.75 3.1114002E-012
1399.75 3.1260502E-012
1400.75 3.1431251E-012
1401.75 3.1637752E-012
1402.75 3.0953751E-012
1403.775 3.1329251E-012
1404.8 3.1004251E-012
1405.8 3.0669499E-012
1406.8 3.077425E-012
1407.8 3.0681751E-012
1408.8 3.0622E-012
1409.8 3.07565E-012
1410.8 3.068125E-012
1411.8501 3.07315E-012
1412.8501 3.0571752E-012
1413.8501 3.0747252E-012
1414.8501 3.0613749E-012
1415.8501 2.9889502E-012
1416.8501 2.9846501E-012
1417.8501 2.9591E-012
1418.9001 2.9901752E-012
1419.9001 3.0045502E-012
1420.9001 2.9553502E-012
1421.9001 2.9557752E-012
1422.9001 2.9753001E-012
1423.9001 2.9434252E-012
1424.9001 2.9860749E-012
1425.9001 2.9159251E-012
1426.925 2.9552751E-012
1427.9501 2.9055751E-012
1428.9501 2.8872751E-012
1429.9501 2.9065001E-012
1430.9501 2.9498502E-012
1431.9501 2.9408002E-012
1432.9501 2.8882749E-012
1433.9501 2.8708752E-012
1434.975 2.9267751E-012
1436 2.8641252E-012
1437 2.951575E-012
1438 2.87635E-012
1439 2.7734501E-012
1440 2.7581503E-012
1441 2.81805E-012
1442 2.9112251E-012
1443 2.8770502E-012
1444 2.8280501E-012
1445.05 2.8118751E-012
1446.05 2.7851501E-012
1447.05 2.73565E-012
1448.05 2.7518751E-012
1449.05 2.801025E-012
1450.05 2.7159501E-012
1451.05 2.766475E-012
1452.05 2.772625E-012
1453.05 2.812075E-012
1454.05 2.7835501E-012
1455.1 2.7742251E-012
1456.1 2.7460751E-012
1457.1 2.7617251E-012
1458.1 2.6981E-012
1459.1 2.6635751E-012
1460.1 2.7454751E-012
1461.1 2.7378501E-012
1462.1 2.7884752E-012
1463.1 2.656325E-012
1464.1 2.7063002E-012
1465.1 2.6510001E-012
1466.1 2.7248501E-012
1467.15 2.6229002E-012
1468.15 2.6805001E-012
1469.15 2.6684249E-012
1470.15 2.68355E-012
1471.15 2.7038749E-012
1472.15 2.66035E-012
1473.15 2.7028E-012
1474.15 2.6523003E-012
1475.15 2.6238E-012
1476.15 2.6299501E-012
1477.15 2.6972001E-012
1478.15 2.65045E-012
1479.15 2.5476251E-012
1480.15 2.5325E-012
1481.175 2.6044999E-012
1482.2001 2.6531E-012
1483.2001 2.5575252E-012
1484.2001 2.5082E-012
1485.2001 2.5105252E-012
1486.2001 2.502975E-012
1487.2001 2.508725E-012
1488.2001 2.5321999E-012
1489.2001 2.4989999E-012
1490.2001 2.4523001E-012
1491.2001 2.5321249E-012
1492.2001 2.4710002E-012
1493.2001 2.4681002E-012
1494.2001 2.4810752E-012
1495.2001 2.4674501E-012
1496.2001 2.4951751E-012
1497.2001 2.4474752E-012
1498.2001 2.4747251E-012
1499.2001 2.4692251E-012
1500.2001 2.4216503E-012
1501.2001 2.4479E-012
1502.2001 2.425625E-012
1503.2001 2.4376751E-012
1504.2001 2.4359002E-012
1505.2001 2.4278001E-012
1506.2001 2.4108001E-012
1507.25 2.4367251E-012
1508.25 2.429125E-012
1509.25 2.447025E-012
1510.25 2.425725E-012
1511.25 2.391675E-012
1512.25 2.3871001E-012
1513.25 2.4192751E-012
1514.25 2.4246501E-012
1515.25 2.402625E-012
1516.25 2.3970251E-012
1517.25 2.341075E-012
1518.25 2.3417752E-012
1519.25 2.3719501E-012
1520.25 2.350425E-012
1521.25 2.3669751E-012
1522.25 2.3482002E-012
1523.25 2.3497502E-012
1524.25 2.2969001E-012
1525.25 2.342375E-012
1526.25 2.3584251E-012
1527.25 2.3291499E-012
1528.25 2.291875E-012
1529.25 2.3359001E-012
1530.25 2.3476501E-012
1531.25 2.3080251E-012
1532.25 2.275725E-012
1533.2251 2.26475E-012
1534.2001 2.2703501E-012
1535.2001 2.3455001E-012
1536.2001 2.3316752E-012
1537.2001 2.2965501E-012
1538.2001 2.2566001E-012
1539.2001 2.2466E-012
1540.2001 2.2825001E-012
1541.2001 2.30395E-012
1542.2001 2.28375E-012
1543.2001 2.2492002E-012
1544.2001 2.2218002E-012
1545.2001 2.2089251E-012
1546.2001 2.2400499E-012
1547.2001 2.2589749E-012
1548.2001 2.2244752E-012
1549.2001 2.19535E-012
1550.2001 2.21725E-012
1551.2001 2.215625E-012
1552.2001 2.1368499E-012
1553.2001 2.1469499E-012
1554.2001 2.1608501E-012
1555.2001 2.2006752E-012
1556.175 2.2534251E-012
1557.15 2.1872751E-012
1558.15 2.1730751E-012
1559.15 2.1330251E-012
1560.15 2.1722001E-012
1561.15 2.1282251E-012
1562.15 2.160525E-012
1563.15 2.235825E-012
1564.15 2.1775752E-012
1565.15 2.1841251E-012
1566.15 2.1822251E-012
1567.15 2.105675E-012
1568.15 2.12055E-012
1569.125 2.137075E-012
1570.1 2.1429501E-012
1571.1 2.1102252E-012
1572.1 2.0870001E-012
1573.1 2.1218502E-012
1574.1 2.1010251E-012
1575.1 2.1265251E-012
1576.1 2.12185E-012
1577.1 2.0752E-012
1578.1 2.106175E-012
1579.075 2.0902251E-012
1580.05 2.0499501E-012
1581.05 2.0722499E-012
1582.425 2.06015E-012
1583.875 2.05655E-012
1585.35 2.096525E-012
1586.8251 1.983825E-012
1588.2751 2.0739751E-012
1589.7501 2.006E-012
1591.2251 2.0339002E-012
1592.675 2.0167002E-012
1594.1501 2.0183751E-012
1595.6251 2.0049002E-012
1597.0751 2.0197002E-012
1598.5751 2.0078E-012
1600.05 1.98125E-012
1601.525 1.9504251E-012
1602.9751 1.982025E-012
1604.4501 1.9868252E-012
1605.925 1.937875E-012
1607.375 1.9512751E-012
1608.85 1.9203751E-012
1610.3251 1.9561501E-012
1611.7751 1.986225E-012
1613.2501 1.9461E-012
1614.7251 1.9315001E-012
1616.175 1.9246252E-012
1617.6501 1.9167001E-012
1619.1251 1.8611751E-012
1620.5751 1.9230002E-012
1622.05 1.8559251E-012
1623.525 1.8628001E-012
1625.025 1.8806499E-012
1626.4751 1.8663001E-012
1627.9501 1.8491502E-012
1629.425 1.877475E-012
1630.875 1.795975E-012
1632.35 1.826625E-012
1633.8251 1.8125E-012
1635.2751 1.873775E-012
1636.7501 1.8616502E-012
1638.2251 1.792825E-012
1639.7001 1.78075E-012
1641.175 1.7889001E-012
1642.6501 1.7653751E-012
1644.1251 1.737675E-012
1645.5751 1.7843501E-012
1647.05 1.7973251E-012
1648.525 1.771775E-012
1649.9751 1.738875E-012
1651.4501 1.7687751E-012
1652.925 1.7566751E-012
1654.425 1.7823501E-012
1655.875 1.7757751E-012
1657.35 1.743525E-012
1658.8251 1.70865E-012
1660.2751 1.692475E-012
1661.7501 1.7076501E-012
1663.2251 1.7157751E-012
1664.7001 1.721625E-012
1666.175 1.694875E-012
1667.6501 1.685425E-012
1669.1251 1.6165E-012
1670.5751 1.68685E-012
1672.05 1.69325E-012
1673.525 1.7071751E-012
1675.0001 1.741025E-012
1676.4751 1.7222499E-012
1677.9501 1.7465251E-012
1679.425 1.753575E-012
1680.875 1.6743251E-012
1682.35 1.6402001E-012
1683.8251 1.6640501E-012
1685.3251 1.580475E-012
1686.7751 1.6320751E-012
1688.2501 1.60015E-012
1689.7251 1.61115E-012
1691.175 1.622325E-012
1692.6501 1.6828251E-012
1694.1501 1.6367501E-012
1695.6251 1.65565E-012
1697.0751 1.6405E-012
1698.55 1.620625E-012
1700.025 1.5963251E-012
1701.5001 1.611525E-012
1702.9751 1.55335E-012
1704.4501 1.5727001E-012
1705.925 1.569175E-012
1707.375 1.5969E-012
1708.85 1.595875E-012
1710.3251 1.56865E-012
1711.8251 1.5959E-012
1713.2751 1.5657251E-012
1714.7501 1.57165E-012
1716.2251 1.575475E-012
1717.7001 1.5370501E-012
1719.175 1.5141251E-012
1720.6501 1.530375E-012
1722.1251 1.479975E-012
1723.5751 1.5073E-012
1725.05 1.5011251E-012
1726.55 1.4669251E-012
1728.025 1.506325E-012
1729.4751 1.4947751E-012
1730.9501 1.4670501E-012
1732.425 1.49495E-012
1733.925 1.5260751E-012
1735.375 1.4803251E-012
1736.85 1.48805E-012
1738.3251 1.4937251E-012
1739.8 1.5013251E-012
1741.2751 1.4693001E-012
1742.7501 1.503725E-012
1744.2251 1.4752751E-012
1745.675 1.477175E-012
1747.1501 1.4848001E-012
1748.6501 1.4053E-012
1750.1251 1.4410501E-012
1751.5751 1.4592001E-012
1753.05 1.4299751E-012
1754.55 1.431E-012
1756.025 1.412325E-012
1757.4751 1.42865E-012
1758.9501 1.4243251E-012
1760.425 1.4118751E-012
1761.925 1.419375E-012
1763.375 1.421125E-012
1764.85 1.4026751E-012
1766.3251 1.412325E-012
1767.8 1.4002751E-012
1769.2751 1.394425E-012
1770.7501 1.41065E-012
1772.2251 1.4080001E-012
1773.675 1.378575E-012
1775.175 1.3231251E-012
1776.6501 1.372825E-012
1778.1251 1.3755001E-012
1779.5751 1.357475E-012
1781.0751 1.351525E-012
1782.55 1.3500001E-012
1784.025 1.3778751E-012
1785.4751 1.3712501E-012
1786.9501 1.405625E-012
1788.4501 1.305075E-012
1789.925 1.342575E-012
1791.375 1.3534001E-012
1792.85 1.3112751E-012
1794.35 1.3377751E-012
1795.8251 1.319825E-012
1797.2751 1.309E-012
1798.7501 1.3563751E-012
1800.2501 1.29745E-012
1801.7251 1.318525E-012
1803.175 1.3124751E-012
1804.6501 1.312375E-012
1806.1251 1.3394751E-012
1807.6251 1.2882251E-012
1809.0751 1.3233999E-012
1810.55 1.293725E-012
1812.025 1.2920751E-012
1813.525 1.261025E-012
1814.9751 1.2900251E-012
1816.4501 1.2620001E-012
1817.925 1.255725E-012
1819.425 1.2891E-012
1820.875 1.2625001E-012
1822.35 1.2648251E-012
1823.8251 1.269125E-012
1825.3251 1.239925E-012
1826.7751 1.2204E-012
1828.2501 1.2372501E-012
1829.7251 1.273E-012
1831.2001 1.2508E-012
1832.675 1.213225E-012
1834.1501 1.217975E-012
1835.6251 1.219525E-012
1837.1001 1.225475E-012
1838.5751 1.22665E-012
1840.05 1.24665E-012
1841.525 1.2118001E-012
1843.0001 1.2020001E-012
1844.4751 1.191375E-012
1845.9501 1.185825E-012
1847.425 1.210775E-012
1848.9 1.1810251E-012
1850.375 1.2005001E-012
1851.85 1.23685E-012
1853.3251 1.1856E-012
1854.7751 1.18005E-012
1856.2751 1.1782251E-012
1857.7501 1.1631E-012
1859.2251 1.175325E-012
1860.675 1.15445E-012
1862.175 1.142725E-012
1863.6501 1.1901501E-012
1865.1251 1.164425E-012
1866.5751 1.1661001E-012
1868.0751 1.173825E-012
1869.55 1.149475E-012
1871.025 1.1504751E-012
1872.4751 1.144825E-012
1873.9501 1.1410001E-012
1875.4501 1.1520751E-012
1876.925 1.1346E-012
1878.375 1.132275E-012
1879.85 1.1152251E-012
1881.35 1.106775E-012
1882.8251 1.113425E-012
1884.2751 1.1136501E-012
1885.7501 1.12215E-012
1887.2501 1.11735E-012
1888.7251 1.132275E-012
1890.175 1.1477E-012
1891.6501 1.1102751E-012
1893.1251 1.106275E-012
1894.6251 1.105025E-012
1896.0751 1.0631E-012
1897.55 1.131725E-012
1899.025 1.0981E-012
1900.525 1.1138E-012
1901.9751 1.0892251E-012
1903.4501 1.137025E-012
1904.925 1.0761751E-012
1906.4 1.07E-012
1907.875 1.0736E-012
1909.35 1.0775E-012
1910.8251 1.083E-012
1912.2751 1.0601751E-012
1913.7751 1.069175E-012
1915.2501 1.081875E-012
1916.7251 1.051025E-012
1918.175 1.0628251E-012
1919.675 1.0541751E-012
1921.1501 1.0477251E-012
1922.6251 1.0402501E-012
1924.0751 1.0247001E-012
1925.55 1.01754E-012
1927.05 1.0528501E-012
1928.525 1.063225E-012
1929.9751 1.045775E-012
1931.4501 1.0134901E-012
1932.925 9.9882006E-013
1934.425 1.023525E-012
1935.875 1.0311251E-012
1937.35 1.04E-012
1938.8251 1.0637501E-012
1940.2751 1.0198E-012
1941.7751 1.0128551E-012
1943.2501 1.02345E-012
1944.7251 1.0158251E-012
1946.175 1.021775E-012
1947.6501 1.021775E-012
1949.1501 1.0286601E-012
1950.6251 9.9035754E-013
1952.0751 9.8922248E-013
1953.55 9.9274755E-013
1955.025 9.6131002E-013
1956.5001 9.6610252E-013
1957.9751 9.8172501E-013
1959.4501 9.8059755E-013
1960.925 9.7299762E-013
1962.375 9.8187008E-013
1963.875 9.8205504E-013
1965.35 9.6008759E-013
1966.8251 9.4659502E-013
1968.2751 9.7949253E-013
1969.7501 9.8842755E-013
1971.2251 9.5350507E-013
1972.7001 9.6254005E-013
1974.175 9.788625E-013
1975.6501 9.7697002E-013
1977.1251 9.7969256E-013
1978.5751 9.4491504E-013
1980.05 9.4674507E-013
1981.55 9.4226504E-013
1983.025 9.5502252E-013
1984.4751 9.4043751E-013
1985.9501 9.5002999E-013
1987.425 9.3017759E-013
1988.875 9.4193501E-013
1990.375 9.3690257E-013
1991.85 9.2283754E-013
1993.3251 9.2478E-013
1994.7751 9.2970998E-013
1996.2501 9.13355E-013
1997.7251 8.8209252E-013
1999.175 9.1416252E-013
2000.675 9.3233255E-013
2002.1501 9.1661249E-013
2003.6251 9.1639261E-013
2005.0751 9.0410502E-013
2006.55 9.1988006E-013
2008.025 9.0445257E-013
2009.4751 9.0521004E-013
2010.9751 8.9321004E-013
2012.4501 9.0049002E-013
2013.925 8.929675E-013
2015.375 8.9222E-013
2016.85 8.8201755E-013
2018.3251 9.1850009E-013
2019.7751 9.1695748E-013
2021.2501 8.8328249E-013
2022.7501 9.0825746E-013
2024.2251 8.9128753E-013
2025.675 8.9804E-013
2027.1501 8.822075E-013
2028.6251 8.668275E-013
2030.0751 8.5873003E-013
2031.55 8.6891502E-013
2033.025 8.5414754E-013
2034.4751 8.6336499E-013
2035.9751 8.8831004E-013
2037.4501 8.6376501E-013
2038.925 8.689E-013
2040.375 8.5907252E-013
2041.85 8.3766002E-013
2043.3251 8.4642254E-013
2044.7751 8.4893247E-013
2046.2501 8.5575752E-013
2047.7251 8.39615E-013
2049.175 8.3990004E-013
2050.6501 8.4315253E-013
2052.125 8.5870005E-013
2053.625 8.3262005E-013
2055.0752 8.3506753E-013
2056.55 8.3577004E-013
2058.0251 8.2817499E-013
2059.4751 8.1654003E-013
2060.9502 8.2286749E-013
2062.425 8.3108504E-013
2063.875 8.1321251E-013
2065.3501 8.2228256E-013
2066.8252 8.1630503E-013
2068.2751 7.9695999E-013
2069.75 7.9579252E-013
2071.2251 8.0237249E-013
2072.675 8.1297003E-013
2074.1501 8.1546505E-013
2075.625 8.398725E-013
2077.0752 8.3921005E-013
2078.55 8.0461749E-013
2080.05 8.1568752E-013
2081.5251 8.1564253E-013
2082.9751 7.920775E-013
2084.4502 7.9277004E-013
2085.925 7.9269002E-013
2087.375 7.8143248E-013
2088.8501 7.8940749E-013
2090.3252 8.003575E-013
2091.7751 7.8458003E-013
2093.25 7.92915E-013
2094.7251 7.8720748E-013
2096.175 7.8911498E-013
2097.6501 7.988375E-013
2099.125 7.9007254E-013
2100.5752 7.8723502E-013
2102.05 7.5044251E-013
2103.5251 7.5372748E-013
2104.9751 7.6253505E-013
2106.4502 7.7803253E-013
2107.925 7.8196504E-013
2109.375 7.6514999E-013
2110.8501 7.6847003E-013
2112.3252 7.6630249E-013
2113.75 7.4282003E-013
2115.2251 7.5267754E-013
2116.675 7.5681502E-013
2118.1501 7.4726499E-013
2119.625 7.377175E-013
2121.0752 7.4174748E-013
2122.55 7.3293498E-013
2124.0251 7.53035E-013
2125.4751 7.4266255E-013
2126.9502 7.2236E-013
2128.425 7.2167256E-013
2129.875 7.3221003E-013
2131.3501 7.2258502E-013
2132.8252 7.2958002E-013
2134.2751 7.3193751E-013
2135.75 7.3765251E-013
2137.2251 7.4387751E-013
2138.675 7.4177253E-013
2140.125 7.381025E-013
2141.5752 7.4388754E-013
2143.05 7.1292251E-013
2144.5251 7.2588506E-013
2145.9751 7.4006751E-013
2147.4502 7.2901505E-013
2148.925 7.2850753E-013
2150.375 7.4054001E-013
2151.8501 7.272375E-013
2153.3 7.0513999E-013
2154.75 7.1429505E-013
2156.2251 7.0240005E-013
2157.675 7.10785E-013
2159.1501 7.2195001E-013
2160.625 7.2013755E-013
2162.0752 6.8429751E-013
2163.55 6.8757256E-013
2165.0002 6.9556253E-013
2166.4502 6.9838753E-013
2167.925 6.8919751E-013
2169.375 6.7987754E-013
2170.8501 6.8810252E-013
2172.3252 6.8708754E-013
2173.7751 6.8512253E-013
2175.2251 6.7762251E-013
2176.675 6.6789001E-013
2178.1501 6.7179747E-013
2179.625 6.9088751E-013
2181.0752 7.0585752E-013
2182.55 6.66095E-013
2183.9751 6.7160502E-013
2185.4502 6.7587E-013
2186.925 6.7330001E-013
2188.375 6.9616502E-013
2189.8501 6.6626256E-013
2191.2751 6.4467252E-013
2192.75 6.5645498E-013
2194.2251 6.6015748E-013
2195.675 6.5520999E-013
2197.1501 6.5931006E-013
2198.5752 6.5798999E-013
2200.05 6.6297749E-013
2201.5251 6.6551506E-013
2202.9751 6.6575499E-013
2204.425 6.5380752E-013
2205.875 6.5121254E-013
2207.3501 6.4736248E-013
2208.8252 6.512075E-013
2210.25 6.3708251E-013
2211.7251 6.3830506E-013
2213.175 6.3779749E-013
2214.6501 6.3604753E-013
2216.0752 6.4660002E-013
2217.55 6.2899501E-013
2219.0251 6.4108755E-013
2220.4502 6.2210247E-013
2221.925 6.3134253E-013
2223.375 6.2911005E-013
2224.8501 6.3862002E-013
2226.2751 6.3360255E-013
2227.75 6.1168751E-013
2229.2251 6.2876749E-013
2230.6501 6.3721749E-013
2232.125 6.3445001E-013
2233.5752 6.4054003E-013
2235.0251 6.2810255E-013
2236.4751 6.2161257E-013
2237.9502 6.1452753E-013
2239.4001 6.1431502E-013
2240.8501 6.1884498E-013
2242.3252 6.2505253E-013
2243.75 6.2455E-013
2245.2251 6.1907749E-013
2246.675 6.028775E-013
2248.125 6.0094502E-013
2249.5752 6.1620007E-013
2251.05 6.2137752E-013
2252.4751 6.036075E-013
2253.9502 6.0668002E-013
2255.4001 6.2048505E-013
2256.8501 6.0735005E-013
2258.3252 5.9998003E-013
2259.75 5.9456753E-013
2261.2251 5.9016252E-013
2262.6501 5.9579002E-013
2264.125 5.9576503E-013
2265.5752 5.8778254E-013
2267.0251 5.9944752E-013
2268.4751 5.9873254E-013
2269.925 5.9671002E-013
2271.375 5.8943003E-013
2272.8501 5.9036256E-013
2274.2751 5.8438752E-013
2275.75 5.784275E-013
2277.175 5.7607754E-013
2278.6501 5.8576001E-013
2280.0752 5.8640001E-013
2281.55 5.8060002E-013
2283.0002 5.7790003E-013
2284.4502 5.7981251E-013
2285.9001 5.7328247E-013
2287.3501 5.6790255E-013
2288.8 5.7260251E-013
2290.25 5.7200251E-013
2291.7 5.701275E-013
2293.1501 5.7393754E-013
2294.6001 5.5819005E-013
2296.05 5.7355753E-013
2297.95 5.6491254E-013
2300.05 5.6874004E-013
2302.1499 5.6857503E-013
2304.25 5.6984002E-013
2306.3501 5.6028749E-013
2308.45 5.60565E-013
2310.55 5.6046503E-013
2312.6499 5.5055E-013
2314.75 5.5129252E-013
2316.8501 5.43105E-013
2318.95 5.47685E-013
2321.05 5.4197001E-013
2323.1499 5.4455003E-013
2325.25 5.4669751E-013
2327.3501 5.3896254E-013
2329.45 5.3859499E-013
2331.55 5.35085E-013
2333.6499 5.3817752E-013
2335.75 5.3654254E-013
2337.8501 5.2663749E-013
2339.95 5.3537751E-013
2342.05 5.3006753E-013
2344.1499 5.3191501E-013
2346.25 5.2466755E-013
2348.3501 5.22055E-013
2350.45 5.2311752E-013
2352.55 5.1826252E-013
2354.6499 5.1627002E-013
2356.75 5.1238755E-013
2358.8501 5.1146251E-013
2360.95 5.1225501E-013
2363.05 5.0788253E-013
2365.1499 5.0973998E-013
2367.2751 5.0871503E-013
2369.375 5.0856503E-013
2371.4751 5.005975E-013
2373.5752 5.1300002E-013
2375.675 5.0820253E-013
2377.7751 5.0753E-013
2379.875 5.0307501E-013
2381.9751 4.9949752E-013
2384.0752 5.004475E-013
2386.175 4.9252502E-013
2388.2751 5.02395E-013
2390.375 4.9362001E-013
2392.4751 4.9410248E-013
2394.5752 4.8103503E-013
2396.675 4.9303248E-013
2398.7751 4.9248003E-013
2400.9001 4.849175E-013
2403 4.8206751E-013
2405.1001 4.8120503E-013
2407.2 4.81945E-013
2409.3 4.7145252E-013
2411.4001 4.8010754E-013
2413.5 4.8965503E-013
2415.6001 4.7696249E-013
2417.7 4.8001501E-013
2419.8 4.6622005E-013
2421.9001 4.6945255E-013
2424 4.5840751E-013
2426.125 4.5902003E-013
2428.2251 4.6226006E-013
2430.3252 4.5892001E-013
2432.425 4.6215505E-013
2434.5251 4.6692001E-013
2436.625 4.6399251E-013
2438.7251 4.5938004E-013
2440.8252 4.5378751E-013
2442.925 4.5430004E-013
2445.0251 4.6120003E-013
2447.125 4.495425E-013
2449.25 4.5293752E-013
2451.3501 4.4831001E-013
2453.45 4.5089252E-013
2455.55 4.4418251E-013
2457.6499 4.4964E-013
2459.75 4.443575E-013
2461.8501 4.4732E-013
2463.95 4.4565E-013
2466.05 4.3870249E-013
2468.175 4.3614502E-013
2470.2751 4.481225E-013
2472.375 4.4238249E-013
2474.4751 4.3225249E-013
2476.5752 4.3707751E-013
2478.675 4.3920249E-013
2480.7751 4.3736751E-013
2482.875 4.2391001E-013
2484.9751 4.2305E-013
2487.1001 4.235925E-013
2489.2 4.24515E-013
2491.3 4.2978501E-013
2493.4001 4.2073251E-013
2495.5 4.2004001E-013
2497.6001 4.2423253E-013
2499.7 4.1860501E-013
2501.8 4.2083253E-013
2503.9001 4.2121501E-013
2506.0251 4.1862E-013
2508.125 4.1608999E-013
2510.2251 4.13655E-013
2512.3252 4.1455248E-013
2514.425 4.1156249E-013
2516.5251 4.1824752E-013
2518.625 4.1279751E-013
2520.7251 4.1064003E-013
2522.8252 3.9894252E-013
2524.95 4.0111E-013
2527.05 3.9990252E-013
2529.1499 4.0317001E-013
2531.25 4.0592502E-013
2533.3501 4.0556751E-013
2535.45 3.9930003E-013
2537.55 4.0046501E-013
2539.6499 3.9666003E-013
2541.7751 3.9929751E-013
2543.875 3.9812503E-013
2545.9751 3.9116E-013
2548.0752 3.9591751E-013
2550.175 3.9258251E-013
2552.2751 3.907025E-013
2554.375 3.8852003E-013
2556.4751 3.91815E-013
2558.5752 3.8780752E-013
2560.7 3.8815752E-013
2562.8 3.8595001E-013
2564.9001 3.7881002E-013
2567 3.8337503E-013
2569.1001 3.7782752E-013
2571.2 3.7501501E-013
2573.3 3.7650251E-013
2575.4001 3.7324251E-013
2577.5 3.7808252E-013
2579.625 3.7775252E-013
2581.7251 3.7435251E-013
2583.8252 3.723875E-013
2585.925 3.7434002E-013
2588.0251 3.7242499E-013
2590.125 3.7206252E-013
2592.2251 3.7301252E-013
2594.3252 3.6695001E-013
2596.425 3.6612E-013
2598.5251 3.6935751E-013
2601.375 3.64485E-013
2603.45 3.6640501E-013
2605.4751 3.6385001E-013
2607.55 3.6094001E-013
2609.55 3.5488751E-013
2611.6499 3.5805251E-013
2613.6499 3.5623501E-013
2615.7251 3.5810252E-013
2617.75 3.5535249E-013
2619.8 3.5508001E-013
2621.8501 3.5261751E-013
2623.875 3.5187752E-013
2625.95 3.5278751E-013
2627.95 3.4755253E-013
2630.05 3.4945752E-013
2632.05 3.4808002E-013
2634.125 3.5012E-013
2636.1499 3.52215E-013
2638.2 3.52215E-013
2640.25 3.4346251E-013
2642.2751 3.4728251E-013
2644.3501 3.4091499E-013
2646.3501 3.4257002E-013
2648.45 3.40675E-013
2650.45 3.419025E-013
2652.5251 3.4305252E-013
2654.55 3.3578752E-013
2656.6001 3.4168501E-013
2658.6499 3.3852999E-013
2660.6499 3.3266751E-013
2662.75 3.3633502E-013
2664.75 3.3611503E-013
2666.8252 3.3261252E-013
2668.8501 3.328025E-013
2670.9001 3.2732503E-013
2672.95 3.3016751E-013
2674.9751 3.2742751E-013
2677.05 3.2484502E-013
2679.05 3.245125E-013
2681.1499 3.2695751E-013
2683.1499 3.23175E-013
2685.2251 3.2302752E-013
2687.25 3.2363001E-013
2689.2751 3.21495E-013
2691.3501 3.27625E-013
2693.3501 3.21005E-013
2695.45 3.2358252E-013
2697.45 3.1602252E-013
2699.5251 3.1095501E-013
2701.55 3.0963499E-013
2703.6001 3.1540501E-013
2705.6499 3.1305503E-013
2707.6499 3.168725E-013
2709.75 3.11525E-013
2711.75 3.2138002E-013
2713.8252 3.1500502E-013
2715.8501 3.1395253E-013
2717.9001 3.09515E-013
2719.95 3.1079252E-013
2721.9751 3.05085E-013
2724.05 3.0644749E-013
2726.05 3.106275E-013
2728.125 3.0621252E-013
2730.1499 3.075775E-013
2732.2 3.0601251E-013
2734.25 3.0645251E-013
2736.2751 3.0391252E-013
2738.3503 3.04915E-013
2740.3503 3.0417501E-013
2742.425 2.9767001E-013
2744.45 3.010025E-013
2746.5 3.0106001E-013
2748.55 2.9700249E-013
2750.55 2.9890749E-013
2752.6501 2.9515E-013
2754.6501 2.9848753E-013
2756.7251 2.9672751E-013
2758.75 2.9314002E-013
2760.8003 2.9526753E-013
2762.8503 2.8955251E-013
2764.8503 2.8850999E-013
2766.95 2.9306752E-013
2768.95 2.905275E-013
2771.0249 2.9001749E-013
2773.05 2.8933751E-013
2775.0752 2.9007501E-013
2777.1501 2.8599001E-013
2779.1501 2.8884E-013
2781.25 2.838325E-013
2783.25 2.913325E-013
2785.3003 2.9117003E-013
2787.3503 2.8721499E-013
2789.3752 2.82355E-013
2791.45 2.8629502E-013
2793.45 2.8299501E-013
2795.5249 2.8209E-013
2797.55 2.7737502E-013
2799.6001 2.7616253E-013
2801.6501 2.7410252E-013
2803.6501 2.7524001E-013
2805.75 2.7499501E-013
2807.75 2.743225E-013
2809.8252 2.79105E-013
2811.8503 2.7569001E-013
2813.8752 2.7754502E-013
2815.95 2.7210252E-013
2817.95 2.7360251E-013
2820.05 2.769775E-013
2822.05 2.7219503E-013
2824.1001 2.7400751E-013
2826.1501 2.6864001E-013
2828.175 2.6904003E-013
2830.25 2.6845252E-013
2832.25 2.6955502E-013
2834.3252 2.6971001E-013
2836.3503 2.6647502E-013
2838.3752 2.7007753E-013
2840.45 2.6677003E-013
2842.45 2.6132251E-013
2844.55 2.6516002E-013
2846.55 2.6327001E-013
2848.6001 2.6086002E-013
2850.6501 2.6252752E-013
2852.675 2.621175E-013
2854.75 2.6290252E-013
2856.75 2.6148501E-013
2858.8252 2.60215E-013
2860.8503 2.5812252E-013
2862.8752 2.5513752E-013
2864.95 2.5462E-013
2866.95 2.5514001E-013
2869.05 2.5343502E-013
2871.05 2.5945503E-013
2873.1001 2.6222752E-013
2875.1501 2.598075E-013
2877.1501 2.559025E-013
2879.25 2.525975E-013
2881.25 2.488675E-013
2883.3252 2.4967501E-013
2885.3503 2.4985751E-013
2887.3752 2.4990502E-013
2889.45 2.4950251E-013
2891.45 2.5100749E-013
2893.55 2.5026002E-013
2895.55 2.4702752E-013
2897.6001 2.4611002E-013
2899.6501 2.4757502E-013
2901.6501 2.4323252E-013
2903.75 2.4833502E-013
2905.75 2.4826251E-013
2907.8252 2.4489999E-013
2909.8503 2.4201003E-013
2911.8752 2.4327252E-013
2913.95 2.4114752E-013
2915.95 2.4098502E-013
2918.0249 2.369925E-013
2920.05 2.4064252E-013
2922.1001 2.3907753E-013
2924.1501 2.4029501E-013
2926.1501 2.4037502E-013
2928.25 2.405E-013
2930.25 2.35035E-013
2932.3003 2.3345751E-013
2934.3503 2.3911E-013
2936.3752 2.3676002E-013
2938.45 2.33655E-013
2940.45 2.3102752E-013
2942.5249 2.3743E-013
2944.55 2.3485502E-013
2946.5752 2.3428002E-013
2948.6501 2.2736E-013
2950.6501 2.2838253E-013
2952.75 2.3311501E-013
2954.75 2.3451502E-013
2956.8003 2.29805E-013
2958.8503 2.2853502E-013
2960.8503 2.2799251E-013
2962.95 2.2912252E-013
2964.95 2.271725E-013
2967.0249 2.2463499E-013
2969.05 2.2833E-013
2971.0752 2.2563499E-013
2973.1501 2.264875E-013
2975.1501 2.251775E-013
2977.2251 2.25225E-013
2979.25 2.263825E-013
2981.3003 2.2289751E-013
2983.3503 2.1990251E-013
2985.3503 2.25385E-013
2987.45 2.2187001E-013
2989.45 2.1903501E-013
2991.5 2.2061502E-013
2993.55 2.2250749E-013
2995.5752 2.1707E-013
2997.6501 2.1799E-013
2999.6501 2.1589001E-013
3001.7251 2.2144751E-013
3003.75 2.165675E-013
3005.7751 2.1468751E-013
3007.8503 2.1081001E-013
3009.8503 2.1344749E-013
3011.95 2.1319001E-013
3013.95 2.16165E-013
3016 2.1501751E-013
3018.05 2.1083001E-013
3020.0752 2.131825E-013
3022.1501 2.10795E-013
3024.1501 2.0960501E-013
3026.2251 2.1272501E-013
3028.25 2.0799001E-013
3030.2751 2.0773501E-013
3032.3503 2.1053001E-013
3034.3503 2.08015E-013
3036.45 2.0671251E-013
3038.45 2.0959E-013
3040.5 2.103725E-013
3042.55 2.0872501E-013
3044.55 2.0602751E-013
3046.6501 2.0594751E-013
3048.6501 2.046825E-013
3050.7251 2.0688501E-013
3052.75 2.0565501E-013
3054.7751 2.0293251E-013
3056.8503 2.0371251E-013
3058.8503 2.018525E-013
3060.95 2.0353E-013
3062.95 2.0553E-013
3065 2.0567501E-013
3067.05 2.03485E-013
3069.0752 1.9972E-013
3071.1501 1.9622001E-013
3073.1501 1.93405E-013
3075.2251 1.972025E-013
3077.25 1.928675E-013
3079.3003 1.98775E-013
3081.3503 1.9994E-013
3083.3503 1.9817E-013
3085.45 1.949025E-013
3087.45 1.9580251E-013
3089.5249 1.9482251E-013
3091.55 1.9534E-013
3093.5752 1.9650251E-013
3095.6501 1.9467999E-013
3097.6501 1.9065751E-013
3099.75 1.9341251E-013
3101.75 1.956575E-013
3103.8003 1.900975E-013
3105.8503 1.9084251E-013
3107.8752 1.9322999E-013
3109.95 1.9030251E-013
3111.95 1.9317501E-013
3114.0249 1.9451E-013
3116.05 1.9279E-013
3118.1001 1.903075E-013
3120.1501 1.905325E-013
3122.1501 1.912825E-013
3124.25 1.91115E-013
3126.25 1.8762001E-013
3128.3252 1.8684E-013
3130.3503 1.8551001E-013
3132.3752 1.8639501E-013
3134.45 1.8411249E-013
3136.45 1.875575E-013
3138.55 1.83955E-013
3140.55 1.8120001E-013
3142.6252 1.8244001E-013
3144.6501 1.848725E-013
3146.675 1.82375E-013
3148.75 1.8048001E-013
3150.75 1.8440001E-013
3152.8503 1.8035751E-013
3154.8503 1.8132999E-013
3156.9001 1.78695E-013
3158.95 1.7830751E-013
3160.9749 1.795775E-013
3163.05 1.79825E-013
3165.05 1.8223E-013
3167.1501 1.802475E-013
3169.1501 1.78385E-013
3171.2251 1.7759001E-013
3173.25 1.74845E-013
3175.2751 1.7116751E-013
3177.3503 1.75275E-013
3179.3503 1.7845E-013
3181.45 1.7719001E-013
3183.45 1.7628751E-013
3185.5249 1.7329001E-013
3187.55 1.74825E-013
3189.5752 1.7252E-013
3191.6501 1.828625E-013
3193.6501 1.74295E-013
3195.75 1.703925E-013
3197.75 1.713525E-013
3199.8252 1.7248501E-013
3201.8503 1.718075E-013
3203.9001 1.70775E-013
3205.95 1.71015E-013
3207.9749 1.6897501E-013
3210.05 1.72475E-013
3212.05 1.693425E-013
3214.1252 1.7029751E-013
3216.1501 1.7025E-013
3218.2 1.674525E-013
3220.25 1.6620001E-013
3222.2751 1.6822749E-013
3224.3503 1.6806501E-013
3226.3503 1.6700001E-013
3228.45 1.6622001E-013
3230.45 1.6534251E-013
3232.5249 1.6611002E-013
3234.55 1.678175E-013
3236.6001 1.659025E-013
3238.6501 1.64075E-013
3240.675 1.6269001E-013
3242.75 1.6490501E-013
3244.75 1.637375E-013
3246.8252 1.6187251E-013
3249.3501 1.63795E-013
3252.4001 1.6225502E-013
3255.4001 1.6150751E-013
3258.4001 1.604525E-013
3261.4502 1.6096E-013
3264.4502 1.5886001E-013
3267.4502 1.602175E-013
3270.4502 1.589025E-013
3273.5002 1.6012751E-013
3276.5002 1.5928001E-013
3279.5002 1.5679251E-013
3282.55 1.5694501E-013
3285.55 1.574675E-013
3288.55 1.5352999E-013
3291.55 1.54475E-013
3294.6001 1.5361001E-013
3297.6001 1.53785E-013
3300.6001 1.5324501E-013
3303.625 1.5311249E-013
3306.6501 1.5301501E-013
3309.6501 1.51855E-013
3312.6501 1.4992001E-013
3315.675 1.4800501E-013
3318.7002 1.509175E-013
3321.7002 1.4862501E-013
3324.7002 1.5160001E-013
3327.7253 1.4743751E-013
3330.7502 1.473875E-013
3333.7502 1.4775251E-013
3336.7502 1.467125E-013
3339.7502 1.4735251E-013
3342.8 1.4615501E-013
3345.8 1.470275E-013
3348.8 1.4642E-013
3351.8 1.4427751E-013
3354.8501 1.4503501E-013
3357.8501 1.4448501E-013
3360.8501 1.4262501E-013
3363.8501 1.4323001E-013
3366.8501 1.428775E-013
3369.9001 1.427975E-013
3372.9001 1.42075E-013
3375.9001 1.417175E-013
3378.9001 1.3997751E-013
3381.9253 1.406525E-013
3384.9502 1.4042501E-013
3387.9502 1.39915E-013
3390.9502 1.3928E-013
3393.9502 1.3854E-013
3396.9502 1.4023251E-013
3400.0002 1.3908751E-013
3403.0002 1.3686251E-013
3406.0002 1.36825E-013
3409.0002 1.37E-013
3412.0002 1.353E-013
3415.0251 1.3401251E-013
3418.05 1.3582E-013
3421.05 1.3534501E-013
3424.05 1.3150501E-013
3427.05 1.3479001E-013
3430.05 1.33965E-013
3433.0752 1.3115249E-013
3436.1001 1.313225E-013
3439.1001 1.3077751E-013
3442.1001 1.304975E-013
3445.1001 1.3009251E-013
3448.1001 1.306525E-013
3451.125 1.3050001E-013
3454.1501 1.28945E-013
3457.1501 1.2992E-013
3460.1501 1.2879501E-013
3463.1501 1.288225E-013
3466.1501 1.269575E-013
3469.1501 1.281325E-013
3472.1501 1.268825E-013
3475.2002 1.2612501E-013
3478.2002 1.2769251E-013
3481.2002 1.2611251E-013
3484.2002 1.249875E-013
3487.2002 1.25325E-013
3490.2002 1.2453E-013
3493.2002 1.2661751E-013
3496.2253 1.2400751E-013
3499.2502 1.229825E-013
3502.2502 1.2200751E-013
3505.2502 1.2319251E-013
3508.2502 1.2231E-013
3511.2502 1.2287751E-013
3514.2502 1.2216751E-013
3517.2502 1.2251501E-013
3520.2502 1.2072751E-013
3523.2502 1.2055251E-013
3526.3 1.2108751E-013
3529.3 1.2037E-013
3532.3 1.1924251E-013
3535.3 1.18415E-013
3538.3 1.187625E-013
3541.3 1.1822501E-013
3544.3 1.1868501E-013
3547.3 1.1800001E-013
3550.3 1.178475E-013
3553.3 1.171E-013
3556.325 1.173075E-013
3559.3501 1.16875E-013
3562.3501 1.1627251E-013
3565.3501 1.1521501E-013
3568.3501 1.142725E-013
3571.3501 1.1601751E-013
3574.3501 1.1582002E-013
3577.3501 1.1437752E-013
3580.3501 1.1445501E-013
3583.3501 1.13235E-013
3586.3501 1.13305E-013
3589.3501 1.1233751E-013
3592.3501 1.139025E-013
3595.3501 1.1309751E-013
3598.3501 1.1058501E-013
3601.375 1.11965E-013
3604.4001 1.11495E-013
3607.4001 1.09985E-013
3610.4001 1.1006001E-013
3613.4001 1.1176501E-013
3616.4001 1.0769001E-013
3619.4001 1.1025501E-013
3622.4001 1.0861001E-013
3625.4001 1.095975E-013
3628.4001 1.0886E-013
3631.4001 1.082575E-013
3634.4001 1.079E-013
3637.4001 1.061375E-013
3640.4001 1.085E-013
3643.4001 1.0672251E-013
3646.4001 1.0672501E-013
3649.4001 1.0624E-013
3652.4001 1.05745E-013
3655.4001 1.0560751E-013
3658.4001 1.0596751E-013
3661.4001 1.0474751E-013
3664.4001 1.053725E-013
3667.4001 1.0467E-013
3670.4001 1.04805E-013
3673.4001 1.024425E-013
3676.4001 1.037125E-013
3679.4001 1.048825E-013
3682.4001 1.034075E-013
3685.4001 1.0128E-013
3688.4001 1.015425E-013
3691.4001 1.0265001E-013
3694.4001 1.0128E-013
3697.4001 1.016755E-013
3700.4001 1.0025275E-013
3703.4001 1.00875E-013
3706.4001 9.9679251E-014
3709.4001 1.0122275E-013
3712.4001 9.9948255E-014
3715.4001 1.0053526E-013
3718.4001 9.8339251E-014
3721.4001 9.8743754E-014
3724.4001 9.6458506E-014
3727.4001 9.841175E-014
3730.4001 9.7963751E-014
3733.4001 9.6412746E-014
3736.4001 9.7318502E-014
3739.4001 9.7768249E-014
3742.4001 9.6651752E-014
3745.4001 9.6713754E-014
3748.4001 9.6239999E-014
3751.4001 9.6142502E-014
3754.4001 9.4676505E-014
3757.4001 9.4923757E-014
3760.4001 9.5742499E-014
3763.4001 9.4992001E-014
3766.4001 9.4956751E-014
3769.4001 9.4702254E-014
3772.4001 9.5113004E-014
3775.4001 9.3906999E-014
3778.4001 9.3620004E-014
3781.4001 9.4173753E-014
3784.4001 9.3137751E-014
3787.4001 9.2761749E-014
3790.4001 9.2040755E-014
3793.4001 9.2476001E-014
3796.4001 9.2260753E-014
3799.4001 9.3143246E-014
3802.4001 9.1148003E-014
3805.375 9.1993755E-014
3808.3501 9.1248759E-014
3811.3501 9.0297256E-014
3814.3501 9.0603252E-014
3817.3501 8.9944003E-014
3820.3501 9.0023258E-014
3823.3501 8.9608503E-014
3826.3501 9.0252506E-014
3829.3501 8.9295752E-014
3832.3501 8.8403006E-014
3835.3501 8.8375508E-014
3838.3501 8.8238499E-014
3841.3501 8.9350504E-014
3844.3501 8.7148252E-014
3847.3501 8.875075E-014
3850.3501 8.6433248E-014
3853.3501 8.8292756E-014
3856.3 8.8064999E-014
3859.3 8.8529248E-014
3862.3 8.6161005E-014
3865.3 8.6754748E-014
3868.3 8.55725E-014
3871.3 8.6247754E-014
3874.3 8.5943005E-014
3877.3 8.5090003E-014
3880.3 8.584025E-014
3883.3 8.4072248E-014
3886.3 8.4693754E-014
3889.3 8.3527755E-014
3892.3 8.3383251E-014
3895.2751 8.4118998E-014
3898.2502 8.3840751E-014
3901.2502 8.2806747E-014
3904.2502 8.4921253E-014
3907.2502 8.3398756E-014
3910.2502 8.5101502E-014
3913.2502 8.2956252E-014
3916.2502 8.3815259E-014
3919.2502 8.3203247E-014
3922.2502 8.2427005E-014
3925.2502 8.3292002E-014
3928.2002 8.2534504E-014
3931.2002 8.2250003E-014
3934.2002 8.1672245E-014
3937.2002 8.0939751E-014
3940.2002 7.8942502E-014
3943.2002 7.996075E-014
3946.2002 7.9530756E-014
3949.2002 7.9553504E-014
3952.2002 7.9250503E-014
3955.2002 7.7375504E-014
3958.1501 7.6939004E-014
3961.1501 7.5425248E-014
3964.1501 7.5788754E-014
3967.1501 7.5434254E-014
3970.1501 7.4528999E-014
3973.1501 7.4676749E-014
3976.1501 7.6888257E-014
3979.1501 7.6417253E-014
3982.1501 7.5907752E-014
3985.1001 7.6720253E-014
3988.1001 7.6002254E-014
3991.1001 7.4956751E-014
3994.1001 7.7525754E-014
3997.1001 7.7090501E-014
4000.1001 7.756175E-014
4003.1001 7.9140003E-014
4006.1001 7.7657004E-014
4009.0752 7.8146508E-014
4012.05 7.7952754E-014
4015.05 7.7374752E-014
4018.05 7.7838757E-014
4021.05 7.7083752E-014
4024.05 7.7618494E-014
4027.05 7.7998507E-014
4030.05 7.7313501E-014
4033.0251 7.6715496E-014
4036.0002 7.7511755E-014
4039.0002 7.6429748E-014
4042.0002 7.6706755E-014
4045.0002 7.559025E-014
4048.0002 7.6044002E-014
4051.0002 7.50315E-014
4054.0002 7.5384252E-014
4056.9751 7.4242506E-014
4059.9502 7.4726249E-014
4062.9502 7.2962002E-014
4065.9502 7.3603504E-014
4068.9502 7.2794255E-014
4071.9502 7.1861252E-014
4074.9502 7.2143754E-014
4077.925 7.0639004E-014
4080.9001 6.9502252E-014
4083.9001 6.8438256E-014
4086.9001 6.8014753E-014
4089.9001 6.7039256E-014
4092.9001 6.5904252E-014
4095.9001 6.3913501E-014
4098.875 6.4256502E-014
4101.8501 6.3440003E-014
4104.8501 6.4463002E-014
4107.8501 6.3940505E-014
4110.8501 6.5241256E-014
4113.8501 6.5797499E-014
4116.8501 6.6911503E-014
4119.8252 6.7315003E-014
4122.8003 6.8162252E-014
4125.8003 6.7460001E-014
4128.8003 6.8329253E-014
4131.8003 6.8281752E-014
4134.8003 6.9002753E-014
4137.8003 6.9339757E-014
4140.75 6.9176754E-014
4143.75 6.9341254E-014
4146.75 6.8536756E-014
4149.75 7.0006501E-014
4152.75 6.8685753E-014
4155.75 7.0144248E-014
4158.7251 6.8788501E-014
4161.7002 6.8406754E-014
4164.7002 6.9967252E-014
4167.7002 6.9545254E-014
4170.7002 6.8252749E-014
4173.7002 6.9467002E-014
4176.7002 6.8336504E-014
4179.6499 6.8026253E-014
4182.6499 6.7983752E-014
4185.6499 6.768725E-014
4188.6499 6.8539257E-014
4191.6499 6.8504E-014
4194.6499 6.6832506E-014
4197.6001 6.6762249E-014
4200.6001 6.7699007E-014
4203.6001 6.7035251E-014
4206.6001 6.6925002E-014
4209.6001 6.6730252E-014
4212.6001 6.7379757E-014
4215.5752 6.564525E-014
4218.5503 6.5980506E-014
4221.5503 6.7004006E-014
4224.5503 6.5402755E-014
4227.5503 6.6643502E-014
4230.5503 6.6115753E-014
4233.5254 6.5130254E-014
4236.5 6.5253501E-014
4239.5 6.6064253E-014
4242.5 6.4975755E-014
4245.5 6.4601251E-014
4248.5 6.3939007E-014
4251.4751 6.4657501E-014
4254.4502 6.3674001E-014
4257.4502 6.3964005E-014
4260.4502 6.2056751E-014
4263.4502 6.3913251E-014
4266.4502 6.3857753E-014
4269.4253 6.2442252E-014
4272.3999 6.16975E-014
4275.3999 6.2781255E-014
4278.3999 6.244375E-014
4281.3999 6.2608752E-014
4284.3999 6.1238253E-014
4287.375 6.1918E-014
4290.3501 6.04675E-014
4293.3501 5.9977E-014
4296.3501 6.0451752E-014
4299.3501 5.9552501E-014
4302.3501 5.9413751E-014
4305.3003 5.9731754E-014
4308.3003 5.8248755E-014
4311.3003 5.7787752E-014
4314.3003 5.7731753E-014
4317.3003 5.6147002E-014
4320.3003 5.4856252E-014
4323.25 5.2758501E-014
4326.25 5.2708502E-014
4329.25 5.1831999E-014
4332.25 5.0667251E-014
4335.25 5.0236752E-014
4338.2251 4.9433998E-014
4341.2002 4.8077251E-014
4344.2002 4.8993253E-014
4347.2002 5.0922001E-014
4350.2002 5.1398501E-014
4353.2002 5.1241001E-014
4356.1753 5.2845752E-014
4359.1499 5.2716752E-014
4362.1499 5.4125751E-014
4365.1499 5.366775E-014
4368.1499 5.5239003E-014
4371.1499 5.5280751E-014
4374.1001 5.5345251E-014
4377.1001 5.6018253E-014
4380.1001 5.57345E-014
4383.1001 5.6285001E-014
4386.1001 5.547975E-014
4389.1001 5.4971503E-014
4392.0503 5.665225E-014
4395.0503 5.6539002E-014
4398.0503 5.5359502E-014
4401.0503 5.5722001E-014
4404.0503 5.5802249E-014
4407.0254 5.6140751E-014
4410 5.6882254E-014
4413 5.6422752E-014
4416 5.6239003E-014
4419 5.687175E-014
4422 5.5274998E-014
4424.9751 5.6270252E-014
4427.9502 5.54035E-014
4430.9502 5.5452252E-014
4433.9502 5.5166253E-014
4436.9502 5.53835E-014
4439.9502 5.5892004E-014
4442.8999 5.516625E-014
4445.8999 5.5095251E-014
4448.8999 5.4112002E-014
4451.8999 5.4576E-014
4454.8999 5.444E-014
4457.8999 5.4490504E-014
4460.875 5.3304E-014
4463.8501 5.4952753E-014
4466.8501 5.4807755E-014
4469.8501 5.51195E-014
4472.8501 5.39425E-014
4475.8501 5.2996002E-014
4478.8003 5.179575E-014
4481.8003 5.3255252E-014
4484.8003 5.225225E-014
4487.8003 5.1932749E-014
4490.8003 5.2021501E-014
4493.8003 5.2919749E-014
4496.75 5.2350753E-014
4499.75 5.2814503E-014
4502.75 5.2865501E-014
4505.75 5.2018502E-014
4508.75 5.2273503E-014
4511.7251 5.1526254E-014
4514.7002 5.2501752E-014
4517.7002 5.2086248E-014
4520.7002 5.2807751E-014
4523.7002 5.2044249E-014
4526.7002 5.1274499E-014
4529.7002 5.0387252E-014
4532.6499 5.0163249E-014
4535.6499 5.1206252E-014
4538.6499 4.993925E-014
4541.6499 4.9861001E-014
4544.6499 5.0914253E-014
4547.6499 5.1095748E-014
4550.6001 4.9437752E-014
4553.6001 5.0539003E-014
4556.6001 4.9787252E-014
4559.6001 4.9595751E-014
4562.6001 4.9635999E-014
4565.6001 5.0222999E-014
4568.5503 4.9362502E-014
4571.5503 4.93045E-014
4574.5503 4.875875E-014
4577.5503 4.9350748E-014
4580.5503 4.8631251E-014
4583.5503 4.8504E-014
4586.5 4.9006501E-014
4589.5 4.8602249E-014
4592.5 4.80885E-014
4595.5 4.7870751E-014
4598.5 4.8624753E-014
4601.5 4.8365249E-014
4604.5 4.7049251E-014
4607.4502 4.6672749E-014
4610.4502 4.7796501E-014
4613.4502 4.7510752E-014
4616.4502 4.847225E-014
4619.4502 4.7623252E-014
4622.5 4.716275E-014
4626.6753 4.7408251E-014
4631.0503 4.7250002E-014
4635.4502 4.7540751E-014
4639.8501 4.7028753E-014
4644.25 4.6120002E-014
4648.6504 4.6861501E-014
4653.0503 4.6269249E-014
4657.375 4.607825E-014
4661.75 4.5776252E-014
4666.1504 4.5718752E-014
4670.5503 4.5538751E-014
4674.9502 4.5248249E-014
4679.3501 4.5432252E-014
4683.7251 4.5078751E-014
4688.0503 4.5390754E-014
4692.4502 4.5353502E-014
4696.8501 4.3852251E-014
4701.25 4.4792749E-014
4705.6504 4.3800501E-014
4710 4.4183502E-014
4714.3501 4.3839E-014
4718.75 4.40525E-014
4723.1504 4.3475752E-014
4727.5503 4.3816252E-014
4731.9502 4.3314002E-014
4736.25 4.3155502E-014
4740.6504 4.3504002E-014
4745.0503 4.2953752E-014
4749.4502 4.2508003E-014
4753.8501 4.262675E-014
4758.1753 4.2391001E-014
4762.5503 4.17185E-014
4766.9502 4.2651751E-014
4771.3501 4.2320751E-014
4775.75 4.1900003E-014
4780.0503 4.1134502E-014
4784.4502 4.1101251E-014
4788.8501 4.10695E-014
4793.25 4.097075E-014
4797.6255 4.0170751E-014
4801.9502 4.0461253E-014
4806.3501 4.01165E-014
4810.75 3.9680251E-014
4815.1504 3.9348001E-014
4819.4751 3.9238252E-014
4823.8501 3.7732252E-014
4828.25 3.8178252E-014
4832.6504 3.6485253E-014
4837 3.6890003E-014
4841.3501 3.6175002E-014
4845.75 3.5099253E-014
4850.1504 3.4557752E-014
4854.5254 3.3302754E-014
4858.8501 3.240025E-014
4863.25 3.2630003E-014
4867.6504 3.2455501E-014
4872.0254 3.3234751E-014
4876.3501 3.3770001E-014
4880.75 3.524625E-014
4885.1504 3.5753752E-014
4889.5 3.5867E-014
4893.8501 3.6247999E-014
4898.25 3.6175002E-014
4902.6504 3.6094751E-014
4906.9751 3.613925E-014
4911.3501 3.620825E-014
4915.75 3.660025E-014
4920.1504 3.6649499E-014
4924.4502 3.6473252E-014
4928.8501 3.618975E-014
4933.25 3.6401E-014
4937.6255 3.6608503E-014
4941.9502 3.6830002E-014
4946.3501 3.657E-014
4950.75 3.6353001E-014
4955.0752 3.695125E-014
4959.4502 3.6055502E-014
4963.8501 3.6159752E-014
4968.2002 3.6011501E-014
4972.5503 3.6187751E-014
4976.9502 3.5683252E-014
4981.3501 3.5692752E-014
4985.6504 3.5669753E-014
4990.0503 3.5644E-014
4994.4502 3.5417751E-014
4998.7749 3.5404751E-014
5003.1504 3.5201253E-014
5007.5503 3.5260003E-014
5011.9004 3.4689001E-014
5016.25 3.4792251E-014
5020.6504 3.4877252E-014
5025.0254 3.3811001E-014
5029.3501 3.4431002E-014
5033.75 3.4211E-014
5038.1504 3.4186253E-014
5042.4502 3.4519249E-014
5046.8501 3.3436002E-014
5051.25 3.3978503E-014
5055.5503 3.3895751E-014
5059.9502 3.29095E-014
5064.3501 3.326375E-014
5068.6504 3.3219751E-014
5073.0503 3.3536752E-014
5077.4502 3.2901003E-014
5081.75 3.3272E-014
5086.1504 3.2915002E-014
5090.5503 3.2762001E-014
5094.8501 3.2386752E-014
5099.25 3.3122251E-014
5103.6504 3.2676752E-014
5107.9502 3.2717999E-014
5112.3501 3.180275E-014
5116.7251 3.2223251E-014
5121.0503 3.2215252E-014
5125.4502 3.2508003E-014
5129.7998 3.1790752E-014
5134.1504 3.1305003E-014
5138.5503 3.163275E-014
5142.9004 3.2009253E-014
5147.25 3.1292003E-014
5151.6504 3.1818999E-014
5155.9751 3.0909249E-014
5160.3501 3.106825E-014
5164.75 3.1279504E-014
5169.0503 3.08135E-014
5173.4502 3.077125E-014
5177.8252 3.0885752E-014
5182.1504 3.0739002E-014
5186.5503 3.0337251E-014
5190.875 3.1014999E-014
5195.25 3.0692249E-014
5199.6504 3.0464248E-014
5203.9502 3.0365254E-014
5208.3501 3.0153499E-014
5212.7251 2.984425E-014
5217.0503 3.0249251E-014
5221.4502 2.9871999E-014
5225.7749 2.9891501E-014
5230.1504 2.9694502E-014
5234.5503 2.94485E-014
5238.8501 2.990275E-014
5243.25 2.9524252E-014
5247.6006 2.93945E-014
5251.9502 2.9336502E-014
5256.3501 2.9258002E-014
5260.6504 2.9479E-014
5265.0503 2.8747502E-014
5269.4004 2.8707E-014
5273.75 2.8667501E-014
5278.1504 2.8398751E-014
5282.4502 2.8349249E-014
5286.8501 2.864E-014
5291.2002 2.8332752E-014
5295.5503 2.8321751E-014
5299.9502 2.809425E-014
5304.25 2.7985001E-014
5308.6504 2.7815752E-014
5313 2.7410499E-014
5317.3501 2.7965501E-014
5321.7251 2.7541751E-014
5326.0503 2.7843501E-014
5330.4502 2.7565501E-014
5334.7749 2.743425E-014
5339.1504 2.7753251E-014
5343.5254 2.75585E-014
5347.8501 2.759775E-014
5352.25 2.7000251E-014
5356.5503 2.707625E-014
5360.9502 2.715E-014
5365.2998 2.7224001E-014
5369.6504 2.6909751E-014
5374.0254 2.682675E-014
5378.3501 2.65645E-014
5382.75 2.7000251E-014
5387.0752 2.6308252E-014
5391.4502 2.6412251E-014
5395.7998 2.5951751E-014
5400.1504 2.626425E-014
5404.5254 2.6037501E-014
5408.8501 2.6452E-014
5413.25 2.6265001E-014
5417.5503 2.5908251E-014
5421.9502 2.5803751E-014
5426.2749 2.5986251E-014
5430.6504 2.558E-014
5435.0254 2.5371E-014
5439.3501 2.5594E-014
5443.75 2.5684751E-014
5448.0503 2.5941001E-014
5452.4502 2.5271252E-014
5456.7749 2.5719E-014
5461.1504 2.5267252E-014
5465.5 2.5243752E-014
5469.8501 2.5009502E-014
5474.2256 2.4856251E-014
5478.5503 2.4999751E-014
5482.9253 2.4853E-014
5487.2505 2.483475E-014
5491.6504 2.4926499E-014
5495.9502 2.4908501E-014
5500.3501 2.4681002E-014
5504.6753 2.4521001E-014
5509.0503 2.4350251E-014
5513.3999 2.445975E-014
5517.7505 2.4343751E-014
5522.1255 2.4049751E-014
5526.4502 2.4066E-014
5530.8252 2.4066E-014
5535.1504 2.3711E-014
5539.5503 2.3673251E-014
5543.8501 2.3183502E-014
5548.2505 2.359025E-014
5552.5752 2.3489001E-014
5556.9502 2.3518751E-014
5561.2754 2.4002249E-014
5565.6504 2.3948002E-014
5570 2.3435499E-014
5574.3501 2.3187E-014
5578.7007 2.2616501E-014
5583.0503 2.3291002E-014
5587.4253 2.31835E-014
5591.7505 2.3238251E-014
5596.1255 2.250925E-014
5600.4502 2.2665501E-014
5604.8501 2.2484251E-014
5609.1504 2.2761751E-014
5613.5503 2.3046001E-014
5617.8501 2.2818251E-014
5622.2505 2.2877001E-014
5626.5752 2.2468752E-014
5630.9502 2.22415E-014
5635.2754 2.2265001E-014
5639.6504 2.2384751E-014
5644 2.2439749E-014
5648.3501 2.2119E-014
5652.7007 2.2090499E-014
5657.0503 2.2138749E-014
5661.3999 2.1989251E-014
5665.7505 2.224825E-014
5670.1006 2.1883499E-014
5674.4502 2.16825E-014
5678.8252 2.2009751E-014
5683.1504 2.1406251E-014
5687.5249 2.1721999E-014
5691.8501 2.193075E-014
5696.2256 2.1654001E-014
5700.5503 2.1653501E-014
5704.9253 2.1345E-014
5709.2505 2.1277251E-014
5713.6504 2.1452251E-014
5717.9502 2.109375E-014
5722.3501 2.1047502E-014
5726.6504 2.1142251E-014
5731.0503 2.0727252E-014
5735.3501 2.0732749E-014
5739.7505 2.1251999E-014
5744.0503 2.0930001E-014
5748.4502 2.077425E-014
5752.7505 2.095075E-014
5757.1504 2.0450252E-014
5761.4502 2.04045E-014
5765.8501 2.086725E-014
5770.1753 2.0434251E-014
5774.5503 1.9980501E-014
5778.875 2.0231001E-014
5783.2505 1.99615E-014
5787.5752 2.0411E-014
5791.9502 2.0239751E-014
5796.2754 1.9847251E-014
5800.6504 1.995275E-014
5804.9751 1.931375E-014
5809.3501 1.98745E-014
5813.6753 1.975725E-014
5818.0503 1.959175E-014
5822.375 1.9766E-014
5826.7505 1.9709501E-014
5831.0752 1.921975E-014
5835.4502 1.9864751E-014
5839.7754 1.9331501E-014
5844.1504 1.9412252E-014
5848.4751 1.9390751E-014
5852.8501 1.9452501E-014
5857.1753 1.915575E-014
5861.5503 1.942625E-014
5865.875 1.87895E-014
5870.2505 1.9392252E-014
5874.5752 1.9176751E-014
5878.9502 1.91195E-014
5883.2754 1.9347752E-014
5887.6504 1.8792251E-014
5891.9751 1.8880251E-014
5896.3501 1.902325E-014
5900.6753 1.8910751E-014
5905.0503 1.84485E-014
5909.375 1.8492001E-014
5913.7505 1.8800501E-014
5918.0752 1.8604252E-014
5922.4502 1.85055E-014
5926.7754 1.84805E-014
5931.1504 1.8495E-014
5935.4502 1.8367001E-014
5939.8501 1.8315E-014
5944.1504 1.8546251E-014
5948.5503 1.8099251E-014
5952.8501 1.8576E-014
5957.2505 1.8164251E-014
5961.5503 1.7862751E-014
5965.9502 1.8083752E-014
5970.2505 1.8055751E-014
5974.6504 1.7576E-014
5978.9502 1.7190251E-014
5983.3501 1.7308502E-014
5987.6504 1.76225E-014
5992.0503 1.745175E-014
5996.3501 1.7842751E-014
6000.7505 1.75985E-014
6005.0503 1.752325E-014
6009.4502 1.732075E-014
6013.7505 1.78015E-014
6018.1504 1.7487E-014
6022.4502 1.7485501E-014
6026.8252 1.7382251E-014
6031.1504 1.7255499E-014
6035.5249 1.7321749E-014
6039.8501 1.7156002E-014
6044.2256 1.740175E-014
6048.5503 1.70235E-014
6052.9253 1.742175E-014
6057.2505 1.7119751E-014
6061.6255 1.718E-014
6065.9502 1.6684752E-014
6070.3252 1.6959001E-014
6074.6504 1.681075E-014
6079.0249 1.6845249E-014
6083.3501 1.6817001E-014
6087.7256 1.649225E-014
6092.0503 1.6374001E-014
6096.4253 1.654525E-014
6100.7505 1.6101751E-014
6105.1255 1.632225E-014
6109.4502 1.67775E-014
6113.8252 1.6320751E-014
6118.1504 1.6368751E-014
6122.5249 1.6157501E-014
6126.8501 1.6128251E-014
6131.2007 1.594025E-014
6135.5503 1.6281501E-014
6139.8999 1.623225E-014
6144.2505 1.6029751E-014
6148.6006 1.6131002E-014
6152.9502 1.5688251E-014
6157.3003 1.5612501E-014
6161.6504 1.5747501E-014
6166 1.5911251E-014
6170.3501 1.6287251E-014
6174.7007 1.58035E-014
6179.0503 1.5074251E-014
6183.3999 1.5665251E-014
6187.7505 1.5515001E-014
6192.1006 1.5561002E-014
6196.4502 1.5700252E-014
6200.8003 1.5449E-014
6205.1504 1.5387251E-014
6209.5 1.5145251E-014
6213.8501 1.535325E-014
6218.2007 1.5366252E-014
6222.5503 1.55935E-014
6226.8999 1.5370001E-014
6231.2505 1.5021001E-014
6235.6006 1.532E-014
6239.9502 1.5276751E-014
6244.3003 1.5097502E-014
6248.6504 1.5039001E-014
6253 1.491975E-014
6257.3501 1.4907751E-014
6261.7007 1.524375E-014
6266.0503 1.4770251E-014
6270.4253 1.495075E-014
6274.7505 1.4982251E-014
6279.1255 1.4724501E-014
6283.4502 1.5003251E-014
6287.8252 1.5150751E-014
6292.1504 1.46605E-014
6296.5249 1.4633251E-014
6300.8501 1.4205501E-014
6305.2256 1.459575E-014
6309.5503 1.421775E-014
6313.9253 1.4835001E-014
6318.2505 1.4219501E-014
6322.6255 1.4359751E-014
6326.9502 1.4627E-014
6331.3501 1.4129001E-014
6335.6504 1.416525E-014
6340.0503 1.405675E-014
6344.3501 1.4005E-014
6348.7505 1.4236E-014
6353.0503 1.40725E-014
6357.4502 1.4039E-014
6361.7505 1.3750751E-014
6366.1504 1.3887E-014
6370.4751 1.3586751E-014
6374.8501 1.343425E-014
6379.1753 1.366875E-014
6383.5503 1.34725E-014
6387.875 1.343875E-014
6392.2505 1.3443251E-014
6396.5752 1.365875E-014
6400.9502 1.396E-014
6405.2998 1.38725E-014
6410.6504 1.34315E-014
6416.3999 1.350625E-014
6422.1504 1.3708751E-014
6427.875 1.344175E-014
6433.6255 1.3246751E-014
6439.3501 1.301275E-014
6445.0752 1.330125E-014
6450.8252 1.311925E-014
6456.5503 1.3419751E-014
6462.2754 1.326025E-014
6468.0503 1.2891E-014
6473.7754 1.3275251E-014
6479.5254 1.28285E-014
6485.2505 1.315775E-014
6490.9751 1.2715501E-014
6496.7251 1.2553501E-014
6502.4502 1.2422001E-014
6508.1753 1.265075E-014
6513.9248 1.2453E-014
6519.6504 1.2104251E-014
6525.375 1.1951E-014
6531.1504 1.1982251E-014
6536.875 1.1950751E-014
6542.6255 1.171825E-014
6548.3501 1.169175E-014
6554.0752 1.118E-014
6559.8252 1.102975E-014
6565.5503 1.0675751E-014
6571.2754 1.0734501E-014
6577.0254 1.059425E-014
6582.7505 1.101325E-014
6588.4751 1.19025E-014
6594.2251 1.1553001E-014
6599.9502 1.177175E-014
6605.6753 1.1804E-014
6611.4248 1.182675E-014
6617.1504 1.196E-014
6622.875 1.1749751E-014
6628.6255 1.1874751E-014
6634.3501 1.1591E-014
6640.0752 1.1490501E-014
6645.8252 1.1892E-014
6651.5503 1.193775E-014
6657.2754 1.15815E-014
6663.0254 1.1696E-014
6668.7505 1.16095E-014
6674.4751 1.1651001E-014
6680.2251 1.1766001E-014
6685.9502 1.1479001E-014
6691.6753 1.1550251E-014
6697.4248 1.1491E-014
6703.1504 1.1244E-014
6708.875 1.1616001E-014
6714.6255 1.1521251E-014
6720.3501 1.172175E-014
6726.0752 1.10215E-014
6731.8252 1.0936751E-014
6737.5503 1.137325E-014
6743.2754 1.141875E-014
6749.0254 1.1261751E-014
6754.7505 1.1050001E-014
6760.4751 1.1056E-014
6766.2251 1.0944E-014
6771.9502 1.1311751E-014
6777.6753 1.11335E-014
6783.4248 1.0871E-014
6789.1504 1.0908001E-014
6794.875 1.09235E-014
6800.6255 1.085925E-014
6806.3501 1.0964E-014
6812.0752 1.079525E-014
6817.8003 1.0915251E-014
6823.5254 1.0854E-014
6829.2505 1.0827751E-014
6834.9751 1.06895E-014
6840.7251 1.0677E-014
6846.4502 1.0737001E-014
6852.1753 1.0715001E-014
6857.9248 1.0291E-014
6863.6504 1.0119426E-014
6869.375 1.0276E-014
6875.1255 1.04185E-014
6880.8252 1.0608751E-014
6886.5503 1.0000075E-014
6892.2754 1.027825E-014
6898.0254 1.0281901E-014
6903.7505 1.0271326E-014
6909.4751 1.0114426E-014
6915.2251 1.0042225E-014
6920.9502 1.01432E-014
6926.6753 1.0186276E-014
6932.375 1.0037301E-014
6938.1255 1.01508E-014
6943.8501 1.00649E-014
6949.5752 9.7021E-015
6955.3252 9.6443756E-015
6961.0503 9.7492755E-015
6966.7754 9.6125E-015
6972.4751 9.8749007E-015
6978.2251 9.9164756E-015
6983.9502 9.871975E-015
6989.6753 9.6528501E-015
6995.4248 9.7903007E-015
7001.1255 9.6398999E-015
7006.8501 9.4407751E-015
7012.5752 9.2470502E-015
7018.3252 9.6811504E-015
7024.0503 9.5140003E-015
7029.7754 9.9089751E-015
7035.4751 9.6274747E-015
7041.2251 9.3644752E-015
7046.9502 9.5935002E-015
7052.6753 9.1818753E-015
7058.4248 9.4642261E-015
7064.1255 9.361525E-015
7069.8501 9.4414256E-015
7075.5752 9.3955757E-015
7081.3252 9.4187751E-015
7087.0503 9.4909254E-015
7092.7505 9.4125249E-015
7098.4751 9.2221754E-015
7104.2251 9.2661E-015
7109.9502 9.4077002E-015
7115.6504 9.2445752E-015
7121.375 9.3466257E-015
7127.1255 9.2674256E-015
7132.8501 8.8496503E-015
7138.5503 8.8177256E-015
7144.2754 9.0570006E-015
7150.0254 8.8374751E-015
7155.7505 9.1215005E-015
7161.4502 8.8520999E-015
7167.1753 8.8550756E-015
7172.9248 8.878175E-015
7178.6504 8.6343506E-015
7184.3501 9.0710258E-015
7190.0752 8.9781003E-015
7195.8252 8.5975005E-015
7201.5254 8.7019506E-015
7207.2505 8.7125004E-015
7212.9751 8.4277254E-015
7218.7251 8.4744249E-015
7224.4248 8.6999254E-015
7230.1504 8.7313003E-015
7235.875 8.4457503E-015
7241.6006 8.6251247E-015
7247.3252 8.4405004E-015
7253.0503 8.6735005E-015
7258.7754 8.9041255E-015
7264.4751 8.2860752E-015
7270.2251 8.5213005E-015
7275.9502 8.3801255E-015
7281.6504 8.3434998E-015
7287.375 8.3841252E-015
7293.1006 8.5606257E-015
7298.8252 8.1817259E-015
7304.5503 8.1136253E-015
7310.2754 8.4071755E-015
7315.9751 8.1118507E-015
7321.7251 8.1452255E-015
7327.4248 7.8948502E-015
7333.1504 8.1863007E-015
7338.875 8.22485E-015
7344.6006 8.1799505E-015
7350.3252 7.9045005E-015
7356.0503 8.009325E-015
7361.7505 8.0853505E-015
7367.4751 7.9430752E-015
7373.2002 7.8746248E-015
7378.9248 8.2114254E-015
7384.6504 7.9228497E-015
7390.3501 8.117475E-015
7396.0752 7.6883004E-015
7401.8003 7.7876506E-015
7407.5254 7.7624505E-015
7413.2505 7.7063498E-015
7418.9502 7.9802498E-015
7424.6753 7.71955E-015
7430.3999 7.9090499E-015
7436.1255 7.7797503E-015
7441.8501 7.9276253E-015
7447.5503 7.7047498E-015
7453.2754 7.4237999E-015
7459 7.7964004E-015
7464.7251 7.3388256E-015
7470.4502 7.6047253E-015
7476.1504 7.3693755E-015
7481.875 7.5228003E-015
7487.5752 7.4971504E-015
7493.3252 8.0150001E-015
7499.0254 7.5246502E-015
7504.7505 7.4876002E-015
7510.4751 7.1818501E-015
7516.1753 7.4958503E-015
7521.8999 7.6271751E-015
7527.6255 7.3289001E-015
7533.3501 7.5388999E-015
7539.0503 7.4195504E-015
7544.7754 7.164225E-015
7550.4751 6.9526501E-015
7556.2251 7.328175E-015
7561.9248 7.6114254E-015
7567.6504 7.0958754E-015
7573.3501 6.9800004E-015
7579.0752 6.7241503E-015
7584.7754 7.1113507E-015
7590.5254 7.0951753E-015
7596.2251 6.9804252E-015
7601.9502 7.2535251E-015
7607.6504 7.1160754E-015
7613.375 7.0082248E-015
7619.0752 7.0396252E-015
7624.8003 6.67485E-015
7630.5254 7.0810997E-015
7636.2505 7.0972751E-015
7641.9502 6.8768005E-015
7647.6753 7.0769001E-015
7653.375 6.7416E-015
7659.1006 7.160825E-015
7664.8252 6.8695503E-015
7670.5254 7.1289003E-015
7676.2505 6.8702254E-015
7681.9502 6.8653753E-015
7687.6753 7.0018505E-015
7693.375 7.0592251E-015
7699.1006 6.8501503E-015
7704.8252 6.7058252E-015
7710.5254 6.8771753E-015
7716.2505 6.8153249E-015
7721.9502 6.7104254E-015
7727.6753 6.472875E-015
7733.375 6.5944001E-015
7739.1006 6.8139752E-015
7744.8252 6.7233753E-015
7750.5254 6.2761254E-015
7756.2505 6.5324752E-015
7761.9502 6.5416753E-015
7767.6753 6.7733502E-015
7773.375 6.2832252E-015
7779.0752 6.2823002E-015
7784.8003 6.4767752E-015
7790.5254 6.5537501E-015
7796.2251 6.2346E-015
7801.9502 6.350425E-015
7807.6504 6.144075E-015
7813.375 6.3952749E-015
7819.0752 6.3211248E-015
7824.7754 6.3767503E-015
7830.5 6.2960251E-015
7836.2251 6.6206505E-015
7841.9248 6.2853254E-015
7847.6504 6.2551753E-015
7853.3501 6.0755501E-015
7859.0503 5.9749501E-015
7864.7754 6.0654255E-015
7870.4751 6.2479501E-015
7876.2002 6.2591E-015
7881.8999 6.2193754E-015
7887.6255 5.9725005E-015
7893.3252 6.4138754E-015
7899.0254 6.6073999E-015
7904.7505 6.450875E-015
7910.4502 6.3413003E-015
7916.1753 6.1696499E-015
7921.875 5.9523E-015
7927.5752 6.5641754E-015
7933.3003 6.0859249E-015
7939 5.8205E-015
7944.7251 5.8367003E-015
7950.4248 6.2110999E-015
7956.1255 5.9630501E-015
7961.8501 6.0695251E-015
7967.5503 6.3069751E-015
7973.2505 5.7582752E-015
7978.9751 5.8721504E-015
7984.6753 5.5486498E-015
7990.375 6.1689753E-015
7996.1006 5.9535252E-015
8001.8003 5.816975E-015
8007.5254 6.13145E-015
8013.2251 5.7200249E-015
8018.9248 5.6079252E-015
8024.6255 5.9285001E-015
8030.3501 5.5296005E-015
8036.0503 5.9883751E-015
8041.7505 5.8283753E-015
8047.4751 5.7930502E-015
8053.1753 5.8962501E-015
8058.875 5.6988504E-015
8064.5752 5.3923748E-015
8070.3003 6.0267749E-015
8076 4.8748754E-015
8081.7002 5.3239252E-015
8087.4248 5.8829E-015
8093.1255 5.4660002E-015
8098.8252 5.2797503E-015
8104.5254 5.6016749E-015
8110.2505 6.0079251E-015
8115.9502 5.5790003E-015
8121.6504 5.0022005E-015
8127.3501 5.9752E-015
8133.0503 5.1497998E-015
8138.7754 5.5911751E-015
8144.4751 5.5143001E-015
8150.1753 5.6423499E-015
8155.875 5.5131253E-015
8161.5752 5.0856752E-015
8167.3003 4.7762752E-015
8173 5.1236002E-015
8178.7002 5.1852503E-015
8184.3999 5.3778003E-015
8190.1006 4.8160752E-015
8195.8252 5.3445755E-015
8201.5254 5.1464748E-015
8207.2256 5.3720003E-015
8212.9248 5.383575E-015
8218.625 5.508625E-015
8224.3252 5.3104248E-015
8230.0508 5.0857002E-015
8235.75 5.217E-015
8241.4502 5.343775E-015
8247.1504 5.0379749E-015
8252.8506 4.9819501E-015
8258.5508 5.435925E-015
8264.25 4.9989504E-015
8269.9502 5.0143254E-015
8275.6504 5.7322751E-015
8281.375 4.7922752E-015
8287.0752 5.1513753E-015
8292.7754 5.0517003E-015
8298.4756 4.9407754E-015
8304.1748 4.9700001E-015
8309.875 4.7646251E-015
8315.5752 6.0751003E-015
8321.2754 5.4919499E-015
8326.9756 5.8873004E-015
8332.6748 5.418175E-015
8338.375 5.8390504E-015
8344.0752 5.7132999E-015
8349.7754 6.0575002E-015
8355.4756 5.9712003E-015
8361.1748 5.4225254E-015
8366.9004 4.8614999E-015
8372.6006 5.0650254E-015
8378.3008 5.3467002E-015
8384.001 4.78525E-015
8389.7002 5.1756754E-015
8395.4004 5.9170503E-015
8401.1006 5.1088754E-015
8406.8008 4.8877503E-015
8412.501 4.9628253E-015
8418.2002 4.8329252E-015
8423.9004 4.2876253E-015
8429.6006 5.3871499E-015
8435.2754 5.0842001E-015
8440.9756 4.4684003E-015
8446.6748 4.5509001E-015
8452.375 3.6242753E-015
8458.0752 4.2719751E-015
8463.7754 4.3990499E-015
8469.4756 5.9052499E-015
8475.1748 5.3342251E-015
8480.875 4.5027001E-015
8486.5752 4.2101751E-015
