1667 2.2997E-009
1667 2.2997E-009
1669 2.2421E-009
1670 2.1450E-009
1671 2.1502E-009
1673 2.2183E-009
1674 2.3542E-009
1675 2.3691E-009
1677 2.4941E-009
1678 2.5780E-009
1680 2.5676E-009
1681 2.4938E-009
1682 2.5016E-009
1684 2.5066E-009
1685 2.4558E-009
1686 2.3452E-009
1688 2.3093E-009
1689 2.3377E-009
1691 2.3375E-009
1692 2.3804E-009
1693 2.7549E-009
1695 2.3096E-009
1696 2.3217E-009
1697 2.3023E-009
1699 2.2695E-009
1700 2.2796E-009
1702 2.3057E-009
1703 2.2910E-009
1704 2.3066E-009
1706 2.2898E-009
1707 2.2705E-009
1708 2.2765E-009
1710 2.2614E-009
1711 2.2772E-009
1713 2.2962E-009
1714 2.2702E-009
1715 2.1956E-009
1717 2.0707E-009
1718 1.9593E-009
1719 1.9917E-009
1721 1.9755E-009
1722 1.9347E-009
1723 1.9767E-009
1725 2.0540E-009
1726 2.1288E-009
1728 2.1905E-009
1729 2.1909E-009
1730 2.1736E-009
1732 2.2124E-009
1733 2.2418E-009
1734 2.2682E-009
1736 2.2569E-009
1737 2.2035E-009
1739 2.1212E-009
1740 2.1182E-009
1741 2.1251E-009
1743 2.1872E-009
1744 2.2108E-009
1745 2.1609E-009
1747 2.1011E-009
1748 2.1151E-009
1750 2.1224E-009
1751 2.0639E-009
1752 2.0752E-009
1754 2.1495E-009
1755 2.2346E-009
1756 2.2645E-009
1758 2.2270E-009
1759 2.1612E-009
1760 2.1092E-009
1762 2.1577E-009
1763 2.1449E-009
1765 2.1360E-009
1766 2.1390E-009
1767 2.0884E-009
1769 2.0704E-009
1770 2.0477E-009
1771 2.0796E-009
1773 2.0799E-009
1774 2.0665E-009
1776 2.0355E-009
1777 2.0678E-009
1778 2.0890E-009
1780 2.0980E-009
1781 2.0862E-009
1782 2.0802E-009
1784 2.0708E-009
1785 2.0649E-009
1787 2.0613E-009
1788 2.0194E-009
1789 2.0027E-009
1791 1.9504E-009
1792 1.9511E-009
1793 1.9718E-009
1795 2.0307E-009
1796 2.0637E-009
1798 2.0575E-009
1799 2.0758E-009
1800 2.0784E-009
1802 2.0416E-009
1803 2.0279E-009
1804 2.0119E-009
1806 1.9965E-009
1807 1.9569E-009
1808 1.9492E-009
1810 1.9393E-009
1811 1.9106E-009
1813 1.9409E-009
1814 1.9854E-009
1815 1.9753E-009
1817 1.9986E-009
1818 1.9886E-009
1819 1.9468E-009
1821 1.9598E-009
1822 1.9709E-009
1824 1.9912E-009
1825 1.9971E-009
1826 1.9755E-009
1828 1.9453E-009
1829 1.9486E-009
1830 1.9440E-009
1832 2.0203E-009
1833 2.0363E-009
1835 2.0406E-009
1836 2.0152E-009
1837 1.9417E-009
1839 1.8967E-009
1840 1.8668E-009
1841 1.8139E-009
1843 1.7427E-009
1844 1.7244E-009
1846 1.7559E-009
1847 1.7737E-009
1848 1.7530E-009
1850 1.7254E-009
1851 1.7618E-009
1852 1.7629E-009
1854 1.7235E-009
1855 1.7354E-009
1857 1.8431E-009
1858 1.8528E-009
1859 1.8191E-009
1861 1.8058E-009
1862 1.7838E-009
1863 1.7834E-009
1865 1.8241E-009
1866 1.8303E-009
1867 1.8739E-009
1869 1.8422E-009
1870 1.7841E-009
1872 1.7430E-009
1873 1.7189E-009
1874 1.7548E-009
1876 1.8021E-009
1877 1.8435E-009
1878 1.8644E-009
1880 1.8399E-009
1881 1.7349E-009
1883 1.6846E-009
1884 1.6382E-009
1885 1.6146E-009
1887 1.6053E-009
1888 1.6155E-009
1889 1.6382E-009
1891 1.5443E-009
1892 1.4829E-009
1894 1.5706E-009
1895 1.5629E-009
1896 1.5984E-009
1898 1.6959E-009
1899 1.7090E-009
1900 1.6707E-009
1902 1.6292E-009
1903 1.6489E-009
1905 1.6795E-009
1906 1.6713E-009
1907 1.6305E-009
1909 1.6553E-009
1910 1.6649E-009
1911 1.6815E-009
1913 1.6707E-009
1914 1.5922E-009
1916 1.5841E-009
1917 1.5273E-009
1918 1.5037E-009
1920 1.5584E-009
1921 1.5690E-009
1922 1.5058E-009
1924 1.4613E-009
1925 1.5017E-009
1927 1.4695E-009
1928 1.4630E-009
1929 1.4681E-009
1931 1.5458E-009
1932 1.6619E-009
1933 1.7277E-009
1935 1.7224E-009
1936 1.6091E-009
1937 1.5647E-009
1939 1.5633E-009
1940 1.5926E-009
1942 1.6562E-009
1943 1.6396E-009
1944 1.6111E-009
1946 1.6272E-009
1947 1.6527E-009
1948 1.6373E-009
1950 1.5856E-009
1951 1.5363E-009
1953 1.4396E-009
1954 1.3925E-009
1955 1.4713E-009
1957 1.5119E-009
1958 1.4709E-009
1959 1.4476E-009
1961 1.4601E-009
1962 1.4717E-009
1964 1.4253E-009
1965 1.4350E-009
1966 1.5231E-009
1968 1.5758E-009
1969 1.6304E-009
1970 1.6678E-009
1972 1.6430E-009
1973 1.6423E-009
1975 1.6593E-009
1976 1.6293E-009
1977 1.6100E-009
1979 1.5553E-009
1980 1.5599E-009
1981 1.5580E-009
1983 1.5069E-009
1984 1.4885E-009
1986 1.5226E-009
1987 1.5262E-009
1988 1.5335E-009
1990 1.5125E-009
1991 1.4573E-009
1992 1.3929E-009
1994 1.4111E-009
1995 1.4280E-009
1997 1.4809E-009
1998 1.5259E-009
1999 1.4550E-009
2001 1.4233E-009
2002 1.4354E-009
2003 1.4729E-009
2005 1.4987E-009
2006 1.4953E-009
2007 1.5147E-009
2009 1.4932E-009
2010 1.4590E-009
2012 1.4505E-009
2013 1.4712E-009
2014 1.5040E-009
2016 1.5037E-009
2017 1.5036E-009
2018 1.5178E-009
2020 1.5640E-009
2021 1.5869E-009
2023 1.5678E-009
2024 1.5374E-009
2025 1.4986E-009
2027 1.4672E-009
2028 1.5029E-009
2029 1.5261E-009
2031 1.5370E-009
2032 1.5466E-009
2034 1.5179E-009
2035 1.4429E-009
2036 1.4108E-009
2038 1.3927E-009
2039 1.3849E-009
2040 1.4002E-009
2042 1.4381E-009
2043 1.4649E-009
2045 1.4222E-009
2046 1.4089E-009
2047 1.4437E-009
2049 1.4702E-009
2050 1.4568E-009
2051 1.4461E-009
2053 1.4424E-009
2054 1.4516E-009
2056 1.4167E-009
2057 1.3660E-009
2058 1.3435E-009
2060 1.3595E-009
2061 1.3849E-009
2062 1.3692E-009
2064 1.4081E-009
2065 1.4233E-009
2067 1.3936E-009
2068 1.3489E-009
2069 1.3445E-009
2071 1.3863E-009
2072 1.4168E-009
2073 1.4465E-009
2075 1.4549E-009
2076 1.4587E-009
2078 1.4301E-009
2079 1.3815E-009
2080 1.3767E-009
2082 1.4113E-009
2083 1.4007E-009
2084 1.3572E-009
2086 1.3285E-009
2087 1.3518E-009
2089 1.3320E-009
2090 1.2986E-009
2091 1.2851E-009
2093 1.3079E-009
2094 1.3448E-009
2095 1.3497E-009
2097 1.3122E-009
2098 1.2563E-009
2100 1.2756E-009
2101 1.3201E-009
2102 1.3355E-009
2104 1.3187E-009
2105 1.3096E-009
2106 1.3460E-009
2108 1.3405E-009
2109 1.3556E-009
2110 1.3835E-009
2112 1.3884E-009
2113 1.3656E-009
2115 1.3306E-009
2116 1.3382E-009
2117 1.3449E-009
2119 1.3365E-009
2120 1.3371E-009
2121 1.3400E-009
2123 1.3421E-009
2124 1.3349E-009
2126 1.3422E-009
2127 1.3489E-009
2128 1.3496E-009
2130 1.3550E-009
2131 1.3587E-009
2132 1.3526E-009
2134 1.3399E-009
2135 1.3210E-009
2137 1.3067E-009
2138 1.3035E-009
2139 1.3162E-009
2141 1.3257E-009
2142 1.3124E-009
2143 1.2850E-009
2145 1.2535E-009
2146 1.2586E-009
2148 1.2610E-009
2149 1.2690E-009
2150 1.2856E-009
2152 1.2890E-009
2153 1.2854E-009
2154 1.3026E-009
2156 1.3164E-009
2157 1.3069E-009
2159 1.2828E-009
2160 1.2873E-009
2161 1.2812E-009
2163 1.2565E-009
2164 1.2425E-009
2165 1.2545E-009
2167 1.2553E-009
2168 1.2716E-009
2170 1.2798E-009
2171 1.2731E-009
2172 1.2687E-009
2174 1.2651E-009
2175 1.2427E-009
2176 1.2557E-009
2178 1.2641E-009
2179 1.2675E-009
2181 1.2505E-009
2182 1.2481E-009
2183 1.2493E-009
2185 1.2433E-009
2186 1.2276E-009
2187 1.2317E-009
2189 1.2372E-009
2190 1.2452E-009
2192 1.2447E-009
2193 1.2503E-009
2194 1.2583E-009
2196 1.2547E-009
2197 1.2529E-009
2198 1.2483E-009
2200 1.2393E-009
2201 1.2383E-009
2203 1.2328E-009
2204 1.2319E-009
2205 1.2412E-009
2207 1.2432E-009
2208 1.2362E-009
2209 1.2192E-009
2211 1.2206E-009
2212 1.2170E-009
2214 1.2062E-009
2215 1.1845E-009
2216 1.1847E-009
2218 1.1954E-009
2219 1.2007E-009
2220 1.2049E-009
2222 1.2046E-009
2223 1.2074E-009
2225 1.2109E-009
2226 1.2009E-009
2227 1.1879E-009
2229 1.1817E-009
2230 1.1876E-009
2231 1.1905E-009
2233 1.1804E-009
2234 1.1682E-009
2235 1.1682E-009
2237 1.1652E-009
2238 1.1628E-009
2240 1.1636E-009
2241 1.1715E-009
2242 1.1624E-009
2244 1.1560E-009
2245 1.1528E-009
2246 1.1678E-009
2248 1.1627E-009
2249 1.1540E-009
2251 1.1428E-009
2252 1.1230E-009
2253 1.1098E-009
2255 1.1311E-009
2256 1.1355E-009
2257 1.1343E-009
2259 1.1280E-009
2260 1.1371E-009
2262 1.1356E-009
2263 1.1398E-009
2264 1.1451E-009
2266 1.1437E-009
2267 1.1455E-009
2268 1.1427E-009
2270 1.1338E-009
2271 1.1115E-009
2273 1.1112E-009
2274 1.1130E-009
2275 1.1182E-009
2277 1.1172E-009
2278 1.1178E-009
2279 1.1215E-009
2281 1.1282E-009
2282 1.1257E-009
2284 1.1154E-009
2285 1.1049E-009
2286 1.0969E-009
2288 1.0805E-009
2289 1.0884E-009
2290 1.0893E-009
2292 1.0874E-009
2293 1.0773E-009
2295 1.0508E-009
2296 9.7707E-010
2297 8.5896E-010
2299 9.1191E-010
2300 1.0081E-009
2301 1.0420E-009
2303 1.0652E-009
2304 1.0655E-009
2306 1.0522E-009
2307 1.0387E-009
2308 1.0482E-009
2310 1.0644E-009
2311 1.0683E-009
2312 1.0727E-009
2314 1.0714E-009
2315 1.0588E-009
2317 1.0521E-009
2318 1.0437E-009
2319 1.0396E-009
2321 1.0424E-009
2322 1.0508E-009
2323 1.0437E-009
2325 1.0462E-009
2326 1.0372E-009
2328 1.0414E-009
2329 1.0381E-009
2330 1.0388E-009
2332 1.0300E-009
2333 1.0317E-009
2334 1.0399E-009
2336 1.0390E-009
2337 1.0384E-009
2339 1.0360E-009
2340 1.0312E-009
2341 1.0267E-009
2343 1.0110E-009
2344 9.7324E-010
2345 1.0016E-009
2347 1.0201E-009
2348 1.0232E-009
2350 1.0331E-009
2351 1.0307E-009
2352 1.0275E-009
2354 1.0255E-009
2355 1.0208E-009
2356 1.0222E-009
2358 1.0242E-009
2359 1.0181E-009
2361 1.0133E-009
2362 1.0146E-009
2363 1.0088E-009
2365 1.0068E-009
2366 1.0019E-009
2367 1.0023E-009
2369 1.0012E-009
2370 1.0039E-009
2372 9.9803E-010
2373 9.8373E-010
2374 9.5864E-010
2376 9.6533E-010
2377 9.7358E-010
2378 9.7862E-010
2380 9.7753E-010
2381 9.5640E-010
2382 8.9831E-010
2384 9.1183E-010
2385 9.2578E-010
2387 9.2639E-010
2388 9.3644E-010
2389 9.4413E-010
2391 9.4838E-010
2392 9.6017E-010
2393 9.6472E-010
2395 9.6263E-010
2396 9.6225E-010
2398 9.5803E-010
2399 9.4339E-010
2400 9.4064E-010
2402 9.5326E-010
2403 9.5069E-010
2404 9.4650E-010
2406 9.4585E-010
2407 9.4561E-010
2409 9.4647E-010
2410 9.4614E-010
2411 9.4082E-010
2413 9.3934E-010
2414 9.3436E-010
2415 9.3420E-010
2417 9.3497E-010
2418 9.3666E-010
2420 9.3353E-010
2421 9.3236E-010
2422 9.3244E-010
2424 9.2640E-010
2425 9.2067E-010
2426 9.2766E-010
2428 9.2753E-010
2429 9.3063E-010
2431 9.2576E-010
2432 9.2199E-010
2433 9.1873E-010
2435 9.0858E-010
2436 9.1128E-010
2437 9.1564E-010
2439 9.1403E-010
2440 9.1641E-010
2442 9.1704E-010
2443 9.1379E-010
2444 9.1060E-010
2446 9.0477E-010
2447 8.9598E-010
2448 8.9917E-010
2450 8.9453E-010
2451 9.0341E-010
2453 9.0604E-010
2454 9.0408E-010
2455 8.9593E-010
2457 8.9503E-010
2458 8.9843E-010
2459 8.9522E-010
2461 8.9494E-010
2462 8.8837E-010
2464 8.9445E-010
2465 8.9281E-010
2466 8.8961E-010
2468 8.9118E-010
2469 8.8683E-010
2470 8.8869E-010
2472 8.8567E-010
2473 8.8191E-010
2475 8.8038E-010
2476 8.7966E-010
2477 8.7824E-010
2479 8.7988E-010
2480 8.7259E-010
2481 8.6298E-010
2483 8.6430E-010
2484 8.6760E-010
2486 8.6955E-010
2487 8.7245E-010
2488 8.6572E-010
2490 8.5945E-010
2491 8.6390E-010
2492 8.6230E-010
2494 8.6453E-010
2495 8.5958E-010
2497 8.5615E-010
2498 8.5052E-010
2499 8.5227E-010
2501 8.5382E-010
2502 8.5247E-010
2503 8.5029E-010
2505 8.4653E-010
2506 8.4640E-010
2507 8.4220E-010
2509 8.2811E-010
2510 8.0803E-010
2512 7.9120E-010
2513 7.8356E-010
2514 8.0957E-010
2516 8.1947E-010
2517 8.0968E-010
2518 7.9413E-010
2520 8.1127E-010
2521 8.2399E-010
2523 8.2691E-010
2524 8.2338E-010
2525 8.1991E-010
2527 8.2316E-010
2528 8.1814E-010
2529 8.1638E-010
2531 8.1835E-010
2532 8.2028E-010
2534 8.1988E-010
2535 8.1693E-010
2536 8.1832E-010
2538 8.1039E-010
2539 8.0625E-010
2540 8.0211E-010
2542 7.8482E-010
2543 7.8043E-010
2545 7.9434E-010
2546 8.0068E-010
2547 7.9858E-010
2549 8.0060E-010
2550 8.0135E-010
2551 7.9537E-010
2553 7.9666E-010
2554 7.9569E-010
2556 7.9866E-010
2557 7.9487E-010
2558 7.9014E-010
2560 7.8362E-010
2561 7.8541E-010
2562 7.8302E-010
2564 7.8648E-010
2565 7.7970E-010
2567 7.8191E-010
2568 7.8078E-010
2569 7.8051E-010
2571 7.8044E-010
2572 7.8157E-010
2573 7.8127E-010
2575 7.7488E-010
2576 7.6129E-010
2578 7.5820E-010
2579 7.6944E-010
2580 7.7279E-010
2582 7.7133E-010
2583 7.6633E-010
2584 7.5572E-010
2586 7.3493E-010
2587 7.1856E-010
2589 7.4569E-010
2590 7.5050E-010
2591 7.5356E-010
2593 7.5269E-010
2594 7.4677E-010
2595 7.4523E-010
2597 7.4286E-010
2598 7.3790E-010
2600 7.0133E-010
2601 6.9753E-010
2602 7.3288E-010
2604 7.4372E-010
2605 7.4264E-010
2606 7.3736E-010
2608 7.4127E-010
2609 7.3747E-010
2610 7.3993E-010
2612 7.4325E-010
2613 7.4297E-010
2615 7.4418E-010
2616 7.3947E-010
2617 7.3475E-010
2619 7.3362E-010
2620 7.3424E-010
2621 7.3292E-010
2623 7.3091E-010
2624 7.2757E-010
2626 7.2871E-010
2627 7.2756E-010
2628 7.2740E-010
2630 7.2463E-010
2631 7.2615E-010
2632 7.2721E-010
2634 7.1917E-010
2635 7.1635E-010
2637 7.1880E-010
2638 7.1848E-010
2639 7.2088E-010
2641 7.1794E-010
2642 7.1261E-010
2643 7.1449E-010
2645 7.1204E-010
2646 7.0768E-010
2648 7.0943E-010
2649 7.1033E-010
2650 7.0770E-010
2652 7.0526E-010
2653 6.9837E-010
2654 6.9628E-010
2656 6.9819E-010
2657 6.9909E-010
2659 6.9746E-010
2660 6.9275E-010
2661 6.8837E-010
2663 6.8957E-010
2664 6.8815E-010
2665 6.8740E-010
2667 6.8470E-010
2668 6.8749E-010
2670 6.8835E-010
2671 6.8765E-010
2672 6.8450E-010
2674 6.8095E-010
2675 6.7915E-010
2676 6.7322E-010
2678 6.6648E-010
2679 6.6615E-010
2681 6.7244E-010
2682 6.7550E-010
2683 6.7899E-010
2685 6.7883E-010
2686 6.7560E-010
2687 6.6995E-010
2689 6.7402E-010
2690 6.7292E-010
2691 6.7267E-010
2693 6.6837E-010
2694 6.6013E-010
2696 6.4549E-010
2697 6.3599E-010
2698 6.3966E-010
2700 6.5049E-010
2701 6.5124E-010
2702 6.4996E-010
2704 6.5252E-010
2705 6.5319E-010
2707 6.5049E-010
2708 6.5091E-010
2709 6.4978E-010
2711 6.5309E-010
2712 6.5249E-010
2713 6.5368E-010
2715 6.5403E-010
2716 6.5297E-010
2718 6.5142E-010
2719 6.5028E-010
2720 6.4700E-010
2722 6.4165E-010
2723 6.3397E-010
2724 6.2742E-010
2726 6.2816E-010
2727 6.3221E-010
2729 6.3973E-010
2730 6.4234E-010
2731 6.3484E-010
2733 6.2840E-010
2734 6.1957E-010
2735 6.2241E-010
2737 6.3220E-010
2738 6.3457E-010
2740 6.3421E-010
2741 6.3532E-010
2742 6.3465E-010
2744 6.3395E-010
2745 6.3178E-010
2746 6.2931E-010
2748 6.2211E-010
2749 6.2160E-010
2751 6.2402E-010
2752 6.2703E-010
2753 6.2394E-010
2755 6.2440E-010
2756 6.2247E-010
2757 6.1601E-010
2759 6.1527E-010
2760 6.1796E-010
2761 6.1696E-010
2763 6.1020E-010
2764 6.0111E-010
2766 6.0260E-010
2767 6.0984E-010
2768 6.1431E-010
2770 6.1652E-010
2771 6.1763E-010
2772 6.1617E-010
2774 6.1433E-010
2775 6.1286E-010
2777 6.1237E-010
2778 6.0909E-010
2779 6.0685E-010
2781 6.0702E-010
2782 6.0787E-010
2783 6.0699E-010
2785 6.0341E-010
2786 6.0304E-010
2788 6.0031E-010
2789 5.9928E-010
2790 5.9173E-010
2792 5.7927E-010
2793 5.7689E-010
2794 5.6271E-010
2796 5.1923E-010
2797 5.0629E-010
2799 5.4088E-010
2800 5.6040E-010
2801 5.6594E-010
2803 5.3633E-010
2804 5.1378E-010
2805 5.5892E-010
2807 5.7756E-010
2808 5.8144E-010
2809 5.8429E-010
2811 5.8519E-010
2812 5.8344E-010
2814 5.8304E-010
2815 5.8227E-010
2816 5.8141E-010
2818 5.8261E-010
2819 5.8201E-010
2820 5.8133E-010
2822 5.8004E-010
2823 5.8099E-010
2825 5.7942E-010
2826 5.7456E-010
2827 5.6862E-010
2829 5.6572E-010
2830 5.5522E-010
2831 5.6131E-010
2833 5.6851E-010
2834 5.7014E-010
2836 5.6512E-010
2837 5.5698E-010
2838 5.5220E-010
2840 5.6089E-010
2841 5.6355E-010
2842 5.6288E-010
2844 5.6467E-010
2845 5.6287E-010
2847 5.6420E-010
2848 5.6370E-010
2849 5.5941E-010
2851 5.5170E-010
2852 5.3713E-010
2853 5.2405E-010
2855 5.4538E-010
2856 5.4723E-010
2857 5.4615E-010
2859 5.5162E-010
2860 5.5430E-010
2862 5.5194E-010
2863 5.4719E-010
2864 5.4201E-010
2866 5.4473E-010
2867 5.4968E-010
2868 5.4784E-010
2870 5.4780E-010
2871 5.4689E-010
2873 5.4452E-010
2874 5.4480E-010
2875 5.4390E-010
2877 5.4427E-010
2878 5.4372E-010
2879 5.4248E-010
2881 5.4018E-010
2882 5.3544E-010
2884 5.3558E-010
2885 5.3652E-010
2886 5.3671E-010
2888 5.3588E-010
2889 5.3473E-010
2890 5.3551E-010
2892 5.3647E-010
2893 5.3267E-010
2895 5.3355E-010
2896 5.2871E-010
2897 5.2883E-010
2899 5.3047E-010
2900 5.2935E-010
2901 5.2720E-010
2903 5.2836E-010
2904 5.2371E-010
2905 5.1878E-010
2907 5.1971E-010
2908 5.1720E-010
2910 5.1912E-010
2911 5.1662E-010
2912 5.1700E-010
2914 5.2179E-010
2915 5.2223E-010
2916 5.2023E-010
2918 5.2152E-010
2919 5.2099E-010
2921 5.1994E-010
2922 5.1958E-010
2923 5.1802E-010
2925 5.1293E-010
2926 5.0865E-010
2927 5.0828E-010
2929 5.0781E-010
2930 5.1019E-010
2932 5.1134E-010
2933 5.1022E-010
2934 5.0901E-010
2936 5.0578E-010
2937 5.0140E-010
2938 5.0279E-010
2940 5.0633E-010
2941 5.0713E-010
2942 5.0592E-010
2944 5.0001E-010
2945 4.8861E-010
2947 4.8244E-010
2948 4.9394E-010
2949 4.9443E-010
2951 4.9559E-010
2952 4.9739E-010
2953 4.9582E-010
2955 4.9663E-010
2956 4.9388E-010
2958 4.9431E-010
2959 4.9660E-010
2960 4.9613E-010
2962 4.9551E-010
2963 4.9318E-010
2964 4.9039E-010
2966 4.8956E-010
2967 4.8945E-010
2969 4.8905E-010
2970 4.9191E-010
2971 4.9187E-010
2973 4.9088E-010
2974 4.9044E-010
2975 4.8836E-010
2977 4.8754E-010
2978 4.8708E-010
2979 4.8654E-010
2981 4.8470E-010
2982 4.8088E-010
2984 4.7695E-010
2985 4.7516E-010
2986 4.7823E-010
2988 4.7679E-010
2989 4.7439E-010
2990 4.7491E-010
2992 4.7768E-010
2993 4.7787E-010
2995 4.7859E-010
2996 4.7719E-010
2997 4.7569E-010
2999 4.7674E-010
3000 4.7598E-010
3001 4.7055E-010
3003 4.6575E-010
3004 4.6791E-010
3006 4.6794E-010
3007 4.5919E-010
3008 4.5300E-010
3010 4.5921E-010
3011 4.6570E-010
3012 4.6434E-010
3014 4.5990E-010
3015 4.6254E-010
3016 4.6414E-010
3018 4.6501E-010
3019 4.6602E-010
3021 4.6598E-010
3022 4.6352E-010
3023 4.6290E-010
3025 4.5769E-010
3026 4.5718E-010
3027 4.5604E-010
3029 4.5452E-010
3030 4.5421E-010
3032 4.5594E-010
3033 4.5327E-010
3034 4.5260E-010
3036 4.5001E-010
3037 4.4843E-010
3038 4.5026E-010
3040 4.5085E-010
3041 4.5330E-010
3042 4.5325E-010
3044 4.5111E-010
3045 4.4937E-010
3047 4.4636E-010
3048 4.4158E-010
3049 4.4703E-010
3051 4.5092E-010
3052 4.5106E-010
3053 4.4829E-010
3055 4.4928E-010
3056 4.4651E-010
3058 4.4816E-010
3059 4.4712E-010
3060 4.4562E-010
3062 4.4759E-010
3063 4.4553E-010
3064 4.4687E-010
3067 4.4184E-010
3069 4.3984E-010
3072 4.3814E-010
3075 4.3743E-010
3078 4.3774E-010
3080 4.3402E-010
3083 4.2867E-010
3086 4.2440E-010
3089 4.2421E-010
3091 4.2194E-010
3094 4.1644E-010
3097 4.1579E-010
3100 4.1986E-010
3102 4.2295E-010
3105 4.2170E-010
3108 4.2241E-010
3111 4.1977E-010
3113 4.1421E-010
3116 4.1485E-010
3119 4.1207E-010
3122 4.1317E-010
3124 4.1062E-010
3127 4.1201E-010
3130 4.1009E-010
3133 4.0546E-010
3135 4.0214E-010
3138 4.0370E-010
3141 4.0443E-010
3144 4.0637E-010
3146 4.0218E-010
3149 3.9977E-010
3152 4.0233E-010
3155 4.0241E-010
3157 3.9883E-010
3160 3.9810E-010
3163 3.9569E-010
3166 3.8857E-010
3168 3.9192E-010
3171 3.9232E-010
3174 3.9237E-010
3177 3.9127E-010
3179 3.8921E-010
3182 3.8918E-010
3185 3.8358E-010
3187 3.7795E-010
3190 3.8118E-010
3193 3.8354E-010
3196 3.8107E-010
3198 3.7956E-010
3201 3.7477E-010
3204 3.7349E-010
3207 3.7582E-010
3209 3.7561E-010
3212 3.7291E-010
3215 3.7182E-010
3218 3.7005E-010
3220 3.7120E-010
3223 3.7140E-010
3226 3.7022E-010
3229 3.6664E-010
3231 3.6341E-010
3234 3.6461E-010
3237 3.6592E-010
3240 3.6507E-010
3242 3.6227E-010
3245 3.6322E-010
3248 3.6356E-010
3251 3.6163E-010
3253 3.6133E-010
3256 3.5975E-010
3259 3.5888E-010
3262 3.5801E-010
3264 3.5550E-010
3267 3.5492E-010
3270 3.5336E-010
3273 3.5313E-010
3275 3.5102E-010
3278 3.5277E-010
3281 3.5121E-010
3284 3.4893E-010
3286 3.4696E-010
3289 3.4439E-010
3292 3.4621E-010
3295 3.4437E-010
3297 3.4218E-010
3300 3.4049E-010
3303 3.4065E-010
3306 3.3974E-010
3308 3.3966E-010
3311 3.3757E-010
3314 3.3811E-010
3317 3.3863E-010
3319 3.3700E-010
3322 3.3310E-010
3325 3.2929E-010
3328 3.2891E-010
3330 3.3009E-010
3333 3.2734E-010
3336 3.2554E-010
3339 3.2647E-010
3341 3.2406E-010
3344 3.2297E-010
3347 3.2368E-010
3350 3.2537E-010
3352 3.2405E-010
3355 3.1722E-010
3358 3.1788E-010
3361 3.1918E-010
3363 3.2036E-010
3366 3.2080E-010
3369 3.1984E-010
3372 3.1941E-010
3374 3.1859E-010
3377 3.1549E-010
3380 3.1585E-010
3383 3.1653E-010
3385 3.1710E-010
3388 3.1114E-010
3391 3.0966E-010
3394 3.1091E-010
3396 3.1306E-010
3399 3.1323E-010
3402 3.1129E-010
3405 3.0940E-010
3407 3.0708E-010
3410 3.0760E-010
3413 3.0705E-010
3416 3.0633E-010
3418 3.0316E-010
3421 3.0430E-010
3424 3.0466E-010
3427 3.0417E-010
3429 3.0250E-010
3432 3.0225E-010
3435 3.0130E-010
3438 2.9969E-010
3440 2.9946E-010
3443 2.9711E-010
3446 2.9519E-010
3448 2.9351E-010
3451 2.9432E-010
3454 2.9383E-010
3457 2.9393E-010
3459 2.9323E-010
3462 2.9302E-010
3465 2.9339E-010
3468 2.9111E-010
3470 2.8767E-010
3473 2.8779E-010
3476 2.8869E-010
3479 2.8654E-010
3481 2.8411E-010
3484 2.8372E-010
3487 2.8231E-010
3490 2.8281E-010
3492 2.8380E-010
3495 2.8175E-010
3498 2.7914E-010
3501 2.7828E-010
3503 2.7860E-010
3506 2.7754E-010
3509 2.7693E-010
3512 2.7422E-010
3514 2.7586E-010
3517 2.7779E-010
3520 2.7811E-010
3523 2.7812E-010
3525 2.7703E-010
3528 2.7184E-010
3531 2.7049E-010
3534 2.7116E-010
3536 2.7339E-010
3539 2.7286E-010
3542 2.7202E-010
3545 2.7179E-010
3547 2.7098E-010
3550 2.6944E-010
3553 2.6540E-010
3556 2.6306E-010
3558 2.6466E-010
3561 2.6578E-010
3564 2.6641E-010
3567 2.6489E-010
3569 2.6318E-010
3572 2.6386E-010
3575 2.6239E-010
3578 2.6324E-010
3580 2.6270E-010
3583 2.6024E-010
3586 2.5384E-010
3589 2.5112E-010
3591 2.5591E-010
3594 2.5703E-010
3597 2.5866E-010
3600 2.5785E-010
3602 2.5677E-010
3605 2.5756E-010
3608 2.5685E-010
3611 2.5387E-010
3613 2.5106E-010
3616 2.5258E-010
3619 2.5433E-010
3622 2.5311E-010
3624 2.5318E-010
3627 2.5181E-010
3630 2.4858E-010
3633 2.4194E-010
3635 2.3753E-010
3638 2.4343E-010
3641 2.4854E-010
3644 2.4717E-010
3646 2.4693E-010
3649 2.4648E-010
3652 2.4625E-010
3655 2.4563E-010
3657 2.4517E-010
3660 2.4454E-010
3663 2.4288E-010
3666 2.4183E-010
3668 2.4366E-010
3671 2.4329E-010
3674 2.4332E-010
3677 2.4265E-010
3679 2.4131E-010
3682 2.4056E-010
3685 2.3952E-010
3688 2.3791E-010
3690 2.3801E-010
3693 2.3670E-010
3696 2.3441E-010
3699 2.3326E-010
3701 2.3178E-010
3704 2.2410E-010
3707 2.2168E-010
3710 2.2741E-010
3712 2.2603E-010
3715 2.2841E-010
3718 2.3313E-010
3721 2.3024E-010
3723 2.2637E-010
3726 2.3037E-010
3729 2.3301E-010
3732 2.2971E-010
3734 2.2107E-010
3737 2.2546E-010
3740 2.3594E-010
3743 2.4260E-010
3745 2.3697E-010
3748 2.2134E-010
3751 2.1078E-010
3754 2.2086E-010
3756 2.3682E-010
3759 2.4434E-010
3762 2.4423E-010
3765 2.3685E-010
3767 2.2320E-010
3770 2.0616E-010
3773 2.0646E-010
3776 2.2572E-010
3778 2.4202E-010
3781 2.5097E-010
3784 2.5392E-010
3787 2.5256E-010
3789 2.4769E-010
3792 2.3435E-010
3795 2.1502E-010
3798 1.9681E-010
3800 1.9920E-010
3803 2.2014E-010
3806 2.3528E-010
3809 2.4284E-010
3811 2.5012E-010
3814 2.5099E-010
3817 2.4192E-010
3820 2.2387E-010
3822 2.2821E-010
3825 2.3942E-010
3828 2.3603E-010
3831 2.2021E-010
3833 1.9859E-010
3836 1.8294E-010
3839 1.9646E-010
3842 2.2057E-010
3844 2.3455E-010
3847 2.4265E-010
3850 2.4656E-010
3853 2.4688E-010
3855 2.4786E-010
3858 2.4775E-010
3861 2.4730E-010
3864 2.4479E-010
3866 2.4066E-010
3869 2.3781E-010
3872 2.3807E-010
3875 2.3539E-010
3877 2.3262E-010
3880 2.2880E-010
3883 2.1804E-010
3886 2.0043E-010
3888 1.7917E-010
3891 1.7566E-010
3894 1.9836E-010
3897 2.1831E-010
3899 2.2907E-010
3902 2.3387E-010
3905 2.3607E-010
3908 2.3744E-010
3910 2.3651E-010
3913 2.3467E-010
3916 2.3496E-010
3919 2.3251E-010
3921 2.2941E-010
3924 2.2878E-010
3927 2.2573E-010
3930 2.2715E-010
3932 2.2969E-010
3935 2.2874E-010
3938 2.3226E-010
3941 2.3222E-010
3943 2.3120E-010
3946 2.2870E-010
3949 2.2798E-010
3952 2.2716E-010
3954 2.2332E-010
3957 2.2037E-010
3960 2.1755E-010
3963 2.0861E-010
3965 1.9159E-010
3968 1.7324E-010
3971 1.5770E-010
3974 1.7094E-010
3976 1.9402E-010
3979 2.0754E-010
3982 2.1363E-010
3985 2.1556E-010
3987 2.1884E-010
3990 2.2063E-010
3993 2.2088E-010
3996 2.1894E-010
3998 2.1970E-010
4001 2.2043E-010
4004 2.1855E-010
4007 2.1438E-010
4009 2.0854E-010
4012 2.0993E-010
4015 2.1492E-010
4018 2.1535E-010
4020 2.1276E-010
4023 2.0570E-010
4026 1.9005E-010
4029 1.9055E-010
4031 2.0523E-010
4034 2.1083E-010
4037 2.1142E-010
4040 2.1211E-010
4042 2.1045E-010
4045 2.0939E-010
4048 2.1045E-010
4051 2.1023E-010
4053 2.0974E-010
4056 2.0802E-010
4059 2.0706E-010
4062 2.0510E-010
4064 2.0459E-010
4067 2.0196E-010
4070 1.9487E-010
4073 1.9304E-010
4075 1.9583E-010
4078 1.9764E-010
4081 1.9897E-010
4084 1.9840E-010
4086 1.9445E-010
4089 1.8795E-010
4092 1.8684E-010
4095 1.8275E-010
4097 1.7001E-010
4100 1.5281E-010
4103 1.4120E-010
4106 1.5464E-010
4108 1.7319E-010
4111 1.8320E-010
4114 1.8768E-010
4117 1.8719E-010
4119 1.8516E-010
4122 1.8273E-010
4125 1.9163E-010
4128 1.9536E-010
4130 1.9441E-010
4133 1.9345E-010
4136 1.9348E-010
4139 1.9283E-010
4141 1.8812E-010
4144 1.8069E-010
4147 1.8321E-010
4150 1.8951E-010
4152 1.8982E-010
4155 1.8724E-010
4158 1.8928E-010
4161 1.9026E-010
4163 1.9013E-010
4166 1.8866E-010
4169 1.8791E-010
4172 1.8805E-010
4174 1.8843E-010
4177 1.8872E-010
4180 1.8831E-010
4183 1.8791E-010
4185 1.8458E-010
4188 1.8347E-010
4191 1.8313E-010
4194 1.8456E-010
4196 1.8433E-010
4199 1.8405E-010
4202 1.8403E-010
4205 1.8415E-010
4207 1.8439E-010
4210 1.8400E-010
4213 1.8244E-010
4215 1.8274E-010
4218 1.8258E-010
4221 1.8140E-010
4224 1.8211E-010
4226 1.8230E-010
4229 1.8068E-010
4232 1.8047E-010
4235 1.8048E-010
4237 1.7949E-010
4240 1.7840E-010
4243 1.7814E-010
4246 1.7769E-010
4248 1.7792E-010
4251 1.7610E-010
4254 1.7295E-010
4257 1.7331E-010
4259 1.7555E-010
4262 1.7573E-010
4265 1.7449E-010
4268 1.7229E-010
4270 1.7314E-010
4273 1.7275E-010
4276 1.6902E-010
4279 1.6775E-010
4281 1.6960E-010
4284 1.6777E-010
4287 1.6709E-010
4290 1.6788E-010
4292 1.6746E-010
4295 1.6742E-010
4298 1.6800E-010
4301 1.6833E-010
4303 1.6698E-010
4306 1.6536E-010
4309 1.6554E-010
4312 1.6544E-010
4314 1.6386E-010
4317 1.6123E-010
4320 1.5929E-010
4323 1.6056E-010
4325 1.5921E-010
4328 1.5636E-010
4331 1.5389E-010
4334 1.4805E-010
4336 1.3871E-010
4339 1.2506E-010
4342 1.1574E-010
4345 1.2672E-010
4347 1.3783E-010
4350 1.4443E-010
4353 1.4953E-010
4356 1.5505E-010
4358 1.5762E-010
4361 1.5846E-010
4364 1.5752E-010
4367 1.5610E-010
4369 1.5472E-010
4372 1.5588E-010
4375 1.5643E-010
4378 1.5697E-010
4380 1.5551E-010
4383 1.5563E-010
4386 1.5139E-010
4389 1.4474E-010
4391 1.4809E-010
4394 1.5371E-010
4397 1.5467E-010
4400 1.5563E-010
4402 1.5661E-010
4405 1.5558E-010
4408 1.5581E-010
4411 1.5384E-010
4413 1.5215E-010
4416 1.4874E-010
4419 1.5009E-010
4422 1.5276E-010
4424 1.5321E-010
4427 1.5347E-010
4430 1.5196E-010
4433 1.5193E-010
4435 1.5131E-010
4438 1.5042E-010
4441 1.5028E-010
4444 1.5041E-010
4446 1.5010E-010
4449 1.4771E-010
4452 1.4950E-010
4455 1.4914E-010
4457 1.4928E-010
4460 1.4943E-010
4463 1.4763E-010
4466 1.4531E-010
4468 1.3882E-010
4471 1.2992E-010
4474 1.2906E-010
4477 1.3931E-010
4479 1.4341E-010
4482 1.4274E-010
4485 1.4473E-010
4488 1.4536E-010
4490 1.4461E-010
4493 1.4442E-010
4496 1.4501E-010
4499 1.4507E-010
4501 1.4487E-010
4504 1.4505E-010
4507 1.4397E-010
4510 1.4381E-010
4512 1.4312E-010
4515 1.4248E-010
4518 1.4209E-010
4521 1.4269E-010
4523 1.4212E-010
4526 1.4199E-010
4529 1.4065E-010
4532 1.4032E-010
4534 1.4097E-010
4537 1.4074E-010
4540 1.3948E-010
4543 1.3855E-010
4545 1.3889E-010
4548 1.3782E-010
4551 1.3752E-010
4554 1.3446E-010
4556 1.3593E-010
4559 1.3749E-010
4562 1.3770E-010
4565 1.3764E-010
4567 1.3634E-010
4570 1.3373E-010
4573 1.3541E-010
4576 1.3499E-010
4578 1.3536E-010
4581 1.3599E-010
4584 1.3607E-010
4587 1.3546E-010
4589 1.3427E-010
4592 1.3187E-010
4595 1.3214E-010
4598 1.3137E-010
4600 1.3260E-010
4603 1.3268E-010
4606 1.3213E-010
4609 1.3148E-010
4611 1.3070E-010
4614 1.3150E-010
4617 1.3143E-010
4620 1.3058E-010
4622 1.3076E-010
4625 1.3133E-010
4628 1.3047E-010
4631 1.2970E-010
4633 1.2884E-010
4636 1.2905E-010
4639 1.2691E-010
4642 1.2447E-010
4644 1.2363E-010
4647 1.2297E-010
4650 1.1788E-010
4653 1.1676E-010
4655 1.2323E-010
4658 1.2619E-010
4661 1.2564E-010
4664 1.2481E-010
4666 1.2589E-010
4669 1.2612E-010
4672 1.2598E-010
4675 1.2458E-010
4677 1.2325E-010
4680 1.2459E-010
4683 1.2416E-010
4685 1.2184E-010
4688 1.2073E-010
4691 1.2328E-010
4694 1.2400E-010
4696 1.2324E-010
4699 1.2202E-010
4702 1.2079E-010
4705 1.2106E-010
4707 1.2043E-010
4710 1.2054E-010
4713 1.1833E-010
4716 1.1834E-010
4718 1.2032E-010
4721 1.2195E-010
4724 1.2201E-010
4727 1.2154E-010
4729 1.2168E-010
4732 1.2146E-010
4735 1.2127E-010
4738 1.2080E-010
4740 1.2036E-010
4743 1.2002E-010
4746 1.2037E-010
4749 1.1987E-010
4751 1.1949E-010
4754 1.1899E-010
4757 1.1908E-010
4760 1.1859E-010
4762 1.1851E-010
4765 1.1802E-010
4768 1.1778E-010
4771 1.1770E-010
4773 1.1707E-010
4776 1.1741E-010
4779 1.1664E-010
4782 1.1644E-010
4784 1.1604E-010
4787 1.1538E-010
4790 1.1494E-010
4793 1.1469E-010
4795 1.1451E-010
4798 1.1473E-010
4801 1.1401E-010
4804 1.1344E-010
4806 1.1347E-010
4809 1.1346E-010
4812 1.1330E-010
4815 1.1246E-010
4817 1.1217E-010
4820 1.1191E-010
4823 1.1177E-010
4826 1.1208E-010
4828 1.1163E-010
4831 1.1048E-010
4834 1.1111E-010
4837 1.1073E-010
4839 1.1072E-010
4842 1.1041E-010
4845 1.0865E-010
4848 1.0756E-010
4850 1.0602E-010
4853 1.0322E-010
4856 9.7990E-011
4859 8.9552E-011
4861 8.0971E-011
4864 8.1343E-011
4867 9.0328E-011
4870 9.8039E-011
4872 1.0159E-010
4875 1.0419E-010
4878 1.0549E-010
4881 1.0627E-010
4883 1.0639E-010
4886 1.0618E-010
4889 1.0643E-010
4892 1.0623E-010
4894 1.0649E-010
4897 1.0642E-010
4900 1.0608E-010
4902 1.0626E-010
4905 1.0544E-010
4908 1.0470E-010
4911 1.0483E-010
4913 1.0491E-010
4916 1.0411E-010
4919 1.0122E-010
4922 9.6753E-011
4924 9.5967E-011
4927 1.0038E-010
4930 1.0308E-010
4933 1.0393E-010
4935 1.0377E-010
4938 1.0337E-010
4941 1.0262E-010
4944 1.0161E-010
4946 1.0252E-010
4949 1.0253E-010
4952 1.0198E-010
4955 1.0223E-010
4957 1.0251E-010
4960 1.0212E-010
4963 1.0209E-010
4966 1.0220E-010
4968 1.0149E-010
4971 1.0145E-010
4974 1.0138E-010
4977 1.0134E-010
4979 1.0116E-010
4982 1.0114E-010
4985 1.0110E-010
4988 1.0039E-010
4990 1.0026E-010
4993 9.9999E-011
4996 9.9918E-011
4999 9.9217E-011
5001 9.8410E-011
5004 9.7726E-011
5007 9.7720E-011
5010 9.7828E-011
5012 9.6879E-011
5015 9.5609E-011
5018 9.4481E-011
5021 9.6905E-011
5023 9.7587E-011
5026 9.7245E-011
5029 9.7532E-011
5032 9.7312E-011
5034 9.7009E-011
5037 9.7101E-011
5040 9.6414E-011
5043 9.6113E-011
5045 9.5471E-011
5048 9.4278E-011
5051 9.4168E-011
5053 9.5056E-011
5056 9.5216E-011
5059 9.5149E-011
5062 9.4951E-011
5064 9.5037E-011
5067 9.4959E-011
5070 9.4723E-011
5073 9.4546E-011
5075 9.4229E-011
5078 9.4100E-011
5081 9.3847E-011
5084 9.3496E-011
5086 9.3664E-011
5089 9.3092E-011
5092 9.3145E-011
5095 9.2598E-011
5097 9.2417E-011
5100 9.2405E-011
5103 9.2102E-011
5106 9.2207E-011
5108 9.1788E-011
5111 9.1729E-011
5114 9.1433E-011
5117 9.0973E-011
5119 9.1113E-011
5122 9.0753E-011
5125 9.0706E-011
5128 9.0354E-011
5130 9.0071E-011
5133 8.9513E-011
5136 8.9637E-011
5139 8.9528E-011
5141 8.9289E-011
5144 8.9009E-011
5147 8.8559E-011
5150 8.8732E-011
5152 8.8557E-011
5155 8.8597E-011
5158 8.8084E-011
5161 8.7473E-011
5163 8.7509E-011
5166 8.7815E-011
5169 8.7676E-011
5172 8.7687E-011
5174 8.7336E-011
5177 8.6974E-011
5180 8.6836E-011
5182 8.7013E-011
5185 8.6880E-011
5188 8.6373E-011
5191 8.6244E-011
5193 8.5978E-011
5196 8.5910E-011
5199 8.6146E-011
5202 8.6254E-011
5204 8.5586E-011
5207 8.5315E-011
5210 8.5352E-011
5213 8.5299E-011
5215 8.5059E-011
5218 8.4807E-011
5221 8.4456E-011
5224 8.4583E-011
5226 8.4542E-011
5229 8.4486E-011
5232 8.3961E-011
5235 8.3961E-011
5237 8.3855E-011
5240 8.3902E-011
5243 8.3617E-011
5246 8.3200E-011
5248 8.3337E-011
5251 8.3182E-011
5254 8.2933E-011
5257 8.2793E-011
5259 8.2642E-011
5262 8.2436E-011
5265 8.2292E-011
5268 8.2254E-011
5270 8.1885E-011
5273 8.1970E-011
5276 8.1491E-011
5278 8.1359E-011
5281 8.1214E-011
5284 8.1312E-011
5287 8.1302E-011
5289 8.0963E-011
5292 8.0873E-011
5295 8.0745E-011
5298 8.0996E-011
5300 8.0486E-011
5303 7.9966E-011
5306 7.9756E-011
5309 7.9769E-011
5311 7.9773E-011
5314 7.9308E-011
5317 7.9640E-011
5320 7.9353E-011
5322 7.9049E-011
5325 7.8866E-011
5328 7.8649E-011
5331 7.8747E-011
5333 7.8851E-011
5336 7.8344E-011
5339 7.8281E-011
5342 7.8051E-011
5344 7.8039E-011
5347 7.8031E-011
5350 7.7801E-011
5353 7.7846E-011
5355 7.7400E-011
5358 7.7231E-011
5361 7.7384E-011
5363 7.7286E-011
5366 7.6962E-011
5369 7.6693E-011
5372 7.6313E-011
5374 7.6460E-011
5377 7.6309E-011
5380 7.5952E-011
5383 7.5913E-011
5385 7.5572E-011
5388 7.5562E-011
5391 7.5705E-011
5394 7.5345E-011
5396 7.5102E-011
5399 7.4969E-011
5402 7.4754E-011
5405 7.4606E-011
5407 7.4359E-011
5410 7.3877E-011
5413 7.3323E-011
5416 7.3805E-011
5418 7.4086E-011
5421 7.4007E-011
5424 7.4106E-011
5427 7.3834E-011
5429 7.3637E-011
5432 7.3588E-011
5435 7.3513E-011
5438 7.3406E-011
5440 7.3029E-011
5443 7.3102E-011
5446 7.2836E-011
5448 7.2720E-011
5451 7.2476E-011
5456 7.2401E-011
5461 7.2648E-011
5466 7.1925E-011
5471 7.1385E-011
5476 7.1721E-011
5480 7.1372E-011
5485 7.0966E-011
5490 7.0770E-011
5495 7.0863E-011
5500 7.0439E-011
5505 7.0359E-011
5510 6.9883E-011
5515 6.9945E-011
5519 6.9738E-011
5524 6.9845E-011
5529 6.9334E-011
5534 6.8520E-011
5539 6.8265E-011
5544 6.8248E-011
5549 6.8381E-011
5554 6.7844E-011
5558 6.7698E-011
5563 6.7439E-011
5568 6.7343E-011
5573 6.6997E-011
5578 6.6761E-011
5583 6.6337E-011
5588 6.6036E-011
5593 6.6077E-011
5597 6.5753E-011
5602 6.5708E-011
5607 6.5535E-011
5612 6.5311E-011
5617 6.4943E-011
5622 6.5160E-011
5627 6.4645E-011
5631 6.4300E-011
5636 6.3756E-011
5641 6.3877E-011
5646 6.3675E-011
5651 6.3449E-011
5656 6.3557E-011
5661 6.3130E-011
5666 6.3107E-011
5670 6.2551E-011
5675 6.2584E-011
5680 6.2087E-011
5685 6.2174E-011
5690 6.2172E-011
5695 6.1372E-011
5700 6.1141E-011
5705 6.1430E-011
5709 6.1123E-011
5714 6.1245E-011
5719 6.0957E-011
5724 6.0530E-011
5729 6.0583E-011
5734 6.0061E-011
5739 5.9823E-011
5744 5.9671E-011
5748 5.9816E-011
5753 5.9815E-011
5758 5.9558E-011
5763 5.9269E-011
5768 5.9005E-011
5773 5.9001E-011
5778 5.9222E-011
5783 5.8506E-011
5787 5.8175E-011
5792 5.8208E-011
5797 5.8046E-011
5802 5.8104E-011
5807 5.7441E-011
5812 5.7372E-011
5817 5.7221E-011
5822 5.6995E-011
5826 5.6987E-011
5831 5.6669E-011
5836 5.6784E-011
5841 5.6233E-011
5846 5.6105E-011
5851 5.6026E-011
5856 5.6042E-011
5861 5.5364E-011
5865 5.4949E-011
5870 5.4359E-011
5875 5.2778E-011
5880 5.2851E-011
5885 5.3989E-011
5890 5.3946E-011
5895 5.4075E-011
5900 5.4114E-011
5904 5.4119E-011
5909 5.4119E-011
5914 5.4009E-011
5919 5.3849E-011
5924 5.3490E-011
5929 5.3262E-011
5934 5.3210E-011
5939 5.3255E-011
5943 5.2419E-011
5948 5.2734E-011
5953 5.2677E-011
5958 5.2548E-011
5963 5.2476E-011
5968 5.2355E-011
5973 5.1975E-011
5978 5.1863E-011
5982 5.1646E-011
5987 5.1611E-011
5992 5.1234E-011
5997 5.1287E-011
6002 5.1153E-011
6007 5.0983E-011
6012 5.0859E-011
6017 5.0674E-011
6021 5.0491E-011
6026 5.0546E-011
6031 5.0283E-011
6036 4.9876E-011
6041 5.0326E-011
6046 4.9985E-011
6051 4.9665E-011
6056 4.9394E-011
6060 4.9156E-011
6065 4.9167E-011
6070 4.9010E-011
6075 4.8922E-011
6080 4.8908E-011
6085 4.8586E-011
6090 4.8180E-011
6095 4.8057E-011
6099 4.8129E-011
6104 4.7974E-011
6109 4.7926E-011
6114 4.7656E-011
6119 4.7474E-011
6124 4.7291E-011
6129 4.7320E-011
6134 4.7366E-011
6138 4.7273E-011
6143 4.6924E-011
6148 4.6781E-011
6153 4.6630E-011
6158 4.6514E-011
6163 4.6509E-011
6168 4.6323E-011
6173 4.6281E-011
6178 4.6171E-011
6182 4.5808E-011
6187 4.5856E-011
6192 4.5635E-011
6197 4.5671E-011
6202 4.5466E-011
6207 4.5210E-011
6212 4.5275E-011
6217 4.4860E-011
6221 4.4811E-011
6226 4.4779E-011
6231 4.4701E-011
6236 4.4758E-011
6241 4.4239E-011
6246 4.4106E-011
6251 4.4054E-011
6256 4.4202E-011
6260 4.3849E-011
6265 4.3630E-011
6270 4.3724E-011
6275 4.3556E-011
6280 4.3199E-011
6285 4.3301E-011
6290 4.3350E-011
6295 4.3240E-011
6299 4.3213E-011
6304 4.2573E-011
6309 4.2418E-011
6314 4.2208E-011
6319 4.1971E-011
6324 4.1649E-011
6329 4.1299E-011
6334 4.1150E-011
6339 4.1457E-011
6343 4.1571E-011
6348 4.1684E-011
6353 4.1633E-011
6358 4.1538E-011
6363 4.1447E-011
6368 4.0944E-011
6373 4.0902E-011
6378 4.0764E-011
6382 4.0916E-011
6387 4.0891E-011
6392 4.0705E-011
6397 4.0853E-011
6402 4.0417E-011
6407 3.9919E-011
6412 3.9879E-011
6417 3.9941E-011
6421 4.0092E-011
6426 3.9764E-011
6431 3.9615E-011
6436 3.9559E-011
6441 3.9285E-011
6446 3.9055E-011
6451 3.8957E-011
6456 3.8902E-011
6460 3.8825E-011
6465 3.8808E-011
6470 3.8749E-011
6475 3.8479E-011
6480 3.8273E-011
6485 3.8241E-011
6490 3.8182E-011
6495 3.8092E-011
6500 3.8081E-011
6504 3.7782E-011
6509 3.7826E-011
6514 3.7760E-011
6519 3.7490E-011
6524 3.7371E-011
6529 3.7356E-011
6534 3.7306E-011
6539 3.6923E-011
6543 3.6478E-011
6548 3.5778E-011
6553 3.4443E-011
6558 3.2822E-011
6563 3.1089E-011
6568 3.1340E-011
6573 3.3551E-011
6578 3.4787E-011
6582 3.5441E-011
6587 3.6005E-011
6592 3.5736E-011
6597 3.6029E-011
6602 3.5850E-011
6607 3.5828E-011
6612 3.5733E-011
6617 3.5824E-011
6622 3.5568E-011
6626 3.5612E-011
6631 3.5329E-011
6636 3.5220E-011
6641 3.5018E-011
6646 3.4904E-011
6651 3.4996E-011
6656 3.4858E-011
6661 3.4816E-011
6665 3.4709E-011
6670 3.4282E-011
6675 3.3571E-011
6680 3.2606E-011
6685 3.3703E-011
6690 3.4135E-011
6695 3.4244E-011
6700 3.4128E-011
6705 3.4151E-011
6709 3.3977E-011
6714 3.4015E-011
6719 3.3859E-011
6724 3.3376E-011
6729 3.3569E-011
6734 3.3501E-011
6739 3.3312E-011
6744 3.3445E-011
6748 3.3329E-011
6753 3.3284E-011
6758 3.3253E-011
6763 3.3119E-011
6768 3.3074E-011
6773 3.2896E-011
6778 3.2843E-011
6783 3.2682E-011
6788 3.2562E-011
6792 3.2624E-011
6797 3.2453E-011
6802 3.2394E-011
6807 3.2339E-011
6812 3.2238E-011
6817 3.2002E-011
6822 3.1981E-011
6827 3.1966E-011
6831 3.1940E-011
6836 3.1709E-011
6841 3.1808E-011
6846 3.1618E-011
6851 3.1380E-011
6856 3.1396E-011
6861 3.1352E-011
6866 3.1341E-011
6870 3.1330E-011
6875 3.1178E-011
6880 3.0972E-011
6885 3.0952E-011
6890 3.0780E-011
6895 3.0860E-011
6900 3.0710E-011
6905 3.0654E-011
6910 3.0610E-011
6914 3.0449E-011
6919 3.0411E-011
6924 3.0356E-011
6929 3.0434E-011
6934 3.0169E-011
6939 3.0109E-011
6944 3.0005E-011
6949 2.9717E-011
6953 2.9941E-011
6958 2.9872E-011
6963 2.9849E-011
6968 2.9743E-011
6973 2.9653E-011
6978 2.9544E-011
6983 2.9464E-011
6988 2.9320E-011
6993 2.9285E-011
6997 2.9109E-011
7002 2.9076E-011
7007 2.9018E-011
7012 2.8994E-011
7017 2.8925E-011
7022 2.8778E-011
7027 2.8777E-011
7032 2.8746E-011
7037 2.8571E-011
7041 2.8537E-011
7046 2.8307E-011
7051 2.8371E-011
7056 2.8208E-011
7061 2.7868E-011
7066 2.7163E-011
7071 2.7372E-011
7076 2.7864E-011
7080 2.7770E-011
7085 2.7712E-011
7090 2.7821E-011
7095 2.7773E-011
7100 2.7614E-011
7105 2.7561E-011
7110 2.7478E-011
7115 2.7447E-011
7120 2.7380E-011
7124 2.7408E-011
7129 2.7238E-011
7134 2.7257E-011
7139 2.7030E-011
7144 2.7125E-011
7149 2.7002E-011
7154 2.6932E-011
7159 2.6851E-011
7163 2.6833E-011
7168 2.6597E-011
7173 2.6478E-011
7178 2.6585E-011
7183 2.6494E-011
7188 2.6395E-011
7193 2.6425E-011
7198 2.6231E-011
7203 2.6321E-011
7207 2.6166E-011
7212 2.6117E-011
7217 2.6049E-011
7222 2.5981E-011
7227 2.5877E-011
7232 2.5809E-011
7237 2.5784E-011
7242 2.5630E-011
7246 2.5505E-011
7251 2.5487E-011
7256 2.5537E-011
7261 2.5489E-011
7266 2.5286E-011
7271 2.5240E-011
7276 2.5075E-011
7281 2.4703E-011
7286 2.4696E-011
7290 2.4778E-011
7295 2.4853E-011
7300 2.4860E-011
7305 2.4855E-011
7310 2.4797E-011
7315 2.4805E-011
7320 2.4654E-011
7325 2.4616E-011
7330 2.4621E-011
7334 2.4629E-011
7339 2.4496E-011
7344 2.4345E-011
7349 2.4378E-011
7354 2.4238E-011
7359 2.4362E-011
7364 2.4240E-011
7369 2.4116E-011
7373 2.4091E-011
7378 2.3968E-011
7383 2.4005E-011
7388 2.3851E-011
7393 2.3857E-011
7398 2.3751E-011
7403 2.3780E-011
7408 2.3571E-011
7413 2.3661E-011
7417 2.3523E-011
7422 2.3426E-011
7427 2.3384E-011
7432 2.3304E-011
7437 2.3226E-011
7442 2.3197E-011
7447 2.3178E-011
7452 2.3188E-011
7456 2.2937E-011
7461 2.3129E-011
7466 2.2950E-011
7471 2.2927E-011
7476 2.2866E-011
7481 2.2755E-011
7486 2.2689E-011
7491 2.2609E-011
7496 2.2621E-011
7500 2.2456E-011
7505 2.2419E-011
7510 2.2485E-011
7515 2.2519E-011
7520 2.2376E-011
7525 2.2260E-011
7530 2.2241E-011
7535 2.2105E-011
7540 2.2164E-011
7544 2.2194E-011
7549 2.2109E-011
7554 2.2014E-011
7559 2.1961E-011
7564 2.1861E-011
7569 2.1798E-011
7574 2.1732E-011
7579 2.1621E-011
7583 2.1626E-011
7588 2.1681E-011
7593 2.1599E-011
7598 2.1604E-011
7603 2.1448E-011
7608 2.1322E-011
7613 2.1209E-011
7618 2.1349E-011
7623 2.1254E-011
7627 2.1188E-011
7632 2.1143E-011
7637 2.1077E-011
7642 2.1022E-011
7647 2.0973E-011
7652 2.1001E-011
7657 2.1003E-011
7662 2.0870E-011
7667 2.0761E-011
7671 2.0735E-011
7676 2.0737E-011
7681 2.0575E-011
7686 2.0598E-011
7691 2.0571E-011
7696 2.0714E-011
7701 2.0524E-011
7706 2.0583E-011
7710 2.0400E-011
7715 2.0363E-011
7720 2.0306E-011
7725 2.0226E-011
7730 2.0265E-011
7735 2.0212E-011
7740 2.0107E-011
7745 2.0123E-011
7750 2.0161E-011
7754 2.0136E-011
7759 2.0158E-011
7764 1.9990E-011
7769 1.9920E-011
7774 1.9750E-011
7779 1.9707E-011
7784 1.9575E-011
7789 1.9608E-011
7794 1.9593E-011
7798 1.9705E-011
7803 1.9631E-011
7808 1.9557E-011
7813 1.9478E-011
7818 1.9440E-011
7823 1.9349E-011
7828 1.9400E-011
7833 1.9285E-011
7837 1.9179E-011
7842 1.9060E-011
7847 1.9075E-011
7852 1.9053E-011
7857 1.8994E-011
7862 1.9143E-011
7867 1.9083E-011
7872 1.8914E-011
7877 1.8847E-011
7881 1.8715E-011
7886 1.8664E-011
7891 1.8564E-011
7896 1.8672E-011
7901 1.8632E-011
7906 1.8725E-011
7911 1.8596E-011
7916 1.8529E-011
7921 1.8564E-011
7925 1.8579E-011
7930 1.8470E-011
7935 1.8531E-011
7940 1.8453E-011
7945 1.8325E-011
7950 1.8368E-011
7955 1.8286E-011
7960 1.8164E-011
7964 1.8018E-011
7969 1.7927E-011
7974 1.7966E-011
7979 1.7996E-011
7984 1.8084E-011
7989 1.8016E-011
7994 1.7923E-011
7999 1.7931E-011
8004 1.7874E-011
8008 1.7773E-011
8013 1.7697E-011
8018 1.7771E-011
8023 1.7587E-011
8028 1.7617E-011
8033 1.7554E-011
8038 1.7408E-011
8043 1.7447E-011
8047 1.7398E-011
8052 1.7334E-011
8057 1.7320E-011
8062 1.7395E-011
8067 1.7278E-011
8072 1.7112E-011
8077 1.7085E-011
8082 1.7133E-011
8087 1.7049E-011
8091 1.7087E-011
8096 1.6909E-011
8101 1.6975E-011
8106 1.7016E-011
8111 1.6932E-011
8116 1.6984E-011
8121 1.6974E-011
8126 1.6822E-011
8131 1.6798E-011
8135 1.6685E-011
8140 1.6609E-011
8145 1.6567E-011
8150 1.6533E-011
8155 1.6621E-011
8160 1.6645E-011
8165 1.6545E-011
8170 1.6520E-011
8174 1.6521E-011
8179 1.6467E-011
8184 1.6385E-011
8189 1.6289E-011
8194 1.6220E-011
8199 1.6287E-011
8204 1.6280E-011
8209 1.6168E-011
8214 1.6099E-011
8218 1.6123E-011
8223 1.6103E-011
8228 1.6023E-011
8233 1.5960E-011
8238 1.5861E-011
8243 1.5911E-011
8248 1.5872E-011
8253 1.5880E-011
8258 1.5746E-011
8262 1.5744E-011
8267 1.5619E-011
8272 1.5577E-011
8277 1.5575E-011
8282 1.5642E-011
8287 1.5585E-011
8292 1.5480E-011
8297 1.5511E-011
8301 1.5539E-011
8306 1.5546E-011
8311 1.5462E-011
8316 1.5374E-011
8321 1.5332E-011
8326 1.5303E-011
8331 1.5226E-011
8336 1.5259E-011
8341 1.5172E-011
8345 1.5118E-011
8350 1.5065E-011
8355 1.5053E-011
8360 1.4961E-011
8365 1.4880E-011
8370 1.4928E-011
8375 1.4942E-011
8380 1.4977E-011
8385 1.5016E-011
8389 1.4917E-011
8394 1.4952E-011
8399 1.4919E-011
8404 1.4792E-011
8409 1.4757E-011
8414 1.4706E-011
8419 1.4679E-011
8424 1.4687E-011
8428 1.4685E-011
8433 1.4637E-011
8438 1.4433E-011
8443 1.4375E-011
8448 1.4472E-011
8453 1.4393E-011
8458 1.4350E-011
8463 1.4395E-011
8468 1.4520E-011
8472 1.4444E-011
8477 1.4423E-011
8482 1.4339E-011
8487 1.4370E-011
8492 1.4300E-011
8497 1.4273E-011
8502 1.4159E-011
8507 1.4133E-011
8511 1.4164E-011
8516 1.4169E-011
8521 1.4099E-011
8526 1.4150E-011
8531 1.4098E-011
8536 1.3914E-011
8541 1.3885E-011
8546 1.3763E-011
8551 1.3871E-011
8555 1.3881E-011
8560 1.3852E-011
8565 1.3918E-011
8570 1.3886E-011
8575 1.3884E-011
8580 1.3833E-011
8585 1.3703E-011
8590 1.3579E-011
8594 1.3525E-011
8599 1.3439E-011
8604 1.3413E-011
8609 1.3523E-011
8614 1.3645E-011
8619 1.3665E-011
8624 1.3531E-011
8629 1.3578E-011
8634 1.3545E-011
8638 1.3443E-011
8643 1.3375E-011
8648 1.3338E-011
8653 1.3116E-011
8658 1.2994E-011
8663 1.2872E-011
8668 1.2927E-011
8673 1.3016E-011
8678 1.3051E-011
8682 1.3228E-011
8687 1.3362E-011
8692 1.3372E-011
8697 1.3332E-011
8702 1.3319E-011
8707 1.3396E-011
8712 1.3340E-011
8717 1.3343E-011
8721 1.3257E-011
8726 1.3124E-011
8731 1.3020E-011
8736 1.2840E-011
8741 1.2555E-011
8746 1.2337E-011
8751 1.2192E-011
8756 1.2300E-011
8761 1.2506E-011
8765 1.2588E-011
8770 1.2676E-011
8775 1.2687E-011
8780 1.2797E-011
8785 1.2861E-011
8790 1.2881E-011
8795 1.2923E-011
8800 1.2920E-011
8804 1.3037E-011
8809 1.2974E-011
8814 1.2859E-011
8819 1.2822E-011
8824 1.2723E-011
8829 1.2695E-011
8834 1.2590E-011
8839 1.2505E-011
8844 1.2448E-011
8848 1.2112E-011
8853 1.1810E-011
8858 1.1516E-011
8863 1.1403E-011
8868 1.1532E-011
8873 1.1751E-011
8878 1.1967E-011
8883 1.2160E-011
8887 1.2228E-011
8892 1.2266E-011
8897 1.2253E-011
8902 1.2245E-011
8907 1.2372E-011
8912 1.2395E-011
8917 1.2422E-011
8922 1.2510E-011
8927 1.2424E-011
8931 1.2327E-011
8936 1.2224E-011
8941 1.2113E-011
8946 1.2234E-011
8951 1.2173E-011
8956 1.2271E-011
8961 1.2254E-011
8966 1.2149E-011
8970 1.2040E-011
8975 1.2068E-011
8980 1.2007E-011
8985 1.1930E-011
8990 1.1827E-011
8995 1.1465E-011
9000 1.1326E-011
9005 1.0971E-011
9009 1.0727E-011
9014 1.0580E-011
9019 1.0604E-011
9024 1.0914E-011
9029 1.1080E-011
9034 1.1431E-011
9039 1.1534E-011
9044 1.1548E-011
9049 1.1608E-011
9053 1.1523E-011
9058 1.1544E-011
9063 1.1578E-011
9068 1.1500E-011
9073 1.1677E-011
9078 1.1665E-011
9083 1.1583E-011
9088 1.1548E-011
9092 1.1490E-011
9097 1.1432E-011
9102 1.1511E-011
9107 1.1427E-011
9112 1.1476E-011
9117 1.1459E-011
9122 1.1404E-011
9127 1.1363E-011
9132 1.1404E-011
9136 1.1331E-011
9141 1.1325E-011
9146 1.1396E-011
9151 1.1328E-011
9156 1.1471E-011
9161 1.1389E-011
9166 1.1312E-011
9171 1.1150E-011
9175 1.1035E-011
9180 1.0888E-011
9185 1.1036E-011
9190 1.1050E-011
9195 1.1002E-011
9200 1.0903E-011
9205 1.0663E-011
9210 1.0503E-011
9214 1.0263E-011
9219 1.0088E-011
9224 9.9247E-012
9229 9.6544E-012
9234 9.6712E-012
9239 9.9192E-012
9244 1.0017E-011
9249 1.0276E-011
9254 1.0407E-011
9258 1.0547E-011
9263 1.0575E-011
9268 1.0519E-011
9273 1.0628E-011
9278 1.0646E-011
9283 1.0631E-011
9288 1.0731E-011
9293 1.0698E-011
9297 1.0628E-011
9302 1.0653E-011
9307 1.0635E-011
9312 1.0453E-011
9317 1.0403E-011
9322 1.0453E-011
9327 1.0507E-011
9332 1.0502E-011
9336 1.0490E-011
9341 1.0452E-011
9346 1.0456E-011
9351 1.0436E-011
9356 1.0477E-011
9361 1.0378E-011
9366 1.0337E-011
9371 1.0319E-011
9376 1.0320E-011
9380 1.0234E-011
9385 1.0180E-011
9390 1.0235E-011
9395 1.0253E-011
9400 1.0271E-011
9405 1.0235E-011
9410 1.0233E-011
9415 1.0126E-011
9419 1.0011E-011
9424 1.0022E-011
9429 1.0028E-011
9434 1.0179E-011
9439 1.0112E-011
9444 1.0026E-011
9449 9.9918E-012
9454 9.9005E-012
9458 9.9085E-012
9463 9.9005E-012
9468 9.9247E-012
9473 9.9731E-012
9478 9.9802E-012
9483 9.8385E-012
9488 9.8312E-012
9493 9.6840E-012
9497 9.6756E-012
9502 9.6567E-012
9507 9.6466E-012
9512 9.5150E-012
9517 9.3065E-012
9522 9.1322E-012
9527 9.0417E-012
9532 8.9911E-012
9536 8.7058E-012
9541 8.5363E-012
9546 8.2442E-012
9551 8.1829E-012
9556 8.4762E-012
9561 8.8529E-012
9566 9.0671E-012
9571 9.2036E-012
9576 9.2886E-012
9580 9.1597E-012
9585 9.2698E-012
9590 9.3179E-012
9595 9.2503E-012
9600 9.2979E-012
9605 9.1962E-012
9610 9.2797E-012
9615 9.4252E-012
9619 9.3207E-012
9624 9.4907E-012
9629 9.3760E-012
9634 9.3293E-012
9639 9.1728E-012
9644 9.1525E-012
9649 9.1933E-012
9654 9.1349E-012
9658 9.1845E-012
9663 9.1514E-012
9668 9.1304E-012
9673 9.1486E-012
9678 9.0475E-012
9683 9.0874E-012
9688 9.1710E-012
9693 9.2215E-012
9697 9.1389E-012
9702 9.1339E-012
9707 9.0234E-012
9712 8.9228E-012
9717 8.8783E-012
9722 8.8381E-012
9727 8.9079E-012
9732 8.9371E-012
9736 8.8422E-012
9741 8.8525E-012
9746 8.8527E-012
9751 8.9209E-012
9756 8.8237E-012
9761 8.7869E-012
9766 8.8178E-012
9771 8.7186E-012
9775 8.8048E-012
9780 8.8198E-012
9785 8.9752E-012
9790 8.9538E-012
9795 8.8359E-012
9800 8.8125E-012
9805 8.6906E-012
9810 8.6708E-012
9814 8.6178E-012
9819 8.5325E-012
9824 8.4733E-012
9829 8.5239E-012
9834 8.6017E-012
9839 8.5527E-012
9844 8.4787E-012
9849 8.4764E-012
9853 8.5171E-012
9858 8.5514E-012
9863 8.6036E-012
9868 8.5561E-012
9873 8.4948E-012
9878 8.5919E-012
9883 8.5465E-012
9888 8.5155E-012
9892 8.4384E-012
9897 8.4388E-012
9902 8.3095E-012
9907 8.3919E-012
9912 8.2667E-012
9917 8.1132E-012
9922 8.3933E-012
9927 8.2609E-012
9931 8.3442E-012
9936 8.1030E-012
9941 8.2487E-012
9946 8.2249E-012
9951 8.1507E-012
9956 8.1494E-012
9961 8.2217E-012
9966 8.2462E-012
9970 8.1567E-012
9975 8.1089E-012
9980 8.1793E-012
9985 8.1058E-012
9990 7.9886E-012
9995 8.0400E-012
1E+004 8.1007E-012
1E+004 8.1434E-012
1.001E+004 7.9544E-012
1.001E+004 7.9767E-012
1.002E+004 7.8442E-012
1.002E+004 7.7258E-012
1.003E+004 7.4906E-012
1.003E+004 7.4364E-012
1.004E+004 7.3543E-012
1.004E+004 7.1308E-012
1.005E+004 6.9746E-012
1.005E+004 6.9155E-012
1.006E+004 6.9676E-012
1.006E+004 7.2451E-012
1.007E+004 7.3358E-012
1.007E+004 7.3892E-012
1.008E+004 7.4002E-012
1.008E+004 7.5091E-012
1.009E+004 7.5856E-012
1.009E+004 7.6533E-012
1.01E+004 7.7433E-012
1.01E+004 7.6661E-012
1.011E+004 7.5859E-012
1.011E+004 7.6582E-012
1.012E+004 7.6808E-012
1.013E+004 7.5129E-012
1.018E+004 7.4210E-012
1.023E+004 7.2800E-012
1.028E+004 7.1485E-012
1.033E+004 6.9888E-012
1.038E+004 6.8893E-012
1.043E+004 6.7637E-012
1.048E+004 6.6408E-012
1.053E+004 6.5179E-012
1.058E+004 6.4029E-012
1.063E+004 6.2884E-012
1.068E+004 6.1640E-012
1.073E+004 6.0668E-012
1.078E+004 5.9587E-012
1.083E+004 5.7896E-012
1.088E+004 5.7269E-012
1.093E+004 5.1830E-012
1.098E+004 5.4144E-012
1.103E+004 5.4147E-012
1.108E+004 5.3578E-012
1.113E+004 5.2701E-012
1.118E+004 5.1810E-012
1.123E+004 5.0906E-012
1.128E+004 5.0028E-012
1.133E+004 4.9129E-012
1.138E+004 4.8379E-012
1.143E+004 4.7538E-012
1.148E+004 4.6787E-012
1.153E+004 4.6019E-012
1.158E+004 4.5216E-012
1.163E+004 4.4493E-012
1.168E+004 4.3732E-012
1.173E+004 4.3070E-012
1.178E+004 4.2356E-012
1.183E+004 4.1675E-012
1.188E+004 4.1011E-012
1.193E+004 4.0354E-012
1.198E+004 3.9268E-012
1.203E+004 3.9072E-012
1.208E+004 3.8456E-012
1.213E+004 3.7842E-012
1.218E+004 3.7248E-012
1.223E+004 3.6664E-012
1.228E+004 3.6094E-012
1.233E+004 3.5525E-012
1.238E+004 3.4975E-012
1.243E+004 3.4441E-012
1.248E+004 3.3881E-012
1.253E+004 3.3292E-012
1.258E+004 3.2854E-012
1.263E+004 3.2359E-012
1.268E+004 3.1888E-012
1.273E+004 3.1377E-012
1.278E+004 3.0320E-012
1.283E+004 2.7934E-012
1.288E+004 2.9776E-012
1.293E+004 2.9549E-012
1.298E+004 2.8897E-012
1.303E+004 2.8681E-012
1.308E+004 2.8281E-012
1.313E+004 2.7868E-012
1.318E+004 2.7456E-012
1.323E+004 2.7060E-012
1.328E+004 2.6668E-012
1.333E+004 2.6270E-012
1.338E+004 2.5882E-012
1.343E+004 2.5497E-012
1.348E+004 2.5162E-012
1.353E+004 2.4787E-012
1.358E+004 2.4450E-012
1.363E+004 2.4079E-012
1.368E+004 2.3763E-012
1.373E+004 2.3413E-012
1.378E+004 2.3109E-012
1.383E+004 2.2786E-012
1.388E+004 2.2466E-012
1.393E+004 2.2131E-012
1.398E+004 2.1842E-012
1.403E+004 2.1538E-012
1.408E+004 2.1256E-012
1.413E+004 2.0961E-012
1.418E+004 2.0678E-012
1.423E+004 2.0400E-012
1.428E+004 2.0121E-012
1.433E+004 1.9850E-012
1.438E+004 1.9582E-012
1.443E+004 1.9324E-012
1.448E+004 1.9065E-012
1.453E+004 1.8808E-012
1.457E+004 1.8587E-012
1.462E+004 1.8338E-012
1.468E+004 1.8075E-012
1.473E+004 1.7838E-012
1.478E+004 1.7601E-012
1.483E+004 1.7377E-012
1.488E+004 1.7152E-012
1.493E+004 1.6931E-012
1.498E+004 1.6712E-012
1.503E+004 1.6493E-012
1.508E+004 1.6254E-012
1.513E+004 1.6079E-012
1.518E+004 1.5874E-012
1.523E+004 1.5672E-012
1.528E+004 1.5470E-012
1.533E+004 1.5274E-012
1.538E+004 1.5085E-012
1.543E+004 1.4879E-012
1.548E+004 1.4707E-012
1.553E+004 1.4518E-012
1.558E+004 1.4302E-012
1.563E+004 1.4187E-012
1.568E+004 1.3954E-012
1.573E+004 1.3747E-012
1.578E+004 1.3682E-012
1.583E+004 1.3502E-012
1.588E+004 1.3136E-012
1.593E+004 1.3129E-012
1.598E+004 1.3051E-012
1.605E+004 1.2755E-012
1.615E+004 1.2316E-012
1.625E+004 1.2242E-012
1.635E+004 1.1838E-012
1.645E+004 1.1390E-012
1.655E+004 1.1421E-012
1.665E+004 1.1161E-012
1.675E+004 1.0745E-012
1.685E+004 1.0312E-012
1.695E+004 1.0399E-012
1.705E+004 1.0106E-012
1.715E+004 9.9436E-013
1.725E+004 9.7023E-013
1.735E+004 9.0762E-013
1.745E+004 9.2312E-013
1.755E+004 9.0868E-013
1.765E+004 8.8874E-013
1.775E+004 8.6917E-013
1.785E+004 8.4932E-013
1.795E+004 8.3196E-013
1.805E+004 8.1251E-013
1.815E+004 7.6063E-013
1.825E+004 7.7058E-013
1.835E+004 7.6289E-013
1.845E+004 7.4678E-013
1.855E+004 7.2996E-013
1.865E+004 7.0897E-013
1.875E+004 6.6770E-013
1.885E+004 6.8540E-013
1.895E+004 6.7204E-013
1.905E+004 6.5599E-013
1.915E+004 6.4533E-013
1.925E+004 6.3244E-013
1.935E+004 6.1735E-013
1.945E+004 5.7450E-013
1.955E+004 5.9193E-013
1.965E+004 5.8338E-013
1.975E+004 5.7186E-013
1.985E+004 5.6062E-013
1.995E+004 5.4967E-013
2.005E+004 5.3896E-013
2.015E+004 5.2853E-013
2.025E+004 5.1833E-013
2.035E+004 5.0839E-013
2.045E+004 4.9850E-013
2.055E+004 4.8805E-013
2.065E+004 4.7995E-013
2.075E+004 4.7084E-013
2.085E+004 4.6208E-013
2.095E+004 4.5339E-013
2.105E+004 4.4492E-013
2.115E+004 4.3485E-013
2.125E+004 4.2879E-013
2.135E+004 4.2091E-013
2.145E+004 4.1309E-013
2.155E+004 4.0438E-013
2.165E+004 3.7618E-013
2.175E+004 3.8871E-013
2.185E+004 3.8396E-013
2.195E+004 3.7738E-013
2.205E+004 3.7070E-013
2.215E+004 3.6415E-013
2.225E+004 3.5760E-013
2.235E+004 3.5147E-013
2.245E+004 3.4534E-013
2.255E+004 3.3933E-013
2.265E+004 3.3347E-013
2.275E+004 3.2772E-013
2.285E+004 3.2207E-013
2.295E+004 3.1659E-013
2.305E+004 3.1114E-013
2.315E+004 3.0595E-013
2.325E+004 3.0081E-013
2.335E+004 2.9576E-013
2.345E+004 2.9083E-013
2.355E+004 2.8598E-013
2.365E+004 2.8123E-013
2.375E+004 2.7659E-013
2.385E+004 2.7206E-013
2.395E+004 2.6758E-013
2.405E+004 2.6321E-013
2.415E+004 2.5894E-013
2.425E+004 2.5476E-013
2.435E+004 2.5064E-013
2.445E+004 2.4658E-013
2.455E+004 2.4268E-013
2.465E+004 2.3874E-013
2.475E+004 2.3453E-013
2.485E+004 2.3134E-013
2.495E+004 2.2735E-013
2.505E+004 2.2414E-013
2.515E+004 2.2065E-013
2.525E+004 2.1656E-013
2.535E+004 2.1377E-013
2.545E+004 2.1068E-013
2.555E+004 2.0716E-013
2.565E+004 2.0296E-013
2.575E+004 2.0096E-013
2.585E+004 1.9822E-013
2.595E+004 1.9512E-013
2.605E+004 1.9135E-013
2.615E+004 1.8607E-013
2.625E+004 1.7608E-013
2.635E+004 1.8255E-013
2.645E+004 1.8098E-013
2.655E+004 1.7820E-013
2.665E+004 1.7507E-013
2.675E+004 1.6967E-013
2.685E+004 1.6987E-013
2.695E+004 1.6832E-013
2.705E+004 1.6593E-013
2.715E+004 1.6352E-013
2.725E+004 1.6116E-013
2.735E+004 1.5883E-013
2.745E+004 1.5605E-013
2.755E+004 1.5017E-013
2.765E+004 1.5010E-013
2.775E+004 1.4975E-013
2.785E+004 1.4782E-013
2.795E+004 1.4574E-013
2.805E+004 1.4365E-013
2.815E+004 1.4167E-013
2.825E+004 1.3970E-013
2.835E+004 1.3775E-013
2.845E+004 1.3584E-013
2.855E+004 1.3375E-013
2.865E+004 1.3062E-013
2.875E+004 1.2545E-013
2.885E+004 1.2792E-013
2.895E+004 1.2674E-013
2.905E+004 1.2505E-013
2.915E+004 1.2335E-013
2.925E+004 1.2169E-013
2.935E+004 1.2005E-013
2.945E+004 1.1844E-013
2.955E+004 1.1686E-013
2.965E+004 1.1530E-013
2.975E+004 1.1377E-013
2.985E+004 1.1227E-013
2.995E+004 1.1078E-013
3.005E+004 1.0933E-013
3.015E+004 1.0782E-013
3.025E+004 1.0614E-013
3.035E+004 1.0140E-013
3.045E+004 1.0141E-013
3.055E+004 1.0215E-013
3.065E+004 1.0104E-013
3.075E+004 9.9673E-014
3.085E+004 9.8437E-014
3.095E+004 9.7235E-014
3.105E+004 9.5994E-014
3.115E+004 9.4758E-014
3.125E+004 9.3547E-014
3.135E+004 9.2397E-014
3.145E+004 9.1225E-014
3.155E+004 9.0092E-014
3.165E+004 8.8963E-014
3.175E+004 8.7857E-014
3.185E+004 8.6767E-014
3.195E+004 8.5693E-014
3.21E+004 8.4111E-014
3.23E+004 8.2058E-014
3.25E+004 8.0071E-014
3.27E+004 7.8100E-014
3.29E+004 7.3891E-014
3.31E+004 7.3822E-014
3.33E+004 7.2592E-014
3.35E+004 7.0922E-014
3.37E+004 6.9273E-014
3.39E+004 6.7663E-014
3.41E+004 6.6102E-014
3.43E+004 6.4583E-014
3.45E+004 6.3108E-014
3.47E+004 6.1675E-014
3.49E+004 6.0282E-014
3.51E+004 5.8928E-014
3.53E+004 5.7610E-014
3.55E+004 5.6331E-014
3.57E+004 5.5084E-014
3.59E+004 5.3877E-014
3.61E+004 5.2691E-014
3.63E+004 5.1562E-014
3.65E+004 5.0425E-014
3.67E+004 4.9369E-014
3.69E+004 4.8262E-014
3.71E+004 4.7173E-014
3.73E+004 4.5501E-014
3.75E+004 4.4249E-014
3.77E+004 4.4324E-014
3.79E+004 4.3491E-014
3.81E+004 4.2466E-014
3.83E+004 4.1607E-014
3.85E+004 4.0862E-014
3.87E+004 4.0026E-014
3.89E+004 3.9150E-014
3.91E+004 3.8204E-014
3.93E+004 3.7621E-014
3.95E+004 3.6887E-014
3.97E+004 3.6154E-014
3.99E+004 3.5436E-014
4.01E+004 3.4550E-014
4.03E+004 3.3737E-014
4.05E+004 3.2363E-014
4.07E+004 3.2688E-014
4.09E+004 3.2104E-014
4.11E+004 3.1485E-014
4.13E+004 3.0853E-014
4.15E+004 3.0239E-014
4.17E+004 2.9292E-014
4.19E+004 2.9088E-014
4.21E+004 2.8605E-014
4.23E+004 2.8069E-014
4.25E+004 2.7532E-014
4.27E+004 2.7034E-014
4.29E+004 2.6490E-014
4.31E+004 2.6046E-014
4.33E+004 2.5569E-014
4.35E+004 2.5080E-014
4.37E+004 2.4208E-014
4.39E+004 2.4030E-014
4.41E+004 2.3766E-014
4.43E+004 2.3341E-014
4.45E+004 2.2925E-014
4.47E+004 2.2541E-014
4.49E+004 2.2143E-014
4.51E+004 2.1753E-014
4.53E+004 2.1371E-014
4.55E+004 2.0999E-014
4.57E+004 2.0634E-014
4.59E+004 2.0277E-014
4.61E+004 1.9914E-014
4.63E+004 1.9522E-014
4.65E+004 1.8491E-014
4.67E+004 1.8366E-014
4.69E+004 1.8468E-014
4.71E+004 1.8271E-014
4.73E+004 1.7983E-014
4.75E+004 1.7680E-014
4.77E+004 1.7387E-014
4.79E+004 1.7099E-014
4.81E+004 1.6817E-014
4.83E+004 1.6540E-014
4.85E+004 1.6269E-014
4.87E+004 1.6003E-014
4.89E+004 1.5743E-014
4.91E+004 1.5488E-014
4.93E+004 1.5238E-014
4.95E+004 1.4994E-014
4.97E+004 1.4754E-014
4.99E+004 1.4519E-014
5.01E+004 1.4288E-014
5.03E+004 1.4062E-014
5.05E+004 1.3841E-014
5.07E+004 1.3624E-014
5.09E+004 1.3400E-014
5.11E+004 1.3127E-014
5.13E+004 1.2577E-014
5.15E+004 1.2741E-014
5.17E+004 1.2589E-014
5.19E+004 1.2406E-014
5.21E+004 1.2217E-014
5.23E+004 1.2031E-014
5.25E+004 1.1849E-014
5.27E+004 1.1668E-014
5.29E+004 1.1494E-014
5.31E+004 1.1322E-014
5.33E+004 1.1153E-014
5.35E+004 1.0987E-014
5.37E+004 1.0817E-014
5.39E+004 1.0658E-014
5.41E+004 1.0507E-014
5.43E+004 1.0353E-014
5.45E+004 1.0202E-014
5.47E+004 1.0054E-014
5.49E+004 9.9076E-015
5.51E+004 9.7568E-015
5.53E+004 9.5981E-015
5.55E+004 9.4856E-015
5.57E+004 9.3500E-015
5.59E+004 9.2169E-015
5.61E+004 9.0861E-015
5.63E+004 8.9575E-015
5.65E+004 8.8312E-015
5.67E+004 8.7071E-015
5.69E+004 8.5789E-015
5.71E+004 8.4241E-015
5.73E+004 8.3375E-015
5.75E+004 8.2319E-015
5.77E+004 8.1183E-015
5.79E+004 8.0061E-015
5.81E+004 7.8968E-015
5.83E+004 7.7887E-015
5.85E+004 7.6875E-015
5.87E+004 7.5756E-015
5.89E+004 7.4284E-015
5.91E+004 7.1035E-015
5.93E+004 7.2379E-015
5.95E+004 7.1201E-015
5.97E+004 7.0498E-015
5.99E+004 6.9868E-015
6.01E+004 6.8997E-015
6.03E+004 6.8085E-015
6.05E+004 6.7188E-015
6.07E+004 6.6306E-015
6.09E+004 6.5437E-015
6.11E+004 6.4583E-015
6.13E+004 6.3743E-015
6.15E+004 6.2917E-015
6.17E+004 6.2103E-015
6.19E+004 6.1303E-015
6.21E+004 6.0515E-015
6.23E+004 5.9740E-015
6.25E+004 5.8970E-015
6.27E+004 5.8016E-015
6.29E+004 5.6622E-015
6.31E+004 5.6481E-015
6.33E+004 5.6014E-015
6.35E+004 5.5341E-015
6.37E+004 5.4649E-015
6.39E+004 5.3966E-015
6.42E+004 5.2963E-015
6.46E+004 5.1660E-015
6.5E+004 5.0397E-015
6.54E+004 4.9173E-015
6.58E+004 4.7985E-015
6.62E+004 4.6832E-015
6.66E+004 4.5715E-015
6.7E+004 4.4630E-015
6.74E+004 4.3460E-015
6.78E+004 4.1959E-015
6.82E+004 4.1540E-015
6.86E+004 4.0600E-015
6.9E+004 3.9664E-015
6.94E+004 3.8755E-015
6.98E+004 3.7872E-015
7.02E+004 3.7014E-015
7.06E+004 3.6180E-015
7.1E+004 3.5368E-015
7.14E+004 3.4580E-015
7.18E+004 3.3814E-015
7.22E+004 3.3069E-015
7.26E+004 3.2343E-015
7.3E+004 3.1638E-015
7.34E+004 3.0952E-015
7.38E+004 3.0284E-015
7.42E+004 2.9549E-015
7.46E+004 2.8235E-015
7.5E+004 2.7404E-015
7.54E+004 2.7644E-015
7.58E+004 2.7202E-015
7.62E+004 2.6635E-015
7.66E+004 2.6081E-015
7.7E+004 2.5542E-015
7.74E+004 2.5016E-015
7.78E+004 2.4454E-015
7.82E+004 2.4005E-015
7.86E+004 2.3518E-015
7.9E+004 2.3044E-015
7.94E+004 2.2581E-015
7.98E+004 2.2129E-015
8.02E+004 2.1688E-015
8.06E+004 2.1258E-015
8.1E+004 2.0839E-015
8.14E+004 2.0371E-015
8.18E+004 2.0002E-015
8.22E+004 1.9641E-015
8.26E+004 1.9261E-015
8.3E+004 1.8890E-015
8.34E+004 1.8527E-015
8.38E+004 1.8174E-015
8.42E+004 1.7829E-015
8.46E+004 1.7491E-015
8.5E+004 1.7161E-015
8.54E+004 1.6840E-015
8.58E+004 1.6525E-015
8.62E+004 1.6210E-015
8.66E+004 1.5810E-015
8.7E+004 1.5590E-015
8.74E+004 1.5131E-015
8.78E+004 1.4856E-015
8.82E+004 1.4782E-015
8.86E+004 1.4515E-015
8.9E+004 1.4254E-015
8.94E+004 1.3998E-015
8.98E+004 1.3747E-015
9.02E+004 1.3502E-015
9.06E+004 1.3263E-015
9.1E+004 1.3029E-015
9.14E+004 1.2799E-015
9.18E+004 1.2575E-015
9.22E+004 1.2355E-015
9.26E+004 1.2140E-015
9.3E+004 1.1930E-015
9.34E+004 1.1718E-015
9.38E+004 1.1404E-015
9.42E+004 1.1281E-015
9.46E+004 1.1136E-015
9.5E+004 1.0948E-015
9.54E+004 1.0764E-015
9.58E+004 1.0584E-015
9.62E+004 1.0407E-015
9.66E+004 1.0234E-015
9.7E+004 1.0066E-015
9.74E+004 9.9001E-016
9.78E+004 9.7383E-016
9.82E+004 9.5795E-016
9.86E+004 9.4244E-016
9.9E+004 9.2724E-016
9.94E+004 9.1238E-016
9.98E+004 8.9783E-016
1.002E+005 8.8354E-016
1.005E+005 8.7299E-016
1.01E+005 8.5573E-016
1.015E+005 8.3895E-016
1.02E+005 8.2265E-016
1.025E+005 8.0666E-016
1.03E+005 7.9112E-016
1.035E+005 7.7588E-016
1.04E+005 7.6107E-016
1.045E+005 7.4653E-016
1.05E+005 7.3240E-016
1.055E+005 7.1853E-016
1.06E+005 7.0504E-016
1.065E+005 6.9192E-016
1.07E+005 6.7892E-016
1.075E+005 6.6640E-016
1.08E+005 6.5410E-016
1.085E+005 6.4203E-016
1.09E+005 6.3029E-016
1.095E+005 6.1887E-016
1.1E+005 6.0766E-016
1.105E+005 5.9664E-016
1.11E+005 5.8593E-016
1.115E+005 5.7551E-016
1.12E+005 5.6528E-016
1.125E+005 5.5522E-016
1.13E+005 5.4544E-016
1.135E+005 5.3584E-016
1.14E+005 5.2649E-016
1.145E+005 5.1739E-016
1.15E+005 5.0836E-016
1.155E+005 4.9958E-016
1.16E+005 4.9102E-016
1.165E+005 4.8262E-016
1.17E+005 4.7443E-016
1.175E+005 4.6631E-016
1.18E+005 4.5848E-016
1.185E+005 4.5077E-016
1.19E+005 4.4320E-016
1.195E+005 4.3575E-016
1.2E+005 4.2851E-016
1.205E+005 4.2145E-016
1.21E+005 4.1451E-016
1.215E+005 4.0768E-016
1.22E+005 4.0104E-016
1.225E+005 3.9450E-016
1.23E+005 3.8807E-016
1.235E+005 3.8181E-016
1.24E+005 3.7565E-016
1.245E+005 3.6964E-016
1.25E+005 3.6374E-016
1.255E+005 3.5793E-016
1.26E+005 3.5227E-016
1.265E+005 3.4670E-016
1.27E+005 3.4122E-016
1.275E+005 3.3587E-016
1.28E+005 3.3062E-016
1.285E+005 3.2549E-016
1.29E+005 3.2045E-016
1.295E+005 3.1549E-016
1.3E+005 3.1065E-016
1.305E+005 3.0589E-016
1.31E+005 3.0120E-016
1.315E+005 2.9663E-016
1.32E+005 2.9214E-016
1.325E+005 2.8771E-016
1.33E+005 2.8339E-016
1.335E+005 2.7914E-016
1.34E+005 2.7500E-016
1.345E+005 2.7088E-016
1.35E+005 2.6686E-016
1.355E+005 2.6295E-016
1.36E+005 2.5904E-016
1.365E+005 2.5524E-016
1.37E+005 2.5154E-016
1.375E+005 2.4785E-016
1.38E+005 2.4426E-016
1.385E+005 2.4072E-016
1.39E+005 2.3727E-016
1.395E+005 2.3386E-016
1.4E+005 2.3051E-016
1.405E+005 2.2725E-016
1.41E+005 2.2399E-016
1.415E+005 2.2085E-016
1.42E+005 2.1772E-016
1.425E+005 2.1467E-016
1.43E+005 2.1167E-016
1.435E+005 2.0870E-016
1.44E+005 2.0578E-016
1.445E+005 2.0293E-016
1.45E+005 2.0013E-016
1.455E+005 1.9739E-016
1.46E+005 1.9466E-016
1.465E+005 1.9200E-016
1.47E+005 1.8941E-016
1.475E+005 1.8682E-016
1.48E+005 1.8430E-016
1.485E+005 1.8181E-016
1.49E+005 1.7935E-016
1.495E+005 1.7696E-016
1.5E+005 1.7460E-016
1.505E+005 1.7227E-016
1.51E+005 1.6998E-016
1.515E+005 1.6774E-016
1.52E+005 1.6553E-016
1.525E+005 1.6335E-016
1.53E+005 1.6120E-016
1.535E+005 1.5910E-016
1.54E+005 1.5704E-016
1.545E+005 1.5499E-016
1.55E+005 1.5298E-016
1.555E+005 1.5102E-016
1.56E+005 1.4908E-016
1.565E+005 1.4716E-016
1.57E+005 1.4528E-016
1.575E+005 1.4344E-016
1.58E+005 1.4162E-016
1.585E+005 1.3983E-016
1.59E+005 1.3806E-016
1.595E+005 1.3633E-016
1.6E+005 1.3463E-016
1.605E+005 1.3294E-016
1.61E+005 1.3128E-016
1.615E+005 1.2966E-016
1.62E+005 1.2804E-016
1.625E+005 1.2646E-016
1.63E+005 1.2490E-016
1.635E+005 1.2338E-016
1.64E+005 1.2186E-016
1.645E+005 1.2038E-016
1.65E+005 1.1892E-016
1.655E+005 1.1749E-016
1.66E+005 1.1606E-016
1.665E+005 1.1467E-016
1.67E+005 1.1329E-016
1.675E+005 1.1193E-016
1.68E+005 1.1059E-016
1.685E+005 1.0928E-016
1.69E+005 1.0797E-016
1.695E+005 1.0669E-016
1.7E+005 1.0545E-016
1.705E+005 1.0420E-016
1.71E+005 1.0299E-016
1.715E+005 1.0177E-016
1.72E+005 1.0058E-016
1.725E+005 9.9427E-017
1.73E+005 9.8268E-017
1.735E+005 9.7138E-017
1.74E+005 9.6006E-017
1.745E+005 9.4902E-017
1.75E+005 9.3812E-017
1.755E+005 9.2749E-017
1.76E+005 9.1683E-017
1.765E+005 9.0645E-017
1.77E+005 8.9618E-017
1.775E+005 8.8603E-017
1.78E+005 8.7600E-017
1.785E+005 8.6623E-017
1.79E+005 8.5656E-017
1.795E+005 8.4701E-017
1.8E+005 8.3756E-017
1.805E+005 8.2822E-017
1.81E+005 8.1898E-017
1.815E+005 8.0998E-017
1.82E+005 8.0109E-017
1.825E+005 7.9229E-017
1.83E+005 7.8358E-017
1.835E+005 7.7498E-017
1.84E+005 7.6660E-017
1.845E+005 7.5817E-017
1.85E+005 7.4997E-017
1.855E+005 7.4186E-017
1.86E+005 7.3384E-017
1.865E+005 7.2603E-017
1.87E+005 7.1818E-017
1.875E+005 7.1054E-017
1.88E+005 7.0297E-017
1.885E+005 6.9549E-017
1.89E+005 6.8809E-017
1.895E+005 6.8077E-017
1.9E+005 6.7364E-017
1.905E+005 6.6658E-017
1.91E+005 6.5949E-017
1.915E+005 6.5270E-017
1.92E+005 6.4586E-017
1.925E+005 6.3910E-017
1.93E+005 6.3252E-017
1.935E+005 6.2590E-017
1.94E+005 6.1945E-017
1.945E+005 6.1307E-017
1.95E+005 6.0675E-017
1.955E+005 6.0050E-017
1.96E+005 5.9442E-017
1.965E+005 5.8840E-017
1.97E+005 5.8234E-017
1.975E+005 5.7644E-017
1.98E+005 5.7060E-017
1.985E+005 5.6482E-017
1.99E+005 5.5920E-017
1.995E+005 5.5353E-017
2E+005 5.4802E-017
2.01E+005 5.3710E-017
2.02E+005 5.2649E-017
2.03E+005 5.1609E-017
2.04E+005 5.0599E-017
2.05E+005 4.9608E-017
2.06E+005 4.8645E-017
2.07E+005 4.7708E-017
2.08E+005 4.6790E-017
2.09E+005 4.5897E-017
2.1E+005 4.5022E-017
2.11E+005 4.4163E-017
2.12E+005 4.3335E-017
2.13E+005 4.2516E-017
2.14E+005 4.1726E-017
2.15E+005 4.0951E-017
2.16E+005 4.0190E-017
2.17E+005 3.9450E-017
2.18E+005 3.8724E-017
2.19E+005 3.8018E-017
2.2E+005 3.7324E-017
2.21E+005 3.6650E-017
2.22E+005 3.5987E-017
2.23E+005 3.5343E-017
2.24E+005 3.4710E-017
2.25E+005 3.4094E-017
2.26E+005 3.3489E-017
2.27E+005 3.2901E-017
2.28E+005 3.2322E-017
2.29E+005 3.1754E-017
2.3E+005 3.1202E-017
2.31E+005 3.0664E-017
2.32E+005 3.0135E-017
2.33E+005 2.9616E-017
2.34E+005 2.9110E-017
2.35E+005 2.8613E-017
2.36E+005 2.8130E-017
2.37E+005 2.7654E-017
2.38E+005 2.7187E-017
2.39E+005 2.6732E-017
2.4E+005 2.6284E-017
2.41E+005 2.5849E-017
2.42E+005 2.5420E-017
2.43E+005 2.5003E-017
2.44E+005 2.4593E-017
2.45E+005 2.4190E-017
2.46E+005 2.3797E-017
2.47E+005 2.3411E-017
2.48E+005 2.3031E-017
2.49E+005 2.2661E-017
2.5E+005 2.2301E-017
2.51E+005 2.1942E-017
2.52E+005 2.1593E-017
2.53E+005 2.1254E-017
2.54E+005 2.0916E-017
2.55E+005 2.0587E-017
2.56E+005 2.0267E-017
2.57E+005 1.9951E-017
2.58E+005 1.9640E-017
2.59E+005 1.9338E-017
2.6E+005 1.9037E-017
2.61E+005 1.8747E-017
2.62E+005 1.8459E-017
2.63E+005 1.8178E-017
2.64E+005 1.7904E-017
2.65E+005 1.7631E-017
2.66E+005 1.7366E-017
2.67E+005 1.7104E-017
2.68E+005 1.6849E-017
2.69E+005 1.6598E-017
2.7E+005 1.6351E-017
2.71E+005 1.6110E-017
2.72E+005 1.5873E-017
2.73E+005 1.5639E-017
2.74E+005 1.5411E-017
2.75E+005 1.5187E-017
2.76E+005 1.4966E-017
2.77E+005 1.4748E-017
2.78E+005 1.4536E-017
2.79E+005 1.4327E-017
2.8E+005 1.4123E-017
2.81E+005 1.3922E-017
2.82E+005 1.3724E-017
2.83E+005 1.3529E-017
2.84E+005 1.3336E-017
2.85E+005 1.3149E-017
2.86E+005 1.2966E-017
2.87E+005 1.2784E-017
2.88E+005 1.2606E-017
2.89E+005 1.2431E-017
2.9E+005 1.2259E-017
2.91E+005 1.2090E-017
2.92E+005 1.1924E-017
2.93E+005 1.1761E-017
2.94E+005 1.1599E-017
2.95E+005 1.1442E-017
2.96E+005 1.1287E-017
2.97E+005 1.1136E-017
2.98E+005 1.0985E-017
2.99E+005 1.0838E-017
3E+005 1.0693E-017
3.01E+005 1.0550E-017
3.02E+005 1.0411E-017
3.03E+005 1.0273E-017
3.04E+005 1.0137E-017
3.05E+005 1.0003E-017
3.06E+005 9.8729E-018
3.07E+005 9.7441E-018
3.08E+005 9.6169E-018
3.09E+005 9.4915E-018
3.1E+005 9.3692E-018
3.11E+005 9.2486E-018
3.12E+005 9.1295E-018
3.13E+005 9.0119E-018
3.14E+005 8.8974E-018
3.15E+005 8.7843E-018
3.16E+005 8.6727E-018
3.17E+005 8.5624E-018
3.18E+005 8.4551E-018
3.19E+005 8.3476E-018
3.2E+005 8.2429E-018
3.21E+005 8.1409E-018
3.22E+005 8.0388E-018
3.23E+005 7.9394E-018
3.24E+005 7.8411E-018
3.25E+005 7.7441E-018
3.26E+005 7.6483E-018
3.27E+005 7.5550E-018
3.28E+005 7.4628E-018
3.29E+005 7.3717E-018
3.3E+005 7.2817E-018
3.31E+005 7.1941E-018
3.32E+005 7.1063E-018
3.33E+005 7.0208E-018
3.34E+005 6.9363E-018
3.35E+005 6.8540E-018
3.36E+005 6.7715E-018
3.37E+005 6.6911E-018
3.38E+005 6.6118E-018
3.39E+005 6.5333E-018
3.4E+005 6.4558E-018
3.41E+005 6.3802E-018
3.42E+005 6.3056E-018
3.43E+005 6.2318E-018
3.44E+005 6.1590E-018
3.45E+005 6.0869E-018
3.46E+005 6.0167E-018
3.47E+005 5.9474E-018
3.48E+005 5.8788E-018
3.49E+005 5.8110E-018
3.5E+005 5.7440E-018
3.51E+005 5.6787E-018
3.52E+005 5.6141E-018
3.53E+005 5.5503E-018
3.54E+005 5.4872E-018
3.55E+005 5.4248E-018
3.56E+005 5.3640E-018
3.57E+005 5.3030E-018
3.58E+005 5.2436E-018
3.59E+005 5.1849E-018
3.6E+005 5.1268E-018
3.61E+005 5.0702E-018
3.62E+005 5.0134E-018
3.63E+005 4.9581E-018
3.64E+005 4.9034E-018
3.65E+005 4.8493E-018
3.66E+005 4.7966E-018
3.67E+005 4.7437E-018
3.68E+005 4.6922E-018
3.69E+005 4.6412E-018
3.7E+005 4.5908E-018
3.71E+005 4.5409E-018
3.72E+005 4.4915E-018
3.73E+005 4.4435E-018
3.74E+005 4.3960E-018
3.75E+005 4.3482E-018
3.76E+005 4.3024E-018
3.77E+005 4.2564E-018
3.78E+005 4.2109E-018
3.79E+005 4.1666E-018
3.8E+005 4.1220E-018
3.81E+005 4.0786E-018
3.82E+005 4.0357E-018
3.83E+005 3.9939E-018
3.84E+005 3.9518E-018
3.85E+005 3.9102E-018
3.86E+005 3.8697E-018
3.87E+005 3.8296E-018
3.88E+005 3.7900E-018
3.89E+005 3.7507E-018
3.9E+005 3.7119E-018
3.91E+005 3.6741E-018
3.92E+005 3.6366E-018
3.93E+005 3.5989E-018
3.94E+005 3.5623E-018
3.95E+005 3.5260E-018
3.96E+005 3.4907E-018
3.97E+005 3.4551E-018
3.98E+005 3.4199E-018
3.99E+005 3.3856E-018
