1146 3.4249E-016
1146 3.4249E-016
1147 0.0000E+000
1147 3.2806E-016
1148 2.7686E-016
1149 0.0000E+000
1149 3.5843E-016
1150 1.9545E-016
1150 3.0479E-016
1151 1.6044E-016
1151 0.0000E+000
1152 1.3558E-016
1153 1.2762E-016
1153 0.0000E+000
1154 0.0000E+000
1154 1.1301E-016
1155 0.0000E+000
1156 1.1199E-016
1156 3.2017E-016
1157 0.0000E+000
1157 0.0000E+000
1158 1.0011E-016
1158 0.0000E+000
1159 0.0000E+000
1160 7.9609E-017
1160 2.0114E-016
1161 0.0000E+000
1161 1.9219E-016
1162 1.9297E-016
1163 1.9351E-016
1163 0.0000E+000
1164 0.0000E+000
1164 0.0000E+000
1165 1.7383E-016
1165 0.0000E+000
1166 6.4855E-017
1167 0.0000E+000
1167 6.6986E-017
1168 0.0000E+000
1168 0.0000E+000
1169 0.0000E+000
1170 5.5413E-017
1170 6.0387E-017
1171 0.0000E+000
1171 5.7338E-017
1172 5.3637E-017
1172 1.3095E-016
1173 0.0000E+000
1174 1.3032E-016
1174 5.5716E-017
1175 2.0934E-016
1175 1.2318E-016
1176 0.0000E+000
1177 1.2483E-016
1177 0.0000E+000
1178 0.0000E+000
1178 1.1989E-016
1179 4.6418E-017
1179 0.0000E+000
1180 4.5422E-017
1181 0.0000E+000
1181 2.2484E-016
1182 4.9441E-017
1182 1.6217E-016
1183 4.1916E-017
1184 3.7246E-017
1184 0.0000E+000
1185 2.1940E-016
1185 1.4515E-016
1186 -2.6873E-017
1186 -2.8473E-017
1187 -2.7784E-019
1188 1.7040E-016
1188 6.7132E-017
1189 7.0569E-017
1189 -1.3175E-016
1190 -2.5792E-017
1191 1.2247E-016
1191 2.7146E-016
1192 -2.3265E-016
1192 4.4887E-016
1193 7.0078E-016
1193 1.3982E-016
1194 -1.2554E-016
1195 -4.0728E-016
1195 3.2109E-017
1196 -1.9569E-017
1196 -4.4288E-016
1197 -3.6945E-016
1198 2.5956E-016
1198 3.4024E-016
1199 -1.8307E-017
1199 3.5966E-016
1200 -8.9122E-017
1200 -2.5467E-016
1201 6.3431E-016
1202 2.6659E-017
1202 -1.6682E-016
1203 1.3091E-016
1203 2.1694E-016
1204 6.1307E-016
1205 5.5315E-016
1205 2.5225E-017
1206 1.4896E-016
1206 -1.9968E-016
1207 -3.2811E-016
1207 -1.9408E-017
1208 -3.2732E-016
1209 -2.1875E-017
1209 2.8492E-016
1210 4.8313E-017
1210 -2.3707E-016
1211 -5.1942E-016
1212 -1.5805E-016
1212 3.6348E-016
1213 -3.7637E-016
1213 4.1476E-017
1214 1.0117E-016
1214 -2.7637E-017
1215 -3.3806E-016
1216 -4.9278E-017
1216 -9.0582E-017
1217 -8.0528E-018
1217 -9.8256E-017
1218 -2.1390E-016
1219 3.8290E-016
1219 1.0453E-016
1220 2.3596E-016
1220 3.6635E-016
1221 -4.2724E-016
1221 -2.1067E-016
1222 2.2281E-017
1223 -2.1047E-016
1223 3.9458E-016
1224 3.0765E-016
1224 -1.1962E-017
1225 1.5281E-016
1226 -5.1721E-016
1226 4.0312E-016
1227 -9.1487E-017
1227 7.3202E-017
1228 -5.6880E-017
1228 -9.7905E-017
1229 2.1530E-017
1230 1.5710E-016
1230 -2.1704E-016
1231 1.5856E-016
1231 7.2528E-019
1232 2.3638E-016
1233 1.4385E-016
1233 4.9240E-017
1234 2.5572E-016
1234 1.8995E-016
1235 3.1666E-017
1235 9.3464E-017
1236 -1.9068E-016
1237 4.2897E-016
1237 3.8787E-017
1238 -2.4309E-016
1238 2.2032E-016
1239 1.4226E-016
1240 -1.4490E-016
1240 3.8467E-017
1241 6.2357E-017
1241 1.0914E-016
1242 6.4881E-017
1242 -1.5411E-017
1243 8.5078E-017
1244 9.5494E-017
1244 2.4250E-019
1245 1.1603E-016
1245 0.0000E+000
1246 9.2979E-017
1247 9.3935E-017
1247 9.2684E-017
1248 1.7297E-016
1248 1.3043E-016
1249 8.5217E-017
1249 1.3955E-016
1250 4.0538E-017
1251 1.3134E-016
1251 1.1778E-016
1252 8.7707E-017
1252 4.0737E-017
1253 8.9574E-017
1254 1.1414E-016
1254 1.3664E-016
1255 9.0859E-017
1255 6.4779E-017
1256 1.5993E-016
1256 1.3982E-016
1257 8.7086E-017
1258 9.0765E-017
1258 6.0871E-017
1259 1.7640E-016
1259 6.5182E-017
1260 1.1463E-016
1261 6.1399E-017
1261 9.2044E-017
1262 6.2043E-017
1262 2.1085E-016
1263 8.0736E-017
1263 1.1002E-016
1264 1.2756E-016
1265 8.8578E-017
1265 1.2847E-016
1266 2.0363E-016
1266 2.1894E-016
1267 1.0318E-016
1268 8.5701E-017
1268 2.1465E-016
1269 1.0894E-016
1269 1.7459E-016
1270 1.9307E-016
1270 2.2417E-016
1271 1.4619E-016
1272 1.3280E-016
1272 3.3288E-016
1273 1.5049E-016
1273 2.6737E-016
1274 1.6089E-016
1275 2.2502E-016
1275 1.1292E-016
1276 1.1313E-016
1276 2.0820E-016
1277 1.8997E-016
1277 1.7920E-016
1278 1.4958E-016
1279 4.5176E-016
1279 2.3923E-016
1280 3.6213E-016
1280 2.3779E-016
1281 2.5999E-016
1282 4.7191E-016
1282 3.7813E-016
1283 1.8747E-016
1283 1.9543E-016
1284 1.6059E-016
1284 3.3827E-016
1285 3.6938E-016
1286 2.4157E-016
1286 3.4273E-016
1287 4.2144E-016
1287 3.3039E-016
1288 3.6339E-016
1289 2.3891E-016
1289 4.9851E-016
1290 3.0312E-016
1290 4.3930E-016
1291 3.6518E-016
1291 4.8314E-016
1292 3.4923E-016
1293 4.3259E-016
1293 3.1045E-016
1294 4.4869E-016
1294 5.4325E-016
1295 5.8054E-016
1296 4.5730E-016
1296 5.0784E-016
1297 4.5112E-016
1297 4.2433E-016
1298 3.7997E-016
1298 6.6127E-016
1299 5.3795E-016
1300 5.6127E-016
1300 4.7191E-016
1301 6.6644E-016
1301 5.1372E-016
1302 4.8274E-016
1303 6.0393E-016
1303 6.0562E-016
1304 4.6907E-016
1304 4.9382E-016
1305 7.1109E-016
1305 6.4806E-016
1306 7.3069E-016
1307 6.2067E-016
1307 7.0697E-016
1308 3.6235E-016
1308 7.1280E-016
1309 8.0344E-016
1310 7.4579E-016
1310 7.9325E-016
1311 6.6172E-016
1311 8.5818E-016
1312 7.6802E-016
1312 9.4286E-016
1313 1.0701E-015
1314 8.8341E-016
1314 9.8741E-016
1315 9.4686E-016
1315 9.0240E-016
1316 1.2809E-015
1317 9.7041E-016
1317 1.0115E-015
1318 1.1441E-015
1318 9.2489E-016
1319 1.0967E-015
1319 1.0205E-015
1320 8.9041E-016
1321 1.1363E-015
1321 9.9444E-016
1322 1.0142E-015
1322 1.1535E-015
1323 8.0596E-016
1324 8.7967E-016
1324 8.2324E-016
1325 7.4842E-016
1325 1.1194E-015
1326 9.7908E-016
1326 8.6878E-016
1327 9.4028E-016
1328 1.0194E-015
1328 7.5894E-016
1329 8.8293E-016
1329 8.7853E-016
1330 1.1031E-015
1331 7.5251E-016
1331 8.5548E-016
1332 1.1001E-015
1332 1.1730E-015
1333 1.1045E-015
1333 1.0997E-015
1334 1.4073E-015
1335 1.1132E-015
1335 1.2997E-015
1336 1.2604E-015
1336 1.2411E-015
1337 1.1312E-015
1338 1.6693E-015
1338 1.5714E-015
1339 1.8320E-015
1339 1.7858E-015
1340 1.6859E-015
1340 1.5916E-015
1341 1.5584E-015
1342 1.8851E-015
1342 1.6045E-015
1343 1.7368E-015
1343 2.0098E-015
1344 2.0068E-015
1345 2.1467E-015
1345 1.8570E-015
1346 1.9314E-015
1346 1.7149E-015
1347 1.8928E-015
1347 1.8066E-015
1348 2.0059E-015
1349 1.8941E-015
1349 1.8253E-015
1350 1.7647E-015
1350 1.8317E-015
1351 1.7381E-015
1352 2.1838E-015
1352 1.4532E-015
1353 1.6571E-015
1353 2.0091E-015
1354 1.7734E-015
1354 1.9206E-015
1355 2.4659E-015
1356 2.1421E-015
1356 2.2896E-015
1357 2.3398E-015
1357 2.1648E-015
1358 2.2676E-015
1359 2.5786E-015
1359 2.3957E-015
1360 2.3950E-015
1360 2.5959E-015
1361 2.4822E-015
1361 2.6996E-015
1362 1.9571E-015
1363 2.2048E-015
1363 2.6154E-015
1364 2.3494E-015
1364 2.1843E-015
1365 2.2841E-015
1366 2.3844E-015
1366 2.2177E-015
1367 1.7141E-015
1367 1.4898E-015
1368 1.9754E-015
1368 1.5668E-015
1369 1.9629E-015
1370 1.5864E-015
1370 1.8242E-015
1371 1.7222E-015
1371 1.8261E-015
1372 2.6051E-015
1373 2.1919E-015
1373 2.3715E-015
1374 2.2013E-015
1374 1.8815E-015
1375 1.5181E-015
1375 2.2029E-015
1376 2.0520E-015
1377 1.8386E-015
1377 1.3945E-015
1378 1.8762E-015
1378 2.2066E-015
1379 2.7758E-015
1380 2.1048E-015
1380 2.5238E-015
1381 2.4739E-015
1381 2.3162E-015
1382 1.8180E-015
1382 2.0759E-015
1383 2.9009E-015
1384 2.2187E-015
1384 1.8369E-015
1385 3.0625E-015
1385 2.7500E-015
1386 2.3694E-015
1387 2.5204E-015
1387 1.8400E-015
1388 2.1869E-015
1388 2.1216E-015
1389 2.0228E-015
1389 2.2977E-015
1390 2.3818E-015
1391 2.1352E-015
1391 2.8407E-015
1392 2.3445E-015
1392 2.2884E-015
1393 2.2810E-015
1394 2.2358E-015
1394 2.6353E-015
1395 2.1796E-015
1395 2.7559E-015
1396 2.0780E-015
1396 2.3840E-015
1397 2.8876E-015
1398 2.6010E-015
1398 2.6980E-015
1399 2.3141E-015
1399 2.5657E-015
1400 2.2269E-015
1401 2.5394E-015
1401 2.5911E-015
1402 3.0309E-015
1402 2.8536E-015
1403 3.4979E-015
1403 3.0822E-015
1404 3.6477E-015
1405 3.4462E-015
1405 3.4919E-015
1406 4.4153E-015
1406 4.3552E-015
1407 4.3049E-015
1408 4.1925E-015
1408 4.3435E-015
1409 3.4283E-015
1409 3.5840E-015
1410 3.6457E-015
1410 3.2038E-015
1411 4.5145E-015
1412 4.7095E-015
1412 5.3367E-015
1413 5.1449E-015
1413 4.8429E-015
1414 4.3774E-015
1415 4.6725E-015
1415 4.7566E-015
1416 4.7319E-015
1416 5.4283E-015
1417 5.0487E-015
1417 6.1063E-015
1418 5.2652E-015
1419 5.2032E-015
1419 4.8025E-015
1420 5.4401E-015
1420 5.2754E-015
1421 6.1832E-015
1422 6.2994E-015
1422 6.0543E-015
1423 5.1467E-015
1423 5.8297E-015
1424 5.6379E-015
1424 6.2369E-015
1425 5.8004E-015
1426 7.6594E-015
1426 6.4225E-015
1427 6.2914E-015
1427 5.9263E-015
1428 6.5803E-015
1429 6.6441E-015
1429 5.9763E-015
1430 5.2233E-015
1430 5.5496E-015
1431 5.0118E-015
1431 4.8794E-015
1432 5.0208E-015
1433 4.1495E-015
1433 4.0195E-015
1434 4.6852E-015
1434 3.0823E-015
1435 4.3064E-015
1436 4.7909E-015
1436 5.2046E-015
1437 6.2471E-015
1437 6.5339E-015
1438 5.5416E-015
1438 6.3661E-015
1439 6.0345E-015
1440 7.2700E-015
1440 6.8919E-015
1441 6.7752E-015
1441 6.7849E-015
1442 7.3954E-015
1443 6.5288E-015
1443 7.4973E-015
1444 7.6629E-015
1444 6.1231E-015
1445 5.5334E-015
1445 7.7426E-015
1446 6.8618E-015
1447 7.0738E-015
1447 8.3592E-015
1448 7.9902E-015
1448 7.3891E-015
1449 7.8598E-015
1450 9.2883E-015
1450 9.7624E-015
1451 8.7357E-015
1451 9.2527E-015
1452 9.0982E-015
1452 9.4041E-015
1453 1.0018E-014
1454 9.0927E-015
1454 9.6013E-015
1455 1.0027E-014
1455 8.7292E-015
1456 9.9557E-015
1457 9.4696E-015
1457 1.0128E-014
1458 9.2132E-015
1458 1.0797E-014
1459 9.4083E-015
1459 8.6928E-015
1460 8.3876E-015
1461 9.1250E-015
1461 9.3421E-015
1462 8.8675E-015
1462 9.6661E-015
1463 8.5706E-015
1463 9.3064E-015
1464 8.4099E-015
1465 9.3956E-015
1465 7.8783E-015
1466 1.0408E-014
1466 9.5140E-015
1467 9.3011E-015
1468 8.9404E-015
1468 9.3785E-015
1469 1.0272E-014
1469 8.7777E-015
1470 7.4251E-015
1470 8.3777E-015
1471 9.7151E-015
1472 9.7831E-015
1472 1.0376E-014
1473 8.9215E-015
1473 7.7053E-015
1474 7.8221E-015
1475 7.3211E-015
1475 8.7624E-015
1476 8.3798E-015
1476 8.1140E-015
1477 1.0774E-014
1477 8.0276E-015
1478 7.6857E-015
1479 9.2459E-015
1479 9.2347E-015
1480 7.9345E-015
1480 9.1938E-015
1481 8.4638E-015
1482 9.2724E-015
1482 8.6288E-015
1483 1.0197E-014
1483 9.3883E-015
1484 9.0795E-015
1484 8.7817E-015
1485 9.3646E-015
1486 7.8365E-015
1486 1.0222E-014
1487 8.6890E-015
1487 9.8045E-015
1488 8.8794E-015
1489 1.0478E-014
1489 8.5569E-015
1490 9.6391E-015
1490 1.0154E-014
1491 9.5763E-015
1491 8.1770E-015
1492 9.5486E-015
1493 8.4883E-015
1493 8.1700E-015
1494 8.5726E-015
1494 7.6638E-015
1495 8.2835E-015
1496 1.0365E-014
1496 1.0044E-014
1497 1.0561E-014
1497 1.5011E-014
1498 1.2796E-014
1498 1.2484E-014
1499 1.4078E-014
1500 1.0928E-014
1500 1.4742E-014
1501 1.2513E-014
1501 1.3148E-014
1502 1.1417E-014
1503 1.2928E-014
1503 1.3503E-014
1504 1.2199E-014
1504 1.2356E-014
1505 1.2056E-014
1505 1.0834E-014
1506 1.2184E-014
1507 1.2400E-014
1507 1.2169E-014
1508 9.6244E-015
1508 1.0260E-014
1509 8.8567E-015
1510 9.3608E-015
1510 1.0132E-014
1511 1.0604E-014
1511 1.1185E-014
1512 1.1230E-014
1512 1.0234E-014
1513 1.0616E-014
1514 9.7755E-015
1514 1.2411E-014
1515 1.0135E-014
1515 1.0087E-014
1516 1.0002E-014
1517 1.0041E-014
1517 1.1429E-014
1518 1.1586E-014
1518 1.1454E-014
1519 1.2042E-014
1519 1.1899E-014
1520 1.1593E-014
1521 1.1455E-014
1521 1.1420E-014
1522 1.0980E-014
1522 1.0237E-014
1523 1.1691E-014
1524 1.1130E-014
1524 1.1249E-014
1525 1.0278E-014
1525 9.6259E-015
1526 8.9077E-015
1526 7.9280E-015
1527 9.1951E-015
1528 1.0540E-014
1528 1.2546E-014
1529 1.3367E-014
1529 1.2400E-014
1530 1.3399E-014
1531 1.1588E-014
1531 1.1610E-014
1532 1.0629E-014
1532 1.0773E-014
1533 8.1231E-015
1533 9.1659E-015
1534 9.8458E-015
1535 9.7449E-015
1535 1.0880E-014
1536 1.1881E-014
1536 1.0889E-014
1537 1.0084E-014
1538 1.0422E-014
1538 1.0023E-014
1539 1.2688E-014
1539 1.2838E-014
1540 1.2262E-014
1540 1.3425E-014
1541 1.1183E-014
1542 1.1467E-014
1542 1.1382E-014
1543 1.3709E-014
1543 1.4245E-014
1544 1.1327E-014
1545 1.1029E-014
1545 1.0685E-014
1546 1.1572E-014
1546 1.1917E-014
1547 1.1949E-014
1547 1.2246E-014
1548 1.1586E-014
1549 1.0615E-014
1549 1.0308E-014
1550 9.7912E-015
1550 9.9403E-015
1551 1.0085E-014
1551 9.9783E-015
1552 1.0255E-014
1553 8.7828E-015
1553 8.0915E-015
1554 9.2117E-015
1554 8.9863E-015
1555 8.9068E-015
1556 9.8832E-015
1556 1.1619E-014
1557 1.0755E-014
1557 9.7451E-015
1558 1.0723E-014
1558 8.4774E-015
1559 8.6195E-015
1560 1.0224E-014
1560 7.9301E-015
1561 8.9254E-015
1561 8.9216E-015
1562 1.0219E-014
1563 1.1359E-014
1563 1.0069E-014
1564 9.7517E-015
1564 1.2408E-014
1565 1.2977E-014
1565 1.1538E-014
1566 1.1222E-014
1567 1.0339E-014
1567 1.0835E-014
1568 1.0656E-014
1568 1.0718E-014
1569 1.1136E-014
1570 8.8003E-015
1570 7.9425E-015
1571 9.7222E-015
1571 1.1016E-014
1572 1.2748E-014
1572 8.7278E-015
1573 9.6551E-015
1574 8.2109E-015
1574 9.8676E-015
1575 9.1757E-015
1575 1.0703E-014
1576 1.0858E-014
1577 1.1577E-014
1577 1.1425E-014
1578 1.3749E-014
1578 1.0700E-014
1579 1.1935E-014
1579 1.2939E-014
1580 1.2507E-014
1581 1.1054E-014
1581 1.3214E-014
1582 1.5646E-014
1582 1.3455E-014
1583 1.3518E-014
1584 1.2639E-014
1584 1.0855E-014
1585 1.0446E-014
1585 1.0347E-014
1586 1.4049E-014
1586 1.2259E-014
1587 1.0847E-014
1588 1.1263E-014
1588 1.1478E-014
1589 1.2233E-014
1589 1.2824E-014
1590 1.1999E-014
1591 8.9942E-015
1591 1.2261E-014
1592 1.2233E-014
1592 1.0926E-014
1593 1.1941E-014
1593 1.0645E-014
1594 1.0848E-014
1595 9.8753E-015
1595 1.1420E-014
1596 1.0497E-014
1596 1.1741E-014
1597 1.3513E-014
1598 1.3352E-014
1598 1.4109E-014
1599 1.3574E-014
1599 1.6076E-014
1600 1.3006E-014
1600 1.3757E-014
1601 1.3220E-014
1602 1.4905E-014
1602 1.3858E-014
1603 1.0955E-014
1603 1.3285E-014
1604 1.3686E-014
1605 1.5568E-014
1605 1.2340E-014
1606 1.2888E-014
1606 1.3960E-014
1607 1.3144E-014
1607 1.3155E-014
1608 9.8459E-015
1609 1.0803E-014
1609 1.2271E-014
1610 1.3284E-014
1610 1.2001E-014
1611 1.2754E-014
1612 1.1592E-014
1612 1.2748E-014
1613 1.3427E-014
1613 1.3925E-014
1614 1.5368E-014
1614 1.6452E-014
1615 1.4514E-014
1616 1.7584E-014
1616 1.7994E-014
1617 1.5331E-014
1617 1.5651E-014
1618 1.4781E-014
1618 1.4134E-014
1619 1.2062E-014
1620 1.4278E-014
1620 1.5309E-014
1621 1.6040E-014
1621 1.1411E-014
1622 1.3368E-014
1623 1.5192E-014
1623 1.5313E-014
1624 1.4383E-014
1624 1.9503E-014
1625 1.8946E-014
1625 1.4787E-014
1626 1.6161E-014
1627 1.6367E-014
1627 1.4961E-014
1628 1.6715E-014
1628 1.4980E-014
1629 1.6199E-014
1630 1.5327E-014
1630 1.4165E-014
1631 1.9406E-014
1631 1.5343E-014
1632 1.7730E-014
1632 1.7899E-014
1633 1.7382E-014
1634 1.6458E-014
1634 1.5227E-014
1635 1.9032E-014
1635 1.2909E-014
1636 1.4884E-014
1637 1.9652E-014
1637 1.6352E-014
1638 1.5897E-014
1638 1.9887E-014
1639 2.0775E-014
1639 1.8423E-014
1640 1.9013E-014
1641 2.0399E-014
1641 1.9960E-014
1642 1.8388E-014
1642 1.8136E-014
1643 1.9109E-014
1644 2.1227E-014
1644 2.1031E-014
1645 1.9161E-014
1645 2.4321E-014
1646 2.3473E-014
1646 2.5134E-014
1647 2.0645E-014
1648 2.0630E-014
1648 2.4646E-014
1649 1.8376E-014
1649 1.6309E-014
1650 2.0227E-014
1651 2.0155E-014
1651 2.1756E-014
1652 2.0670E-014
1652 2.2837E-014
1653 2.3246E-014
1653 2.3095E-014
1654 1.9208E-014
1655 2.0455E-014
1655 2.0296E-014
1656 1.9310E-014
1656 1.4525E-014
1657 1.2343E-014
1658 1.6007E-014
1658 1.4362E-014
1659 1.3728E-014
1659 2.1344E-014
1660 2.4612E-014
1660 2.5440E-014
1661 2.4265E-014
1662 2.3814E-014
1662 2.6391E-014
1663 2.5212E-014
1663 2.3248E-014
1664 2.2106E-014
1665 2.5025E-014
1665 3.0531E-014
1666 2.6075E-014
1666 2.6064E-014
1667 2.5674E-014
1667 2.6463E-014
1668 2.4492E-014
1669 2.4232E-014
1669 2.3473E-014
1670 1.9093E-014
1670 1.5009E-014
1671 1.6472E-014
1671 1.8142E-014
1672 2.6964E-014
1673 2.2207E-014
1673 2.1311E-014
1674 2.2578E-014
1674 1.7124E-014
1675 2.1015E-014
1676 2.4944E-014
1676 2.5354E-014
1677 2.5824E-014
1677 2.7653E-014
1678 2.5579E-014
1679 2.5095E-014
1680 2.0083E-014
1682 2.2079E-014
1684 2.2374E-014
1685 2.2966E-014
1687 2.2987E-014
1688 2.1860E-014
1690 2.3491E-014
1691 2.3827E-014
1693 2.6391E-014
1694 2.5966E-014
1696 2.2277E-014
1697 2.4150E-014
1699 2.4501E-014
1700 2.3364E-014
1702 2.2147E-014
1704 2.2335E-014
1705 2.5778E-014
1707 2.3730E-014
1708 2.3752E-014
1710 2.5147E-014
1711 2.3313E-014
1713 2.5211E-014
1714 2.4988E-014
1716 2.3835E-014
1717 2.6471E-014
1719 2.5309E-014
1721 2.3731E-014
1722 2.4133E-014
1724 2.4210E-014
1725 2.3988E-014
1727 2.3973E-014
1728 2.5706E-014
1730 2.5199E-014
1731 2.4356E-014
1733 2.3633E-014
1734 2.4430E-014
1736 2.3923E-014
1738 2.6238E-014
1739 2.5422E-014
1741 2.8789E-014
1742 2.4406E-014
1744 2.5611E-014
1745 2.7704E-014
1747 2.5423E-014
1748 2.7323E-014
1750 2.7736E-014
1751 2.7730E-014
1753 3.2288E-014
1755 2.8644E-014
1756 3.0318E-014
1758 2.8416E-014
1759 2.6244E-014
1761 2.6237E-014
1762 2.4952E-014
1764 2.5226E-014
1765 2.5783E-014
1767 2.5335E-014
1768 2.7470E-014
1770 2.8865E-014
1772 2.7124E-014
1773 2.9648E-014
1775 2.8587E-014
1776 2.7833E-014
1778 2.8081E-014
1779 2.8672E-014
1781 2.9758E-014
1782 2.8263E-014
1784 2.9613E-014
1785 2.8675E-014
1787 2.8014E-014
1789 2.8322E-014
1790 2.9869E-014
1792 3.0029E-014
1793 3.2851E-014
1795 3.2997E-014
1796 3.3388E-014
1798 3.1413E-014
1799 3.0195E-014
1801 3.3164E-014
1802 3.1882E-014
1804 3.1584E-014
1806 3.2095E-014
1807 3.0368E-014
1809 2.6869E-014
1810 2.9989E-014
1812 3.1472E-014
1813 3.1257E-014
1815 2.9611E-014
1816 3.1965E-014
1818 3.1794E-014
1819 3.1799E-014
1821 3.2454E-014
1823 3.3383E-014
1824 3.0493E-014
1826 3.2580E-014
1827 3.0596E-014
1829 3.0135E-014
1830 3.0754E-014
1832 3.0293E-014
1833 2.9622E-014
1835 2.9460E-014
1836 2.8125E-014
1838 2.7534E-014
1840 2.7309E-014
1841 2.4462E-014
1843 2.7058E-014
1844 2.7828E-014
1846 2.6738E-014
1847 2.6704E-014
1849 2.5481E-014
1850 2.7049E-014
1852 2.5465E-014
1853 2.5313E-014
1855 2.8666E-014
1857 2.7615E-014
1858 2.7544E-014
1860 2.8765E-014
1861 2.7705E-014
1863 2.7747E-014
1864 2.8376E-014
1866 2.8751E-014
1867 2.8410E-014
1869 2.9198E-014
1870 2.9394E-014
1872 3.0854E-014
1874 2.8559E-014
1875 2.7887E-014
1877 2.8034E-014
1878 2.9131E-014
1880 2.9723E-014
1881 2.9967E-014
1883 3.1073E-014
1884 3.0726E-014
1886 3.0036E-014
1887 3.1535E-014
1889 2.8415E-014
1891 3.1304E-014
1892 3.0553E-014
1894 3.0719E-014
1895 3.1410E-014
1897 3.1520E-014
1898 2.9363E-014
1900 2.9521E-014
1901 3.1284E-014
1903 3.0830E-014
1904 3.0405E-014
1906 3.0620E-014
1908 2.9956E-014
1909 2.8504E-014
1911 2.8865E-014
1912 2.9251E-014
1914 3.1659E-014
1915 3.0374E-014
1917 2.9553E-014
1918 3.0939E-014
1920 3.0500E-014
1921 3.3279E-014
1923 3.0443E-014
1925 2.9833E-014
1926 3.0200E-014
1928 3.0754E-014
1929 3.0742E-014
1931 2.9889E-014
1932 2.9005E-014
1934 2.9277E-014
1935 3.0929E-014
1937 2.9437E-014
1938 3.2447E-014
1940 3.2364E-014
1942 3.1056E-014
1943 3.2850E-014
1945 3.2963E-014
1946 3.0717E-014
1948 3.1162E-014
1949 3.2560E-014
1951 2.9825E-014
1952 2.9996E-014
1954 3.1425E-014
1955 3.1094E-014
1957 3.1348E-014
1959 3.0852E-014
1960 3.0957E-014
1962 3.0468E-014
1963 3.1617E-014
1965 3.1461E-014
1966 3.1596E-014
1968 3.2028E-014
1969 3.1428E-014
1971 3.2961E-014
1972 3.1364E-014
1974 3.2331E-014
1976 3.2730E-014
1977 3.2603E-014
1979 3.3089E-014
1980 3.2813E-014
1982 3.2972E-014
1983 3.2815E-014
1985 3.1666E-014
1986 3.1132E-014
1988 3.1728E-014
1989 3.1185E-014
1991 3.2507E-014
1993 3.0515E-014
1994 3.0789E-014
1996 3.1007E-014
1997 3.1534E-014
1999 3.1233E-014
2000 2.8039E-014
2002 2.9922E-014
2003 3.0254E-014
2005 3.0169E-014
2006 3.1025E-014
2008 2.8935E-014
2010 3.0485E-014
2011 2.9436E-014
2013 2.8567E-014
2014 2.7417E-014
2016 2.8740E-014
2017 3.0512E-014
2019 2.8751E-014
2020 2.8705E-014
2022 2.8692E-014
2023 2.8939E-014
2025 2.9578E-014
2027 2.8273E-014
2028 2.9775E-014
2030 3.0851E-014
2031 3.0860E-014
2033 2.8589E-014
2034 3.0177E-014
2036 2.9359E-014
2037 2.8878E-014
2039 2.9374E-014
2040 2.8547E-014
2042 3.0101E-014
2044 3.0849E-014
2045 3.1090E-014
2047 3.2408E-014
2048 3.2380E-014
2050 3.1472E-014
2051 3.2221E-014
2053 3.2526E-014
2054 3.0445E-014
2056 2.8418E-014
2057 2.9183E-014
2059 3.0944E-014
2061 3.0294E-014
2062 2.7674E-014
2064 2.8809E-014
2065 2.8795E-014
2067 2.8195E-014
2068 2.8534E-014
2070 3.1044E-014
2071 3.1517E-014
2073 3.2415E-014
2074 3.2075E-014
2076 3.3887E-014
2078 3.4073E-014
2079 3.3959E-014
2081 3.1983E-014
2082 3.3550E-014
2084 3.2821E-014
2085 3.0856E-014
2087 3.1277E-014
2088 3.2238E-014
2090 3.2042E-014
2091 3.2246E-014
2093 3.0774E-014
2095 3.0699E-014
2096 3.0333E-014
2098 3.0614E-014
2099 2.9345E-014
2101 3.0088E-014
2102 2.9626E-014
2104 2.9487E-014
2105 3.0472E-014
2107 3.0624E-014
2108 2.8400E-014
2110 2.7305E-014
2112 2.8266E-014
2113 2.8765E-014
2115 2.8545E-014
2116 3.0926E-014
2118 3.1732E-014
2119 3.2527E-014
2121 3.0885E-014
2122 3.0698E-014
2124 3.0777E-014
2126 3.0458E-014
2127 2.9869E-014
2129 2.9259E-014
2130 2.7077E-014
2132 2.6894E-014
2133 2.3899E-014
2135 2.4137E-014
2136 2.5676E-014
2138 2.7938E-014
2139 2.7052E-014
2141 2.8100E-014
2143 2.8900E-014
2144 2.7790E-014
2146 2.8145E-014
2147 2.7937E-014
2149 2.9533E-014
2150 2.8928E-014
2152 2.8704E-014
2153 2.8578E-014
2155 2.8696E-014
2156 2.9076E-014
2158 2.7838E-014
2160 2.7372E-014
2161 2.7884E-014
2163 2.8399E-014
2164 2.7414E-014
2166 2.7252E-014
2167 2.6548E-014
2169 2.6700E-014
2170 2.7279E-014
2172 2.6973E-014
2173 2.9473E-014
2175 2.8409E-014
2177 2.8238E-014
2178 2.9221E-014
2180 2.8431E-014
2181 3.0100E-014
2183 2.8011E-014
2184 2.8437E-014
2186 2.8005E-014
2187 2.7208E-014
2189 2.9204E-014
2190 2.9208E-014
2192 2.8883E-014
2194 2.8510E-014
2195 2.9184E-014
2197 3.0863E-014
2198 3.1001E-014
2200 2.9696E-014
2201 2.8543E-014
2203 2.9256E-014
2204 2.9211E-014
2206 2.8998E-014
2208 2.6795E-014
2209 2.7214E-014
2211 2.6331E-014
2212 2.7001E-014
2214 2.5640E-014
2215 2.7167E-014
2217 2.7645E-014
2218 2.8647E-014
2220 2.7666E-014
2221 2.6847E-014
2223 2.6710E-014
2225 2.6888E-014
2226 2.6866E-014
2228 2.5763E-014
2229 2.7227E-014
2231 2.8277E-014
2232 2.8528E-014
2234 2.9329E-014
2235 2.9480E-014
2237 2.8926E-014
2238 2.7599E-014
2240 2.8184E-014
2242 2.7003E-014
2243 2.5883E-014
2245 2.4794E-014
2246 2.5638E-014
2248 2.6484E-014
2249 2.4238E-014
2251 2.4728E-014
2252 2.5424E-014
2254 2.4315E-014
2255 2.4014E-014
2257 2.4118E-014
2259 2.5453E-014
2260 2.5303E-014
2262 2.6517E-014
2263 2.6145E-014
2265 2.5472E-014
2266 2.5472E-014
2268 2.6540E-014
2269 2.5144E-014
2271 2.7041E-014
2272 2.6850E-014
2274 2.6929E-014
2276 2.7317E-014
2277 2.7400E-014
2279 2.7890E-014
2280 2.6978E-014
2282 2.8093E-014
2283 2.7705E-014
2285 2.7730E-014
2286 2.8519E-014
2288 2.7241E-014
2290 2.9235E-014
2291 2.8400E-014
2293 2.7373E-014
2294 2.7184E-014
2296 2.6286E-014
2297 2.5331E-014
2299 2.4544E-014
2300 2.5017E-014
2302 2.5701E-014
2303 2.6197E-014
2305 2.6159E-014
2307 2.5902E-014
2308 2.6267E-014
2310 2.6464E-014
2311 2.6223E-014
2313 2.5229E-014
2314 2.3837E-014
2316 2.5257E-014
2317 2.5821E-014
2319 2.4228E-014
2320 2.4052E-014
2322 2.5911E-014
2324 2.6418E-014
2325 2.4141E-014
2327 2.2116E-014
2328 2.2644E-014
2330 2.3158E-014
2331 2.3152E-014
2333 2.0642E-014
2334 2.0466E-014
2336 2.2336E-014
2338 2.1997E-014
2339 2.0885E-014
2341 2.1620E-014
2342 2.1332E-014
2344 1.8132E-014
2345 1.6848E-014
2347 1.9404E-014
2348 1.9722E-014
2350 2.1213E-014
2351 2.2891E-014
2353 2.2642E-014
2355 2.3049E-014
2356 2.2679E-014
2358 2.2708E-014
2359 2.0694E-014
2361 1.8973E-014
2362 2.0023E-014
2364 2.1721E-014
2365 2.1108E-014
2367 2.1140E-014
2368 2.2016E-014
2370 2.1878E-014
2372 2.2733E-014
2373 2.2148E-014
2375 1.9536E-014
2376 2.1051E-014
2378 2.2451E-014
2379 2.1219E-014
2381 1.8471E-014
2382 1.5490E-014
2384 1.5544E-014
2385 2.0623E-014
2387 2.2389E-014
2389 2.0229E-014
2390 2.0069E-014
2392 2.2531E-014
2393 2.3143E-014
2395 2.0631E-014
2396 1.8530E-014
2398 1.9877E-014
2399 2.0117E-014
2401 1.9501E-014
2403 2.0757E-014
2404 2.0110E-014
2406 1.7775E-014
2407 1.8682E-014
2409 1.9703E-014
2410 1.9998E-014
2412 1.9194E-014
2413 2.1157E-014
2415 2.1037E-014
2416 2.2849E-014
2418 2.2767E-014
2420 2.3141E-014
2421 2.4801E-014
2423 2.5802E-014
2424 2.2958E-014
2426 2.2902E-014
2427 2.3670E-014
2429 2.3065E-014
2430 2.3256E-014
2432 2.4052E-014
2433 2.2512E-014
2435 2.2217E-014
2437 2.3198E-014
2438 2.2207E-014
2440 2.3224E-014
2441 2.5083E-014
2443 2.5127E-014
2444 2.3874E-014
2446 2.2815E-014
2447 2.2433E-014
2449 2.2983E-014
2451 2.3038E-014
2452 2.2956E-014
2454 2.3743E-014
2455 2.2419E-014
2457 2.3630E-014
2458 2.3121E-014
2460 2.2497E-014
2461 2.2799E-014
2463 2.1253E-014
2464 2.1401E-014
2466 2.1925E-014
2468 2.1578E-014
2469 2.2465E-014
2471 2.3064E-014
2472 2.2723E-014
2474 2.2294E-014
2475 2.3477E-014
2477 2.3332E-014
2478 2.2178E-014
2480 2.1808E-014
2482 2.3312E-014
2483 2.1847E-014
2485 2.1545E-014
2486 2.3101E-014
2488 2.3225E-014
2489 2.1973E-014
2491 2.0357E-014
2492 2.1237E-014
2494 2.2533E-014
2495 2.4821E-014
2497 2.4606E-014
2499 2.3627E-014
2500 2.4567E-014
2502 2.5466E-014
2503 2.4261E-014
2505 2.4314E-014
2506 2.3474E-014
2508 2.3320E-014
2509 2.3304E-014
2511 2.5340E-014
2512 2.2620E-014
2514 2.2962E-014
2516 2.3433E-014
2517 2.2668E-014
2519 2.1927E-014
2520 2.1543E-014
2522 2.0752E-014
2523 2.0663E-014
2525 2.0667E-014
2526 1.9677E-014
2528 1.8951E-014
2530 1.8798E-014
2531 2.0167E-014
2533 2.0396E-014
2534 2.0440E-014
2536 1.9094E-014
2537 1.8712E-014
2539 1.8743E-014
2540 1.9376E-014
2542 1.9639E-014
2543 1.8848E-014
2545 1.9713E-014
2547 1.8611E-014
2548 1.9326E-014
2550 1.8525E-014
2551 1.9609E-014
2553 2.2908E-014
2554 2.2965E-014
2556 2.3360E-014
2557 2.2754E-014
2559 2.2326E-014
2561 2.2610E-014
2562 2.2702E-014
2564 2.1127E-014
2565 2.2013E-014
2567 2.3641E-014
2568 2.4333E-014
2570 2.4074E-014
2571 2.3484E-014
2573 2.3093E-014
2574 2.3142E-014
2576 2.1229E-014
2578 2.0662E-014
2579 2.2356E-014
2581 2.3505E-014
2582 2.3954E-014
2584 2.2374E-014
2585 2.2292E-014
2587 2.0377E-014
2588 2.2482E-014
2590 2.2585E-014
2591 2.2298E-014
2593 2.0329E-014
2595 1.9418E-014
2596 2.0621E-014
2598 2.1411E-014
2599 1.7442E-014
2601 1.7743E-014
2602 2.2093E-014
2604 2.1868E-014
2605 1.9559E-014
2607 1.8333E-014
2609 1.8652E-014
2610 2.0981E-014
2612 1.9746E-014
2613 1.9568E-014
2615 2.1034E-014
2616 2.3160E-014
2618 2.3014E-014
2619 2.1943E-014
2621 2.2434E-014
2622 2.3148E-014
2624 2.4572E-014
2626 2.2990E-014
2627 2.2119E-014
2629 2.2728E-014
2630 2.2138E-014
2632 2.0393E-014
2633 2.1235E-014
2635 2.4290E-014
2636 2.5163E-014
2638 2.5887E-014
2640 2.5640E-014
2641 2.7306E-014
2643 2.7664E-014
2644 2.8032E-014
2646 2.7407E-014
2647 2.7680E-014
2649 2.8000E-014
2650 2.7461E-014
2652 2.6923E-014
2653 2.6759E-014
2655 2.7903E-014
2657 2.7924E-014
2658 2.8031E-014
2660 2.6718E-014
2661 2.6580E-014
2663 2.5101E-014
2664 2.4340E-014
2666 2.4294E-014
2667 2.4378E-014
2669 2.4127E-014
2671 2.5440E-014
2672 2.4486E-014
2674 2.4317E-014
2675 2.4898E-014
2677 2.4707E-014
2678 2.5108E-014
2680 2.5061E-014
2681 2.5346E-014
2683 2.4844E-014
2684 2.5735E-014
2686 2.4793E-014
2688 2.4163E-014
2689 2.4609E-014
2691 2.4786E-014
2692 2.4748E-014
2694 2.4588E-014
2695 2.4800E-014
2697 2.5898E-014
2698 2.3550E-014
2700 2.4171E-014
2702 2.4391E-014
2703 2.4739E-014
2705 2.4382E-014
2706 2.5423E-014
2708 2.4019E-014
2709 2.4540E-014
2711 2.3625E-014
2712 2.3967E-014
2714 2.5276E-014
2715 2.3868E-014
2717 2.5547E-014
2719 2.4241E-014
2720 2.3818E-014
2722 2.4819E-014
2723 2.5620E-014
2725 2.4647E-014
2726 2.4684E-014
2728 2.3527E-014
2729 2.5427E-014
2731 2.6263E-014
2733 2.6661E-014
2734 2.6217E-014
2736 2.6029E-014
2737 2.5036E-014
2739 2.3684E-014
2740 2.3338E-014
2742 2.2964E-014
2743 2.2112E-014
2745 2.1949E-014
2746 2.1153E-014
2748 2.1266E-014
2750 2.0754E-014
2751 2.1567E-014
2753 2.2603E-014
2754 2.3134E-014
2756 2.1542E-014
2757 2.2417E-014
2759 2.2928E-014
2760 2.2557E-014
2762 2.3151E-014
2764 2.2693E-014
2765 2.3041E-014
2767 2.3571E-014
2768 2.3045E-014
2770 2.3631E-014
2771 2.5297E-014
2773 2.6184E-014
2774 2.5760E-014
2776 2.5602E-014
2777 2.4322E-014
2779 2.4561E-014
2781 2.3687E-014
2782 2.3952E-014
2784 2.3917E-014
2785 2.3785E-014
2787 2.4835E-014
2788 2.4501E-014
2790 2.2451E-014
2791 2.0762E-014
2793 1.9283E-014
2795 1.6547E-014
2796 1.3110E-014
2798 1.4329E-014
2799 1.6778E-014
2801 1.7638E-014
2802 1.5057E-014
2804 1.4381E-014
2805 1.8839E-014
2807 2.1895E-014
2809 2.3037E-014
2810 2.3869E-014
2812 2.3775E-014
2813 2.5064E-014
2815 2.5135E-014
2816 2.6039E-014
2818 2.5329E-014
2819 2.6338E-014
2821 2.7516E-014
2822 2.7235E-014
2824 2.8018E-014
2826 2.6780E-014
2827 2.6230E-014
2829 2.6664E-014
2830 2.6441E-014
2832 2.5309E-014
2833 2.6512E-014
2835 2.5818E-014
2836 2.6054E-014
2838 2.5947E-014
2840 2.5039E-014
2841 2.4479E-014
2843 2.5303E-014
2844 2.5576E-014
2846 2.6007E-014
2847 2.5350E-014
2849 2.3853E-014
2850 2.2799E-014
2852 2.1440E-014
2853 2.2909E-014
2855 2.3904E-014
2857 2.3477E-014
2858 2.4351E-014
2860 2.4751E-014
2861 2.5874E-014
2863 2.5847E-014
2864 2.6702E-014
2866 2.5825E-014
2867 2.4380E-014
2869 2.4637E-014
2871 2.4843E-014
2872 2.5545E-014
2874 2.4320E-014
2875 2.5025E-014
2877 2.5616E-014
2878 2.5211E-014
2880 2.5985E-014
2881 2.5994E-014
2883 2.6319E-014
2885 2.6769E-014
2886 2.6455E-014
2888 2.6029E-014
2889 2.5534E-014
2891 2.4627E-014
2892 2.4643E-014
2894 2.4636E-014
2895 2.3628E-014
2897 2.4927E-014
2898 2.6430E-014
2900 2.7212E-014
2902 2.8007E-014
2903 2.7854E-014
2905 2.8084E-014
2906 2.7538E-014
2908 2.8233E-014
2909 2.6619E-014
2911 2.7143E-014
2912 2.7962E-014
2914 2.7878E-014
2916 2.7847E-014
2917 2.8070E-014
2919 2.8963E-014
2920 2.8763E-014
2922 2.7032E-014
2923 2.7248E-014
2925 2.6009E-014
2926 2.5234E-014
2928 2.5401E-014
2929 2.5564E-014
2931 2.5574E-014
2933 2.5863E-014
2934 2.5050E-014
2936 2.5456E-014
2937 2.6048E-014
2939 2.5958E-014
2940 2.5610E-014
2942 2.5156E-014
2943 2.6593E-014
2945 2.6445E-014
2947 2.6428E-014
2948 2.6116E-014
2950 2.5091E-014
2951 2.5535E-014
2953 2.6112E-014
2954 2.6574E-014
2956 2.6297E-014
2957 2.8028E-014
2959 2.7661E-014
2961 2.8228E-014
2962 2.7688E-014
2964 2.8006E-014
2965 2.7671E-014
2967 2.7952E-014
2968 2.7284E-014
2970 2.8072E-014
2971 2.7097E-014
2973 2.7306E-014
2974 2.8803E-014
2976 2.9217E-014
2978 2.7206E-014
2979 2.6267E-014
2981 2.6468E-014
2982 2.7335E-014
2984 2.7693E-014
2985 2.7159E-014
2987 2.6512E-014
2988 2.7823E-014
2990 2.8210E-014
2992 2.7775E-014
2993 2.9659E-014
2995 2.7995E-014
2996 2.9342E-014
2998 2.9078E-014
2999 2.7802E-014
3001 2.7823E-014
3002 2.7760E-014
3004 2.7618E-014
3006 2.8644E-014
3007 2.8275E-014
3009 2.9556E-014
3010 2.8857E-014
3012 3.0577E-014
3013 2.8883E-014
3015 2.8485E-014
3016 2.8440E-014
3018 2.8810E-014
3019 2.8085E-014
3021 2.7297E-014
3023 2.9042E-014
3024 2.7809E-014
3026 2.8377E-014
3027 2.7425E-014
3029 2.8208E-014
3030 2.9385E-014
3032 2.7914E-014
3033 2.7519E-014
3035 2.8651E-014
3037 2.6839E-014
3038 2.8171E-014
3040 2.7229E-014
3041 2.8292E-014
3043 2.8041E-014
3044 2.8692E-014
3046 2.7716E-014
3047 2.7769E-014
3049 2.7917E-014
3051 2.7849E-014
3052 2.8887E-014
3054 2.8624E-014
3055 2.7647E-014
3057 2.7103E-014
3058 2.6441E-014
3060 2.8811E-014
3061 2.7094E-014
3063 2.6316E-014
3065 2.7898E-014
3066 2.7804E-014
3068 2.8720E-014
3071 2.7638E-014
3074 2.7467E-014
3076 2.7018E-014
3079 2.7710E-014
3082 2.8267E-014
3085 2.7807E-014
3087 2.7593E-014
3090 2.7682E-014
3093 2.6361E-014
3096 2.7282E-014
3098 2.7803E-014
3101 2.7855E-014
3104 2.6900E-014
3107 2.7844E-014
3109 2.8293E-014
3112 2.7945E-014
3115 2.6992E-014
3118 2.6402E-014
3120 2.6547E-014
3123 2.6417E-014
3126 2.7742E-014
3129 2.7843E-014
3131 2.6517E-014
3134 2.6147E-014
3137 2.6569E-014
3140 2.6913E-014
3142 2.7424E-014
3145 2.7456E-014
3148 2.7845E-014
3151 2.7570E-014
3153 2.8319E-014
3156 2.7423E-014
3159 2.7304E-014
3162 2.6868E-014
3164 2.7840E-014
3167 2.8227E-014
3170 2.7846E-014
3173 2.7896E-014
3175 2.7728E-014
3178 2.7668E-014
3181 2.6790E-014
3184 2.7612E-014
3186 2.7002E-014
3189 2.7332E-014
3192 2.7632E-014
3195 2.7051E-014
3197 2.8135E-014
3200 2.8281E-014
3203 2.8618E-014
3206 2.7429E-014
3208 2.7211E-014
3211 2.6798E-014
3214 2.7197E-014
3217 2.6954E-014
3219 2.7259E-014
3222 2.7959E-014
3225 2.6984E-014
3228 2.6753E-014
3230 2.6123E-014
3233 2.6575E-014
3236 2.6040E-014
3239 2.6128E-014
3241 2.7587E-014
3244 2.7096E-014
3247 2.7414E-014
3250 2.6865E-014
3252 2.7006E-014
3255 2.6719E-014
3258 2.7928E-014
3261 2.7050E-014
3263 2.7449E-014
3266 2.7514E-014
3269 2.7740E-014
3272 2.7523E-014
3274 2.7412E-014
3277 2.6579E-014
3280 2.6870E-014
3283 2.7802E-014
3285 2.7947E-014
3288 2.7143E-014
3291 2.7875E-014
3294 2.8261E-014
3296 2.7149E-014
3299 2.7921E-014
3302 2.8283E-014
3304 2.7225E-014
3307 2.8095E-014
3310 2.7331E-014
3313 2.7521E-014
3315 2.7711E-014
3318 2.8150E-014
3321 2.6993E-014
3324 2.6937E-014
3326 2.6826E-014
3329 2.7173E-014
3332 2.7186E-014
3335 2.6669E-014
3337 2.6762E-014
3340 2.6756E-014
3343 2.7219E-014
3346 2.7872E-014
3348 2.6992E-014
3351 2.7335E-014
3354 2.7296E-014
3357 2.8123E-014
3359 2.7360E-014
3362 2.7230E-014
3365 2.8002E-014
3368 2.6177E-014
3370 2.6698E-014
3373 2.6943E-014
3376 2.7318E-014
3379 2.6375E-014
3381 2.6527E-014
3384 2.7356E-014
3387 2.7790E-014
3390 2.7827E-014
3392 2.6810E-014
3395 2.7449E-014
3398 2.8126E-014
3401 2.7729E-014
3403 2.6823E-014
3406 2.7265E-014
3409 2.7870E-014
3412 2.6900E-014
3414 2.7130E-014
3417 2.7581E-014
3420 2.6851E-014
3423 2.7317E-014
3425 2.8047E-014
3428 2.7424E-014
3431 2.7873E-014
3434 2.7260E-014
3436 2.7389E-014
3439 2.7246E-014
3442 2.5649E-014
3445 2.5780E-014
3447 2.6480E-014
3450 2.6898E-014
3453 2.6574E-014
3456 2.7031E-014
3458 2.6492E-014
3461 2.6378E-014
3464 2.7041E-014
3467 2.6856E-014
3469 2.7393E-014
3472 2.7016E-014
3475 2.6982E-014
3478 2.6004E-014
3480 2.6865E-014
3483 2.6687E-014
3486 2.6829E-014
3489 2.7181E-014
3491 2.6166E-014
3494 2.5607E-014
3497 2.5879E-014
3500 2.6014E-014
3502 2.7065E-014
3505 2.6614E-014
3508 2.6904E-014
3511 2.6923E-014
3513 2.6716E-014
3516 2.7277E-014
3519 2.6618E-014
3522 2.6791E-014
3524 2.6942E-014
3527 2.6477E-014
3530 2.7355E-014
3533 2.7504E-014
3535 2.7062E-014
3538 2.7638E-014
3541 2.7212E-014
3544 2.7412E-014
3546 2.6986E-014
3549 2.6641E-014
3552 2.7115E-014
3555 2.6799E-014
3557 2.6181E-014
3560 2.7716E-014
3563 2.6977E-014
3566 2.5959E-014
3568 2.6104E-014
3571 2.6095E-014
3574 2.5913E-014
3577 2.6014E-014
3579 2.6348E-014
3582 2.5976E-014
3585 2.5560E-014
3588 2.6078E-014
3590 2.5730E-014
3593 2.6220E-014
3596 2.6133E-014
3599 2.6154E-014
3601 2.6215E-014
3604 2.6539E-014
3607 2.6741E-014
3610 2.5813E-014
3612 2.5928E-014
3615 2.5651E-014
3618 2.6533E-014
3621 2.6228E-014
3623 2.6408E-014
3626 2.6694E-014
3629 2.6745E-014
3632 2.5920E-014
3634 2.5755E-014
3637 2.7014E-014
3640 2.7596E-014
3643 2.6729E-014
3645 2.6080E-014
3648 2.6004E-014
3651 2.6223E-014
3654 2.6812E-014
3656 2.7000E-014
3659 2.6679E-014
3662 2.6592E-014
3665 2.6711E-014
3667 2.6982E-014
3670 2.7134E-014
3673 2.6922E-014
3675 2.6289E-014
3678 2.6066E-014
3681 2.6003E-014
3684 2.5968E-014
3686 2.6510E-014
3689 2.6707E-014
3692 2.7008E-014
3695 2.6986E-014
3697 2.6561E-014
3700 2.6594E-014
3703 2.6748E-014
3706 2.6379E-014
3708 2.8953E-014
3711 2.4414E-014
3714 2.6353E-014
3717 2.9711E-014
3719 2.9053E-014
3722 2.5338E-014
3725 2.8494E-014
3728 3.2153E-014
3730 3.1894E-014
3733 2.6419E-014
3736 2.6656E-014
3739 3.1661E-014
3741 3.6303E-014
3744 3.5128E-014
3747 3.0617E-014
3750 2.5415E-014
3752 2.7303E-014
3755 3.4627E-014
3758 3.9454E-014
3761 4.0626E-014
3763 3.8487E-014
3766 3.5408E-014
3769 2.8671E-014
3772 2.7182E-014
3774 3.1417E-014
3777 3.9185E-014
3780 4.5412E-014
3783 4.9251E-014
3785 4.9147E-014
3788 4.6786E-014
3791 4.2397E-014
3794 3.6069E-014
3796 2.8407E-014
3799 2.5518E-014
3802 3.2874E-014
3805 4.0774E-014
3807 4.7047E-014
3810 5.1961E-014
3813 5.3856E-014
3816 5.4574E-014
3818 5.6345E-014
3821 5.3905E-014
3824 5.0213E-014
3827 4.4981E-014
3829 3.9573E-014
3832 3.2828E-014
3835 2.5371E-014
3838 2.6817E-014
3840 3.3910E-014
3843 4.2285E-014
3846 4.9201E-014
3849 5.3561E-014
3851 5.8191E-014
3854 6.1615E-014
3857 6.2566E-014
3860 6.3593E-014
3862 6.4635E-014
3865 6.5376E-014
3868 6.4049E-014
3871 6.3147E-014
3873 5.9946E-014
3876 5.6297E-014
3879 5.0249E-014
3882 4.5587E-014
3884 3.8024E-014
3887 3.0424E-014
3890 2.4962E-014
3893 3.0433E-014
3895 3.8142E-014
3898 4.4713E-014
3901 4.9426E-014
3904 5.4268E-014
3906 5.8450E-014
3909 6.3041E-014
3912 6.5575E-014
3915 6.6277E-014
3917 6.8018E-014
3920 6.8801E-014
3923 6.9694E-014
3926 7.0095E-014
3928 6.8082E-014
3931 6.2005E-014
3934 5.2070E-014
3937 5.7989E-014
3939 6.5604E-014
3942 6.7838E-014
3945 6.6211E-014
3948 6.4979E-014
3950 6.2502E-014
3953 5.9850E-014
3956 5.5841E-014
3959 5.2424E-014
3961 4.6834E-014
3964 4.0353E-014
3967 3.2647E-014
3970 2.6317E-014
3972 2.6953E-014
3975 3.3743E-014
3978 4.1391E-014
3981 4.6871E-014
3983 5.2428E-014
3986 5.5591E-014
3989 5.9567E-014
3992 6.3083E-014
3994 6.5982E-014
3997 6.6960E-014
4000 6.8199E-014
4003 7.0104E-014
4005 6.8895E-014
4008 7.1824E-014
4011 7.3170E-014
4014 7.3362E-014
4016 7.3020E-014
4019 7.3779E-014
4022 7.4011E-014
4025 7.3285E-014
4027 7.3281E-014
4030 7.2664E-014
4033 7.0968E-014
4036 7.1693E-014
4038 7.3931E-014
4041 7.3892E-014
4044 7.3122E-014
4047 7.1368E-014
4049 7.1788E-014
4052 7.2134E-014
4055 6.9853E-014
4058 7.0087E-014
4060 6.9695E-014
4063 6.8553E-014
4066 6.7981E-014
4069 6.7753E-014
4071 6.6296E-014
4074 6.4692E-014
4077 6.2568E-014
4080 6.0101E-014
4082 5.9764E-014
4085 5.6962E-014
4088 5.3663E-014
4091 5.0141E-014
4093 4.4879E-014
4096 3.9474E-014
4099 3.2726E-014
4102 2.5910E-014
4104 2.6824E-014
4107 3.3519E-014
4110 4.0456E-014
4113 4.5901E-014
4115 5.0178E-014
4118 5.4565E-014
4121 5.7329E-014
4124 5.9793E-014
4126 6.1401E-014
4129 6.1936E-014
4132 6.4856E-014
4135 6.5500E-014
4137 6.6505E-014
4140 6.8603E-014
4143 6.9202E-014
4146 6.8258E-014
4148 6.8804E-014
4151 6.9377E-014
4154 7.0030E-014
4157 6.8480E-014
4159 6.9086E-014
4162 6.9885E-014
4165 6.9517E-014
4168 6.9240E-014
4170 6.8623E-014
4173 6.5272E-014
4176 6.7049E-014
4179 6.6647E-014
4181 6.7679E-014
4184 6.8474E-014
4187 6.7863E-014
4190 6.8289E-014
4192 6.9531E-014
4195 6.9363E-014
4198 6.8195E-014
4201 6.7169E-014
4203 6.7292E-014
4206 6.8361E-014
4209 6.8834E-014
4211 6.8591E-014
4214 6.7998E-014
4217 6.8057E-014
4220 6.8048E-014
4222 6.8652E-014
4225 6.7740E-014
4228 6.6560E-014
4231 6.8672E-014
4233 6.7220E-014
4236 6.6309E-014
4239 6.6123E-014
4242 6.7746E-014
4244 6.7548E-014
4247 6.6281E-014
4250 6.5518E-014
4253 6.6712E-014
4255 6.6477E-014
4258 6.6359E-014
4261 6.6850E-014
4264 6.5911E-014
4266 6.7242E-014
4269 6.5932E-014
4272 6.5404E-014
4275 6.4111E-014
4277 6.6010E-014
4280 6.5474E-014
4283 6.3418E-014
4286 6.4459E-014
4288 6.3390E-014
4291 6.2375E-014
4294 6.3260E-014
4297 6.1879E-014
4299 6.0667E-014
4302 5.8991E-014
4305 5.9159E-014
4308 5.8432E-014
4310 5.8152E-014
4313 5.6825E-014
4316 5.5802E-014
4319 5.4365E-014
4321 5.2424E-014
4324 5.0181E-014
4327 4.7156E-014
4330 4.3807E-014
4332 4.0147E-014
4335 3.4788E-014
4338 2.9314E-014
4341 2.3675E-014
4343 2.4820E-014
4346 3.1163E-014
4349 3.6538E-014
4352 4.0363E-014
4354 4.4117E-014
4357 4.7976E-014
4360 5.0628E-014
4363 5.2778E-014
4365 5.5241E-014
4368 5.5349E-014
4371 5.6331E-014
4374 5.7387E-014
4376 5.7778E-014
4379 5.9905E-014
4382 5.9404E-014
4385 5.8943E-014
4387 5.8858E-014
4390 5.9151E-014
4393 6.0075E-014
4396 5.9811E-014
4398 6.0514E-014
4401 6.0799E-014
4404 6.1039E-014
4407 6.1071E-014
4409 6.1916E-014
4412 6.1513E-014
4415 6.1107E-014
4418 6.0164E-014
4420 6.0717E-014
4423 6.0997E-014
4426 6.0588E-014
4429 6.2058E-014
4431 6.1502E-014
4434 6.0939E-014
4437 6.1331E-014
4440 6.1713E-014
4442 6.0771E-014
4445 5.9912E-014
4448 6.0878E-014
4451 6.0331E-014
4453 6.0207E-014
4456 5.8925E-014
4459 5.9680E-014
4462 5.9159E-014
4464 6.0133E-014
4467 5.9427E-014
4470 5.8894E-014
4473 5.9710E-014
4475 6.0323E-014
4478 5.9572E-014
4481 5.6973E-014
4484 5.6892E-014
4486 5.9130E-014
4489 5.8962E-014
4492 5.8814E-014
4495 5.9656E-014
4497 5.9632E-014
4500 5.9444E-014
4503 5.9350E-014
4506 5.9286E-014
4508 5.9807E-014
4511 5.9656E-014
4514 5.9595E-014
4516 5.9218E-014
4519 5.9425E-014
4522 5.8339E-014
4525 5.8295E-014
4527 5.8372E-014
4530 5.7831E-014
4533 5.7430E-014
4536 5.8122E-014
4538 5.8840E-014
4541 5.8500E-014
4544 5.7996E-014
4547 5.7754E-014
4549 5.6136E-014
4552 5.5636E-014
4555 5.7015E-014
4558 5.6368E-014
4560 5.7389E-014
4563 5.7179E-014
4566 5.7437E-014
4569 5.7160E-014
4571 5.6821E-014
4574 5.7536E-014
4577 5.7814E-014
4580 5.7216E-014
4582 5.6843E-014
4585 5.5655E-014
4588 5.5676E-014
4591 5.6137E-014
4593 5.6207E-014
4596 5.7338E-014
4599 5.6809E-014
4602 5.7115E-014
4604 5.7161E-014
4607 5.7434E-014
4610 5.7596E-014
4613 5.6593E-014
4615 5.6257E-014
4618 5.6081E-014
4621 5.5145E-014
4624 5.5968E-014
4626 5.5749E-014
4629 5.5948E-014
4632 5.5914E-014
4635 5.5712E-014
4637 5.5059E-014
4640 5.5302E-014
4643 5.5578E-014
4646 5.5048E-014
4648 5.4943E-014
4651 5.4935E-014
4654 5.5473E-014
4657 5.4895E-014
4659 5.4714E-014
4662 5.5292E-014
4665 5.4639E-014
4668 5.4381E-014
4670 5.4123E-014
4673 5.4592E-014
4676 5.4526E-014
4679 5.4767E-014
4681 5.3911E-014
4684 5.4160E-014
4687 5.4695E-014
4690 5.4703E-014
4692 5.4011E-014
4695 5.4431E-014
4698 5.3639E-014
4700 5.3384E-014
4703 5.2954E-014
4706 5.2945E-014
4709 5.3145E-014
4711 5.3112E-014
4714 5.3197E-014
4717 5.3370E-014
4720 5.3616E-014
4722 5.3303E-014
4725 5.3376E-014
4728 5.3214E-014
4731 5.2244E-014
4733 5.2145E-014
4736 5.2879E-014
4739 5.1984E-014
4742 5.2299E-014
4744 5.1660E-014
4747 5.2164E-014
4750 5.2241E-014
4753 5.2101E-014
4755 5.1811E-014
4758 5.1632E-014
4761 5.1493E-014
4764 5.0207E-014
4766 4.9628E-014
4769 5.0863E-014
4772 5.1015E-014
4775 5.1342E-014
4777 5.1669E-014
4780 5.0387E-014
4783 5.0660E-014
4786 5.0719E-014
4788 5.0161E-014
4791 5.0628E-014
4794 5.0150E-014
4797 4.9906E-014
4799 4.9454E-014
4802 4.8937E-014
4805 4.9053E-014
4808 4.8041E-014
4810 4.8292E-014
4813 4.8327E-014
4816 4.8693E-014
4819 4.7971E-014
4821 4.7122E-014
4824 4.6162E-014
4827 4.5540E-014
4830 4.5436E-014
4832 4.5195E-014
4835 4.3333E-014
4838 4.2957E-014
4841 4.1834E-014
4843 4.0987E-014
4846 3.8508E-014
4849 3.6527E-014
4851 3.4168E-014
4854 3.0982E-014
4857 2.7103E-014
4860 2.3118E-014
4862 1.9801E-014
4865 2.2647E-014
4868 2.6900E-014
4871 3.0536E-014
4873 3.3076E-014
4876 3.5623E-014
4879 3.7359E-014
4882 3.9189E-014
4884 3.9839E-014
4887 4.0994E-014
4890 4.2003E-014
4893 4.2696E-014
4895 4.3239E-014
4898 4.4313E-014
4901 4.5077E-014
4904 4.4890E-014
4906 4.5884E-014
4909 4.5639E-014
4912 4.5675E-014
4915 4.5510E-014
4917 4.5967E-014
4920 4.5219E-014
4923 4.4989E-014
4926 4.5620E-014
4928 4.6258E-014
4931 4.6493E-014
4934 4.6085E-014
4937 4.6084E-014
4939 4.6390E-014
4942 4.6636E-014
4945 4.6811E-014
4948 4.6903E-014
4950 4.6276E-014
4953 4.6541E-014
4956 4.6057E-014
4959 4.5591E-014
4961 4.6179E-014
4964 4.6554E-014
4967 4.6819E-014
4969 4.6446E-014
4972 4.6678E-014
4975 4.6296E-014
4978 4.6448E-014
4980 4.5978E-014
4983 4.5454E-014
4986 4.5024E-014
4989 4.5299E-014
4991 4.5559E-014
4994 4.6022E-014
4997 4.5506E-014
5000 4.5631E-014
5002 4.4745E-014
5005 4.4596E-014
5008 4.4655E-014
5011 4.5627E-014
5013 4.5218E-014
5016 4.4785E-014
5019 4.4119E-014
5022 4.4277E-014
5024 4.4770E-014
5027 4.5748E-014
5030 4.5017E-014
5033 4.5339E-014
5035 4.5323E-014
5038 4.4954E-014
5041 4.4231E-014
5044 4.4409E-014
5046 4.4645E-014
5049 4.4889E-014
5052 4.5304E-014
5055 4.5365E-014
5057 4.4663E-014
5060 4.4842E-014
5063 4.4483E-014
5065 4.4291E-014
5068 4.4441E-014
5071 4.4029E-014
5074 4.4483E-014
5076 4.3611E-014
5079 4.4206E-014
5082 4.3733E-014
5085 4.4041E-014
5087 4.3802E-014
5090 4.3838E-014
5093 4.4369E-014
5096 4.4049E-014
5098 4.3281E-014
5101 4.3427E-014
5104 4.3676E-014
5107 4.4104E-014
5109 4.3745E-014
5112 4.3317E-014
5115 4.4155E-014
5118 4.3763E-014
5120 4.3254E-014
5123 4.2902E-014
5126 4.2589E-014
5129 4.2573E-014
5131 4.2897E-014
5134 4.2583E-014
5137 4.1989E-014
5140 4.2511E-014
5142 4.2578E-014
5145 4.2179E-014
5148 4.2234E-014
5151 4.2276E-014
5153 4.1946E-014
5156 4.2146E-014
5159 4.2260E-014
5161 4.2126E-014
5164 4.1482E-014
5167 4.0665E-014
5170 3.9417E-014
5172 4.0335E-014
5175 4.1095E-014
5178 4.1326E-014
5181 4.1188E-014
5183 4.0891E-014
5186 4.0668E-014
5189 4.0490E-014
5192 4.0882E-014
5194 4.0317E-014
5197 4.0722E-014
5200 4.0623E-014
5203 4.0615E-014
5205 4.0655E-014
5208 4.0404E-014
5211 4.0821E-014
5214 4.1189E-014
5216 3.9918E-014
5219 4.0473E-014
5222 4.1433E-014
5225 4.0693E-014
5227 3.9666E-014
5230 3.9618E-014
5233 3.9483E-014
5235 3.9616E-014
5238 4.0165E-014
5241 4.0487E-014
5244 4.0273E-014
5246 4.0233E-014
5249 4.0132E-014
5252 4.0468E-014
5255 4.0661E-014
5257 3.9985E-014
5260 4.0285E-014
5263 3.9248E-014
5266 3.8732E-014
5268 3.8978E-014
5271 3.9044E-014
5274 3.9063E-014
5277 3.8376E-014
5279 3.8777E-014
5282 3.9529E-014
5285 3.9276E-014
5288 3.9944E-014
5290 3.9989E-014
5293 3.9552E-014
5296 3.9408E-014
5299 3.8900E-014
5301 3.9233E-014
5304 3.9210E-014
5307 3.9193E-014
5309 3.9204E-014
5312 3.8935E-014
5315 3.8099E-014
5318 3.8648E-014
5320 3.9162E-014
5323 3.8944E-014
5326 3.8679E-014
5329 3.7741E-014
5331 3.7928E-014
5334 3.8909E-014
5337 3.8596E-014
5340 3.7707E-014
5342 3.8459E-014
5345 3.8187E-014
5348 3.8292E-014
5351 3.8557E-014
5353 3.8694E-014
5356 3.8783E-014
5359 3.8626E-014
5362 3.8679E-014
5364 3.8092E-014
5367 3.7623E-014
5370 3.7551E-014
5372 3.7561E-014
5375 3.8312E-014
5378 3.8339E-014
5381 3.7770E-014
5383 3.7701E-014
5386 3.7984E-014
5389 3.8157E-014
5392 3.7586E-014
5394 3.6719E-014
5397 3.7008E-014
5400 3.7255E-014
5403 3.7082E-014
5405 3.6683E-014
5408 3.6437E-014
5411 3.6957E-014
5414 3.6965E-014
5416 3.7079E-014
5419 3.7001E-014
5422 3.6916E-014
5425 3.7084E-014
5427 3.6888E-014
5430 3.7003E-014
5433 3.7177E-014
5435 3.7082E-014
5438 3.7105E-014
5441 3.7471E-014
5444 3.7151E-014
5446 3.6445E-014
5449 3.6933E-014
5451 3.6480E-014
5456 3.6318E-014
5460 3.6565E-014
5465 3.6268E-014
5470 3.6551E-014
5475 3.6798E-014
5480 3.6046E-014
5485 3.6227E-014
5490 3.6596E-014
5495 3.6304E-014
5499 3.6039E-014
5504 3.5571E-014
5509 3.5629E-014
5514 3.5393E-014
5519 3.5839E-014
5524 3.5833E-014
5529 3.5437E-014
5534 3.4878E-014
5538 3.5002E-014
5543 3.5405E-014
5548 3.4912E-014
5553 3.5076E-014
5558 3.4836E-014
5563 3.4806E-014
5568 3.4607E-014
5572 3.4530E-014
5577 3.4325E-014
5582 3.4642E-014
5587 3.4093E-014
5592 3.4030E-014
5597 3.4434E-014
5602 3.4217E-014
5607 3.4103E-014
5611 3.4184E-014
5616 3.3737E-014
5621 3.4066E-014
5626 3.3481E-014
5631 3.3329E-014
5636 3.4083E-014
5641 3.3312E-014
5646 3.3577E-014
5650 3.3281E-014
5655 3.3625E-014
5660 3.3372E-014
5665 3.3209E-014
5670 3.3325E-014
5675 3.3598E-014
5680 3.3090E-014
5685 3.3297E-014
5689 3.2818E-014
5694 3.2791E-014
5699 3.2558E-014
5704 3.2147E-014
5709 3.2254E-014
5714 3.2801E-014
5719 3.2549E-014
5724 3.2218E-014
5728 3.2382E-014
5733 3.2369E-014
5738 3.2437E-014
5743 3.2300E-014
5748 3.2091E-014
5753 3.1894E-014
5758 3.1165E-014
5763 3.2140E-014
5767 3.1768E-014
5772 3.1805E-014
5777 3.1476E-014
5782 3.1777E-014
5787 3.0717E-014
5792 3.1353E-014
5797 3.1300E-014
5802 3.1382E-014
5806 3.1424E-014
5811 3.1019E-014
5816 3.0789E-014
5821 3.0891E-014
5826 3.0999E-014
5831 3.0926E-014
5836 3.1187E-014
5841 3.0521E-014
5845 3.0667E-014
5850 3.0603E-014
5855 3.0991E-014
5860 3.0681E-014
5865 3.0391E-014
5870 3.0232E-014
5875 3.0259E-014
5880 3.0612E-014
5884 3.0279E-014
5889 2.9595E-014
5894 2.9259E-014
5899 2.9155E-014
5904 2.9335E-014
5909 2.9498E-014
5914 2.9594E-014
5919 2.9584E-014
5923 2.9697E-014
5928 2.9541E-014
5933 2.9395E-014
5938 2.9605E-014
5943 2.9262E-014
5948 2.9334E-014
5953 2.9369E-014
5958 2.8911E-014
5962 2.8947E-014
5967 2.9128E-014
5972 2.8850E-014
5977 2.9145E-014
5982 2.8772E-014
5987 2.8657E-014
5992 2.8501E-014
5997 2.8724E-014
6001 2.8193E-014
6006 2.8037E-014
6011 2.8363E-014
6016 2.8193E-014
6021 2.7977E-014
6026 2.8028E-014
6031 2.8081E-014
6036 2.8222E-014
6040 2.8114E-014
6045 2.7946E-014
6050 2.7614E-014
6055 2.7781E-014
6060 2.7864E-014
6065 2.8002E-014
6070 2.8023E-014
6075 2.7707E-014
6079 2.7642E-014
6084 2.7793E-014
6089 2.7507E-014
6094 2.7241E-014
6099 2.7161E-014
6104 2.7166E-014
6109 2.7295E-014
6114 2.6948E-014
6118 2.6862E-014
6123 2.7138E-014
6128 2.6434E-014
6133 2.7136E-014
6138 2.6972E-014
6143 2.6723E-014
6148 2.6761E-014
6153 2.6805E-014
6158 2.6533E-014
6162 2.6378E-014
6167 2.6245E-014
6172 2.6654E-014
6177 2.6164E-014
6182 2.5958E-014
6187 2.6370E-014
6192 2.6416E-014
6197 2.6333E-014
6201 2.6423E-014
6206 2.6268E-014
6211 2.6391E-014
6216 2.5731E-014
6221 2.5943E-014
6226 2.5858E-014
6231 2.5737E-014
6236 2.5823E-014
6240 2.5512E-014
6245 2.5443E-014
6250 2.5141E-014
6255 2.5425E-014
6260 2.5568E-014
6265 2.5090E-014
6270 2.5677E-014
6275 2.5238E-014
6279 2.5125E-014
6284 2.5246E-014
6289 2.5444E-014
6294 2.5246E-014
6299 2.5593E-014
6304 2.4945E-014
6309 2.4838E-014
6314 2.4717E-014
6319 2.4378E-014
6323 2.4372E-014
6328 2.4310E-014
6333 2.4334E-014
6338 2.4391E-014
6343 2.4534E-014
6348 2.5046E-014
6353 2.4465E-014
6358 2.4765E-014
6362 2.4325E-014
6367 2.4119E-014
6372 2.4021E-014
6377 2.3981E-014
6382 2.3895E-014
6387 2.4105E-014
6392 2.4174E-014
6397 2.3899E-014
6401 2.3995E-014
6406 2.3687E-014
6411 2.3462E-014
6416 2.3330E-014
6421 2.3508E-014
6426 2.3511E-014
6431 2.3564E-014
6436 2.3124E-014
6440 2.3152E-014
6445 2.2897E-014
6450 2.3082E-014
6455 2.2805E-014
6460 2.2781E-014
6465 2.2969E-014
6470 2.2959E-014
6475 2.3027E-014
6480 2.2843E-014
6484 2.2736E-014
6489 2.2822E-014
6494 2.2694E-014
6499 2.2426E-014
6504 2.2262E-014
6509 2.2041E-014
6514 2.1983E-014
6519 2.1756E-014
6523 2.1731E-014
6528 2.1985E-014
6533 2.0963E-014
6538 2.0551E-014
6543 1.9706E-014
6548 1.8966E-014
6553 1.7696E-014
6558 1.6185E-014
6563 1.4411E-014
6567 1.3914E-014
6572 1.5545E-014
6577 1.7168E-014
6582 1.8614E-014
6587 1.9546E-014
6592 1.9699E-014
6597 2.0583E-014
6602 2.0588E-014
6606 2.0644E-014
6611 2.1142E-014
6616 2.1021E-014
6621 2.1274E-014
6626 2.1317E-014
6631 2.1412E-014
6636 2.1275E-014
6641 2.1420E-014
6645 2.1122E-014
6650 2.1596E-014
6655 2.1221E-014
6660 2.1488E-014
6665 2.1511E-014
6670 2.1353E-014
6675 2.1217E-014
6680 2.1168E-014
6685 2.1331E-014
6689 2.1294E-014
6694 2.1051E-014
6699 2.1156E-014
6704 2.0755E-014
6709 2.0952E-014
6714 2.1038E-014
6719 2.0972E-014
6724 2.0439E-014
6728 2.0825E-014
6733 2.0535E-014
6738 2.0635E-014
6743 2.0638E-014
6748 2.0597E-014
6753 2.0695E-014
6758 2.0622E-014
6763 2.0376E-014
6768 2.0428E-014
6772 2.0196E-014
6777 2.0299E-014
6782 2.0377E-014
6787 2.0383E-014
6792 2.0164E-014
6797 2.0288E-014
6802 2.0204E-014
6807 2.0192E-014
6811 2.0099E-014
6816 1.9891E-014
6821 2.0083E-014
6826 2.0031E-014
6831 1.9960E-014
6836 1.9867E-014
6841 2.0078E-014
6846 1.9905E-014
6851 1.9570E-014
6855 1.9888E-014
6860 1.9479E-014
6865 1.9508E-014
6870 1.9782E-014
6875 1.9587E-014
6880 1.9629E-014
6885 1.9383E-014
6890 1.9407E-014
6894 1.9532E-014
6899 1.9551E-014
6904 1.9335E-014
6909 1.9355E-014
6914 1.9414E-014
6919 1.9239E-014
6924 1.9236E-014
6929 1.9153E-014
6934 1.9198E-014
6938 1.9119E-014
6943 1.9093E-014
6948 1.9033E-014
6953 1.8887E-014
6958 1.8981E-014
6963 1.9048E-014
6968 1.8921E-014
6973 1.8911E-014
6977 1.8782E-014
6982 1.8953E-014
6987 1.8690E-014
6992 1.8636E-014
6997 1.8264E-014
7002 1.8651E-014
7007 1.8384E-014
7012 1.8398E-014
7017 1.8593E-014
7021 1.8550E-014
7026 1.8484E-014
7031 1.8519E-014
7036 1.8452E-014
7041 1.8233E-014
7046 1.8442E-014
7051 1.8283E-014
7056 1.8254E-014
7060 1.8338E-014
7065 1.8208E-014
7070 1.8130E-014
7075 1.8246E-014
7080 1.8263E-014
7085 1.7942E-014
7090 1.8044E-014
7095 1.7930E-014
7100 1.7837E-014
7104 1.7866E-014
7109 1.7973E-014
7114 1.7729E-014
7119 1.7622E-014
7124 1.7862E-014
7129 1.7749E-014
7134 1.7689E-014
7139 1.7766E-014
7143 1.7721E-014
7148 1.7717E-014
7153 1.7558E-014
7158 1.7664E-014
7163 1.7471E-014
7168 1.7464E-014
7173 1.7584E-014
7178 1.7567E-014
7183 1.7451E-014
7187 1.7273E-014
7192 1.7269E-014
7197 1.7273E-014
7202 1.7072E-014
7207 1.7204E-014
7212 1.7219E-014
7217 1.7178E-014
7222 1.7313E-014
7227 1.7062E-014
7231 1.6994E-014
7236 1.7117E-014
7241 1.7007E-014
7246 1.6832E-014
7251 1.6923E-014
7256 1.7076E-014
7261 1.6791E-014
7266 1.6919E-014
7270 1.6773E-014
7275 1.6837E-014
7280 1.6571E-014
7285 1.6915E-014
7290 1.6589E-014
7295 1.6694E-014
7300 1.6671E-014
7305 1.6613E-014
7310 1.6400E-014
7314 1.6447E-014
7319 1.6437E-014
7324 1.6436E-014
7329 1.6358E-014
7334 1.6364E-014
7339 1.6199E-014
7344 1.6381E-014
7349 1.6363E-014
7354 1.5952E-014
7358 1.6195E-014
7363 1.6267E-014
7368 1.6095E-014
7373 1.6092E-014
7378 1.5975E-014
7383 1.6061E-014
7388 1.5844E-014
7393 1.6161E-014
7397 1.6069E-014
7402 1.5696E-014
7407 1.5585E-014
7412 1.5857E-014
7417 1.5695E-014
7422 1.5647E-014
7427 1.5823E-014
7432 1.5876E-014
7437 1.5536E-014
7441 1.5619E-014
7446 1.5569E-014
7451 1.5508E-014
7456 1.5423E-014
7461 1.5505E-014
7466 1.5589E-014
7471 1.5497E-014
7476 1.5364E-014
7480 1.5454E-014
7485 1.5382E-014
7490 1.5067E-014
7495 1.5355E-014
7500 1.5237E-014
7505 1.5360E-014
7510 1.5386E-014
7515 1.5360E-014
7520 1.5204E-014
7524 1.5282E-014
7529 1.5119E-014
7534 1.5272E-014
7539 1.5318E-014
7544 1.5199E-014
7549 1.5188E-014
7554 1.5243E-014
7559 1.4981E-014
7564 1.4910E-014
7568 1.4661E-014
7573 1.4837E-014
7578 1.4995E-014
7583 1.4850E-014
7588 1.4754E-014
7593 1.5063E-014
7598 1.4738E-014
7603 1.4719E-014
7607 1.4704E-014
7612 1.4879E-014
7617 1.4755E-014
7622 1.4624E-014
7627 1.4539E-014
7632 1.4540E-014
7637 1.4499E-014
7642 1.4626E-014
7647 1.4682E-014
7651 1.4153E-014
7656 1.4261E-014
7661 1.4276E-014
7666 1.4520E-014
7671 1.4319E-014
7676 1.4484E-014
7681 1.4221E-014
7686 1.4254E-014
7691 1.4106E-014
7695 1.4175E-014
7700 1.4236E-014
7705 1.4145E-014
7710 1.4042E-014
7715 1.4074E-014
7720 1.4079E-014
7725 1.3836E-014
7730 1.4223E-014
7735 1.4094E-014
7739 1.4167E-014
7744 1.4100E-014
7749 1.4239E-014
7754 1.3981E-014
7759 1.4238E-014
7764 1.3842E-014
7769 1.4074E-014
7774 1.3756E-014
7778 1.3637E-014
7783 1.3811E-014
7788 1.3731E-014
7793 1.3608E-014
7798 1.3778E-014
7803 1.3645E-014
7808 1.3614E-014
7813 1.3708E-014
7818 1.3712E-014
7822 1.3830E-014
7827 1.3683E-014
7832 1.3585E-014
7837 1.3612E-014
7842 1.3347E-014
7847 1.3329E-014
7852 1.3457E-014
7857 1.3297E-014
7862 1.3618E-014
7866 1.3571E-014
7871 1.3362E-014
7876 1.3191E-014
7881 1.3241E-014
7886 1.3019E-014
7891 1.2926E-014
7896 1.2950E-014
7901 1.3095E-014
7905 1.3335E-014
7910 1.3467E-014
7915 1.3143E-014
7920 1.3334E-014
7925 1.3390E-014
7930 1.3106E-014
7935 1.2887E-014
7940 1.2946E-014
7945 1.2913E-014
7949 1.3187E-014
7954 1.3220E-014
7959 1.2935E-014
7964 1.2887E-014
7969 1.2994E-014
7974 1.2848E-014
7979 1.2827E-014
7984 1.2730E-014
7989 1.2780E-014
7993 1.2907E-014
7998 1.2966E-014
8003 1.2925E-014
8008 1.3009E-014
8013 1.2834E-014
8018 1.2640E-014
8023 1.2709E-014
8028 1.2742E-014
8032 1.2582E-014
8037 1.2485E-014
8042 1.2600E-014
8047 1.2722E-014
8052 1.2473E-014
8057 1.2443E-014
8062 1.2546E-014
8067 1.2788E-014
8072 1.2441E-014
8076 1.2601E-014
8081 1.2348E-014
8086 1.2476E-014
8091 1.2430E-014
8096 1.2515E-014
8101 1.2173E-014
8106 1.2227E-014
8111 1.2020E-014
8116 1.2251E-014
8120 1.2069E-014
8125 1.2213E-014
8130 1.2177E-014
8135 1.2114E-014
8140 1.2097E-014
8145 1.2261E-014
8150 1.2165E-014
8155 1.2040E-014
8159 1.2166E-014
8164 1.2301E-014
8169 1.2035E-014
8174 1.1911E-014
8179 1.1971E-014
8184 1.1798E-014
8189 1.1369E-014
8194 1.1119E-014
8199 1.0903E-014
8203 1.1487E-014
8208 1.1707E-014
8213 1.1701E-014
8218 1.1467E-014
8223 1.1694E-014
8228 1.1645E-014
8233 1.1683E-014
8238 1.1560E-014
8243 1.1667E-014
8247 1.1885E-014
8252 1.1799E-014
8257 1.1424E-014
8262 1.1495E-014
8267 1.1751E-014
8272 1.1540E-014
8277 1.1569E-014
8282 1.1504E-014
8286 1.1481E-014
8291 1.1612E-014
8296 1.1575E-014
8301 1.1466E-014
8306 1.1410E-014
8311 1.1179E-014
8316 1.1607E-014
8321 1.1218E-014
8326 1.1281E-014
8330 1.1111E-014
8335 1.1003E-014
8340 1.1169E-014
8345 1.1368E-014
8350 1.1239E-014
8355 1.1235E-014
8360 1.1267E-014
8365 1.1153E-014
8370 1.0756E-014
8374 1.1309E-014
8379 1.0909E-014
8384 1.1275E-014
8389 1.1297E-014
8394 1.1113E-014
8399 1.1223E-014
8404 1.0784E-014
8409 1.0924E-014
8413 1.0962E-014
8418 1.0778E-014
8423 1.0882E-014
8428 1.0954E-014
8433 1.1014E-014
8438 1.0972E-014
8443 1.0939E-014
8448 1.0694E-014
8453 1.0708E-014
8457 1.0798E-014
8462 1.0616E-014
8467 1.0808E-014
8472 1.0339E-014
8477 1.0757E-014
8482 1.0563E-014
8487 1.0665E-014
8492 1.0557E-014
8496 1.0763E-014
8501 1.0339E-014
8506 1.0379E-014
8511 1.0447E-014
8516 1.0673E-014
8521 1.0694E-014
8526 1.0668E-014
8531 1.0461E-014
8536 1.0603E-014
8540 1.0300E-014
8545 9.7020E-015
8550 9.9717E-015
8555 1.0049E-014
8560 1.0186E-014
8565 1.0926E-014
8570 1.0955E-014
8575 1.0613E-014
8580 1.0737E-014
8584 1.0416E-014
8589 1.0203E-014
8594 9.9537E-015
8599 9.8732E-015
8604 9.8351E-015
8609 1.0092E-014
8614 1.0135E-014
8619 1.0647E-014
8623 1.0391E-014
8628 1.0732E-014
8633 1.0499E-014
8638 1.0215E-014
8643 1.0459E-014
8648 1.0284E-014
8653 9.8696E-015
8658 9.8038E-015
8663 9.5030E-015
8667 8.9758E-015
8672 9.5155E-015
8677 9.4922E-015
8682 1.0038E-014
8687 1.0140E-014
8692 1.0412E-014
8697 1.0634E-014
8702 1.0535E-014
8706 1.0762E-014
8711 1.0770E-014
8716 1.0562E-014
8721 1.0503E-014
8726 1.0295E-014
8731 1.0110E-014
8736 9.8626E-015
8741 9.3910E-015
8746 9.1270E-015
8750 8.9414E-015
8755 8.7563E-015
8760 9.1241E-015
8765 9.3667E-015
8770 9.6363E-015
8775 9.8338E-015
8780 1.0373E-014
8785 1.0250E-014
8789 1.0294E-014
8794 1.0436E-014
8799 1.0471E-014
8804 1.0774E-014
8809 1.0599E-014
8814 1.0472E-014
8819 1.0386E-014
8824 1.0436E-014
8829 1.0366E-014
8833 1.0047E-014
8838 9.9588E-015
8843 1.0064E-014
8848 9.2546E-015
8853 9.0143E-015
8858 8.6087E-015
8863 8.2508E-015
8868 8.1944E-015
8872 8.4440E-015
8877 8.8834E-015
8882 9.4703E-015
8887 9.6468E-015
8892 9.8467E-015
8897 9.9903E-015
8902 1.0017E-014
8907 1.0274E-014
8912 1.0074E-014
8916 1.0436E-014
8921 1.0398E-014
8926 1.0627E-014
8931 1.0398E-014
8936 1.0159E-014
8941 1.0086E-014
8946 1.0027E-014
8951 1.0272E-014
8955 1.0439E-014
8960 1.0076E-014
8965 1.0468E-014
8970 1.0356E-014
8975 9.8367E-015
8980 9.8661E-015
8985 9.6985E-015
8990 9.2766E-015
8995 9.3565E-015
8999 8.7503E-015
9004 8.3927E-015
9009 7.9084E-015
9014 7.6918E-015
9019 7.6921E-015
9024 8.0280E-015
9029 8.3843E-015
9034 8.7351E-015
9038 9.1762E-015
9043 9.3836E-015
9048 9.5048E-015
9053 9.3460E-015
9058 9.4879E-015
9063 9.7271E-015
9068 9.5800E-015
9073 9.9051E-015
9078 1.0296E-014
9082 9.9565E-015
9087 9.8406E-015
9092 9.7009E-015
9097 9.7621E-015
9102 9.8431E-015
9107 9.8564E-015
9112 9.7631E-015
9117 9.8257E-015
9121 9.7571E-015
9126 9.8187E-015
9131 9.9114E-015
9136 9.9179E-015
9141 9.9027E-015
9146 1.0123E-014
9151 9.6940E-015
9156 9.9527E-015
9160 1.0125E-014
9165 9.7040E-015
9170 9.4338E-015
9175 9.4513E-015
9180 9.1354E-015
9185 9.3312E-015
9190 9.3192E-015
9195 9.0197E-015
9200 9.0462E-015
9204 8.7883E-015
9209 8.5542E-015
9214 8.3352E-015
9219 8.1015E-015
9224 7.6748E-015
9229 7.2399E-015
9234 7.1838E-015
9239 7.3684E-015
9243 7.4720E-015
9248 7.8952E-015
9253 8.2667E-015
9258 8.5771E-015
9263 8.3433E-015
9268 8.6230E-015
9273 8.8368E-015
9278 8.9473E-015
9283 8.9736E-015
9287 9.2430E-015
9292 9.2286E-015
9297 9.4956E-015
9302 9.8263E-015
9307 9.5041E-015
9312 9.4335E-015
9317 8.9931E-015
9322 9.1139E-015
9326 9.2176E-015
9331 9.2098E-015
9336 9.3050E-015
9341 9.1316E-015
9346 9.2569E-015
9351 8.8014E-015
9356 8.9920E-015
9361 9.2017E-015
9365 9.2454E-015
9370 9.3193E-015
9375 9.2924E-015
9380 9.3191E-015
9385 9.6448E-015
9390 9.4359E-015
9395 9.1715E-015
9400 9.1809E-015
9404 9.0734E-015
9409 9.0101E-015
9414 8.6924E-015
9419 8.7001E-015
9424 8.8266E-015
9429 9.1779E-015
9434 8.8942E-015
9439 9.0146E-015
9444 8.8960E-015
9448 8.7398E-015
9453 8.8220E-015
9458 9.1347E-015
9463 9.0194E-015
9468 9.1057E-015
9473 8.8643E-015
9478 8.8628E-015
9483 8.7634E-015
9487 8.6610E-015
9492 8.5883E-015
9497 8.5503E-015
9502 8.3917E-015
9507 8.1273E-015
9512 8.4604E-015
9517 7.9471E-015
9522 7.8716E-015
9526 7.4176E-015
9531 7.5848E-015
9536 7.1740E-015
9541 6.9767E-015
9546 6.6188E-015
9551 6.3750E-015
9556 6.6479E-015
9561 6.8209E-015
9565 7.4707E-015
9570 7.1640E-015
9575 7.5278E-015
9580 7.7395E-015
9585 7.5667E-015
9590 8.4812E-015
9595 8.1961E-015
9600 8.0355E-015
9605 8.0636E-015
9609 8.4507E-015
9614 8.5666E-015
9619 8.3443E-015
9624 8.5315E-015
9629 8.1682E-015
9634 8.1139E-015
9639 8.5161E-015
9644 8.4392E-015
9648 8.2560E-015
9653 7.9513E-015
9658 8.5441E-015
9663 8.3350E-015
9668 8.3913E-015
9673 8.3366E-015
9678 8.3218E-015
9683 8.5316E-015
9687 8.4936E-015
9692 8.4870E-015
9697 8.4512E-015
9702 8.3996E-015
9707 8.4623E-015
9712 8.3374E-015
9717 8.0511E-015
9722 8.3841E-015
9726 7.9694E-015
9731 7.9384E-015
9736 8.1028E-015
9741 7.8278E-015
9746 8.1447E-015
9751 7.9150E-015
9756 7.9353E-015
9761 8.0372E-015
9765 8.1709E-015
9770 8.1984E-015
9775 8.2403E-015
9780 8.3158E-015
9785 8.0234E-015
9790 8.0277E-015
9795 7.9141E-015
9800 8.2702E-015
9804 7.8645E-015
9809 7.9422E-015
9814 7.8030E-015
9819 7.8209E-015
9824 7.8230E-015
9829 7.7323E-015
9834 7.8512E-015
9839 7.9294E-015
9843 7.8394E-015
9848 7.6973E-015
9853 7.9277E-015
9858 7.8331E-015
9863 7.9323E-015
9868 7.4772E-015
9873 7.4866E-015
9878 7.9307E-015
9882 7.9294E-015
9887 7.6696E-015
9892 7.6795E-015
9897 7.6370E-015
9902 7.7623E-015
9907 7.5679E-015
9912 7.6808E-015
9917 7.1696E-015
9921 7.6849E-015
9926 7.3509E-015
9931 7.2765E-015
9936 7.4459E-015
9941 7.4675E-015
9946 7.4960E-015
9951 7.6519E-015
9956 7.3854E-015
9960 7.3605E-015
9965 7.4218E-015
9970 7.5531E-015
9975 7.2786E-015
9980 7.3219E-015
9985 7.2337E-015
9990 7.1674E-015
9995 7.5938E-015
9999 7.2932E-015
1E+004 7.3551E-015
1.001E+004 7.0059E-015
1.001E+004 7.2643E-015
1.002E+004 7.0286E-015
1.002E+004 7.2019E-015
1.003E+004 6.6477E-015
1.003E+004 6.6721E-015
1.004E+004 6.3554E-015
1.004E+004 6.0446E-015
1.005E+004 6.0023E-015
1.005E+004 5.8628E-015
1.006E+004 5.4350E-015
1.006E+004 6.1415E-015
1.007E+004 6.4567E-015
1.007E+004 6.4166E-015
1.008E+004 6.1568E-015
1.008E+004 6.4428E-015
1.009E+004 6.7863E-015
1.009E+004 6.7302E-015
1.01E+004 7.1300E-015
1.01E+004 7.2838E-015
1.011E+004 7.0583E-015
1.011E+004 6.8977E-015
1.012E+004 6.9000E-015
1.012E+004 7.1776E-015
1.013E+004 7.0283E-015
1.013E+004 7.3052E-015
1.014E+004 7.5138E-015
1.014E+004 6.8931E-015
1.015E+004 7.5011E-015
1.015E+004 7.4736E-015
1.016E+004 6.6739E-015
1.016E+004 7.0701E-015
1.017E+004 6.7295E-015
1.017E+004 6.4765E-015
1.017E+004 6.9625E-015
1.018E+004 6.8780E-015
1.018E+004 6.8242E-015
1.019E+004 6.4146E-015
1.019E+004 6.7418E-015
1.02E+004 7.1220E-015
1.021E+004 7.1211E-015
1.024E+004 7.0188E-015
1.027E+004 6.9549E-015
1.03E+004 6.9409E-015
1.032E+004 6.9125E-015
1.035E+004 6.8829E-015
1.038E+004 6.8546E-015
1.041E+004 6.7780E-015
1.044E+004 6.6958E-015
1.046E+004 6.5843E-015
1.049E+004 6.5076E-015
1.052E+004 6.4922E-015
1.055E+004 6.3903E-015
1.058E+004 6.2610E-015
1.06E+004 6.1885E-015
1.063E+004 6.1293E-015
1.066E+004 6.1041E-015
1.069E+004 6.0654E-015
1.072E+004 6.0055E-015
1.075E+004 5.9519E-015
1.077E+004 5.8705E-015
1.08E+004 5.7984E-015
1.083E+004 5.7659E-015
1.086E+004 5.6577E-015
1.089E+004 5.4932E-015
1.091E+004 5.2170E-015
1.094E+004 4.9615E-015
1.097E+004 4.9122E-015
1.1E+004 5.0280E-015
1.103E+004 5.1682E-015
1.105E+004 5.2363E-015
1.108E+004 5.2719E-015
1.111E+004 5.2822E-015
1.114E+004 5.2925E-015
1.117E+004 5.3059E-015
1.12E+004 5.2476E-015
1.122E+004 5.1715E-015
1.125E+004 5.1439E-015
1.128E+004 5.0966E-015
1.131E+004 5.0139E-015
1.134E+004 4.9286E-015
1.136E+004 4.9113E-015
1.139E+004 4.9160E-015
1.142E+004 4.8831E-015
1.145E+004 4.8634E-015
1.148E+004 4.8997E-015
1.151E+004 4.8768E-015
1.153E+004 4.7974E-015
1.156E+004 4.7528E-015
1.159E+004 4.7311E-015
1.162E+004 4.6897E-015
1.165E+004 4.6505E-015
1.167E+004 4.5562E-015
1.169E+004 4.5554E-015
1.173E+004 4.4564E-015
1.177E+004 4.3837E-015
1.181E+004 4.3802E-015
1.185E+004 4.3565E-015
1.189E+004 4.3182E-015
1.193E+004 4.2688E-015
1.197E+004 4.2076E-015
1.201E+004 4.1611E-015
1.205E+004 4.1194E-015
1.209E+004 4.0776E-015
1.213E+004 4.0613E-015
1.217E+004 4.0372E-015
1.221E+004 4.0145E-015
1.225E+004 3.9547E-015
1.229E+004 3.9250E-015
1.233E+004 3.8557E-015
1.237E+004 3.7805E-015
1.241E+004 3.7366E-015
1.245E+004 3.6946E-015
1.249E+004 3.6430E-015
1.253E+004 3.5712E-015
1.257E+004 3.4982E-015
1.261E+004 3.4642E-015
1.265E+004 3.4222E-015
1.269E+004 3.3822E-015
1.273E+004 3.2934E-015
1.277E+004 3.2108E-015
1.281E+004 3.0896E-015
1.285E+004 3.0596E-015
1.289E+004 3.0982E-015
1.293E+004 3.1087E-015
1.297E+004 3.1261E-015
1.301E+004 3.1057E-015
1.305E+004 3.1116E-015
1.309E+004 3.1020E-015
1.313E+004 3.0694E-015
1.317E+004 3.0557E-015
1.321E+004 3.0229E-015
1.325E+004 2.9894E-015
1.329E+004 2.9488E-015
1.333E+004 2.9075E-015
1.337E+004 2.8918E-015
1.341E+004 2.8886E-015
1.345E+004 2.8672E-015
1.349E+004 2.8430E-015
1.353E+004 2.8263E-015
1.357E+004 2.7942E-015
1.361E+004 2.7624E-015
1.365E+004 2.7400E-015
1.369E+004 2.7030E-015
1.373E+004 2.6647E-015
1.377E+004 2.6414E-015
1.381E+004 2.6108E-015
1.385E+004 2.5764E-015
1.389E+004 2.5612E-015
1.393E+004 2.5470E-015
1.397E+004 2.5134E-015
1.401E+004 2.4792E-015
1.405E+004 2.4632E-015
1.409E+004 2.4454E-015
1.413E+004 2.4149E-015
1.417E+004 2.3872E-015
1.421E+004 2.3719E-015
1.425E+004 2.3482E-015
1.429E+004 2.3196E-015
1.433E+004 2.3053E-015
1.437E+004 2.2934E-015
1.441E+004 2.2754E-015
1.445E+004 2.2533E-015
1.449E+004 2.2343E-015
1.453E+004 2.2220E-015
1.457E+004 2.1949E-015
1.461E+004 2.1496E-015
1.465E+004 2.1207E-015
1.469E+004 2.1076E-015
1.473E+004 2.0984E-015
1.477E+004 2.0891E-015
1.481E+004 2.0637E-015
1.485E+004 2.0508E-015
1.489E+004 2.0543E-015
1.493E+004 2.0315E-015
1.497E+004 1.9895E-015
1.501E+004 1.9670E-015
1.505E+004 1.9502E-015
1.509E+004 1.9368E-015
1.513E+004 1.9191E-015
1.517E+004 1.8988E-015
1.521E+004 1.8849E-015
1.525E+004 1.8672E-015
1.529E+004 1.8430E-015
1.533E+004 1.8273E-015
1.537E+004 1.8147E-015
1.541E+004 1.8027E-015
1.545E+004 1.7949E-015
1.549E+004 1.7715E-015
1.553E+004 1.7546E-015
1.557E+004 1.7469E-015
1.561E+004 1.7349E-015
1.565E+004 1.7097E-015
1.569E+004 1.6836E-015
1.573E+004 1.6649E-015
1.577E+004 1.6616E-015
1.581E+004 1.6489E-015
1.585E+004 1.6285E-015
1.589E+004 1.6093E-015
1.593E+004 1.5939E-015
1.597E+004 1.5841E-015
1.601E+004 1.5745E-015
1.605E+004 1.5556E-015
1.609E+004 1.5306E-015
1.613E+004 1.5186E-015
1.617E+004 1.5225E-015
1.621E+004 1.5280E-015
1.625E+004 1.5258E-015
1.629E+004 1.5118E-015
1.633E+004 1.4848E-015
1.637E+004 1.4466E-015
1.641E+004 1.4152E-015
1.645E+004 1.4072E-015
1.649E+004 1.4148E-015
1.653E+004 1.4232E-015
1.657E+004 1.4318E-015
1.661E+004 1.4296E-015
1.665E+004 1.4070E-015
1.669E+004 1.3795E-015
1.673E+004 1.3562E-015
1.677E+004 1.3178E-015
1.681E+004 1.2738E-015
1.685E+004 1.2614E-015
1.689E+004 1.2798E-015
1.693E+004 1.2990E-015
1.697E+004 1.3056E-015
1.701E+004 1.3083E-015
1.705E+004 1.3041E-015
1.709E+004 1.2883E-015
1.713E+004 1.2791E-015
1.717E+004 1.2690E-015
1.721E+004 1.2492E-015
1.725E+004 1.2276E-015
1.729E+004 1.1900E-015
1.733E+004 1.1537E-015
1.737E+004 1.1306E-015
1.741E+004 1.1282E-015
1.745E+004 1.1418E-015
1.749E+004 1.1544E-015
1.753E+004 1.1587E-015
1.757E+004 1.1618E-015
1.761E+004 1.1623E-015
1.765E+004 1.1566E-015
1.769E+004 1.1517E-015
1.773E+004 1.1458E-015
1.777E+004 1.1321E-015
1.781E+004 1.1172E-015
1.785E+004 1.1072E-015
1.789E+004 1.0998E-015
1.793E+004 1.0911E-015
1.797E+004 1.0777E-015
1.801E+004 1.0610E-015
1.805E+004 1.0406E-015
1.809E+004 1.0155E-015
1.813E+004 9.8416E-016
1.817E+004 9.5753E-016
1.821E+004 9.5505E-016
1.825E+004 9.7051E-016
1.829E+004 9.8502E-016
1.833E+004 9.9269E-016
1.837E+004 9.9069E-016
1.841E+004 9.8430E-016
1.845E+004 9.7862E-016
1.849E+004 9.7275E-016
1.853E+004 9.6422E-016
1.857E+004 9.5208E-016
1.861E+004 9.3620E-016
1.865E+004 9.1313E-016
1.869E+004 8.8121E-016
1.873E+004 8.5064E-016
1.877E+004 8.4185E-016
1.881E+004 8.4928E-016
1.885E+004 8.6147E-016
1.889E+004 8.7068E-016
1.89E+004 8.7888E-016
1.896E+004 8.7975E-016
1.901E+004 8.7301E-016
1.907E+004 8.5657E-016
1.913E+004 8.4579E-016
1.919E+004 8.3521E-016
1.924E+004 8.2168E-016
1.93E+004 8.0568E-016
1.936E+004 7.7933E-016
1.942E+004 7.5782E-016
1.947E+004 7.5599E-016
1.953E+004 7.6143E-016
1.959E+004 7.6440E-016
1.964E+004 7.6355E-016
1.97E+004 7.5850E-016
1.976E+004 7.5072E-016
1.982E+004 7.4449E-016
1.987E+004 7.3631E-016
1.993E+004 7.3004E-016
1.999E+004 7.2391E-016
2.005E+004 7.1572E-016
2.01E+004 7.1239E-016
2.016E+004 7.0948E-016
2.022E+004 7.0154E-016
2.028E+004 6.9150E-016
2.033E+004 6.8240E-016
2.039E+004 6.7580E-016
2.045E+004 6.7223E-016
2.051E+004 6.6761E-016
2.056E+004 6.5856E-016
2.062E+004 6.4992E-016
2.068E+004 6.4336E-016
2.073E+004 6.3656E-016
2.079E+004 6.3234E-016
2.085E+004 6.2328E-016
2.091E+004 6.1387E-016
2.096E+004 6.0716E-016
2.102E+004 6.0366E-016
2.108E+004 5.9715E-016
2.114E+004 5.8942E-016
2.119E+004 5.8343E-016
2.125E+004 5.7693E-016
2.131E+004 5.7121E-016
2.137E+004 5.6309E-016
2.142E+004 5.5365E-016
2.148E+004 5.4516E-016
2.154E+004 5.3703E-016
2.16E+004 5.2207E-016
2.165E+004 5.0797E-016
2.171E+004 5.0657E-016
2.177E+004 5.1142E-016
2.183E+004 5.1451E-016
2.188E+004 5.1436E-016
2.194E+004 5.0979E-016
2.2E+004 5.0460E-016
2.205E+004 5.0101E-016
2.211E+004 4.9777E-016
2.217E+004 4.9350E-016
2.223E+004 4.9070E-016
2.228E+004 4.8959E-016
2.234E+004 4.8721E-016
2.24E+004 4.8306E-016
2.246E+004 4.7763E-016
2.251E+004 4.7288E-016
2.257E+004 4.6800E-016
2.263E+004 4.6129E-016
2.269E+004 4.5300E-016
2.274E+004 4.4810E-016
2.28E+004 4.4645E-016
2.286E+004 4.4412E-016
2.292E+004 4.4133E-016
2.297E+004 4.3760E-016
2.303E+004 4.3393E-016
2.309E+004 4.2941E-016
2.314E+004 4.2415E-016
2.32E+004 4.1925E-016
2.326E+004 4.1554E-016
2.332E+004 4.1151E-016
2.337E+004 4.0589E-016
2.343E+004 4.0183E-016
2.349E+004 4.0069E-016
2.355E+004 3.9866E-016
2.36E+004 3.9229E-016
2.366E+004 3.8854E-016
2.372E+004 3.8617E-016
2.378E+004 3.8226E-016
2.383E+004 3.8058E-016
2.389E+004 3.7721E-016
2.395E+004 3.7303E-016
2.401E+004 3.7013E-016
2.406E+004 3.6707E-016
2.412E+004 3.6253E-016
2.418E+004 3.5794E-016
2.424E+004 3.5456E-016
2.429E+004 3.5405E-016
2.435E+004 3.5339E-016
2.441E+004 3.4854E-016
2.446E+004 3.4331E-016
2.452E+004 3.4055E-016
2.458E+004 3.3951E-016
2.464E+004 3.3787E-016
2.469E+004 3.3514E-016
2.475E+004 3.3142E-016
2.485E+004 3.2797E-016
2.495E+004 3.2073E-016
2.505E+004 3.1858E-016
2.515E+004 3.1386E-016
2.525E+004 3.0499E-016
2.535E+004 3.0424E-016
2.545E+004 3.0103E-016
2.555E+004 2.9498E-016
2.565E+004 2.8437E-016
2.575E+004 2.8695E-016
2.585E+004 2.8400E-016
2.595E+004 2.7974E-016
2.605E+004 2.7145E-016
2.615E+004 2.5822E-016
2.625E+004 2.4114E-016
2.635E+004 2.5819E-016
2.645E+004 2.6019E-016
2.655E+004 2.5709E-016
2.665E+004 2.5071E-016
2.675E+004 2.3442E-016
2.685E+004 2.4380E-016
2.695E+004 2.4374E-016
2.705E+004 2.4095E-016
2.715E+004 2.3784E-016
2.725E+004 2.3452E-016
2.735E+004 2.3089E-016
2.745E+004 2.2572E-016
2.755E+004 2.0906E-016
2.765E+004 2.1353E-016
2.775E+004 2.1768E-016
2.785E+004 2.1591E-016
2.795E+004 2.1352E-016
2.805E+004 2.1071E-016
2.815E+004 2.0786E-016
2.825E+004 2.0508E-016
2.835E+004 2.0230E-016
2.845E+004 1.9908E-016
2.855E+004 1.9553E-016
2.865E+004 1.8789E-016
2.875E+004 1.7536E-016
2.885E+004 1.8613E-016
2.895E+004 1.8594E-016
2.905E+004 1.8423E-016
2.915E+004 1.8188E-016
2.925E+004 1.7963E-016
2.935E+004 1.7734E-016
2.945E+004 1.7505E-016
2.955E+004 1.7281E-016
2.965E+004 1.7060E-016
2.975E+004 1.6842E-016
2.985E+004 1.6628E-016
2.995E+004 1.6415E-016
3.005E+004 1.6196E-016
3.015E+004 1.5941E-016
3.025E+004 1.5606E-016
3.035E+004 1.4470E-016
3.045E+004 1.4610E-016
3.055E+004 1.5069E-016
3.065E+004 1.4982E-016
3.075E+004 1.4839E-016
3.085E+004 1.4653E-016
3.095E+004 1.4479E-016
3.105E+004 1.4301E-016
3.115E+004 1.4119E-016
3.125E+004 1.3952E-016
3.135E+004 1.3785E-016
3.145E+004 1.3615E-016
3.155E+004 1.3456E-016
3.165E+004 1.3296E-016
3.175E+004 1.3133E-016
3.185E+004 1.2980E-016
3.195E+004 1.2825E-016
3.21E+004 1.2596E-016
3.23E+004 1.2302E-016
3.25E+004 1.2014E-016
3.27E+004 1.1689E-016
3.29E+004 1.0789E-016
3.31E+004 1.0951E-016
3.33E+004 1.0896E-016
3.35E+004 1.0667E-016
3.37E+004 1.0423E-016
3.39E+004 1.0195E-016
3.41E+004 9.9709E-017
3.43E+004 9.7538E-017
3.45E+004 9.5425E-017
3.47E+004 9.3335E-017
3.49E+004 9.1312E-017
3.51E+004 8.9339E-017
3.53E+004 8.7417E-017
3.55E+004 8.5541E-017
3.57E+004 8.3703E-017
3.59E+004 8.1955E-017
3.61E+004 8.0182E-017
3.63E+004 7.8552E-017
3.65E+004 7.6823E-017
3.67E+004 7.5327E-017
3.69E+004 7.3518E-017
3.71E+004 7.2068E-017
3.73E+004 6.8607E-017
3.75E+004 6.6434E-017
3.77E+004 6.7786E-017
3.79E+004 6.6617E-017
3.81E+004 6.4920E-017
3.83E+004 6.3699E-017
3.85E+004 6.2796E-017
3.87E+004 6.1550E-017
3.89E+004 6.0168E-017
3.91E+004 5.8263E-017
3.93E+004 5.7966E-017
3.95E+004 5.6958E-017
3.97E+004 5.5876E-017
3.99E+004 5.4712E-017
4.01E+004 5.2983E-017
4.03E+004 5.1653E-017
4.05E+004 4.9122E-017
4.07E+004 5.0447E-017
4.09E+004 4.9804E-017
4.11E+004 4.8987E-017
4.13E+004 4.8024E-017
4.15E+004 4.6888E-017
4.17E+004 4.4541E-017
4.19E+004 4.5126E-017
4.21E+004 4.4604E-017
4.23E+004 4.3858E-017
4.25E+004 4.3065E-017
4.27E+004 4.2290E-017
4.29E+004 4.1532E-017
4.31E+004 4.0790E-017
4.33E+004 4.0055E-017
4.35E+004 3.9173E-017
4.37E+004 3.7099E-017
4.39E+004 3.7297E-017
4.41E+004 3.7233E-017
4.43E+004 3.6667E-017
4.45E+004 3.6033E-017
4.47E+004 3.5458E-017
4.49E+004 3.4794E-017
4.51E+004 3.4203E-017
4.53E+004 3.3621E-017
4.55E+004 3.3050E-017
4.57E+004 3.2484E-017
4.59E+004 3.1923E-017
4.61E+004 3.1360E-017
4.63E+004 3.0677E-017
4.65E+004 2.8682E-017
4.67E+004 2.8282E-017
4.69E+004 2.9011E-017
4.71E+004 2.8833E-017
4.73E+004 2.8412E-017
4.75E+004 2.7963E-017
4.77E+004 2.7518E-017
4.79E+004 2.7081E-017
4.81E+004 2.6647E-017
4.83E+004 2.6222E-017
4.85E+004 2.5805E-017
4.87E+004 2.5396E-017
4.89E+004 2.4995E-017
4.91E+004 2.4600E-017
4.93E+004 2.4216E-017
4.95E+004 2.3838E-017
4.97E+004 2.3463E-017
4.99E+004 2.3103E-017
5.01E+004 2.2744E-017
5.03E+004 2.2386E-017
5.05E+004 2.2049E-017
5.07E+004 2.1702E-017
5.09E+004 2.1328E-017
5.11E+004 2.0829E-017
5.13E+004 1.9664E-017
5.15E+004 2.0262E-017
5.17E+004 2.0067E-017
5.19E+004 1.9814E-017
5.21E+004 1.9535E-017
5.23E+004 1.9246E-017
5.25E+004 1.8939E-017
5.27E+004 1.8643E-017
5.29E+004 1.8409E-017
5.31E+004 1.8158E-017
5.33E+004 1.7899E-017
5.35E+004 1.7618E-017
5.37E+004 1.7312E-017
5.39E+004 1.7065E-017
5.41E+004 1.6872E-017
5.43E+004 1.6664E-017
5.45E+004 1.6428E-017
5.47E+004 1.6193E-017
5.49E+004 1.5941E-017
5.51E+004 1.5661E-017
5.53E+004 1.5378E-017
5.55E+004 1.5257E-017
5.57E+004 1.5085E-017
5.59E+004 1.4877E-017
5.61E+004 1.4673E-017
5.63E+004 1.4471E-017
5.65E+004 1.4272E-017
5.67E+004 1.4066E-017
5.69E+004 1.3823E-017
5.71E+004 1.3491E-017
5.73E+004 1.3435E-017
5.75E+004 1.3312E-017
5.77E+004 1.3147E-017
5.79E+004 1.2969E-017
5.81E+004 1.2796E-017
5.83E+004 1.2616E-017
5.85E+004 1.2437E-017
5.87E+004 1.2253E-017
5.89E+004 1.1972E-017
5.91E+004 1.1327E-017
5.93E+004 1.1678E-017
5.95E+004 1.1410E-017
5.97E+004 1.1365E-017
5.99E+004 1.1323E-017
6.01E+004 1.1195E-017
6.03E+004 1.1057E-017
6.05E+004 1.0917E-017
6.07E+004 1.0780E-017
6.09E+004 1.0642E-017
6.11E+004 1.0507E-017
6.13E+004 1.0379E-017
6.15E+004 1.0248E-017
6.17E+004 1.0119E-017
6.19E+004 9.9893E-018
6.21E+004 9.8599E-018
6.23E+004 9.7310E-018
6.25E+004 9.5992E-018
6.27E+004 9.4274E-018
6.29E+004 9.0706E-018
6.31E+004 9.1682E-018
6.33E+004 9.1286E-018
6.35E+004 9.0301E-018
6.37E+004 8.9297E-018
6.39E+004 8.8314E-018
6.42E+004 8.6718E-018
6.46E+004 8.4629E-018
6.5E+004 8.2603E-018
6.54E+004 8.0646E-018
6.58E+004 7.8734E-018
6.62E+004 7.6879E-018
6.66E+004 7.5088E-018
6.7E+004 7.3245E-018
6.74E+004 7.1151E-018
6.78E+004 6.8099E-018
6.82E+004 6.8170E-018
6.86E+004 6.6824E-018
6.9E+004 6.5337E-018
6.94E+004 6.3822E-018
6.98E+004 6.2445E-018
7.02E+004 6.1065E-018
7.06E+004 5.9704E-018
7.1E+004 5.8326E-018
7.14E+004 5.7130E-018
7.18E+004 5.5890E-018
7.22E+004 5.4671E-018
7.26E+004 5.3383E-018
7.3E+004 5.2315E-018
7.34E+004 5.1251E-018
7.38E+004 5.0106E-018
7.42E+004 4.8853E-018
7.46E+004 4.6351E-018
7.5E+004 4.4888E-018
7.54E+004 4.5653E-018
7.58E+004 4.5029E-018
7.62E+004 4.4171E-018
7.66E+004 4.3335E-018
7.7E+004 4.2458E-018
7.74E+004 4.1508E-018
7.78E+004 4.0496E-018
7.82E+004 3.9865E-018
7.86E+004 3.9164E-018
7.9E+004 3.8390E-018
7.94E+004 3.7635E-018
7.98E+004 3.6893E-018
8.02E+004 3.6169E-018
8.06E+004 3.5463E-018
8.1E+004 3.4737E-018
8.14E+004 3.3815E-018
8.18E+004 3.3275E-018
8.22E+004 3.2796E-018
8.26E+004 3.2184E-018
8.3E+004 3.1574E-018
8.34E+004 3.0974E-018
8.38E+004 3.0390E-018
8.42E+004 2.9822E-018
8.46E+004 2.9268E-018
8.5E+004 2.8725E-018
8.54E+004 2.8192E-018
8.58E+004 2.7670E-018
8.62E+004 2.7088E-018
8.66E+004 2.6245E-018
8.7E+004 2.6040E-018
8.74E+004 2.5184E-018
8.78E+004 2.4733E-018
8.82E+004 2.4749E-018
8.86E+004 2.4342E-018
8.9E+004 2.3908E-018
8.94E+004 2.3484E-018
8.98E+004 2.3068E-018
9.02E+004 2.2662E-018
9.06E+004 2.2263E-018
9.1E+004 2.1873E-018
9.14E+004 2.1491E-018
9.18E+004 2.1117E-018
9.22E+004 2.0751E-018
9.26E+004 2.0371E-018
9.3E+004 2.0030E-018
9.34E+004 1.9639E-018
9.38E+004 1.8964E-018
9.42E+004 1.8874E-018
9.46E+004 1.8686E-018
9.5E+004 1.8384E-018
9.54E+004 1.8082E-018
9.58E+004 1.7804E-018
9.62E+004 1.7510E-018
9.66E+004 1.7224E-018
9.7E+004 1.6943E-018
9.74E+004 1.6668E-018
9.78E+004 1.6400E-018
9.82E+004 1.6122E-018
9.86E+004 1.5849E-018
9.9E+004 1.5629E-018
9.94E+004 1.5384E-018
9.98E+004 1.5143E-018
1.002E+005 1.4907E-018
1.005E+005 1.4732E-018
1.01E+005 1.4446E-018
1.015E+005 1.4168E-018
1.02E+005 1.3898E-018
1.025E+005 1.3633E-018
1.03E+005 1.3375E-018
1.035E+005 1.3122E-018
1.04E+005 1.2876E-018
1.045E+005 1.2635E-018
1.05E+005 1.2400E-018
1.055E+005 1.2169E-018
1.06E+005 1.1945E-018
1.065E+005 1.1726E-018
1.07E+005 1.1510E-018
1.075E+005 1.1301E-018
1.08E+005 1.1096E-018
1.085E+005 1.0895E-018
1.09E+005 1.0699E-018
1.095E+005 1.0509E-018
1.1E+005 1.0321E-018
1.105E+005 1.0138E-018
1.11E+005 9.9586E-019
1.115E+005 9.7845E-019
1.12E+005 9.6135E-019
1.125E+005 9.4455E-019
1.13E+005 9.2821E-019
1.135E+005 9.1215E-019
1.14E+005 8.9651E-019
1.145E+005 8.8129E-019
1.15E+005 8.6619E-019
1.155E+005 8.5147E-019
1.16E+005 8.3715E-019
1.165E+005 8.2306E-019
1.17E+005 8.0934E-019
1.175E+005 7.9570E-019
1.18E+005 7.8256E-019
1.185E+005 7.6963E-019
1.19E+005 7.5691E-019
1.195E+005 7.4440E-019
1.2E+005 7.3221E-019
1.205E+005 7.2034E-019
1.21E+005 7.0867E-019
1.215E+005 6.9719E-019
1.22E+005 6.8601E-019
1.225E+005 6.7500E-019
1.23E+005 6.6417E-019
1.235E+005 6.5362E-019
1.24E+005 6.4325E-019
1.245E+005 6.3313E-019
1.25E+005 6.2317E-019
1.255E+005 6.1337E-019
1.26E+005 6.0382E-019
1.265E+005 5.9441E-019
1.27E+005 5.8516E-019
1.275E+005 5.7612E-019
1.28E+005 5.6723E-019
1.285E+005 5.5857E-019
1.29E+005 5.5004E-019
1.295E+005 5.4163E-019
1.3E+005 5.3345E-019
1.305E+005 5.2538E-019
1.31E+005 5.1744E-019
1.315E+005 5.0970E-019
1.32E+005 5.0207E-019
1.325E+005 4.9456E-019
1.33E+005 4.8725E-019
1.335E+005 4.8003E-019
1.34E+005 4.7300E-019
1.345E+005 4.6600E-019
1.35E+005 4.5918E-019
1.355E+005 4.5253E-019
1.36E+005 4.4591E-019
1.365E+005 4.3945E-019
1.37E+005 4.3316E-019
1.375E+005 4.2689E-019
1.38E+005 4.2078E-019
1.385E+005 4.1475E-019
1.39E+005 4.0888E-019
1.395E+005 4.0309E-019
1.4E+005 3.9739E-019
1.405E+005 3.9183E-019
1.41E+005 3.8628E-019
1.415E+005 3.8094E-019
1.42E+005 3.7561E-019
1.425E+005 3.7041E-019
1.43E+005 3.6529E-019
1.435E+005 3.6024E-019
1.44E+005 3.5526E-019
1.445E+005 3.5041E-019
1.45E+005 3.4562E-019
1.455E+005 3.4095E-019
1.46E+005 3.3629E-019
1.465E+005 3.3175E-019
1.47E+005 3.2733E-019
1.475E+005 3.2291E-019
1.48E+005 3.1860E-019
1.485E+005 3.1436E-019
1.49E+005 3.1016E-019
1.495E+005 3.0608E-019
1.5E+005 3.0205E-019
1.505E+005 2.9807E-019
1.51E+005 2.9414E-019
1.515E+005 2.9031E-019
1.52E+005 2.8654E-019
1.525E+005 2.8281E-019
1.53E+005 2.7913E-019
1.535E+005 2.7555E-019
1.54E+005 2.7201E-019
1.545E+005 2.6852E-019
1.55E+005 2.6507E-019
1.555E+005 2.6171E-019
1.56E+005 2.5839E-019
1.565E+005 2.5511E-019
1.57E+005 2.5188E-019
1.575E+005 2.4873E-019
1.58E+005 2.4561E-019
1.585E+005 2.4254E-019
1.59E+005 2.3951E-019
1.595E+005 2.3655E-019
1.6E+005 2.3363E-019
1.605E+005 2.3074E-019
1.61E+005 2.2789E-019
1.615E+005 2.2512E-019
1.62E+005 2.2234E-019
1.625E+005 2.1963E-019
1.63E+005 2.1695E-019
1.635E+005 2.1434E-019
1.64E+005 2.1173E-019
1.645E+005 2.0919E-019
1.65E+005 2.0667E-019
1.655E+005 2.0422E-019
1.66E+005 2.0177E-019
1.665E+005 1.9938E-019
1.67E+005 1.9701E-019
1.675E+005 1.9468E-019
1.68E+005 1.9237E-019
1.685E+005 1.9012E-019
1.69E+005 1.8787E-019
1.695E+005 1.8567E-019
1.7E+005 1.8353E-019
1.705E+005 1.8138E-019
1.71E+005 1.7929E-019
1.715E+005 1.7720E-019
1.72E+005 1.7516E-019
1.725E+005 1.7317E-019
1.73E+005 1.7117E-019
1.735E+005 1.6923E-019
1.74E+005 1.6728E-019
1.745E+005 1.6538E-019
1.75E+005 1.6350E-019
1.755E+005 1.6167E-019
1.76E+005 1.5983E-019
1.765E+005 1.5804E-019
1.77E+005 1.5627E-019
1.775E+005 1.5453E-019
1.78E+005 1.5280E-019
1.785E+005 1.5111E-019
1.79E+005 1.4945E-019
1.795E+005 1.4780E-019
1.8E+005 1.4617E-019
1.805E+005 1.4456E-019
1.81E+005 1.4297E-019
1.815E+005 1.4141E-019
1.82E+005 1.3988E-019
1.825E+005 1.3836E-019
1.83E+005 1.3686E-019
1.835E+005 1.3538E-019
1.84E+005 1.3393E-019
1.845E+005 1.3248E-019
1.85E+005 1.3106E-019
1.855E+005 1.2966E-019
1.86E+005 1.2828E-019
1.865E+005 1.2693E-019
1.87E+005 1.2557E-019
1.875E+005 1.2425E-019
1.88E+005 1.2295E-019
1.885E+005 1.2166E-019
1.89E+005 1.2038E-019
1.895E+005 1.1911E-019
1.9E+005 1.1788E-019
1.905E+005 1.1667E-019
1.91E+005 1.1544E-019
1.915E+005 1.1427E-019
1.92E+005 1.1309E-019
1.925E+005 1.1192E-019
1.93E+005 1.1078E-019
1.935E+005 1.0964E-019
1.94E+005 1.0852E-019
1.945E+005 1.0742E-019
1.95E+005 1.0633E-019
1.955E+005 1.0525E-019
1.96E+005 1.0420E-019
1.965E+005 1.0316E-019
1.97E+005 1.0211E-019
1.975E+005 1.0109E-019
1.98E+005 1.0008E-019
1.985E+005 9.9083E-020
1.99E+005 9.8111E-020
1.995E+005 9.7131E-020
2E+005 9.6176E-020
2.01E+005 9.4278E-020
2.02E+005 9.2434E-020
2.03E+005 9.0624E-020
2.04E+005 8.8867E-020
2.05E+005 8.7142E-020
2.06E+005 8.5466E-020
2.07E+005 8.3837E-020
2.08E+005 8.2239E-020
2.09E+005 8.0685E-020
2.1E+005 7.9161E-020
2.11E+005 7.7665E-020
2.12E+005 7.6224E-020
2.13E+005 7.4796E-020
2.14E+005 7.3421E-020
2.15E+005 7.2070E-020
2.16E+005 7.0744E-020
2.17E+005 6.9454E-020
2.18E+005 6.8188E-020
2.19E+005 6.6956E-020
2.2E+005 6.5747E-020
2.21E+005 6.4570E-020
2.22E+005 6.3413E-020
2.23E+005 6.2289E-020
2.24E+005 6.1184E-020
2.25E+005 6.0109E-020
2.26E+005 5.9052E-020
2.27E+005 5.8025E-020
2.28E+005 5.7014E-020
2.29E+005 5.6022E-020
2.3E+005 5.5056E-020
2.31E+005 5.4116E-020
2.32E+005 5.3192E-020
2.33E+005 5.2284E-020
2.34E+005 5.1400E-020
2.35E+005 5.0531E-020
2.36E+005 4.9685E-020
2.37E+005 4.8853E-020
2.38E+005 4.8035E-020
2.39E+005 4.7238E-020
2.4E+005 4.6456E-020
2.41E+005 4.5693E-020
2.42E+005 4.4943E-020
2.43E+005 4.4213E-020
2.44E+005 4.3495E-020
2.45E+005 4.2788E-020
2.46E+005 4.2100E-020
2.47E+005 4.1423E-020
2.48E+005 4.0757E-020
2.49E+005 4.0108E-020
2.5E+005 3.9476E-020
2.51E+005 3.8848E-020
2.52E+005 3.8236E-020
2.53E+005 3.7641E-020
2.54E+005 3.7048E-020
2.55E+005 3.6471E-020
2.56E+005 3.5908E-020
2.57E+005 3.5354E-020
2.58E+005 3.4809E-020
2.59E+005 3.4278E-020
2.6E+005 3.3750E-020
2.61E+005 3.3241E-020
2.62E+005 3.2734E-020
2.63E+005 3.2240E-020
2.64E+005 3.1759E-020
2.65E+005 3.1280E-020
2.66E+005 3.0813E-020
2.67E+005 3.0353E-020
2.68E+005 2.9905E-020
2.69E+005 2.9464E-020
2.7E+005 2.9029E-020
2.71E+005 2.8606E-020
2.72E+005 2.8188E-020
2.73E+005 2.7776E-020
2.74E+005 2.7375E-020
2.75E+005 2.6980E-020
2.76E+005 2.6591E-020
2.77E+005 2.6207E-020
2.78E+005 2.5833E-020
2.79E+005 2.5465E-020
2.8E+005 2.5106E-020
2.81E+005 2.4752E-020
2.82E+005 2.4403E-020
2.83E+005 2.4059E-020
2.84E+005 2.3720E-020
2.85E+005 2.3389E-020
2.86E+005 2.3067E-020
2.87E+005 2.2746E-020
2.88E+005 2.2433E-020
2.89E+005 2.2124E-020
2.9E+005 2.1820E-020
2.91E+005 2.1523E-020
2.92E+005 2.1230E-020
2.93E+005 2.0942E-020
2.94E+005 2.0657E-020
2.95E+005 2.0379E-020
2.96E+005 2.0106E-020
2.97E+005 1.9839E-020
2.98E+005 1.9573E-020
2.99E+005 1.9313E-020
3E+005 1.9057E-020
3.01E+005 1.8804E-020
3.02E+005 1.8558E-020
3.03E+005 1.8315E-020
3.04E+005 1.8075E-020
3.05E+005 1.7838E-020
3.06E+005 1.7608E-020
3.07E+005 1.7380E-020
3.08E+005 1.7155E-020
3.09E+005 1.6933E-020
3.1E+005 1.6717E-020
3.11E+005 1.6504E-020
3.12E+005 1.6293E-020
3.13E+005 1.6085E-020
3.14E+005 1.5883E-020
3.15E+005 1.5683E-020
3.16E+005 1.5485E-020
3.17E+005 1.5290E-020
3.18E+005 1.5100E-020
3.19E+005 1.4910E-020
3.2E+005 1.4725E-020
3.21E+005 1.4544E-020
3.22E+005 1.4363E-020
3.23E+005 1.4187E-020
3.24E+005 1.4013E-020
3.25E+005 1.3842E-020
3.26E+005 1.3672E-020
3.27E+005 1.3507E-020
3.28E+005 1.3343E-020
3.29E+005 1.3182E-020
3.3E+005 1.3022E-020
3.31E+005 1.2867E-020
3.32E+005 1.2712E-020
3.33E+005 1.2560E-020
3.34E+005 1.2410E-020
3.35E+005 1.2264E-020
3.36E+005 1.2118E-020
3.37E+005 1.1976E-020
3.38E+005 1.1835E-020
3.39E+005 1.1696E-020
3.4E+005 1.1558E-020
3.41E+005 1.1424E-020
3.42E+005 1.1292E-020
3.43E+005 1.1161E-020
3.44E+005 1.1031E-020
3.45E+005 1.0904E-020
3.46E+005 1.0779E-020
3.47E+005 1.0656E-020
3.48E+005 1.0534E-020
3.49E+005 1.0414E-020
3.5E+005 1.0295E-020
3.51E+005 1.0179E-020
3.52E+005 1.0064E-020
3.53E+005 9.9503E-021
3.54E+005 9.8381E-021
3.55E+005 9.7271E-021
3.56E+005 9.6190E-021
3.57E+005 9.5105E-021
3.58E+005 9.4048E-021
3.59E+005 9.3003E-021
3.6E+005 9.1969E-021
3.61E+005 9.0962E-021
3.62E+005 8.9951E-021
3.63E+005 8.8967E-021
3.64E+005 8.7993E-021
3.65E+005 8.7030E-021
3.66E+005 8.6092E-021
3.67E+005 8.5149E-021
3.68E+005 8.4231E-021
3.69E+005 8.3323E-021
3.7E+005 8.2425E-021
3.71E+005 8.1537E-021
3.72E+005 8.0658E-021
3.73E+005 7.9802E-021
3.74E+005 7.8955E-021
3.75E+005 7.8104E-021
3.76E+005 7.7289E-021
3.77E+005 7.6468E-021
3.78E+005 7.5657E-021
3.79E+005 7.4867E-021
3.8E+005 7.4072E-021
3.81E+005 7.3299E-021
3.82E+005 7.2533E-021
3.83E+005 7.1788E-021
3.84E+005 7.1038E-021
3.85E+005 7.0296E-021
3.86E+005 6.9574E-021
3.87E+005 6.8859E-021
3.88E+005 6.8151E-021
3.89E+005 6.7451E-021
3.9E+005 6.6758E-021
3.91E+005 6.6083E-021
3.92E+005 6.5415E-021
3.93E+005 6.4743E-021
3.94E+005 6.4088E-021
3.95E+005 6.3441E-021
3.96E+005 6.2810E-021
3.97E+005 6.2175E-021
3.98E+005 6.1546E-021
3.99E+005 6.0935E-021
