1141 1.2862E-016
1141 1.2862E-016
1142 0.0000E+000
1142 0.0000E+000
1143 0.0000E+000
1143 0.0000E+000
1144 0.0000E+000
1145 0.0000E+000
1145 0.0000E+000
1146 0.0000E+000
1146 2.6095E-016
1147 2.6582E-016
1148 0.0000E+000
1148 0.0000E+000
1149 2.0860E-016
1149 1.4784E-017
1150 0.0000E+000
1150 2.2123E-017
1151 1.2381E-016
1152 0.0000E+000
1152 9.3726E-017
1153 0.0000E+000
1153 0.0000E+000
1154 0.0000E+000
1155 0.0000E+000
1155 0.0000E+000
1156 0.0000E+000
1156 7.6408E-017
1157 7.7374E-017
1157 7.9307E-017
1158 0.0000E+000
1159 7.6535E-017
1159 0.0000E+000
1160 0.0000E+000
1160 0.0000E+000
1161 0.0000E+000
1162 0.0000E+000
1162 0.0000E+000
1163 0.0000E+000
1163 0.0000E+000
1164 6.1875E-017
1164 0.0000E+000
1165 6.3395E-017
1166 0.0000E+000
1166 0.0000E+000
1167 0.0000E+000
1167 0.0000E+000
1168 0.0000E+000
1169 5.5240E-017
1169 4.7286E-017
1170 0.0000E+000
1170 3.1943E-018
1171 1.8011E-016
1171 0.0000E+000
1172 8.5554E-017
1173 0.0000E+000
1173 0.0000E+000
1174 3.9656E-017
1174 4.0380E-017
1175 0.0000E+000
1176 0.0000E+000
1176 0.0000E+000
1177 0.0000E+000
1177 0.0000E+000
1178 3.8454E-017
1178 1.0713E-016
1179 3.7806E-017
1180 1.0686E-016
1180 9.9042E-017
1181 0.0000E+000
1181 1.2789E-018
1182 3.5130E-018
1183 3.2932E-017
1183 9.8119E-017
1184 3.4478E-017
1184 1.2078E-016
1185 3.4905E-017
1185 -1.1450E-016
1186 -4.1204E-017
1187 -7.0907E-017
1187 4.0403E-017
1188 4.2958E-018
1188 -1.0951E-016
1189 -3.4075E-017
1190 -5.7216E-017
1190 1.1038E-017
1191 -1.2821E-017
1191 -2.9949E-016
1192 2.0634E-017
1192 2.4799E-017
1193 -9.5099E-016
1194 7.6699E-016
1194 -2.3791E-017
1195 -2.3213E-016
1195 -1.4510E-016
1196 5.1791E-017
1197 1.2011E-016
1197 -4.9962E-018
1198 5.7873E-016
1198 1.0801E-015
1199 -3.6617E-016
1199 4.7083E-017
1200 1.2832E-016
1201 -2.1159E-016
1201 8.0313E-016
1202 -1.3904E-016
1202 4.0277E-017
1203 -3.3188E-016
1204 5.2813E-016
1204 1.7993E-016
1205 6.0275E-016
1205 2.8978E-016
1206 -5.4647E-016
1206 2.6444E-016
1207 4.0768E-016
1208 2.6373E-016
1208 6.1744E-017
1209 -6.7378E-016
1209 -3.0520E-016
1210 4.1499E-017
1211 -1.8811E-017
1211 -5.1051E-016
1212 3.9887E-017
1212 -8.0554E-017
1213 -4.9428E-016
1213 -1.6257E-016
1214 -5.7638E-016
1215 -5.4313E-016
1215 -3.5726E-016
1216 -2.7589E-016
1216 5.3158E-017
1217 -6.0416E-016
1218 -8.8557E-017
1218 -3.5070E-016
1219 1.3383E-017
1219 5.4517E-016
1220 2.9289E-016
1220 1.5723E-016
1221 3.8114E-016
1222 -2.5228E-016
1222 -2.8441E-016
1223 9.1117E-017
1223 -3.0254E-016
1224 -3.2678E-016
1225 -2.8789E-016
1225 -3.2731E-016
1226 3.8642E-016
1226 -2.4698E-017
1227 -9.6981E-017
1227 -5.6170E-017
1228 -2.5651E-016
1229 -3.4900E-016
1229 1.3919E-016
1230 -3.3309E-016
1230 -6.8504E-016
1231 -1.4353E-017
1232 -3.6653E-016
1232 1.3154E-016
1233 2.7126E-016
1233 1.3372E-016
1234 -1.6888E-016
1234 6.0724E-017
1235 -7.2664E-018
1236 -2.3729E-016
1236 4.9824E-016
1237 -5.9024E-017
1237 -5.1123E-017
1238 7.7069E-017
1239 -1.5763E-016
1239 1.7722E-016
1240 -1.2012E-016
1240 3.2747E-017
1241 -3.0043E-017
1241 -3.1249E-017
1242 7.5220E-017
1243 3.5813E-018
1243 -3.3747E-018
1244 3.0194E-018
1244 -1.0047E-017
1245 3.9041E-017
1246 3.9444E-017
1246 4.7438E-017
1247 1.4798E-017
1247 1.4427E-017
1248 2.1687E-017
1248 1.9347E-017
1249 6.2510E-017
1250 1.9601E-017
1250 -4.6295E-018
1251 1.5514E-017
1251 1.1359E-017
1252 1.4209E-017
1253 3.8818E-017
1253 1.5277E-017
1254 3.9492E-017
1254 1.4526E-017
1255 1.4894E-017
1255 1.5151E-017
1256 0.0000E+000
1257 6.4579E-017
1257 0.0000E+000
1258 0.0000E+000
1258 0.0000E+000
1259 3.7409E-017
1260 0.0000E+000
1260 0.0000E+000
1261 1.3405E-017
1261 1.5717E-017
1262 1.4112E-017
1262 3.9294E-017
1263 1.3969E-017
1264 1.5849E-017
1264 8.0625E-017
1265 0.0000E+000
1265 3.7050E-017
1266 3.7975E-017
1267 5.8442E-017
1267 3.8066E-017
1268 -7.4233E-018
1268 0.0000E+000
1269 1.4654E-017
1269 1.5008E-017
1270 0.0000E+000
1271 0.0000E+000
1271 0.0000E+000
1272 2.2282E-017
1272 4.3394E-017
1273 4.4588E-017
1274 6.6010E-017
1274 9.9267E-018
1275 -2.3455E-017
1275 -4.7797E-019
1276 -1.2135E-017
1276 8.6529E-019
1277 2.4124E-017
1278 0.0000E+000
1278 8.1442E-017
1279 0.0000E+000
1279 -1.1242E-017
1280 0.0000E+000
1281 2.3111E-017
1281 0.0000E+000
1282 2.1961E-017
1282 1.1998E-017
1283 -1.1282E-017
1283 -2.2047E-017
1284 3.6566E-017
1285 4.3165E-017
1285 5.7142E-017
1286 4.2862E-017
1286 6.7698E-017
1287 5.2880E-017
1288 1.0704E-017
1288 -4.9266E-018
1289 1.0473E-017
1289 0.0000E+000
1290 -2.2288E-017
1290 1.0756E-017
1291 2.2151E-019
1292 7.6213E-017
1292 4.2649E-017
1293 4.3874E-017
1293 0.0000E+000
1294 0.0000E+000
1295 4.3187E-017
1295 4.5387E-017
1296 5.7283E-018
1296 0.0000E+000
1297 2.2964E-017
1297 4.2377E-017
1298 3.5481E-017
1299 2.3075E-017
1299 2.7256E-017
1300 2.1962E-017
1300 3.8640E-017
1301 2.5723E-017
1302 4.7488E-017
1302 4.5205E-017
1303 0.0000E+000
1303 1.1722E-017
1304 -1.1087E-017
1304 4.5983E-017
1305 2.1516E-017
1306 1.0889E-017
1306 9.4103E-017
1307 2.2797E-017
1307 6.8821E-017
1308 2.6189E-017
1309 4.5062E-017
1309 1.7703E-017
1310 -1.5603E-017
1310 6.0500E-017
1311 4.4094E-017
1311 2.2285E-017
1312 4.3746E-017
1313 1.0030E-017
1313 0.0000E+000
1314 -1.0962E-017
1314 6.4821E-017
1315 4.4438E-017
1316 0.0000E+000
1316 2.3179E-017
1317 3.3284E-017
1317 2.4347E-017
1318 -1.1273E-017
1318 4.4379E-017
1319 9.7639E-018
1320 4.6185E-017
1320 1.1580E-017
1321 2.7410E-017
1321 2.2765E-017
1322 1.2891E-017
1323 2.4941E-017
1323 2.0949E-017
1324 5.8846E-017
1324 2.2695E-017
1325 0.0000E+000
1325 2.2625E-017
1326 0.0000E+000
1327 4.6428E-017
1327 2.4204E-017
1328 8.9498E-017
1328 2.2285E-017
1329 4.1369E-017
1330 8.0793E-017
1330 2.2721E-017
1331 2.4983E-017
1331 3.3734E-017
1332 4.5798E-017
1332 4.7277E-017
1333 2.3131E-017
1334 2.2260E-017
1334 4.0853E-019
1335 1.2390E-017
1335 6.8179E-017
1336 1.7845E-017
1337 6.1747E-017
1337 4.3095E-017
1338 1.6001E-017
1338 1.7572E-017
1339 3.8744E-017
1339 1.6169E-017
1340 1.2635E-016
1341 2.2032E-017
1341 9.0253E-017
1342 1.6237E-017
1342 4.3172E-017
1343 1.1266E-016
1344 6.6289E-017
1344 4.1390E-017
1345 6.4752E-017
1345 9.2331E-017
1346 1.6582E-017
1346 1.7940E-017
1347 4.0819E-017
1348 1.8490E-017
1348 4.1204E-017
1349 0.0000E+000
1349 1.8824E-017
1350 1.6437E-017
1351 1.8785E-017
1351 6.4334E-017
1352 9.9535E-017
1352 4.3003E-017
1353 4.2418E-017
1353 1.8409E-017
1354 6.7809E-017
1355 6.7856E-017
1355 0.0000E+000
1356 4.5532E-017
1356 1.7502E-017
1357 4.5667E-017
1358 4.4818E-017
1358 9.0680E-017
1359 1.4635E-016
1359 1.8303E-017
1360 1.8912E-017
1360 1.2213E-016
1361 7.6909E-017
1362 1.1365E-016
1362 4.4684E-017
1363 4.2483E-017
1363 4.4972E-017
1364 4.5596E-017
1365 4.2805E-017
1365 1.8774E-017
1366 1.7909E-017
1366 0.0000E+000
1367 2.1078E-017
1367 1.7086E-017
1368 4.7145E-017
1369 7.6077E-017
1369 7.2048E-017
1370 0.0000E+000
1370 7.4599E-017
1371 7.0185E-017
1372 7.3720E-017
1372 7.2117E-017
1373 0.0000E+000
1373 2.0272E-017
1374 1.7931E-017
1374 2.0517E-017
1375 1.7984E-017
1376 7.7857E-017
1376 1.9149E-017
1377 2.0439E-017
1377 4.5393E-017
1378 1.0643E-016
1379 7.3943E-017
1379 2.0633E-017
1380 9.6977E-017
1380 1.3428E-016
1381 2.0739E-017
1381 1.6299E-016
1382 4.6560E-017
1383 0.0000E+000
1383 4.7826E-017
1384 7.8436E-017
1384 2.0566E-017
1385 1.5780E-016
1386 2.1383E-017
1386 1.0181E-016
1387 1.0630E-016
1387 1.0416E-016
1388 7.8494E-017
1388 1.0685E-016
1389 1.0780E-016
1390 2.2880E-017
1390 0.0000E+000
1391 1.1071E-016
1391 2.3204E-017
1392 2.3298E-017
1393 2.2722E-017
1393 1.3999E-016
1394 1.0870E-016
1394 2.3711E-017
1395 2.2778E-017
1395 1.4261E-016
1396 0.0000E+000
1397 8.2012E-017
1397 6.0685E-017
1398 1.0538E-016
1398 2.3145E-017
1399 5.6193E-017
1400 2.3825E-017
1400 2.2653E-017
1401 1.4584E-016
1401 8.1429E-017
1402 0.0000E+000
1402 5.1237E-017
1403 5.3870E-017
1404 8.0980E-017
1404 2.2235E-017
1405 8.7580E-017
1405 5.5446E-017
1406 5.3055E-017
1407 5.3899E-017
1407 5.3296E-017
1408 0.0000E+000
1408 8.3731E-017
1409 1.2455E-016
1409 0.0000E+000
1410 0.0000E+000
1411 2.5356E-017
1411 7.9488E-017
1412 4.9436E-017
1412 2.5107E-017
1413 1.2173E-018
1414 0.0000E+000
1414 8.8682E-017
1415 5.5120E-017
1415 9.0606E-017
1416 2.7424E-017
1416 5.8485E-017
1417 5.5664E-017
1418 2.4934E-017
1418 9.1799E-017
1419 5.9353E-017
1419 5.8897E-017
1420 9.7457E-017
1421 0.0000E+000
1421 9.5615E-017
1422 1.2705E-016
1422 9.1378E-017
1423 5.6795E-017
1423 1.6554E-017
1424 1.9127E-016
1425 1.6632E-016
1425 2.6901E-017
1426 5.9819E-017
1426 1.2778E-016
1427 2.5803E-017
1428 1.2804E-016
1428 1.2950E-016
1429 9.2246E-017
1429 8.6119E-017
1430 6.0399E-017
1430 2.9432E-017
1431 2.5161E-017
1432 6.6227E-017
1432 9.2469E-017
1433 2.9382E-017
1433 9.5643E-017
1434 6.4512E-017
1435 9.6619E-017
1435 2.8279E-017
1436 1.7216E-016
1436 1.7899E-016
1437 6.6181E-017
1437 5.8639E-017
1438 9.6393E-017
1439 6.3580E-017
1439 1.2913E-016
1440 6.7051E-017
1440 1.7038E-016
1441 2.9558E-017
1442 6.6818E-017
1442 1.3287E-016
1443 1.7785E-016
1443 1.1508E-016
1444 1.3210E-016
1444 3.5078E-017
1445 1.3876E-016
1446 2.7937E-017
1446 2.1856E-016
1447 6.7028E-017
1447 2.0983E-016
1448 1.8527E-016
1449 2.1356E-016
1449 6.4727E-017
1450 2.8270E-016
1450 3.1765E-017
1451 8.4710E-017
1451 6.8298E-017
1452 1.4551E-016
1453 3.2201E-017
1453 2.9895E-017
1454 1.0961E-016
1454 6.9479E-017
1455 1.0770E-016
1456 9.1484E-017
1456 1.4979E-016
1457 1.0640E-016
1457 1.8672E-016
1458 1.0630E-016
1458 1.5732E-016
1459 6.4542E-017
1460 1.0856E-016
1460 1.4910E-016
1461 7.0132E-017
1461 1.1290E-016
1462 1.6974E-016
1463 6.8708E-017
1463 9.1659E-017
1464 2.3267E-016
1464 7.4274E-017
1465 3.5683E-017
1465 7.3991E-017
1466 7.4635E-017
1467 1.4860E-016
1467 1.9944E-016
1468 2.0121E-016
1468 3.3104E-017
1469 1.1888E-016
1470 7.4251E-017
1470 1.3401E-016
1471 7.4405E-017
1471 3.6882E-017
1472 7.5057E-017
1472 1.5971E-016
1473 7.9695E-017
1474 3.5391E-017
1474 3.4852E-017
1475 1.6508E-016
1475 7.3263E-017
1476 3.3937E-016
1476 2.6922E-016
1477 1.1809E-016
1478 0.0000E+000
1478 1.6044E-016
1479 2.4171E-016
1479 2.7367E-016
1480 1.2291E-016
1481 2.0001E-016
1481 2.2600E-016
1482 1.5940E-016
1482 1.2356E-016
1483 3.2503E-016
1483 1.1807E-016
1484 8.5747E-017
1485 1.6575E-016
1485 0.0000E+000
1486 7.9874E-017
1486 1.2299E-016
1487 1.1784E-016
1488 2.2062E-016
1488 8.0450E-017
1489 1.7094E-016
1489 1.2259E-016
1490 8.7830E-017
1490 2.5311E-016
1491 1.2615E-016
1492 9.0797E-017
1492 6.4620E-017
1493 2.1968E-016
1493 1.3411E-016
1494 8.7109E-017
1495 1.3670E-016
1495 2.7084E-016
1496 8.8616E-017
1496 8.6339E-017
1497 1.8833E-016
1497 1.3750E-016
1498 7.2760E-017
1499 1.0474E-016
1499 1.4264E-016
1500 4.1519E-017
1500 9.1733E-017
1501 4.2902E-017
1502 4.1671E-017
1502 1.3714E-016
1503 1.4267E-016
1503 0.0000E+000
1504 2.0481E-016
1504 2.3763E-016
1505 4.7866E-017
1506 1.8361E-016
1506 3.8248E-016
1507 1.4307E-016
1507 2.8036E-016
1508 2.5227E-016
1509 0.0000E+000
1509 2.8540E-016
1510 4.6192E-017
1510 1.9360E-016
1511 2.6943E-016
1511 1.8771E-016
1512 1.9401E-016
1513 9.3580E-017
1513 4.4123E-017
1514 1.9669E-016
1514 2.6176E-016
1515 2.9276E-016
1516 2.4004E-016
1516 3.1122E-016
1517 4.2151E-017
1517 6.6310E-017
1518 9.7505E-017
1518 1.4283E-016
1519 3.2000E-016
1520 2.0567E-016
1520 0.0000E+000
1521 1.0559E-016
1521 1.9069E-016
1522 4.9446E-017
1523 2.0565E-016
1523 1.0383E-016
1524 2.2234E-016
1524 1.5955E-016
1525 3.2426E-016
1525 1.0573E-016
1526 5.0048E-017
1527 1.0514E-016
1527 1.6418E-016
1528 1.0867E-016
1528 4.6137E-017
1529 2.2844E-016
1530 2.2289E-016
1530 1.6619E-016
1531 2.3207E-016
1531 1.1135E-016
1532 4.5298E-016
1532 5.5245E-017
1533 1.5544E-016
1534 2.7374E-016
1534 1.7398E-016
1535 1.6715E-016
1535 3.5690E-016
1536 3.4489E-016
1537 1.1170E-016
1537 3.5262E-016
1538 5.6521E-017
1538 2.3445E-016
1539 4.3357E-016
1539 4.8797E-016
1540 3.8105E-016
1541 4.2726E-016
1541 3.1287E-016
1542 3.6331E-016
1542 9.7809E-016
1543 4.2682E-016
1544 2.4798E-016
1544 3.0865E-016
1545 3.1866E-016
1545 5.8215E-017
1546 5.4654E-016
1546 3.9855E-016
1547 7.4713E-016
1548 2.5049E-016
1548 4.4316E-016
1549 4.3936E-016
1549 4.6394E-016
1550 2.3704E-016
1551 4.8275E-016
1551 2.5414E-016
1552 1.3156E-016
1552 5.3242E-016
1553 2.6663E-016
1553 4.1234E-016
1554 4.2268E-016
1555 7.5706E-016
1555 5.6821E-016
1556 4.1481E-016
1556 4.3407E-016
1557 4.5876E-016
1557 3.4338E-016
1558 2.0928E-016
1559 2.9440E-016
1559 4.1709E-016
1560 2.6500E-016
1560 4.4047E-016
1561 5.0504E-016
1562 3.5190E-016
1562 4.4342E-016
1563 4.7120E-016
1563 5.2393E-016
1564 5.2635E-016
1564 7.3016E-016
1565 7.8725E-016
1566 4.2927E-016
1566 5.7277E-016
1567 2.8477E-016
1567 1.4388E-016
1568 5.9072E-016
1569 7.4204E-016
1569 2.2534E-016
1570 5.8778E-016
1570 5.3377E-016
1571 3.0346E-016
1571 8.9923E-016
1572 3.0766E-016
1573 3.8773E-016
1573 7.0498E-016
1574 1.5346E-016
1574 4.6410E-016
1575 8.4390E-016
1576 5.6028E-016
1576 3.9312E-016
1577 3.1568E-016
1577 8.1839E-016
1578 1.4941E-015
1578 8.5951E-016
1579 5.5344E-016
1580 4.2317E-016
1580 7.3028E-016
1581 5.7503E-016
1581 3.2198E-016
1582 1.0360E-015
1583 5.0041E-016
1583 5.0734E-016
1584 4.2791E-016
1584 6.0427E-016
1585 6.1174E-016
1585 6.9479E-016
1586 3.3673E-016
1587 6.9028E-016
1587 1.1249E-015
1588 6.4558E-016
1588 9.7747E-016
1589 4.4640E-016
1590 7.6966E-016
1590 4.5208E-016
1591 3.4802E-016
1591 7.3284E-016
1592 5.4019E-016
1592 7.4360E-016
1593 5.3870E-016
1594 1.0723E-015
1594 5.4196E-016
1595 7.6839E-016
1595 8.8587E-016
1596 1.0629E-015
1597 7.6703E-016
1597 9.6440E-016
1598 7.6995E-016
1598 8.0635E-016
1599 7.9929E-016
1599 6.0400E-016
1600 1.3986E-015
1601 6.6400E-016
1601 3.9967E-016
1602 9.1469E-016
1602 8.7209E-016
1603 9.6338E-016
1604 8.4373E-016
1604 9.2147E-016
1605 1.0510E-015
1605 8.1502E-016
1606 1.0342E-015
1606 5.2123E-016
1607 7.3695E-016
1608 3.0424E-016
1608 4.1319E-016
1609 1.0364E-015
1609 7.4449E-016
1610 6.1989E-016
1611 8.4765E-016
1611 8.3729E-016
1612 4.1699E-016
1612 7.6026E-016
1613 4.2694E-016
1613 8.6405E-016
1614 1.0970E-015
1615 7.7707E-016
1615 5.2414E-016
1616 1.5667E-015
1616 9.5219E-016
1617 8.0036E-016
1618 8.8511E-016
1618 2.3370E-016
1619 1.4169E-015
1619 8.2130E-016
1620 1.1124E-015
1620 5.6329E-016
1621 6.7469E-016
1622 1.4842E-015
1622 3.2867E-016
1623 1.5078E-015
1623 9.0970E-016
1624 1.5871E-015
1624 4.9807E-016
1625 4.6864E-016
1626 9.5034E-016
1626 1.3809E-015
1627 1.1225E-015
1627 1.0999E-015
1628 8.1658E-016
1629 1.0709E-015
1629 7.0247E-016
1630 1.3070E-015
1630 1.1669E-015
1631 1.4969E-015
1631 1.5957E-015
1632 8.2489E-016
1633 1.4000E-015
1633 5.0011E-016
1634 1.3705E-015
1634 7.3826E-016
1635 1.5819E-015
1636 9.5128E-016
1636 2.0335E-015
1637 7.4687E-016
1637 1.6650E-015
1638 2.2319E-015
1638 1.3846E-015
1639 1.1132E-015
1640 1.7697E-015
1640 2.1705E-015
1641 1.3745E-015
1641 1.6197E-015
1642 1.3187E-015
1643 1.4093E-015
1643 1.2295E-015
1644 2.1360E-015
1644 3.1608E-015
1645 1.5042E-015
1645 3.2562E-015
1646 1.5116E-015
1647 1.2973E-015
1647 1.9974E-015
1648 2.0721E-015
1648 7.5565E-016
1649 1.4830E-015
1650 1.4669E-015
1650 1.9217E-015
1651 1.2493E-015
1651 2.3674E-015
1652 2.7701E-015
1652 2.1162E-015
1653 2.4203E-015
1654 2.1189E-015
1654 1.1846E-015
1655 1.9249E-015
1655 5.3921E-016
1656 9.3294E-016
1657 6.5861E-016
1657 9.2259E-016
1658 1.9484E-015
1658 2.0014E-015
1659 1.4934E-015
1659 2.2204E-015
1660 2.6318E-015
1661 2.4209E-015
1661 2.0621E-015
1662 2.1307E-015
1662 2.5492E-015
1663 1.9782E-015
1664 2.9421E-015
1664 3.6903E-015
1665 2.6543E-015
1665 2.3271E-015
1666 2.0784E-015
1666 1.6589E-015
1667 1.0264E-015
1668 1.3298E-015
1668 8.6385E-016
1669 5.9064E-016
1669 8.3626E-016
1670 9.8170E-016
1671 1.4685E-015
1671 1.0783E-015
1672 1.7401E-015
1672 1.1198E-015
1673 1.4755E-015
1673 8.3919E-016
1674 9.0017E-016
1675 2.0248E-015
1675 2.5376E-015
1676 3.0589E-015
1676 3.6755E-015
1677 3.2273E-015
1677 3.9390E-015
1679 2.5632E-015
1681 2.6799E-015
1682 2.9771E-015
1684 1.5554E-015
1685 4.0026E-015
1687 2.7572E-015
1689 2.1852E-015
1690 3.2665E-015
1692 3.0899E-015
1693 4.6257E-015
1695 2.8666E-015
1696 3.3238E-015
1698 2.9274E-015
1699 2.9136E-015
1701 4.6031E-015
1702 4.7879E-015
1704 4.9408E-015
1706 5.1584E-015
1707 7.2948E-015
1709 6.6559E-015
1710 6.7944E-015
1712 6.8437E-015
1713 7.5931E-015
1715 7.3012E-015
1716 6.8299E-015
1718 8.3871E-015
1719 1.0291E-014
1721 9.4656E-015
1723 7.1919E-015
1724 7.8841E-015
1726 7.8300E-015
1727 7.7346E-015
1729 8.1735E-015
1730 9.9948E-015
1732 9.9929E-015
1733 9.5029E-015
1735 9.3685E-015
1736 8.9841E-015
1738 8.4949E-015
1740 9.1197E-015
1741 9.4338E-015
1743 9.2667E-015
1744 9.8140E-015
1746 1.0760E-014
1747 1.0026E-014
1749 1.0005E-014
1750 1.2656E-014
1752 1.3003E-014
1753 1.2114E-014
1755 1.1811E-014
1757 1.3273E-014
1758 1.2831E-014
1760 1.2592E-014
1761 1.2945E-014
1763 9.6903E-015
1764 1.0492E-014
1766 1.1204E-014
1767 9.6262E-015
1769 1.3358E-014
1770 1.2905E-014
1772 1.2225E-014
1774 1.4659E-014
1775 1.5251E-014
1777 1.5532E-014
1778 1.6485E-014
1780 1.8143E-014
1781 1.6846E-014
1783 1.5767E-014
1784 1.5015E-014
1786 1.5883E-014
1787 1.4742E-014
1789 1.5213E-014
1791 1.6110E-014
1792 1.8283E-014
1794 2.1213E-014
1795 2.0512E-014
1797 1.9440E-014
1798 1.9314E-014
1800 1.9937E-014
1801 1.9906E-014
1803 2.1107E-014
1804 1.8590E-014
1806 1.7289E-014
1808 1.7837E-014
1809 1.6755E-014
1811 1.5679E-014
1812 1.9508E-014
1814 2.0744E-014
1815 1.9337E-014
1817 1.7714E-014
1818 1.8167E-014
1820 1.9609E-014
1821 2.0368E-014
1823 2.2660E-014
1825 2.2030E-014
1826 2.0503E-014
1828 1.9034E-014
1829 1.8514E-014
1831 1.9678E-014
1832 1.6794E-014
1834 1.6696E-014
1835 1.6953E-014
1837 1.7825E-014
1838 1.7219E-014
1840 1.6981E-014
1842 1.5408E-014
1843 1.5503E-014
1845 1.5548E-014
1846 1.4005E-014
1848 1.2788E-014
1849 1.3885E-014
1851 1.4093E-014
1852 1.2410E-014
1854 1.1637E-014
1855 1.4060E-014
1857 1.5366E-014
1859 1.5975E-014
1860 1.2812E-014
1862 1.4992E-014
1863 1.5275E-014
1865 1.5147E-014
1866 1.5239E-014
1868 1.6792E-014
1869 1.8145E-014
1871 1.7551E-014
1872 1.9373E-014
1874 1.8757E-014
1876 1.8481E-014
1877 1.6167E-014
1879 1.6136E-014
1880 1.7976E-014
1882 1.9940E-014
1883 1.9052E-014
1885 2.0426E-014
1886 1.9790E-014
1888 2.2522E-014
1889 1.9070E-014
1891 1.9336E-014
1892 1.9447E-014
1894 1.9317E-014
1896 2.0421E-014
1897 2.0058E-014
1899 1.6459E-014
1900 1.6190E-014
1902 1.7546E-014
1903 1.7989E-014
1905 2.0346E-014
1906 1.9099E-014
1908 2.0187E-014
1909 1.9920E-014
1911 1.7478E-014
1913 1.8717E-014
1914 2.0158E-014
1916 1.9726E-014
1917 2.1565E-014
1919 2.1194E-014
1920 2.1405E-014
1922 2.1457E-014
1923 2.2892E-014
1925 2.2818E-014
1927 1.9821E-014
1928 1.7574E-014
1930 2.0060E-014
1931 1.7926E-014
1933 1.4905E-014
1934 1.5935E-014
1936 1.4335E-014
1937 1.4785E-014
1939 1.7663E-014
1940 1.9698E-014
1942 2.3049E-014
1944 2.3906E-014
1945 2.4829E-014
1947 2.3901E-014
1948 2.4391E-014
1950 2.5014E-014
1951 2.3761E-014
1953 2.1456E-014
1954 2.3980E-014
1956 2.1852E-014
1957 2.4761E-014
1959 2.4534E-014
1961 2.4485E-014
1962 2.2419E-014
1964 2.1663E-014
1965 2.2395E-014
1967 2.5899E-014
1968 2.4533E-014
1970 2.4281E-014
1971 2.3489E-014
1973 2.4629E-014
1974 2.2776E-014
1976 2.1850E-014
1978 2.2656E-014
1979 2.4152E-014
1981 2.4213E-014
1982 2.3963E-014
1984 2.4505E-014
1985 2.3128E-014
1987 2.1337E-014
1988 2.0391E-014
1990 2.1444E-014
1991 1.9970E-014
1993 2.1303E-014
1995 2.0026E-014
1996 2.0070E-014
1998 2.0871E-014
1999 2.1421E-014
2001 2.0002E-014
2002 2.0598E-014
2004 2.0579E-014
2005 1.9745E-014
2007 2.1671E-014
2008 2.0863E-014
2010 2.1828E-014
2012 2.0927E-014
2013 1.8158E-014
2015 1.9834E-014
2016 1.9327E-014
2018 2.0542E-014
2019 2.1302E-014
2021 2.0547E-014
2022 1.9765E-014
2024 1.9436E-014
2025 1.9264E-014
2027 1.9038E-014
2029 2.1220E-014
2030 2.2286E-014
2032 2.2300E-014
2033 2.1546E-014
2035 1.9000E-014
2036 2.0448E-014
2038 2.1018E-014
2039 2.0522E-014
2041 1.9710E-014
2042 2.0141E-014
2044 2.4067E-014
2046 2.4222E-014
2047 2.5716E-014
2049 2.4634E-014
2050 2.4318E-014
2052 2.5298E-014
2053 2.4004E-014
2055 2.3289E-014
2056 2.1135E-014
2058 2.2636E-014
2059 2.4112E-014
2061 2.3515E-014
2063 2.0755E-014
2064 2.0283E-014
2066 2.3125E-014
2067 2.2711E-014
2069 2.3167E-014
2070 2.3526E-014
2072 2.5050E-014
2073 2.5998E-014
2075 2.5756E-014
2076 2.9268E-014
2078 2.7390E-014
2080 2.7696E-014
2081 2.7967E-014
2083 2.6254E-014
2084 2.6046E-014
2086 2.4622E-014
2087 2.5821E-014
2089 2.5114E-014
2090 2.5829E-014
2092 2.3693E-014
2093 2.4637E-014
2095 2.2596E-014
2097 2.4980E-014
2098 2.4244E-014
2100 2.3962E-014
2101 2.2477E-014
2103 2.3820E-014
2104 2.2579E-014
2106 2.3625E-014
2107 2.4970E-014
2109 2.2459E-014
2110 2.0634E-014
2112 2.1930E-014
2114 2.2356E-014
2115 2.3534E-014
2117 2.5996E-014
2118 2.7710E-014
2120 2.6965E-014
2121 2.9303E-014
2123 2.7023E-014
2124 2.4268E-014
2126 2.2563E-014
2128 2.2314E-014
2129 2.1072E-014
2131 2.0748E-014
2132 1.9138E-014
2134 1.8093E-014
2135 1.5466E-014
2137 1.8592E-014
2138 2.2341E-014
2140 2.0264E-014
2141 2.1005E-014
2143 2.4053E-014
2145 2.5447E-014
2146 2.3836E-014
2148 2.2853E-014
2149 2.2776E-014
2151 2.4686E-014
2152 2.3333E-014
2154 2.4171E-014
2155 2.4542E-014
2157 2.3644E-014
2158 2.1382E-014
2160 2.0234E-014
2162 2.1464E-014
2163 2.1503E-014
2165 2.1906E-014
2166 1.9100E-014
2168 1.7941E-014
2169 1.9358E-014
2171 1.8093E-014
2172 2.0236E-014
2174 1.9635E-014
2175 1.6385E-014
2177 1.8120E-014
2179 2.0542E-014
2180 2.3181E-014
2182 2.3410E-014
2183 2.4260E-014
2185 2.3251E-014
2186 2.2532E-014
2188 2.1823E-014
2189 2.1537E-014
2191 2.3411E-014
2192 2.3188E-014
2194 2.5048E-014
2196 2.5799E-014
2197 2.7751E-014
2199 2.7650E-014
2200 2.6511E-014
2202 2.4403E-014
2203 2.4457E-014
2205 2.6303E-014
2206 2.4009E-014
2208 2.2692E-014
2209 2.1675E-014
2211 1.8911E-014
2213 1.8760E-014
2214 1.9153E-014
2216 1.8972E-014
2217 1.8489E-014
2219 1.8583E-014
2220 1.9071E-014
2222 2.0574E-014
2223 1.9118E-014
2225 1.7462E-014
2227 1.6698E-014
2228 1.8018E-014
2230 2.0152E-014
2231 2.1973E-014
2233 2.2252E-014
2234 2.5823E-014
2236 2.5692E-014
2237 2.5311E-014
2239 2.4629E-014
2240 2.3911E-014
2242 2.2057E-014
2244 1.9041E-014
2245 1.7872E-014
2247 1.9632E-014
2248 2.0174E-014
2250 1.8181E-014
2251 1.8361E-014
2253 2.0480E-014
2254 1.7784E-014
2256 1.7817E-014
2257 1.8202E-014
2259 2.0692E-014
2261 2.1040E-014
2262 1.9715E-014
2264 2.0054E-014
2265 1.8391E-014
2267 1.6667E-014
2268 1.7194E-014
2270 1.8601E-014
2271 1.8581E-014
2273 1.8892E-014
2274 1.9377E-014
2276 1.8198E-014
2278 1.8621E-014
2279 1.9825E-014
2281 2.0509E-014
2282 2.2278E-014
2284 2.3237E-014
2285 2.3638E-014
2287 2.3288E-014
2288 2.1282E-014
2290 2.3709E-014
2292 2.2801E-014
2293 2.1355E-014
2295 1.9903E-014
2296 2.0891E-014
2298 1.6223E-014
2299 1.4490E-014
2301 1.5706E-014
2302 1.7393E-014
2304 1.7230E-014
2305 1.8257E-014
2307 1.9840E-014
2309 1.8380E-014
2310 1.8789E-014
2312 1.8794E-014
2313 1.6681E-014
2315 1.6082E-014
2316 1.7635E-014
2318 1.8063E-014
2319 1.7698E-014
2321 1.8807E-014
2322 1.8786E-014
2324 2.0498E-014
2326 1.9893E-014
2327 1.5382E-014
2329 1.5161E-014
2330 1.8136E-014
2332 1.6504E-014
2333 1.2998E-014
2335 1.2878E-014
2336 1.5170E-014
2338 1.4057E-014
2339 1.1100E-014
2341 1.2766E-014
2343 1.3485E-014
2344 1.1867E-014
2346 9.7220E-015
2347 1.0920E-014
2349 1.1550E-014
2350 1.4218E-014
2352 1.6602E-014
2353 1.8285E-014
2355 1.7302E-014
2357 1.5754E-014
2358 1.7803E-014
2360 1.6054E-014
2361 1.1653E-014
2363 1.3268E-014
2364 1.6399E-014
2366 1.4354E-014
2367 1.3673E-014
2369 1.5601E-014
2370 1.6305E-014
2372 1.6627E-014
2374 1.6979E-014
2375 1.3171E-014
2377 1.3640E-014
2378 1.7575E-014
2380 1.5683E-014
2381 1.2286E-014
2383 9.5163E-015
2384 9.0436E-015
2386 1.3220E-014
2387 1.4292E-014
2389 1.2660E-014
2391 1.1809E-014
2392 1.4390E-014
2394 1.6526E-014
2395 1.4254E-014
2397 1.1035E-014
2398 1.2437E-014
2400 1.2935E-014
2401 1.2530E-014
2403 1.5257E-014
2405 1.3989E-014
2406 1.1100E-014
2408 9.9320E-015
2409 1.1507E-014
2411 1.2565E-014
2412 1.0924E-014
2414 1.1975E-014
2415 1.4430E-014
2417 1.6028E-014
2418 1.6671E-014
2420 1.8792E-014
2422 2.1925E-014
2423 2.2457E-014
2425 2.0000E-014
2426 1.7987E-014
2428 2.0537E-014
2429 1.9543E-014
2431 1.7880E-014
2432 1.9801E-014
2434 1.9276E-014
2435 1.7772E-014
2437 1.8589E-014
2439 1.7777E-014
2440 2.0019E-014
2442 2.0136E-014
2443 2.3723E-014
2445 2.3163E-014
2446 1.9293E-014
2448 1.8315E-014
2449 1.8490E-014
2451 1.8479E-014
2453 1.7667E-014
2454 1.7946E-014
2456 1.8524E-014
2457 1.9052E-014
2459 1.9320E-014
2460 1.9111E-014
2462 1.7275E-014
2463 1.6385E-014
2465 1.6402E-014
2466 1.7170E-014
2468 1.6670E-014
2470 1.7590E-014
2471 1.8079E-014
2473 1.8635E-014
2474 1.8606E-014
2476 2.0195E-014
2477 1.9090E-014
2479 1.7643E-014
2480 1.8370E-014
2482 2.0344E-014
2483 1.8982E-014
2485 1.6840E-014
2487 1.9031E-014
2488 1.9021E-014
2490 1.8082E-014
2491 1.6065E-014
2493 1.5471E-014
2494 1.8360E-014
2496 2.1687E-014
2497 2.2193E-014
2499 2.1506E-014
2501 2.2654E-014
2502 2.2276E-014
2504 2.0302E-014
2505 2.1399E-014
2507 2.0940E-014
2508 1.8661E-014
2510 2.1469E-014
2511 2.0546E-014
2513 1.7349E-014
2514 1.7495E-014
2516 1.7477E-014
2518 1.7595E-014
2519 1.5984E-014
2521 1.5401E-014
2522 1.5714E-014
2524 1.5155E-014
2525 1.4509E-014
2527 1.3825E-014
2528 1.3267E-014
2530 1.2728E-014
2532 1.3996E-014
2533 1.5837E-014
2535 1.5022E-014
2536 1.3747E-014
2538 1.4625E-014
2539 1.4115E-014
2541 1.4106E-014
2542 1.4550E-014
2544 1.4979E-014
2545 1.4581E-014
2547 1.4204E-014
2549 1.4742E-014
2550 1.3184E-014
2552 1.4898E-014
2553 1.8094E-014
2555 2.1098E-014
2556 2.1234E-014
2558 1.9677E-014
2559 1.9583E-014
2561 1.9491E-014
2562 2.0274E-014
2564 1.7358E-014
2566 1.9705E-014
2567 2.2395E-014
2569 2.2086E-014
2570 2.4233E-014
2572 2.4861E-014
2573 2.4093E-014
2575 2.2479E-014
2576 2.2196E-014
2578 1.9440E-014
2580 2.0618E-014
2581 2.3436E-014
2583 2.3881E-014
2584 2.1228E-014
2586 2.0571E-014
2587 1.7010E-014
2589 2.0365E-014
2590 2.4347E-014
2592 2.1809E-014
2593 2.0938E-014
2595 1.9538E-014
2597 1.9676E-014
2598 1.9043E-014
2600 1.4430E-014
2601 1.2939E-014
2603 2.0037E-014
2604 2.1364E-014
2606 1.7972E-014
2607 1.4393E-014
2609 1.4582E-014
2611 1.6688E-014
2612 1.5665E-014
2614 1.3551E-014
2615 1.5444E-014
2617 2.0447E-014
2618 2.1049E-014
2620 1.9648E-014
2621 2.0465E-014
2623 2.1504E-014
2624 2.2610E-014
2626 2.1731E-014
2628 1.8966E-014
2629 2.0242E-014
2631 1.7846E-014
2632 1.6301E-014
2634 1.9732E-014
2635 2.5641E-014
2637 2.8467E-014
2638 2.8061E-014
2640 2.9837E-014
2642 3.1963E-014
2643 3.2647E-014
2645 3.4783E-014
2646 3.4998E-014
2648 3.3586E-014
2649 3.2981E-014
2651 3.2083E-014
2652 3.1932E-014
2654 3.2659E-014
2655 3.4020E-014
2657 3.4739E-014
2659 3.3557E-014
2660 3.1248E-014
2662 3.1136E-014
2663 2.8841E-014
2665 2.6900E-014
2666 2.6803E-014
2668 2.7435E-014
2669 2.9069E-014
2671 2.9375E-014
2673 2.9022E-014
2674 2.7919E-014
2676 3.1219E-014
2677 3.1081E-014
2679 2.9667E-014
2680 2.7298E-014
2682 2.8358E-014
2683 2.9802E-014
2685 2.8590E-014
2686 2.7959E-014
2688 2.7923E-014
2690 2.6872E-014
2691 2.7480E-014
2693 2.7334E-014
2694 2.6437E-014
2696 2.8364E-014
2697 2.7973E-014
2699 2.6505E-014
2700 2.7872E-014
2702 2.9904E-014
2704 2.9525E-014
2705 3.0553E-014
2707 3.0144E-014
2708 2.7872E-014
2710 2.6958E-014
2711 2.5921E-014
2713 2.7814E-014
2714 2.9324E-014
2716 2.6862E-014
2717 2.6647E-014
2719 2.5742E-014
2721 2.6700E-014
2722 2.8519E-014
2724 2.9879E-014
2725 2.7818E-014
2727 2.6670E-014
2728 2.7045E-014
2730 2.9016E-014
2731 3.0744E-014
2733 3.1013E-014
2735 3.1110E-014
2736 3.0177E-014
2738 2.8040E-014
2739 2.5546E-014
2741 2.2479E-014
2742 2.3194E-014
2744 2.0513E-014
2745 2.0780E-014
2747 2.1445E-014
2748 1.8900E-014
2750 1.8091E-014
2752 1.9067E-014
2753 2.3226E-014
2755 2.2774E-014
2756 2.0289E-014
2758 2.1419E-014
2759 2.4573E-014
2761 2.5956E-014
2762 2.3606E-014
2764 2.4770E-014
2766 2.6819E-014
2767 2.7543E-014
2769 2.6155E-014
2770 2.6178E-014
2772 2.8444E-014
2773 2.9664E-014
2775 2.9642E-014
2776 2.9701E-014
2778 2.8758E-014
2779 2.8012E-014
2781 2.6425E-014
2783 2.8201E-014
2784 2.7452E-014
2786 2.8045E-014
2787 3.0497E-014
2789 2.9537E-014
2790 2.7282E-014
2792 2.3775E-014
2793 2.1990E-014
2795 1.6468E-014
2797 1.1871E-014
2798 1.3419E-014
2800 1.6126E-014
2801 1.8066E-014
2803 1.4797E-014
2804 1.3660E-014
2806 1.9643E-014
2807 2.5753E-014
2809 2.9734E-014
2811 3.1594E-014
2812 3.0286E-014
2814 3.0988E-014
2815 3.3932E-014
2817 3.5457E-014
2818 3.4275E-014
2820 3.6001E-014
2821 3.7682E-014
2823 3.6539E-014
2824 3.8029E-014
2826 3.7077E-014
2828 3.5038E-014
2829 3.5667E-014
2831 3.5455E-014
2832 3.4678E-014
2834 3.3465E-014
2835 3.3049E-014
2837 3.1786E-014
2838 3.2028E-014
2840 3.2738E-014
2842 2.9915E-014
2843 3.0244E-014
2845 2.9274E-014
2846 3.1617E-014
2848 3.1969E-014
2849 2.9221E-014
2851 2.8825E-014
2852 2.6638E-014
2854 2.6202E-014
2855 3.0770E-014
2857 2.9893E-014
2859 2.9195E-014
2860 3.2273E-014
2862 3.6008E-014
2863 3.4765E-014
2865 3.2667E-014
2866 3.1736E-014
2868 3.1335E-014
2869 3.1359E-014
2871 3.0214E-014
2873 3.3814E-014
2874 3.2688E-014
2876 3.2954E-014
2877 3.0806E-014
2879 3.2188E-014
2880 3.2320E-014
2882 3.1204E-014
2883 3.4970E-014
2885 3.6597E-014
2887 3.6612E-014
2888 3.5011E-014
2890 3.1775E-014
2891 3.2318E-014
2893 3.0642E-014
2894 3.1060E-014
2896 3.0587E-014
2897 3.3233E-014
2899 3.3419E-014
2900 3.6776E-014
2902 4.0146E-014
2904 3.9101E-014
2905 4.1706E-014
2907 4.0126E-014
2908 3.9622E-014
2910 3.9341E-014
2911 3.6457E-014
2913 3.7632E-014
2914 4.0973E-014
2916 4.0704E-014
2918 3.8261E-014
2919 3.8891E-014
2921 3.8442E-014
2922 3.7475E-014
2924 3.6696E-014
2925 3.3703E-014
2927 3.3832E-014
2928 3.3623E-014
2930 3.4749E-014
2931 3.6386E-014
2933 3.7039E-014
2935 3.6899E-014
2936 3.8195E-014
2938 3.7114E-014
2939 3.8221E-014
2941 3.8447E-014
2942 3.8257E-014
2944 3.7514E-014
2945 3.7158E-014
2947 3.8597E-014
2949 3.5253E-014
2950 3.4830E-014
2952 3.5122E-014
2953 3.9232E-014
2955 3.7641E-014
2956 3.8607E-014
2958 3.8421E-014
2959 4.0964E-014
2961 3.9249E-014
2963 3.9812E-014
2964 4.1385E-014
2966 3.7688E-014
2967 3.6572E-014
2969 3.8111E-014
2970 3.5111E-014
2972 3.6861E-014
2973 3.8887E-014
2975 4.2349E-014
2976 4.0247E-014
2978 4.1150E-014
2980 4.0197E-014
2981 3.7833E-014
2983 3.5671E-014
2984 3.6821E-014
2986 3.3370E-014
2987 3.5577E-014
2989 3.9082E-014
2990 4.1146E-014
2992 4.2230E-014
2994 4.1863E-014
2995 4.0783E-014
2997 4.4881E-014
2998 4.3146E-014
3000 4.0343E-014
3001 3.7976E-014
3003 3.5262E-014
3004 3.7469E-014
3006 4.2290E-014
3008 4.1739E-014
3009 4.1857E-014
3011 4.2796E-014
3012 4.3162E-014
3014 4.2373E-014
3015 4.0532E-014
3017 3.9069E-014
3018 4.0592E-014
3020 3.9718E-014
3021 3.7474E-014
3023 4.3249E-014
3025 4.1721E-014
3026 4.2662E-014
3028 4.1905E-014
3029 4.3117E-014
3031 4.0061E-014
3032 4.0496E-014
3034 4.0288E-014
3035 4.0618E-014
3037 4.1115E-014
3039 4.0251E-014
3040 4.1474E-014
3042 3.9605E-014
3043 3.9654E-014
3045 4.1385E-014
3046 4.4088E-014
3048 4.1125E-014
3049 4.1606E-014
3051 4.2280E-014
3053 4.3921E-014
3054 4.3497E-014
3056 4.1073E-014
3057 3.8972E-014
3059 3.7087E-014
3060 3.9837E-014
3062 4.2012E-014
3063 4.2598E-014
3065 4.0409E-014
3065 4.0266E-014
3068 4.3373E-014
3071 4.2243E-014
3073 4.1615E-014
3076 4.0971E-014
3079 4.1321E-014
3082 4.4236E-014
3084 4.5247E-014
3087 4.3982E-014
3090 4.2241E-014
3093 4.0359E-014
3095 3.9534E-014
3098 3.9002E-014
3101 3.9373E-014
3104 4.0114E-014
3106 4.2349E-014
3109 4.5042E-014
3112 4.3812E-014
3115 4.3512E-014
3117 3.9561E-014
3120 3.7748E-014
3123 4.0995E-014
3126 4.0870E-014
3128 4.2569E-014
3131 4.1327E-014
3134 4.1544E-014
3137 4.2517E-014
3139 4.2855E-014
3142 4.1463E-014
3145 4.0877E-014
3147 4.2059E-014
3150 4.4195E-014
3153 4.3721E-014
3156 4.2022E-014
3158 4.0165E-014
3161 3.8922E-014
3164 4.1669E-014
3167 4.3340E-014
3169 4.5003E-014
3172 4.5456E-014
3175 4.5680E-014
3178 4.2180E-014
3180 3.9265E-014
3183 4.0304E-014
3186 4.1526E-014
3189 4.1227E-014
3191 3.9391E-014
3194 3.8627E-014
3197 4.1191E-014
3200 4.4556E-014
3202 4.4838E-014
3205 4.6004E-014
3208 4.2636E-014
3211 3.8825E-014
3213 3.9168E-014
3216 3.9351E-014
3219 4.2667E-014
3222 4.3006E-014
3224 4.1610E-014
3227 3.7427E-014
3230 3.6042E-014
3233 3.7931E-014
3235 3.9089E-014
3238 4.0426E-014
3241 4.2308E-014
3244 4.3316E-014
3246 4.2111E-014
3249 3.9687E-014
3252 4.0983E-014
3255 4.2064E-014
3257 4.3700E-014
3260 4.6263E-014
3263 4.3462E-014
3266 4.4348E-014
3268 4.3524E-014
3271 4.3441E-014
3274 4.3799E-014
3277 4.0724E-014
3279 4.1616E-014
3282 4.2921E-014
3285 4.4734E-014
3288 4.2106E-014
3290 4.4789E-014
3293 4.6213E-014
3296 4.7155E-014
3299 4.7154E-014
3301 4.7108E-014
3304 4.3806E-014
3307 4.3736E-014
3310 4.6621E-014
3312 4.5052E-014
3315 4.4141E-014
3318 4.6613E-014
3321 4.3793E-014
3323 4.2064E-014
3326 4.3815E-014
3329 4.4251E-014
3332 4.6642E-014
3334 4.4657E-014
3337 4.2628E-014
3340 4.3954E-014
3343 4.3842E-014
3345 4.4157E-014
3348 4.3349E-014
3351 4.2862E-014
3354 4.5980E-014
3356 4.6696E-014
3359 4.2769E-014
3362 4.2849E-014
3365 4.5549E-014
3367 4.2087E-014
3370 4.0846E-014
3373 4.2610E-014
3376 4.4120E-014
3378 4.2949E-014
3381 4.1287E-014
3384 4.3447E-014
3387 4.3601E-014
3389 4.3938E-014
3392 4.2819E-014
3395 4.2714E-014
3398 4.5931E-014
3400 4.5492E-014
3403 4.4726E-014
3406 4.3146E-014
3408 4.2633E-014
3411 4.3656E-014
3414 4.3184E-014
3417 4.3355E-014
3419 4.4569E-014
3422 4.3404E-014
3425 4.3248E-014
3428 4.5630E-014
3430 4.6579E-014
3433 4.4952E-014
3436 4.5161E-014
3439 4.4178E-014
3441 4.1184E-014
3444 4.0406E-014
3447 4.3382E-014
3450 4.4678E-014
3452 4.3747E-014
3455 4.2860E-014
3458 4.2598E-014
3461 4.1773E-014
3463 4.3503E-014
3466 4.3208E-014
3469 4.4455E-014
3472 4.2311E-014
3474 4.1309E-014
3477 4.2293E-014
3480 4.5515E-014
3483 4.3737E-014
3485 4.3825E-014
3488 4.3919E-014
3491 4.2165E-014
3494 4.0952E-014
3496 3.9821E-014
3499 4.2547E-014
3502 4.4352E-014
3505 4.4777E-014
3507 4.3880E-014
3510 4.2900E-014
3513 4.2707E-014
3516 4.3816E-014
3518 4.4491E-014
3521 4.3772E-014
3524 4.2435E-014
3527 4.2167E-014
3529 4.4806E-014
3532 4.4710E-014
3535 4.5921E-014
3538 4.6132E-014
3540 4.6695E-014
3543 4.6843E-014
3546 4.7321E-014
3549 4.6243E-014
3551 4.7173E-014
3554 4.6419E-014
3557 4.6294E-014
3560 4.5526E-014
3562 4.6734E-014
3565 4.4722E-014
3568 4.3537E-014
3571 4.1715E-014
3573 4.2389E-014
3576 4.3636E-014
3579 4.3850E-014
3582 4.4399E-014
3584 4.1159E-014
3587 3.9041E-014
3590 4.2479E-014
3593 4.4596E-014
3595 4.4694E-014
3598 4.5553E-014
3601 4.4891E-014
3604 4.2447E-014
3606 4.2833E-014
3609 4.2361E-014
3612 4.2466E-014
3615 4.3136E-014
3617 4.3139E-014
3620 4.2606E-014
3623 4.3631E-014
3626 4.5554E-014
3628 4.7309E-014
3631 4.3598E-014
3634 4.3200E-014
3637 4.5130E-014
3639 4.6298E-014
3642 4.5495E-014
3645 4.5894E-014
3648 4.4155E-014
3650 4.4050E-014
3653 4.6110E-014
3656 4.7897E-014
3659 4.8026E-014
3661 4.8533E-014
3664 4.7232E-014
3667 4.7566E-014
3670 4.6818E-014
3672 4.7135E-014
3675 4.7236E-014
3678 4.5773E-014
3681 4.5300E-014
3683 4.5423E-014
3686 4.4396E-014
3689 4.5071E-014
3692 4.6832E-014
3694 4.7504E-014
3697 4.8097E-014
3700 4.9581E-014
3703 4.8178E-014
3705 4.5116E-014
3708 4.6992E-014
3711 4.6081E-014
3714 4.5538E-014
3716 5.2954E-014
3719 5.4369E-014
3722 4.5306E-014
3725 4.9041E-014
3727 5.5117E-014
3730 5.6878E-014
3733 4.8884E-014
3736 4.2645E-014
3738 5.2542E-014
3741 6.1168E-014
3744 5.9716E-014
3747 5.2930E-014
3749 4.3074E-014
3752 4.7000E-014
3755 5.7962E-014
3758 6.4551E-014
3760 6.2590E-014
3763 6.5652E-014
3766 6.1323E-014
3769 5.1799E-014
3771 4.5624E-014
3774 5.4846E-014
3777 6.5640E-014
3780 7.5329E-014
3782 8.2054E-014
3785 8.2071E-014
3788 7.4238E-014
3791 7.0658E-014
3793 6.2926E-014
3796 5.0562E-014
3799 4.5079E-014
3802 5.6767E-014
3804 6.9788E-014
3807 7.6482E-014
3810 8.5576E-014
3813 8.7302E-014
3815 8.4338E-014
3818 8.8456E-014
3821 8.5471E-014
3824 8.2817E-014
3826 7.3568E-014
3829 6.6664E-014
3832 5.8757E-014
3835 4.6632E-014
3837 4.6109E-014
3840 5.7054E-014
3843 6.8965E-014
3846 7.8617E-014
3848 8.6073E-014
3851 9.1170E-014
3854 9.6073E-014
3857 9.7199E-014
3859 9.8451E-014
3862 1.0198E-013
3865 1.0237E-013
3867 1.0391E-013
3870 1.0208E-013
3873 9.4058E-014
3876 9.2806E-014
3878 8.6078E-014
3881 8.0156E-014
3884 7.0072E-014
3887 5.5074E-014
3889 4.5431E-014
3892 5.2039E-014
3895 6.3184E-014
3898 7.2222E-014
3900 8.0486E-014
3903 8.7226E-014
3906 8.8633E-014
3909 9.4730E-014
3911 1.0270E-013
3914 1.0150E-013
3917 1.0153E-013
3920 1.0193E-013
3922 1.0777E-013
3925 1.1183E-013
3928 1.0798E-013
3931 9.7533E-014
3933 7.9859E-014
3936 8.7576E-014
3939 1.0479E-013
3942 1.0549E-013
3944 9.9511E-014
3947 9.9845E-014
3950 9.6649E-014
3953 9.4065E-014
3955 9.2126E-014
3958 8.8275E-014
3961 8.3155E-014
3964 7.2431E-014
3966 5.8630E-014
3969 4.3952E-014
3972 4.7430E-014
3975 5.9531E-014
3977 7.2358E-014
3980 8.2525E-014
3983 8.8076E-014
3986 9.4062E-014
3988 9.7830E-014
3991 1.0191E-013
3994 1.0502E-013
3997 1.0281E-013
3999 1.0709E-013
4002 1.0975E-013
4005 1.0718E-013
4008 1.0872E-013
4010 1.1499E-013
4013 1.1482E-013
4016 1.1583E-013
4019 1.1713E-013
4021 1.1812E-013
4024 1.1626E-013
4027 1.1852E-013
4030 1.1520E-013
4032 1.0800E-013
4035 1.1289E-013
4038 1.1893E-013
4041 1.1815E-013
4043 1.1500E-013
4046 1.0985E-013
4049 1.1517E-013
4052 1.1534E-013
4054 1.1155E-013
4057 1.1057E-013
4060 1.1061E-013
4063 1.0916E-013
4065 1.0790E-013
4068 1.0682E-013
4071 1.0633E-013
4074 1.0259E-013
4076 9.7576E-014
4079 9.3360E-014
4082 9.7897E-014
4085 9.6088E-014
4087 9.2706E-014
4090 9.0268E-014
4093 8.4487E-014
4096 7.6331E-014
4098 6.4111E-014
4101 5.1459E-014
4104 5.0750E-014
4107 6.3067E-014
4109 7.2568E-014
4112 8.0803E-014
4115 8.9670E-014
4118 9.4660E-014
4120 9.4554E-014
4123 9.7860E-014
4126 9.9950E-014
4129 9.7300E-014
4131 9.7323E-014
4134 1.0324E-013
4137 1.0754E-013
4140 1.1363E-013
4142 1.1202E-013
4145 1.1075E-013
4148 1.1326E-013
4151 1.1329E-013
4153 1.1092E-013
4156 1.0840E-013
4159 1.0979E-013
4162 1.1351E-013
4164 1.1409E-013
4167 1.1552E-013
4170 1.1302E-013
4173 1.0535E-013
4175 1.0397E-013
4178 1.0451E-013
4181 1.0772E-013
4184 1.0813E-013
4186 1.0832E-013
4189 1.0794E-013
4192 1.1218E-013
4195 1.1446E-013
4197 1.0925E-013
4200 1.0692E-013
4203 1.0782E-013
4206 1.0889E-013
4208 1.1428E-013
4211 1.1643E-013
4214 1.1674E-013
4217 1.1193E-013
4219 1.1299E-013
4222 1.1238E-013
4225 1.0880E-013
4228 1.0576E-013
4230 1.1300E-013
4233 1.1082E-013
4236 1.0805E-013
4239 1.0821E-013
4241 1.0899E-013
4244 1.1159E-013
4247 1.0906E-013
4250 1.0870E-013
4252 1.0899E-013
4255 1.1089E-013
4258 1.1208E-013
4261 1.0839E-013
4263 1.1166E-013
4266 1.1375E-013
4269 1.1266E-013
4272 1.0613E-013
4274 1.0700E-013
4277 1.0868E-013
4280 1.1195E-013
4283 1.0941E-013
4285 1.0654E-013
4288 1.0565E-013
4291 1.0208E-013
4294 1.0511E-013
4296 1.0326E-013
4299 1.0005E-013
4302 9.7124E-014
4305 9.7943E-014
4307 9.7920E-014
4310 9.8227E-014
4313 1.0053E-013
4316 9.6056E-014
4318 9.6250E-014
4321 9.5733E-014
4324 9.2038E-014
4326 8.4885E-014
4329 8.3336E-014
4332 7.8266E-014
4335 7.0442E-014
4337 5.9656E-014
4340 5.1769E-014
4343 4.8406E-014
4346 6.0149E-014
4348 7.0796E-014
4351 7.6930E-014
4354 8.1962E-014
4357 8.9482E-014
4359 9.2557E-014
4362 9.6512E-014
4365 1.0002E-013
4368 1.0011E-013
4370 9.9359E-014
4373 1.0153E-013
4376 9.9132E-014
4379 1.0504E-013
4381 1.0531E-013
4384 9.7809E-014
4387 9.9002E-014
4390 1.0361E-013
4392 1.0361E-013
4395 1.0296E-013
4398 1.0404E-013
4401 1.0414E-013
4403 1.0461E-013
4406 1.0442E-013
4409 1.0610E-013
4412 1.0588E-013
4414 1.0531E-013
4417 1.0218E-013
4420 1.0446E-013
4423 1.0586E-013
4425 1.0631E-013
4428 1.0707E-013
4431 1.0601E-013
4434 1.0470E-013
4436 1.0607E-013
4439 1.0854E-013
4442 1.0516E-013
4445 1.0373E-013
4447 1.0536E-013
4450 1.0404E-013
4453 1.0321E-013
4456 1.0397E-013
4458 1.0189E-013
4461 1.0002E-013
4464 9.9732E-014
4467 1.0176E-013
4469 1.0011E-013
4472 1.0207E-013
4475 1.0539E-013
4478 1.0492E-013
4480 1.0079E-013
4483 9.7518E-014
4486 1.0381E-013
4489 1.0286E-013
4491 1.0198E-013
4494 1.0384E-013
4497 1.0593E-013
4500 1.0612E-013
4502 1.0421E-013
4505 1.0699E-013
4508 1.0694E-013
4511 1.0678E-013
4513 1.0689E-013
4516 1.0448E-013
4519 1.0363E-013
4522 1.0225E-013
4524 1.0106E-013
4527 1.0008E-013
4530 9.8753E-014
4533 9.9710E-014
4535 1.0042E-013
4538 1.0407E-013
4541 1.0270E-013
4544 1.0280E-013
4546 1.0142E-013
4549 9.6624E-014
4552 9.7225E-014
4555 9.5780E-014
4557 9.6674E-014
4560 9.9893E-014
4563 1.0115E-013
4566 1.0060E-013
4568 1.0297E-013
4571 1.0296E-013
4574 1.0201E-013
4577 1.0324E-013
4579 1.0218E-013
4582 9.7929E-014
4585 9.6141E-014
4587 1.0048E-013
4590 9.8275E-014
4593 9.7975E-014
4596 9.9359E-014
4598 1.0014E-013
4601 1.0020E-013
4604 1.0129E-013
4607 1.0184E-013
4609 1.0249E-013
4612 1.0179E-013
4615 1.0116E-013
4618 9.9526E-014
4620 9.8578E-014
4623 1.0100E-013
4626 1.0135E-013
4629 1.0022E-013
4631 1.0045E-013
4634 9.9119E-014
4637 9.9819E-014
4640 9.9363E-014
4642 9.9924E-014
4645 9.8649E-014
4648 9.6027E-014
4651 9.8042E-014
4653 9.8986E-014
4656 9.9214E-014
4659 9.9580E-014
4662 9.9396E-014
4664 9.7034E-014
4667 9.3366E-014
4670 9.4093E-014
4673 9.6926E-014
4675 9.9530E-014
4678 9.8289E-014
4681 9.8223E-014
4684 9.8939E-014
4686 9.8162E-014
4689 9.8158E-014
4692 9.8756E-014
4695 9.8043E-014
4697 9.8624E-014
4700 9.5758E-014
4703 9.4200E-014
4706 9.4855E-014
4708 9.4780E-014
4711 9.5730E-014
4714 9.6112E-014
4717 9.5575E-014
4719 9.7587E-014
4722 9.7948E-014
4725 9.6626E-014
4728 9.5550E-014
4730 9.3883E-014
4733 9.3653E-014
4736 9.5163E-014
4739 9.5799E-014
4741 9.5758E-014
4744 9.5203E-014
4747 9.5182E-014
4750 9.5490E-014
4752 9.5290E-014
4755 9.2854E-014
4758 9.2211E-014
4760 9.4338E-014
4763 9.3098E-014
4766 9.2640E-014
4769 9.3592E-014
4771 9.4775E-014
4774 9.4633E-014
4777 9.5410E-014
4780 9.4948E-014
4782 9.4427E-014
4785 9.3277E-014
4788 9.1715E-014
4791 9.1950E-014
4793 9.3380E-014
4796 9.3681E-014
4799 9.3258E-014
4802 9.2163E-014
4804 9.0995E-014
4807 9.0174E-014
4810 8.8854E-014
4813 8.9571E-014
4815 8.9910E-014
4818 9.0262E-014
4821 8.7822E-014
4824 8.6825E-014
4826 8.6918E-014
4829 8.5619E-014
4832 8.4765E-014
4835 8.4072E-014
4837 8.1155E-014
4840 8.0092E-014
4843 7.8989E-014
4846 7.6280E-014
4848 7.2334E-014
4851 6.8925E-014
4854 6.3137E-014
4857 5.5366E-014
4859 4.7604E-014
4862 4.3848E-014
4865 4.6602E-014
4868 5.5104E-014
4870 6.1324E-014
4873 6.4318E-014
4876 6.8961E-014
4879 7.2666E-014
4881 7.6528E-014
4884 7.6776E-014
4887 7.6736E-014
4889 7.7914E-014
4892 7.8833E-014
4895 8.2734E-014
4898 8.3311E-014
4900 8.3709E-014
4903 8.3369E-014
4906 8.4704E-014
4909 8.5197E-014
4911 8.3929E-014
4914 8.5232E-014
4917 8.4988E-014
4920 8.0725E-014
4922 7.9402E-014
4925 8.1201E-014
4928 8.3586E-014
4931 8.6077E-014
4933 8.4246E-014
4936 8.3173E-014
4939 8.3283E-014
4942 8.5283E-014
4944 8.7245E-014
4947 8.7146E-014
4950 8.6854E-014
4953 8.6187E-014
4955 8.5563E-014
4958 8.3247E-014
4961 8.6280E-014
4964 8.7661E-014
4966 8.6601E-014
4969 8.5536E-014
4972 8.6107E-014
4975 8.7161E-014
4977 8.6281E-014
4980 8.4908E-014
4983 8.1034E-014
4986 8.0020E-014
4988 8.3558E-014
4991 8.4470E-014
4994 8.4710E-014
4997 8.5294E-014
4999 8.4263E-014
5002 8.1717E-014
5005 8.2091E-014
5007 7.9731E-014
5010 8.2647E-014
5013 8.1347E-014
5016 8.1936E-014
5018 7.9232E-014
5021 8.1109E-014
5024 8.3818E-014
5027 8.3955E-014
5029 8.3406E-014
5032 8.3719E-014
5035 8.4126E-014
5038 8.1994E-014
5040 8.0955E-014
5043 8.0409E-014
5046 8.3543E-014
5049 8.3127E-014
5051 8.2587E-014
5054 8.3413E-014
5057 8.4283E-014
5060 8.5124E-014
5062 8.4773E-014
5065 8.3147E-014
5068 8.2654E-014
5071 8.2802E-014
5073 8.1648E-014
5076 8.1293E-014
5079 8.0254E-014
5082 7.8711E-014
5084 8.0108E-014
5087 8.2124E-014
5090 8.2512E-014
5092 8.3375E-014
5095 8.2053E-014
5098 8.0312E-014
5101 8.0136E-014
5103 8.1388E-014
5106 8.2208E-014
5109 8.1214E-014
5112 8.0702E-014
5114 8.2403E-014
5117 8.2973E-014
5120 8.3199E-014
5123 8.0598E-014
5125 7.8575E-014
5128 7.8943E-014
5131 7.8877E-014
5134 7.8431E-014
5136 7.9389E-014
5139 7.6871E-014
5142 7.7027E-014
5145 7.8533E-014
5147 7.7723E-014
5150 7.8233E-014
5153 7.8285E-014
5156 7.7672E-014
5158 7.9427E-014
5161 7.9068E-014
5164 7.8020E-014
5167 7.5084E-014
5169 7.1255E-014
5172 7.2726E-014
5175 7.6359E-014
5177 7.8491E-014
5180 7.8722E-014
5183 7.7202E-014
5186 7.5757E-014
5188 7.6459E-014
5191 7.6208E-014
5194 7.4592E-014
5197 7.4507E-014
5199 7.5245E-014
5202 7.6137E-014
5205 7.4868E-014
5208 7.4074E-014
5210 7.5716E-014
5213 7.7533E-014
5216 7.6060E-014
5219 7.5995E-014
5221 7.8059E-014
5224 7.8087E-014
5227 7.3149E-014
5230 7.2857E-014
5232 7.4474E-014
5235 7.2841E-014
5238 7.5337E-014
5241 7.7302E-014
5243 7.7985E-014
5246 7.7487E-014
5249 7.6576E-014
5252 7.7061E-014
5254 7.6430E-014
5257 7.6949E-014
5260 7.7515E-014
5262 7.4893E-014
5265 7.1584E-014
5268 7.1568E-014
5271 7.0941E-014
5273 7.2094E-014
5276 7.2016E-014
5279 7.4000E-014
5282 7.3908E-014
5284 7.3943E-014
5287 7.6179E-014
5290 7.7296E-014
5293 7.7006E-014
5295 7.6301E-014
5298 7.5675E-014
5301 7.5563E-014
5304 7.5240E-014
5306 7.5466E-014
5309 7.5304E-014
5312 7.6274E-014
5315 7.4004E-014
5317 7.2455E-014
5320 7.4693E-014
5323 7.4708E-014
5325 7.2416E-014
5328 7.0926E-014
5331 7.2234E-014
5334 7.3724E-014
5336 7.3841E-014
5339 7.2868E-014
5342 7.2616E-014
5345 7.4676E-014
5347 7.5107E-014
5350 7.5564E-014
5353 7.5266E-014
5356 7.5270E-014
5358 7.5793E-014
5361 7.4769E-014
5364 7.1968E-014
5367 7.1498E-014
5369 7.0160E-014
5372 7.1598E-014
5375 7.3486E-014
5378 7.4717E-014
5380 7.3666E-014
5383 7.2861E-014
5386 7.3271E-014
5388 7.3346E-014
5391 7.2990E-014
5394 7.2067E-014
5397 7.0869E-014
5399 7.0607E-014
5402 7.0266E-014
5405 6.9455E-014
5408 7.0320E-014
5410 6.9977E-014
5413 7.0837E-014
5416 7.1193E-014
5419 7.1864E-014
5421 7.1493E-014
5424 7.0499E-014
5427 7.1290E-014
5430 7.0211E-014
5432 7.0839E-014
5435 7.0703E-014
5438 7.2214E-014
5441 7.3142E-014
5443 7.1963E-014
5446 7.0766E-014
5449 7.1514E-014
5450 6.9739E-014
5455 6.9371E-014
5460 6.9898E-014
5465 7.0363E-014
5470 7.0154E-014
5475 6.9956E-014
5480 6.9068E-014
5484 6.9531E-014
5489 7.0375E-014
5494 7.0354E-014
5499 6.9744E-014
5504 6.9442E-014
5509 6.8789E-014
5514 6.9809E-014
5519 6.9905E-014
5523 7.0693E-014
5528 6.9373E-014
5533 6.9056E-014
5538 6.8173E-014
5543 6.8689E-014
5548 6.9639E-014
5553 6.9339E-014
5557 6.8556E-014
5562 6.8528E-014
5567 6.7582E-014
5572 6.7286E-014
5577 6.7729E-014
5582 6.8139E-014
5587 6.7821E-014
5592 6.6618E-014
5596 6.6405E-014
5601 6.7771E-014
5606 6.7532E-014
5611 6.7235E-014
5616 6.6664E-014
5621 6.6578E-014
5626 6.7056E-014
5631 6.7150E-014
5635 6.6657E-014
5640 6.6591E-014
5645 6.6144E-014
5650 6.6448E-014
5655 6.5909E-014
5660 6.5092E-014
5665 6.5148E-014
5670 6.5554E-014
5674 6.6702E-014
5679 6.5968E-014
5684 6.5380E-014
5689 6.4988E-014
5694 6.5167E-014
5699 6.4718E-014
5704 6.5004E-014
5709 6.3521E-014
5713 6.3966E-014
5718 6.4990E-014
5723 6.5212E-014
5728 6.4967E-014
5733 6.4830E-014
5738 6.5341E-014
5743 6.4882E-014
5748 6.4593E-014
5752 6.4246E-014
5757 6.3461E-014
5762 6.3009E-014
5767 6.3578E-014
5772 6.4132E-014
5777 6.4078E-014
5782 6.3991E-014
5787 6.3256E-014
5791 6.3486E-014
5796 6.3713E-014
5801 6.3196E-014
5806 6.2472E-014
5811 6.2748E-014
5816 6.3062E-014
5821 6.2704E-014
5826 6.2375E-014
5830 6.2504E-014
5835 6.2180E-014
5840 6.2470E-014
5845 6.2676E-014
5850 6.2242E-014
5855 6.1677E-014
5860 6.1371E-014
5865 6.1107E-014
5869 6.1654E-014
5874 6.1905E-014
5879 6.1206E-014
5884 6.1416E-014
5889 5.9548E-014
5894 5.7637E-014
5899 5.7899E-014
5904 5.9830E-014
5908 6.0127E-014
5913 6.0602E-014
5918 6.0366E-014
5923 6.0774E-014
5928 6.0100E-014
5933 5.9881E-014
5938 6.0082E-014
5943 6.0140E-014
5947 6.0023E-014
5952 5.9472E-014
5957 5.9817E-014
5962 5.9117E-014
5967 5.9425E-014
5972 5.9548E-014
5977 5.8872E-014
5982 5.8452E-014
5986 5.8343E-014
5991 5.8169E-014
5996 5.8448E-014
6001 5.8019E-014
6006 5.7447E-014
6011 5.7606E-014
6016 5.8192E-014
6021 5.7611E-014
6025 5.6951E-014
6030 5.7592E-014
6035 5.7878E-014
6040 5.7894E-014
6045 5.7533E-014
6050 5.7118E-014
6055 5.6592E-014
6060 5.7091E-014
6064 5.6862E-014
6069 5.7059E-014
6074 5.7005E-014
6079 5.6692E-014
6084 5.6842E-014
6089 5.6111E-014
6094 5.6522E-014
6099 5.6572E-014
6103 5.5335E-014
6108 5.6225E-014
6113 5.6218E-014
6118 5.5703E-014
6123 5.5134E-014
6128 5.5555E-014
6133 5.5053E-014
6138 5.5094E-014
6142 5.4115E-014
6147 5.4034E-014
6152 5.4222E-014
6157 5.4591E-014
6162 5.4249E-014
6167 5.4207E-014
6172 5.4236E-014
6177 5.4215E-014
6182 5.3826E-014
6186 5.4442E-014
6191 5.4023E-014
6196 5.4323E-014
6201 5.4328E-014
6206 5.4610E-014
6211 5.4220E-014
6216 5.3925E-014
6221 5.3519E-014
6225 5.3473E-014
6230 5.2869E-014
6235 5.2770E-014
6240 5.2506E-014
6245 5.2266E-014
6250 5.2124E-014
6255 5.2428E-014
6260 5.2278E-014
6264 5.2612E-014
6269 5.2497E-014
6274 5.2968E-014
6279 5.2807E-014
6284 5.2643E-014
6289 5.2601E-014
6294 5.2825E-014
6299 5.2749E-014
6303 5.2236E-014
6308 5.1540E-014
6313 5.1722E-014
6318 5.1146E-014
6323 5.1032E-014
6328 5.0726E-014
6333 5.0731E-014
6338 5.0193E-014
6343 5.0676E-014
6347 5.0487E-014
6352 5.0525E-014
6357 5.1234E-014
6362 5.1367E-014
6367 5.0746E-014
6372 5.0180E-014
6377 5.0417E-014
6382 5.0447E-014
6386 5.0141E-014
6391 5.0980E-014
6396 4.9735E-014
6401 4.9533E-014
6406 4.9642E-014
6411 4.8775E-014
6416 4.9078E-014
6421 4.8887E-014
6425 4.9347E-014
6430 4.9227E-014
6435 4.9138E-014
6440 4.9174E-014
6445 4.8908E-014
6450 4.9148E-014
6455 4.8631E-014
6460 4.7912E-014
6465 4.8146E-014
6469 4.8860E-014
6474 4.8519E-014
6479 4.8161E-014
6484 4.8015E-014
6489 4.8062E-014
6494 4.7314E-014
6499 4.6735E-014
6504 4.7511E-014
6508 4.7536E-014
6513 4.6981E-014
6518 4.6661E-014
6523 4.6460E-014
6528 4.5907E-014
6533 4.5491E-014
6538 4.4529E-014
6543 4.4080E-014
6547 4.2120E-014
6552 3.9583E-014
6557 3.5527E-014
6562 3.2185E-014
6567 3.2615E-014
6572 3.5583E-014
6577 3.9128E-014
6582 4.1418E-014
6587 4.2616E-014
6591 4.3636E-014
6596 4.4033E-014
6601 4.4911E-014
6606 4.5298E-014
6611 4.5343E-014
6616 4.5630E-014
6621 4.5371E-014
6626 4.6059E-014
6630 4.6188E-014
6635 4.5658E-014
6640 4.5975E-014
6645 4.5469E-014
6650 4.5772E-014
6655 4.5928E-014
6660 4.5870E-014
6665 4.5759E-014
6669 4.5114E-014
6674 4.5799E-014
6679 4.5540E-014
6684 4.5505E-014
6689 4.5413E-014
6694 4.5458E-014
6699 4.5685E-014
6704 4.5904E-014
6709 4.5019E-014
6713 4.4528E-014
6718 4.5112E-014
6723 4.4720E-014
6728 4.4607E-014
6733 4.4693E-014
6738 4.4928E-014
6743 4.4388E-014
6748 4.4658E-014
6752 4.4123E-014
6757 4.4231E-014
6762 4.3774E-014
6767 4.4022E-014
6772 4.3956E-014
6777 4.3987E-014
6782 4.3527E-014
6787 4.3724E-014
6792 4.3783E-014
6796 4.3591E-014
6801 4.4034E-014
6806 4.3465E-014
6811 4.3579E-014
6816 4.3582E-014
6821 4.3613E-014
6826 4.3303E-014
6831 4.3235E-014
6835 4.3089E-014
6840 4.2956E-014
6845 4.2749E-014
6850 4.2917E-014
6855 4.2478E-014
6860 4.2312E-014
6865 4.2482E-014
6870 4.2534E-014
6875 4.2353E-014
6879 4.2439E-014
6884 4.2438E-014
6889 4.2318E-014
6894 4.2381E-014
6899 4.2247E-014
6904 4.2104E-014
6909 4.1751E-014
6914 4.2180E-014
6918 4.1515E-014
6923 4.1586E-014
6928 4.1743E-014
6933 4.1929E-014
6938 4.1357E-014
6943 4.1272E-014
6948 4.1587E-014
6953 4.1380E-014
6958 4.1479E-014
6962 4.1207E-014
6967 4.1200E-014
6972 4.1108E-014
6977 4.0909E-014
6982 4.0513E-014
6987 4.0641E-014
6992 4.0815E-014
6997 4.0370E-014
7001 4.0379E-014
7006 3.9791E-014
7011 3.9815E-014
7016 4.0015E-014
7021 3.9854E-014
7026 3.9833E-014
7031 4.0152E-014
7036 4.0099E-014
7041 4.0153E-014
7045 3.9913E-014
7050 4.0102E-014
7055 3.9594E-014
7060 3.9830E-014
7065 3.9769E-014
7070 3.9259E-014
7075 3.9282E-014
7080 3.9159E-014
7085 3.9653E-014
7089 3.8943E-014
7094 3.9335E-014
7099 3.8938E-014
7104 3.9183E-014
7109 3.9156E-014
7114 3.9272E-014
7119 3.8879E-014
7124 3.8650E-014
7128 3.8886E-014
7133 3.8774E-014
7138 3.8502E-014
7143 3.8868E-014
7148 3.8698E-014
7153 3.8703E-014
7158 3.8308E-014
7163 3.8165E-014
7168 3.7850E-014
7172 3.8233E-014
7177 3.7814E-014
7182 3.7811E-014
7187 3.7670E-014
7192 3.7834E-014
7197 3.7415E-014
7202 3.7642E-014
7207 3.7812E-014
7211 3.7525E-014
7216 3.7675E-014
7221 3.7192E-014
7226 3.7196E-014
7231 3.7367E-014
7236 3.7667E-014
7241 3.7253E-014
7246 3.7177E-014
7251 3.7217E-014
7255 3.7401E-014
7260 3.7403E-014
7265 3.7318E-014
7270 3.6905E-014
7275 3.6889E-014
7280 3.6568E-014
7285 3.6611E-014
7290 3.5974E-014
7294 3.5856E-014
7299 3.6307E-014
7304 3.6605E-014
7309 3.6022E-014
7314 3.6355E-014
7319 3.5880E-014
7324 3.6434E-014
7329 3.6176E-014
7334 3.5897E-014
7338 3.6090E-014
7343 3.5831E-014
7348 3.5963E-014
7353 3.6178E-014
7358 3.5608E-014
7363 3.5655E-014
7368 3.5353E-014
7373 3.5893E-014
7378 3.5459E-014
7382 3.5271E-014
7387 3.4744E-014
7392 3.4567E-014
7397 3.5258E-014
7402 3.4971E-014
7407 3.4766E-014
7412 3.4373E-014
7417 3.4298E-014
7421 3.4663E-014
7426 3.4670E-014
7431 3.4649E-014
7436 3.4963E-014
7441 3.4388E-014
7446 3.4410E-014
7451 3.4172E-014
7456 3.4214E-014
7461 3.4751E-014
7465 3.4353E-014
7470 3.4279E-014
7475 3.4541E-014
7480 3.3971E-014
7485 3.3906E-014
7490 3.4182E-014
7495 3.4133E-014
7500 3.3681E-014
7505 3.4164E-014
7509 3.3840E-014
7514 3.3454E-014
7519 3.3556E-014
7524 3.3498E-014
7529 3.3380E-014
7534 3.3449E-014
7539 3.3420E-014
7544 3.3742E-014
7548 3.3696E-014
7553 3.3365E-014
7558 3.3342E-014
7563 3.3262E-014
7568 3.3209E-014
7573 3.2826E-014
7578 3.3351E-014
7583 3.2940E-014
7588 3.2833E-014
7592 3.2900E-014
7597 3.3084E-014
7602 3.2982E-014
7607 3.2505E-014
7612 3.2807E-014
7617 3.2443E-014
7622 3.2541E-014
7627 3.2622E-014
7632 3.2805E-014
7636 3.2720E-014
7641 3.2530E-014
7646 3.2694E-014
7651 3.2495E-014
7656 3.2181E-014
7661 3.1645E-014
7666 3.1636E-014
7671 3.2031E-014
7675 3.2343E-014
7680 3.2000E-014
7685 3.1932E-014
7690 3.1950E-014
7695 3.1741E-014
7700 3.1709E-014
7705 3.1539E-014
7710 3.1478E-014
7715 3.1274E-014
7719 3.1502E-014
7724 3.1742E-014
7729 3.1118E-014
7734 3.1829E-014
7739 3.1251E-014
7744 3.1425E-014
7749 3.1188E-014
7754 3.1254E-014
7759 3.1284E-014
7763 3.1401E-014
7768 3.0606E-014
7773 3.0472E-014
7778 2.9960E-014
7783 3.0638E-014
7788 3.0420E-014
7793 3.0968E-014
7798 3.0853E-014
7802 3.0899E-014
7807 3.1267E-014
7812 3.0943E-014
7817 3.0914E-014
7822 3.0773E-014
7827 3.0782E-014
7832 3.0581E-014
7837 3.0100E-014
7842 3.0474E-014
7846 3.0357E-014
7851 3.0162E-014
7856 3.0725E-014
7861 3.0443E-014
7866 3.0712E-014
7871 3.0348E-014
7876 3.0046E-014
7881 2.9790E-014
7886 3.0027E-014
7890 3.0075E-014
7895 2.9981E-014
7900 3.0026E-014
7905 3.0481E-014
7910 2.9859E-014
7915 2.9701E-014
7920 2.9179E-014
7925 2.9429E-014
7929 2.9383E-014
7934 2.9381E-014
7939 2.9574E-014
7944 2.8896E-014
7949 2.9208E-014
7954 2.9164E-014
7959 2.9365E-014
7964 2.9039E-014
7969 2.9304E-014
7973 2.9137E-014
7978 2.9604E-014
7983 2.9797E-014
7988 2.9183E-014
7993 2.9203E-014
7998 2.8772E-014
8003 2.8794E-014
8008 2.8821E-014
8013 2.8523E-014
8017 2.8826E-014
8022 2.8910E-014
8027 2.8796E-014
8032 2.8750E-014
8037 2.8555E-014
8042 2.8591E-014
8047 2.8289E-014
8052 2.8721E-014
8056 2.8431E-014
8061 2.8222E-014
8066 2.8441E-014
8071 2.8720E-014
8076 2.8016E-014
8081 2.8012E-014
8086 2.7911E-014
8091 2.8134E-014
8096 2.7815E-014
8100 2.7850E-014
8105 2.7944E-014
8110 2.7946E-014
8115 2.7558E-014
8120 2.7631E-014
8125 2.8070E-014
8130 2.8016E-014
8135 2.7650E-014
8140 2.7797E-014
8144 2.7640E-014
8149 2.8086E-014
8154 2.7645E-014
8159 2.7909E-014
8164 2.7155E-014
8169 2.7477E-014
8174 2.7311E-014
8179 2.7251E-014
8183 2.6686E-014
8188 2.6298E-014
8193 2.6801E-014
8198 2.6697E-014
8203 2.6894E-014
8208 2.6537E-014
8213 2.6684E-014
8218 2.6536E-014
8223 2.6458E-014
8227 2.6730E-014
8232 2.6542E-014
8237 2.6320E-014
8242 2.6616E-014
8247 2.6718E-014
8252 2.6555E-014
8257 2.6423E-014
8262 2.6534E-014
8267 2.6268E-014
8271 2.6216E-014
8276 2.6135E-014
8281 2.6355E-014
8286 2.6223E-014
8291 2.6051E-014
8296 2.5957E-014
8301 2.6039E-014
8306 2.6186E-014
8310 2.6206E-014
8315 2.6179E-014
8320 2.6037E-014
8325 2.5550E-014
8330 2.5764E-014
8335 2.5195E-014
8340 2.5359E-014
8345 2.5532E-014
8350 2.5577E-014
8354 2.5938E-014
8359 2.5612E-014
8364 2.5745E-014
8369 2.5714E-014
8374 2.5252E-014
8379 2.5531E-014
8384 2.5453E-014
8389 2.5579E-014
8394 2.5409E-014
8398 2.5377E-014
8403 2.5742E-014
8408 2.4969E-014
8413 2.5283E-014
8418 2.5601E-014
8423 2.5098E-014
8428 2.5299E-014
8433 2.4878E-014
8437 2.5126E-014
8442 2.4575E-014
8447 2.4527E-014
8452 2.4276E-014
8457 2.4830E-014
8462 2.4707E-014
8467 2.4410E-014
8472 2.4350E-014
8477 2.4676E-014
8481 2.5008E-014
8486 2.4961E-014
8491 2.4626E-014
8496 2.4209E-014
8501 2.3512E-014
8506 2.3933E-014
8511 2.4198E-014
8516 2.4434E-014
8520 2.4641E-014
8525 2.4704E-014
8530 2.4564E-014
8535 2.4144E-014
8540 2.3564E-014
8545 2.2831E-014
8550 2.2760E-014
8555 2.3676E-014
8560 2.4204E-014
8564 2.4514E-014
8569 2.4947E-014
8574 2.4715E-014
8579 2.4126E-014
8584 2.3775E-014
8589 2.3217E-014
8594 2.3356E-014
8599 2.2808E-014
8604 2.2703E-014
8608 2.3076E-014
8613 2.3632E-014
8618 2.3846E-014
8623 2.4349E-014
8628 2.4196E-014
8633 2.4203E-014
8638 2.4545E-014
8643 2.3883E-014
8647 2.3479E-014
8652 2.3363E-014
8657 2.2447E-014
8662 2.1452E-014
8667 2.1014E-014
8672 2.1667E-014
8677 2.2404E-014
8682 2.2717E-014
8687 2.3385E-014
8691 2.3808E-014
8696 2.4149E-014
8701 2.3938E-014
8706 2.4531E-014
8711 2.4046E-014
8716 2.3967E-014
8721 2.4215E-014
8726 2.3894E-014
8730 2.3307E-014
8735 2.2930E-014
8740 2.2272E-014
8745 2.1506E-014
8750 2.0628E-014
8755 2.0641E-014
8760 2.1534E-014
8765 2.2096E-014
8770 2.2619E-014
8774 2.3052E-014
8779 2.3503E-014
8784 2.3835E-014
8789 2.3584E-014
8794 2.3382E-014
8799 2.4325E-014
8804 2.3836E-014
8809 2.3636E-014
8813 2.3840E-014
8818 2.4094E-014
8823 2.3490E-014
8828 2.3358E-014
8833 2.3254E-014
8838 2.2881E-014
8843 2.2707E-014
8848 2.2103E-014
8853 2.0936E-014
8857 2.0164E-014
8862 1.9639E-014
8867 1.9096E-014
8872 2.0424E-014
8877 2.1214E-014
8882 2.2039E-014
8887 2.2564E-014
8892 2.2684E-014
8896 2.2469E-014
8901 2.3118E-014
8906 2.3095E-014
8911 2.3139E-014
8916 2.3155E-014
8921 2.3505E-014
8926 2.3194E-014
8931 2.3405E-014
8936 2.3582E-014
8940 2.3389E-014
8945 2.2930E-014
8950 2.3270E-014
8955 2.3234E-014
8960 2.3449E-014
8965 2.2931E-014
8970 2.3175E-014
8975 2.2757E-014
8979 2.2793E-014
8984 2.2721E-014
8989 2.2171E-014
8994 2.1880E-014
8999 2.0887E-014
9004 1.9868E-014
9009 1.9077E-014
9014 1.7759E-014
9019 1.7953E-014
9023 1.9352E-014
9028 1.9902E-014
9033 2.0508E-014
9038 2.1436E-014
9043 2.1969E-014
9048 2.1793E-014
9053 2.1906E-014
9058 2.1827E-014
9062 2.1856E-014
9067 2.2239E-014
9072 2.1845E-014
9077 2.2444E-014
9082 2.2810E-014
9087 2.2015E-014
9092 2.2093E-014
9097 2.1994E-014
9102 2.2236E-014
9106 2.2293E-014
9111 2.2279E-014
9116 2.2142E-014
9121 2.2301E-014
9126 2.2177E-014
9131 2.2376E-014
9136 2.2392E-014
9141 2.2431E-014
9145 2.2460E-014
9150 2.2539E-014
9155 2.2182E-014
9160 2.2502E-014
9165 2.2149E-014
9170 2.2113E-014
9175 2.1502E-014
9180 2.1602E-014
9184 2.1217E-014
9189 2.1305E-014
9194 2.1365E-014
9199 2.1377E-014
9204 2.0705E-014
9209 1.9980E-014
9214 1.9538E-014
9219 1.8827E-014
9224 1.8099E-014
9228 1.7278E-014
9233 1.6777E-014
9238 1.7858E-014
9243 1.8570E-014
9248 1.9129E-014
9253 1.9444E-014
9258 2.0059E-014
9263 2.0227E-014
9267 2.0270E-014
9272 2.0643E-014
9277 2.0856E-014
9282 2.0764E-014
9287 2.1142E-014
9292 2.1480E-014
9297 2.1322E-014
9302 2.1387E-014
9306 2.1955E-014
9311 2.1543E-014
9316 2.1178E-014
9321 2.0766E-014
9326 2.0872E-014
9331 2.1193E-014
9336 2.1112E-014
9341 2.1068E-014
9346 2.0914E-014
9350 2.0944E-014
9355 2.0566E-014
9360 2.0868E-014
9365 2.1116E-014
9370 2.0513E-014
9375 2.0963E-014
9380 2.1043E-014
9385 2.0619E-014
9389 2.1148E-014
9394 2.1137E-014
9399 2.0610E-014
9404 2.0309E-014
9409 1.9886E-014
9414 2.0411E-014
9419 1.9559E-014
9424 1.9931E-014
9428 2.0305E-014
9433 2.0082E-014
9438 2.0172E-014
9443 2.0202E-014
9448 2.0097E-014
9453 2.0110E-014
9458 2.0167E-014
9463 2.0762E-014
9468 2.0305E-014
9472 2.0845E-014
9477 2.0573E-014
9482 2.0338E-014
9487 1.9973E-014
9492 1.9651E-014
9497 1.9666E-014
9502 1.9457E-014
9507 1.9437E-014
9511 1.9383E-014
9516 1.9087E-014
9521 1.8285E-014
9526 1.8274E-014
9531 1.7426E-014
9536 1.7224E-014
9541 1.6378E-014
9546 1.5625E-014
9550 1.5477E-014
9555 1.6070E-014
9560 1.6902E-014
9565 1.7675E-014
9570 1.8379E-014
9575 1.8402E-014
9580 1.8045E-014
9585 1.8746E-014
9589 1.8438E-014
9594 1.9046E-014
9599 1.9123E-014
9604 1.9085E-014
9609 1.9302E-014
9614 1.9034E-014
9619 1.9423E-014
9624 1.9147E-014
9628 1.9181E-014
9633 1.8981E-014
9638 1.9287E-014
9643 1.8935E-014
9648 1.8621E-014
9653 1.8410E-014
9658 1.8444E-014
9663 1.8750E-014
9667 1.8940E-014
9672 1.9121E-014
9677 1.8801E-014
9682 1.9137E-014
9687 1.9201E-014
9692 1.9288E-014
9697 1.9438E-014
9702 1.9580E-014
9707 1.9115E-014
9711 1.9120E-014
9716 1.9214E-014
9721 1.8860E-014
9726 1.8486E-014
9731 1.8558E-014
9736 1.8934E-014
9741 1.8504E-014
9746 1.8559E-014
9750 1.8554E-014
9755 1.8895E-014
9760 1.8559E-014
9765 1.8668E-014
9770 1.8539E-014
9775 1.8478E-014
9780 1.8329E-014
9785 1.8550E-014
9789 1.8344E-014
9794 1.8084E-014
9799 1.8348E-014
9804 1.8695E-014
9809 1.8095E-014
9814 1.8432E-014
9819 1.8591E-014
9824 1.8288E-014
9828 1.8277E-014
9833 1.8029E-014
9838 1.8162E-014
9843 1.7864E-014
9848 1.8317E-014
9853 1.8421E-014
9858 1.8836E-014
9863 1.8766E-014
9867 1.8474E-014
9872 1.7968E-014
9877 1.8636E-014
9882 1.8335E-014
9887 1.8050E-014
9892 1.8334E-014
9897 1.7843E-014
9902 1.7932E-014
9906 1.8233E-014
9911 1.7902E-014
9916 1.8144E-014
9921 1.6887E-014
9926 1.7891E-014
9931 1.7442E-014
9936 1.7355E-014
9941 1.7408E-014
9945 1.7678E-014
9950 1.7466E-014
9955 1.7721E-014
9960 1.7276E-014
9965 1.7638E-014
9970 1.7231E-014
9975 1.7255E-014
9980 1.7164E-014
9984 1.7493E-014
9989 1.7487E-014
9994 1.6945E-014
9999 1.6912E-014
1E+004 1.7336E-014
1.001E+004 1.7430E-014
1.001E+004 1.6340E-014
1.002E+004 1.6595E-014
1.002E+004 1.6153E-014
1.003E+004 1.5986E-014
1.003E+004 1.6046E-014
1.004E+004 1.5746E-014
1.004E+004 1.4563E-014
1.005E+004 1.3833E-014
1.005E+004 1.3749E-014
1.006E+004 1.4261E-014
1.006E+004 1.4744E-014
1.007E+004 1.5616E-014
1.007E+004 1.6088E-014
1.008E+004 1.6322E-014
1.008E+004 1.6181E-014
1.009E+004 1.6618E-014
1.009E+004 1.6000E-014
1.01E+004 1.6788E-014
1.01E+004 1.6754E-014
1.011E+004 1.6241E-014
1.011E+004 1.6376E-014
1.012E+004 1.6209E-014
1.013E+004 1.6644E-014
1.018E+004 1.6679E-014
1.023E+004 1.6619E-014
1.028E+004 1.6449E-014
1.033E+004 1.6121E-014
1.038E+004 1.5918E-014
1.043E+004 1.5687E-014
1.048E+004 1.5196E-014
1.053E+004 1.5100E-014
1.058E+004 1.4944E-014
1.063E+004 1.4777E-014
1.068E+004 1.4194E-014
1.073E+004 1.4209E-014
1.078E+004 1.4025E-014
1.083E+004 1.3755E-014
1.088E+004 1.3379E-014
1.093E+004 1.1327E-014
1.098E+004 1.2307E-014
1.103E+004 1.3081E-014
1.108E+004 1.3073E-014
1.113E+004 1.2862E-014
1.118E+004 1.2716E-014
1.123E+004 1.2591E-014
1.128E+004 1.2111E-014
1.133E+004 1.1987E-014
1.138E+004 1.1981E-014
1.143E+004 1.1710E-014
1.148E+004 1.1781E-014
1.153E+004 1.1638E-014
1.158E+004 1.1446E-014
1.163E+004 1.1109E-014
1.168E+004 1.0889E-014
1.173E+004 1.1032E-014
1.178E+004 1.0603E-014
1.183E+004 1.0588E-014
1.188E+004 1.0363E-014
1.193E+004 1.0506E-014
1.198E+004 1.0184E-014
1.203E+004 1.0148E-014
1.208E+004 9.9737E-015
1.213E+004 9.8625E-015
1.218E+004 9.7987E-015
1.223E+004 9.6435E-015
1.228E+004 9.5101E-015
1.233E+004 9.3957E-015
1.238E+004 9.3006E-015
1.243E+004 9.2168E-015
1.248E+004 9.0660E-015
1.253E+004 8.9290E-015
1.258E+004 8.7515E-015
1.263E+004 8.6883E-015
1.268E+004 8.5959E-015
1.273E+004 8.4505E-015
1.278E+004 8.0263E-015
1.283E+004 6.8020E-015
1.288E+004 7.8967E-015
1.293E+004 8.0251E-015
1.298E+004 7.9947E-015
1.303E+004 7.9135E-015
1.308E+004 7.8529E-015
1.313E+004 7.7272E-015
1.318E+004 7.5977E-015
1.323E+004 7.5690E-015
1.328E+004 7.4632E-015
1.333E+004 7.3894E-015
1.338E+004 7.2953E-015
1.343E+004 7.2092E-015
1.348E+004 7.1245E-015
1.353E+004 7.0141E-015
1.358E+004 6.9107E-015
1.363E+004 6.8664E-015
1.368E+004 6.7659E-015
1.373E+004 6.6186E-015
1.378E+004 6.5959E-015
1.383E+004 6.5314E-015
1.388E+004 6.4937E-015
1.393E+004 6.3631E-015
1.398E+004 6.3105E-015
1.403E+004 6.2416E-015
1.408E+004 6.1886E-015
1.413E+004 6.0879E-015
1.418E+004 6.0377E-015
1.423E+004 5.9461E-015
1.428E+004 5.8618E-015
1.433E+004 5.8252E-015
1.438E+004 5.7810E-015
1.443E+004 5.5460E-015
1.448E+004 5.6277E-015
1.453E+004 5.4780E-015
1.457E+004 5.5020E-015
1.462E+004 5.4202E-015
1.468E+004 5.3796E-015
1.473E+004 5.2872E-015
1.478E+004 5.2079E-015
1.483E+004 5.1765E-015
1.488E+004 5.0845E-015
1.493E+004 5.1122E-015
1.498E+004 5.0233E-015
1.503E+004 4.9499E-015
1.508E+004 4.8791E-015
1.513E+004 4.8763E-015
1.518E+004 4.8297E-015
1.523E+004 4.7597E-015
1.528E+004 4.7184E-015
1.533E+004 4.6562E-015
1.538E+004 4.6131E-015
1.543E+004 4.5130E-015
1.548E+004 4.4972E-015
1.553E+004 4.4535E-015
1.558E+004 4.3528E-015
1.563E+004 4.3997E-015
1.568E+004 4.2687E-015
1.573E+004 4.1776E-015
1.578E+004 4.2105E-015
1.583E+004 4.1929E-015
1.588E+004 3.8896E-015
1.593E+004 4.0586E-015
1.598E+004 4.1021E-015
1.605E+004 3.9663E-015
1.615E+004 3.7540E-015
1.625E+004 3.9186E-015
1.635E+004 3.7014E-015
1.645E+004 3.4653E-015
1.655E+004 3.6866E-015
1.665E+004 3.6230E-015
1.675E+004 3.3841E-015
1.685E+004 3.1543E-015
1.695E+004 3.3983E-015
1.705E+004 3.3235E-015
1.715E+004 3.2734E-015
1.725E+004 3.1396E-015
1.735E+004 2.7520E-015
1.745E+004 2.9580E-015
1.755E+004 2.9839E-015
1.765E+004 2.9309E-015
1.775E+004 2.8840E-015
1.785E+004 2.8219E-015
1.795E+004 2.7793E-015
1.805E+004 2.6776E-015
1.815E+004 2.3727E-015
1.825E+004 2.5009E-015
1.835E+004 2.5482E-015
1.845E+004 2.5048E-015
1.855E+004 2.4436E-015
1.865E+004 2.3720E-015
1.875E+004 2.0815E-015
1.885E+004 2.2662E-015
1.895E+004 2.2415E-015
1.905E+004 2.2386E-015
1.915E+004 2.1928E-015
1.925E+004 2.1451E-015
1.935E+004 2.0686E-015
1.945E+004 1.8227E-015
1.955E+004 1.9960E-015
1.965E+004 1.9905E-015
1.975E+004 1.9534E-015
1.985E+004 1.9266E-015
1.995E+004 1.8918E-015
2.005E+004 1.8599E-015
2.015E+004 1.8290E-015
2.025E+004 1.7906E-015
2.035E+004 1.7537E-015
2.045E+004 1.7322E-015
2.055E+004 1.6992E-015
2.065E+004 1.6632E-015
2.075E+004 1.6354E-015
2.085E+004 1.6080E-015
2.095E+004 1.5781E-015
2.105E+004 1.5520E-015
2.115E+004 1.5190E-015
2.125E+004 1.4934E-015
2.135E+004 1.4668E-015
2.145E+004 1.4436E-015
2.155E+004 1.4008E-015
2.165E+004 1.2393E-015
2.175E+004 1.3375E-015
2.185E+004 1.3438E-015
2.195E+004 1.3309E-015
2.205E+004 1.3025E-015
2.215E+004 1.2821E-015
2.225E+004 1.2664E-015
2.235E+004 1.2452E-015
2.245E+004 1.2249E-015
2.255E+004 1.1976E-015
2.265E+004 1.1823E-015
2.275E+004 1.1646E-015
2.285E+004 1.1444E-015
2.295E+004 1.1246E-015
2.305E+004 1.1105E-015
2.315E+004 1.0914E-015
2.325E+004 1.0761E-015
2.335E+004 1.0580E-015
2.345E+004 1.0424E-015
2.355E+004 1.0261E-015
2.365E+004 1.0107E-015
2.375E+004 9.9194E-016
2.385E+004 9.7726E-016
2.395E+004 9.6323E-016
2.405E+004 9.4721E-016
2.415E+004 9.3203E-016
2.425E+004 9.1924E-016
2.435E+004 9.0339E-016
2.445E+004 8.9091E-016
2.455E+004 8.7505E-016
2.465E+004 8.6325E-016
2.475E+004 8.4935E-016
2.485E+004 8.3561E-016
2.495E+004 8.1930E-016
2.505E+004 8.1429E-016
2.515E+004 8.0150E-016
2.525E+004 7.8287E-016
2.535E+004 7.7782E-016
2.545E+004 7.6765E-016
2.555E+004 7.5251E-016
2.565E+004 7.2887E-016
2.575E+004 7.3244E-016
2.585E+004 7.2224E-016
2.595E+004 7.1466E-016
2.605E+004 6.9520E-016
2.615E+004 6.6364E-016
2.625E+004 6.1321E-016
2.635E+004 6.5961E-016
2.645E+004 6.6347E-016
2.655E+004 6.5554E-016
2.665E+004 6.3918E-016
2.675E+004 6.0370E-016
2.685E+004 6.2364E-016
2.695E+004 6.2288E-016
2.705E+004 6.1502E-016
2.715E+004 6.0741E-016
2.725E+004 5.9897E-016
2.735E+004 5.8970E-016
2.745E+004 5.7779E-016
2.755E+004 5.3690E-016
2.765E+004 5.4676E-016
2.775E+004 5.5628E-016
2.785E+004 5.5150E-016
2.795E+004 5.4572E-016
2.805E+004 5.3837E-016
2.815E+004 5.3114E-016
2.825E+004 5.2391E-016
2.835E+004 5.1718E-016
2.845E+004 5.0804E-016
2.855E+004 5.0013E-016
2.865E+004 4.8175E-016
2.875E+004 4.4935E-016
2.885E+004 4.7609E-016
2.895E+004 4.7494E-016
2.905E+004 4.7096E-016
2.915E+004 4.6395E-016
2.925E+004 4.5837E-016
2.935E+004 4.5330E-016
2.945E+004 4.4727E-016
2.955E+004 4.4180E-016
2.965E+004 4.3620E-016
2.975E+004 4.3051E-016
2.985E+004 4.2517E-016
2.995E+004 4.1920E-016
3.005E+004 4.1350E-016
3.015E+004 4.0730E-016
3.025E+004 3.9939E-016
3.035E+004 3.7009E-016
3.045E+004 3.7458E-016
3.055E+004 3.8539E-016
3.065E+004 3.8278E-016
3.075E+004 3.7912E-016
3.085E+004 3.7347E-016
3.095E+004 3.6962E-016
3.105E+004 3.6509E-016
3.115E+004 3.5920E-016
3.125E+004 3.5606E-016
3.135E+004 3.5162E-016
3.145E+004 3.4752E-016
3.155E+004 3.4367E-016
3.165E+004 3.3997E-016
3.175E+004 3.3524E-016
3.185E+004 3.3190E-016
3.195E+004 3.2789E-016
3.21E+004 3.2190E-016
3.23E+004 3.1462E-016
3.25E+004 3.0710E-016
3.27E+004 2.9886E-016
3.29E+004 2.7565E-016
3.31E+004 2.7987E-016
3.33E+004 2.7801E-016
3.35E+004 2.7249E-016
3.37E+004 2.6567E-016
3.39E+004 2.5990E-016
3.41E+004 2.5415E-016
3.43E+004 2.4903E-016
3.45E+004 2.4416E-016
3.47E+004 2.3858E-016
3.49E+004 2.3357E-016
3.51E+004 2.2853E-016
3.53E+004 2.2353E-016
3.55E+004 2.1880E-016
3.57E+004 2.1393E-016
3.59E+004 2.0944E-016
3.61E+004 2.0496E-016
3.63E+004 2.0090E-016
3.65E+004 1.9625E-016
3.67E+004 1.9232E-016
3.69E+004 1.8729E-016
3.71E+004 1.8367E-016
3.73E+004 1.7515E-016
3.75E+004 1.6928E-016
3.77E+004 1.7286E-016
3.79E+004 1.6987E-016
3.81E+004 1.6579E-016
3.83E+004 1.6290E-016
3.85E+004 1.6038E-016
3.87E+004 1.5691E-016
3.89E+004 1.5342E-016
3.91E+004 1.4927E-016
3.93E+004 1.4808E-016
3.95E+004 1.4528E-016
3.97E+004 1.4266E-016
3.99E+004 1.3925E-016
4.01E+004 1.3539E-016
4.03E+004 1.3236E-016
4.05E+004 1.2543E-016
4.07E+004 1.2882E-016
4.09E+004 1.2692E-016
4.11E+004 1.2507E-016
4.13E+004 1.2271E-016
4.15E+004 1.1972E-016
4.17E+004 1.1442E-016
4.19E+004 1.1525E-016
4.21E+004 1.1357E-016
4.23E+004 1.1202E-016
4.25E+004 1.0992E-016
4.27E+004 1.0801E-016
4.29E+004 1.0608E-016
4.31E+004 1.0416E-016
4.33E+004 1.0221E-016
4.35E+004 1.0010E-016
4.37E+004 9.5116E-017
4.39E+004 9.5525E-017
4.41E+004 9.4961E-017
4.43E+004 9.3559E-017
4.45E+004 9.1936E-017
4.47E+004 9.0491E-017
4.49E+004 8.8828E-017
4.51E+004 8.7355E-017
4.53E+004 8.5848E-017
4.55E+004 8.4401E-017
4.57E+004 8.2889E-017
4.59E+004 8.1471E-017
4.61E+004 8.0113E-017
4.63E+004 7.8450E-017
4.65E+004 7.3245E-017
4.67E+004 7.2495E-017
4.69E+004 7.4249E-017
4.71E+004 7.3640E-017
4.73E+004 7.2567E-017
4.75E+004 7.1345E-017
4.77E+004 7.0219E-017
4.79E+004 6.9152E-017
4.81E+004 6.8034E-017
4.83E+004 6.6956E-017
4.85E+004 6.5893E-017
4.87E+004 6.4855E-017
4.89E+004 6.3835E-017
4.91E+004 6.2789E-017
4.93E+004 6.1833E-017
4.95E+004 6.0858E-017
4.97E+004 5.9905E-017
4.99E+004 5.8998E-017
5.01E+004 5.8073E-017
5.03E+004 5.7143E-017
5.05E+004 5.6301E-017
5.07E+004 5.5419E-017
5.09E+004 5.4463E-017
5.11E+004 5.3268E-017
5.13E+004 5.0327E-017
5.15E+004 5.1820E-017
5.17E+004 5.1254E-017
5.19E+004 5.0600E-017
5.21E+004 4.9876E-017
5.23E+004 4.9151E-017
5.25E+004 4.8366E-017
5.27E+004 4.7610E-017
5.29E+004 4.7034E-017
5.31E+004 4.6376E-017
5.33E+004 4.5697E-017
5.35E+004 4.5003E-017
5.37E+004 4.4176E-017
5.39E+004 4.3574E-017
5.41E+004 4.3097E-017
5.43E+004 4.2471E-017
5.45E+004 4.1887E-017
5.47E+004 4.1254E-017
5.49E+004 4.0693E-017
5.51E+004 4.0002E-017
5.53E+004 3.9298E-017
5.55E+004 3.8957E-017
5.57E+004 3.8455E-017
5.59E+004 3.7858E-017
5.61E+004 3.7404E-017
5.63E+004 3.6886E-017
5.65E+004 3.6394E-017
5.67E+004 3.5883E-017
5.69E+004 3.5293E-017
5.71E+004 3.4526E-017
5.73E+004 3.4316E-017
5.75E+004 3.3973E-017
5.77E+004 3.3516E-017
5.79E+004 3.3052E-017
5.81E+004 3.2626E-017
5.83E+004 3.2182E-017
5.85E+004 3.1734E-017
5.87E+004 3.1266E-017
5.89E+004 3.0584E-017
5.91E+004 2.8938E-017
5.93E+004 2.9849E-017
5.95E+004 2.9152E-017
5.97E+004 2.9063E-017
5.99E+004 2.8887E-017
6.01E+004 2.8545E-017
6.03E+004 2.8218E-017
6.05E+004 2.7867E-017
6.07E+004 2.7500E-017
6.09E+004 2.7144E-017
6.11E+004 2.6767E-017
6.13E+004 2.6472E-017
6.15E+004 2.6139E-017
6.17E+004 2.5806E-017
6.19E+004 2.5471E-017
6.21E+004 2.5164E-017
6.23E+004 2.4794E-017
6.25E+004 2.4480E-017
6.27E+004 2.4066E-017
6.29E+004 2.3251E-017
6.31E+004 2.3408E-017
6.33E+004 2.3277E-017
6.35E+004 2.3036E-017
6.37E+004 2.2771E-017
6.39E+004 2.2490E-017
6.42E+004 2.2089E-017
6.46E+004 2.1548E-017
6.5E+004 2.1027E-017
6.54E+004 2.0541E-017
6.58E+004 2.0048E-017
6.62E+004 1.9574E-017
6.66E+004 1.9122E-017
6.7E+004 1.8669E-017
6.74E+004 1.8151E-017
6.78E+004 1.7421E-017
6.82E+004 1.7383E-017
6.86E+004 1.7014E-017
6.9E+004 1.6625E-017
6.94E+004 1.6246E-017
6.98E+004 1.5891E-017
7.02E+004 1.5536E-017
7.06E+004 1.5194E-017
7.1E+004 1.4864E-017
7.14E+004 1.4539E-017
7.18E+004 1.4222E-017
7.22E+004 1.3898E-017
7.26E+004 1.3596E-017
7.3E+004 1.3325E-017
7.34E+004 1.3039E-017
7.38E+004 1.2762E-017
7.42E+004 1.2452E-017
7.46E+004 1.1827E-017
7.5E+004 1.1456E-017
7.54E+004 1.1649E-017
7.58E+004 1.1475E-017
7.62E+004 1.1257E-017
7.66E+004 1.1027E-017
7.7E+004 1.0803E-017
7.74E+004 1.0580E-017
7.78E+004 1.0326E-017
7.82E+004 1.0161E-017
7.86E+004 9.9662E-018
7.9E+004 9.7690E-018
7.94E+004 9.5757E-018
7.98E+004 9.3849E-018
8.02E+004 9.1978E-018
8.06E+004 9.0172E-018
8.1E+004 8.8431E-018
8.14E+004 8.6167E-018
8.18E+004 8.4737E-018
8.22E+004 8.3404E-018
8.26E+004 8.1806E-018
8.3E+004 8.0238E-018
8.34E+004 7.8650E-018
8.38E+004 7.7145E-018
8.42E+004 7.5726E-018
8.46E+004 7.4333E-018
8.5E+004 7.2952E-018
8.54E+004 7.1571E-018
8.58E+004 7.0242E-018
8.62E+004 6.8842E-018
8.66E+004 6.6872E-018
8.7E+004 6.6193E-018
8.74E+004 6.4075E-018
8.78E+004 6.2917E-018
8.82E+004 6.2782E-018
8.86E+004 6.1682E-018
8.9E+004 6.0577E-018
8.94E+004 5.9501E-018
8.98E+004 5.8406E-018
9.02E+004 5.7377E-018
9.06E+004 5.6373E-018
9.1E+004 5.5345E-018
9.14E+004 5.4373E-018
9.18E+004 5.3423E-018
9.22E+004 5.2487E-018
9.26E+004 5.1562E-018
9.3E+004 5.0666E-018
9.34E+004 4.9724E-018
9.38E+004 4.8134E-018
9.42E+004 4.7808E-018
9.46E+004 4.7267E-018
9.5E+004 4.6472E-018
9.54E+004 4.5674E-018
9.58E+004 4.4951E-018
9.62E+004 4.4192E-018
9.66E+004 4.3476E-018
9.7E+004 4.2761E-018
9.74E+004 4.2042E-018
9.78E+004 4.1374E-018
9.82E+004 4.0697E-018
9.86E+004 4.0034E-018
9.9E+004 3.9440E-018
9.94E+004 3.8814E-018
9.98E+004 3.8205E-018
1.002E+005 3.7612E-018
1.005E+005 3.7173E-018
1.01E+005 3.6454E-018
1.015E+005 3.5755E-018
1.02E+005 3.5076E-018
1.025E+005 3.4410E-018
1.03E+005 3.3762E-018
1.035E+005 3.3127E-018
1.04E+005 3.2510E-018
1.045E+005 3.1903E-018
1.05E+005 3.1313E-018
1.055E+005 3.0733E-018
1.06E+005 3.0170E-018
1.065E+005 2.9620E-018
1.07E+005 2.9076E-018
1.075E+005 2.8550E-018
1.08E+005 2.8034E-018
1.085E+005 2.7527E-018
1.09E+005 2.7034E-018
1.095E+005 2.6554E-018
1.1E+005 2.6083E-018
1.105E+005 2.5620E-018
1.11E+005 2.5169E-018
1.115E+005 2.4731E-018
1.12E+005 2.4300E-018
1.125E+005 2.3877E-018
1.13E+005 2.3465E-018
1.135E+005 2.3061E-018
1.14E+005 2.2667E-018
1.145E+005 2.2284E-018
1.15E+005 2.1904E-018
1.155E+005 2.1533E-018
1.16E+005 2.1172E-018
1.165E+005 2.0817E-018
1.17E+005 2.0471E-018
1.175E+005 2.0127E-018
1.18E+005 1.9795E-018
1.185E+005 1.9469E-018
1.19E+005 1.9148E-018
1.195E+005 1.8832E-018
1.2E+005 1.8524E-018
1.205E+005 1.8225E-018
1.21E+005 1.7930E-018
1.215E+005 1.7640E-018
1.22E+005 1.7358E-018
1.225E+005 1.7080E-018
1.23E+005 1.6806E-018
1.235E+005 1.6540E-018
1.24E+005 1.6278E-018
1.245E+005 1.6022E-018
1.25E+005 1.5771E-018
1.255E+005 1.5523E-018
1.26E+005 1.5281E-018
1.265E+005 1.5043E-018
1.27E+005 1.4809E-018
1.275E+005 1.4581E-018
1.28E+005 1.4355E-018
1.285E+005 1.4136E-018
1.29E+005 1.3920E-018
1.295E+005 1.3707E-018
1.3E+005 1.3500E-018
1.305E+005 1.3295E-018
1.31E+005 1.3094E-018
1.315E+005 1.2898E-018
1.32E+005 1.2705E-018
1.325E+005 1.2514E-018
1.33E+005 1.2329E-018
1.335E+005 1.2146E-018
1.34E+005 1.1968E-018
1.345E+005 1.1790E-018
1.35E+005 1.1617E-018
1.355E+005 1.1449E-018
1.36E+005 1.1281E-018
1.365E+005 1.1117E-018
1.37E+005 1.0958E-018
1.375E+005 1.0799E-018
1.38E+005 1.0644E-018
1.385E+005 1.0491E-018
1.39E+005 1.0342E-018
1.395E+005 1.0195E-018
1.4E+005 1.0051E-018
1.405E+005 9.9095E-019
1.41E+005 9.7687E-019
1.415E+005 9.6334E-019
1.42E+005 9.4983E-019
1.425E+005 9.3665E-019
1.43E+005 9.2366E-019
1.435E+005 9.1086E-019
1.44E+005 8.9823E-019
1.445E+005 8.8592E-019
1.45E+005 8.7378E-019
1.455E+005 8.6195E-019
1.46E+005 8.5013E-019
1.465E+005 8.3862E-019
1.47E+005 8.2741E-019
1.475E+005 8.1620E-019
1.48E+005 8.0529E-019
1.485E+005 7.9452E-019
1.49E+005 7.8389E-019
1.495E+005 7.7353E-019
1.5E+005 7.6332E-019
1.505E+005 7.5322E-019
1.51E+005 7.4326E-019
1.515E+005 7.3357E-019
1.52E+005 7.2400E-019
1.525E+005 7.1455E-019
1.53E+005 7.0522E-019
1.535E+005 6.9614E-019
1.54E+005 6.8717E-019
1.545E+005 6.7832E-019
1.55E+005 6.6957E-019
1.555E+005 6.6106E-019
1.56E+005 6.5265E-019
1.565E+005 6.4435E-019
1.57E+005 6.3615E-019
1.575E+005 6.2816E-019
1.58E+005 6.2027E-019
1.585E+005 6.1249E-019
1.59E+005 6.0481E-019
1.595E+005 5.9731E-019
1.6E+005 5.8991E-019
1.605E+005 5.8260E-019
1.61E+005 5.7538E-019
1.615E+005 5.6834E-019
1.62E+005 5.6130E-019
1.625E+005 5.5444E-019
1.63E+005 5.4766E-019
1.635E+005 5.4105E-019
1.64E+005 5.3444E-019
1.645E+005 5.2799E-019
1.65E+005 5.2162E-019
1.655E+005 5.1541E-019
1.66E+005 5.0919E-019
1.665E+005 5.0313E-019
1.67E+005 4.9714E-019
1.675E+005 4.9123E-019
1.68E+005 4.8539E-019
1.685E+005 4.7969E-019
1.69E+005 4.7399E-019
1.695E+005 4.6842E-019
1.7E+005 4.6300E-019
1.705E+005 4.5757E-019
1.71E+005 4.5227E-019
1.715E+005 4.4697E-019
1.72E+005 4.4180E-019
1.725E+005 4.3676E-019
1.73E+005 4.3170E-019
1.735E+005 4.2678E-019
1.74E+005 4.2185E-019
1.745E+005 4.1704E-019
1.75E+005 4.1229E-019
1.755E+005 4.0765E-019
1.76E+005 4.0300E-019
1.765E+005 3.9847E-019
1.77E+005 3.9400E-019
1.775E+005 3.8957E-019
1.78E+005 3.8520E-019
1.785E+005 3.8093E-019
1.79E+005 3.7672E-019
1.795E+005 3.7255E-019
1.8E+005 3.6844E-019
1.805E+005 3.6436E-019
1.81E+005 3.6033E-019
1.815E+005 3.5640E-019
1.82E+005 3.5252E-019
1.825E+005 3.4868E-019
1.83E+005 3.4489E-019
1.835E+005 3.4114E-019
1.84E+005 3.3748E-019
1.845E+005 3.3381E-019
1.85E+005 3.3023E-019
1.855E+005 3.2670E-019
1.86E+005 3.2320E-019
1.865E+005 3.1980E-019
1.87E+005 3.1637E-019
1.875E+005 3.1304E-019
1.88E+005 3.0974E-019
1.885E+005 3.0648E-019
1.89E+005 3.0325E-019
1.895E+005 3.0006E-019
1.9E+005 2.9696E-019
1.905E+005 2.9388E-019
1.91E+005 2.9079E-019
1.915E+005 2.8783E-019
1.92E+005 2.8486E-019
1.925E+005 2.8191E-019
1.93E+005 2.7904E-019
1.935E+005 2.7616E-019
1.94E+005 2.7335E-019
1.945E+005 2.7057E-019
1.95E+005 2.6782E-019
1.955E+005 2.6509E-019
1.96E+005 2.6244E-019
1.965E+005 2.5982E-019
1.97E+005 2.5718E-019
1.975E+005 2.5461E-019
1.98E+005 2.5207E-019
1.985E+005 2.4955E-019
1.99E+005 2.4710E-019
1.995E+005 2.4463E-019
2E+005 2.4222E-019
2.01E+005 2.3744E-019
2.02E+005 2.3280E-019
2.03E+005 2.2824E-019
2.04E+005 2.2382E-019
2.05E+005 2.1948E-019
2.06E+005 2.1526E-019
2.07E+005 2.1116E-019
2.08E+005 2.0713E-019
2.09E+005 2.0322E-019
2.1E+005 1.9939E-019
2.11E+005 1.9562E-019
2.12E+005 1.9199E-019
2.13E+005 1.8840E-019
2.14E+005 1.8494E-019
2.15E+005 1.8154E-019
2.16E+005 1.7820E-019
2.17E+005 1.7496E-019
2.18E+005 1.7177E-019
2.19E+005 1.6867E-019
2.2E+005 1.6562E-019
2.21E+005 1.6266E-019
2.22E+005 1.5975E-019
2.23E+005 1.5692E-019
2.24E+005 1.5414E-019
2.25E+005 1.5143E-019
2.26E+005 1.4877E-019
2.27E+005 1.4618E-019
2.28E+005 1.4364E-019
2.29E+005 1.4114E-019
2.3E+005 1.3871E-019
2.31E+005 1.3634E-019
2.32E+005 1.3401E-019
2.33E+005 1.3173E-019
2.34E+005 1.2950E-019
2.35E+005 1.2731E-019
2.36E+005 1.2518E-019
2.37E+005 1.2309E-019
2.38E+005 1.2103E-019
2.39E+005 1.1902E-019
2.4E+005 1.1705E-019
2.41E+005 1.1513E-019
2.42E+005 1.1324E-019
2.43E+005 1.1140E-019
2.44E+005 1.0959E-019
2.45E+005 1.0781E-019
2.46E+005 1.0608E-019
2.47E+005 1.0437E-019
2.48E+005 1.0270E-019
2.49E+005 1.0106E-019
2.5E+005 9.9472E-020
2.51E+005 9.7889E-020
2.52E+005 9.6348E-020
2.53E+005 9.4847E-020
2.54E+005 9.3355E-020
2.55E+005 9.1900E-020
2.56E+005 9.0484E-020
2.57E+005 8.9088E-020
2.58E+005 8.7715E-020
2.59E+005 8.6378E-020
2.6E+005 8.5047E-020
2.61E+005 8.3763E-020
2.62E+005 8.2486E-020
2.63E+005 8.1243E-020
2.64E+005 8.0029E-020
2.65E+005 7.8823E-020
2.66E+005 7.7648E-020
2.67E+005 7.6488E-020
2.68E+005 7.5361E-020
2.69E+005 7.4248E-020
2.7E+005 7.3153E-020
2.71E+005 7.2085E-020
2.72E+005 7.1032E-020
2.73E+005 6.9995E-020
2.74E+005 6.8984E-020
2.75E+005 6.7989E-020
2.76E+005 6.7007E-020
2.77E+005 6.6040E-020
2.78E+005 6.5098E-020
2.79E+005 6.4168E-020
2.8E+005 6.3264E-020
2.81E+005 6.2371E-020
2.82E+005 6.1492E-020
2.83E+005 6.0624E-020
2.84E+005 5.9770E-020
2.85E+005 5.8936E-020
2.86E+005 5.8125E-020
2.87E+005 5.7315E-020
2.88E+005 5.6526E-020
2.89E+005 5.5748E-020
2.9E+005 5.4980E-020
2.91E+005 5.4233E-020
2.92E+005 5.3495E-020
2.93E+005 5.2767E-020
2.94E+005 5.2050E-020
2.95E+005 5.1350E-020
2.96E+005 5.0661E-020
2.97E+005 4.9989E-020
2.98E+005 4.9317E-020
2.99E+005 4.8663E-020
3E+005 4.8017E-020
3.01E+005 4.7380E-020
3.02E+005 4.6760E-020
3.03E+005 4.6147E-020
3.04E+005 4.5543E-020
3.05E+005 4.4946E-020
3.06E+005 4.4365E-020
3.07E+005 4.3791E-020
3.08E+005 4.3225E-020
3.09E+005 4.2666E-020
3.1E+005 4.2121E-020
3.11E+005 4.1584E-020
3.12E+005 4.1053E-020
3.13E+005 4.0529E-020
3.14E+005 4.0018E-020
3.15E+005 3.9514E-020
3.16E+005 3.9016E-020
3.17E+005 3.8525E-020
3.18E+005 3.8046E-020
3.19E+005 3.7567E-020
3.2E+005 3.7100E-020
3.21E+005 3.6645E-020
3.22E+005 3.6190E-020
3.23E+005 3.5746E-020
3.24E+005 3.5308E-020
3.25E+005 3.4875E-020
3.26E+005 3.4447E-020
3.27E+005 3.4031E-020
3.28E+005 3.3619E-020
3.29E+005 3.3213E-020
3.3E+005 3.2811E-020
3.31E+005 3.2420E-020
3.32E+005 3.2027E-020
3.33E+005 3.1645E-020
3.34E+005 3.1268E-020
3.35E+005 3.0900E-020
3.36E+005 3.0532E-020
3.37E+005 3.0173E-020
3.38E+005 2.9818E-020
3.39E+005 2.9467E-020
3.4E+005 2.9121E-020
3.41E+005 2.8783E-020
3.42E+005 2.8450E-020
3.43E+005 2.8120E-020
3.44E+005 2.7794E-020
3.45E+005 2.7472E-020
3.46E+005 2.7158E-020
3.47E+005 2.6848E-020
3.48E+005 2.6541E-020
3.49E+005 2.6238E-020
3.5E+005 2.5938E-020
3.51E+005 2.5645E-020
3.52E+005 2.5355E-020
3.53E+005 2.5069E-020
3.54E+005 2.4786E-020
3.55E+005 2.4505E-020
3.56E+005 2.4233E-020
3.57E+005 2.3959E-020
3.58E+005 2.3692E-020
3.59E+005 2.3428E-020
3.6E+005 2.3168E-020
3.61E+005 2.2914E-020
3.62E+005 2.2658E-020
3.63E+005 2.2410E-020
3.64E+005 2.2164E-020
3.65E+005 2.1921E-020
3.66E+005 2.1685E-020
3.67E+005 2.1447E-020
3.68E+005 2.1215E-020
3.69E+005 2.0986E-020
3.7E+005 2.0760E-020
3.71E+005 2.0536E-020
3.72E+005 2.0314E-020
3.73E+005 2.0098E-020
3.74E+005 1.9884E-020
3.75E+005 1.9670E-020
3.76E+005 1.9464E-020
3.77E+005 1.9257E-020
3.78E+005 1.9052E-020
3.79E+005 1.8853E-020
3.8E+005 1.8653E-020
3.81E+005 1.8457E-020
3.82E+005 1.8264E-020
3.83E+005 1.8076E-020
3.84E+005 1.7887E-020
3.85E+005 1.7700E-020
3.86E+005 1.7518E-020
3.87E+005 1.7338E-020
3.88E+005 1.7159E-020
3.89E+005 1.6983E-020
3.9E+005 1.6808E-020
3.91E+005 1.6638E-020
3.92E+005 1.6469E-020
3.93E+005 1.6300E-020
3.94E+005 1.6135E-020
3.95E+005 1.5971E-020
3.96E+005 1.5812E-020
3.97E+005 1.5652E-020
3.98E+005 1.5494E-020
3.99E+005 1.5339E-020
