1142 1.2426E-015
1142 1.2426E-015
1143 2.5592E-016
1144 -6.6321E-016
1144 0.0000E+000
1145 -6.7324E-016
1145 0.0000E+000
1146 0.0000E+000
1146 8.9277E-016
1147 0.0000E+000
1148 0.0000E+000
1148 0.0000E+000
1149 0.0000E+000
1149 0.0000E+000
1150 0.0000E+000
1151 -2.1534E-017
1151 6.1683E-016
1152 -2.9212E-016
1152 -2.0417E-016
1153 -3.1839E-017
1153 -1.3556E-016
1154 -1.9934E-017
1155 2.7216E-016
1155 4.2677E-016
1156 0.0000E+000
1156 2.6778E-016
1157 -1.5717E-016
1158 6.4785E-017
1158 -5.1706E-017
1159 -1.4374E-016
1159 -1.4331E-016
1160 -9.2118E-017
1160 1.2452E-016
1161 3.1491E-016
1162 9.8482E-017
1162 8.4317E-017
1163 2.1219E-016
1163 -1.2840E-016
1164 1.9145E-016
1165 -1.3920E-017
1165 1.0204E-016
1166 8.8780E-017
1166 3.7257E-016
1167 1.8688E-016
1167 1.8239E-016
1168 -1.7880E-017
1169 6.6625E-017
1169 0.0000E+000
1170 1.4240E-016
1170 5.4709E-017
1171 -2.2944E-017
1172 -9.7815E-017
1172 -5.1748E-017
1173 3.1331E-016
1173 -1.0045E-016
1174 1.5431E-016
1174 -9.8593E-017
1175 1.3326E-016
1176 -4.9967E-017
1176 1.1434E-016
1177 1.1233E-016
1177 -2.3793E-017
1178 -1.6957E-017
1179 -4.3375E-017
1179 1.1018E-016
1180 3.9011E-017
1180 -3.9258E-017
1181 2.0703E-016
1181 2.2094E-016
1182 -2.4813E-017
1183 1.5382E-016
1183 -8.6740E-017
1184 4.0646E-016
1184 1.5393E-016
1185 1.2944E-016
1186 -2.2926E-017
1186 -1.0687E-016
1187 1.2000E-016
1187 2.2960E-016
1188 -8.6847E-017
1188 -3.0364E-017
1189 1.3900E-016
1190 -1.0478E-016
1190 -1.0077E-016
1191 -2.7184E-016
1191 -2.6535E-016
1192 3.9174E-016
1193 1.4174E-016
1193 6.4602E-018
1194 -4.7006E-016
1194 -1.0834E-016
1195 -6.3693E-016
1195 2.5432E-016
1196 -2.5221E-016
1197 -5.3381E-016
1197 1.6876E-016
1198 6.1132E-016
1198 -4.7686E-016
1199 -3.4340E-016
1200 -1.0262E-016
1200 6.5474E-016
1201 1.0975E-016
1201 3.9374E-017
1202 3.1955E-016
1202 6.0257E-016
1203 -1.9470E-016
1204 -1.1545E-016
1204 -3.6461E-016
1205 1.7697E-016
1205 2.3303E-016
1206 8.2384E-016
1207 -1.0274E-016
1207 -4.6623E-017
1208 -1.3459E-016
1208 -8.9106E-017
1209 3.7933E-016
1209 -2.4777E-016
1210 8.1122E-017
1211 6.2294E-016
1211 2.4952E-016
1212 3.1373E-016
1212 -2.1843E-016
1213 -1.3605E-016
1214 -1.6668E-016
1214 4.2479E-017
1215 -3.2487E-016
1215 -1.8819E-016
1216 5.5015E-016
1216 7.8836E-017
1217 6.8502E-016
1218 1.1535E-016
1218 2.5640E-017
1219 8.2287E-018
1219 8.2017E-017
1220 9.5289E-017
1221 -1.9511E-017
1221 -1.5932E-016
1222 -4.7427E-018
1222 -1.4600E-016
1223 -1.8586E-016
1223 -1.8856E-016
1224 8.2353E-017
1225 1.8478E-016
1225 4.6010E-017
1226 2.7586E-018
1226 1.2746E-016
1227 1.1779E-016
1228 2.2092E-016
1228 3.5033E-016
1229 2.0876E-016
1229 4.1388E-016
1230 -1.7274E-017
1230 4.4205E-017
1231 4.2512E-017
1232 -9.8738E-017
1232 3.4469E-016
1233 3.6163E-016
1233 2.3796E-016
1234 -4.0561E-017
1235 2.8849E-016
1235 1.4629E-016
1236 3.5054E-016
1236 2.3270E-016
1237 5.8386E-016
1237 2.8092E-016
1238 3.2399E-016
1239 2.9811E-016
1239 3.1009E-016
1240 5.3718E-016
1240 2.8211E-016
1241 1.3624E-016
1242 3.8372E-016
1242 3.4230E-016
1243 2.9385E-016
1243 2.9370E-016
1244 2.4680E-016
1244 2.4063E-016
1245 1.1932E-016
1246 1.9798E-016
1246 5.3210E-017
1247 4.8932E-016
1247 3.5306E-016
1248 2.9171E-016
1249 4.0824E-016
1249 3.1194E-016
1250 3.7657E-016
1250 4.2689E-016
1251 3.7080E-016
1251 2.8692E-016
1252 4.5550E-016
1253 3.2024E-016
1253 6.3635E-016
1254 3.1770E-016
1254 5.2739E-016
1255 4.8662E-016
1256 7.1034E-016
1256 6.5439E-016
1257 8.3848E-016
1257 9.1331E-016
1258 6.8135E-016
1258 8.6899E-016
1259 8.2614E-016
1260 5.2131E-016
1260 5.5063E-016
1261 7.6374E-016
1261 7.5571E-016
1262 7.1405E-016
1263 1.1556E-015
1263 1.1672E-015
1264 1.1924E-015
1264 9.6441E-016
1265 9.7588E-016
1265 1.0755E-015
1266 1.4153E-015
1267 1.3779E-015
1267 2.1863E-015
1268 2.1397E-015
1268 3.1426E-015
1269 3.0845E-015
1270 3.2461E-015
1270 4.1112E-015
1271 3.4978E-015
1271 3.7472E-015
1272 4.4277E-015
1272 4.3085E-015
1273 4.5966E-015
1274 4.1862E-015
1274 3.3077E-015
1275 3.1997E-015
1275 2.8305E-015
1276 2.8067E-015
1277 2.8001E-015
1277 3.1494E-015
1278 3.5472E-015
1278 4.5406E-015
1279 4.4786E-015
1279 4.9298E-015
1280 4.9707E-015
1281 4.8989E-015
1281 5.9847E-015
1282 7.6181E-015
1282 7.4937E-015
1283 7.9034E-015
1284 8.3930E-015
1284 8.6107E-015
1285 9.2879E-015
1285 9.0508E-015
1286 9.4301E-015
1286 8.7187E-015
1287 6.6996E-015
1288 5.5897E-015
1288 5.6522E-015
1289 4.9114E-015
1289 6.5721E-015
1290 7.8102E-015
1291 7.3699E-015
1291 8.9748E-015
1292 9.6792E-015
1292 1.0488E-014
1293 1.0030E-014
1293 1.1731E-014
1294 1.2128E-014
1295 1.1102E-014
1295 1.1113E-014
1296 1.0872E-014
1296 1.1983E-014
1297 1.2117E-014
1298 1.2200E-014
1298 1.1709E-014
1299 1.1918E-014
1299 1.2221E-014
1300 1.3087E-014
1300 1.1721E-014
1301 1.1261E-014
1302 8.3465E-015
1302 7.3127E-015
1303 7.6652E-015
1303 7.7136E-015
1304 7.0301E-015
1305 4.9080E-015
1305 4.9060E-015
1306 5.4173E-015
1306 6.7454E-015
1307 7.5330E-015
1307 1.0166E-014
1308 9.6595E-015
1309 8.2214E-015
1309 6.7118E-015
1310 5.8533E-015
1310 6.2074E-015
1311 6.4800E-015
1312 7.3732E-015
1312 8.8727E-015
1313 1.0916E-014
1313 1.2732E-014
1314 1.4400E-014
1314 1.6351E-014
1315 1.7331E-014
1316 1.7503E-014
1316 1.4817E-014
1317 1.6182E-014
1317 1.8451E-014
1318 1.7837E-014
1319 1.9334E-014
1319 1.8645E-014
1320 1.9702E-014
1320 1.9524E-014
1321 1.9822E-014
1321 2.1232E-014
1322 2.1441E-014
1323 2.0536E-014
1323 1.9384E-014
1324 1.8369E-014
1324 1.8630E-014
1325 2.0173E-014
1326 1.9446E-014
1326 2.0677E-014
1327 2.0518E-014
1327 1.9887E-014
1328 1.9731E-014
1328 1.6598E-014
1329 1.6272E-014
1330 1.5023E-014
1330 1.6341E-014
1331 1.7988E-014
1331 1.7375E-014
1332 1.8979E-014
1333 1.8537E-014
1333 1.9024E-014
1334 1.8274E-014
1334 1.2717E-014
1335 1.1145E-014
1335 1.2392E-014
1336 1.2299E-014
1337 1.6227E-014
1337 1.9759E-014
1338 2.3160E-014
1338 2.4167E-014
1339 2.4967E-014
1340 2.5314E-014
1340 2.6216E-014
1341 2.7399E-014
1341 2.5955E-014
1342 2.6370E-014
1342 2.6210E-014
1343 2.7939E-014
1344 2.9110E-014
1344 2.6817E-014
1345 2.5328E-014
1345 2.5396E-014
1346 2.5792E-014
1347 2.6384E-014
1347 2.6381E-014
1348 2.6483E-014
1348 2.7529E-014
1349 2.6226E-014
1349 2.7138E-014
1350 2.6065E-014
1351 2.4970E-014
1351 2.5374E-014
1352 2.5038E-014
1352 2.4876E-014
1353 2.2885E-014
1354 2.2090E-014
1354 2.0442E-014
1355 1.9329E-014
1355 1.9915E-014
1356 1.6973E-014
1356 1.7088E-014
1357 1.8892E-014
1358 1.9395E-014
1358 2.1582E-014
1359 2.1736E-014
1359 2.2138E-014
1360 2.4678E-014
1361 2.6037E-014
1361 2.5477E-014
1362 2.4350E-014
1362 2.3657E-014
1363 2.1791E-014
1363 2.3484E-014
1364 2.2128E-014
1365 2.2298E-014
1365 2.4647E-014
1366 2.3629E-014
1366 2.2696E-014
1367 2.3561E-014
1368 2.2718E-014
1368 2.0634E-014
1369 1.9714E-014
1369 2.1920E-014
1370 2.0818E-014
1370 2.2929E-014
1371 2.3801E-014
1372 2.4024E-014
1372 2.4641E-014
1373 2.4472E-014
1373 2.5561E-014
1374 2.5772E-014
1375 2.4875E-014
1375 2.4872E-014
1376 2.5922E-014
1376 2.7933E-014
1377 2.7054E-014
1377 2.6693E-014
1378 2.6501E-014
1379 2.5469E-014
1379 2.6575E-014
1380 2.6857E-014
1380 2.5673E-014
1381 2.3791E-014
1382 2.2982E-014
1382 2.4290E-014
1383 2.5022E-014
1383 2.6316E-014
1384 2.7242E-014
1384 2.7815E-014
1385 2.8793E-014
1386 2.6609E-014
1386 2.5793E-014
1387 2.6834E-014
1387 2.6917E-014
1388 2.7080E-014
1389 2.7024E-014
1389 2.6099E-014
1390 2.8895E-014
1390 2.9309E-014
1391 2.8386E-014
1391 2.8539E-014
1392 2.7542E-014
1393 2.5530E-014
1393 2.5584E-014
1394 2.5636E-014
1394 2.7730E-014
1395 2.8399E-014
1396 2.7782E-014
1396 2.6789E-014
1397 2.7625E-014
1397 2.5513E-014
1398 2.3840E-014
1398 2.5821E-014
1399 2.5207E-014
1400 2.6131E-014
1400 2.5553E-014
1401 2.5230E-014
1401 2.6893E-014
1402 2.7428E-014
1403 2.7688E-014
1403 2.7686E-014
1404 2.6223E-014
1404 2.6640E-014
1405 2.7054E-014
1405 3.2012E-014
1406 3.1144E-014
1407 3.3694E-014
1407 3.1956E-014
1408 3.2642E-014
1408 3.1264E-014
1409 2.8338E-014
1410 2.5461E-014
1410 2.7709E-014
1411 2.8986E-014
1411 3.0702E-014
1412 2.9740E-014
1412 3.1302E-014
1413 3.2741E-014
1414 3.2969E-014
1414 3.3404E-014
1415 3.2067E-014
1415 3.3891E-014
1416 3.3656E-014
1417 3.3108E-014
1417 3.2741E-014
1418 3.5854E-014
1418 3.4562E-014
1419 3.6257E-014
1419 3.4356E-014
1420 3.4373E-014
1421 3.6353E-014
1421 3.4054E-014
1422 3.6607E-014
1422 3.7304E-014
1423 3.6471E-014
1424 3.3715E-014
1424 3.0840E-014
1425 3.0944E-014
1425 3.2392E-014
1426 3.4430E-014
1426 3.7441E-014
1427 3.7963E-014
1428 3.8340E-014
1428 3.7531E-014
1429 3.8110E-014
1429 3.6609E-014
1430 3.6331E-014
1431 3.4645E-014
1431 3.0657E-014
1432 2.9209E-014
1432 2.6461E-014
1433 2.6448E-014
1433 2.7675E-014
1434 2.7097E-014
1435 2.8890E-014
1435 3.0350E-014
1436 3.0402E-014
1436 3.5230E-014
1437 3.3766E-014
1438 3.5854E-014
1438 3.4157E-014
1439 3.3829E-014
1439 3.5870E-014
1440 3.7340E-014
1440 3.8437E-014
1441 3.5683E-014
1442 3.5967E-014
1442 3.5627E-014
1443 3.5483E-014
1443 3.5529E-014
1444 3.6630E-014
1445 3.8148E-014
1445 3.9679E-014
1446 3.7009E-014
1446 3.8011E-014
1447 3.8259E-014
1447 3.8692E-014
1448 3.8867E-014
1449 3.8231E-014
1449 4.0797E-014
1450 4.1805E-014
1450 4.0084E-014
1451 4.2056E-014
1451 3.9686E-014
1452 4.1466E-014
1453 4.1448E-014
1453 4.5399E-014
1454 4.1324E-014
1454 4.2406E-014
1455 4.0816E-014
1456 4.2009E-014
1456 4.2806E-014
1457 4.1294E-014
1457 4.1488E-014
1458 4.1262E-014
1458 4.2715E-014
1459 3.8332E-014
1460 3.9271E-014
1460 4.0660E-014
1461 4.2672E-014
1461 4.2118E-014
1462 3.9646E-014
1463 3.7788E-014
1463 3.7623E-014
1464 3.6971E-014
1464 4.0859E-014
1465 3.9057E-014
1465 4.0118E-014
1466 4.0548E-014
1467 3.7916E-014
1467 3.2168E-014
1468 2.9505E-014
1468 3.2784E-014
1469 3.4572E-014
1470 3.8182E-014
1470 3.5864E-014
1471 3.8195E-014
1471 4.1255E-014
1472 3.7278E-014
1472 3.4122E-014
1473 3.2510E-014
1474 2.9875E-014
1474 3.2587E-014
1475 3.2094E-014
1475 3.3576E-014
1476 3.7419E-014
1477 3.8743E-014
1477 3.6691E-014
1478 3.8455E-014
1478 4.0008E-014
1479 4.2572E-014
1479 4.0486E-014
1480 4.1425E-014
1481 3.9097E-014
1481 3.3089E-014
1482 3.2784E-014
1482 3.4018E-014
1483 3.3637E-014
1484 3.4651E-014
1484 3.8894E-014
1485 3.8124E-014
1485 3.6599E-014
1486 3.6813E-014
1486 3.9465E-014
1487 4.2787E-014
1488 4.4051E-014
1488 4.3612E-014
1489 4.7734E-014
1489 4.6271E-014
1490 4.7592E-014
1491 4.8058E-014
1491 4.8492E-014
1492 4.3497E-014
1492 3.8115E-014
1493 3.4784E-014
1493 3.6688E-014
1494 3.8185E-014
1495 3.6321E-014
1495 4.2305E-014
1496 4.5300E-014
1496 4.5711E-014
1497 4.7551E-014
1498 5.0854E-014
1498 5.1380E-014
1499 5.0926E-014
1499 5.3267E-014
1500 4.6934E-014
1500 4.7189E-014
1501 5.0185E-014
1502 4.7968E-014
1502 4.7872E-014
1503 5.0796E-014
1503 5.2905E-014
1504 5.0647E-014
1505 5.0406E-014
1505 5.0631E-014
1506 4.4756E-014
1506 4.9101E-014
1507 4.9109E-014
1507 4.7160E-014
1508 4.9324E-014
1509 4.2117E-014
1509 3.8006E-014
1510 4.0229E-014
1510 3.7096E-014
1511 3.8025E-014
1512 3.8227E-014
1512 3.9991E-014
1513 4.0563E-014
1513 4.1949E-014
1514 4.2327E-014
1514 4.4476E-014
1515 4.1814E-014
1516 4.0787E-014
1516 4.2150E-014
1517 4.3489E-014
1517 4.5857E-014
1518 4.8520E-014
1519 4.9550E-014
1519 4.7378E-014
1520 4.9322E-014
1520 4.7499E-014
1521 4.8516E-014
1521 4.8838E-014
1522 4.9674E-014
1523 4.8117E-014
1523 4.6229E-014
1524 4.4215E-014
1524 4.6280E-014
1525 4.3390E-014
1526 4.1467E-014
1526 3.7732E-014
1527 2.8906E-014
1527 3.0870E-014
1528 3.8933E-014
1528 4.3916E-014
1529 4.8972E-014
1530 4.3900E-014
1530 4.5491E-014
1531 4.5688E-014
1531 4.3386E-014
1532 4.1669E-014
1533 3.2981E-014
1533 2.9591E-014
1534 3.0923E-014
1534 3.5981E-014
1535 3.7619E-014
1535 4.1953E-014
1536 4.4534E-014
1537 4.4917E-014
1537 4.1349E-014
1538 4.3593E-014
1538 4.8487E-014
1539 4.8425E-014
1540 5.5357E-014
1540 4.4185E-014
1541 4.2127E-014
1541 4.0922E-014
1542 4.3357E-014
1542 4.4115E-014
1543 4.9580E-014
1544 5.0771E-014
1544 4.8901E-014
1545 4.5126E-014
1545 4.4484E-014
1546 4.2548E-014
1546 4.8552E-014
1547 4.8276E-014
1548 5.0050E-014
1548 4.8685E-014
1549 4.9408E-014
1549 5.1948E-014
1550 5.4396E-014
1551 4.9616E-014
1551 4.7716E-014
1552 4.3250E-014
1552 4.5283E-014
1553 4.4481E-014
1553 4.5457E-014
1554 4.8775E-014
1555 4.5861E-014
1555 4.9457E-014
1556 4.7806E-014
1556 5.3165E-014
1557 5.3929E-014
1558 5.4830E-014
1558 5.2295E-014
1559 4.3117E-014
1559 4.2169E-014
1560 3.6984E-014
1560 3.6905E-014
1561 3.5994E-014
1562 3.6748E-014
1562 4.4432E-014
1563 4.7177E-014
1563 5.2364E-014
1564 5.0485E-014
1565 5.5470E-014
1565 5.6904E-014
1566 5.5315E-014
1566 5.5011E-014
1567 5.3976E-014
1567 5.2398E-014
1568 5.0431E-014
1569 4.8554E-014
1569 5.0703E-014
1570 4.7924E-014
1570 4.7782E-014
1571 4.8794E-014
1572 4.7729E-014
1572 4.9988E-014
1573 4.6255E-014
1573 4.5456E-014
1574 4.1776E-014
1574 4.0621E-014
1575 4.5489E-014
1576 4.9363E-014
1576 5.5765E-014
1577 5.8176E-014
1577 5.9487E-014
1578 5.7104E-014
1579 6.2781E-014
1579 6.4058E-014
1580 6.1445E-014
1580 5.8585E-014
1581 5.8207E-014
1581 6.0190E-014
1582 6.4611E-014
1583 6.3311E-014
1583 6.5272E-014
1584 6.0364E-014
1584 6.0399E-014
1585 5.5852E-014
1586 5.5888E-014
1586 6.5062E-014
1587 5.6185E-014
1587 5.7699E-014
1588 5.6365E-014
1588 6.2062E-014
1589 5.8491E-014
1590 5.8127E-014
1590 6.2638E-014
1591 5.8838E-014
1591 5.9649E-014
1592 5.6723E-014
1593 5.6174E-014
1593 5.3808E-014
1594 5.7419E-014
1594 5.4149E-014
1595 4.7709E-014
1595 5.4221E-014
1596 5.6737E-014
1597 5.8245E-014
1597 5.9084E-014
1598 6.2856E-014
1598 6.2615E-014
1599 7.1826E-014
1600 7.0013E-014
1600 6.8573E-014
1601 5.9140E-014
1601 6.0182E-014
1602 5.6047E-014
1602 5.1438E-014
1603 5.2849E-014
1604 5.7147E-014
1604 6.3972E-014
1605 6.2720E-014
1605 6.5357E-014
1606 5.5180E-014
1607 5.7786E-014
1607 5.7556E-014
1608 5.9750E-014
1608 5.4611E-014
1609 5.5929E-014
1609 6.3242E-014
1610 6.3912E-014
1611 6.1043E-014
1611 5.6762E-014
1612 5.9404E-014
1612 6.1286E-014
1613 5.8178E-014
1613 5.5653E-014
1614 6.1727E-014
1615 6.5467E-014
1615 5.9547E-014
1616 6.6987E-014
1616 6.6147E-014
1617 6.2885E-014
1618 6.2999E-014
1618 6.2339E-014
1619 7.0104E-014
1619 6.4130E-014
1620 6.7566E-014
1620 5.9513E-014
1621 6.1693E-014
1622 5.6981E-014
1622 6.1695E-014
1623 6.0641E-014
1623 5.9397E-014
1624 6.7939E-014
1625 6.6586E-014
1625 6.1720E-014
1626 5.8039E-014
1626 6.3166E-014
1627 6.1679E-014
1627 6.4276E-014
1628 6.5845E-014
1629 5.8050E-014
1629 6.0934E-014
1630 5.5484E-014
1630 5.9703E-014
1631 5.5545E-014
1632 5.7497E-014
1632 6.1336E-014
1633 5.9994E-014
1633 5.8497E-014
1634 5.9378E-014
1634 5.9391E-014
1635 5.9740E-014
1636 5.8658E-014
1636 6.0881E-014
1637 6.1837E-014
1637 6.6085E-014
1638 6.9649E-014
1639 7.0191E-014
1639 6.5680E-014
1640 6.5301E-014
1640 6.3475E-014
1641 6.3430E-014
1641 6.4950E-014
1642 6.0686E-014
1643 6.6436E-014
1643 6.4199E-014
1644 6.3990E-014
1644 6.8278E-014
1645 7.1875E-014
1646 7.1223E-014
1646 6.3831E-014
1647 7.2262E-014
1647 7.2231E-014
1648 6.8746E-014
1648 6.7590E-014
1649 5.7184E-014
1650 5.7240E-014
1650 5.7306E-014
1651 6.4909E-014
1651 6.0769E-014
1652 6.6993E-014
1653 6.5513E-014
1653 5.9449E-014
1654 5.9638E-014
1654 5.4780E-014
1655 5.6759E-014
1655 5.4096E-014
1656 4.1271E-014
1657 3.2037E-014
1657 2.5684E-014
1658 3.0107E-014
1658 3.6994E-014
1659 4.8870E-014
1660 5.9006E-014
1660 5.8253E-014
1661 6.4493E-014
1661 6.6818E-014
1662 6.4940E-014
1662 7.0557E-014
1663 6.2763E-014
1664 6.6895E-014
1664 6.5743E-014
1665 6.3362E-014
1665 7.1594E-014
1666 6.7991E-014
1667 6.0613E-014
1667 7.7543E-014
1668 7.0825E-014
1668 6.1216E-014
1669 6.7103E-014
1669 6.1394E-014
1670 4.7224E-014
1671 4.4376E-014
1671 3.9477E-014
1672 5.2574E-014
1672 5.3900E-014
1673 5.5013E-014
1673 6.0788E-014
1674 5.3541E-014
1675 5.6980E-014
1675 5.6937E-014
1676 6.2514E-014
1676 7.7458E-014
1677 6.3213E-014
1678 6.4608E-014
1679 6.5307E-014
1681 6.4057E-014
1682 6.5276E-014
1684 7.1768E-014
1685 6.6794E-014
1687 6.5730E-014
1688 6.5934E-014
1690 6.7816E-014
1692 6.5764E-014
1693 6.4580E-014
1695 6.1403E-014
1696 6.6269E-014
1698 6.4434E-014
1699 6.4287E-014
1701 6.2249E-014
1702 6.6820E-014
1704 6.3750E-014
1705 6.6043E-014
1707 6.3837E-014
1709 6.4980E-014
1710 6.4012E-014
1712 6.7138E-014
1713 6.3995E-014
1715 6.5953E-014
1716 6.4555E-014
1718 6.8148E-014
1719 6.7627E-014
1721 6.2792E-014
1722 6.4961E-014
1724 6.2076E-014
1726 6.3769E-014
1727 6.6160E-014
1729 6.6564E-014
1730 6.7865E-014
1732 6.5794E-014
1733 6.7622E-014
1735 6.4630E-014
1736 6.6890E-014
1738 6.8068E-014
1739 6.6592E-014
1741 6.7757E-014
1743 6.5565E-014
1744 6.6671E-014
1746 6.8104E-014
1747 6.6808E-014
1749 6.4151E-014
1750 6.7079E-014
1752 7.0916E-014
1753 6.9708E-014
1755 7.1777E-014
1756 7.4490E-014
1758 7.1815E-014
1760 7.0587E-014
1761 6.9359E-014
1763 6.3308E-014
1764 6.3581E-014
1766 6.3424E-014
1767 6.5204E-014
1769 6.6158E-014
1770 6.6569E-014
1772 7.0327E-014
1773 6.9713E-014
1775 6.9152E-014
1777 7.2768E-014
1778 7.2234E-014
1780 7.4032E-014
1781 7.2150E-014
1783 7.0885E-014
1784 6.9474E-014
1786 7.2238E-014
1787 6.9537E-014
1789 6.9293E-014
1790 7.5448E-014
1792 7.7456E-014
1793 7.5833E-014
1795 7.8094E-014
1797 7.4782E-014
1798 7.4955E-014
1800 7.7484E-014
1801 7.9305E-014
1803 7.4307E-014
1804 7.2725E-014
1806 7.1907E-014
1807 7.1942E-014
1809 6.6094E-014
1810 7.3294E-014
1812 7.1794E-014
1814 7.2056E-014
1815 7.2739E-014
1817 6.8154E-014
1818 7.1542E-014
1820 7.2612E-014
1821 7.0021E-014
1823 7.1584E-014
1824 7.2079E-014
1826 7.1744E-014
1827 7.1250E-014
1829 6.9734E-014
1831 7.1826E-014
1832 6.8973E-014
1834 6.6821E-014
1835 7.0454E-014
1837 6.5732E-014
1838 6.8036E-014
1840 6.2987E-014
1841 6.2844E-014
1843 6.1343E-014
1844 6.3951E-014
1846 6.2060E-014
1848 6.2272E-014
1849 6.6980E-014
1851 6.6845E-014
1852 6.6480E-014
1854 6.7071E-014
1855 6.6133E-014
1857 6.6595E-014
1858 6.8526E-014
1860 6.6438E-014
1861 6.6289E-014
1863 6.8720E-014
1865 6.4560E-014
1866 6.6099E-014
1868 6.8734E-014
1869 7.0587E-014
1871 7.1264E-014
1872 6.9190E-014
1874 7.2818E-014
1875 6.8010E-014
1877 6.5473E-014
1878 6.5535E-014
1880 6.9948E-014
1882 6.8224E-014
1883 6.9291E-014
1885 7.0794E-014
1886 7.0375E-014
1888 7.1611E-014
1889 7.1657E-014
1891 7.0691E-014
1892 6.9990E-014
1894 6.8629E-014
1895 7.0215E-014
1897 6.9928E-014
1899 6.7614E-014
1900 6.6997E-014
1902 6.6047E-014
1903 6.8605E-014
1905 6.3330E-014
1906 6.7923E-014
1908 6.6646E-014
1909 6.5231E-014
1911 6.4556E-014
1912 6.9156E-014
1914 6.7927E-014
1916 6.8547E-014
1917 6.7854E-014
1919 6.9769E-014
1920 7.0912E-014
1922 6.9237E-014
1923 7.0106E-014
1925 6.6472E-014
1926 6.6383E-014
1928 6.6458E-014
1929 6.5550E-014
1931 6.4257E-014
1933 6.6643E-014
1934 6.7448E-014
1936 6.7644E-014
1937 6.9016E-014
1939 6.9020E-014
1940 7.0138E-014
1942 6.8736E-014
1943 6.9613E-014
1945 6.9848E-014
1946 6.9715E-014
1948 7.0773E-014
1950 7.0089E-014
1951 6.7699E-014
1953 6.9387E-014
1954 6.9424E-014
1956 6.8305E-014
1957 6.8395E-014
1959 6.9293E-014
1960 7.0218E-014
1962 6.9769E-014
1963 6.9063E-014
1965 6.6783E-014
1967 6.9621E-014
1968 7.0098E-014
1970 6.8554E-014
1971 7.1264E-014
1973 7.1392E-014
1974 7.0132E-014
1976 6.9532E-014
1977 6.9264E-014
1979 6.8852E-014
1980 6.7170E-014
1982 6.9859E-014
1984 6.8615E-014
1985 6.8244E-014
1987 6.7206E-014
1988 6.8706E-014
1990 6.7498E-014
1991 6.5471E-014
1993 6.3699E-014
1994 6.4078E-014
1996 6.5044E-014
1997 6.8494E-014
1999 6.6054E-014
2001 6.2761E-014
2002 6.6170E-014
2004 6.4859E-014
2005 6.4540E-014
2007 6.4331E-014
2008 6.4415E-014
2010 6.2271E-014
2011 6.1962E-014
2013 6.0390E-014
2015 6.3653E-014
2016 6.3654E-014
2018 6.4682E-014
2019 6.2816E-014
2021 6.1044E-014
2022 6.3039E-014
2024 6.2070E-014
2025 6.1903E-014
2027 5.9453E-014
2028 6.3671E-014
2030 6.3908E-014
2032 6.3580E-014
2033 6.2131E-014
2035 6.1026E-014
2036 6.1270E-014
2038 6.2304E-014
2039 6.2291E-014
2041 6.1986E-014
2042 6.1649E-014
2044 6.3300E-014
2045 6.8074E-014
2047 6.4484E-014
2049 6.5316E-014
2050 6.3227E-014
2052 6.4270E-014
2053 6.3735E-014
2055 6.1733E-014
2056 5.9086E-014
2058 6.1308E-014
2059 6.1561E-014
2061 6.1543E-014
2062 6.0910E-014
2064 5.9928E-014
2066 5.9389E-014
2067 6.0683E-014
2069 6.2009E-014
2070 6.4199E-014
2072 6.2039E-014
2073 6.2279E-014
2075 6.3400E-014
2076 6.3321E-014
2078 6.5259E-014
2079 6.5369E-014
2081 6.4228E-014
2083 6.4241E-014
2084 6.2890E-014
2086 6.4350E-014
2087 6.4774E-014
2089 6.6408E-014
2090 6.3086E-014
2092 6.3539E-014
2093 6.2008E-014
2095 5.9739E-014
2096 6.1000E-014
2098 6.0463E-014
2100 6.1976E-014
2101 6.1527E-014
2103 6.0145E-014
2104 6.1272E-014
2106 6.2631E-014
2107 6.1091E-014
2109 5.9064E-014
2110 5.7999E-014
2112 5.8695E-014
2113 5.7403E-014
2115 6.1637E-014
2117 6.3276E-014
2118 6.0033E-014
2120 6.3457E-014
2121 6.2928E-014
2123 6.1273E-014
2124 5.8892E-014
2126 5.6562E-014
2127 5.7827E-014
2129 5.5937E-014
2130 5.2735E-014
2132 5.2502E-014
2134 4.9418E-014
2135 4.7849E-014
2137 5.2229E-014
2138 5.4740E-014
2140 5.4516E-014
2141 5.5121E-014
2143 5.8311E-014
2144 5.9482E-014
2146 5.8259E-014
2148 5.8815E-014
2149 5.7833E-014
2151 5.9269E-014
2152 5.8144E-014
2154 5.9500E-014
2155 6.0634E-014
2157 5.9489E-014
2158 5.7522E-014
2160 5.5384E-014
2161 5.5317E-014
2163 5.6051E-014
2165 5.6933E-014
2166 5.4042E-014
2168 5.3809E-014
2169 5.3869E-014
2171 5.4674E-014
2172 5.4613E-014
2174 5.3373E-014
2175 5.4393E-014
2177 5.4777E-014
2178 5.7112E-014
2180 5.8130E-014
2182 5.7775E-014
2183 5.8357E-014
2185 5.6630E-014
2186 5.5227E-014
2188 5.5761E-014
2189 5.3943E-014
2191 5.6086E-014
2192 5.6332E-014
2194 5.9590E-014
2195 5.8254E-014
2197 6.0579E-014
2199 5.9854E-014
2200 5.8664E-014
2202 5.7701E-014
2203 5.8446E-014
2205 5.8096E-014
2206 5.5219E-014
2208 5.4443E-014
2209 5.3810E-014
2211 5.1700E-014
2212 5.1824E-014
2214 5.1588E-014
2216 5.2535E-014
2217 5.4008E-014
2219 5.4258E-014
2220 5.5625E-014
2222 5.3900E-014
2223 5.3703E-014
2225 5.2990E-014
2226 5.2606E-014
2228 5.2649E-014
2230 5.5125E-014
2231 5.5220E-014
2233 5.6521E-014
2234 5.6703E-014
2236 5.8136E-014
2237 5.6620E-014
2239 5.5055E-014
2240 5.5844E-014
2242 5.2658E-014
2243 5.1535E-014
2245 5.2684E-014
2247 5.1356E-014
2248 4.9128E-014
2250 4.8790E-014
2251 5.0682E-014
2253 5.1040E-014
2254 4.9592E-014
2256 4.8254E-014
2257 4.9572E-014
2259 5.1963E-014
2260 5.1838E-014
2262 5.1565E-014
2264 5.2486E-014
2265 5.2792E-014
2267 5.0553E-014
2268 5.1759E-014
2270 5.2974E-014
2271 5.5290E-014
2273 5.6764E-014
2274 5.5919E-014
2276 5.4399E-014
2277 5.2510E-014
2279 5.6468E-014
2281 5.5900E-014
2282 5.6477E-014
2284 5.6078E-014
2285 5.4868E-014
2287 5.6568E-014
2288 5.5872E-014
2290 5.6347E-014
2291 5.6392E-014
2293 5.3924E-014
2295 5.3415E-014
2296 5.3061E-014
2298 5.0248E-014
2299 4.7997E-014
2301 5.1107E-014
2302 5.1601E-014
2304 5.1807E-014
2305 5.2907E-014
2307 5.2671E-014
2308 5.2738E-014
2310 5.2809E-014
2312 5.1445E-014
2313 4.8649E-014
2315 4.8014E-014
2316 4.9437E-014
2318 5.0658E-014
2319 5.1255E-014
2321 5.0170E-014
2322 5.1349E-014
2324 5.2145E-014
2325 5.0297E-014
2327 4.5796E-014
2329 4.8696E-014
2330 5.1040E-014
2332 4.9844E-014
2333 4.8382E-014
2335 4.7264E-014
2336 4.8321E-014
2338 4.8405E-014
2339 4.8206E-014
2341 4.6588E-014
2342 4.6366E-014
2344 4.0454E-014
2346 4.0435E-014
2347 4.4515E-014
2349 4.6353E-014
2350 4.7896E-014
2352 5.0132E-014
2353 5.0874E-014
2355 4.9109E-014
2356 4.8311E-014
2358 4.9634E-014
2360 4.7631E-014
2361 4.4471E-014
2363 4.4955E-014
2364 4.8192E-014
2366 4.8446E-014
2367 4.7557E-014
2369 4.8183E-014
2370 4.8811E-014
2372 4.8099E-014
2373 4.4343E-014
2375 4.4221E-014
2377 4.5726E-014
2378 4.8602E-014
2380 4.4167E-014
2381 4.0432E-014
2383 3.4841E-014
2384 3.8568E-014
2386 4.5677E-014
2387 4.6883E-014
2389 4.2973E-014
2390 4.2534E-014
2392 4.8253E-014
2394 4.8678E-014
2395 4.5863E-014
2397 4.2266E-014
2398 4.5952E-014
2400 4.5425E-014
2401 4.5771E-014
2403 4.5963E-014
2404 4.4461E-014
2406 4.0974E-014
2408 4.2104E-014
2409 4.3885E-014
2411 4.3680E-014
2412 4.3085E-014
2414 4.5667E-014
2415 4.7715E-014
2417 4.7269E-014
2418 4.8146E-014
2420 4.9290E-014
2421 5.0966E-014
2423 5.0971E-014
2425 4.6714E-014
2426 4.7999E-014
2428 4.8143E-014
2429 4.6937E-014
2431 4.4688E-014
2432 4.8543E-014
2434 4.5671E-014
2435 4.3949E-014
2437 4.5564E-014
2438 4.7051E-014
2440 4.7820E-014
2442 5.1351E-014
2443 5.1364E-014
2445 4.9707E-014
2446 4.6685E-014
2448 4.6477E-014
2449 4.7646E-014
2451 4.6657E-014
2452 4.8293E-014
2454 4.8560E-014
2456 4.7691E-014
2457 5.0091E-014
2459 4.9315E-014
2460 4.8853E-014
2462 4.6724E-014
2463 4.6541E-014
2465 4.6015E-014
2466 4.6314E-014
2468 4.6431E-014
2469 4.6421E-014
2471 4.6295E-014
2473 4.5405E-014
2474 4.6368E-014
2476 4.8104E-014
2477 4.8206E-014
2479 4.6946E-014
2480 4.5495E-014
2482 4.8235E-014
2483 4.6194E-014
2485 4.6772E-014
2486 4.7735E-014
2488 4.9634E-014
2490 4.7286E-014
2491 4.5528E-014
2493 4.5473E-014
2494 4.7698E-014
2496 4.9781E-014
2497 5.2652E-014
2499 5.1021E-014
2500 5.0120E-014
2502 5.1476E-014
2504 4.9770E-014
2505 4.8392E-014
2507 4.8741E-014
2508 4.8810E-014
2510 5.0326E-014
2511 4.8507E-014
2513 4.8630E-014
2514 4.8345E-014
2516 4.7361E-014
2517 4.7223E-014
2519 4.6646E-014
2521 4.5636E-014
2522 4.5435E-014
2524 4.5356E-014
2525 4.3275E-014
2527 3.9290E-014
2528 4.0398E-014
2530 4.0171E-014
2531 4.3219E-014
2533 4.6139E-014
2535 4.5664E-014
2536 4.3148E-014
2538 4.2873E-014
2539 3.9537E-014
2541 4.1075E-014
2542 4.2811E-014
2544 4.2752E-014
2545 4.3077E-014
2547 4.3139E-014
2548 4.1201E-014
2550 3.9798E-014
2552 4.2113E-014
2553 4.7842E-014
2555 5.0091E-014
2556 4.9832E-014
2558 4.8598E-014
2559 4.7836E-014
2561 4.7089E-014
2562 4.7433E-014
2564 4.5863E-014
2566 4.8062E-014
2567 4.8315E-014
2569 4.9813E-014
2570 4.9877E-014
2572 4.8928E-014
2573 4.8602E-014
2575 4.9000E-014
2576 4.7849E-014
2578 4.7087E-014
2579 4.9443E-014
2581 4.9301E-014
2583 4.8776E-014
2584 4.5819E-014
2586 4.5709E-014
2587 4.2672E-014
2589 4.7051E-014
2590 4.8581E-014
2592 4.7692E-014
2593 4.6666E-014
2595 4.7366E-014
2596 4.8744E-014
2598 4.5704E-014
2600 3.8970E-014
2601 4.2672E-014
2603 4.9124E-014
2604 4.9672E-014
2606 4.4834E-014
2607 4.2390E-014
2609 4.3889E-014
2610 4.4380E-014
2612 4.3179E-014
2614 4.3207E-014
2615 4.5916E-014
2617 4.7611E-014
2618 4.9197E-014
2620 4.7684E-014
2621 4.7962E-014
2623 4.9820E-014
2624 4.8489E-014
2626 4.8358E-014
2627 4.7183E-014
2629 4.6910E-014
2631 4.4532E-014
2632 4.3838E-014
2634 4.8166E-014
2635 5.1276E-014
2637 5.2424E-014
2638 5.1031E-014
2640 5.1825E-014
2641 5.1259E-014
2643 5.4298E-014
2645 5.4085E-014
2646 5.5177E-014
2648 5.5047E-014
2649 5.5555E-014
2651 5.4104E-014
2652 5.3943E-014
2654 5.4261E-014
2655 5.3837E-014
2657 5.4399E-014
2658 5.3838E-014
2660 5.2454E-014
2662 5.1409E-014
2663 5.0363E-014
2665 4.8705E-014
2666 4.8944E-014
2668 4.8848E-014
2669 5.0255E-014
2671 5.0539E-014
2672 4.9739E-014
2674 4.9202E-014
2676 5.2546E-014
2677 5.2298E-014
2679 5.1540E-014
2680 4.9350E-014
2682 4.9541E-014
2683 5.1017E-014
2685 5.1767E-014
2686 5.0424E-014
2688 5.0334E-014
2689 4.8813E-014
2691 4.8906E-014
2693 4.8913E-014
2694 4.8788E-014
2696 5.0636E-014
2697 5.0919E-014
2699 4.8242E-014
2700 4.8623E-014
2702 5.0490E-014
2703 5.1096E-014
2705 4.9294E-014
2707 5.0029E-014
2708 4.9001E-014
2710 4.8195E-014
2711 4.7048E-014
2713 4.8466E-014
2714 5.0105E-014
2716 4.8899E-014
2717 4.8050E-014
2719 4.8494E-014
2720 4.7729E-014
2722 4.9920E-014
2724 4.8877E-014
2725 4.7885E-014
2727 4.8381E-014
2728 4.7902E-014
2730 4.9342E-014
2731 5.1242E-014
2733 5.0879E-014
2734 5.0956E-014
2736 5.0610E-014
2738 4.9185E-014
2739 4.8056E-014
2741 4.6200E-014
2742 4.6836E-014
2744 4.5545E-014
2745 4.4018E-014
2747 4.4476E-014
2748 4.3256E-014
2750 4.1180E-014
2751 4.2752E-014
2753 4.4740E-014
2755 4.5038E-014
2756 4.3786E-014
2758 4.4882E-014
2759 4.7155E-014
2761 4.7296E-014
2762 4.7230E-014
2764 4.6080E-014
2765 4.8165E-014
2767 4.6465E-014
2769 4.7421E-014
2770 4.7323E-014
2772 4.9082E-014
2773 5.0944E-014
2775 5.0536E-014
2776 4.8495E-014
2778 4.7165E-014
2779 4.6088E-014
2781 4.5964E-014
2782 4.8048E-014
2784 4.8198E-014
2786 4.8334E-014
2787 4.7990E-014
2789 4.7638E-014
2790 4.7081E-014
2792 4.3628E-014
2793 4.0936E-014
2795 3.2608E-014
2796 2.7141E-014
2798 3.0719E-014
2800 3.6726E-014
2801 3.7957E-014
2803 3.3268E-014
2804 3.2617E-014
2806 4.1489E-014
2807 4.5915E-014
2809 4.9030E-014
2810 4.9814E-014
2812 4.8846E-014
2814 4.9143E-014
2815 4.9961E-014
2817 5.0145E-014
2818 5.0434E-014
2820 5.1578E-014
2821 5.1779E-014
2823 5.0874E-014
2824 5.1805E-014
2826 5.1057E-014
2827 5.0529E-014
2829 5.0867E-014
2831 5.0402E-014
2832 5.0457E-014
2834 4.9342E-014
2835 5.0725E-014
2837 4.9634E-014
2838 5.0549E-014
2840 4.7183E-014
2841 4.7048E-014
2843 4.6937E-014
2845 4.7503E-014
2846 4.8809E-014
2848 4.8542E-014
2849 4.6956E-014
2851 4.5810E-014
2852 4.3364E-014
2854 4.5063E-014
2855 4.5548E-014
2857 4.6684E-014
2858 4.6807E-014
2860 4.8511E-014
2862 4.8927E-014
2863 4.9044E-014
2865 4.9909E-014
2866 4.8385E-014
2868 4.8818E-014
2869 4.6937E-014
2871 4.6081E-014
2872 4.6882E-014
2874 4.7639E-014
2876 4.6990E-014
2877 4.8207E-014
2879 4.7890E-014
2880 4.7994E-014
2882 4.9123E-014
2883 4.8761E-014
2885 4.9616E-014
2886 4.9981E-014
2888 4.9996E-014
2890 4.7827E-014
2891 4.7115E-014
2893 4.6111E-014
2894 4.7901E-014
2896 4.8128E-014
2897 4.7362E-014
2899 4.9000E-014
2900 5.0940E-014
2902 5.0793E-014
2903 5.2019E-014
2905 5.2097E-014
2907 5.1896E-014
2908 5.0219E-014
2910 4.9591E-014
2911 5.1146E-014
2913 5.0552E-014
2914 5.2859E-014
2916 5.3698E-014
2917 5.1326E-014
2919 5.2257E-014
2921 5.0630E-014
2922 5.2580E-014
2924 5.1644E-014
2925 4.9438E-014
2927 5.0529E-014
2928 4.8798E-014
2930 4.9382E-014
2931 4.9063E-014
2933 5.0243E-014
2935 4.8469E-014
2936 4.7980E-014
2938 4.8896E-014
2939 4.9889E-014
2941 4.7802E-014
2942 5.1537E-014
2944 4.9394E-014
2945 5.0084E-014
2947 5.0458E-014
2948 4.9883E-014
2950 4.8715E-014
2952 5.0365E-014
2953 5.0099E-014
2955 4.8766E-014
2956 5.1163E-014
2958 5.1655E-014
2959 5.1014E-014
2961 4.9956E-014
2962 4.9258E-014
2964 5.1384E-014
2966 4.8066E-014
2967 5.0226E-014
2969 5.0020E-014
2970 4.8590E-014
2972 5.0534E-014
2973 4.9798E-014
2975 5.0286E-014
2976 5.2211E-014
2978 4.9981E-014
2980 5.0527E-014
2981 5.0588E-014
2983 4.9968E-014
2984 4.9393E-014
2986 4.9371E-014
2987 4.8692E-014
2989 5.0911E-014
2990 5.0960E-014
2992 5.2573E-014
2993 5.3725E-014
2995 5.1662E-014
2997 5.1592E-014
2998 5.3501E-014
3000 5.1417E-014
3001 4.9254E-014
3003 5.1548E-014
3004 5.0039E-014
3006 5.2616E-014
3007 5.2500E-014
3009 5.1858E-014
3011 5.1704E-014
3012 5.4114E-014
3014 5.4281E-014
3015 5.0472E-014
3017 5.1492E-014
3018 4.9935E-014
3020 4.9415E-014
3021 5.0413E-014
3023 5.1067E-014
3025 5.0917E-014
3026 5.1736E-014
3028 4.9748E-014
3029 5.1458E-014
3031 4.9834E-014
3032 5.1201E-014
3034 5.1857E-014
3035 5.0403E-014
3037 5.0062E-014
3038 5.1033E-014
3040 5.0695E-014
3042 5.1794E-014
3043 5.1425E-014
3045 5.2609E-014
3046 5.0077E-014
3048 4.9534E-014
3049 4.9584E-014
3051 4.9669E-014
3052 5.1991E-014
3054 5.1117E-014
3056 5.1858E-014
3057 5.0970E-014
3059 4.8512E-014
3060 4.8904E-014
3062 4.9714E-014
3063 5.1318E-014
3065 5.0052E-014
3065 4.9326E-014
3068 5.0005E-014
3071 4.9279E-014
3073 4.9554E-014
3076 4.9970E-014
3079 5.0759E-014
3082 5.2025E-014
3084 5.2407E-014
3087 5.0785E-014
3090 5.0410E-014
3093 4.9133E-014
3095 4.9512E-014
3098 4.8295E-014
3101 4.9239E-014
3104 4.8437E-014
3106 5.0138E-014
3109 5.0151E-014
3112 5.0868E-014
3115 4.9025E-014
3117 4.8032E-014
3120 4.7574E-014
3123 4.9573E-014
3126 4.7849E-014
3128 4.9011E-014
3131 5.0667E-014
3134 4.9613E-014
3137 4.9365E-014
3139 4.9728E-014
3142 4.9903E-014
3145 4.9439E-014
3148 5.0356E-014
3150 4.9575E-014
3153 5.0061E-014
3156 4.9403E-014
3159 4.7290E-014
3161 4.7975E-014
3164 4.9176E-014
3167 4.8863E-014
3169 4.9349E-014
3172 5.1620E-014
3175 4.9510E-014
3178 4.7516E-014
3180 4.7020E-014
3183 4.8068E-014
3186 4.8611E-014
3189 4.8682E-014
3191 4.8836E-014
3194 4.7613E-014
3197 4.8465E-014
3200 5.0245E-014
3202 4.9523E-014
3205 4.9579E-014
3208 4.8139E-014
3211 4.7692E-014
3213 4.8821E-014
3216 4.8097E-014
3219 4.9075E-014
3222 4.8499E-014
3224 4.8094E-014
3227 4.8041E-014
3230 4.7333E-014
3233 4.6407E-014
3235 4.6700E-014
3238 4.6960E-014
3241 4.8542E-014
3244 4.8756E-014
3246 4.8496E-014
3249 4.7485E-014
3252 4.7258E-014
3255 4.8621E-014
3257 4.8486E-014
3260 4.9262E-014
3263 4.8184E-014
3266 4.9079E-014
3268 4.8608E-014
3271 4.8762E-014
3274 4.8690E-014
3277 4.6597E-014
3279 4.7678E-014
3282 4.8551E-014
3285 4.8807E-014
3288 4.8604E-014
3290 4.8084E-014
3293 4.8756E-014
3296 4.9225E-014
3299 4.9025E-014
3301 4.9173E-014
3304 4.8965E-014
3307 4.8248E-014
3310 4.8734E-014
3312 4.9804E-014
3315 4.8514E-014
3318 4.9909E-014
3321 4.7394E-014
3323 4.7719E-014
3326 4.7917E-014
3329 4.7836E-014
3332 4.8284E-014
3334 4.7366E-014
3337 4.6393E-014
3340 4.6904E-014
3343 4.6880E-014
3345 4.7043E-014
3348 4.6581E-014
3351 4.6892E-014
3354 4.7972E-014
3356 4.8202E-014
3359 4.7549E-014
3362 4.7131E-014
3365 4.8306E-014
3367 4.8013E-014
3370 4.6542E-014
3373 4.6820E-014
3376 4.7821E-014
3378 4.7402E-014
3381 4.6913E-014
3384 4.6951E-014
3387 4.7441E-014
3389 4.7781E-014
3392 4.6964E-014
3395 4.7466E-014
3398 4.8364E-014
3400 4.8320E-014
3403 4.7714E-014
3406 4.7601E-014
3409 4.6948E-014
3411 4.8372E-014
3414 4.8310E-014
3417 4.7969E-014
3420 4.7224E-014
3422 4.7116E-014
3425 4.8060E-014
3428 4.8772E-014
3431 4.7587E-014
3433 4.8710E-014
3436 4.8300E-014
3439 4.6960E-014
3441 4.6066E-014
3444 4.6052E-014
3447 4.6950E-014
3450 4.8713E-014
3452 4.7753E-014
3455 4.7442E-014
3458 4.6599E-014
3461 4.6302E-014
3463 4.7560E-014
3466 4.7687E-014
3469 4.6934E-014
3472 4.6779E-014
3474 4.5827E-014
3477 4.5460E-014
3480 4.7103E-014
3483 4.7046E-014
3485 4.7129E-014
3488 4.6385E-014
3491 4.6148E-014
3494 4.4501E-014
3496 4.5161E-014
3499 4.6316E-014
3502 4.6024E-014
3505 4.6943E-014
3507 4.6172E-014
3510 4.6463E-014
3513 4.5983E-014
3516 4.6849E-014
3518 4.7301E-014
3521 4.6638E-014
3524 4.6585E-014
3527 4.6931E-014
3529 4.6892E-014
3532 4.7293E-014
3535 4.7181E-014
3538 4.7115E-014
3540 4.6495E-014
3543 4.7565E-014
3546 4.6111E-014
3549 4.6024E-014
3551 4.7080E-014
3554 4.7773E-014
3557 4.7167E-014
3560 4.7094E-014
3562 4.7190E-014
3565 4.5223E-014
3568 4.4993E-014
3571 4.5652E-014
3573 4.5762E-014
3576 4.5895E-014
3579 4.5485E-014
3582 4.6602E-014
3584 4.5371E-014
3587 4.4827E-014
3590 4.5564E-014
3593 4.6160E-014
3595 4.5987E-014
3598 4.6551E-014
3601 4.7084E-014
3604 4.5534E-014
3606 4.5709E-014
3609 4.5466E-014
3612 4.5865E-014
3615 4.5436E-014
3617 4.4545E-014
3620 4.5426E-014
3623 4.5006E-014
3626 4.5887E-014
3628 4.5054E-014
3631 4.5064E-014
3634 4.5953E-014
3637 4.5860E-014
3639 4.6015E-014
3642 4.5772E-014
3645 4.5321E-014
3648 4.5880E-014
3650 4.4980E-014
3653 4.5486E-014
3656 4.6037E-014
3659 4.5863E-014
3661 4.5557E-014
3664 4.5300E-014
3667 4.5505E-014
3670 4.5098E-014
3672 4.5428E-014
3675 4.5470E-014
3678 4.5657E-014
3681 4.5142E-014
3683 4.5055E-014
3686 4.4705E-014
3689 4.5323E-014
3692 4.5320E-014
3694 4.6652E-014
3697 4.5247E-014
3700 4.6747E-014
3703 4.5838E-014
3705 4.4350E-014
3708 4.6926E-014
3711 4.5435E-014
3714 4.4757E-014
3716 5.0910E-014
3719 5.0241E-014
3722 4.4170E-014
3725 4.7713E-014
3727 5.6242E-014
3730 5.3679E-014
3733 4.8314E-014
3736 4.3181E-014
3738 5.2237E-014
3741 6.1548E-014
3744 6.2013E-014
3747 5.5324E-014
3749 4.6129E-014
3752 4.5923E-014
3755 5.7724E-014
3758 6.6947E-014
3760 6.9849E-014
3763 6.9307E-014
3766 6.2351E-014
3769 5.0471E-014
3771 4.4645E-014
3774 5.3776E-014
3777 6.6686E-014
3780 7.9278E-014
3782 8.7060E-014
3785 8.9358E-014
3788 8.5049E-014
3791 7.8197E-014
3793 6.5275E-014
3796 5.1152E-014
3799 4.4246E-014
3802 5.4396E-014
3804 6.9752E-014
3807 8.3867E-014
3810 9.4473E-014
3813 9.8898E-014
3815 1.0301E-013
3818 1.0456E-013
3821 1.0291E-013
3824 9.4370E-014
3826 8.5008E-014
3829 7.2256E-014
3832 5.9372E-014
3835 4.6430E-014
3837 4.5989E-014
3840 5.7238E-014
3843 7.2428E-014
3846 8.6568E-014
3848 9.7874E-014
3851 1.0567E-013
3854 1.1226E-013
3857 1.1595E-013
3859 1.1706E-013
3862 1.1919E-013
3865 1.2015E-013
3868 1.2102E-013
3870 1.1758E-013
3873 1.1136E-013
3876 1.0468E-013
3879 9.3657E-014
3881 8.2507E-014
3884 6.9059E-014
3887 5.4978E-014
3890 4.4543E-014
3892 5.1106E-014
3895 6.4764E-014
3898 7.7672E-014
3901 8.8921E-014
3903 9.9983E-014
3906 1.0761E-013
3909 1.1652E-013
3912 1.2172E-013
3914 1.2318E-013
3917 1.2606E-013
3920 1.2864E-013
3923 1.3043E-013
3925 1.2982E-013
3928 1.2788E-013
3931 1.1952E-013
3934 1.0229E-013
3936 1.0836E-013
3939 1.2325E-013
3942 1.2534E-013
3944 1.2364E-013
3947 1.2068E-013
3950 1.1760E-013
3953 1.1264E-013
3955 1.0593E-013
3958 9.5706E-014
3961 8.3715E-014
3964 7.2006E-014
3966 5.7059E-014
3969 4.3692E-014
3972 4.7527E-014
3975 5.6221E-014
3977 6.9700E-014
3980 8.2614E-014
3983 9.2883E-014
3986 1.0258E-013
3988 1.0943E-013
3991 1.1611E-013
3994 1.1947E-013
3997 1.2251E-013
3999 1.2517E-013
4002 1.2647E-013
4005 1.2681E-013
4008 1.2797E-013
4010 1.2862E-013
4013 1.2949E-013
4016 1.3098E-013
4019 1.3235E-013
4021 1.3052E-013
4024 1.2986E-013
4027 1.2935E-013
4030 1.2863E-013
4032 1.2858E-013
4035 1.2986E-013
4038 1.3139E-013
4041 1.3145E-013
4043 1.3008E-013
4046 1.2855E-013
4049 1.2787E-013
4052 1.2781E-013
4054 1.2784E-013
4057 1.2790E-013
4060 1.2640E-013
4063 1.2474E-013
4065 1.2278E-013
4068 1.2257E-013
4071 1.2177E-013
4074 1.1839E-013
4076 1.1496E-013
4079 1.1121E-013
4082 1.0916E-013
4085 1.0463E-013
4087 9.8444E-014
4090 9.0313E-014
4093 8.0974E-014
4096 6.8874E-014
4098 5.6340E-014
4101 4.5366E-014
4104 4.4535E-014
4107 5.4874E-014
4109 6.6943E-014
4112 7.8052E-014
4115 8.7296E-014
4118 9.5988E-014
4120 1.0165E-013
4123 1.0491E-013
4126 1.1014E-013
4129 1.1079E-013
4131 1.1320E-013
4134 1.1651E-013
4137 1.1903E-013
4140 1.2068E-013
4142 1.2021E-013
4145 1.2094E-013
4148 1.2014E-013
4151 1.2136E-013
4153 1.1883E-013
4156 1.1974E-013
4159 1.2106E-013
4162 1.2203E-013
4164 1.1891E-013
4167 1.1976E-013
4170 1.2138E-013
4173 1.1776E-013
4175 1.1818E-013
4178 1.1850E-013
4181 1.1837E-013
4184 1.1922E-013
4186 1.1989E-013
4189 1.1799E-013
4192 1.1992E-013
4195 1.2051E-013
4197 1.1942E-013
4200 1.1668E-013
4203 1.1767E-013
4206 1.1852E-013
4208 1.2003E-013
4211 1.1947E-013
4214 1.1884E-013
4217 1.1624E-013
4219 1.1800E-013
4222 1.1691E-013
4225 1.1660E-013
4228 1.1454E-013
4230 1.1613E-013
4233 1.1642E-013
4236 1.1459E-013
4239 1.1510E-013
4241 1.1661E-013
4244 1.1654E-013
4247 1.1607E-013
4250 1.1474E-013
4252 1.1486E-013
4255 1.1592E-013
4258 1.1546E-013
4261 1.1351E-013
4263 1.1480E-013
4266 1.1498E-013
4269 1.1437E-013
4272 1.1178E-013
4274 1.0951E-013
4277 1.1204E-013
4280 1.1329E-013
4283 1.1068E-013
4285 1.1021E-013
4288 1.1024E-013
4291 1.0884E-013
4294 1.0818E-013
4296 1.0754E-013
4299 1.0584E-013
4302 1.0322E-013
4305 1.0348E-013
4307 1.0238E-013
4310 1.0140E-013
4313 1.0002E-013
4316 9.6018E-014
4318 9.5261E-014
4321 9.2481E-014
4324 8.8167E-014
4327 8.2900E-014
4329 7.7055E-014
4332 6.9585E-014
4335 6.0544E-014
4338 5.0202E-014
4340 4.4468E-014
4343 4.0646E-014
4346 5.0434E-014
4349 5.9867E-014
4351 6.8130E-014
4354 7.5957E-014
4357 8.2441E-014
4360 8.6827E-014
4362 9.1539E-014
4365 9.5086E-014
4368 9.6846E-014
4370 9.7998E-014
4373 9.8908E-014
4376 1.0131E-013
4379 1.0217E-013
4381 1.0228E-013
4384 1.0073E-013
4387 1.0017E-013
4390 1.0253E-013
4392 1.0319E-013
4395 1.0287E-013
4398 1.0311E-013
4401 1.0327E-013
4403 1.0339E-013
4406 1.0375E-013
4409 1.0427E-013
4412 1.0407E-013
4414 1.0360E-013
4417 1.0183E-013
4420 1.0213E-013
4423 1.0485E-013
4425 1.0376E-013
4428 1.0334E-013
4431 1.0451E-013
4434 1.0335E-013
4436 1.0399E-013
4439 1.0377E-013
4442 1.0162E-013
4445 1.0184E-013
4447 1.0189E-013
4450 1.0286E-013
4453 1.0200E-013
4456 1.0179E-013
4458 1.0231E-013
4461 1.0129E-013
4464 1.0124E-013
4467 1.0086E-013
4469 9.9878E-014
4472 1.0029E-013
4475 1.0134E-013
4478 9.9778E-014
4480 9.7116E-014
4483 9.6080E-014
4486 9.9679E-014
4489 9.9432E-014
4491 9.9146E-014
4494 9.9335E-014
4497 9.9777E-014
4500 1.0060E-013
4502 9.8967E-014
4505 9.9777E-014
4508 9.9201E-014
4511 9.9550E-014
4513 9.9739E-014
4516 9.8067E-014
4519 9.7975E-014
4522 9.7660E-014
4524 9.7143E-014
4527 9.8123E-014
4530 9.7901E-014
4533 9.7785E-014
4535 9.7101E-014
4538 9.7248E-014
4541 9.7739E-014
4544 9.7575E-014
4546 9.6382E-014
4549 9.3886E-014
4552 9.4542E-014
4555 9.5066E-014
4557 9.4364E-014
4560 9.4982E-014
4563 9.4640E-014
4566 9.5252E-014
4568 9.5109E-014
4571 9.5272E-014
4574 9.4410E-014
4577 9.4752E-014
4579 9.5173E-014
4582 9.3962E-014
4585 9.2520E-014
4588 9.4427E-014
4590 9.3111E-014
4593 9.4699E-014
4596 9.4930E-014
4599 9.5297E-014
4601 9.4424E-014
4604 9.5499E-014
4607 9.5771E-014
4609 9.4153E-014
4612 9.3026E-014
4615 9.3699E-014
4618 9.3448E-014
4620 9.2778E-014
4623 9.4220E-014
4626 9.3151E-014
4629 9.2152E-014
4631 9.2485E-014
4634 9.2305E-014
4637 9.1521E-014
4640 9.2077E-014
4642 9.2091E-014
4645 9.2904E-014
4648 9.2258E-014
4651 9.1295E-014
4653 9.1197E-014
4656 9.1916E-014
4659 9.1030E-014
4662 9.1382E-014
4664 9.0602E-014
4667 9.0830E-014
4670 9.1321E-014
4673 9.1085E-014
4675 9.1078E-014
4678 9.0886E-014
4681 9.0283E-014
4684 9.0489E-014
4686 9.0641E-014
4689 9.0161E-014
4692 9.0237E-014
4695 9.0714E-014
4697 8.9762E-014
4700 8.8944E-014
4703 8.8449E-014
4706 8.8285E-014
4708 8.8734E-014
4711 8.8995E-014
4714 8.8812E-014
4717 8.8691E-014
4719 8.8193E-014
4722 8.8569E-014
4725 8.8488E-014
4728 8.8057E-014
4730 8.7848E-014
4733 8.6833E-014
4736 8.6870E-014
4739 8.7331E-014
4741 8.7904E-014
4744 8.7344E-014
4747 8.6472E-014
4750 8.6545E-014
4752 8.6855E-014
4755 8.6608E-014
4758 8.5789E-014
4761 8.6254E-014
4763 8.5030E-014
4766 8.5054E-014
4769 8.4350E-014
4772 8.4161E-014
4774 8.4508E-014
4777 8.3900E-014
4780 8.4246E-014
4782 8.3691E-014
4785 8.3829E-014
4788 8.3270E-014
4791 8.3270E-014
4793 8.3213E-014
4796 8.2847E-014
4799 8.2724E-014
4802 8.1691E-014
4804 8.1556E-014
4807 8.1084E-014
4810 8.1126E-014
4813 8.0743E-014
4815 8.0314E-014
4818 8.0276E-014
4821 7.9147E-014
4824 7.8138E-014
4826 7.7258E-014
4829 7.6455E-014
4832 7.5220E-014
4835 7.3777E-014
4837 7.2333E-014
4840 7.0718E-014
4843 6.8726E-014
4846 6.5204E-014
4848 6.1583E-014
4851 5.6591E-014
4854 5.1436E-014
4857 4.5093E-014
4859 3.8333E-014
4862 3.3895E-014
4865 3.6508E-014
4868 4.3244E-014
4870 4.8913E-014
4873 5.3932E-014
4876 5.8401E-014
4879 6.1939E-014
4881 6.5884E-014
4884 6.7873E-014
4887 7.0385E-014
4890 7.1627E-014
4892 7.2103E-014
4895 7.3857E-014
4898 7.4089E-014
4901 7.4990E-014
4903 7.5648E-014
4906 7.4705E-014
4909 7.6201E-014
4911 7.6490E-014
4914 7.6102E-014
4917 7.5641E-014
4920 7.5951E-014
4922 7.5017E-014
4925 7.5003E-014
4928 7.5847E-014
4931 7.6310E-014
4933 7.6595E-014
4936 7.7003E-014
4939 7.6753E-014
4942 7.7175E-014
4944 7.7229E-014
4947 7.6958E-014
4950 7.7279E-014
4953 7.6952E-014
4955 7.6006E-014
4958 7.5785E-014
4961 7.6304E-014
4964 7.6837E-014
4966 7.6216E-014
4969 7.6438E-014
4972 7.6310E-014
4975 7.6394E-014
4977 7.6815E-014
4980 7.6165E-014
4983 7.5205E-014
4986 7.4895E-014
4988 7.4818E-014
4991 7.5533E-014
4994 7.5489E-014
4997 7.5571E-014
4999 7.5328E-014
5002 7.4953E-014
5005 7.4234E-014
5008 7.4129E-014
5010 7.3986E-014
5013 7.4433E-014
5016 7.3734E-014
5018 7.2461E-014
5021 7.2713E-014
5024 7.3520E-014
5027 7.4251E-014
5029 7.4082E-014
5032 7.3853E-014
5035 7.4038E-014
5038 7.3833E-014
5040 7.3221E-014
5043 7.3290E-014
5046 7.3268E-014
5049 7.2471E-014
5051 7.2990E-014
5054 7.2334E-014
5057 7.2307E-014
5060 7.2563E-014
5062 7.2877E-014
5065 7.2587E-014
5068 7.2972E-014
5071 7.2737E-014
5073 7.2243E-014
5076 7.2195E-014
5079 7.1947E-014
5082 7.2082E-014
5084 7.2236E-014
5087 7.2447E-014
5090 7.1942E-014
5093 7.2007E-014
5095 7.1208E-014
5098 7.1510E-014
5101 7.1628E-014
5104 7.1615E-014
5106 7.1214E-014
5109 7.1116E-014
5112 7.0574E-014
5114 6.9790E-014
5117 7.1056E-014
5120 7.1039E-014
5123 7.1320E-014
5125 7.0585E-014
5128 7.0360E-014
5131 6.9727E-014
5134 7.0642E-014
5136 6.9406E-014
5139 6.9941E-014
5142 6.9352E-014
5145 6.9905E-014
5147 6.8902E-014
5150 6.9073E-014
5153 6.8681E-014
5156 6.8853E-014
5158 6.9174E-014
5161 6.8602E-014
5164 6.8925E-014
5167 6.7351E-014
5169 6.5701E-014
5172 6.5721E-014
5175 6.6510E-014
5178 6.7521E-014
5180 6.7439E-014
5183 6.6556E-014
5186 6.6162E-014
5188 6.6770E-014
5191 6.6831E-014
5194 6.8275E-014
5197 6.6605E-014
5199 6.7347E-014
5202 6.7367E-014
5205 6.6709E-014
5208 6.6660E-014
5210 6.6866E-014
5213 6.6958E-014
5216 6.7220E-014
5219 6.6021E-014
5221 6.6815E-014
5224 6.6888E-014
5227 6.5617E-014
5230 6.5716E-014
5232 6.5740E-014
5235 6.5483E-014
5238 6.5205E-014
5241 6.6178E-014
5243 6.5646E-014
5246 6.5770E-014
5249 6.5493E-014
5252 6.5831E-014
5254 6.5478E-014
5257 6.5359E-014
5260 6.4456E-014
5263 6.4559E-014
5265 6.3945E-014
5268 6.4128E-014
5271 6.4855E-014
5273 6.3433E-014
5276 6.3351E-014
5279 6.3353E-014
5282 6.4327E-014
5284 6.4208E-014
5287 6.3706E-014
5290 6.4496E-014
5293 6.4816E-014
5295 6.4298E-014
5298 6.4676E-014
5301 6.4004E-014
5304 6.4139E-014
5306 6.3992E-014
5309 6.4217E-014
5312 6.3879E-014
5315 6.3172E-014
5317 6.2648E-014
5320 6.2603E-014
5323 6.2898E-014
5326 6.2189E-014
5328 6.2149E-014
5331 6.2197E-014
5334 6.2805E-014
5336 6.3062E-014
5339 6.2440E-014
5342 6.2177E-014
5345 6.3187E-014
5347 6.2795E-014
5350 6.2618E-014
5353 6.2477E-014
5356 6.2437E-014
5358 6.2244E-014
5361 6.1635E-014
5364 6.1720E-014
5367 6.1510E-014
5369 6.1803E-014
5372 6.1596E-014
5375 6.1127E-014
5378 6.1488E-014
5380 6.1384E-014
5383 6.1102E-014
5386 6.1296E-014
5389 6.1163E-014
5391 6.0329E-014
5394 6.0750E-014
5397 5.9814E-014
5399 6.0387E-014
5402 6.0718E-014
5405 6.0163E-014
5408 6.0424E-014
5410 6.0206E-014
5413 5.9976E-014
5416 5.9896E-014
5419 5.9928E-014
5421 5.9560E-014
5424 5.9583E-014
5427 5.9759E-014
5430 5.9917E-014
5432 5.9718E-014
5435 5.9655E-014
5438 5.9956E-014
5441 5.9343E-014
5443 5.9262E-014
5446 5.9903E-014
5449 5.9336E-014
5455 5.8180E-014
5460 5.8134E-014
5464 5.8648E-014
5469 5.8112E-014
5474 5.8414E-014
5479 5.8250E-014
5484 5.8088E-014
5489 5.7655E-014
5494 5.7934E-014
5499 5.7525E-014
5503 5.8008E-014
5508 5.7028E-014
5513 5.7080E-014
5518 5.6687E-014
5523 5.6942E-014
5528 5.7005E-014
5533 5.7008E-014
5538 5.5767E-014
5542 5.5574E-014
5547 5.6233E-014
5552 5.6469E-014
5557 5.5900E-014
5562 5.5917E-014
5567 5.5371E-014
5572 5.5711E-014
5577 5.5622E-014
5581 5.5229E-014
5586 5.4867E-014
5591 5.4457E-014
5596 5.4615E-014
5601 5.4798E-014
5606 5.4721E-014
5611 5.4237E-014
5616 5.4421E-014
5620 5.3902E-014
5625 5.4273E-014
5630 5.3732E-014
5635 5.3410E-014
5640 5.4180E-014
5645 5.3339E-014
5650 5.3245E-014
5654 5.2909E-014
5659 5.3104E-014
5664 5.2988E-014
5669 5.2474E-014
5674 5.2623E-014
5679 5.2492E-014
5684 5.2624E-014
5689 5.2127E-014
5693 5.2560E-014
5698 5.1613E-014
5703 5.1784E-014
5708 5.1239E-014
5713 5.1200E-014
5718 5.1906E-014
5723 5.1790E-014
5728 5.1763E-014
5732 5.1173E-014
5737 5.1105E-014
5742 5.0976E-014
5747 5.0688E-014
5752 5.0565E-014
5757 5.0433E-014
5762 5.0299E-014
5767 5.0771E-014
5771 5.0510E-014
5776 5.0034E-014
5781 4.9813E-014
5786 4.9852E-014
5791 4.9583E-014
5796 4.9835E-014
5801 4.9313E-014
5806 4.8950E-014
5810 4.9238E-014
5815 4.8995E-014
5820 4.9134E-014
5825 4.9012E-014
5830 4.8971E-014
5835 4.8617E-014
5840 4.8728E-014
5845 4.8615E-014
5849 4.8504E-014
5854 4.8214E-014
5859 4.8041E-014
5864 4.7944E-014
5869 4.8119E-014
5874 4.8174E-014
5879 4.7799E-014
5884 4.7874E-014
5888 4.6653E-014
5893 4.5489E-014
5898 4.5833E-014
5903 4.6482E-014
5908 4.6568E-014
5913 4.7080E-014
5918 4.6662E-014
5923 4.6488E-014
5927 4.6616E-014
5932 4.6204E-014
5937 4.6534E-014
5942 4.6716E-014
5947 4.5988E-014
5952 4.5809E-014
5957 4.5780E-014
5962 4.5748E-014
5966 4.5555E-014
5971 4.5736E-014
5976 4.5511E-014
5981 4.5356E-014
5986 4.5068E-014
5991 4.5084E-014
5996 4.4887E-014
6001 4.5079E-014
6005 4.4235E-014
6010 4.4417E-014
6015 4.4768E-014
6020 4.4494E-014
6025 4.4136E-014
6030 4.4255E-014
6035 4.4256E-014
6040 4.4419E-014
6045 4.3924E-014
6049 4.4056E-014
6054 4.3713E-014
6059 4.4204E-014
6064 4.3239E-014
6069 4.3611E-014
6074 4.3847E-014
6079 4.3459E-014
6084 4.3191E-014
6088 4.2960E-014
6093 4.3328E-014
6098 4.2751E-014
6103 4.2702E-014
6108 4.2968E-014
6113 4.2777E-014
6118 4.2274E-014
6123 4.2318E-014
6127 4.2273E-014
6132 4.2333E-014
6137 4.2736E-014
6142 4.2249E-014
6147 4.1945E-014
6152 4.1657E-014
6157 4.1415E-014
6162 4.0749E-014
6166 4.1203E-014
6171 4.1780E-014
6176 4.1500E-014
6181 4.0952E-014
6186 4.1205E-014
6191 4.1304E-014
6196 4.1319E-014
6201 4.1348E-014
6205 4.1113E-014
6210 4.0909E-014
6215 4.0732E-014
6220 4.0528E-014
6225 4.0445E-014
6230 4.0814E-014
6235 4.0355E-014
6240 4.0159E-014
6244 3.9706E-014
6249 4.0041E-014
6254 3.9621E-014
6259 3.9824E-014
6264 3.9546E-014
6269 3.9474E-014
6274 3.9753E-014
6279 3.9359E-014
6284 3.9456E-014
6288 3.9387E-014
6293 3.9615E-014
6298 3.9397E-014
6303 3.9398E-014
6308 3.8919E-014
6313 3.9003E-014
6318 3.8519E-014
6323 3.7932E-014
6327 3.7765E-014
6332 3.7803E-014
6337 3.8019E-014
6342 3.7759E-014
6347 3.7752E-014
6352 3.8102E-014
6357 3.8469E-014
6362 3.8391E-014
6366 3.7741E-014
6371 3.7322E-014
6376 3.7356E-014
6381 3.7595E-014
6386 3.7301E-014
6391 3.7569E-014
6396 3.7088E-014
6401 3.7020E-014
6406 3.7063E-014
6410 3.6545E-014
6415 3.7017E-014
6420 3.6936E-014
6425 3.6805E-014
6430 3.6733E-014
6435 3.6865E-014
6440 3.6390E-014
6445 3.6040E-014
6449 3.5963E-014
6454 3.6042E-014
6459 3.5697E-014
6464 3.5618E-014
6469 3.5943E-014
6474 3.5967E-014
6479 3.5257E-014
6484 3.5266E-014
6488 3.5577E-014
6493 3.5180E-014
6498 3.5535E-014
6503 3.5203E-014
6508 3.4918E-014
6513 3.4504E-014
6518 3.4424E-014
6523 3.4064E-014
6528 3.3370E-014
6532 3.3244E-014
6537 3.2461E-014
6542 3.1504E-014
6547 2.9833E-014
6552 2.8167E-014
6557 2.5449E-014
6562 2.3123E-014
6567 2.2757E-014
6571 2.4188E-014
6576 2.8289E-014
6581 2.9062E-014
6586 3.0084E-014
6591 3.1312E-014
6596 3.1487E-014
6601 3.2395E-014
6606 3.2558E-014
6610 3.2921E-014
6615 3.2876E-014
6620 3.3022E-014
6625 3.3243E-014
6630 3.3294E-014
6635 3.3100E-014
6640 3.3183E-014
6645 3.2971E-014
6650 3.3146E-014
6654 3.3068E-014
6659 3.3212E-014
6664 3.3224E-014
6669 3.2926E-014
6674 3.2898E-014
6679 3.2815E-014
6684 3.2793E-014
6689 3.2831E-014
6693 3.2848E-014
6698 3.2916E-014
6703 3.2521E-014
6708 3.2614E-014
6713 3.2448E-014
6718 3.2749E-014
6723 3.2274E-014
6728 3.2043E-014
6733 3.1928E-014
6737 3.1856E-014
6742 3.2167E-014
6747 3.1796E-014
6752 3.1677E-014
6757 3.1754E-014
6762 3.1673E-014
6767 3.1475E-014
6772 3.1592E-014
6776 3.1727E-014
6781 3.1617E-014
6786 3.1716E-014
6791 3.1275E-014
6796 3.1283E-014
6801 3.1287E-014
6806 3.1703E-014
6811 3.1589E-014
6816 3.1513E-014
6820 3.0753E-014
6825 3.1128E-014
6830 3.1097E-014
6835 3.1026E-014
6840 3.0829E-014
6845 3.0366E-014
6850 3.0777E-014
6855 3.0341E-014
6859 3.0360E-014
6864 3.0303E-014
6869 3.0435E-014
6874 3.0027E-014
6879 3.0067E-014
6884 3.0224E-014
6889 3.0271E-014
6894 3.0089E-014
6899 3.0142E-014
6903 2.9998E-014
6908 2.9984E-014
6913 3.0056E-014
6918 2.9838E-014
6923 2.9653E-014
6928 2.9573E-014
6933 2.9639E-014
6938 2.9657E-014
6942 2.9487E-014
6947 2.9182E-014
6952 2.9079E-014
6957 2.9275E-014
6962 2.8877E-014
6967 2.9178E-014
6972 2.9083E-014
6977 2.8836E-014
6982 2.8959E-014
6986 2.8827E-014
6991 2.8828E-014
6996 2.8717E-014
7001 2.8359E-014
7006 2.7992E-014
7011 2.8177E-014
7016 2.8396E-014
7021 2.8340E-014
7025 2.8247E-014
7030 2.8139E-014
7035 2.8423E-014
7040 2.8444E-014
7045 2.8414E-014
7050 2.7889E-014
7055 2.8150E-014
7060 2.8103E-014
7065 2.8010E-014
7069 2.7885E-014
7074 2.7644E-014
7079 2.7613E-014
7084 2.7996E-014
7089 2.7391E-014
7094 2.7434E-014
7099 2.7173E-014
7104 2.7008E-014
7108 2.7570E-014
7113 2.7184E-014
7118 2.7095E-014
7123 2.7055E-014
7128 2.7449E-014
7133 2.7239E-014
7138 2.7065E-014
7143 2.7107E-014
7148 2.6804E-014
7152 2.6959E-014
7157 2.7089E-014
7162 2.6807E-014
7167 2.6684E-014
7172 2.6834E-014
7177 2.6593E-014
7182 2.6529E-014
7187 2.6643E-014
7192 2.6641E-014
7196 2.6207E-014
7201 2.6281E-014
7206 2.6232E-014
7211 2.6627E-014
7216 2.6459E-014
7221 2.6032E-014
7226 2.6340E-014
7231 2.5987E-014
7235 2.6082E-014
7240 2.6099E-014
7245 2.5953E-014
7250 2.5959E-014
7255 2.5942E-014
7260 2.6012E-014
7265 2.5859E-014
7270 2.5705E-014
7275 2.5735E-014
7279 2.5467E-014
7284 2.5723E-014
7289 2.5569E-014
7294 2.5358E-014
7299 2.5298E-014
7304 2.5377E-014
7309 2.5166E-014
7314 2.5169E-014
7318 2.5014E-014
7323 2.5217E-014
7328 2.5084E-014
7333 2.4944E-014
7338 2.4987E-014
7343 2.4919E-014
7348 2.4941E-014
7353 2.5161E-014
7358 2.4693E-014
7362 2.4698E-014
7367 2.4673E-014
7372 2.4688E-014
7377 2.4433E-014
7382 2.4685E-014
7387 2.4455E-014
7392 2.4444E-014
7397 2.4680E-014
7402 2.4245E-014
7406 2.4141E-014
7411 2.4167E-014
7416 2.3931E-014
7421 2.4242E-014
7426 2.3807E-014
7431 2.4175E-014
7436 2.4124E-014
7441 2.3883E-014
7445 2.3885E-014
7450 2.3921E-014
7455 2.3683E-014
7460 2.3556E-014
7465 2.3457E-014
7470 2.3322E-014
7475 2.3520E-014
7480 2.3695E-014
7485 2.3566E-014
7489 2.3369E-014
7494 2.3172E-014
7499 2.3165E-014
7504 2.3326E-014
7509 2.3193E-014
7514 2.3090E-014
7519 2.3126E-014
7524 2.3096E-014
7529 2.3068E-014
7533 2.2893E-014
7538 2.3057E-014
7543 2.2889E-014
7548 2.2958E-014
7553 2.2768E-014
7558 2.2925E-014
7563 2.2762E-014
7568 2.2741E-014
7572 2.2125E-014
7577 2.2638E-014
7582 2.2826E-014
7587 2.2485E-014
7592 2.2509E-014
7597 2.2569E-014
7602 2.2823E-014
7607 2.2182E-014
7612 2.2456E-014
7616 2.1958E-014
7621 2.2032E-014
7626 2.1831E-014
7631 2.2243E-014
7636 2.2303E-014
7641 2.2119E-014
7646 2.2193E-014
7651 2.2152E-014
7656 2.1893E-014
7660 2.1902E-014
7665 2.1887E-014
7670 2.1829E-014
7675 2.1713E-014
7680 2.1814E-014
7685 2.1667E-014
7690 2.1476E-014
7695 2.1414E-014
7699 2.1338E-014
7704 2.1702E-014
7709 2.1414E-014
7714 2.1402E-014
7719 2.1556E-014
7724 2.1379E-014
7729 2.1150E-014
7734 2.1405E-014
7739 2.1139E-014
7743 2.1311E-014
7748 2.1150E-014
7753 2.1540E-014
7758 2.1463E-014
7763 2.1361E-014
7768 2.0734E-014
7773 2.0754E-014
7778 1.9835E-014
7783 2.0457E-014
7787 2.0745E-014
7792 2.0560E-014
7797 2.0524E-014
7802 2.1011E-014
7807 2.0762E-014
7812 2.0574E-014
7817 2.0879E-014
7822 2.0876E-014
7826 2.0437E-014
7831 2.0822E-014
7836 2.0420E-014
7841 2.0504E-014
7846 2.0592E-014
7851 2.0195E-014
7856 2.0411E-014
7861 2.0543E-014
7866 2.0428E-014
7870 2.0260E-014
7875 2.0004E-014
7880 2.0120E-014
7885 1.9972E-014
7890 1.9785E-014
7895 1.9794E-014
7900 1.9827E-014
7905 2.0135E-014
7910 2.0104E-014
7914 2.0042E-014
7919 1.9686E-014
7924 1.9933E-014
7929 2.0031E-014
7934 2.0021E-014
7939 1.9874E-014
7944 1.9963E-014
7949 1.9562E-014
7953 1.9842E-014
7958 1.9686E-014
7963 1.9578E-014
7968 1.9639E-014
7973 1.9854E-014
7978 1.9648E-014
7983 1.9509E-014
7988 1.9328E-014
7993 1.9426E-014
7997 1.9116E-014
8002 1.9328E-014
8007 1.9345E-014
8012 1.9194E-014
8017 1.9274E-014
8022 1.9089E-014
8027 1.9047E-014
8032 1.9322E-014
8037 1.9139E-014
8041 1.8992E-014
8046 1.8851E-014
8051 1.9032E-014
8056 1.8998E-014
8061 1.8865E-014
8066 1.8836E-014
8071 1.9117E-014
8076 1.8760E-014
8080 1.8623E-014
8085 1.8595E-014
8090 1.8528E-014
8095 1.8605E-014
8100 1.8651E-014
8105 1.8391E-014
8110 1.8201E-014
8115 1.8206E-014
8120 1.8395E-014
8124 1.8709E-014
8129 1.8584E-014
8134 1.8264E-014
8139 1.8062E-014
8144 1.7995E-014
8149 1.8016E-014
8154 1.8436E-014
8159 1.8313E-014
8164 1.8173E-014
8168 1.8034E-014
8173 1.7952E-014
8178 1.7680E-014
8183 1.7768E-014
8188 1.7311E-014
8193 1.7702E-014
8198 1.7789E-014
8203 1.7754E-014
8207 1.7358E-014
8212 1.7687E-014
8217 1.7677E-014
8222 1.7578E-014
8227 1.7783E-014
8232 1.7955E-014
8237 1.7487E-014
8242 1.7696E-014
8247 1.7711E-014
8251 1.7420E-014
8256 1.7519E-014
8261 1.7366E-014
8266 1.7237E-014
8271 1.6956E-014
8276 1.7359E-014
8281 1.7215E-014
8286 1.7221E-014
8291 1.7200E-014
8295 1.7256E-014
8300 1.7408E-014
8305 1.7201E-014
8310 1.7283E-014
8315 1.7041E-014
8320 1.6910E-014
8325 1.7287E-014
8330 1.7162E-014
8334 1.6668E-014
8339 1.6701E-014
8344 1.7073E-014
8349 1.6930E-014
8354 1.7069E-014
8359 1.6872E-014
8364 1.6766E-014
8369 1.6747E-014
8374 1.6260E-014
8378 1.6843E-014
8383 1.6534E-014
8388 1.6969E-014
8393 1.6851E-014
8398 1.6709E-014
8403 1.6836E-014
8408 1.6375E-014
8413 1.6642E-014
8418 1.6579E-014
8422 1.6507E-014
8427 1.6688E-014
8432 1.6151E-014
8437 1.6299E-014
8442 1.6255E-014
8447 1.6049E-014
8452 1.5817E-014
8457 1.6351E-014
8461 1.6118E-014
8466 1.6301E-014
8471 1.6110E-014
8476 1.6071E-014
8481 1.6162E-014
8486 1.6245E-014
8491 1.6355E-014
8496 1.5861E-014
8501 1.5692E-014
8505 1.5345E-014
8510 1.5502E-014
8515 1.6102E-014
8520 1.6235E-014
8525 1.6216E-014
8530 1.6107E-014
8535 1.5886E-014
8540 1.5660E-014
8544 1.5074E-014
8549 1.4773E-014
8554 1.5405E-014
8559 1.5703E-014
8564 1.5770E-014
8569 1.6159E-014
8574 1.6076E-014
8579 1.6201E-014
8584 1.5829E-014
8588 1.5268E-014
8593 1.5151E-014
8598 1.4773E-014
8603 1.4816E-014
8608 1.4933E-014
8613 1.5360E-014
8618 1.5626E-014
8623 1.6246E-014
8628 1.5966E-014
8632 1.5900E-014
8637 1.6008E-014
8642 1.5624E-014
8647 1.5525E-014
8652 1.5463E-014
8657 1.4763E-014
8662 1.4258E-014
8667 1.3886E-014
8671 1.3867E-014
8676 1.4498E-014
8681 1.4488E-014
8686 1.5335E-014
8691 1.5962E-014
8696 1.6058E-014
8701 1.6259E-014
8706 1.6247E-014
8711 1.6502E-014
8715 1.6116E-014
8720 1.6171E-014
8725 1.5977E-014
8730 1.5472E-014
8735 1.5169E-014
8740 1.4745E-014
8745 1.3954E-014
8750 1.3341E-014
8754 1.2925E-014
8759 1.3355E-014
8764 1.4280E-014
8769 1.4729E-014
8774 1.5331E-014
8779 1.5653E-014
8784 1.6124E-014
8789 1.5829E-014
8794 1.6106E-014
8798 1.6440E-014
8803 1.6746E-014
8808 1.6408E-014
8813 1.6357E-014
8818 1.6114E-014
8823 1.5856E-014
8828 1.5883E-014
8833 1.5674E-014
8837 1.5443E-014
8842 1.5087E-014
8847 1.4684E-014
8852 1.3795E-014
8857 1.3128E-014
8862 1.2361E-014
8867 1.2131E-014
8872 1.2817E-014
8877 1.3373E-014
8881 1.3916E-014
8886 1.4562E-014
8891 1.4795E-014
8896 1.5285E-014
8901 1.5363E-014
8906 1.5328E-014
8911 1.5731E-014
8916 1.5500E-014
8920 1.5883E-014
8925 1.5781E-014
8930 1.5963E-014
8935 1.6271E-014
8940 1.6163E-014
8945 1.5828E-014
8950 1.5891E-014
8955 1.5870E-014
8960 1.5825E-014
8964 1.5698E-014
8969 1.5594E-014
8974 1.5489E-014
8979 1.5079E-014
8984 1.5213E-014
8989 1.4947E-014
8994 1.3986E-014
8999 1.3655E-014
9003 1.2928E-014
9008 1.2423E-014
9013 1.1851E-014
9018 1.1233E-014
9023 1.1975E-014
9028 1.2401E-014
9033 1.2909E-014
9038 1.3712E-014
9043 1.4103E-014
9047 1.4291E-014
9052 1.4625E-014
9057 1.4481E-014
9062 1.4511E-014
9067 1.4702E-014
9072 1.4994E-014
9077 1.5269E-014
9082 1.5458E-014
9086 1.4914E-014
9091 1.5067E-014
9096 1.4771E-014
9101 1.4784E-014
9106 1.5085E-014
9111 1.4907E-014
9116 1.5238E-014
9121 1.5435E-014
9126 1.5197E-014
9130 1.5240E-014
9135 1.5571E-014
9140 1.5396E-014
9145 1.5391E-014
9150 1.5329E-014
9155 1.5377E-014
9160 1.5347E-014
9165 1.5153E-014
9169 1.5555E-014
9174 1.4435E-014
9179 1.4346E-014
9184 1.4168E-014
9189 1.4261E-014
9194 1.4162E-014
9199 1.3758E-014
9204 1.3707E-014
9208 1.3166E-014
9213 1.2640E-014
9218 1.1849E-014
9223 1.1565E-014
9228 1.0893E-014
9233 1.0596E-014
9238 1.1020E-014
9243 1.1488E-014
9248 1.1990E-014
9252 1.2768E-014
9257 1.3109E-014
9262 1.3599E-014
9267 1.3515E-014
9272 1.3604E-014
9277 1.3863E-014
9282 1.3965E-014
9287 1.3880E-014
9291 1.4177E-014
9296 1.4372E-014
9301 1.4483E-014
9306 1.4514E-014
9311 1.4645E-014
9316 1.4272E-014
9321 1.4077E-014
9326 1.4306E-014
9330 1.4311E-014
9335 1.4472E-014
9340 1.4197E-014
9345 1.4128E-014
9350 1.4214E-014
9355 1.4334E-014
9360 1.4215E-014
9365 1.4246E-014
9370 1.4187E-014
9374 1.4256E-014
9379 1.4143E-014
9384 1.4084E-014
9389 1.4146E-014
9394 1.4133E-014
9399 1.3710E-014
9404 1.4021E-014
9409 1.3606E-014
9413 1.3870E-014
9418 1.3419E-014
9423 1.3628E-014
9428 1.3631E-014
9433 1.4003E-014
9438 1.3857E-014
9443 1.3820E-014
9448 1.3295E-014
9452 1.3525E-014
9457 1.3624E-014
9462 1.3670E-014
9467 1.3727E-014
9472 1.3712E-014
9477 1.3840E-014
9482 1.3223E-014
9487 1.3163E-014
9491 1.3336E-014
9496 1.2921E-014
9501 1.3143E-014
9506 1.2959E-014
9511 1.2673E-014
9516 1.2602E-014
9521 1.1931E-014
9526 1.1678E-014
9531 1.1194E-014
9535 1.0708E-014
9540 1.0392E-014
9545 1.0009E-014
9550 9.5332E-015
9555 9.7774E-015
9560 1.0383E-014
9565 1.1065E-014
9570 1.1312E-014
9574 1.1709E-014
9579 1.1621E-014
9584 1.1886E-014
9589 1.2225E-014
9594 1.2160E-014
9599 1.2603E-014
9604 1.2344E-014
9609 1.2568E-014
9613 1.2408E-014
9618 1.2710E-014
9623 1.2854E-014
9628 1.3060E-014
9633 1.2466E-014
9638 1.3070E-014
9643 1.2825E-014
9648 1.2290E-014
9652 1.2542E-014
9657 1.2224E-014
9662 1.2559E-014
9667 1.2601E-014
9672 1.2632E-014
9677 1.2798E-014
9682 1.2697E-014
9687 1.2749E-014
9691 1.2731E-014
9696 1.2883E-014
9701 1.2856E-014
9706 1.2945E-014
9711 1.2792E-014
9716 1.2459E-014
9721 1.2284E-014
9726 1.2553E-014
9730 1.2620E-014
9735 1.2342E-014
9740 1.2359E-014
9745 1.2412E-014
9750 1.2234E-014
9755 1.2347E-014
9760 1.2188E-014
9765 1.2316E-014
9769 1.2831E-014
9774 1.1957E-014
9779 1.1988E-014
9784 1.2776E-014
9789 1.2523E-014
9794 1.2433E-014
9799 1.2259E-014
9804 1.2497E-014
9808 1.2194E-014
9813 1.2269E-014
9818 1.2091E-014
9823 1.1647E-014
9828 1.1749E-014
9833 1.1796E-014
9838 1.1633E-014
9843 1.2182E-014
9847 1.2427E-014
9852 1.2160E-014
9857 1.2087E-014
9862 1.2257E-014
9867 1.2270E-014
9872 1.2174E-014
9877 1.2092E-014
9882 1.2107E-014
9886 1.2236E-014
9891 1.1472E-014
9896 1.1681E-014
9901 1.1946E-014
9906 1.1419E-014
9911 1.1244E-014
9916 1.1604E-014
9921 1.0978E-014
9925 1.1611E-014
9930 1.1302E-014
9935 1.1463E-014
9940 1.1588E-014
9945 1.1961E-014
9950 1.1566E-014
9955 1.1844E-014
9960 1.1289E-014
9964 1.1506E-014
9969 1.1420E-014
9974 1.1017E-014
9979 1.1593E-014
9984 1.1122E-014
9989 1.1114E-014
9994 1.1062E-014
9999 1.1233E-014
1E+004 1.1171E-014
1.001E+004 1.1101E-014
1.001E+004 1.0821E-014
1.002E+004 1.0777E-014
1.002E+004 1.0241E-014
1.003E+004 1.0616E-014
1.003E+004 9.6428E-015
1.004E+004 9.7644E-015
1.004E+004 8.8665E-015
1.005E+004 8.7048E-015
1.005E+004 8.8194E-015
1.006E+004 8.6560E-015
1.006E+004 8.9852E-015
1.007E+004 9.2302E-015
1.007E+004 9.6440E-015
1.008E+004 1.0360E-014
1.008E+004 1.0372E-014
1.009E+004 1.0235E-014
1.009E+004 9.6849E-015
1.01E+004 1.0694E-014
1.01E+004 1.0400E-014
1.011E+004 1.0708E-014
1.011E+004 1.1051E-014
1.012E+004 1.0935E-014
1.012E+004 1.0683E-014
1.013E+004 1.0346E-014
1.013E+004 1.1115E-014
1.014E+004 1.1051E-014
1.014E+004 1.0630E-014
1.014E+004 1.0883E-014
1.015E+004 1.1021E-014
1.015E+004 1.0942E-014
1.016E+004 1.0174E-014
1.016E+004 1.0951E-014
1.017E+004 1.0223E-014
1.017E+004 1.1131E-014
1.018E+004 1.0749E-014
1.018E+004 1.0433E-014
1.019E+004 9.9006E-015
1.019E+004 9.9305E-015
1.02E+004 1.0976E-014
1.02E+004 1.0688E-014
1.023E+004 1.0720E-014
1.026E+004 1.0694E-014
1.029E+004 1.0540E-014
1.032E+004 1.0439E-014
1.035E+004 1.0333E-014
1.037E+004 1.0314E-014
1.04E+004 1.0272E-014
1.043E+004 1.0064E-014
1.046E+004 9.8962E-015
1.049E+004 9.8624E-015
1.051E+004 9.7670E-015
1.054E+004 9.6549E-015
1.057E+004 9.5084E-015
1.06E+004 9.4646E-015
1.063E+004 9.3361E-015
1.066E+004 9.1697E-015
1.068E+004 9.1161E-015
1.071E+004 9.0136E-015
1.074E+004 8.9945E-015
1.077E+004 8.9405E-015
1.08E+004 8.7636E-015
1.082E+004 8.6511E-015
1.085E+004 8.4768E-015
1.088E+004 8.2460E-015
1.091E+004 7.9478E-015
1.094E+004 7.5850E-015
1.096E+004 7.5622E-015
1.099E+004 7.6652E-015
1.102E+004 7.8053E-015
1.105E+004 7.8919E-015
1.108E+004 7.8408E-015
1.111E+004 7.8395E-015
1.113E+004 7.8771E-015
1.116E+004 7.8692E-015
1.119E+004 7.8347E-015
1.122E+004 7.7277E-015
1.125E+004 7.6481E-015
1.127E+004 7.6137E-015
1.13E+004 7.5138E-015
1.133E+004 7.4703E-015
1.136E+004 7.4884E-015
1.139E+004 7.4295E-015
1.141E+004 7.3582E-015
1.144E+004 7.3267E-015
1.147E+004 7.3062E-015
1.15E+004 7.2365E-015
1.153E+004 7.1410E-015
1.156E+004 7.1075E-015
1.158E+004 7.0353E-015
1.161E+004 6.9533E-015
1.164E+004 6.9123E-015
1.167E+004 6.8395E-015
1.17E+004 6.7340E-015
1.17E+004 6.8280E-015
1.174E+004 6.7544E-015
1.178E+004 6.6279E-015
1.182E+004 6.5430E-015
1.186E+004 6.4694E-015
1.19E+004 6.4102E-015
1.194E+004 6.3509E-015
1.198E+004 6.2679E-015
1.202E+004 6.1951E-015
1.206E+004 6.1591E-015
1.21E+004 6.0738E-015
1.214E+004 5.9753E-015
1.218E+004 5.9044E-015
1.222E+004 5.8498E-015
1.226E+004 5.7769E-015
1.23E+004 5.7532E-015
1.234E+004 5.7018E-015
1.238E+004 5.6256E-015
1.242E+004 5.5465E-015
1.246E+004 5.4083E-015
1.25E+004 5.3320E-015
1.254E+004 5.2897E-015
1.258E+004 5.2406E-015
1.262E+004 5.2185E-015
1.266E+004 5.1351E-015
1.27E+004 5.0047E-015
1.274E+004 4.8582E-015
1.278E+004 4.7069E-015
1.282E+004 4.5836E-015
1.286E+004 4.5682E-015
1.29E+004 4.5993E-015
1.294E+004 4.6312E-015
1.298E+004 4.6788E-015
1.302E+004 4.6712E-015
1.306E+004 4.6529E-015
1.31E+004 4.6072E-015
1.314E+004 4.5096E-015
1.318E+004 4.4487E-015
1.322E+004 4.4285E-015
1.326E+004 4.3876E-015
1.33E+004 4.3432E-015
1.334E+004 4.2826E-015
1.338E+004 4.2182E-015
1.342E+004 4.2049E-015
1.346E+004 4.1775E-015
1.35E+004 4.1143E-015
1.354E+004 4.0498E-015
1.358E+004 4.0022E-015
1.362E+004 3.9772E-015
1.366E+004 3.9465E-015
1.37E+004 3.9145E-015
1.374E+004 3.8858E-015
1.378E+004 3.8266E-015
1.382E+004 3.7602E-015
1.386E+004 3.7136E-015
1.39E+004 3.6626E-015
1.394E+004 3.6275E-015
1.398E+004 3.6152E-015
1.402E+004 3.6072E-015
1.406E+004 3.5807E-015
1.41E+004 3.5507E-015
1.414E+004 3.5230E-015
1.418E+004 3.4753E-015
1.422E+004 3.4319E-015
1.426E+004 3.4000E-015
1.43E+004 3.3758E-015
1.434E+004 3.3408E-015
1.438E+004 3.2956E-015
1.442E+004 3.2546E-015
1.446E+004 3.2069E-015
1.45E+004 3.1827E-015
1.454E+004 3.1758E-015
1.458E+004 3.1361E-015
1.462E+004 3.0701E-015
1.466E+004 3.0494E-015
1.47E+004 3.0527E-015
1.474E+004 3.0148E-015
1.478E+004 2.9800E-015
1.482E+004 2.9441E-015
1.486E+004 2.9354E-015
1.49E+004 2.9230E-015
1.494E+004 2.8946E-015
1.498E+004 2.8636E-015
1.502E+004 2.8526E-015
1.506E+004 2.8261E-015
1.51E+004 2.7827E-015
1.514E+004 2.7544E-015
1.518E+004 2.7270E-015
1.522E+004 2.7079E-015
1.526E+004 2.6942E-015
1.53E+004 2.6594E-015
1.534E+004 2.6344E-015
1.538E+004 2.6163E-015
1.542E+004 2.6042E-015
1.546E+004 2.5876E-015
1.55E+004 2.5495E-015
1.554E+004 2.5272E-015
1.558E+004 2.5181E-015
1.562E+004 2.4972E-015
1.566E+004 2.4671E-015
1.57E+004 2.4413E-015
1.574E+004 2.4187E-015
1.578E+004 2.3958E-015
1.582E+004 2.3713E-015
1.586E+004 2.3432E-015
1.59E+004 2.3179E-015
1.594E+004 2.3066E-015
1.598E+004 2.2926E-015
1.602E+004 2.2789E-015
1.606E+004 2.2512E-015
1.61E+004 2.2080E-015
1.614E+004 2.1828E-015
1.618E+004 2.1901E-015
1.622E+004 2.1987E-015
1.626E+004 2.1862E-015
1.63E+004 2.1669E-015
1.634E+004 2.1334E-015
1.638E+004 2.0827E-015
1.642E+004 2.0418E-015
1.646E+004 2.0436E-015
1.65E+004 2.0635E-015
1.654E+004 2.0709E-015
1.658E+004 2.0711E-015
1.662E+004 2.0547E-015
1.666E+004 2.0271E-015
1.67E+004 1.9966E-015
1.674E+004 1.9541E-015
1.678E+004 1.8907E-015
1.682E+004 1.8486E-015
1.686E+004 1.8507E-015
1.69E+004 1.8759E-015
1.694E+004 1.8941E-015
1.698E+004 1.9075E-015
1.702E+004 1.9018E-015
1.706E+004 1.8777E-015
1.71E+004 1.8547E-015
1.714E+004 1.8324E-015
1.718E+004 1.8208E-015
1.722E+004 1.8050E-015
1.726E+004 1.7629E-015
1.73E+004 1.7003E-015
1.734E+004 1.6444E-015
1.738E+004 1.6201E-015
1.742E+004 1.6332E-015
1.746E+004 1.6563E-015
1.75E+004 1.6673E-015
1.754E+004 1.6684E-015
1.758E+004 1.6680E-015
1.762E+004 1.6645E-015
1.766E+004 1.6567E-015
1.77E+004 1.6500E-015
1.774E+004 1.6380E-015
1.778E+004 1.6189E-015
1.782E+004 1.6032E-015
1.786E+004 1.5958E-015
1.79E+004 1.5819E-015
1.794E+004 1.5590E-015
1.798E+004 1.5362E-015
1.802E+004 1.5185E-015
1.806E+004 1.4959E-015
1.81E+004 1.4609E-015
1.814E+004 1.4163E-015
1.818E+004 1.3780E-015
1.822E+004 1.3763E-015
1.826E+004 1.3961E-015
1.83E+004 1.4156E-015
1.834E+004 1.4238E-015
1.838E+004 1.4223E-015
1.842E+004 1.4149E-015
1.846E+004 1.4031E-015
1.85E+004 1.3885E-015
1.854E+004 1.3704E-015
1.858E+004 1.3563E-015
1.862E+004 1.3334E-015
1.866E+004 1.3044E-015
1.87E+004 1.2579E-015
1.874E+004 1.2183E-015
1.878E+004 1.2083E-015
1.882E+004 1.2239E-015
1.886E+004 1.2430E-015
1.89E+004 1.2558E-015
1.89E+004 1.2666E-015
1.896E+004 1.2612E-015
1.902E+004 1.2513E-015
1.908E+004 1.2430E-015
1.913E+004 1.2256E-015
1.919E+004 1.2086E-015
1.925E+004 1.1882E-015
1.931E+004 1.1636E-015
1.936E+004 1.1351E-015
1.942E+004 1.1063E-015
1.948E+004 1.0969E-015
1.953E+004 1.1025E-015
1.959E+004 1.1118E-015
1.965E+004 1.1097E-015
1.971E+004 1.0973E-015
1.976E+004 1.0901E-015
1.982E+004 1.0852E-015
1.988E+004 1.0770E-015
1.994E+004 1.0646E-015
1.999E+004 1.0515E-015
2.005E+004 1.0365E-015
2.011E+004 1.0249E-015
2.017E+004 1.0158E-015
2.022E+004 1.0051E-015
2.028E+004 9.9882E-016
2.034E+004 9.9095E-016
2.04E+004 9.7764E-016
2.045E+004 9.6429E-016
2.051E+004 9.5245E-016
2.057E+004 9.4441E-016
2.063E+004 9.3314E-016
2.068E+004 9.2012E-016
2.074E+004 9.0826E-016
2.08E+004 8.9703E-016
2.085E+004 8.8834E-016
2.091E+004 8.8358E-016
2.097E+004 8.7782E-016
2.103E+004 8.6536E-016
2.108E+004 8.5543E-016
2.114E+004 8.4371E-016
2.12E+004 8.3291E-016
2.126E+004 8.3386E-016
2.131E+004 8.2479E-016
2.137E+004 8.1480E-016
2.143E+004 8.0248E-016
2.149E+004 7.8498E-016
2.154E+004 7.6784E-016
2.16E+004 7.4948E-016
2.166E+004 7.3377E-016
2.172E+004 7.3416E-016
2.177E+004 7.4216E-016
2.183E+004 7.4492E-016
2.189E+004 7.4205E-016
2.194E+004 7.3722E-016
2.2E+004 7.3188E-016
2.206E+004 7.2434E-016
2.212E+004 7.1851E-016
2.217E+004 7.1465E-016
2.223E+004 7.0863E-016
2.229E+004 7.0307E-016
2.235E+004 6.9422E-016
2.24E+004 6.8415E-016
2.246E+004 6.7844E-016
2.252E+004 6.7187E-016
2.258E+004 6.7070E-016
2.263E+004 6.6292E-016
2.269E+004 6.5301E-016
2.275E+004 6.4540E-016
2.281E+004 6.4248E-016
2.286E+004 6.3523E-016
2.292E+004 6.2819E-016
2.298E+004 6.2166E-016
2.303E+004 6.1730E-016
2.309E+004 6.1220E-016
2.315E+004 6.0349E-016
2.321E+004 5.9808E-016
2.326E+004 5.9112E-016
2.332E+004 5.8620E-016
2.338E+004 5.8160E-016
2.344E+004 5.7638E-016
2.349E+004 5.6963E-016
2.355E+004 5.6402E-016
2.361E+004 5.6084E-016
2.367E+004 5.5703E-016
2.372E+004 5.5360E-016
2.378E+004 5.4673E-016
2.384E+004 5.4227E-016
2.39E+004 5.3841E-016
2.395E+004 5.3354E-016
2.401E+004 5.2884E-016
2.407E+004 5.2447E-016
2.413E+004 5.1962E-016
2.418E+004 5.1471E-016
2.424E+004 5.1198E-016
2.43E+004 5.1036E-016
2.435E+004 5.0549E-016
2.441E+004 4.9791E-016
2.447E+004 4.9337E-016
2.453E+004 4.8878E-016
2.458E+004 4.8426E-016
2.464E+004 4.8334E-016
2.47E+004 4.8342E-016
2.476E+004 4.7402E-016
2.485E+004 4.6349E-016
2.495E+004 4.5307E-016
2.505E+004 4.5001E-016
2.515E+004 4.4337E-016
2.525E+004 4.3065E-016
2.535E+004 4.2969E-016
2.545E+004 4.2524E-016
2.555E+004 4.1663E-016
2.565E+004 4.0147E-016
2.575E+004 4.0529E-016
2.585E+004 4.0131E-016
2.595E+004 3.9510E-016
2.605E+004 3.8323E-016
2.615E+004 3.6459E-016
2.625E+004 3.4154E-016
2.635E+004 3.6469E-016
2.645E+004 3.6749E-016
2.655E+004 3.6312E-016
2.665E+004 3.5403E-016
2.675E+004 3.3092E-016
2.685E+004 3.4413E-016
2.695E+004 3.4415E-016
2.705E+004 3.4026E-016
2.715E+004 3.3585E-016
2.725E+004 3.3114E-016
2.735E+004 3.2599E-016
2.745E+004 3.1860E-016
2.755E+004 2.9525E-016
2.765E+004 3.0132E-016
2.775E+004 3.0727E-016
2.785E+004 3.0479E-016
2.795E+004 3.0139E-016
2.805E+004 2.9743E-016
2.815E+004 2.9341E-016
2.825E+004 2.8947E-016
2.835E+004 2.8552E-016
2.845E+004 2.8102E-016
2.855E+004 2.7593E-016
2.865E+004 2.6505E-016
2.875E+004 2.4776E-016
2.885E+004 2.6260E-016
2.895E+004 2.6239E-016
2.905E+004 2.5996E-016
2.915E+004 2.5671E-016
2.925E+004 2.5348E-016
2.935E+004 2.5022E-016
2.945E+004 2.4699E-016
2.955E+004 2.4381E-016
2.965E+004 2.4069E-016
2.975E+004 2.3761E-016
2.985E+004 2.3458E-016
2.995E+004 2.3159E-016
3.005E+004 2.2848E-016
3.015E+004 2.2488E-016
3.025E+004 2.2010E-016
3.035E+004 2.0433E-016
3.045E+004 2.0612E-016
3.055E+004 2.1252E-016
3.065E+004 2.1133E-016
3.075E+004 2.0930E-016
3.085E+004 2.0672E-016
3.095E+004 2.0423E-016
3.105E+004 2.0172E-016
3.115E+004 1.9921E-016
3.125E+004 1.9680E-016
3.135E+004 1.9443E-016
3.145E+004 1.9204E-016
3.155E+004 1.8977E-016
3.165E+004 1.8750E-016
3.175E+004 1.8521E-016
3.185E+004 1.8303E-016
3.195E+004 1.8084E-016
3.21E+004 1.7762E-016
3.23E+004 1.7345E-016
3.25E+004 1.6938E-016
3.27E+004 1.6479E-016
3.29E+004 1.5225E-016
3.31E+004 1.5436E-016
3.33E+004 1.5360E-016
3.35E+004 1.5037E-016
3.37E+004 1.4696E-016
3.39E+004 1.4373E-016
3.41E+004 1.4056E-016
3.43E+004 1.3748E-016
3.45E+004 1.3448E-016
3.47E+004 1.3153E-016
3.49E+004 1.2868E-016
3.51E+004 1.2589E-016
3.53E+004 1.2318E-016
3.55E+004 1.2054E-016
3.57E+004 1.1795E-016
3.59E+004 1.1548E-016
3.61E+004 1.1298E-016
3.63E+004 1.1067E-016
3.65E+004 1.0824E-016
3.67E+004 1.0613E-016
3.69E+004 1.0359E-016
3.71E+004 1.0154E-016
3.73E+004 9.6688E-017
3.75E+004 9.3643E-017
3.77E+004 9.5495E-017
3.79E+004 9.3850E-017
3.81E+004 9.1442E-017
3.83E+004 8.9714E-017
3.85E+004 8.8461E-017
3.87E+004 8.6723E-017
3.89E+004 8.4748E-017
3.91E+004 8.2037E-017
3.93E+004 8.1644E-017
3.95E+004 8.0235E-017
3.97E+004 7.8708E-017
3.99E+004 7.7081E-017
4.01E+004 7.4599E-017
4.03E+004 7.2715E-017
4.05E+004 6.9234E-017
4.07E+004 7.1043E-017
4.09E+004 7.0159E-017
4.11E+004 6.8983E-017
4.13E+004 6.7622E-017
4.15E+004 6.6020E-017
4.17E+004 6.2692E-017
4.19E+004 6.3534E-017
4.21E+004 6.2823E-017
4.23E+004 6.1773E-017
4.25E+004 6.0654E-017
4.27E+004 5.9561E-017
4.29E+004 5.8491E-017
4.31E+004 5.7445E-017
4.33E+004 5.6408E-017
4.35E+004 5.5151E-017
4.37E+004 5.2224E-017
4.39E+004 5.2487E-017
4.41E+004 5.2424E-017
4.43E+004 5.1635E-017
4.45E+004 5.0742E-017
4.47E+004 4.9935E-017
4.49E+004 4.8993E-017
4.51E+004 4.8160E-017
4.53E+004 4.7339E-017
4.55E+004 4.6534E-017
4.57E+004 4.5738E-017
4.59E+004 4.4949E-017
4.61E+004 4.4147E-017
4.63E+004 4.3175E-017
4.65E+004 4.0403E-017
4.67E+004 3.9820E-017
4.69E+004 4.0820E-017
4.71E+004 4.0588E-017
4.73E+004 4.0000E-017
4.75E+004 3.9367E-017
4.77E+004 3.8742E-017
4.79E+004 3.8123E-017
4.81E+004 3.7514E-017
4.83E+004 3.6916E-017
4.85E+004 3.6329E-017
4.87E+004 3.5753E-017
4.89E+004 3.5187E-017
4.91E+004 3.4631E-017
4.93E+004 3.4088E-017
4.95E+004 3.3558E-017
4.97E+004 3.3029E-017
4.99E+004 3.2521E-017
5.01E+004 3.2015E-017
5.03E+004 3.1512E-017
5.05E+004 3.1036E-017
5.07E+004 3.0547E-017
5.09E+004 3.0016E-017
5.11E+004 2.9303E-017
5.13E+004 2.7680E-017
5.15E+004 2.8506E-017
5.17E+004 2.8242E-017
5.19E+004 2.7886E-017
5.21E+004 2.7494E-017
5.23E+004 2.7088E-017
5.25E+004 2.6655E-017
5.27E+004 2.6237E-017
5.29E+004 2.5908E-017
5.31E+004 2.5544E-017
5.33E+004 2.5173E-017
5.35E+004 2.4795E-017
5.37E+004 2.4363E-017
5.39E+004 2.4014E-017
5.41E+004 2.3741E-017
5.43E+004 2.3448E-017
5.45E+004 2.3124E-017
5.47E+004 2.2794E-017
5.49E+004 2.2427E-017
5.51E+004 2.2036E-017
5.53E+004 2.1636E-017
5.55E+004 2.1470E-017
5.57E+004 2.1225E-017
5.59E+004 2.0940E-017
5.61E+004 2.0653E-017
5.63E+004 2.0368E-017
5.65E+004 2.0088E-017
5.67E+004 1.9790E-017
5.69E+004 1.9449E-017
5.71E+004 1.8976E-017
5.73E+004 1.8901E-017
5.75E+004 1.8727E-017
5.77E+004 1.8503E-017
5.79E+004 1.8254E-017
5.81E+004 1.8010E-017
5.83E+004 1.7754E-017
5.85E+004 1.7501E-017
5.87E+004 1.7239E-017
5.89E+004 1.6836E-017
5.91E+004 1.5939E-017
5.93E+004 1.6422E-017
5.95E+004 1.6047E-017
5.97E+004 1.5984E-017
5.99E+004 1.5931E-017
6.01E+004 1.5754E-017
6.03E+004 1.5559E-017
6.05E+004 1.5362E-017
6.07E+004 1.5167E-017
6.09E+004 1.4974E-017
6.11E+004 1.4783E-017
6.13E+004 1.4597E-017
6.15E+004 1.4412E-017
6.17E+004 1.4230E-017
6.19E+004 1.4050E-017
6.21E+004 1.3872E-017
6.23E+004 1.3692E-017
6.25E+004 1.3505E-017
6.27E+004 1.3259E-017
6.29E+004 1.2754E-017
6.31E+004 1.2893E-017
6.33E+004 1.2842E-017
6.35E+004 1.2706E-017
6.37E+004 1.2556E-017
6.39E+004 1.2416E-017
6.42E+004 1.2204E-017
6.46E+004 1.1910E-017
6.5E+004 1.1624E-017
6.54E+004 1.1349E-017
6.58E+004 1.1080E-017
6.62E+004 1.0818E-017
6.66E+004 1.0564E-017
6.7E+004 1.0302E-017
6.74E+004 1.0006E-017
6.78E+004 9.5746E-018
6.82E+004 9.5892E-018
6.86E+004 9.4000E-018
6.9E+004 9.1939E-018
6.94E+004 8.9785E-018
6.98E+004 8.7867E-018
7.02E+004 8.5925E-018
7.06E+004 8.4001E-018
7.1E+004 8.2049E-018
7.14E+004 8.0385E-018
7.18E+004 7.8640E-018
7.22E+004 7.6928E-018
7.26E+004 7.5091E-018
7.3E+004 7.3592E-018
7.34E+004 7.2110E-018
7.38E+004 7.0483E-018
7.42E+004 6.8702E-018
7.46E+004 6.5180E-018
7.5E+004 6.3128E-018
7.54E+004 6.4185E-018
7.58E+004 6.3333E-018
7.62E+004 6.2104E-018
7.66E+004 6.0930E-018
7.7E+004 5.9699E-018
7.74E+004 5.8373E-018
7.78E+004 5.6949E-018
7.82E+004 5.6061E-018
7.86E+004 5.5097E-018
7.9E+004 5.4009E-018
7.94E+004 5.2946E-018
7.98E+004 5.1906E-018
8.02E+004 5.0892E-018
8.06E+004 4.9902E-018
8.1E+004 4.8860E-018
8.14E+004 4.7561E-018
8.18E+004 4.6809E-018
8.22E+004 4.6139E-018
8.26E+004 4.5297E-018
8.3E+004 4.4441E-018
8.34E+004 4.3602E-018
8.38E+004 4.2782E-018
8.42E+004 4.1985E-018
8.46E+004 4.1207E-018
8.5E+004 4.0445E-018
8.54E+004 3.9699E-018
8.58E+004 3.8966E-018
8.62E+004 3.8131E-018
8.66E+004 3.6937E-018
8.7E+004 3.6665E-018
8.74E+004 3.5455E-018
8.78E+004 3.4824E-018
8.82E+004 3.4858E-018
8.86E+004 3.4306E-018
8.9E+004 3.3699E-018
8.94E+004 3.3104E-018
8.98E+004 3.2522E-018
9.02E+004 3.1952E-018
9.06E+004 3.1395E-018
9.1E+004 3.0849E-018
9.14E+004 3.0315E-018
9.18E+004 2.9792E-018
9.22E+004 2.9280E-018
9.26E+004 2.8728E-018
9.3E+004 2.8250E-018
9.34E+004 2.7712E-018
9.38E+004 2.6748E-018
9.42E+004 2.6630E-018
9.46E+004 2.6368E-018
9.5E+004 2.5946E-018
9.54E+004 2.5527E-018
9.58E+004 2.5144E-018
9.62E+004 2.4732E-018
9.66E+004 2.4329E-018
9.7E+004 2.3933E-018
9.74E+004 2.3546E-018
9.78E+004 2.3167E-018
9.82E+004 2.2769E-018
9.86E+004 2.2380E-018
9.9E+004 2.2078E-018
9.94E+004 2.1730E-018
9.98E+004 2.1389E-018
1.002E+005 2.1055E-018
1.005E+005 2.0807E-018
1.01E+005 2.0401E-018
1.015E+005 2.0007E-018
1.02E+005 1.9623E-018
1.025E+005 1.9247E-018
1.03E+005 1.8882E-018
1.035E+005 1.8523E-018
1.04E+005 1.8174E-018
1.045E+005 1.7832E-018
1.05E+005 1.7499E-018
1.055E+005 1.7172E-018
1.06E+005 1.6854E-018
1.065E+005 1.6545E-018
1.07E+005 1.6239E-018
1.075E+005 1.5943E-018
1.08E+005 1.5653E-018
1.085E+005 1.5368E-018
1.09E+005 1.5091E-018
1.095E+005 1.4821E-018
1.1E+005 1.4556E-018
1.105E+005 1.4296E-018
1.11E+005 1.4043E-018
1.115E+005 1.3797E-018
1.12E+005 1.3555E-018
1.125E+005 1.3317E-018
1.13E+005 1.3086E-018
1.135E+005 1.2858E-018
1.14E+005 1.2637E-018
1.145E+005 1.2422E-018
1.15E+005 1.2208E-018
1.155E+005 1.2000E-018
1.16E+005 1.1797E-018
1.165E+005 1.1598E-018
1.17E+005 1.1404E-018
1.175E+005 1.1211E-018
1.18E+005 1.1025E-018
1.185E+005 1.0843E-018
1.19E+005 1.0663E-018
1.195E+005 1.0486E-018
1.2E+005 1.0314E-018
1.205E+005 1.0147E-018
1.21E+005 9.9819E-019
1.215E+005 9.8197E-019
1.22E+005 9.6618E-019
1.225E+005 9.5064E-019
1.23E+005 9.3535E-019
1.235E+005 9.2046E-019
1.24E+005 9.0581E-019
1.245E+005 8.9154E-019
1.25E+005 8.7749E-019
1.255E+005 8.6365E-019
1.26E+005 8.5018E-019
1.265E+005 8.3692E-019
1.27E+005 8.2386E-019
1.275E+005 8.1113E-019
1.28E+005 7.9860E-019
1.285E+005 7.8639E-019
1.29E+005 7.7437E-019
1.295E+005 7.6253E-019
1.3E+005 7.5100E-019
1.305E+005 7.3964E-019
1.31E+005 7.2845E-019
1.315E+005 7.1755E-019
1.32E+005 7.0681E-019
1.325E+005 6.9623E-019
1.33E+005 6.8593E-019
1.335E+005 6.7577E-019
1.34E+005 6.6588E-019
1.345E+005 6.5602E-019
1.35E+005 6.4642E-019
1.355E+005 6.3706E-019
1.36E+005 6.2773E-019
1.365E+005 6.1864E-019
1.37E+005 6.0979E-019
1.375E+005 6.0096E-019
1.38E+005 5.9236E-019
1.385E+005 5.8388E-019
1.39E+005 5.7562E-019
1.395E+005 5.6747E-019
1.4E+005 5.5944E-019
1.405E+005 5.5161E-019
1.41E+005 5.4381E-019
1.415E+005 5.3629E-019
1.42E+005 5.2879E-019
1.425E+005 5.2148E-019
1.43E+005 5.1427E-019
1.435E+005 5.0717E-019
1.44E+005 5.0016E-019
1.445E+005 4.9333E-019
1.45E+005 4.8659E-019
1.455E+005 4.8002E-019
1.46E+005 4.7347E-019
1.465E+005 4.6708E-019
1.47E+005 4.6085E-019
1.475E+005 4.5464E-019
1.48E+005 4.4858E-019
1.485E+005 4.4260E-019
1.49E+005 4.3670E-019
1.495E+005 4.3095E-019
1.5E+005 4.2528E-019
1.505E+005 4.1968E-019
1.51E+005 4.1416E-019
1.515E+005 4.0877E-019
1.52E+005 4.0346E-019
1.525E+005 3.9821E-019
1.53E+005 3.9304E-019
1.535E+005 3.8799E-019
1.54E+005 3.8302E-019
1.545E+005 3.7810E-019
1.55E+005 3.7325E-019
1.555E+005 3.6852E-019
1.56E+005 3.6385E-019
1.565E+005 3.5924E-019
1.57E+005 3.5469E-019
1.575E+005 3.5026E-019
1.58E+005 3.4588E-019
1.585E+005 3.4155E-019
1.59E+005 3.3728E-019
1.595E+005 3.3312E-019
1.6E+005 3.2901E-019
1.605E+005 3.2495E-019
1.61E+005 3.2094E-019
1.615E+005 3.1704E-019
1.62E+005 3.1312E-019
1.625E+005 3.0931E-019
1.63E+005 3.0555E-019
1.635E+005 3.0188E-019
1.64E+005 2.9820E-019
1.645E+005 2.9462E-019
1.65E+005 2.9109E-019
1.655E+005 2.8764E-019
1.66E+005 2.8418E-019
1.665E+005 2.8082E-019
1.67E+005 2.7749E-019
1.675E+005 2.7421E-019
1.68E+005 2.7096E-019
1.685E+005 2.6779E-019
1.69E+005 2.6462E-019
1.695E+005 2.6153E-019
1.7E+005 2.5852E-019
1.705E+005 2.5550E-019
1.71E+005 2.5256E-019
1.715E+005 2.4961E-019
1.72E+005 2.4674E-019
1.725E+005 2.4394E-019
1.73E+005 2.4113E-019
1.735E+005 2.3839E-019
1.74E+005 2.3565E-019
1.745E+005 2.3298E-019
1.75E+005 2.3033E-019
1.755E+005 2.2776E-019
1.76E+005 2.2517E-019
1.765E+005 2.2266E-019
1.77E+005 2.2017E-019
1.775E+005 2.1771E-019
1.78E+005 2.1527E-019
1.785E+005 2.1290E-019
1.79E+005 2.1056E-019
1.795E+005 2.0824E-019
1.8E+005 2.0595E-019
1.805E+005 2.0368E-019
1.81E+005 2.0143E-019
1.815E+005 1.9925E-019
1.82E+005 1.9709E-019
1.825E+005 1.9495E-019
1.83E+005 1.9284E-019
1.835E+005 1.9075E-019
1.84E+005 1.8871E-019
1.845E+005 1.8666E-019
1.85E+005 1.8467E-019
1.855E+005 1.8270E-019
1.86E+005 1.8075E-019
1.865E+005 1.7885E-019
1.87E+005 1.7694E-019
1.875E+005 1.7508E-019
1.88E+005 1.7324E-019
1.885E+005 1.7142E-019
1.89E+005 1.6962E-019
1.895E+005 1.6784E-019
1.9E+005 1.6611E-019
1.905E+005 1.6439E-019
1.91E+005 1.6266E-019
1.915E+005 1.6101E-019
1.92E+005 1.5935E-019
1.925E+005 1.5770E-019
1.93E+005 1.5610E-019
1.935E+005 1.5448E-019
1.94E+005 1.5291E-019
1.945E+005 1.5136E-019
1.95E+005 1.4982E-019
1.955E+005 1.4830E-019
1.96E+005 1.4682E-019
1.965E+005 1.4535E-019
1.97E+005 1.4387E-019
1.975E+005 1.4243E-019
1.98E+005 1.4101E-019
1.985E+005 1.3960E-019
1.99E+005 1.3823E-019
1.995E+005 1.3685E-019
2E+005 1.3550E-019
2.01E+005 1.3282E-019
2.02E+005 1.3022E-019
2.03E+005 1.2767E-019
2.04E+005 1.2519E-019
2.05E+005 1.2276E-019
2.06E+005 1.2039E-019
2.07E+005 1.1809E-019
2.08E+005 1.1584E-019
2.09E+005 1.1365E-019
2.1E+005 1.1150E-019
2.11E+005 1.0939E-019
2.12E+005 1.0735E-019
2.13E+005 1.0534E-019
2.14E+005 1.0340E-019
2.15E+005 1.0149E-019
2.16E+005 9.9623E-020
2.17E+005 9.7804E-020
2.18E+005 9.6018E-020
2.19E+005 9.4281E-020
2.2E+005 9.2575E-020
2.21E+005 9.0915E-020
2.22E+005 8.9284E-020
2.23E+005 8.7698E-020
2.24E+005 8.6141E-020
2.25E+005 8.4625E-020
2.26E+005 8.3135E-020
2.27E+005 8.1686E-020
2.28E+005 8.0262E-020
2.29E+005 7.8863E-020
2.3E+005 7.7501E-020
2.31E+005 7.6176E-020
2.32E+005 7.4873E-020
2.33E+005 7.3593E-020
2.34E+005 7.2347E-020
2.35E+005 7.1122E-020
2.36E+005 6.9929E-020
2.37E+005 6.8757E-020
2.38E+005 6.7604E-020
2.39E+005 6.6481E-020
2.4E+005 6.5378E-020
2.41E+005 6.4303E-020
2.42E+005 6.3246E-020
2.43E+005 6.2217E-020
2.44E+005 6.1205E-020
2.45E+005 6.0209E-020
2.46E+005 5.9240E-020
2.47E+005 5.8286E-020
2.48E+005 5.7347E-020
2.49E+005 5.6433E-020
2.5E+005 5.5543E-020
2.51E+005 5.4658E-020
2.52E+005 5.3796E-020
2.53E+005 5.2956E-020
2.54E+005 5.2121E-020
2.55E+005 5.1308E-020
2.56E+005 5.0516E-020
2.57E+005 4.9735E-020
2.58E+005 4.8968E-020
2.59E+005 4.8220E-020
2.6E+005 4.7475E-020
2.61E+005 4.6758E-020
2.62E+005 4.6044E-020
2.63E+005 4.5349E-020
2.64E+005 4.4671E-020
2.65E+005 4.3996E-020
2.66E+005 4.3339E-020
2.67E+005 4.2691E-020
2.68E+005 4.2061E-020
2.69E+005 4.1439E-020
2.7E+005 4.0827E-020
2.71E+005 4.0230E-020
2.72E+005 3.9642E-020
2.73E+005 3.9063E-020
2.74E+005 3.8499E-020
2.75E+005 3.7943E-020
2.76E+005 3.7395E-020
2.77E+005 3.6854E-020
2.78E+005 3.6328E-020
2.79E+005 3.5809E-020
2.8E+005 3.5304E-020
2.81E+005 3.4806E-020
2.82E+005 3.4315E-020
2.83E+005 3.3830E-020
2.84E+005 3.3353E-020
2.85E+005 3.2888E-020
2.86E+005 3.2435E-020
2.87E+005 3.1983E-020
2.88E+005 3.1542E-020
2.89E+005 3.1107E-020
2.9E+005 3.0679E-020
2.91E+005 3.0261E-020
2.92E+005 2.9849E-020
2.93E+005 2.9443E-020
2.94E+005 2.9042E-020
2.95E+005 2.8652E-020
2.96E+005 2.8267E-020
2.97E+005 2.7891E-020
2.98E+005 2.7516E-020
2.99E+005 2.7151E-020
3E+005 2.6791E-020
3.01E+005 2.6435E-020
3.02E+005 2.6088E-020
3.03E+005 2.5746E-020
3.04E+005 2.5409E-020
3.05E+005 2.5076E-020
3.06E+005 2.4751E-020
3.07E+005 2.4431E-020
3.08E+005 2.4115E-020
3.09E+005 2.3802E-020
3.1E+005 2.3498E-020
3.11E+005 2.3198E-020
3.12E+005 2.2902E-020
3.13E+005 2.2609E-020
3.14E+005 2.2324E-020
3.15E+005 2.2043E-020
3.16E+005 2.1765E-020
3.17E+005 2.1490E-020
3.18E+005 2.1223E-020
3.19E+005 2.0955E-020
3.2E+005 2.0695E-020
3.21E+005 2.0441E-020
3.22E+005 2.0186E-020
3.23E+005 1.9939E-020
3.24E+005 1.9694E-020
3.25E+005 1.9452E-020
3.26E+005 1.9213E-020
3.27E+005 1.8981E-020
3.28E+005 1.8751E-020
3.29E+005 1.8524E-020
3.3E+005 1.8300E-020
3.31E+005 1.8081E-020
3.32E+005 1.7862E-020
3.33E+005 1.7649E-020
3.34E+005 1.7438E-020
3.35E+005 1.7233E-020
3.36E+005 1.7027E-020
3.37E+005 1.6827E-020
3.38E+005 1.6629E-020
3.39E+005 1.6433E-020
3.4E+005 1.6240E-020
3.41E+005 1.6051E-020
3.42E+005 1.5865E-020
3.43E+005 1.5681E-020
3.44E+005 1.5499E-020
3.45E+005 1.5319E-020
3.46E+005 1.5144E-020
3.47E+005 1.4971E-020
3.48E+005 1.4799E-020
3.49E+005 1.4630E-020
3.5E+005 1.4463E-020
3.51E+005 1.4300E-020
3.52E+005 1.4138E-020
3.53E+005 1.3979E-020
3.54E+005 1.3821E-020
3.55E+005 1.3665E-020
3.56E+005 1.3513E-020
3.57E+005 1.3361E-020
3.58E+005 1.3212E-020
3.59E+005 1.3065E-020
3.6E+005 1.2920E-020
3.61E+005 1.2779E-020
3.62E+005 1.2637E-020
3.63E+005 1.2498E-020
3.64E+005 1.2362E-020
3.65E+005 1.2226E-020
3.66E+005 1.2094E-020
3.67E+005 1.1962E-020
3.68E+005 1.1833E-020
3.69E+005 1.1706E-020
3.7E+005 1.1579E-020
3.71E+005 1.1455E-020
3.72E+005 1.1331E-020
3.73E+005 1.1211E-020
3.74E+005 1.1092E-020
3.75E+005 1.0972E-020
3.76E+005 1.0858E-020
3.77E+005 1.0742E-020
3.78E+005 1.0628E-020
3.79E+005 1.0517E-020
3.8E+005 1.0406E-020
3.81E+005 1.0297E-020
3.82E+005 1.0190E-020
3.83E+005 1.0085E-020
3.84E+005 9.9795E-021
3.85E+005 9.8752E-021
3.86E+005 9.7737E-021
3.87E+005 9.6733E-021
3.88E+005 9.5739E-021
3.89E+005 9.4755E-021
3.9E+005 9.3781E-021
3.91E+005 9.2833E-021
3.92E+005 9.1894E-021
3.93E+005 9.0950E-021
3.94E+005 9.0030E-021
3.95E+005 8.9120E-021
3.96E+005 8.8234E-021
3.97E+005 8.7342E-021
3.98E+005 8.6459E-021
3.99E+005 8.5599E-021
