1141 1.6551E-015
1141 1.6551E-015
1141 0.0000E+000
1142 0.0000E+000
1142 0.0000E+000
1143 0.0000E+000
1143 0.0000E+000
1144 0.0000E+000
1145 5.2688E-016
1145 0.0000E+000
1146 9.5742E-016
1146 0.0000E+000
1147 2.9338E-016
1148 0.0000E+000
1148 0.0000E+000
1149 2.0970E-016
1149 2.0251E-016
1150 1.8448E-016
1150 0.0000E+000
1151 2.2494E-017
1152 0.0000E+000
1152 0.0000E+000
1153 0.0000E+000
1153 0.0000E+000
1154 0.0000E+000
1155 2.6042E-016
1155 0.0000E+000
1156 0.0000E+000
1156 2.4418E-016
1157 0.0000E+000
1157 0.0000E+000
1158 0.0000E+000
1159 0.0000E+000
1159 0.0000E+000
1160 0.0000E+000
1160 2.4406E-016
1161 1.8847E-016
1162 0.0000E+000
1162 0.0000E+000
1163 0.0000E+000
1163 0.0000E+000
1164 0.0000E+000
1164 2.5534E-016
1165 1.1595E-016
1166 6.3451E-017
1166 6.5309E-017
1167 0.0000E+000
1167 4.7894E-016
1168 5.7543E-017
1169 0.0000E+000
1169 0.0000E+000
1170 0.0000E+000
1170 5.7993E-017
1171 5.8962E-017
1171 0.0000E+000
1172 1.9863E-017
1173 5.4380E-017
1173 0.0000E+000
1174 5.2603E-017
1174 5.4401E-017
1175 0.0000E+000
1176 7.6963E-017
1176 0.0000E+000
1177 7.9687E-018
1177 0.0000E+000
1178 4.5540E-017
1178 4.7393E-017
1179 4.3602E-017
1180 0.0000E+000
1180 4.3260E-017
1181 1.3916E-016
1181 0.0000E+000
1182 0.0000E+000
1183 0.0000E+000
1183 0.0000E+000
1184 3.8421E-017
1184 3.8603E-017
1185 4.0890E-017
1185 -4.4158E-017
1186 5.3080E-017
1187 -5.7452E-017
1187 -1.0903E-016
1188 5.4663E-017
1188 -4.2994E-017
1189 5.4439E-017
1190 3.7685E-017
1190 2.7111E-017
1191 1.6775E-016
1191 -3.9798E-017
1192 -2.1535E-016
1192 1.9112E-016
1193 2.0583E-016
1194 -2.8095E-016
1194 -1.5321E-018
1195 2.8657E-016
1195 -3.9037E-016
1196 2.6053E-016
1197 -3.1273E-016
1197 1.7118E-016
1198 -1.9595E-016
1198 -9.9205E-017
1199 5.8219E-017
1199 4.1788E-017
1200 -2.7892E-016
1201 -1.0881E-017
1201 6.9857E-017
1202 -3.4627E-016
1202 -1.2179E-016
1203 3.9538E-016
1204 3.2691E-016
1204 -1.7544E-016
1205 8.9659E-017
1205 -6.7555E-016
1206 -2.0792E-016
1206 6.8317E-017
1207 3.6127E-016
1208 3.6983E-016
1208 2.7051E-016
1209 1.0247E-016
1209 -1.3634E-016
1210 -2.3424E-016
1211 -1.0102E-017
1211 -2.0006E-017
1212 2.4927E-016
1212 4.3977E-017
1213 -5.1241E-016
1213 -2.6754E-017
1214 2.3199E-017
1215 -1.9963E-016
1215 -4.6053E-016
1216 -5.0344E-016
1216 -1.7225E-016
1217 -1.2129E-016
1218 3.8984E-016
1218 -1.6674E-016
1219 -5.5275E-016
1219 4.1265E-016
1220 2.6167E-017
1220 2.2865E-016
1221 1.6085E-017
1222 1.5717E-016
1222 2.0752E-016
1223 1.0166E-016
1223 -1.3856E-016
1224 -2.1660E-016
1225 4.5306E-017
1225 -7.7467E-017
1226 -8.6412E-017
1226 -2.4929E-016
1227 -3.0181E-017
1227 1.6733E-016
1228 4.5603E-017
1229 -8.1604E-017
1229 -4.4283E-017
1230 1.2335E-016
1230 -2.0711E-016
1231 3.0177E-016
1232 -8.8784E-017
1232 1.6188E-016
1233 1.0789E-016
1233 4.0256E-016
1234 1.0457E-016
1234 1.1602E-016
1235 -1.9276E-017
1236 -1.0992E-016
1236 1.1247E-016
1237 3.1190E-016
1237 3.5504E-016
1238 -3.4488E-016
1239 1.0055E-016
1239 1.8945E-016
1240 -7.2162E-017
1240 -5.0559E-017
1241 -7.4695E-017
1241 5.9228E-018
1242 5.0208E-017
1243 7.1806E-017
1243 2.1999E-017
1244 0.0000E+000
1244 1.3969E-017
1245 4.6538E-017
1246 6.5654E-017
1246 4.3264E-017
1247 4.1525E-017
1247 6.1517E-017
1248 4.0144E-017
1249 3.9192E-017
1249 0.0000E+000
1250 4.1041E-017
1250 8.6086E-017
1251 1.5156E-017
1251 0.0000E+000
1252 6.4910E-017
1253 8.9995E-017
1253 8.5335E-017
1254 8.8221E-017
1254 3.9253E-017
1255 3.9371E-017
1256 1.1015E-016
1256 6.3178E-017
1257 4.1491E-017
1257 8.5170E-017
1258 0.0000E+000
1258 8.1516E-017
1259 3.7885E-017
1260 3.9322E-017
1260 3.8901E-017
1261 1.0540E-016
1261 1.6879E-017
1262 3.8038E-017
1263 6.5613E-017
1263 8.2258E-017
1264 8.7165E-017
1264 1.5142E-017
1265 8.4150E-017
1265 8.2928E-017
1266 1.3451E-016
1267 8.3143E-017
1267 6.1855E-017
1268 1.4755E-016
1268 5.8703E-017
1269 5.8823E-017
1270 8.4459E-017
1270 1.0374E-016
1271 1.5597E-017
1271 1.2276E-016
1272 6.7372E-017
1272 8.6625E-017
1273 5.7005E-017
1274 8.8200E-017
1274 6.4714E-017
1275 1.0078E-016
1275 9.9458E-017
1276 8.8627E-017
1277 1.6191E-016
1277 1.1538E-016
1278 1.2155E-016
1278 9.1498E-017
1279 1.0841E-016
1279 1.0814E-016
1280 1.4965E-016
1281 2.1806E-017
1281 9.0846E-017
1282 1.5285E-016
1282 3.2915E-017
1283 1.3475E-016
1284 7.0789E-017
1284 1.3416E-016
1285 4.8801E-017
1285 8.6988E-017
1286 1.0945E-016
1286 2.1708E-016
1287 1.1976E-016
1288 1.4072E-016
1288 1.0979E-016
1289 9.5720E-017
1289 5.3592E-017
1290 7.5044E-017
1291 2.7575E-016
1291 1.8652E-016
1292 1.5202E-016
1292 1.8955E-016
1293 1.5877E-016
1293 1.6903E-016
1294 1.9370E-016
1295 1.2182E-016
1295 5.3814E-017
1296 2.5295E-016
1296 1.3013E-016
1297 1.6032E-016
1298 1.6343E-016
1298 2.1977E-016
1299 1.8342E-016
1299 1.5952E-016
1300 1.8747E-016
1300 2.1359E-016
1301 2.6816E-016
1302 2.3199E-016
1302 1.9856E-016
1303 1.8471E-016
1303 7.0319E-017
1304 2.4301E-016
1305 1.3618E-016
1305 8.8306E-017
1306 1.9373E-016
1306 2.8085E-016
1307 2.2844E-016
1307 1.6062E-016
1308 1.5888E-016
1309 2.0087E-016
1309 2.2454E-016
1310 1.8899E-016
1310 1.6732E-016
1311 3.3795E-016
1312 2.1722E-016
1312 2.6052E-016
1313 2.1667E-016
1313 2.5330E-016
1314 2.6727E-016
1314 2.1354E-016
1315 2.0834E-016
1316 3.0701E-016
1316 1.5970E-016
1317 2.2313E-016
1317 1.3913E-016
1318 2.1880E-016
1318 2.1602E-016
1319 1.6274E-016
1320 1.8965E-016
1320 2.6704E-016
1321 8.0805E-017
1321 1.6249E-016
1322 2.5529E-016
1323 3.0295E-016
1323 2.7106E-016
1324 4.2216E-016
1324 3.0716E-016
1325 2.0337E-016
1325 2.3769E-016
1326 4.0593E-016
1327 1.0302E-016
1327 2.0796E-016
1328 2.2251E-016
1328 1.4615E-016
1329 1.6157E-016
1330 2.0769E-016
1330 2.2462E-016
1331 3.2852E-016
1331 2.1676E-016
1332 2.2885E-016
1332 1.8935E-016
1333 3.4234E-016
1334 2.7624E-016
1334 1.5165E-016
1335 1.5816E-016
1335 3.1911E-016
1336 4.0445E-016
1337 3.6115E-016
1337 2.1224E-016
1338 2.6195E-016
1338 1.8732E-016
1339 2.8862E-016
1339 2.6991E-016
1340 1.9776E-016
1341 2.7417E-016
1341 2.7571E-016
1342 2.7280E-016
1342 2.9992E-016
1343 2.0935E-016
1344 2.7761E-016
1344 2.8781E-016
1345 2.5396E-016
1345 2.9360E-016
1346 2.5555E-016
1346 2.4035E-016
1347 1.8614E-016
1348 4.5602E-016
1348 1.3387E-016
1349 2.8622E-016
1349 1.3990E-016
1350 2.4251E-016
1351 2.6998E-016
1351 2.8733E-016
1352 3.4248E-016
1352 2.8372E-016
1353 3.4557E-016
1353 2.9720E-016
1354 3.1274E-016
1355 3.6534E-016
1355 1.9052E-016
1356 1.5152E-016
1356 3.5832E-016
1357 2.7285E-016
1358 2.5469E-016
1358 3.8451E-016
1359 2.6867E-016
1359 3.2033E-016
1360 3.6733E-016
1360 2.9963E-016
1361 2.5659E-016
1362 1.4829E-016
1362 2.7740E-016
1363 4.2754E-016
1363 2.8510E-016
1364 2.9047E-016
1365 3.3900E-016
1365 4.3633E-016
1366 2.0336E-016
1366 3.1981E-016
1367 3.6048E-016
1367 1.6995E-016
1368 2.5327E-016
1369 3.8029E-016
1369 3.0803E-016
1370 4.0879E-016
1370 1.7099E-016
1371 3.1752E-016
1372 2.8488E-016
1372 3.3852E-016
1373 2.5955E-016
1373 2.8816E-016
1374 2.5135E-016
1374 3.2881E-016
1375 3.3000E-016
1376 2.9903E-016
1376 2.5368E-016
1377 2.6597E-016
1377 1.5150E-016
1378 3.3380E-016
1379 2.8433E-016
1379 2.6531E-016
1380 2.7704E-016
1380 5.0567E-016
1381 2.8411E-016
1381 3.5337E-016
1382 2.1108E-016
1383 4.3485E-016
1383 2.6017E-016
1384 2.4343E-016
1384 2.8627E-016
1385 3.5797E-016
1386 3.7698E-016
1386 1.8407E-016
1387 3.8239E-016
1387 4.2874E-016
1388 2.5603E-016
1388 3.7925E-016
1389 2.7708E-016
1390 2.7748E-016
1390 4.0186E-016
1391 1.3953E-016
1391 3.0631E-016
1392 2.4968E-016
1393 3.9221E-016
1393 4.4035E-016
1394 3.5862E-016
1394 2.2456E-016
1395 2.5392E-016
1395 4.0377E-016
1396 1.7214E-016
1397 3.7674E-016
1397 3.0776E-016
1398 4.1090E-016
1398 3.1688E-016
1399 3.1644E-016
1400 3.1375E-016
1400 1.1520E-016
1401 2.3353E-016
1401 2.5536E-016
1402 2.9731E-016
1402 2.7840E-016
1403 4.6525E-016
1404 2.1598E-016
1404 4.6917E-016
1405 3.8484E-016
1405 6.2494E-016
1406 3.3997E-016
1407 2.7056E-016
1407 2.7006E-016
1408 3.6485E-016
1408 5.8826E-016
1409 5.0923E-016
1409 2.9397E-016
1410 5.0432E-016
1411 2.1198E-016
1411 3.2770E-016
1412 2.4767E-016
1412 5.6571E-016
1413 3.7394E-016
1414 4.5403E-016
1414 3.7562E-016
1415 2.2102E-016
1415 5.4313E-016
1416 3.6809E-016
1416 3.2170E-016
1417 4.6233E-016
1418 5.1533E-016
1418 3.8406E-016
1419 5.8593E-016
1419 4.5182E-016
1420 3.7116E-016
1421 4.5789E-016
1421 4.7017E-016
1422 4.1101E-016
1422 6.3004E-016
1423 4.2077E-016
1423 3.8886E-016
1424 3.9516E-016
1425 5.3954E-016
1425 4.7133E-016
1426 3.2655E-016
1426 4.9394E-016
1427 5.0958E-016
1428 3.6605E-016
1428 4.3812E-016
1429 6.0550E-016
1429 6.2634E-016
1430 3.2287E-016
1430 3.6789E-016
1431 5.7205E-016
1432 6.6154E-016
1432 4.1758E-016
1433 3.8032E-016
1433 5.7900E-016
1434 4.8607E-016
1435 2.4800E-016
1435 6.5365E-016
1436 1.8397E-016
1436 4.1014E-016
1437 5.3662E-016
1437 5.0193E-016
1438 2.7234E-016
1439 2.9518E-016
1439 6.0587E-016
1440 2.4131E-016
1440 6.6935E-016
1441 5.4072E-016
1442 2.7714E-016
1442 3.4439E-016
1443 7.6367E-016
1443 3.4078E-016
1444 5.4303E-016
1444 4.8643E-016
1445 3.5625E-016
1446 4.4890E-016
1446 4.1289E-016
1447 4.8896E-016
1447 5.3131E-016
1448 3.8625E-016
1449 4.0055E-016
1449 4.3595E-016
1450 5.6943E-016
1450 5.6341E-016
1451 4.0812E-016
1451 5.4880E-016
1452 4.8418E-016
1453 4.4209E-016
1453 5.7903E-016
1454 3.7028E-016
1454 4.2510E-016
1455 3.0048E-016
1456 5.2403E-016
1456 6.3871E-016
1457 1.0653E-015
1457 5.2894E-016
1458 5.0926E-016
1458 4.2222E-016
1459 5.3461E-016
1460 3.0907E-016
1460 2.8504E-016
1461 4.9103E-016
1461 4.6701E-016
1462 3.3386E-016
1463 5.8747E-016
1463 6.1746E-016
1464 5.5082E-016
1464 4.6513E-016
1465 6.1842E-016
1465 6.7679E-016
1466 6.2775E-016
1467 6.5194E-016
1467 5.2588E-016
1468 5.4160E-016
1468 3.2631E-016
1469 5.8681E-016
1470 7.0213E-016
1470 7.6536E-016
1471 5.5255E-016
1471 5.2315E-016
1472 8.3243E-016
1472 5.7739E-016
1473 5.6234E-016
1474 5.6010E-016
1474 4.8388E-016
1475 5.3419E-016
1475 5.2280E-016
1476 3.7425E-016
1476 2.9194E-016
1477 6.8767E-016
1478 6.0589E-016
1478 7.8931E-016
1479 3.1809E-016
1479 4.4414E-016
1480 6.5083E-016
1481 4.8352E-016
1481 3.3152E-016
1482 4.4520E-016
1482 5.1409E-016
1483 5.7605E-016
1483 8.1958E-016
1484 5.3751E-016
1485 5.9147E-016
1485 6.2299E-016
1486 3.0700E-016
1486 6.0638E-016
1487 5.7007E-016
1488 7.8230E-016
1488 6.3784E-016
1489 6.7857E-016
1489 9.0645E-016
1490 8.2267E-016
1490 8.2482E-016
1491 5.0740E-016
1492 8.6913E-016
1492 5.8478E-016
1493 4.5207E-016
1493 4.5436E-016
1494 4.0198E-016
1495 6.5018E-016
1495 6.3142E-016
1496 6.5955E-016
1496 8.6104E-016
1497 6.9043E-016
1497 5.6222E-016
1498 6.6913E-016
1499 6.4593E-016
1499 5.0941E-016
1500 1.0390E-015
1500 5.2341E-016
1501 6.7834E-016
1502 4.2469E-016
1502 4.7417E-016
1503 9.3529E-016
1503 5.9000E-016
1504 6.5757E-016
1504 5.2771E-016
1505 3.9830E-016
1506 4.7995E-016
1506 7.1566E-016
1507 9.1670E-016
1507 7.0891E-016
1508 4.2535E-016
1509 4.9174E-016
1509 4.7760E-016
1510 7.4394E-016
1510 7.7724E-016
1511 6.0726E-016
1511 8.0068E-016
1512 7.2713E-016
1513 8.5030E-016
1513 8.0212E-016
1514 6.1912E-016
1514 6.7459E-016
1515 6.5767E-016
1516 6.2524E-016
1516 1.0107E-015
1517 5.4117E-016
1517 8.3752E-016
1518 6.7691E-016
1518 9.4214E-016
1519 8.7151E-016
1520 1.6798E-016
1520 5.1317E-016
1521 7.4742E-016
1521 5.9790E-016
1522 7.9357E-016
1523 8.1377E-016
1523 2.5893E-016
1524 7.5335E-016
1524 8.0933E-016
1525 4.9793E-016
1525 9.5222E-016
1526 8.0540E-016
1527 4.3166E-016
1527 5.6758E-016
1528 9.6854E-016
1528 8.8218E-016
1529 1.0958E-015
1530 8.5615E-016
1530 1.2920E-015
1531 7.8917E-016
1531 7.6560E-016
1532 4.1115E-016
1532 5.1601E-016
1533 3.0489E-016
1534 5.8125E-016
1534 1.0088E-015
1535 4.0754E-016
1535 8.8343E-016
1536 9.3442E-016
1537 7.1330E-016
1537 6.4338E-016
1538 1.0812E-015
1538 8.4280E-016
1539 1.2312E-015
1539 1.5493E-015
1540 1.2810E-015
1541 1.0662E-015
1541 1.1494E-015
1542 1.2961E-015
1542 1.5427E-015
1543 1.8851E-015
1544 1.3736E-015
1544 1.5873E-015
1545 1.2893E-015
1545 1.7566E-015
1546 1.7310E-015
1546 1.4227E-015
1547 1.4240E-015
1548 1.8931E-015
1548 9.8890E-016
1549 1.4906E-015
1549 1.5162E-015
1550 2.3838E-015
1551 1.3281E-015
1551 1.7755E-015
1552 1.2724E-015
1552 1.3798E-015
1553 1.2443E-015
1553 1.4278E-015
1554 1.7915E-015
1555 2.0765E-015
1555 1.7190E-015
1556 1.4218E-015
1556 1.8868E-015
1557 2.6036E-015
1557 2.2394E-015
1558 2.2648E-015
1559 8.4280E-016
1559 1.0551E-015
1560 1.1125E-015
1560 1.4376E-015
1561 1.4689E-015
1562 1.0516E-015
1562 1.4238E-015
1563 2.0992E-015
1563 1.9632E-015
1564 1.8362E-015
1564 1.5893E-015
1565 2.7797E-015
1566 2.3912E-015
1566 1.6368E-015
1567 2.0427E-015
1567 1.9332E-015
1568 1.7014E-015
1569 1.2633E-015
1569 1.5931E-015
1570 1.6659E-015
1570 1.6689E-015
1571 1.8551E-015
1571 1.7461E-015
1572 2.0238E-015
1573 2.3586E-015
1573 2.3363E-015
1574 1.3504E-015
1574 1.5214E-015
1575 2.1292E-015
1576 2.2155E-015
1576 2.3787E-015
1577 2.8397E-015
1577 1.2609E-015
1578 2.2676E-015
1578 2.3657E-015
1579 2.5975E-015
1580 2.3033E-015
1580 1.8352E-015
1581 2.4185E-015
1581 2.8539E-015
1582 3.5410E-015
1583 2.4752E-015
1583 2.4906E-015
1584 2.8189E-015
1584 2.3678E-015
1585 2.7333E-015
1585 1.8053E-015
1586 2.4634E-015
1587 2.1456E-015
1587 1.8384E-015
1588 2.6800E-015
1588 2.4846E-015
1589 2.4990E-015
1590 2.4485E-015
1590 2.7636E-015
1591 2.2701E-015
1591 1.5789E-015
1592 2.8126E-015
1592 1.5572E-015
1593 1.9236E-015
1594 2.3218E-015
1594 2.1080E-015
1595 2.2993E-015
1595 1.7219E-015
1596 2.4487E-015
1597 1.9257E-015
1597 2.6003E-015
1598 2.7424E-015
1598 3.6159E-015
1599 2.9833E-015
1599 3.1632E-015
1600 2.7389E-015
1601 3.6704E-015
1601 3.4443E-015
1602 2.0318E-015
1602 1.6831E-015
1603 2.6328E-015
1604 2.6851E-015
1604 3.3023E-015
1605 3.1546E-015
1605 3.1003E-015
1606 2.8062E-015
1606 2.0169E-015
1607 2.8339E-015
1608 3.2562E-015
1608 2.5311E-015
1609 2.8137E-015
1609 2.7520E-015
1610 4.2279E-015
1611 3.5035E-015
1611 1.9738E-015
1612 2.9281E-015
1612 3.8576E-015
1613 2.1716E-015
1613 3.3397E-015
1614 3.7281E-015
1615 3.5486E-015
1615 4.7363E-015
1616 4.5100E-015
1616 3.7688E-015
1617 4.3673E-015
1617 4.8817E-015
1618 3.5323E-015
1619 2.8312E-015
1619 3.3912E-015
1620 2.9274E-015
1620 3.0138E-015
1621 2.6010E-015
1622 2.0580E-015
1622 3.9444E-015
1623 4.1742E-015
1623 4.4837E-015
1624 4.6466E-015
1624 6.6744E-015
1625 6.2116E-015
1626 4.5400E-015
1626 4.2692E-015
1627 5.2834E-015
1627 4.1716E-015
1628 4.5377E-015
1629 4.0341E-015
1629 4.5074E-015
1630 3.0796E-015
1630 2.9859E-015
1631 4.7107E-015
1631 5.6109E-015
1632 6.9532E-015
1633 6.5165E-015
1633 4.6638E-015
1634 3.9626E-015
1634 4.9077E-015
1635 6.5296E-015
1636 5.8025E-015
1636 5.7915E-015
1637 6.3227E-015
1637 5.1919E-015
1638 5.8948E-015
1638 8.1634E-015
1639 5.4129E-015
1640 7.9458E-015
1640 6.7808E-015
1641 6.3763E-015
1641 7.2641E-015
1642 7.3695E-015
1643 8.1547E-015
1643 7.7932E-015
1644 9.0931E-015
1644 7.8370E-015
1645 9.6591E-015
1645 8.9069E-015
1646 1.2006E-014
1647 9.6175E-015
1647 1.0526E-014
1648 1.0445E-014
1648 8.9967E-015
1649 9.7332E-015
1650 6.3301E-015
1650 8.0302E-015
1651 9.2871E-015
1651 1.0163E-014
1652 8.8485E-015
1652 1.0713E-014
1653 1.1316E-014
1654 1.0585E-014
1654 7.7216E-015
1655 6.0153E-015
1655 6.5013E-015
1656 5.4931E-015
1657 2.8412E-015
1657 2.0561E-015
1658 3.2254E-015
1658 5.3399E-015
1659 4.4961E-015
1659 9.4069E-015
1660 1.2090E-014
1661 8.7435E-015
1661 1.1169E-014
1662 1.3538E-014
1662 1.4868E-014
1663 9.4682E-015
1664 1.4206E-014
1664 1.4164E-014
1665 1.4065E-014
1665 1.3817E-014
1666 1.2548E-014
1666 1.3699E-014
1667 1.0622E-014
1668 1.1073E-014
1668 1.0606E-014
1669 8.8285E-015
1669 8.4743E-015
1670 7.9451E-015
1670 8.2846E-015
1671 5.8743E-015
1672 9.5456E-015
1672 8.9467E-015
1673 1.0501E-014
1673 1.4241E-014
1674 9.1306E-015
1675 9.9639E-015
1675 1.2786E-014
1676 1.3010E-014
1676 1.3702E-014
1677 1.4562E-014
1677 1.5726E-014
1678 1.3826E-014
1680 1.5686E-014
1682 1.2672E-014
1683 1.4683E-014
1685 1.5436E-014
1686 1.4687E-014
1688 1.2755E-014
1689 1.6094E-014
1691 1.3962E-014
1692 1.5720E-014
1694 1.4932E-014
1695 1.4355E-014
1697 1.4454E-014
1699 1.3357E-014
1700 1.4865E-014
1702 1.6442E-014
1703 1.7227E-014
1705 1.8397E-014
1706 1.7696E-014
1708 1.9171E-014
1709 2.0473E-014
1711 1.9867E-014
1712 1.9906E-014
1714 1.9992E-014
1715 2.1945E-014
1717 2.4589E-014
1719 2.5240E-014
1720 2.0246E-014
1722 2.1731E-014
1723 2.2886E-014
1725 2.1859E-014
1726 2.0737E-014
1728 2.6096E-014
1729 2.5976E-014
1731 2.7042E-014
1732 2.4844E-014
1734 2.5017E-014
1736 2.4788E-014
1737 2.5204E-014
1739 2.4969E-014
1740 2.5725E-014
1742 2.4701E-014
1743 2.5697E-014
1745 2.6698E-014
1746 2.7164E-014
1748 2.4822E-014
1749 2.6176E-014
1751 2.7254E-014
1753 2.8095E-014
1754 2.9988E-014
1756 3.0666E-014
1757 2.9635E-014
1759 2.8717E-014
1760 2.8215E-014
1762 2.6369E-014
1763 2.5849E-014
1765 2.2420E-014
1766 2.3662E-014
1768 2.6793E-014
1770 2.9122E-014
1771 2.7763E-014
1773 2.7561E-014
1774 2.9714E-014
1776 2.9871E-014
1777 3.2358E-014
1779 3.0597E-014
1780 3.3190E-014
1782 3.1845E-014
1783 3.0467E-014
1785 3.0395E-014
1787 3.1746E-014
1788 3.2627E-014
1790 3.2950E-014
1791 3.3733E-014
1793 3.4740E-014
1794 3.4755E-014
1796 3.6786E-014
1797 3.2666E-014
1799 3.4867E-014
1800 3.4630E-014
1802 3.5125E-014
1804 3.5029E-014
1805 3.3950E-014
1807 2.9851E-014
1808 3.0403E-014
1810 2.7351E-014
1811 3.2485E-014
1813 3.3021E-014
1814 3.2622E-014
1816 3.0437E-014
1817 3.0472E-014
1819 3.0957E-014
1821 3.0730E-014
1822 3.0645E-014
1824 3.3465E-014
1825 3.0414E-014
1827 3.2587E-014
1828 3.1892E-014
1830 3.0559E-014
1831 3.0215E-014
1833 3.1334E-014
1834 3.0790E-014
1836 2.9422E-014
1838 3.0298E-014
1839 2.9167E-014
1841 2.6082E-014
1842 2.5234E-014
1844 2.8006E-014
1845 2.7749E-014
1847 2.5695E-014
1848 2.6403E-014
1850 2.6978E-014
1851 2.6681E-014
1853 2.4242E-014
1855 2.7297E-014
1856 3.0209E-014
1858 2.8818E-014
1859 2.8597E-014
1861 2.9043E-014
1862 2.9629E-014
1864 2.9104E-014
1865 2.9414E-014
1867 2.9161E-014
1868 3.1177E-014
1870 3.1839E-014
1872 3.1581E-014
1873 3.0417E-014
1875 3.0174E-014
1876 2.9894E-014
1878 3.1188E-014
1879 3.0756E-014
1881 3.1695E-014
1882 3.3078E-014
1884 3.3549E-014
1885 3.4268E-014
1887 3.3516E-014
1889 3.3045E-014
1890 3.3202E-014
1892 3.2755E-014
1893 3.2221E-014
1895 3.4134E-014
1896 3.1925E-014
1898 3.0453E-014
1899 2.9760E-014
1901 2.9495E-014
1902 3.0081E-014
1904 3.3155E-014
1906 3.1327E-014
1907 3.2068E-014
1909 3.1145E-014
1910 3.1109E-014
1912 3.0733E-014
1913 3.3178E-014
1915 3.1774E-014
1916 3.2748E-014
1918 3.3850E-014
1919 3.2646E-014
1921 3.5913E-014
1923 3.2195E-014
1924 3.1940E-014
1926 3.1971E-014
1927 3.0184E-014
1929 3.1234E-014
1930 2.7410E-014
1932 2.4609E-014
1933 2.7269E-014
1935 2.9249E-014
1936 2.9703E-014
1938 3.1211E-014
1940 3.3054E-014
1941 3.2742E-014
1943 3.3722E-014
1944 3.5436E-014
1946 3.3971E-014
1947 3.4652E-014
1949 3.2949E-014
1950 3.3009E-014
1952 3.3070E-014
1953 3.2895E-014
1955 3.5139E-014
1957 3.4932E-014
1958 3.4399E-014
1960 3.3653E-014
1961 3.4561E-014
1963 3.2508E-014
1964 3.3445E-014
1966 3.5318E-014
1967 3.5077E-014
1969 3.5021E-014
1970 3.4941E-014
1972 3.6182E-014
1974 3.4810E-014
1975 3.5451E-014
1977 3.5029E-014
1978 3.4294E-014
1980 3.5436E-014
1981 3.5245E-014
1983 3.4910E-014
1984 3.1796E-014
1986 3.4604E-014
1987 3.4603E-014
1989 3.2795E-014
1991 3.3455E-014
1992 3.1878E-014
1994 3.2764E-014
1995 3.0927E-014
1997 3.3468E-014
1998 3.2596E-014
2000 3.0727E-014
2001 3.1939E-014
2003 3.2625E-014
2004 3.3580E-014
2006 3.1309E-014
2008 3.1979E-014
2009 3.2817E-014
2011 3.2589E-014
2012 2.9981E-014
2014 3.0307E-014
2015 3.2014E-014
2017 3.0100E-014
2018 3.1536E-014
2020 3.1410E-014
2021 3.0267E-014
2023 3.0610E-014
2025 3.0970E-014
2026 2.9679E-014
2028 3.0415E-014
2029 3.2036E-014
2031 3.2284E-014
2032 3.1691E-014
2034 3.0849E-014
2035 3.1089E-014
2037 3.2355E-014
2038 3.0377E-014
2040 3.1156E-014
2042 3.0491E-014
2043 3.3982E-014
2045 3.4379E-014
2046 3.2907E-014
2048 3.5525E-014
2049 3.5039E-014
2051 3.5343E-014
2052 3.2654E-014
2054 3.3617E-014
2055 3.0481E-014
2057 3.0695E-014
2059 3.2543E-014
2060 3.2511E-014
2062 3.1941E-014
2063 2.9251E-014
2065 3.0865E-014
2066 3.0942E-014
2068 3.3011E-014
2069 3.1945E-014
2071 3.3295E-014
2072 3.3070E-014
2074 3.3787E-014
2076 3.3787E-014
2077 3.5778E-014
2079 3.5331E-014
2080 3.4363E-014
2082 3.4043E-014
2083 3.3587E-014
2085 3.3250E-014
2086 3.3408E-014
2088 3.5549E-014
2089 3.4024E-014
2091 3.4233E-014
2093 3.3730E-014
2094 3.3502E-014
2096 3.2348E-014
2097 3.2556E-014
2099 3.1599E-014
2100 3.3154E-014
2102 3.2718E-014
2103 3.2159E-014
2105 3.2106E-014
2107 3.2978E-014
2108 3.1237E-014
2110 3.0631E-014
2111 2.9771E-014
2113 2.9911E-014
2114 3.0138E-014
2116 3.3003E-014
2117 3.3972E-014
2119 3.5316E-014
2120 3.4981E-014
2122 3.3719E-014
2124 3.1281E-014
2125 3.1104E-014
2127 3.0405E-014
2128 3.0242E-014
2130 2.8050E-014
2131 2.6974E-014
2133 2.5857E-014
2134 2.3892E-014
2136 2.4187E-014
2137 2.8076E-014
2139 2.8249E-014
2141 2.9273E-014
2142 3.1436E-014
2144 3.2108E-014
2145 3.2023E-014
2147 3.0729E-014
2148 3.0279E-014
2150 2.9931E-014
2151 2.9488E-014
2153 3.0799E-014
2154 3.1043E-014
2156 3.1538E-014
2158 3.0372E-014
2159 2.9923E-014
2161 2.9044E-014
2162 2.8995E-014
2164 2.8818E-014
2165 2.9228E-014
2167 2.7376E-014
2168 2.8444E-014
2170 2.7468E-014
2171 2.8387E-014
2173 2.8393E-014
2175 2.7177E-014
2176 2.7414E-014
2178 2.8886E-014
2179 3.1253E-014
2181 3.1359E-014
2182 3.2664E-014
2184 3.2171E-014
2185 2.9875E-014
2187 2.8686E-014
2188 2.9666E-014
2190 3.1325E-014
2192 3.0751E-014
2193 3.0684E-014
2195 3.4136E-014
2196 3.5076E-014
2198 3.3615E-014
2199 3.3794E-014
2201 3.2118E-014
2202 3.2001E-014
2204 3.3088E-014
2206 3.2743E-014
2207 2.9765E-014
2209 2.9019E-014
2210 2.6278E-014
2212 2.6946E-014
2213 2.8369E-014
2215 2.8417E-014
2216 2.8137E-014
2218 2.8552E-014
2219 2.9566E-014
2221 2.9922E-014
2223 3.0446E-014
2224 2.8221E-014
2226 2.9259E-014
2227 2.9471E-014
2229 3.0000E-014
2230 3.1266E-014
2232 3.1929E-014
2233 3.2721E-014
2235 3.2438E-014
2236 3.2605E-014
2238 3.2068E-014
2240 3.2716E-014
2241 3.1026E-014
2243 2.8625E-014
2244 2.8181E-014
2246 2.8881E-014
2247 2.7730E-014
2249 2.6458E-014
2250 2.6689E-014
2252 2.7445E-014
2253 2.6839E-014
2255 2.6227E-014
2257 2.6451E-014
2258 2.7998E-014
2260 2.8134E-014
2261 2.8132E-014
2263 2.9480E-014
2264 2.7444E-014
2266 2.7415E-014
2267 2.7111E-014
2269 2.7995E-014
2271 2.9108E-014
2272 3.0188E-014
2274 3.0549E-014
2275 2.9240E-014
2277 2.8889E-014
2278 2.9167E-014
2280 3.0475E-014
2281 3.1580E-014
2283 3.2324E-014
2284 3.2205E-014
2286 3.2541E-014
2288 3.1552E-014
2289 3.1059E-014
2291 3.1009E-014
2292 3.0781E-014
2294 3.0289E-014
2295 2.8435E-014
2297 2.7183E-014
2298 2.5238E-014
2300 2.6226E-014
2301 2.7945E-014
2303 2.9473E-014
2305 2.8340E-014
2306 2.9150E-014
2308 2.8897E-014
2309 2.8851E-014
2311 2.9737E-014
2312 2.6592E-014
2314 2.5806E-014
2315 2.7376E-014
2317 2.8746E-014
2318 2.7628E-014
2320 2.8605E-014
2322 2.9426E-014
2323 2.9946E-014
2325 2.9442E-014
2326 2.5596E-014
2328 2.5978E-014
2329 2.8838E-014
2331 2.7401E-014
2332 2.6033E-014
2334 2.6113E-014
2336 2.5926E-014
2337 2.6148E-014
2339 2.4462E-014
2340 2.4841E-014
2342 2.4619E-014
2343 2.2975E-014
2345 1.8996E-014
2346 2.1515E-014
2348 2.4064E-014
2349 2.4662E-014
2351 2.8255E-014
2353 2.8174E-014
2354 2.7416E-014
2356 2.6699E-014
2357 2.7765E-014
2359 2.5966E-014
2360 2.3238E-014
2362 2.4733E-014
2363 2.7637E-014
2365 2.5923E-014
2366 2.6057E-014
2368 2.6618E-014
2370 2.6942E-014
2371 2.7631E-014
2373 2.7283E-014
2374 2.4438E-014
2376 2.4511E-014
2377 2.7873E-014
2379 2.6320E-014
2380 2.3606E-014
2382 1.9427E-014
2384 1.8517E-014
2385 2.3984E-014
2387 2.6065E-014
2388 2.3880E-014
2390 2.2435E-014
2391 2.5772E-014
2393 2.7475E-014
2394 2.6797E-014
2396 2.2778E-014
2397 2.3914E-014
2399 2.4269E-014
2401 2.3467E-014
2402 2.6065E-014
2404 2.5243E-014
2405 2.2080E-014
2407 2.1457E-014
2408 2.2911E-014
2410 2.3148E-014
2411 2.2813E-014
2413 2.3593E-014
2414 2.5798E-014
2416 2.5938E-014
2418 2.6301E-014
2419 2.7409E-014
2421 3.0945E-014
2422 3.1697E-014
2424 2.9580E-014
2425 2.6421E-014
2427 2.8671E-014
2428 2.7967E-014
2430 2.6784E-014
2432 2.8102E-014
2433 2.8061E-014
2435 2.7475E-014
2436 2.6014E-014
2438 2.7549E-014
2439 2.7494E-014
2441 2.9173E-014
2442 3.0282E-014
2444 3.0489E-014
2445 2.8378E-014
2447 2.7098E-014
2449 2.8877E-014
2450 2.7095E-014
2452 2.7087E-014
2453 2.8844E-014
2455 2.7579E-014
2456 2.8760E-014
2458 2.8307E-014
2459 2.8006E-014
2461 2.7680E-014
2462 2.6726E-014
2464 2.6642E-014
2466 2.6711E-014
2467 2.7170E-014
2469 2.8907E-014
2470 2.7048E-014
2472 2.7238E-014
2473 2.7178E-014
2475 2.6726E-014
2476 2.8529E-014
2478 2.7305E-014
2480 2.6373E-014
2481 2.7359E-014
2483 2.7695E-014
2484 2.6538E-014
2486 2.7629E-014
2487 2.8570E-014
2489 2.8835E-014
2490 2.6069E-014
2492 2.4539E-014
2493 2.7341E-014
2495 2.9028E-014
2497 3.1721E-014
2498 3.1814E-014
2500 3.0513E-014
2501 3.1476E-014
2503 2.9660E-014
2504 3.0863E-014
2506 2.9482E-014
2507 2.6913E-014
2509 2.9487E-014
2510 3.0255E-014
2512 2.8008E-014
2514 2.7764E-014
2515 2.7320E-014
2517 2.6800E-014
2518 2.6955E-014
2520 2.5731E-014
2521 2.5257E-014
2523 2.4380E-014
2524 2.4593E-014
2526 2.2524E-014
2528 2.1926E-014
2529 2.1806E-014
2531 2.2006E-014
2532 2.5067E-014
2534 2.6025E-014
2535 2.2870E-014
2537 2.3951E-014
2538 2.2475E-014
2540 2.2732E-014
2541 2.4414E-014
2543 2.3714E-014
2545 2.4297E-014
2546 2.3477E-014
2548 2.3020E-014
2549 2.2277E-014
2551 2.3291E-014
2552 2.7067E-014
2554 2.9495E-014
2555 2.9013E-014
2557 2.8012E-014
2559 2.9071E-014
2560 2.9403E-014
2562 2.7977E-014
2563 2.7642E-014
2565 2.8015E-014
2566 3.0284E-014
2568 3.0633E-014
2569 3.1727E-014
2571 3.0668E-014
2572 3.0587E-014
2574 2.9911E-014
2576 2.9245E-014
2577 2.9467E-014
2579 2.9918E-014
2580 3.1570E-014
2582 3.1807E-014
2583 2.9499E-014
2585 2.8934E-014
2586 2.7096E-014
2588 2.9034E-014
2590 3.1221E-014
2591 3.1947E-014
2593 3.0401E-014
2594 2.9063E-014
2596 3.0856E-014
2597 3.1084E-014
2599 2.5016E-014
2600 2.3059E-014
2602 2.9745E-014
2603 3.1451E-014
2605 2.9044E-014
2607 2.5215E-014
2608 2.5141E-014
2610 2.7528E-014
2611 2.5833E-014
2613 2.5502E-014
2614 2.7074E-014
2616 3.0169E-014
2617 3.1058E-014
2619 2.8778E-014
2620 3.0092E-014
2622 3.0379E-014
2624 3.1752E-014
2625 3.0642E-014
2627 2.9672E-014
2628 2.9710E-014
2630 2.8246E-014
2631 2.5937E-014
2633 2.6750E-014
2634 3.2111E-014
2636 3.4912E-014
2638 3.5264E-014
2639 3.4214E-014
2641 3.6320E-014
2642 3.7537E-014
2644 3.7620E-014
2645 3.8398E-014
2647 3.7758E-014
2648 3.8089E-014
2650 3.6860E-014
2651 3.7121E-014
2653 3.6938E-014
2655 3.6733E-014
2656 3.7602E-014
2658 3.7379E-014
2659 3.5769E-014
2661 3.5633E-014
2662 3.4956E-014
2664 3.2716E-014
2665 3.2903E-014
2667 3.1521E-014
2669 3.2805E-014
2670 3.2852E-014
2672 3.3959E-014
2673 3.2681E-014
2675 3.4270E-014
2676 3.5226E-014
2678 3.5171E-014
2679 3.3597E-014
2681 3.3907E-014
2682 3.4780E-014
2684 3.6228E-014
2686 3.3780E-014
2687 3.3266E-014
2689 3.2446E-014
2690 3.3248E-014
2692 3.1904E-014
2693 3.1327E-014
2695 3.1670E-014
2696 3.3879E-014
2698 3.2012E-014
2700 3.1900E-014
2701 3.3368E-014
2703 3.4293E-014
2704 3.4279E-014
2706 3.3017E-014
2707 3.2276E-014
2709 3.1543E-014
2710 3.0847E-014
2712 3.1740E-014
2713 3.2728E-014
2715 3.2873E-014
2717 3.3645E-014
2718 3.1762E-014
2720 3.2349E-014
2721 3.3482E-014
2723 3.2612E-014
2724 3.2955E-014
2726 3.2775E-014
2727 3.1993E-014
2729 3.2884E-014
2731 3.4092E-014
2732 3.4861E-014
2734 3.4088E-014
2735 3.3649E-014
2737 3.2633E-014
2738 3.0731E-014
2740 3.0122E-014
2741 3.0482E-014
2743 2.9042E-014
2744 2.8622E-014
2746 2.8441E-014
2748 2.8546E-014
2749 2.6742E-014
2751 2.7315E-014
2752 2.8846E-014
2754 3.0428E-014
2755 2.9517E-014
2757 2.8833E-014
2758 3.0584E-014
2760 3.1828E-014
2762 3.1997E-014
2763 3.0517E-014
2765 3.2134E-014
2766 3.2140E-014
2768 3.1154E-014
2769 3.1836E-014
2771 3.2423E-014
2772 3.4020E-014
2774 3.4264E-014
2776 3.4014E-014
2777 3.1902E-014
2779 3.1351E-014
2780 3.0437E-014
2782 3.1010E-014
2783 3.1468E-014
2785 2.9730E-014
2786 3.1574E-014
2788 3.2644E-014
2789 3.0478E-014
2791 2.7273E-014
2793 2.3339E-014
2794 1.8701E-014
2796 1.3355E-014
2797 1.3278E-014
2799 1.6824E-014
2800 1.8861E-014
2802 1.6810E-014
2803 1.4465E-014
2805 1.9589E-014
2807 2.6495E-014
2808 3.0242E-014
2810 3.1786E-014
2811 3.2416E-014
2813 3.3501E-014
2814 3.4684E-014
2816 3.5326E-014
2817 3.6084E-014
2819 3.5947E-014
2820 3.8440E-014
2822 3.6762E-014
2824 3.7435E-014
2825 3.7224E-014
2827 3.6611E-014
2828 3.5883E-014
2830 3.5346E-014
2831 3.5373E-014
2833 3.4751E-014
2834 3.6270E-014
2836 3.5723E-014
2838 3.4526E-014
2839 3.3807E-014
2841 3.3079E-014
2842 3.2107E-014
2844 3.2496E-014
2845 3.4429E-014
2847 3.4455E-014
2848 3.2577E-014
2850 3.0495E-014
2851 2.9362E-014
2853 2.8673E-014
2855 3.1640E-014
2856 3.3002E-014
2858 3.1823E-014
2859 3.2431E-014
2861 3.5637E-014
2862 3.4912E-014
2864 3.4684E-014
2865 3.3908E-014
2867 3.2774E-014
2869 3.3209E-014
2870 3.2926E-014
2872 3.3683E-014
2873 3.4233E-014
2875 3.3088E-014
2876 3.2982E-014
2878 3.2831E-014
2879 3.2235E-014
2881 3.3599E-014
2883 3.4836E-014
2884 3.5057E-014
2886 3.6484E-014
2887 3.6043E-014
2889 3.4130E-014
2890 3.3528E-014
2892 3.3258E-014
2893 3.1648E-014
2895 3.4709E-014
2896 3.4238E-014
2898 3.4235E-014
2900 3.6081E-014
2901 3.8889E-014
2903 3.8202E-014
2904 3.9263E-014
2906 3.8749E-014
2907 3.7590E-014
2909 3.6404E-014
2910 3.6787E-014
2912 3.7394E-014
2914 3.7263E-014
2915 3.9021E-014
2917 3.7561E-014
2918 3.8386E-014
2920 3.9524E-014
2921 3.7578E-014
2923 3.5457E-014
2924 3.5312E-014
2926 3.6689E-014
2928 3.4891E-014
2929 3.4286E-014
2931 3.7166E-014
2932 3.6323E-014
2934 3.6952E-014
2935 3.6792E-014
2937 3.4938E-014
2938 3.5684E-014
2940 3.5634E-014
2941 3.6672E-014
2943 3.6944E-014
2945 3.6947E-014
2946 3.6333E-014
2948 3.5586E-014
2949 3.4631E-014
2951 3.5491E-014
2952 3.7223E-014
2954 3.6354E-014
2955 3.6270E-014
2957 3.7951E-014
2959 4.0500E-014
2960 3.8319E-014
2962 3.7417E-014
2963 3.8230E-014
2965 3.7548E-014
2966 3.5581E-014
2968 3.6123E-014
2969 3.6078E-014
2971 3.6141E-014
2973 3.6512E-014
2974 3.7072E-014
2976 3.8240E-014
2977 3.6934E-014
2979 3.6979E-014
2980 3.6259E-014
2982 3.6197E-014
2983 3.6420E-014
2985 3.5881E-014
2986 3.7010E-014
2988 3.6281E-014
2990 3.9595E-014
2991 3.8230E-014
2993 4.0330E-014
2994 3.9023E-014
2996 3.8865E-014
2997 3.9169E-014
2999 3.8750E-014
3000 3.7677E-014
3002 3.5862E-014
3004 3.5912E-014
3005 3.8012E-014
3007 4.0016E-014
3008 3.8444E-014
3010 3.9138E-014
3011 4.0402E-014
3013 3.9817E-014
3014 3.8550E-014
3016 3.7514E-014
3018 3.7589E-014
3019 3.7072E-014
3021 3.6012E-014
3022 3.6804E-014
3024 3.8456E-014
3025 3.9092E-014
3027 3.9236E-014
3028 3.8378E-014
3030 3.8965E-014
3031 3.9805E-014
3033 3.8959E-014
3035 3.8932E-014
3036 3.8629E-014
3038 3.8217E-014
3039 3.6208E-014
3041 3.9163E-014
3042 3.8318E-014
3044 3.8283E-014
3045 3.9197E-014
3047 3.8833E-014
3049 3.7896E-014
3050 3.8251E-014
3052 3.8196E-014
3053 3.9064E-014
3055 3.9036E-014
3056 3.7794E-014
3058 3.6101E-014
3059 3.7903E-014
3061 3.9509E-014
3063 3.8105E-014
3064 3.9151E-014
3065 3.6734E-014
3068 3.8157E-014
3071 3.6538E-014
3073 3.7225E-014
3076 3.7205E-014
3079 3.8091E-014
3082 4.0977E-014
3084 3.9666E-014
3087 3.8893E-014
3090 3.7161E-014
3093 3.6225E-014
3095 3.5992E-014
3098 3.6168E-014
3101 3.5333E-014
3104 3.6476E-014
3106 3.8405E-014
3109 3.9470E-014
3112 3.8507E-014
3115 3.6729E-014
3117 3.4940E-014
3120 3.5796E-014
3123 3.6334E-014
3126 3.7770E-014
3128 3.7809E-014
3131 3.7346E-014
3134 3.6179E-014
3137 3.7546E-014
3139 3.8038E-014
3142 3.8423E-014
3145 3.8100E-014
3148 3.8180E-014
3150 3.8779E-014
3153 3.8904E-014
3156 3.7238E-014
3158 3.6140E-014
3161 3.6067E-014
3164 3.7991E-014
3167 3.8194E-014
3169 3.8279E-014
3172 3.9753E-014
3175 3.8442E-014
3178 3.6983E-014
3180 3.5751E-014
3183 3.6329E-014
3186 3.7872E-014
3189 3.7369E-014
3191 3.6821E-014
3194 3.5380E-014
3197 3.7123E-014
3200 3.8469E-014
3202 3.9775E-014
3205 3.9081E-014
3208 3.7862E-014
3211 3.6405E-014
3213 3.5918E-014
3216 3.6448E-014
3219 3.7083E-014
3222 3.7978E-014
3224 3.7067E-014
3227 3.4630E-014
3230 3.4950E-014
3233 3.4661E-014
3235 3.5213E-014
3238 3.6021E-014
3241 3.6713E-014
3244 3.6941E-014
3246 3.9682E-014
3249 3.7307E-014
3252 3.7387E-014
3255 3.7216E-014
3257 3.8693E-014
3260 3.8110E-014
3263 3.8768E-014
3266 3.8931E-014
3268 3.8675E-014
3271 3.8023E-014
3274 3.6134E-014
3277 3.6205E-014
3279 3.7083E-014
3282 3.8607E-014
3285 3.8619E-014
3288 3.8032E-014
3290 3.8524E-014
3293 4.0118E-014
3296 3.9058E-014
3299 3.9334E-014
3301 3.9062E-014
3304 3.8315E-014
3307 3.8544E-014
3310 3.8846E-014
3312 3.8709E-014
3315 3.9212E-014
3318 3.8215E-014
3321 3.7496E-014
3323 3.8132E-014
3326 3.8095E-014
3329 3.7781E-014
3332 3.9223E-014
3334 3.7881E-014
3337 3.6855E-014
3340 3.5972E-014
3343 3.7094E-014
3345 3.8412E-014
3348 3.6626E-014
3351 3.7139E-014
3354 3.8409E-014
3356 3.8330E-014
3359 3.7892E-014
3362 3.6459E-014
3365 3.8363E-014
3367 3.7173E-014
3370 3.6369E-014
3373 3.6804E-014
3376 3.8033E-014
3378 3.7519E-014
3381 3.6825E-014
3384 3.7418E-014
3387 3.8235E-014
3389 3.8780E-014
3392 3.7451E-014
3395 3.7931E-014
3398 3.9771E-014
3400 3.9556E-014
3403 3.8681E-014
3406 3.8456E-014
3409 3.7800E-014
3411 3.8596E-014
3414 3.7312E-014
3417 3.8047E-014
3419 3.9100E-014
3422 3.8341E-014
3425 3.8117E-014
3428 3.9548E-014
3430 3.9496E-014
3433 3.9190E-014
3436 3.8940E-014
3439 3.7718E-014
3441 3.5936E-014
3444 3.6574E-014
3447 3.7911E-014
3450 3.9467E-014
3452 3.8039E-014
3455 3.8716E-014
3458 3.7031E-014
3461 3.7463E-014
3463 3.8488E-014
3466 3.8073E-014
3469 3.7920E-014
3472 3.8090E-014
3474 3.7139E-014
3477 3.6488E-014
3480 3.8186E-014
3483 3.7809E-014
3485 3.8376E-014
3488 3.8048E-014
3491 3.6955E-014
3494 3.6449E-014
3496 3.6261E-014
3499 3.7047E-014
3502 3.7775E-014
3505 3.8339E-014
3507 3.7615E-014
3510 3.7474E-014
3513 3.7673E-014
3516 3.7505E-014
3518 3.8226E-014
3521 3.8418E-014
3524 3.8169E-014
3527 3.7385E-014
3529 3.8752E-014
3532 3.8708E-014
3535 3.8615E-014
3538 3.8533E-014
3540 3.8057E-014
3543 3.9238E-014
3546 3.8540E-014
3549 3.8888E-014
3551 3.9329E-014
3554 3.8501E-014
3557 3.7984E-014
3560 3.8775E-014
3562 3.8738E-014
3565 3.7569E-014
3568 3.6656E-014
3571 3.6729E-014
3573 3.6587E-014
3576 3.7312E-014
3579 3.7657E-014
3582 3.6747E-014
3584 3.6554E-014
3587 3.6349E-014
3590 3.7076E-014
3593 3.7292E-014
3595 3.7616E-014
3598 3.8245E-014
3601 3.8289E-014
3604 3.7761E-014
3606 3.6890E-014
3609 3.7342E-014
3612 3.7097E-014
3615 3.6875E-014
3617 3.7828E-014
3620 3.7097E-014
3623 3.8644E-014
3626 3.8819E-014
3628 3.7665E-014
3631 3.6532E-014
3634 3.7027E-014
3637 3.8288E-014
3639 3.8358E-014
3642 3.7493E-014
3645 3.7254E-014
3648 3.7132E-014
3650 3.7089E-014
3653 3.7968E-014
3656 3.8810E-014
3659 3.8930E-014
3661 3.8762E-014
3664 3.8968E-014
3667 3.8952E-014
3670 3.9379E-014
3672 3.9142E-014
3675 3.8449E-014
3678 3.8135E-014
3681 3.7526E-014
3683 3.6955E-014
3686 3.6706E-014
3689 3.7887E-014
3692 3.8819E-014
3694 3.9855E-014
3697 3.9005E-014
3700 3.9988E-014
3703 3.8357E-014
3705 3.7453E-014
3708 3.9195E-014
3711 3.7148E-014
3714 3.9190E-014
3716 4.4340E-014
3719 4.4068E-014
3722 3.7807E-014
3725 4.1248E-014
3727 4.7379E-014
3730 4.7145E-014
3733 4.0271E-014
3736 3.8105E-014
3738 4.3205E-014
3741 5.1466E-014
3744 5.2119E-014
3747 4.5111E-014
3749 3.8006E-014
3752 3.9383E-014
3755 4.9389E-014
3758 5.4677E-014
3760 5.6436E-014
3763 5.6136E-014
3766 5.2559E-014
3769 4.3834E-014
3771 3.9876E-014
3774 4.4726E-014
3777 5.6593E-014
3780 6.5208E-014
3782 7.0857E-014
3785 7.0004E-014
3788 6.8041E-014
3791 6.2213E-014
3793 5.4207E-014
3796 4.4374E-014
3799 3.8721E-014
3802 4.6721E-014
3804 5.8841E-014
3807 6.6030E-014
3810 7.3383E-014
3813 7.6614E-014
3815 7.6075E-014
3818 7.8352E-014
3821 7.6574E-014
3824 7.3214E-014
3826 6.5689E-014
3829 5.9646E-014
3832 4.9763E-014
3835 3.8806E-014
3837 3.8895E-014
3840 4.7833E-014
3843 6.0108E-014
3846 6.9377E-014
3848 7.6036E-014
3851 8.0183E-014
3854 8.5174E-014
3857 8.5370E-014
3859 8.6214E-014
3862 8.7836E-014
3865 8.9962E-014
3868 8.9307E-014
3870 8.9300E-014
3873 8.4286E-014
3876 7.9138E-014
3879 7.2432E-014
3881 6.6863E-014
3884 5.8804E-014
3887 4.6714E-014
3889 3.8050E-014
3892 4.5853E-014
3895 5.4854E-014
3898 6.3563E-014
3900 6.9190E-014
3903 7.5349E-014
3906 8.0567E-014
3909 8.6871E-014
3911 9.0037E-014
3914 9.0647E-014
3917 9.3527E-014
3920 9.4932E-014
3922 9.4873E-014
3925 9.5903E-014
3928 9.1207E-014
3931 7.9089E-014
3933 6.1029E-014
3936 6.8156E-014
3939 8.5598E-014
3942 9.1084E-014
3944 9.0865E-014
3947 8.9012E-014
3950 8.6725E-014
3953 8.4150E-014
3955 8.0799E-014
3958 7.4935E-014
3961 6.7880E-014
3964 6.0395E-014
3966 4.7745E-014
3969 3.6999E-014
3972 3.8008E-014
3975 4.8964E-014
3977 5.9592E-014
3980 6.8085E-014
3983 7.5135E-014
3986 7.9278E-014
3988 8.4312E-014
3991 8.8401E-014
3994 9.1560E-014
3997 9.3191E-014
3999 9.4301E-014
4002 9.6095E-014
4005 9.5553E-014
4008 9.7311E-014
4010 9.9761E-014
4013 1.0030E-013
4016 1.0032E-013
4019 1.0140E-013
4021 1.0254E-013
4024 1.0069E-013
4027 1.0005E-013
4030 1.0002E-013
4032 9.9700E-014
4035 1.0058E-013
4038 1.0291E-013
4041 1.0318E-013
4043 1.0133E-013
4046 9.9305E-014
4049 9.9813E-014
4052 1.0030E-013
4054 9.8369E-014
4057 9.7766E-014
4060 9.7113E-014
4063 9.6419E-014
4065 9.3711E-014
4068 9.3033E-014
4071 9.1813E-014
4074 9.1141E-014
4076 8.7666E-014
4079 8.5565E-014
4082 8.6040E-014
4085 8.1831E-014
4087 7.9264E-014
4090 7.4144E-014
4093 6.7864E-014
4096 6.0382E-014
4098 5.0976E-014
4101 4.0496E-014
4104 3.9598E-014
4107 4.8076E-014
4109 5.8817E-014
4112 6.5819E-014
4115 7.3371E-014
4118 7.7557E-014
4120 8.0823E-014
4123 8.4024E-014
4126 8.6763E-014
4129 8.6495E-014
4131 8.9458E-014
4134 9.0344E-014
4137 9.3549E-014
4140 9.5469E-014
4142 9.5881E-014
4145 9.4886E-014
4148 9.5715E-014
4151 9.6282E-014
4153 9.5943E-014
4156 9.4939E-014
4159 9.5741E-014
4162 9.5076E-014
4164 9.6077E-014
4167 9.5385E-014
4170 9.5582E-014
4173 9.2586E-014
4175 9.3070E-014
4178 9.3896E-014
4181 9.4099E-014
4184 9.4667E-014
4186 9.2988E-014
4189 9.4739E-014
4192 9.6891E-014
4195 9.6050E-014
4197 9.4628E-014
4200 9.3658E-014
4203 9.3836E-014
4206 9.5477E-014
4208 9.7037E-014
4211 9.6303E-014
4214 9.5039E-014
4217 9.4460E-014
4219 9.3692E-014
4222 9.4397E-014
4225 9.3516E-014
4228 9.0787E-014
4230 9.2549E-014
4233 9.3089E-014
4236 9.1955E-014
4239 9.2422E-014
4241 9.4830E-014
4244 9.4072E-014
4247 9.2433E-014
4250 9.0845E-014
4252 9.1798E-014
4255 9.3320E-014
4258 9.3777E-014
4261 9.3851E-014
4263 9.2372E-014
4266 9.4168E-014
4269 9.2015E-014
4272 8.9950E-014
4274 8.8248E-014
4277 9.1082E-014
4280 9.1461E-014
4283 8.9784E-014
4285 8.9892E-014
4288 8.7079E-014
4291 8.5259E-014
4294 8.5824E-014
4296 8.5577E-014
4299 8.3828E-014
4302 8.1314E-014
4305 8.0963E-014
4307 8.1355E-014
4310 8.1325E-014
4313 8.0590E-014
4316 7.7957E-014
4318 7.6168E-014
4321 7.4803E-014
4324 7.2409E-014
4327 6.8673E-014
4329 6.5468E-014
4332 6.1048E-014
4335 5.3615E-014
4337 4.5864E-014
4340 3.7034E-014
4343 3.7247E-014
4346 4.5638E-014
4348 5.4673E-014
4351 5.9749E-014
4354 6.3733E-014
4357 6.9800E-014
4359 7.2934E-014
4362 7.6239E-014
4365 7.8990E-014
4368 7.9213E-014
4370 7.9626E-014
4373 8.0081E-014
4376 8.1072E-014
4379 8.3559E-014
4381 8.3304E-014
4384 8.1300E-014
4387 8.2118E-014
4390 8.3391E-014
4392 8.4660E-014
4395 8.2827E-014
4398 8.3849E-014
4401 8.4064E-014
4403 8.3704E-014
4406 8.4673E-014
4409 8.4875E-014
4412 8.6444E-014
4414 8.4850E-014
4417 8.3338E-014
4420 8.4350E-014
4423 8.4881E-014
4425 8.5558E-014
4428 8.6471E-014
4431 8.6362E-014
4434 8.4826E-014
4436 8.5759E-014
4439 8.6220E-014
4442 8.5000E-014
4445 8.3665E-014
4447 8.3837E-014
4450 8.3646E-014
4453 8.5486E-014
4456 8.4222E-014
4458 8.4054E-014
4461 8.4040E-014
4464 8.4353E-014
4467 8.4029E-014
4469 8.2294E-014
4472 8.3404E-014
4475 8.4960E-014
4478 8.3840E-014
4480 8.1313E-014
4483 8.0327E-014
4486 8.2496E-014
4489 8.3370E-014
4491 8.3346E-014
4494 8.3601E-014
4497 8.4659E-014
4500 8.3808E-014
4502 8.3220E-014
4505 8.3844E-014
4508 8.4301E-014
4511 8.3716E-014
4513 8.5052E-014
4516 8.3099E-014
4519 8.3105E-014
4522 8.2210E-014
4524 8.2185E-014
4527 8.2762E-014
4530 8.0993E-014
4533 8.1053E-014
4535 8.1172E-014
4538 8.2550E-014
4541 8.2814E-014
4544 8.2311E-014
4546 8.1075E-014
4549 7.9167E-014
4552 7.8305E-014
4555 7.9178E-014
4557 7.9818E-014
4560 8.0686E-014
4563 8.1136E-014
4566 8.0934E-014
4568 8.0962E-014
4571 8.0751E-014
4574 8.0904E-014
4577 8.1412E-014
4579 8.0632E-014
4582 7.8891E-014
4585 7.8889E-014
4587 7.9670E-014
4590 7.9853E-014
4593 8.0136E-014
4596 8.0930E-014
4598 8.0770E-014
4601 8.1094E-014
4604 8.1099E-014
4607 8.0713E-014
4609 8.0759E-014
4612 8.0952E-014
4615 8.0500E-014
4618 7.9846E-014
4620 7.8743E-014
4623 8.0100E-014
4626 8.0618E-014
4629 7.9770E-014
4631 7.8812E-014
4634 7.9067E-014
4637 7.8560E-014
4640 7.9003E-014
4642 8.0124E-014
4645 7.8661E-014
4648 7.8453E-014
4651 7.8579E-014
4653 7.9477E-014
4656 7.8649E-014
4659 7.8067E-014
4662 7.9056E-014
4664 7.8272E-014
4667 7.7519E-014
4670 7.7152E-014
4673 7.8258E-014
4675 7.8197E-014
4678 7.8363E-014
4681 7.7727E-014
4684 7.7232E-014
4686 7.7557E-014
4689 7.8878E-014
4692 7.7553E-014
4695 7.7778E-014
4697 7.7262E-014
4700 7.6928E-014
4703 7.6114E-014
4706 7.6335E-014
4708 7.6725E-014
4711 7.6219E-014
4714 7.6583E-014
4717 7.6572E-014
4719 7.7080E-014
4722 7.5887E-014
4725 7.5842E-014
4728 7.6117E-014
4730 7.5685E-014
4733 7.5333E-014
4736 7.5465E-014
4739 7.5268E-014
4741 7.4847E-014
4744 7.4581E-014
4747 7.5122E-014
4750 7.5455E-014
4752 7.5402E-014
4755 7.3116E-014
4758 7.5042E-014
4760 7.4342E-014
4763 7.3410E-014
4766 7.3082E-014
4769 7.3670E-014
4771 7.3548E-014
4774 7.3329E-014
4777 7.4002E-014
4780 7.2726E-014
4782 7.3302E-014
4785 7.2987E-014
4788 7.2213E-014
4791 7.2333E-014
4793 7.2231E-014
4796 7.2434E-014
4799 7.1829E-014
4802 7.1061E-014
4804 7.0688E-014
4807 6.9908E-014
4810 7.0028E-014
4813 7.0037E-014
4815 6.9805E-014
4818 6.9960E-014
4821 6.8827E-014
4824 6.8185E-014
4826 6.6426E-014
4829 6.6604E-014
4832 6.5823E-014
4835 6.4915E-014
4837 6.4019E-014
4840 6.2577E-014
4843 6.0708E-014
4846 5.8449E-014
4848 5.5905E-014
4851 5.3033E-014
4854 4.9283E-014
4857 4.3079E-014
4859 3.7239E-014
4862 3.2015E-014
4865 3.4631E-014
4868 4.0950E-014
4870 4.6680E-014
4873 4.9864E-014
4876 5.3177E-014
4879 5.6755E-014
4881 5.8838E-014
4884 5.9881E-014
4887 6.1304E-014
4890 6.1978E-014
4892 6.2371E-014
4895 6.3583E-014
4898 6.4828E-014
4900 6.5842E-014
4903 6.6575E-014
4906 6.6871E-014
4909 6.6470E-014
4911 6.6957E-014
4914 6.6356E-014
4917 6.6875E-014
4920 6.5478E-014
4922 6.5329E-014
4925 6.6278E-014
4928 6.6962E-014
4931 6.6519E-014
4933 6.7013E-014
4936 6.6467E-014
4939 6.7248E-014
4942 6.7447E-014
4944 6.8482E-014
4947 6.7770E-014
4950 6.7315E-014
4953 6.7599E-014
4955 6.7243E-014
4958 6.5663E-014
4961 6.6452E-014
4964 6.6948E-014
4966 6.7685E-014
4969 6.7514E-014
4972 6.7356E-014
4975 6.7474E-014
4977 6.7689E-014
4980 6.7456E-014
4983 6.6314E-014
4986 6.5321E-014
4988 6.6292E-014
4991 6.6496E-014
4994 6.6867E-014
4997 6.6757E-014
4999 6.6133E-014
5002 6.6240E-014
5005 6.5542E-014
5007 6.5235E-014
5010 6.5886E-014
5013 6.5692E-014
5016 6.5355E-014
5018 6.4083E-014
5021 6.3920E-014
5024 6.5186E-014
5027 6.5427E-014
5029 6.5351E-014
5032 6.5854E-014
5035 6.5860E-014
5038 6.5361E-014
5040 6.4551E-014
5043 6.4397E-014
5046 6.5008E-014
5049 6.5602E-014
5051 6.5296E-014
5054 6.4730E-014
5057 6.4977E-014
5060 6.4612E-014
5062 6.4543E-014
5065 6.4586E-014
5068 6.5223E-014
5071 6.4518E-014
5073 6.4722E-014
5076 6.4004E-014
5079 6.4958E-014
5082 6.4419E-014
5084 6.4556E-014
5087 6.4537E-014
5090 6.4683E-014
5093 6.4441E-014
5095 6.4560E-014
5098 6.4442E-014
5101 6.4289E-014
5103 6.4082E-014
5106 6.3863E-014
5109 6.3068E-014
5112 6.3588E-014
5114 6.4205E-014
5117 6.4529E-014
5120 6.4066E-014
5123 6.4001E-014
5125 6.3444E-014
5128 6.2861E-014
5131 6.2929E-014
5134 6.2626E-014
5136 6.1932E-014
5139 6.1855E-014
5142 6.2065E-014
5145 6.2734E-014
5147 6.2680E-014
5150 6.2145E-014
5153 6.2138E-014
5156 6.2247E-014
5158 6.2340E-014
5161 6.2102E-014
5164 6.1178E-014
5167 5.9201E-014
5169 5.7597E-014
5172 5.8052E-014
5175 5.8871E-014
5178 6.0899E-014
5180 6.0763E-014
5183 6.0635E-014
5186 5.9147E-014
5188 5.9726E-014
5191 5.9731E-014
5194 5.9952E-014
5197 6.0211E-014
5199 5.9893E-014
5202 6.0452E-014
5205 5.9915E-014
5208 5.9413E-014
5210 6.0481E-014
5213 6.0916E-014
5216 6.0065E-014
5219 6.0353E-014
5221 6.1168E-014
5224 5.9888E-014
5227 5.8964E-014
5230 5.8882E-014
5232 5.8357E-014
5235 5.8347E-014
5238 5.9573E-014
5241 6.0059E-014
5243 5.9988E-014
5246 5.9610E-014
5249 6.0185E-014
5252 5.9911E-014
5254 5.9868E-014
5257 5.9637E-014
5260 5.9023E-014
5262 5.7605E-014
5265 5.7485E-014
5268 5.7263E-014
5271 5.7121E-014
5273 5.7336E-014
5276 5.7763E-014
5279 5.8098E-014
5282 5.8138E-014
5284 5.8367E-014
5287 5.8359E-014
5290 5.9151E-014
5293 5.9211E-014
5295 5.9268E-014
5298 5.9071E-014
5301 5.9026E-014
5304 5.8810E-014
5306 5.8671E-014
5309 5.8372E-014
5312 5.8238E-014
5315 5.7434E-014
5317 5.7254E-014
5320 5.7255E-014
5323 5.7354E-014
5326 5.7368E-014
5328 5.5963E-014
5331 5.6460E-014
5334 5.7344E-014
5336 5.6803E-014
5339 5.6912E-014
5342 5.7317E-014
5345 5.7284E-014
5347 5.7483E-014
5350 5.7684E-014
5353 5.7383E-014
5356 5.8087E-014
5358 5.7596E-014
5361 5.7438E-014
5364 5.6529E-014
5367 5.6035E-014
5369 5.5566E-014
5372 5.5276E-014
5375 5.6567E-014
5378 5.6741E-014
5380 5.6673E-014
5383 5.5654E-014
5386 5.6197E-014
5389 5.6178E-014
5391 5.5606E-014
5394 5.5476E-014
5397 5.5708E-014
5399 5.5791E-014
5402 5.5495E-014
5405 5.5230E-014
5408 5.4525E-014
5410 5.4940E-014
5413 5.5202E-014
5416 5.4845E-014
5419 5.4749E-014
5421 5.5532E-014
5424 5.5255E-014
5427 5.4919E-014
5430 5.4846E-014
5432 5.5182E-014
5435 5.5252E-014
5438 5.5316E-014
5441 5.5274E-014
5443 5.5517E-014
5446 5.5248E-014
5449 5.4520E-014
5451 5.3770E-014
5456 5.3988E-014
5461 5.4580E-014
5465 5.3948E-014
5470 5.4937E-014
5475 5.4484E-014
5480 5.4051E-014
5485 5.3879E-014
5490 5.4022E-014
5495 5.4378E-014
5500 5.4465E-014
5504 5.3502E-014
5509 5.3686E-014
5514 5.3656E-014
5519 5.3479E-014
5524 5.3479E-014
5529 5.2685E-014
5534 5.2149E-014
5538 5.2448E-014
5543 5.3231E-014
5548 5.2556E-014
5553 5.2513E-014
5558 5.2462E-014
5563 5.2288E-014
5568 5.1941E-014
5573 5.2327E-014
5577 5.1360E-014
5582 5.1731E-014
5587 5.0838E-014
5592 5.1150E-014
5597 5.0981E-014
5602 5.1333E-014
5607 5.1334E-014
5612 5.1409E-014
5616 5.0903E-014
5621 5.1042E-014
5626 5.0191E-014
5631 5.0520E-014
5636 5.1220E-014
5641 5.0150E-014
5646 5.0116E-014
5651 5.0190E-014
5655 5.0685E-014
5660 5.0057E-014
5665 4.9842E-014
5670 4.9654E-014
5675 4.9906E-014
5680 4.9806E-014
5685 4.9528E-014
5690 4.9634E-014
5694 4.9164E-014
5699 4.8982E-014
5704 4.8702E-014
5709 4.8415E-014
5714 4.9009E-014
5719 4.9079E-014
5724 4.9375E-014
5729 4.8873E-014
5733 4.8627E-014
5738 4.8949E-014
5743 4.9023E-014
5748 4.8767E-014
5753 4.8146E-014
5758 4.7963E-014
5763 4.8143E-014
5768 4.7955E-014
5772 4.8145E-014
5777 4.7685E-014
5782 4.7772E-014
5787 4.7154E-014
5792 4.7390E-014
5797 4.7225E-014
5802 4.6973E-014
5807 4.7382E-014
5811 4.7357E-014
5816 4.6774E-014
5821 4.6972E-014
5826 4.7074E-014
5831 4.6565E-014
5836 4.7168E-014
5841 4.6458E-014
5846 4.6822E-014
5850 4.6704E-014
5855 4.6769E-014
5860 4.6480E-014
5865 4.6189E-014
5870 4.5911E-014
5875 4.5952E-014
5880 4.6320E-014
5885 4.5722E-014
5889 4.4013E-014
5894 4.3288E-014
5899 4.3596E-014
5904 4.4490E-014
5909 4.5568E-014
5914 4.5188E-014
5919 4.5152E-014
5924 4.5153E-014
5928 4.4838E-014
5933 4.5096E-014
5938 4.5449E-014
5943 4.4961E-014
5948 4.4607E-014
5953 4.4664E-014
5958 4.4379E-014
5963 4.4574E-014
5967 4.4641E-014
5972 4.4291E-014
5977 4.3602E-014
5982 4.3957E-014
5987 4.3739E-014
5992 4.4006E-014
5997 4.3845E-014
6002 4.3366E-014
6006 4.3318E-014
6011 4.3308E-014
6016 4.3872E-014
6021 4.3371E-014
6026 4.3170E-014
6031 4.3102E-014
6036 4.3247E-014
6041 4.3056E-014
6045 4.2767E-014
6050 4.2768E-014
6055 4.3005E-014
6060 4.2648E-014
6065 4.2637E-014
6070 4.2806E-014
6075 4.2457E-014
6080 4.2372E-014
6084 4.2317E-014
6089 4.2396E-014
6094 4.2292E-014
6099 4.1869E-014
6104 4.2275E-014
6109 4.2036E-014
6114 4.1377E-014
6119 4.1217E-014
6123 4.1409E-014
6128 4.1442E-014
6133 4.1692E-014
6138 4.1884E-014
6143 4.1246E-014
6148 4.1095E-014
6153 4.0762E-014
6158 4.0387E-014
6163 4.0443E-014
6167 4.0417E-014
6172 4.0729E-014
6177 4.0395E-014
6182 4.0481E-014
6187 4.0583E-014
6192 4.0313E-014
6197 4.0302E-014
6202 4.0648E-014
6206 4.0588E-014
6211 4.0505E-014
6216 4.0103E-014
6221 3.9824E-014
6226 3.9572E-014
6231 3.9935E-014
6236 3.9536E-014
6241 3.9349E-014
6245 3.9653E-014
6250 3.8763E-014
6255 3.9312E-014
6260 3.9313E-014
6265 3.9094E-014
6270 3.9460E-014
6275 3.8995E-014
6280 3.9223E-014
6284 3.8952E-014
6289 3.9291E-014
6294 3.9352E-014
6299 3.9373E-014
6304 3.8380E-014
6309 3.8537E-014
6314 3.8204E-014
6319 3.8012E-014
6323 3.8170E-014
6328 3.8203E-014
6333 3.7841E-014
6338 3.7666E-014
6343 3.7939E-014
6348 3.8080E-014
6353 3.7735E-014
6358 3.8145E-014
6363 3.7987E-014
6367 3.7544E-014
6372 3.7258E-014
6377 3.7490E-014
6382 3.7563E-014
6387 3.7762E-014
6392 3.7112E-014
6397 3.7386E-014
6402 3.7272E-014
6406 3.6864E-014
6411 3.6591E-014
6416 3.6502E-014
6421 3.6926E-014
6426 3.6819E-014
6431 3.6709E-014
6436 3.6378E-014
6441 3.5804E-014
6445 3.6073E-014
6450 3.6265E-014
6455 3.5897E-014
6460 3.5800E-014
6465 3.5911E-014
6470 3.5858E-014
6475 3.5727E-014
6480 3.5750E-014
6485 3.5619E-014
6489 3.5824E-014
6494 3.5456E-014
6499 3.5250E-014
6504 3.5138E-014
6509 3.4767E-014
6514 3.4843E-014
6519 3.4502E-014
6524 3.4326E-014
6528 3.3990E-014
6533 3.3499E-014
6538 3.2705E-014
6543 3.1696E-014
6548 3.0682E-014
6553 2.8472E-014
6558 2.6321E-014
6563 2.3787E-014
6567 2.3351E-014
6572 2.5904E-014
6577 2.8468E-014
6582 3.0137E-014
6587 3.1361E-014
6592 3.2013E-014
6597 3.2748E-014
6602 3.2913E-014
6607 3.3308E-014
6611 3.3095E-014
6616 3.3417E-014
6621 3.3985E-014
6626 3.3573E-014
6631 3.3854E-014
6636 3.3526E-014
6641 3.4007E-014
6646 3.3835E-014
6650 3.3758E-014
6655 3.3500E-014
6660 3.3875E-014
6665 3.3789E-014
6670 3.3382E-014
6675 3.3758E-014
6680 3.3417E-014
6685 3.3210E-014
6690 3.3376E-014
6694 3.3325E-014
6699 3.3464E-014
6704 3.3543E-014
6709 3.3160E-014
6714 3.3506E-014
6719 3.2718E-014
6724 3.2572E-014
6729 3.2574E-014
6733 3.3034E-014
6738 3.2992E-014
6743 3.2816E-014
6748 3.2591E-014
6753 3.2588E-014
6758 3.2402E-014
6763 3.2272E-014
6768 3.2451E-014
6773 3.2384E-014
6777 3.2339E-014
6782 3.2357E-014
6787 3.2396E-014
6792 3.2215E-014
6797 3.2439E-014
6802 3.2064E-014
6807 3.2323E-014
6812 3.2069E-014
6816 3.1629E-014
6821 3.1784E-014
6826 3.1849E-014
6831 3.1503E-014
6836 3.1625E-014
6841 3.1776E-014
6846 3.1829E-014
6851 3.1304E-014
6856 3.1347E-014
6860 3.1016E-014
6865 3.1207E-014
6870 3.1416E-014
6875 3.1370E-014
6880 3.1309E-014
6885 3.1162E-014
6890 3.1219E-014
6895 3.0962E-014
6899 3.1202E-014
6904 3.0966E-014
6909 3.0973E-014
6914 3.0767E-014
6919 3.0887E-014
6924 3.0867E-014
6929 3.1059E-014
6934 3.0540E-014
6939 3.0417E-014
6943 3.0494E-014
6948 3.0161E-014
6953 3.0515E-014
6958 3.0055E-014
6963 3.0104E-014
6968 3.0356E-014
6973 3.0089E-014
6978 3.0282E-014
6982 3.0067E-014
6987 2.9819E-014
6992 2.9756E-014
6997 2.9775E-014
7002 2.9592E-014
7007 2.9472E-014
7012 2.9365E-014
7017 2.9931E-014
7022 2.9321E-014
7026 2.9767E-014
7031 2.9720E-014
7036 2.9678E-014
7041 2.9571E-014
7046 2.9532E-014
7051 2.9482E-014
7056 2.9349E-014
7061 2.9534E-014
7065 2.9026E-014
7070 2.9043E-014
7075 2.9148E-014
7080 2.9251E-014
7085 2.8765E-014
7090 2.8994E-014
7095 2.9224E-014
7100 2.8850E-014
7105 2.8380E-014
7109 2.8404E-014
7114 2.8361E-014
7119 2.8434E-014
7124 2.8593E-014
7129 2.8372E-014
7134 2.8379E-014
7139 2.8613E-014
7144 2.8251E-014
7148 2.8361E-014
7153 2.8242E-014
7158 2.8300E-014
7163 2.8132E-014
7168 2.8015E-014
7173 2.7652E-014
7178 2.8015E-014
7183 2.8246E-014
7188 2.7837E-014
7192 2.7685E-014
7197 2.7400E-014
7202 2.7705E-014
7207 2.7878E-014
7212 2.7508E-014
7217 2.7453E-014
7222 2.7600E-014
7227 2.7525E-014
7232 2.7426E-014
7236 2.7771E-014
7241 2.7578E-014
7246 2.7010E-014
7251 2.7363E-014
7256 2.7423E-014
7261 2.7416E-014
7266 2.7364E-014
7271 2.6955E-014
7275 2.7246E-014
7280 2.7263E-014
7285 2.6866E-014
7290 2.6765E-014
7295 2.6621E-014
7300 2.6478E-014
7305 2.6726E-014
7310 2.6730E-014
7315 2.6703E-014
7319 2.6709E-014
7324 2.6829E-014
7329 2.6588E-014
7334 2.6732E-014
7339 2.6291E-014
7344 2.6404E-014
7349 2.6463E-014
7354 2.6190E-014
7359 2.6439E-014
7363 2.6379E-014
7368 2.6404E-014
7373 2.6334E-014
7378 2.6158E-014
7383 2.6036E-014
7388 2.5840E-014
7393 2.6041E-014
7398 2.5909E-014
7402 2.5897E-014
7407 2.5840E-014
7412 2.5841E-014
7417 2.5232E-014
7422 2.5592E-014
7427 2.5474E-014
7432 2.5389E-014
7437 2.5574E-014
7442 2.5441E-014
7446 2.5266E-014
7451 2.5207E-014
7456 2.5062E-014
7461 2.5276E-014
7466 2.4987E-014
7471 2.5161E-014
7476 2.5182E-014
7481 2.5076E-014
7485 2.5156E-014
7490 2.4907E-014
7495 2.4830E-014
7500 2.4905E-014
7505 2.4428E-014
7510 2.4752E-014
7515 2.4795E-014
7520 2.4741E-014
7525 2.4905E-014
7529 2.4549E-014
7534 2.4560E-014
7539 2.4825E-014
7544 2.4660E-014
7549 2.5204E-014
7554 2.4704E-014
7559 2.4502E-014
7564 2.4299E-014
7569 2.4134E-014
7573 2.4232E-014
7578 2.4414E-014
7583 2.4348E-014
7588 2.4314E-014
7593 2.4373E-014
7598 2.4252E-014
7603 2.3707E-014
7608 2.3945E-014
7612 2.3885E-014
7617 2.4295E-014
7622 2.3943E-014
7627 2.3799E-014
7632 2.3871E-014
7637 2.3538E-014
7642 2.3956E-014
7647 2.3862E-014
7652 2.3390E-014
7656 2.3603E-014
7661 2.3474E-014
7666 2.3338E-014
7671 2.3565E-014
7676 2.3847E-014
7681 2.3342E-014
7686 2.3239E-014
7691 2.3169E-014
7696 2.3283E-014
7700 2.3337E-014
7705 2.3269E-014
7710 2.3079E-014
7715 2.3042E-014
7720 2.3265E-014
7725 2.2804E-014
7730 2.3066E-014
7735 2.3031E-014
7739 2.2852E-014
7744 2.2848E-014
7749 2.3118E-014
7754 2.3186E-014
7759 2.3216E-014
7764 2.2665E-014
7769 2.2858E-014
7774 2.1864E-014
7779 2.2084E-014
7783 2.2484E-014
7788 2.2673E-014
7793 2.2510E-014
7798 2.2709E-014
7803 2.2367E-014
7808 2.2388E-014
7813 2.2425E-014
7818 2.2230E-014
7823 2.2570E-014
7827 2.2451E-014
7832 2.2205E-014
7837 2.2233E-014
7842 2.2233E-014
7847 2.1962E-014
7852 2.2207E-014
7857 2.1945E-014
7862 2.2223E-014
7866 2.2322E-014
7871 2.1996E-014
7876 2.2060E-014
7881 2.1845E-014
7886 2.1784E-014
7891 2.1595E-014
7896 2.1598E-014
7901 2.1965E-014
7906 2.2024E-014
7910 2.1731E-014
7915 2.1833E-014
7920 2.1801E-014
7925 2.1866E-014
7930 2.1557E-014
7935 2.1529E-014
7940 2.1606E-014
7945 2.1404E-014
7950 2.1595E-014
7954 2.1647E-014
7959 2.1204E-014
7964 2.1489E-014
7969 2.1217E-014
7974 2.0969E-014
7979 2.1310E-014
7984 2.1154E-014
7989 2.1498E-014
7994 2.1282E-014
7998 2.1332E-014
8003 2.1244E-014
8008 2.1275E-014
8013 2.1161E-014
8018 2.1018E-014
8023 2.0848E-014
8028 2.1046E-014
8033 2.0695E-014
8037 2.0717E-014
8042 2.1005E-014
8047 2.1122E-014
8052 2.0739E-014
8057 2.0507E-014
8062 2.0506E-014
8067 2.0968E-014
8072 2.0425E-014
8077 2.0569E-014
8081 2.0341E-014
8086 2.0346E-014
8091 2.0462E-014
8096 2.0440E-014
8101 2.0262E-014
8106 2.0275E-014
8111 2.0160E-014
8116 2.0142E-014
8121 2.0487E-014
8125 2.0219E-014
8130 2.0090E-014
8135 1.9886E-014
8140 1.9954E-014
8145 1.9983E-014
8150 1.9884E-014
8155 2.0040E-014
8160 1.9908E-014
8164 2.0093E-014
8169 2.0031E-014
8174 1.9781E-014
8179 1.9537E-014
8184 1.9104E-014
8189 1.9108E-014
8194 1.9094E-014
8199 1.9407E-014
8204 1.9246E-014
8208 1.9214E-014
8213 1.9163E-014
8218 1.9423E-014
8223 1.9438E-014
8228 1.9558E-014
8233 1.9463E-014
8238 1.9340E-014
8243 1.9174E-014
8248 1.9431E-014
8252 1.9207E-014
8257 1.9421E-014
8262 1.9285E-014
8267 1.8958E-014
8272 1.9021E-014
8277 1.9364E-014
8282 1.9112E-014
8287 1.9190E-014
8291 1.9079E-014
8296 1.9166E-014
8301 1.9121E-014
8306 1.8871E-014
8311 1.8754E-014
8316 1.8798E-014
8321 1.8910E-014
8326 1.8827E-014
8331 1.8359E-014
8335 1.8557E-014
8340 1.8468E-014
8345 1.8462E-014
8350 1.8505E-014
8355 1.8897E-014
8360 1.8659E-014
8365 1.8396E-014
8370 1.8131E-014
8374 1.8748E-014
8379 1.8347E-014
8384 1.9047E-014
8389 1.8749E-014
8394 1.8466E-014
8399 1.8677E-014
8404 1.8228E-014
8409 1.8448E-014
8414 1.8118E-014
8418 1.8218E-014
8423 1.8726E-014
8428 1.8381E-014
8433 1.8444E-014
8438 1.8261E-014
8443 1.8010E-014
8448 1.7834E-014
8453 1.7679E-014
8458 1.7886E-014
8462 1.7810E-014
8467 1.7892E-014
8472 1.7547E-014
8477 1.7872E-014
8482 1.8036E-014
8487 1.8038E-014
8492 1.7725E-014
8497 1.7572E-014
8501 1.7140E-014
8506 1.7194E-014
8511 1.7367E-014
8516 1.7767E-014
8521 1.7769E-014
8526 1.7909E-014
8531 1.7829E-014
8536 1.7505E-014
8541 1.6797E-014
8545 1.5991E-014
8550 1.6266E-014
8555 1.6636E-014
8560 1.7464E-014
8565 1.7721E-014
8570 1.7811E-014
8575 1.7853E-014
8580 1.7616E-014
8584 1.7476E-014
8589 1.7249E-014
8594 1.7030E-014
8599 1.6528E-014
8604 1.6105E-014
8609 1.7007E-014
8614 1.7127E-014
8619 1.7593E-014
8624 1.7392E-014
8628 1.7616E-014
8633 1.7723E-014
8638 1.7399E-014
8643 1.7462E-014
8648 1.7486E-014
8653 1.6772E-014
8658 1.6196E-014
8663 1.5632E-014
8668 1.5005E-014
8672 1.5750E-014
8677 1.6197E-014
8682 1.6675E-014
8687 1.6912E-014
8692 1.6979E-014
8697 1.7557E-014
8702 1.7634E-014
8707 1.7586E-014
8711 1.7383E-014
8716 1.7646E-014
8721 1.7451E-014
8726 1.7453E-014
8731 1.6873E-014
8736 1.6575E-014
8741 1.6000E-014
8746 1.5397E-014
8751 1.5221E-014
8755 1.4875E-014
8760 1.5548E-014
8765 1.5883E-014
8770 1.6373E-014
8775 1.6427E-014
8780 1.7206E-014
8785 1.6900E-014
8790 1.7208E-014
8794 1.7631E-014
8799 1.7266E-014
8804 1.7523E-014
8809 1.7468E-014
8814 1.7317E-014
8819 1.7299E-014
8824 1.7186E-014
8829 1.6914E-014
8834 1.6893E-014
8838 1.7072E-014
8843 1.6653E-014
8848 1.6025E-014
8853 1.5277E-014
8858 1.4699E-014
8863 1.4070E-014
8868 1.4040E-014
8873 1.4965E-014
8877 1.5181E-014
8882 1.5826E-014
8887 1.6326E-014
8892 1.6415E-014
8897 1.6474E-014
8902 1.6740E-014
8907 1.6839E-014
8912 1.6904E-014
8917 1.7175E-014
8921 1.7298E-014
8926 1.6970E-014
8931 1.7106E-014
8936 1.6903E-014
8941 1.6765E-014
8946 1.7138E-014
8951 1.6566E-014
8956 1.7098E-014
8960 1.6860E-014
8965 1.7241E-014
8970 1.6934E-014
8975 1.6420E-014
8980 1.6518E-014
8985 1.6279E-014
8990 1.5868E-014
8995 1.5587E-014
9000 1.5112E-014
9004 1.4569E-014
9009 1.3524E-014
9014 1.3451E-014
9019 1.3244E-014
9024 1.3582E-014
9029 1.4404E-014
9034 1.4778E-014
9039 1.5374E-014
9043 1.5587E-014
9048 1.5832E-014
9053 1.5844E-014
9058 1.6031E-014
9063 1.5850E-014
9068 1.5651E-014
9073 1.6210E-014
9078 1.6616E-014
9083 1.6137E-014
9087 1.5961E-014
9092 1.5763E-014
9097 1.5581E-014
9102 1.5853E-014
9107 1.6281E-014
9112 1.6118E-014
9117 1.6235E-014
9122 1.6060E-014
9126 1.6300E-014
9131 1.6072E-014
9136 1.6266E-014
9141 1.6284E-014
9146 1.6131E-014
9151 1.6316E-014
9156 1.6785E-014
9161 1.6365E-014
9165 1.6121E-014
9170 1.5853E-014
9175 1.5730E-014
9180 1.5584E-014
9185 1.5657E-014
9190 1.5364E-014
9195 1.5765E-014
9200 1.4938E-014
9205 1.4615E-014
9209 1.4546E-014
9214 1.3905E-014
9219 1.3552E-014
9224 1.3014E-014
9229 1.2547E-014
9234 1.2286E-014
9239 1.2591E-014
9244 1.3453E-014
9248 1.3598E-014
9253 1.3906E-014
9258 1.4512E-014
9263 1.4226E-014
9268 1.4233E-014
9273 1.4746E-014
9278 1.4884E-014
9283 1.5232E-014
9287 1.5603E-014
9292 1.5653E-014
9297 1.5689E-014
9302 1.5846E-014
9307 1.5805E-014
9312 1.5663E-014
9317 1.5065E-014
9322 1.5149E-014
9327 1.5526E-014
9331 1.5419E-014
9336 1.5180E-014
9341 1.5232E-014
9346 1.5363E-014
9351 1.4847E-014
9356 1.4929E-014
9361 1.5087E-014
9366 1.5349E-014
9370 1.5257E-014
9375 1.5399E-014
9380 1.5100E-014
9385 1.5327E-014
9390 1.5291E-014
9395 1.5146E-014
9400 1.4887E-014
9405 1.4857E-014
9409 1.4584E-014
9414 1.4530E-014
9419 1.4642E-014
9424 1.4627E-014
9429 1.4817E-014
9434 1.4884E-014
9439 1.4868E-014
9444 1.4444E-014
9449 1.4642E-014
9453 1.4566E-014
9458 1.4982E-014
9463 1.4829E-014
9468 1.5002E-014
9473 1.4703E-014
9478 1.4605E-014
9483 1.4590E-014
9488 1.4336E-014
9492 1.3699E-014
9497 1.4419E-014
9502 1.3934E-014
9507 1.4000E-014
9512 1.4126E-014
9517 1.3332E-014
9522 1.3454E-014
9527 1.3048E-014
9531 1.2836E-014
9536 1.1941E-014
9541 1.1844E-014
9546 1.1194E-014
9551 1.0991E-014
9556 1.1629E-014
9561 1.2442E-014
9566 1.2315E-014
9570 1.2964E-014
9575 1.3204E-014
9580 1.3038E-014
9585 1.2925E-014
9590 1.3434E-014
9595 1.3682E-014
9600 1.3897E-014
9605 1.3597E-014
9609 1.3491E-014
9614 1.3865E-014
9619 1.3594E-014
9624 1.3875E-014
9629 1.3770E-014
9634 1.4113E-014
9639 1.3922E-014
9644 1.3570E-014
9649 1.3909E-014
9653 1.3566E-014
9658 1.3998E-014
9663 1.3747E-014
9668 1.3691E-014
9673 1.3534E-014
9678 1.3665E-014
9683 1.3753E-014
9688 1.3906E-014
9692 1.3893E-014
9697 1.3892E-014
9702 1.3880E-014
9707 1.3680E-014
9712 1.3728E-014
9717 1.3291E-014
9722 1.3466E-014
9727 1.3825E-014
9731 1.3407E-014
9736 1.3425E-014
9741 1.3211E-014
9746 1.3757E-014
9751 1.3417E-014
9756 1.3474E-014
9761 1.3352E-014
9766 1.3424E-014
9770 1.3470E-014
9775 1.3171E-014
9780 1.3451E-014
9785 1.3306E-014
9790 1.3320E-014
9795 1.3577E-014
9800 1.3778E-014
9805 1.3419E-014
9809 1.3442E-014
9814 1.3368E-014
9819 1.3072E-014
9824 1.2999E-014
9829 1.2655E-014
9834 1.2512E-014
9839 1.3194E-014
9844 1.2837E-014
9848 1.2478E-014
9853 1.2789E-014
9858 1.2943E-014
9863 1.3262E-014
9868 1.2877E-014
9873 1.3006E-014
9878 1.3744E-014
9883 1.3167E-014
9887 1.3436E-014
9892 1.2836E-014
9897 1.2865E-014
9902 1.2691E-014
9907 1.2996E-014
9912 1.2607E-014
9917 1.2277E-014
9922 1.2706E-014
9926 1.2612E-014
9931 1.2648E-014
9936 1.2134E-014
9941 1.2441E-014
9946 1.3105E-014
9951 1.2505E-014
9956 1.2221E-014
9961 1.2448E-014
9965 1.2865E-014
9970 1.2239E-014
9975 1.2330E-014
9980 1.2323E-014
9985 1.2273E-014
9990 1.2188E-014
9995 1.1830E-014
1E+004 1.2005E-014
1E+004 1.2431E-014
1.001E+004 1.1970E-014
1.001E+004 1.2204E-014
1.002E+004 1.1935E-014
1.002E+004 1.2222E-014
1.003E+004 1.1458E-014
1.003E+004 1.1435E-014
1.004E+004 1.1127E-014
1.004E+004 1.0456E-014
1.005E+004 1.0464E-014
1.005E+004 1.0125E-014
1.006E+004 1.0093E-014
1.006E+004 1.0475E-014
1.007E+004 1.0684E-014
1.007E+004 1.1187E-014
1.008E+004 1.1224E-014
1.008E+004 1.0897E-014
1.009E+004 1.1062E-014
1.009E+004 1.1944E-014
1.01E+004 1.1654E-014
1.01E+004 1.1665E-014
1.011E+004 1.1583E-014
1.011E+004 1.2088E-014
1.012E+004 1.1730E-014
1.013E+004 1.1989E-014
1.018E+004 1.1946E-014
1.023E+004 1.1821E-014
1.028E+004 1.1660E-014
1.033E+004 1.1477E-014
1.038E+004 1.1321E-014
1.043E+004 1.1161E-014
1.048E+004 1.0937E-014
1.053E+004 1.0828E-014
1.058E+004 1.0675E-014
1.063E+004 1.0519E-014
1.068E+004 1.0242E-014
1.073E+004 1.0179E-014
1.078E+004 1.0050E-014
1.083E+004 9.8686E-015
1.088E+004 9.6093E-015
1.093E+004 8.2401E-015
1.098E+004 8.9213E-015
1.103E+004 9.3218E-015
1.108E+004 9.2718E-015
1.113E+004 9.1614E-015
1.118E+004 9.0429E-015
1.123E+004 8.9293E-015
1.128E+004 8.7415E-015
1.133E+004 8.6215E-015
1.138E+004 8.5537E-015
1.143E+004 8.4212E-015
1.148E+004 8.3467E-015
1.153E+004 8.2388E-015
1.158E+004 8.1258E-015
1.163E+004 7.9731E-015
1.168E+004 7.8355E-015
1.173E+004 7.8125E-015
1.178E+004 7.6152E-015
1.183E+004 7.5621E-015
1.188E+004 7.4451E-015
1.193E+004 7.4161E-015
1.198E+004 7.2702E-015
1.203E+004 7.2083E-015
1.208E+004 7.1030E-015
1.213E+004 7.0213E-015
1.218E+004 6.9469E-015
1.223E+004 6.8554E-015
1.228E+004 6.7584E-015
1.233E+004 6.6786E-015
1.238E+004 6.5982E-015
1.243E+004 6.5209E-015
1.248E+004 6.4340E-015
1.253E+004 6.3507E-015
1.258E+004 6.2521E-015
1.263E+004 6.1748E-015
1.268E+004 6.0986E-015
1.273E+004 5.9887E-015
1.278E+004 5.7273E-015
1.283E+004 4.9213E-015
1.288E+004 5.6378E-015
1.293E+004 5.7054E-015
1.298E+004 5.6657E-015
1.303E+004 5.6109E-015
1.308E+004 5.5491E-015
1.313E+004 5.4771E-015
1.318E+004 5.4042E-015
1.323E+004 5.3502E-015
1.328E+004 5.2845E-015
1.333E+004 5.2226E-015
1.338E+004 5.1596E-015
1.343E+004 5.0988E-015
1.348E+004 5.0377E-015
1.353E+004 4.9724E-015
1.358E+004 4.9125E-015
1.363E+004 4.8605E-015
1.368E+004 4.8011E-015
1.373E+004 4.7224E-015
1.378E+004 4.6843E-015
1.383E+004 4.6307E-015
1.388E+004 4.5838E-015
1.393E+004 4.5232E-015
1.398E+004 4.4745E-015
1.403E+004 4.4226E-015
1.408E+004 4.3740E-015
1.413E+004 4.3200E-015
1.418E+004 4.2729E-015
1.423E+004 4.2204E-015
1.428E+004 4.1703E-015
1.433E+004 4.1272E-015
1.438E+004 4.0820E-015
1.443E+004 3.9881E-015
1.448E+004 3.9879E-015
1.453E+004 3.9196E-015
1.457E+004 3.9003E-015
1.462E+004 3.8519E-015
1.468E+004 3.8130E-015
1.473E+004 3.7673E-015
1.478E+004 3.7181E-015
1.483E+004 3.6830E-015
1.488E+004 3.6295E-015
1.493E+004 3.6123E-015
1.498E+004 3.5688E-015
1.503E+004 3.5158E-015
1.508E+004 3.4819E-015
1.513E+004 3.4529E-015
1.518E+004 3.4142E-015
1.523E+004 3.3772E-015
1.528E+004 3.3321E-015
1.533E+004 3.2929E-015
1.538E+004 3.2668E-015
1.543E+004 3.1982E-015
1.548E+004 3.1926E-015
1.553E+004 3.1592E-015
1.558E+004 3.0673E-015
1.563E+004 3.1217E-015
1.568E+004 3.0264E-015
1.573E+004 2.9413E-015
1.578E+004 3.0215E-015
1.583E+004 2.9902E-015
1.588E+004 2.7455E-015
1.593E+004 2.8886E-015
1.598E+004 2.9262E-015
1.605E+004 2.8309E-015
1.615E+004 2.6598E-015
1.625E+004 2.7884E-015
1.635E+004 2.6428E-015
1.645E+004 2.4683E-015
1.655E+004 2.6242E-015
1.665E+004 2.5730E-015
1.675E+004 2.4144E-015
1.685E+004 2.2494E-015
1.695E+004 2.4095E-015
1.705E+004 2.3673E-015
1.715E+004 2.3187E-015
1.725E+004 2.2432E-015
1.735E+004 1.9731E-015
1.745E+004 2.1202E-015
1.755E+004 2.1246E-015
1.765E+004 2.0865E-015
1.775E+004 2.0486E-015
1.785E+004 2.0057E-015
1.795E+004 1.9647E-015
1.805E+004 1.9071E-015
1.815E+004 1.6939E-015
1.825E+004 1.7846E-015
1.835E+004 1.8049E-015
1.845E+004 1.7743E-015
1.855E+004 1.7356E-015
1.865E+004 1.6845E-015
1.875E+004 1.4880E-015
1.885E+004 1.6110E-015
1.895E+004 1.5999E-015
1.905E+004 1.5799E-015
1.915E+004 1.5496E-015
1.925E+004 1.5161E-015
1.935E+004 1.4676E-015
1.945E+004 1.3028E-015
1.955E+004 1.4129E-015
1.965E+004 1.4058E-015
1.975E+004 1.3816E-015
1.985E+004 1.3583E-015
1.995E+004 1.3333E-015
2.005E+004 1.3091E-015
2.015E+004 1.2855E-015
2.025E+004 1.2616E-015
2.035E+004 1.2381E-015
2.045E+004 1.2169E-015
2.055E+004 1.1950E-015
2.065E+004 1.1726E-015
2.075E+004 1.1523E-015
2.085E+004 1.1321E-015
2.095E+004 1.1117E-015
2.105E+004 1.0922E-015
2.115E+004 1.0719E-015
2.125E+004 1.0531E-015
2.135E+004 1.0352E-015
2.145E+004 1.0159E-015
2.155E+004 9.8798E-016
2.165E+004 8.8345E-016
2.175E+004 9.4675E-016
2.185E+004 9.4690E-016
2.195E+004 9.3480E-016
2.205E+004 9.1836E-016
2.215E+004 9.0258E-016
2.225E+004 8.8891E-016
2.235E+004 8.7414E-016
2.245E+004 8.5971E-016
2.255E+004 8.4427E-016
2.265E+004 8.3140E-016
2.275E+004 8.1790E-016
2.285E+004 8.0469E-016
2.295E+004 7.9157E-016
2.305E+004 7.7942E-016
2.315E+004 7.6686E-016
2.325E+004 7.5487E-016
2.335E+004 7.4280E-016
2.345E+004 7.3124E-016
2.355E+004 7.1975E-016
2.365E+004 7.0853E-016
2.375E+004 6.9728E-016
2.385E+004 6.8638E-016
2.395E+004 6.7580E-016
2.405E+004 6.6519E-016
2.415E+004 6.5473E-016
2.425E+004 6.4500E-016
2.435E+004 6.3461E-016
2.445E+004 6.2465E-016
2.455E+004 6.1559E-016
2.465E+004 6.0553E-016
2.475E+004 5.9637E-016
2.485E+004 5.8853E-016
2.495E+004 5.7487E-016
2.505E+004 5.7202E-016
2.515E+004 5.6361E-016
2.525E+004 5.4667E-016
2.535E+004 5.4646E-016
2.545E+004 5.4037E-016
2.555E+004 5.3000E-016
2.565E+004 5.0974E-016
2.575E+004 5.1558E-016
2.585E+004 5.0956E-016
2.595E+004 5.0242E-016
2.605E+004 4.8890E-016
2.615E+004 4.6482E-016
2.625E+004 4.3637E-016
2.635E+004 4.6617E-016
2.645E+004 4.6745E-016
2.655E+004 4.6156E-016
2.665E+004 4.5105E-016
2.675E+004 4.2171E-016
2.685E+004 4.3893E-016
2.695E+004 4.3740E-016
2.705E+004 4.3219E-016
2.715E+004 4.2676E-016
2.725E+004 4.2077E-016
2.735E+004 4.1419E-016
2.745E+004 4.0595E-016
2.755E+004 3.7689E-016
2.765E+004 3.8575E-016
2.775E+004 3.9093E-016
2.785E+004 3.8731E-016
2.795E+004 3.8257E-016
2.805E+004 3.7741E-016
2.815E+004 3.7233E-016
2.825E+004 3.6736E-016
2.835E+004 3.6248E-016
2.845E+004 3.5715E-016
2.855E+004 3.5116E-016
2.865E+004 3.3949E-016
2.875E+004 3.1666E-016
2.885E+004 3.3519E-016
2.895E+004 3.3372E-016
2.905E+004 3.3031E-016
2.915E+004 3.2584E-016
2.925E+004 3.2178E-016
2.935E+004 3.1770E-016
2.945E+004 3.1359E-016
2.955E+004 3.0960E-016
2.965E+004 3.0564E-016
2.975E+004 3.0174E-016
2.985E+004 2.9791E-016
2.995E+004 2.9409E-016
3.005E+004 2.9033E-016
3.015E+004 2.8612E-016
3.025E+004 2.8081E-016
3.035E+004 2.6152E-016
3.045E+004 2.6442E-016
3.055E+004 2.7094E-016
3.065E+004 2.6892E-016
3.075E+004 2.6597E-016
3.085E+004 2.6255E-016
3.095E+004 2.5941E-016
3.105E+004 2.5622E-016
3.115E+004 2.5286E-016
3.125E+004 2.4999E-016
3.135E+004 2.4698E-016
3.145E+004 2.4395E-016
3.155E+004 2.4110E-016
3.165E+004 2.3828E-016
3.175E+004 2.3531E-016
3.185E+004 2.3260E-016
3.195E+004 2.2983E-016
3.21E+004 2.2573E-016
3.23E+004 2.2046E-016
3.25E+004 2.1531E-016
3.27E+004 2.0987E-016
3.29E+004 1.9494E-016
3.31E+004 1.9745E-016
3.33E+004 1.9548E-016
3.35E+004 1.9131E-016
3.37E+004 1.8689E-016
3.39E+004 1.8278E-016
3.41E+004 1.7875E-016
3.43E+004 1.7488E-016
3.45E+004 1.7111E-016
3.47E+004 1.6736E-016
3.49E+004 1.6373E-016
3.51E+004 1.6020E-016
3.53E+004 1.5674E-016
3.55E+004 1.5338E-016
3.57E+004 1.5007E-016
3.59E+004 1.4697E-016
3.61E+004 1.4376E-016
3.63E+004 1.4089E-016
3.65E+004 1.3773E-016
3.67E+004 1.3511E-016
3.69E+004 1.3180E-016
3.71E+004 1.2938E-016
3.73E+004 1.2388E-016
3.75E+004 1.1987E-016
3.77E+004 1.2171E-016
3.79E+004 1.1950E-016
3.81E+004 1.1645E-016
3.83E+004 1.1429E-016
3.85E+004 1.1262E-016
3.87E+004 1.1036E-016
3.89E+004 1.0799E-016
3.91E+004 1.0456E-016
3.93E+004 1.0400E-016
3.95E+004 1.0215E-016
3.97E+004 1.0025E-016
3.99E+004 9.8127E-017
4.01E+004 9.5234E-017
4.03E+004 9.2901E-017
4.05E+004 8.8859E-017
4.07E+004 9.0670E-017
4.09E+004 8.9385E-017
4.11E+004 8.7805E-017
4.13E+004 8.6169E-017
4.15E+004 8.4231E-017
4.17E+004 8.0249E-017
4.19E+004 8.1095E-017
4.21E+004 7.9949E-017
4.23E+004 7.8568E-017
4.25E+004 7.7145E-017
4.27E+004 7.5761E-017
4.29E+004 7.4405E-017
4.31E+004 7.3076E-017
4.33E+004 7.1771E-017
4.35E+004 7.0363E-017
4.37E+004 6.6926E-017
4.39E+004 6.7232E-017
4.41E+004 6.6810E-017
4.43E+004 6.5699E-017
4.45E+004 6.4564E-017
4.47E+004 6.3518E-017
4.49E+004 6.2357E-017
4.51E+004 6.1300E-017
4.53E+004 6.0257E-017
4.55E+004 5.9237E-017
4.57E+004 5.8229E-017
4.59E+004 5.7235E-017
4.61E+004 5.6257E-017
4.63E+004 5.5160E-017
4.65E+004 5.1969E-017
4.67E+004 5.1203E-017
4.69E+004 5.2278E-017
4.71E+004 5.1749E-017
4.73E+004 5.0953E-017
4.75E+004 5.0136E-017
4.77E+004 4.9349E-017
4.79E+004 4.8570E-017
4.81E+004 4.7792E-017
4.83E+004 4.7031E-017
4.85E+004 4.6281E-017
4.87E+004 4.5549E-017
4.89E+004 4.4829E-017
4.91E+004 4.4120E-017
4.93E+004 4.3430E-017
4.95E+004 4.2755E-017
4.97E+004 4.2079E-017
4.99E+004 4.1446E-017
5.01E+004 4.0800E-017
5.03E+004 4.0141E-017
5.05E+004 3.9563E-017
5.07E+004 3.8942E-017
5.09E+004 3.8274E-017
5.11E+004 3.7531E-017
5.13E+004 3.5628E-017
5.15E+004 3.6476E-017
5.17E+004 3.6007E-017
5.19E+004 3.5562E-017
5.21E+004 3.5083E-017
5.23E+004 3.4563E-017
5.25E+004 3.3979E-017
5.27E+004 3.3429E-017
5.29E+004 3.3055E-017
5.31E+004 3.2586E-017
5.33E+004 3.2112E-017
5.35E+004 3.1638E-017
5.37E+004 3.1054E-017
5.39E+004 3.0613E-017
5.41E+004 3.0297E-017
5.43E+004 2.9866E-017
5.45E+004 2.9443E-017
5.47E+004 2.9022E-017
5.49E+004 2.8614E-017
5.51E+004 2.8119E-017
5.53E+004 2.7590E-017
5.55E+004 2.7401E-017
5.57E+004 2.7045E-017
5.59E+004 2.6665E-017
5.61E+004 2.6302E-017
5.63E+004 2.5940E-017
5.65E+004 2.5585E-017
5.67E+004 2.5233E-017
5.69E+004 2.4835E-017
5.71E+004 2.4228E-017
5.73E+004 2.4142E-017
5.75E+004 2.3892E-017
5.77E+004 2.3570E-017
5.79E+004 2.3253E-017
5.81E+004 2.2943E-017
5.83E+004 2.2633E-017
5.85E+004 2.2334E-017
5.87E+004 2.2008E-017
5.89E+004 2.1594E-017
5.91E+004 2.0554E-017
5.93E+004 2.1054E-017
5.95E+004 2.0534E-017
5.97E+004 2.0460E-017
5.99E+004 2.0339E-017
6.01E+004 2.0110E-017
6.03E+004 1.9866E-017
6.05E+004 1.9613E-017
6.07E+004 1.9360E-017
6.09E+004 1.9112E-017
6.11E+004 1.8864E-017
6.13E+004 1.8631E-017
6.15E+004 1.8395E-017
6.17E+004 1.8164E-017
6.19E+004 1.7934E-017
6.21E+004 1.7710E-017
6.23E+004 1.7483E-017
6.25E+004 1.7249E-017
6.27E+004 1.6969E-017
6.29E+004 1.6368E-017
6.31E+004 1.6518E-017
6.33E+004 1.6405E-017
6.35E+004 1.6229E-017
6.37E+004 1.6032E-017
6.39E+004 1.5837E-017
6.42E+004 1.5550E-017
6.46E+004 1.5176E-017
6.5E+004 1.4813E-017
6.54E+004 1.4463E-017
6.58E+004 1.4121E-017
6.62E+004 1.3790E-017
6.66E+004 1.3468E-017
6.7E+004 1.3155E-017
6.74E+004 1.2808E-017
6.78E+004 1.2307E-017
6.82E+004 1.2257E-017
6.86E+004 1.1994E-017
6.9E+004 1.1723E-017
6.94E+004 1.1456E-017
6.98E+004 1.1205E-017
7.02E+004 1.0957E-017
7.06E+004 1.0715E-017
7.1E+004 1.0474E-017
7.14E+004 1.0253E-017
7.18E+004 1.0031E-017
7.22E+004 9.8125E-018
7.26E+004 9.5889E-018
7.3E+004 9.3968E-018
7.34E+004 9.1997E-018
7.38E+004 9.0052E-018
7.42E+004 8.7959E-018
7.46E+004 8.4085E-018
7.5E+004 8.1495E-018
7.54E+004 8.2361E-018
7.58E+004 8.1057E-018
7.62E+004 7.9431E-018
7.66E+004 7.7816E-018
7.7E+004 7.6243E-018
7.74E+004 7.4677E-018
7.78E+004 7.2821E-018
7.82E+004 7.1721E-018
7.86E+004 7.0330E-018
7.9E+004 6.8942E-018
7.94E+004 6.7588E-018
7.98E+004 6.6262E-018
8.02E+004 6.4969E-018
8.06E+004 6.3708E-018
8.1E+004 6.2478E-018
8.14E+004 6.0880E-018
8.18E+004 5.9931E-018
8.22E+004 5.8961E-018
8.26E+004 5.7843E-018
8.3E+004 5.6751E-018
8.34E+004 5.5679E-018
8.38E+004 5.4635E-018
8.42E+004 5.3622E-018
8.46E+004 5.2631E-018
8.5E+004 5.1660E-018
8.54E+004 5.0709E-018
8.58E+004 4.9779E-018
8.62E+004 4.8840E-018
8.66E+004 4.7410E-018
8.7E+004 4.7012E-018
8.74E+004 4.5653E-018
8.78E+004 4.4844E-018
8.82E+004 4.4627E-018
8.86E+004 4.3836E-018
8.9E+004 4.3062E-018
8.94E+004 4.2304E-018
8.98E+004 4.1561E-018
9.02E+004 4.0836E-018
9.06E+004 4.0125E-018
9.1E+004 3.9429E-018
9.14E+004 3.8747E-018
9.18E+004 3.8082E-018
9.22E+004 3.7429E-018
9.26E+004 3.6785E-018
9.3E+004 3.6166E-018
9.34E+004 3.5535E-018
9.38E+004 3.4428E-018
9.42E+004 3.4216E-018
9.46E+004 3.3800E-018
9.5E+004 3.3230E-018
9.54E+004 3.2678E-018
9.58E+004 3.2156E-018
9.62E+004 3.1628E-018
9.66E+004 3.1114E-018
9.7E+004 3.0610E-018
9.74E+004 3.0115E-018
9.78E+004 2.9632E-018
9.82E+004 2.9150E-018
9.86E+004 2.8664E-018
9.9E+004 2.8242E-018
9.94E+004 2.7798E-018
9.98E+004 2.7362E-018
1.002E+005 2.6935E-018
1.005E+005 2.6618E-018
1.01E+005 2.6100E-018
1.015E+005 2.5596E-018
1.02E+005 2.5106E-018
1.025E+005 2.4626E-018
1.03E+005 2.4159E-018
1.035E+005 2.3700E-018
1.04E+005 2.3255E-018
1.045E+005 2.2817E-018
1.05E+005 2.2392E-018
1.055E+005 2.1974E-018
1.06E+005 2.1568E-018
1.065E+005 2.1173E-018
1.07E+005 2.0781E-018
1.075E+005 2.0404E-018
1.08E+005 2.0033E-018
1.085E+005 1.9669E-018
1.09E+005 1.9315E-018
1.095E+005 1.8970E-018
1.1E+005 1.8631E-018
1.105E+005 1.8299E-018
1.11E+005 1.7975E-018
1.115E+005 1.7661E-018
1.12E+005 1.7351E-018
1.125E+005 1.7047E-018
1.13E+005 1.6752E-018
1.135E+005 1.6461E-018
1.14E+005 1.6178E-018
1.145E+005 1.5903E-018
1.15E+005 1.5630E-018
1.155E+005 1.5364E-018
1.16E+005 1.5105E-018
1.165E+005 1.4850E-018
1.17E+005 1.4602E-018
1.175E+005 1.4356E-018
1.18E+005 1.4118E-018
1.185E+005 1.3885E-018
1.19E+005 1.3655E-018
1.195E+005 1.3429E-018
1.2E+005 1.3209E-018
1.205E+005 1.2995E-018
1.21E+005 1.2784E-018
1.215E+005 1.2576E-018
1.22E+005 1.2375E-018
1.225E+005 1.2176E-018
1.23E+005 1.1980E-018
1.235E+005 1.1790E-018
1.24E+005 1.1603E-018
1.245E+005 1.1420E-018
1.25E+005 1.1240E-018
1.255E+005 1.1063E-018
1.26E+005 1.0891E-018
1.265E+005 1.0722E-018
1.27E+005 1.0555E-018
1.275E+005 1.0392E-018
1.28E+005 1.0232E-018
1.285E+005 1.0075E-018
1.29E+005 9.9216E-019
1.295E+005 9.7702E-019
1.3E+005 9.6227E-019
1.305E+005 9.4774E-019
1.31E+005 9.3343E-019
1.315E+005 9.1948E-019
1.32E+005 9.0575E-019
1.325E+005 8.9222E-019
1.33E+005 8.7904E-019
1.335E+005 8.6605E-019
1.34E+005 8.5339E-019
1.345E+005 8.4078E-019
1.35E+005 8.2850E-019
1.355E+005 8.1652E-019
1.36E+005 8.0459E-019
1.365E+005 7.9296E-019
1.37E+005 7.8164E-019
1.375E+005 7.7034E-019
1.38E+005 7.5933E-019
1.385E+005 7.4848E-019
1.39E+005 7.3791E-019
1.395E+005 7.2749E-019
1.4E+005 7.1722E-019
1.405E+005 7.0720E-019
1.41E+005 6.9721E-019
1.415E+005 6.8759E-019
1.42E+005 6.7800E-019
1.425E+005 6.6864E-019
1.43E+005 6.5942E-019
1.435E+005 6.5032E-019
1.44E+005 6.4135E-019
1.445E+005 6.3261E-019
1.45E+005 6.2398E-019
1.455E+005 6.1558E-019
1.46E+005 6.0719E-019
1.465E+005 5.9901E-019
1.47E+005 5.9104E-019
1.475E+005 5.8309E-019
1.48E+005 5.7533E-019
1.485E+005 5.6768E-019
1.49E+005 5.6012E-019
1.495E+005 5.5277E-019
1.5E+005 5.4550E-019
1.505E+005 5.3834E-019
1.51E+005 5.3126E-019
1.515E+005 5.2437E-019
1.52E+005 5.1757E-019
1.525E+005 5.1085E-019
1.53E+005 5.0423E-019
1.535E+005 4.9777E-019
1.54E+005 4.9139E-019
1.545E+005 4.8510E-019
1.55E+005 4.7888E-019
1.555E+005 4.7283E-019
1.56E+005 4.6685E-019
1.565E+005 4.6095E-019
1.57E+005 4.5512E-019
1.575E+005 4.4944E-019
1.58E+005 4.4383E-019
1.585E+005 4.3829E-019
1.59E+005 4.3283E-019
1.595E+005 4.2750E-019
1.6E+005 4.2223E-019
1.605E+005 4.1703E-019
1.61E+005 4.1190E-019
1.615E+005 4.0689E-019
1.62E+005 4.0188E-019
1.625E+005 3.9700E-019
1.63E+005 3.9218E-019
1.635E+005 3.8748E-019
1.64E+005 3.8277E-019
1.645E+005 3.7818E-019
1.65E+005 3.7365E-019
1.655E+005 3.6923E-019
1.66E+005 3.6481E-019
1.665E+005 3.6049E-019
1.67E+005 3.5623E-019
1.675E+005 3.5202E-019
1.68E+005 3.4786E-019
1.685E+005 3.4381E-019
1.69E+005 3.3975E-019
1.695E+005 3.3578E-019
1.7E+005 3.3193E-019
1.705E+005 3.2806E-019
1.71E+005 3.2429E-019
1.715E+005 3.2051E-019
1.72E+005 3.1683E-019
1.725E+005 3.1324E-019
1.73E+005 3.0964E-019
1.735E+005 3.0613E-019
1.74E+005 3.0262E-019
1.745E+005 2.9919E-019
1.75E+005 2.9580E-019
1.755E+005 2.9250E-019
1.76E+005 2.8919E-019
1.765E+005 2.8596E-019
1.77E+005 2.8277E-019
1.775E+005 2.7962E-019
1.78E+005 2.7650E-019
1.785E+005 2.7346E-019
1.79E+005 2.7045E-019
1.795E+005 2.6748E-019
1.8E+005 2.6454E-019
1.805E+005 2.6163E-019
1.81E+005 2.5876E-019
1.815E+005 2.5596E-019
1.82E+005 2.5319E-019
1.825E+005 2.5045E-019
1.83E+005 2.4773E-019
1.835E+005 2.4505E-019
1.84E+005 2.4244E-019
1.845E+005 2.3982E-019
1.85E+005 2.3726E-019
1.855E+005 2.3474E-019
1.86E+005 2.3224E-019
1.865E+005 2.2980E-019
1.87E+005 2.2735E-019
1.875E+005 2.2497E-019
1.88E+005 2.2261E-019
1.885E+005 2.2027E-019
1.89E+005 2.1796E-019
1.895E+005 2.1568E-019
1.9E+005 2.1345E-019
1.905E+005 2.1125E-019
1.91E+005 2.0904E-019
1.915E+005 2.0692E-019
1.92E+005 2.0478E-019
1.925E+005 2.0267E-019
1.93E+005 2.0061E-019
1.935E+005 1.9855E-019
1.94E+005 1.9653E-019
1.945E+005 1.9454E-019
1.95E+005 1.9256E-019
1.955E+005 1.9061E-019
1.96E+005 1.8871E-019
1.965E+005 1.8682E-019
1.97E+005 1.8493E-019
1.975E+005 1.8308E-019
1.98E+005 1.8126E-019
1.985E+005 1.7945E-019
1.99E+005 1.7769E-019
1.995E+005 1.7591E-019
2E+005 1.7419E-019
2.01E+005 1.7075E-019
2.02E+005 1.6741E-019
2.03E+005 1.6413E-019
2.04E+005 1.6095E-019
2.05E+005 1.5783E-019
2.06E+005 1.5479E-019
2.07E+005 1.5184E-019
2.08E+005 1.4895E-019
2.09E+005 1.4613E-019
2.1E+005 1.4337E-019
2.11E+005 1.4066E-019
2.12E+005 1.3805E-019
2.13E+005 1.3547E-019
2.14E+005 1.3297E-019
2.15E+005 1.3053E-019
2.16E+005 1.2812E-019
2.17E+005 1.2579E-019
2.18E+005 1.2349E-019
2.19E+005 1.2126E-019
2.2E+005 1.1907E-019
2.21E+005 1.1694E-019
2.22E+005 1.1485E-019
2.23E+005 1.1281E-019
2.24E+005 1.1081E-019
2.25E+005 1.0886E-019
2.26E+005 1.0695E-019
2.27E+005 1.0509E-019
2.28E+005 1.0326E-019
2.29E+005 1.0146E-019
2.3E+005 9.9711E-020
2.31E+005 9.8008E-020
2.32E+005 9.6335E-020
2.33E+005 9.4690E-020
2.34E+005 9.3088E-020
2.35E+005 9.1515E-020
2.36E+005 8.9982E-020
2.37E+005 8.8476E-020
2.38E+005 8.6994E-020
2.39E+005 8.5552E-020
2.4E+005 8.4134E-020
2.41E+005 8.2753E-020
2.42E+005 8.1395E-020
2.43E+005 8.0073E-020
2.44E+005 7.8772E-020
2.45E+005 7.7492E-020
2.46E+005 7.6246E-020
2.47E+005 7.5020E-020
2.48E+005 7.3814E-020
2.49E+005 7.2639E-020
2.5E+005 7.1495E-020
2.51E+005 7.0357E-020
2.52E+005 6.9249E-020
2.53E+005 6.8170E-020
2.54E+005 6.7097E-020
2.55E+005 6.6051E-020
2.56E+005 6.5033E-020
2.57E+005 6.4030E-020
2.58E+005 6.3043E-020
2.59E+005 6.2082E-020
2.6E+005 6.1125E-020
2.61E+005 6.0203E-020
2.62E+005 5.9285E-020
2.63E+005 5.8390E-020
2.64E+005 5.7519E-020
2.65E+005 5.6651E-020
2.66E+005 5.5806E-020
2.67E+005 5.4974E-020
2.68E+005 5.4163E-020
2.69E+005 5.3364E-020
2.7E+005 5.2577E-020
2.71E+005 5.1810E-020
2.72E+005 5.1054E-020
2.73E+005 5.0309E-020
2.74E+005 4.9583E-020
2.75E+005 4.8868E-020
2.76E+005 4.8163E-020
2.77E+005 4.7468E-020
2.78E+005 4.6792E-020
2.79E+005 4.6124E-020
2.8E+005 4.5475E-020
2.81E+005 4.4834E-020
2.82E+005 4.4202E-020
2.83E+005 4.3579E-020
2.84E+005 4.2965E-020
2.85E+005 4.2367E-020
2.86E+005 4.1784E-020
2.87E+005 4.1202E-020
2.88E+005 4.0635E-020
2.89E+005 4.0076E-020
2.9E+005 3.9525E-020
2.91E+005 3.8988E-020
2.92E+005 3.8458E-020
2.93E+005 3.7935E-020
2.94E+005 3.7420E-020
2.95E+005 3.6918E-020
2.96E+005 3.6422E-020
2.97E+005 3.5939E-020
2.98E+005 3.5457E-020
2.99E+005 3.4987E-020
3E+005 3.4523E-020
3.01E+005 3.4065E-020
3.02E+005 3.3619E-020
3.03E+005 3.3179E-020
3.04E+005 3.2745E-020
3.05E+005 3.2316E-020
3.06E+005 3.1899E-020
3.07E+005 3.1486E-020
3.08E+005 3.1079E-020
3.09E+005 3.0678E-020
3.1E+005 3.0287E-020
3.11E+005 2.9900E-020
3.12E+005 2.9519E-020
3.13E+005 2.9142E-020
3.14E+005 2.8775E-020
3.15E+005 2.8413E-020
3.16E+005 2.8055E-020
3.17E+005 2.7702E-020
3.18E+005 2.7358E-020
3.19E+005 2.7014E-020
3.2E+005 2.6678E-020
3.21E+005 2.6351E-020
3.22E+005 2.6024E-020
3.23E+005 2.5705E-020
3.24E+005 2.5390E-020
3.25E+005 2.5079E-020
3.26E+005 2.4771E-020
3.27E+005 2.4472E-020
3.28E+005 2.4176E-020
3.29E+005 2.3884E-020
3.3E+005 2.3595E-020
3.31E+005 2.3314E-020
3.32E+005 2.3032E-020
3.33E+005 2.2757E-020
3.34E+005 2.2486E-020
3.35E+005 2.2222E-020
3.36E+005 2.1957E-020
3.37E+005 2.1699E-020
3.38E+005 2.1444E-020
3.39E+005 2.1192E-020
3.4E+005 2.0943E-020
3.41E+005 2.0700E-020
3.42E+005 2.0460E-020
3.43E+005 2.0223E-020
3.44E+005 1.9989E-020
3.45E+005 1.9757E-020
3.46E+005 1.9532E-020
3.47E+005 1.9309E-020
3.48E+005 1.9088E-020
3.49E+005 1.8870E-020
3.5E+005 1.8655E-020
3.51E+005 1.8444E-020
3.52E+005 1.8237E-020
3.53E+005 1.8031E-020
3.54E+005 1.7828E-020
3.55E+005 1.7627E-020
3.56E+005 1.7432E-020
3.57E+005 1.7235E-020
3.58E+005 1.7044E-020
3.59E+005 1.6855E-020
3.6E+005 1.6668E-020
3.61E+005 1.6486E-020
3.62E+005 1.6303E-020
3.63E+005 1.6125E-020
3.64E+005 1.5948E-020
3.65E+005 1.5774E-020
3.66E+005 1.5604E-020
3.67E+005 1.5434E-020
3.68E+005 1.5268E-020
3.69E+005 1.5103E-020
3.7E+005 1.4941E-020
3.71E+005 1.4780E-020
3.72E+005 1.4621E-020
3.73E+005 1.4466E-020
3.74E+005 1.4313E-020
3.75E+005 1.4159E-020
3.76E+005 1.4011E-020
3.77E+005 1.3862E-020
3.78E+005 1.3716E-020
3.79E+005 1.3573E-020
3.8E+005 1.3429E-020
3.81E+005 1.3289E-020
3.82E+005 1.3150E-020
3.83E+005 1.3015E-020
3.84E+005 1.2879E-020
3.85E+005 1.2745E-020
3.86E+005 1.2614E-020
3.87E+005 1.2485E-020
3.88E+005 1.2357E-020
3.89E+005 1.2230E-020
3.9E+005 1.2105E-020
3.91E+005 1.1982E-020
3.92E+005 1.1861E-020
3.93E+005 1.1740E-020
3.94E+005 1.1621E-020
3.95E+005 1.1504E-020
3.96E+005 1.1390E-020
3.97E+005 1.1275E-020
3.98E+005 1.1161E-020
3.99E+005 1.1050E-020
