1140 9.9818E-016
1140 9.9818E-016
1141 2.5635E-015
1141 4.1491E-016
1142 0.0000E+000
1143 0.0000E+000
1143 1.6687E-016
1144 3.7637E-017
1144 0.0000E+000
1145 0.0000E+000
1145 9.2007E-017
1146 6.5643E-016
1147 0.0000E+000
1147 0.0000E+000
1148 8.6051E-017
1148 5.1495E-017
1149 3.3114E-016
1150 2.8198E-016
1150 3.8975E-017
1151 4.7245E-017
1151 0.0000E+000
1152 3.6614E-017
1152 0.0000E+000
1153 2.1607E-016
1154 0.0000E+000
1154 1.2872E-017
1155 3.9104E-017
1155 2.4669E-017
1156 1.6696E-017
1157 -1.0730E-016
1157 0.0000E+000
1158 0.0000E+000
1158 1.2490E-017
1159 2.1976E-017
1159 0.0000E+000
1160 2.6281E-016
1161 0.0000E+000
1161 1.3074E-016
1162 0.0000E+000
1162 2.3728E-017
1163 0.0000E+000
1164 1.7607E-018
1164 6.5395E-018
1165 0.0000E+000
1165 0.0000E+000
1166 6.1259E-018
1166 1.0446E-016
1167 2.0133E-016
1168 2.8095E-016
1168 0.0000E+000
1169 1.8573E-016
1169 0.0000E+000
1170 3.2667E-018
1171 1.8290E-017
1171 8.4066E-018
1172 4.3603E-018
1172 4.7982E-018
1173 8.9945E-017
1173 1.6306E-016
1174 4.6064E-018
1175 1.5812E-016
1175 7.1133E-018
1176 1.4486E-016
1176 2.1430E-016
1177 7.3131E-017
1178 1.5285E-017
1178 6.1954E-018
1179 6.3752E-018
1179 -4.0867E-019
1180 0.0000E+000
1180 1.9884E-016
1181 5.7960E-018
1182 6.8234E-017
1182 1.2131E-017
1183 3.2436E-018
1183 1.9166E-016
1184 1.1891E-016
1185 7.9072E-018
1185 6.1123E-017
1186 -7.6795E-017
1186 -3.4175E-017
1187 -1.9310E-017
1187 7.4722E-017
1188 -9.6579E-017
1189 4.2093E-016
1189 -6.9609E-017
1190 -5.5690E-017
1190 2.5144E-016
1191 -1.8326E-016
1192 -4.3252E-016
1192 -4.6486E-016
1193 -1.5032E-016
1193 -1.2064E-015
1194 -6.1956E-016
1194 6.7876E-016
1195 -9.2377E-016
1196 -2.7853E-016
1196 -7.3129E-016
1197 3.8664E-017
1197 1.3372E-015
1198 1.3462E-017
1199 5.4003E-016
1199 -1.6741E-016
1200 6.2551E-016
1200 1.0752E-015
1201 1.2834E-015
1201 5.9511E-016
1202 2.0027E-016
1203 5.0689E-016
1203 -1.2221E-016
1204 7.0915E-016
1204 3.1735E-015
1205 -9.9414E-016
1206 -2.5454E-016
1206 2.8586E-016
1207 1.0494E-016
1207 1.4899E-016
1208 -4.0462E-016
1208 -1.5983E-016
1209 3.0566E-016
1210 -2.4378E-016
1210 -9.4116E-016
1211 5.4649E-016
1211 -1.5421E-016
1212 1.5755E-015
1213 -7.2549E-016
1213 1.3038E-015
1214 -8.3232E-016
1214 -7.7828E-016
1215 -7.5084E-016
1215 -5.4965E-017
1216 1.7970E-016
1217 -3.9614E-016
1217 -2.9526E-016
1218 -2.4876E-016
1218 3.4351E-016
1219 -9.8223E-018
1220 4.1769E-016
1220 7.6034E-016
1221 1.9314E-016
1221 -5.8199E-016
1222 6.2579E-016
1222 -4.3407E-016
1223 2.2234E-016
1224 8.3719E-016
1224 -5.8200E-017
1225 3.0120E-016
1225 5.3027E-017
1226 3.6723E-016
1227 7.3788E-016
1227 -4.8169E-016
1228 -8.5665E-016
1228 -1.3075E-016
1229 5.2630E-017
1229 -4.2665E-016
1230 7.8537E-016
1231 5.1695E-016
1231 4.5737E-017
1232 3.2636E-016
1232 5.8436E-016
1233 -1.1984E-015
1234 2.0283E-016
1234 2.7921E-016
1235 -1.8727E-016
1235 -3.5914E-016
1236 8.7303E-016
1236 4.3503E-016
1237 6.5802E-016
1238 5.6603E-016
1238 -2.1095E-016
1239 -6.1242E-016
1239 -2.9767E-016
1240 -6.8063E-016
1241 1.9482E-016
1241 -4.0586E-017
1242 -9.5017E-017
1242 -3.3094E-018
1243 4.1912E-017
1243 1.1232E-016
1244 -1.7725E-017
1245 -1.0133E-016
1245 5.4400E-017
1246 1.1674E-018
1246 7.6675E-017
1247 1.6518E-017
1248 2.4205E-017
1248 7.6364E-017
1249 1.0411E-018
1249 7.7192E-017
1250 2.6049E-017
1250 4.9547E-017
1251 -1.2883E-017
1252 1.4764E-016
1252 7.3551E-017
1253 4.9178E-017
1253 2.4900E-017
1254 7.1436E-017
1255 2.5612E-017
1255 1.5540E-016
1256 2.5887E-017
1256 7.1232E-017
1257 0.0000E+000
1257 6.9761E-017
1258 1.2661E-016
1259 6.8486E-017
1259 1.1881E-016
1260 1.0971E-016
1260 2.0258E-018
1261 6.7731E-017
1262 2.7538E-017
1262 1.3126E-017
1263 2.5548E-017
1263 1.6811E-018
1264 1.2900E-016
1264 3.1974E-017
1265 1.9472E-018
1266 4.4670E-017
1266 2.5219E-017
1267 4.5476E-017
1267 4.7971E-017
1268 4.7345E-017
1269 5.6316E-017
1269 9.2180E-017
1270 9.0676E-017
1270 2.3412E-017
1271 9.4767E-017
1271 8.9477E-017
1272 7.7318E-017
1273 2.1811E-017
1273 1.0297E-016
1274 3.3287E-017
1274 2.8525E-017
1275 5.6358E-017
1276 6.3686E-017
1276 9.7504E-017
1277 6.8842E-017
1277 7.0590E-017
1278 4.7519E-017
1278 1.2338E-016
1279 1.3606E-017
1280 1.2959E-016
1280 1.5276E-016
1281 1.2415E-016
1281 1.1968E-016
1282 9.5194E-017
1283 1.4268E-016
1283 1.8732E-016
1284 9.5033E-017
1284 1.3051E-016
1285 9.0284E-018
1285 1.6980E-016
1286 6.7295E-017
1287 4.6234E-017
1287 2.4493E-016
1288 2.8457E-017
1288 1.6271E-016
1289 1.7770E-016
1290 9.6886E-017
1290 8.8884E-017
1291 -1.6986E-017
1291 7.2180E-018
1292 1.0559E-016
1292 2.5333E-016
1293 1.1714E-016
1294 1.9855E-016
1294 1.0872E-016
1295 1.3462E-016
1295 7.6002E-017
1296 1.6112E-016
1297 7.7987E-017
1297 8.4508E-017
1298 1.5461E-016
1298 1.3101E-016
1299 1.0514E-016
1299 1.1082E-016
1300 7.8470E-017
1301 1.6225E-016
1301 5.7146E-017
1302 2.1818E-016
1302 2.1582E-016
1303 3.5690E-017
1304 1.9213E-016
1304 1.2795E-016
1305 4.7234E-017
1305 2.2193E-016
1306 4.4149E-017
1306 1.5038E-016
1307 1.4636E-016
1308 6.8192E-017
1308 2.0939E-016
1309 2.2139E-016
1309 3.1137E-017
1310 2.0803E-016
1311 1.2259E-016
1311 1.7417E-016
1312 1.4731E-016
1312 1.4810E-016
1313 9.9068E-017
1313 1.9590E-016
1314 1.2642E-016
1315 2.7137E-016
1315 2.4712E-016
1316 3.6389E-017
1316 1.3865E-016
1317 8.5456E-017
1318 2.3202E-016
1318 1.0307E-016
1319 2.5523E-016
1319 2.5434E-016
1320 3.1659E-016
1320 1.7930E-016
1321 1.4112E-016
1322 3.0004E-016
1322 2.4483E-016
1323 1.4035E-016
1323 2.9542E-016
1324 1.2359E-017
1325 2.0116E-016
1325 2.8178E-016
1326 2.4068E-016
1326 6.4577E-017
1327 2.6870E-016
1327 1.3999E-016
1328 1.6486E-016
1329 2.4445E-016
1329 1.6256E-016
1330 1.7756E-016
1330 2.4082E-016
1331 2.7403E-016
1332 1.4076E-016
1332 2.9494E-016
1333 1.8000E-016
1333 1.6137E-016
1334 1.7463E-016
1334 1.2004E-016
1335 2.6724E-016
1336 2.3201E-016
1336 1.2489E-016
1337 1.7341E-016
1337 1.3121E-016
1338 2.3225E-016
1339 3.3103E-016
1339 2.1221E-016
1340 2.2360E-016
1340 2.3149E-016
1341 1.3853E-016
1341 2.7448E-016
1342 1.5753E-016
1343 1.9690E-016
1343 2.4254E-016
1344 2.2611E-016
1344 3.2337E-016
1345 2.4916E-016
1346 1.7846E-016
1346 2.9463E-016
1347 1.5801E-016
1347 2.8869E-016
1348 2.3149E-016
1348 2.6436E-016
1349 3.4818E-016
1350 3.5192E-016
1350 2.3830E-016
1351 2.1871E-016
1351 3.0987E-016
1352 2.3953E-016
1353 4.0879E-016
1353 3.3638E-016
1354 2.1475E-016
1354 3.2080E-016
1355 3.2172E-016
1355 2.8920E-016
1356 3.9986E-016
1357 3.0071E-016
1357 3.9606E-016
1358 2.0884E-016
1358 2.0445E-016
1359 2.8375E-016
1360 2.3583E-016
1360 3.7946E-016
1361 1.6144E-016
1361 2.4574E-016
1362 3.4755E-016
1362 2.0816E-016
1363 1.7211E-016
1364 2.7415E-016
1364 3.3773E-016
1365 2.9409E-016
1365 4.1789E-016
1366 3.5807E-016
1367 4.3830E-016
1367 2.3879E-016
1368 3.2875E-016
1368 4.0417E-016
1369 2.7190E-016
1369 2.3572E-016
1370 3.1092E-016
1371 2.9358E-016
1371 1.6692E-016
1372 2.8233E-016
1372 3.3551E-016
1373 3.1635E-016
1374 3.6151E-016
1374 2.4165E-016
1375 2.8189E-016
1375 4.1315E-016
1376 4.9145E-016
1376 3.8064E-016
1377 3.7933E-016
1378 3.9132E-016
1378 4.1188E-016
1379 5.4518E-016
1379 4.9285E-016
1380 2.5680E-016
1381 1.8713E-016
1381 4.5164E-016
1382 2.3330E-016
1382 3.6457E-016
1383 4.0292E-016
1383 3.0368E-016
1384 2.3970E-016
1385 3.0818E-016
1385 4.7412E-016
1386 3.5250E-016
1386 4.5215E-016
1387 3.1968E-016
1388 4.2175E-016
1388 4.3121E-016
1389 4.4886E-016
1389 4.4091E-016
1390 5.1086E-016
1390 5.7357E-016
1391 4.3444E-016
1392 3.2746E-016
1392 3.7559E-016
1393 4.1675E-016
1393 3.7722E-016
1394 5.6160E-016
1395 2.7788E-016
1395 5.6366E-016
1396 3.4195E-016
1396 3.1572E-016
1397 5.6015E-016
1397 4.5162E-016
1398 5.2712E-016
1399 4.0396E-016
1399 4.6155E-016
1400 4.5406E-016
1400 3.2077E-016
1401 3.9020E-016
1402 2.8621E-016
1402 3.7399E-016
1403 3.0438E-016
1403 5.0090E-016
1404 5.8476E-016
1404 3.9480E-016
1405 5.3720E-016
1406 4.2425E-016
1406 6.6225E-016
1407 5.9583E-016
1407 6.2624E-016
1408 6.7096E-016
1409 4.4224E-016
1409 3.0885E-016
1410 6.0578E-016
1410 7.1578E-016
1411 5.8430E-016
1411 5.4388E-016
1412 6.5619E-016
1413 7.6574E-016
1413 7.9059E-016
1414 6.4367E-016
1414 5.9377E-016
1415 5.4284E-016
1416 4.8042E-016
1416 4.5128E-016
1417 5.9066E-016
1417 7.4793E-016
1418 9.9102E-016
1418 7.6749E-016
1419 8.7418E-016
1420 8.2937E-016
1420 8.1541E-016
1421 6.2888E-016
1421 6.4387E-016
1422 8.4059E-016
1423 5.1853E-016
1423 9.1330E-016
1424 6.5514E-016
1424 5.2564E-016
1425 7.4719E-016
1425 6.7073E-016
1426 8.5907E-016
1427 7.8530E-016
1427 8.1619E-016
1428 8.8749E-016
1428 1.1283E-015
1429 5.9546E-016
1430 6.8322E-016
1430 7.9846E-016
1431 6.4255E-016
1431 6.3076E-016
1432 4.6591E-016
1432 5.3036E-016
1433 3.7637E-016
1434 6.0840E-016
1434 7.5088E-016
1435 4.9654E-016
1435 3.7630E-016
1436 6.8089E-016
1436 8.2497E-016
1437 6.3918E-016
1438 7.9453E-016
1438 7.6639E-016
1439 5.6219E-016
1439 7.1140E-016
1440 8.5535E-016
1441 6.6504E-016
1441 9.1419E-016
1442 8.5009E-016
1442 1.2703E-015
1443 1.0261E-015
1443 8.6342E-016
1444 1.0796E-015
1445 7.4647E-016
1445 7.9642E-016
1446 9.5507E-016
1446 8.9547E-016
1447 9.4290E-016
1448 8.1685E-016
1448 8.8419E-016
1449 1.3356E-015
1449 1.0373E-015
1450 1.0364E-015
1450 1.3181E-015
1451 1.2285E-015
1452 1.1878E-015
1452 1.0590E-015
1453 9.2909E-016
1453 1.1320E-015
1454 1.4186E-015
1455 9.6488E-016
1455 1.0842E-015
1456 9.8202E-016
1456 1.1668E-015
1457 1.2903E-015
1457 1.2761E-015
1458 1.4610E-015
1459 1.2518E-015
1459 1.1584E-015
1460 1.7123E-015
1460 8.6207E-016
1461 8.6384E-016
1462 1.0478E-015
1462 1.6342E-015
1463 1.0238E-015
1463 1.6898E-015
1464 1.1930E-015
1464 1.3227E-015
1465 1.4799E-015
1466 1.2054E-015
1466 1.4337E-015
1467 1.1596E-015
1467 1.2887E-015
1468 6.5333E-016
1469 1.1090E-015
1469 1.2539E-015
1470 9.9113E-016
1470 1.0831E-015
1471 1.4361E-015
1471 1.2959E-015
1472 1.2896E-015
1473 1.1271E-015
1473 1.1936E-015
1474 1.3803E-015
1474 1.5263E-015
1475 8.9831E-016
1476 1.6894E-015
1476 1.3171E-015
1477 1.1662E-015
1477 9.7067E-016
1478 1.3315E-015
1478 1.3567E-015
1479 1.2818E-015
1480 1.7066E-015
1480 1.2397E-015
1481 1.3594E-015
1481 9.8486E-016
1482 1.0918E-015
1483 1.1870E-015
1483 1.2879E-015
1484 9.2717E-016
1484 1.2481E-015
1485 1.5185E-015
1485 1.0774E-015
1486 1.6800E-015
1487 9.5250E-016
1487 1.9241E-015
1488 1.5225E-015
1488 1.7975E-015
1489 8.8372E-016
1490 1.2627E-015
1490 1.5573E-015
1491 1.4727E-015
1491 1.6518E-015
1492 1.2917E-015
1492 1.8256E-015
1493 1.9116E-015
1494 1.9612E-015
1494 1.2378E-015
1495 1.9983E-015
1495 1.5014E-015
1496 1.6079E-015
1497 1.8194E-015
1497 1.3930E-015
1498 1.5658E-015
1498 1.5767E-015
1499 1.8610E-015
1499 1.9364E-015
1500 2.1206E-015
1501 1.5828E-015
1501 2.3009E-015
1502 1.2694E-015
1502 1.7041E-015
1503 2.2651E-015
1504 2.0416E-015
1504 2.1177E-015
1505 1.8603E-015
1505 1.8110E-015
1506 1.7474E-015
1506 1.9233E-015
1507 1.7387E-015
1508 1.4908E-015
1508 9.3398E-016
1509 1.2074E-015
1509 1.3492E-015
1510 1.9414E-015
1511 1.6471E-015
1511 1.7063E-015
1512 1.5905E-015
1512 1.6186E-015
1513 1.7394E-015
1513 2.1045E-015
1514 1.8812E-015
1515 1.7612E-015
1515 1.3959E-015
1516 1.5926E-015
1516 1.7386E-015
1517 1.9506E-015
1518 1.9909E-015
1518 2.2163E-015
1519 2.1835E-015
1519 1.7290E-015
1520 1.9204E-015
1520 2.1606E-015
1521 1.2348E-015
1522 1.6130E-015
1522 1.8157E-015
1523 1.9026E-015
1523 2.4962E-015
1524 1.9079E-015
1525 1.7954E-015
1525 2.5823E-015
1526 1.7031E-015
1526 1.7292E-015
1527 2.2258E-015
1527 1.8872E-015
1528 2.7154E-015
1529 2.1518E-015
1529 2.9671E-015
1530 1.7408E-015
1530 1.8408E-015
1531 1.7493E-015
1531 1.3423E-015
1532 1.9703E-015
1533 2.0922E-015
1533 1.4890E-015
1534 1.3348E-015
1534 1.3106E-015
1535 2.0122E-015
1536 2.5359E-015
1536 2.2084E-015
1537 3.2697E-015
1537 2.3151E-015
1538 1.6045E-015
1538 2.2282E-015
1539 2.4629E-015
1540 2.2320E-015
1540 2.1737E-015
1541 2.5318E-015
1541 2.0161E-015
1542 2.4737E-015
1543 2.7674E-015
1543 1.8824E-015
1544 2.2119E-015
1544 3.0046E-015
1545 2.3800E-015
1545 2.1284E-015
1546 2.6653E-015
1547 2.7682E-015
1547 2.3199E-015
1548 2.1980E-015
1548 1.8132E-015
1549 2.0863E-015
1550 1.2453E-015
1550 1.2970E-015
1551 2.0572E-015
1551 1.7044E-015
1552 1.2191E-015
1552 1.4623E-015
1553 1.7075E-015
1554 1.4827E-015
1554 1.5677E-015
1555 1.3742E-015
1555 1.9552E-015
1556 2.1196E-015
1557 2.2039E-015
1557 2.0836E-015
1558 2.4099E-015
1558 1.6160E-015
1559 1.5588E-015
1559 2.2575E-015
1560 1.6068E-015
1561 2.6708E-015
1561 1.5121E-015
1562 1.7628E-015
1562 2.2287E-015
1563 2.0304E-015
1564 2.0564E-015
1564 2.5426E-015
1565 3.3382E-015
1565 2.1027E-015
1566 2.4739E-015
1566 1.8312E-015
1567 1.2011E-015
1568 2.0181E-015
1568 1.7206E-015
1569 2.5199E-015
1569 2.4134E-015
1570 1.6376E-015
1571 1.9344E-015
1571 1.9152E-015
1572 2.3443E-015
1572 1.4651E-015
1573 1.9691E-015
1573 2.7662E-015
1574 1.9236E-015
1575 2.6270E-015
1575 2.9544E-015
1576 1.8665E-015
1576 1.6451E-015
1577 2.3803E-015
1578 2.1768E-015
1578 1.8603E-015
1579 1.8525E-015
1579 1.9728E-015
1580 3.0725E-015
1580 2.1899E-015
1581 2.6600E-015
1582 2.4037E-015
1582 2.7845E-015
1583 3.1014E-015
1583 2.3473E-015
1584 1.8983E-015
1585 2.9535E-015
1585 2.6550E-015
1586 2.0522E-015
1586 1.2539E-015
1587 2.1743E-015
1587 1.9562E-015
1588 2.1864E-015
1589 2.9914E-015
1589 2.0201E-015
1590 2.3172E-015
1590 3.2503E-015
1591 2.6085E-015
1592 2.3562E-015
1592 1.8719E-015
1593 2.7395E-015
1593 3.6509E-015
1594 3.6471E-015
1594 1.3438E-015
1595 2.4128E-015
1596 2.1168E-015
1596 1.6413E-015
1597 2.7397E-015
1597 2.6152E-015
1598 3.2622E-015
1598 2.7395E-015
1599 2.6753E-015
1600 2.7192E-015
1600 2.3458E-015
1601 3.2067E-015
1601 2.8460E-015
1602 1.8565E-015
1603 2.4076E-015
1603 2.7235E-015
1604 2.3026E-015
1604 2.7834E-015
1605 2.7942E-015
1605 2.7983E-015
1606 2.3882E-015
1607 2.2318E-015
1607 2.8225E-015
1608 1.9441E-015
1608 2.0414E-015
1609 3.3683E-015
1610 2.5336E-015
1610 2.3269E-015
1611 2.9987E-015
1611 2.8420E-015
1612 3.1672E-015
1612 2.4657E-015
1613 2.5967E-015
1614 3.3931E-015
1614 2.8714E-015
1615 3.5829E-015
1615 3.6811E-015
1616 2.2732E-015
1617 3.7374E-015
1617 2.6720E-015
1618 3.6524E-015
1618 3.1317E-015
1619 2.9748E-015
1619 2.3139E-015
1620 2.7170E-015
1621 3.1685E-015
1621 1.9290E-015
1622 2.6811E-015
1622 3.7565E-015
1623 3.5294E-015
1624 3.4691E-015
1624 5.3131E-015
1625 4.2274E-015
1625 3.4995E-015
1626 3.7252E-015
1626 3.5926E-015
1627 3.7858E-015
1628 5.1522E-015
1628 3.5208E-015
1629 4.7612E-015
1629 2.5777E-015
1630 3.9003E-015
1631 4.1193E-015
1631 3.1955E-015
1632 4.0470E-015
1632 4.5145E-015
1633 2.9260E-015
1633 3.2204E-015
1634 3.4585E-015
1635 4.1340E-015
1635 4.2292E-015
1636 4.2228E-015
1636 7.0412E-015
1637 5.4975E-015
1638 5.2267E-015
1638 4.8316E-015
1639 6.4502E-015
1639 4.1211E-015
1640 5.4209E-015
1640 4.9227E-015
1641 5.7964E-015
1642 4.6595E-015
1642 5.2633E-015
1643 4.8240E-015
1643 6.4545E-015
1644 7.2435E-015
1645 8.0439E-015
1645 7.2486E-015
1646 6.2741E-015
1646 7.1299E-015
1647 6.2162E-015
1647 8.5491E-015
1648 6.8575E-015
1649 4.4534E-015
1649 5.9260E-015
1650 7.4839E-015
1650 6.5017E-015
1651 7.8100E-015
1651 6.7017E-015
1652 7.7921E-015
1653 7.8372E-015
1653 7.1629E-015
1654 6.8075E-015
1654 8.8905E-015
1655 9.6591E-015
1656 7.4681E-015
1656 8.9022E-015
1657 9.3979E-015
1657 8.5212E-015
1658 7.4498E-015
1658 7.3159E-015
1659 8.8063E-015
1660 9.3248E-015
1660 8.5567E-015
1661 1.0201E-014
1661 1.0310E-014
1662 8.2433E-015
1663 8.6060E-015
1663 8.7160E-015
1664 1.0562E-014
1664 8.5680E-015
1665 1.0018E-014
1665 1.0297E-014
1666 9.9893E-015
1667 8.9203E-015
1667 6.6247E-015
1668 6.5488E-015
1668 7.3814E-015
1669 6.7529E-015
1670 5.6276E-015
1670 4.9353E-015
1671 5.8697E-015
1671 5.7075E-015
1672 6.7279E-015
1672 7.7893E-015
1673 5.2311E-015
1674 6.2329E-015
1674 6.8772E-015
1675 9.1284E-015
1675 9.0153E-015
1676 9.8760E-015
1677 6.4131E-015
1677 1.0964E-014
1678 1.0176E-014
1679 9.3104E-015
1681 1.0340E-014
1682 6.6388E-015
1684 9.3708E-015
1685 9.8373E-015
1687 8.3577E-015
1688 7.6052E-015
1690 9.2833E-015
1691 9.4311E-015
1693 8.6957E-015
1694 1.0852E-014
1696 9.6805E-015
1698 9.9351E-015
1699 1.0443E-014
1701 1.1730E-014
1702 1.0478E-014
1704 1.2457E-014
1705 1.1336E-014
1707 1.1930E-014
1708 1.2738E-014
1710 1.2817E-014
1711 1.1995E-014
1713 1.3983E-014
1715 1.3735E-014
1716 1.3014E-014
1718 1.4058E-014
1719 1.6013E-014
1721 1.4041E-014
1722 1.3900E-014
1724 1.2784E-014
1725 1.1862E-014
1727 1.2858E-014
1728 1.2732E-014
1730 1.4573E-014
1731 1.4611E-014
1733 1.5088E-014
1735 1.5333E-014
1736 1.3752E-014
1738 1.4916E-014
1739 1.6773E-014
1741 1.5429E-014
1742 1.6879E-014
1744 1.5403E-014
1745 1.7427E-014
1747 1.8391E-014
1748 1.6582E-014
1750 1.6564E-014
1752 1.9539E-014
1753 1.8936E-014
1755 1.8340E-014
1756 1.8443E-014
1758 1.8150E-014
1759 1.7362E-014
1761 1.5298E-014
1762 1.3289E-014
1764 1.4896E-014
1765 1.3901E-014
1767 1.4846E-014
1769 1.6265E-014
1770 1.6714E-014
1772 1.7839E-014
1773 1.8996E-014
1775 1.9613E-014
1776 1.8745E-014
1778 2.1102E-014
1779 1.9154E-014
1781 1.9495E-014
1782 1.8750E-014
1784 1.9710E-014
1786 1.8716E-014
1787 2.0167E-014
1789 1.9293E-014
1790 2.1895E-014
1792 2.4954E-014
1793 2.5854E-014
1795 2.6618E-014
1796 2.5086E-014
1798 2.3527E-014
1799 2.4881E-014
1801 2.4832E-014
1803 2.5180E-014
1804 2.3599E-014
1806 2.3259E-014
1807 2.3851E-014
1809 2.1174E-014
1810 1.9688E-014
1812 2.0777E-014
1813 2.1892E-014
1815 2.1426E-014
1816 2.1492E-014
1818 2.3565E-014
1820 2.3598E-014
1821 2.5276E-014
1823 2.6536E-014
1824 2.6307E-014
1826 2.7623E-014
1827 2.5427E-014
1829 2.5734E-014
1830 2.4890E-014
1832 2.4616E-014
1833 2.3471E-014
1835 2.4799E-014
1837 2.1246E-014
1838 1.7115E-014
1840 1.5884E-014
1841 1.4638E-014
1843 1.8016E-014
1844 1.9034E-014
1846 2.0751E-014
1847 2.0535E-014
1849 1.9337E-014
1850 2.0592E-014
1852 1.9467E-014
1854 1.8767E-014
1855 2.0204E-014
1857 2.2698E-014
1858 2.2919E-014
1860 2.2563E-014
1861 2.2506E-014
1863 2.3393E-014
1864 2.4449E-014
1866 2.2744E-014
1867 2.4273E-014
1869 2.5304E-014
1871 2.5982E-014
1872 2.5756E-014
1874 2.3939E-014
1875 2.4537E-014
1877 2.2538E-014
1878 2.2143E-014
1880 2.3122E-014
1881 2.3294E-014
1883 2.3904E-014
1884 2.5898E-014
1886 2.5329E-014
1888 2.4849E-014
1889 2.6721E-014
1891 2.3966E-014
1892 2.5106E-014
1894 2.5473E-014
1895 2.7785E-014
1897 2.6099E-014
1898 2.6401E-014
1900 2.3841E-014
1901 2.5558E-014
1903 2.7142E-014
1905 2.7085E-014
1906 2.5191E-014
1908 2.6650E-014
1909 2.5875E-014
1911 2.3590E-014
1912 2.5261E-014
1914 2.7847E-014
1915 2.7030E-014
1917 2.9377E-014
1918 2.9113E-014
1920 2.8345E-014
1922 2.9866E-014
1923 2.9004E-014
1925 2.9405E-014
1926 2.5148E-014
1928 2.4716E-014
1929 2.5721E-014
1931 2.4337E-014
1932 2.2703E-014
1934 2.5264E-014
1935 2.3016E-014
1937 2.2730E-014
1939 2.6032E-014
1940 2.6350E-014
1942 3.0180E-014
1943 3.0387E-014
1945 2.9510E-014
1946 3.1112E-014
1948 3.0175E-014
1949 2.8801E-014
1951 3.2234E-014
1952 3.0452E-014
1954 3.0325E-014
1956 2.9277E-014
1957 2.9872E-014
1959 2.9627E-014
1960 3.1911E-014
1962 2.9671E-014
1963 2.9295E-014
1965 3.0285E-014
1966 3.1425E-014
1968 3.3220E-014
1969 3.2005E-014
1971 3.0177E-014
1973 3.1166E-014
1974 3.1493E-014
1976 2.9416E-014
1977 3.1308E-014
1979 3.1307E-014
1980 3.1816E-014
1982 2.9834E-014
1983 3.3017E-014
1985 2.9241E-014
1986 2.9176E-014
1988 2.7905E-014
1990 2.9262E-014
1991 2.7750E-014
1993 2.9378E-014
1994 2.8037E-014
1996 2.7880E-014
1997 2.7933E-014
1999 2.6651E-014
2000 2.5538E-014
2002 2.6586E-014
2003 2.6342E-014
2005 2.5759E-014
2007 2.7872E-014
2008 2.7203E-014
2010 2.9244E-014
2011 2.8523E-014
2013 2.7229E-014
2014 2.6499E-014
2016 2.4646E-014
2017 2.6378E-014
2019 2.8669E-014
2020 2.7095E-014
2022 2.6221E-014
2024 2.7338E-014
2025 2.5856E-014
2027 2.4238E-014
2028 2.6329E-014
2030 2.8039E-014
2031 2.7258E-014
2033 2.8606E-014
2034 2.6006E-014
2036 2.6246E-014
2037 2.6112E-014
2039 2.6816E-014
2041 2.4957E-014
2042 2.6003E-014
2044 2.8393E-014
2045 2.9260E-014
2047 3.0797E-014
2048 3.1442E-014
2050 3.0295E-014
2051 3.0255E-014
2053 2.8535E-014
2054 2.8189E-014
2056 2.3201E-014
2058 2.3343E-014
2059 2.4715E-014
2061 2.6306E-014
2062 2.2201E-014
2064 2.3511E-014
2065 2.4478E-014
2067 2.3656E-014
2068 2.6453E-014
2070 2.9608E-014
2071 3.0365E-014
2073 3.1766E-014
2075 3.2065E-014
2076 3.4222E-014
2078 3.3976E-014
2079 3.5078E-014
2081 3.2857E-014
2082 3.3653E-014
2084 3.3903E-014
2085 3.2932E-014
2087 3.5443E-014
2089 3.3739E-014
2090 3.3205E-014
2092 3.2822E-014
2093 3.1689E-014
2095 2.9731E-014
2096 3.0658E-014
2098 3.1189E-014
2099 3.0664E-014
2101 3.1713E-014
2102 3.0569E-014
2104 2.7826E-014
2106 3.0385E-014
2107 3.1964E-014
2109 3.0151E-014
2110 2.7994E-014
2112 2.7147E-014
2113 2.7118E-014
2115 2.7657E-014
2116 3.0903E-014
2118 3.2056E-014
2119 3.2048E-014
2121 3.4452E-014
2123 3.2748E-014
2124 3.1209E-014
2126 3.0023E-014
2127 3.2076E-014
2129 2.9405E-014
2130 2.7893E-014
2132 2.6048E-014
2133 2.4287E-014
2135 2.1433E-014
2136 2.4884E-014
2138 2.8873E-014
2140 3.0840E-014
2141 3.1682E-014
2143 3.3520E-014
2144 3.4101E-014
2146 3.3350E-014
2147 3.0914E-014
2149 3.1029E-014
2150 3.1930E-014
2152 2.9835E-014
2153 3.1629E-014
2155 3.4017E-014
2157 3.3603E-014
2158 3.3048E-014
2160 3.2018E-014
2161 3.3417E-014
2163 3.2118E-014
2164 3.0687E-014
2166 3.1265E-014
2167 3.0339E-014
2169 3.1327E-014
2170 3.1380E-014
2172 3.1681E-014
2174 3.2216E-014
2175 3.0730E-014
2177 3.2120E-014
2178 3.4991E-014
2180 3.6137E-014
2181 3.7444E-014
2183 3.7078E-014
2184 3.4780E-014
2186 3.5849E-014
2188 3.5375E-014
2189 3.4945E-014
2191 3.3323E-014
2192 3.5818E-014
2194 3.6196E-014
2195 3.4978E-014
2197 3.6444E-014
2198 3.5559E-014
2200 3.7571E-014
2201 3.6627E-014
2203 3.5215E-014
2205 3.5526E-014
2206 3.2791E-014
2208 3.4087E-014
2209 3.2145E-014
2211 3.0485E-014
2212 3.1695E-014
2214 3.3039E-014
2215 3.3685E-014
2217 3.4733E-014
2218 3.5102E-014
2220 3.5859E-014
2222 3.5965E-014
2223 3.6403E-014
2225 3.5622E-014
2226 3.3976E-014
2228 3.1731E-014
2229 3.3303E-014
2231 3.5593E-014
2232 3.6485E-014
2234 3.7314E-014
2235 3.7435E-014
2237 3.7126E-014
2239 3.6696E-014
2240 3.6574E-014
2242 3.5763E-014
2243 3.3759E-014
2245 3.2114E-014
2246 3.2140E-014
2248 3.4560E-014
2249 2.9999E-014
2251 3.0253E-014
2252 3.1662E-014
2254 3.1528E-014
2256 3.1086E-014
2257 3.0984E-014
2259 3.1993E-014
2260 3.1969E-014
2262 3.1610E-014
2263 3.3660E-014
2265 3.2401E-014
2266 3.1870E-014
2268 3.2271E-014
2270 3.1824E-014
2271 3.2530E-014
2273 3.4777E-014
2274 3.5384E-014
2276 3.5329E-014
2277 3.3789E-014
2279 3.5104E-014
2280 3.4857E-014
2282 3.4642E-014
2283 3.2988E-014
2285 3.3900E-014
2287 3.5396E-014
2288 3.6345E-014
2290 3.7728E-014
2291 3.6226E-014
2293 3.5144E-014
2294 3.5042E-014
2296 3.4154E-014
2297 3.1798E-014
2299 2.9891E-014
2300 3.0558E-014
2302 3.1785E-014
2304 3.4436E-014
2305 3.2870E-014
2307 3.2544E-014
2308 3.2315E-014
2310 3.3915E-014
2311 3.4263E-014
2313 3.1890E-014
2314 2.9541E-014
2316 3.1249E-014
2317 3.2420E-014
2319 3.1878E-014
2321 3.0507E-014
2322 3.2517E-014
2324 3.5617E-014
2325 3.2852E-014
2327 2.9519E-014
2328 2.8259E-014
2330 3.0402E-014
2331 2.9929E-014
2333 2.7155E-014
2335 2.5607E-014
2336 2.6667E-014
2338 2.8551E-014
2339 2.5846E-014
2341 2.7222E-014
2342 2.8032E-014
2344 2.4558E-014
2345 2.1649E-014
2347 2.4177E-014
2348 2.4330E-014
2350 2.6132E-014
2352 2.9450E-014
2353 3.0042E-014
2355 2.9863E-014
2356 2.8183E-014
2358 2.9802E-014
2359 2.8452E-014
2361 2.4114E-014
2362 2.4153E-014
2364 2.6427E-014
2365 2.5888E-014
2367 2.4531E-014
2369 2.6275E-014
2370 2.8441E-014
2372 2.8319E-014
2373 2.8471E-014
2375 2.5951E-014
2376 2.8029E-014
2378 3.0687E-014
2379 2.7491E-014
2381 2.5591E-014
2383 2.1049E-014
2384 2.0875E-014
2386 2.6108E-014
2387 2.8377E-014
2389 2.6708E-014
2390 2.4627E-014
2392 2.8247E-014
2393 2.9637E-014
2395 2.8854E-014
2396 2.4876E-014
2398 2.5923E-014
2400 2.5533E-014
2401 2.7011E-014
2403 2.7249E-014
2404 2.7126E-014
2406 2.3476E-014
2407 2.3544E-014
2409 2.5893E-014
2410 2.7292E-014
2412 2.4775E-014
2413 2.6241E-014
2415 2.7201E-014
2417 2.8942E-014
2418 2.8564E-014
2420 3.0216E-014
2421 3.3221E-014
2423 3.3463E-014
2424 3.0427E-014
2426 3.0154E-014
2427 3.2510E-014
2429 3.2696E-014
2431 3.1869E-014
2432 3.2565E-014
2434 3.2373E-014
2435 3.1039E-014
2437 3.2059E-014
2438 3.1263E-014
2440 3.0759E-014
2441 3.2521E-014
2443 3.3315E-014
2444 3.3755E-014
2446 3.0488E-014
2448 3.0327E-014
2449 3.0843E-014
2451 3.1676E-014
2452 3.0583E-014
2454 2.9814E-014
2455 3.0016E-014
2457 3.0587E-014
2458 3.0858E-014
2460 3.1718E-014
2461 2.9254E-014
2463 2.8981E-014
2465 2.9125E-014
2466 2.8633E-014
2468 2.8096E-014
2469 2.9113E-014
2471 3.1052E-014
2472 3.1172E-014
2474 3.1657E-014
2475 3.2511E-014
2477 3.1249E-014
2479 3.0556E-014
2480 3.0266E-014
2482 3.2327E-014
2483 3.1899E-014
2485 2.8742E-014
2486 2.9827E-014
2488 3.0958E-014
2489 3.0337E-014
2491 2.8374E-014
2492 2.8361E-014
2494 2.9932E-014
2496 3.1177E-014
2497 3.2904E-014
2499 3.0964E-014
2500 3.0731E-014
2502 3.1968E-014
2503 3.1593E-014
2505 3.2032E-014
2506 3.2501E-014
2508 3.0587E-014
2510 3.3096E-014
2511 3.2781E-014
2513 3.0588E-014
2514 2.9723E-014
2516 2.9925E-014
2517 2.9675E-014
2519 2.8061E-014
2520 2.8702E-014
2522 2.8809E-014
2523 2.6876E-014
2525 2.7606E-014
2527 2.7831E-014
2528 2.6821E-014
2530 2.5185E-014
2531 2.5602E-014
2533 2.7347E-014
2534 2.7839E-014
2536 2.5818E-014
2537 2.6995E-014
2539 2.6740E-014
2540 2.5663E-014
2542 2.6544E-014
2544 2.6561E-014
2545 2.6308E-014
2547 2.5890E-014
2548 2.6021E-014
2550 2.5749E-014
2551 2.6024E-014
2553 3.0237E-014
2554 3.2631E-014
2556 3.2386E-014
2558 3.0291E-014
2559 2.9464E-014
2561 3.1703E-014
2562 3.1066E-014
2564 2.9255E-014
2565 2.8642E-014
2567 3.1161E-014
2568 3.2098E-014
2570 3.2652E-014
2571 3.3537E-014
2573 3.0358E-014
2575 2.9490E-014
2576 2.8424E-014
2578 2.6887E-014
2579 2.9378E-014
2581 3.2685E-014
2582 3.4232E-014
2584 3.2064E-014
2585 3.1400E-014
2587 2.8625E-014
2589 2.9342E-014
2590 3.0714E-014
2592 3.2212E-014
2593 3.1528E-014
2595 2.9038E-014
2596 3.0497E-014
2598 3.1726E-014
2599 2.7638E-014
2601 2.4458E-014
2602 2.9860E-014
2604 3.1058E-014
2606 2.8426E-014
2607 2.5262E-014
2609 2.6735E-014
2610 2.9143E-014
2612 3.0041E-014
2613 2.7868E-014
2615 3.0466E-014
2616 3.3010E-014
2618 3.5130E-014
2620 3.1806E-014
2621 3.1510E-014
2623 3.3153E-014
2624 3.4332E-014
2626 3.4217E-014
2627 3.2106E-014
2629 3.1312E-014
2630 3.0609E-014
2632 2.8228E-014
2633 2.7478E-014
2635 3.2816E-014
2637 3.5726E-014
2638 3.4964E-014
2640 3.6074E-014
2641 3.7058E-014
2643 3.9871E-014
2644 4.0787E-014
2646 4.2211E-014
2647 4.2686E-014
2649 4.0620E-014
2651 4.0418E-014
2652 4.0377E-014
2654 3.9815E-014
2655 3.8469E-014
2657 4.0339E-014
2658 4.1128E-014
2660 3.7047E-014
2661 3.6878E-014
2663 3.4223E-014
2664 3.2902E-014
2666 3.1773E-014
2668 3.1455E-014
2669 3.1597E-014
2671 3.1817E-014
2672 3.2538E-014
2674 2.9799E-014
2675 3.3342E-014
2677 3.3549E-014
2678 3.0474E-014
2680 3.0627E-014
2682 3.1077E-014
2683 3.6003E-014
2685 3.7055E-014
2686 3.5005E-014
2688 3.4299E-014
2689 3.3530E-014
2691 3.2960E-014
2692 3.2299E-014
2694 3.3582E-014
2695 3.3928E-014
2697 3.5645E-014
2699 3.1912E-014
2700 3.0539E-014
2702 3.4597E-014
2703 3.4847E-014
2705 3.4820E-014
2706 3.6374E-014
2708 3.5711E-014
2709 3.6725E-014
2711 3.4151E-014
2713 3.3329E-014
2714 3.4258E-014
2716 3.4949E-014
2717 3.2909E-014
2719 3.1792E-014
2720 3.3728E-014
2722 3.4439E-014
2723 3.6171E-014
2725 3.3506E-014
2726 3.5162E-014
2728 3.4097E-014
2730 3.4563E-014
2731 3.5582E-014
2733 3.6459E-014
2734 3.5726E-014
2736 3.6319E-014
2737 3.4142E-014
2739 3.2986E-014
2740 3.2890E-014
2742 3.1630E-014
2744 2.8835E-014
2745 2.9383E-014
2747 3.1660E-014
2748 2.9826E-014
2750 2.7946E-014
2751 2.6222E-014
2753 2.7005E-014
2754 2.9635E-014
2756 2.8279E-014
2757 2.9738E-014
2759 2.9708E-014
2761 3.0061E-014
2762 3.0471E-014
2764 2.8318E-014
2765 3.0244E-014
2767 2.8669E-014
2768 2.9696E-014
2770 3.0617E-014
2771 3.3420E-014
2773 3.5749E-014
2775 3.6111E-014
2776 3.3799E-014
2778 3.2903E-014
2779 3.1021E-014
2781 2.9079E-014
2782 2.9742E-014
2784 3.0437E-014
2785 2.9797E-014
2787 3.0225E-014
2788 2.9124E-014
2790 2.7664E-014
2792 2.5677E-014
2793 2.3644E-014
2795 2.0704E-014
2796 1.6622E-014
2798 1.8551E-014
2799 2.0850E-014
2801 2.2015E-014
2802 1.9901E-014
2804 1.7131E-014
2806 2.2695E-014
2807 2.5111E-014
2809 2.6858E-014
2810 2.8279E-014
2812 2.9209E-014
2813 3.1249E-014
2815 3.2814E-014
2816 3.3891E-014
2818 3.1685E-014
2819 3.5636E-014
2821 3.8442E-014
2823 3.8997E-014
2824 3.9363E-014
2826 3.9751E-014
2827 3.8408E-014
2829 3.8052E-014
2830 3.9042E-014
2832 3.6612E-014
2833 3.7590E-014
2835 3.5793E-014
2837 3.2317E-014
2838 3.3445E-014
2840 3.6196E-014
2841 3.4700E-014
2843 3.4352E-014
2844 3.2374E-014
2846 3.4629E-014
2847 3.5424E-014
2849 3.3780E-014
2851 3.0789E-014
2852 2.8269E-014
2854 2.7692E-014
2855 2.9567E-014
2857 3.1121E-014
2858 3.1254E-014
2860 3.2850E-014
2861 3.4597E-014
2863 3.4001E-014
2864 3.4168E-014
2866 3.3313E-014
2868 3.1373E-014
2869 3.1299E-014
2871 3.3906E-014
2872 3.5208E-014
2874 3.6430E-014
2875 3.6052E-014
2877 3.4109E-014
2878 3.5021E-014
2880 3.5457E-014
2882 3.7223E-014
2883 3.6615E-014
2885 3.8576E-014
2886 4.0105E-014
2888 4.0009E-014
2889 3.6896E-014
2891 3.4642E-014
2892 3.5118E-014
2894 3.4728E-014
2895 3.4520E-014
2897 3.5861E-014
2899 3.7796E-014
2900 3.8229E-014
2902 4.2300E-014
2903 4.4026E-014
2905 4.4131E-014
2906 4.3367E-014
2908 4.1079E-014
2909 4.1834E-014
2911 4.0327E-014
2913 4.2811E-014
2914 4.4624E-014
2916 4.1722E-014
2917 4.1287E-014
2919 4.2944E-014
2920 4.4660E-014
2922 4.1738E-014
2923 4.0359E-014
2925 3.8344E-014
2927 3.9040E-014
2928 3.7067E-014
2930 3.6726E-014
2931 3.8499E-014
2933 4.0534E-014
2934 3.8165E-014
2936 3.8697E-014
2937 3.7407E-014
2939 3.9005E-014
2940 3.9336E-014
2942 3.9851E-014
2944 4.1693E-014
2945 4.1484E-014
2947 4.1525E-014
2948 3.9804E-014
2950 3.9169E-014
2951 3.9783E-014
2953 4.1565E-014
2954 4.1385E-014
2956 4.1448E-014
2958 4.2385E-014
2959 4.4042E-014
2961 4.4109E-014
2962 4.5789E-014
2964 4.5468E-014
2965 4.4014E-014
2967 4.4278E-014
2968 4.4562E-014
2970 4.3301E-014
2972 4.3430E-014
2973 4.2244E-014
2975 4.3843E-014
2976 4.3888E-014
2978 4.4710E-014
2979 4.3554E-014
2981 4.4264E-014
2982 4.1329E-014
2984 4.5825E-014
2985 4.1012E-014
2987 4.1252E-014
2989 4.3314E-014
2990 4.4305E-014
2992 4.5115E-014
2993 4.5687E-014
2995 4.3775E-014
2996 4.5879E-014
2998 4.5747E-014
2999 4.4667E-014
3001 4.3410E-014
3003 4.5211E-014
3004 4.4579E-014
3006 4.6716E-014
3007 4.6815E-014
3009 4.4724E-014
3010 4.6877E-014
3012 4.8214E-014
3013 4.6744E-014
3015 4.5230E-014
3017 4.5690E-014
3018 4.4599E-014
3020 4.4206E-014
3021 4.6208E-014
3023 4.6023E-014
3024 4.6367E-014
3026 4.5425E-014
3027 4.4786E-014
3029 4.6325E-014
3030 4.5968E-014
3032 4.5479E-014
3034 4.4733E-014
3035 4.3643E-014
3037 4.5571E-014
3038 4.7197E-014
3040 4.5977E-014
3041 4.6303E-014
3043 4.4741E-014
3044 4.3921E-014
3046 4.7565E-014
3048 4.6356E-014
3049 4.5648E-014
3051 4.6261E-014
3052 4.6541E-014
3054 4.6761E-014
3055 4.6075E-014
3057 4.4207E-014
3058 4.2976E-014
3060 4.4406E-014
3062 4.4542E-014
3063 4.6630E-014
3065 4.7033E-014
3067 4.7247E-014
3070 4.6668E-014
3073 4.6302E-014
3075 4.7156E-014
3078 4.7779E-014
3081 4.8806E-014
3084 4.8735E-014
3086 4.7882E-014
3089 4.6736E-014
3092 4.5148E-014
3095 4.4350E-014
3097 4.4558E-014
3100 4.5584E-014
3103 4.6154E-014
3106 4.7697E-014
3108 4.7766E-014
3111 4.7597E-014
3114 4.7366E-014
3116 4.3800E-014
3119 4.1962E-014
3122 4.3414E-014
3125 4.3228E-014
3127 4.4507E-014
3130 4.3949E-014
3133 4.3890E-014
3136 4.4704E-014
3138 4.5618E-014
3141 4.5362E-014
3144 4.5353E-014
3147 4.6472E-014
3149 4.7497E-014
3152 4.7620E-014
3155 4.6623E-014
3158 4.4814E-014
3160 4.5024E-014
3163 4.6185E-014
3166 4.7219E-014
3169 4.8203E-014
3171 4.9054E-014
3174 4.7669E-014
3177 4.4457E-014
3180 4.2383E-014
3182 4.4988E-014
3185 4.7653E-014
3188 4.6962E-014
3191 4.5781E-014
3193 4.5003E-014
3196 4.5989E-014
3199 4.8042E-014
3202 4.8837E-014
3204 4.8722E-014
3207 4.7984E-014
3210 4.5880E-014
3213 4.6060E-014
3215 4.5648E-014
3218 4.6949E-014
3221 4.8390E-014
3224 4.7707E-014
3226 4.5872E-014
3229 4.5006E-014
3232 4.5386E-014
3235 4.4323E-014
3237 4.5211E-014
3240 4.6550E-014
3243 4.8158E-014
3246 4.8393E-014
3248 4.6952E-014
3251 4.6656E-014
3254 4.7663E-014
3257 4.9424E-014
3259 4.9323E-014
3262 4.8825E-014
3265 4.8139E-014
3268 4.8688E-014
3270 4.8008E-014
3273 4.8163E-014
3276 4.7085E-014
3279 4.6652E-014
3281 4.7718E-014
3284 4.8156E-014
3287 4.7533E-014
3290 4.9064E-014
3292 5.0539E-014
3295 5.0340E-014
3298 5.0133E-014
3301 5.0298E-014
3303 4.9658E-014
3306 4.8998E-014
3309 4.9431E-014
3312 4.9031E-014
3314 4.8821E-014
3317 4.9098E-014
3320 4.9040E-014
3323 4.7181E-014
3325 4.7908E-014
3328 4.8263E-014
3331 4.8481E-014
3334 4.7652E-014
3336 4.6610E-014
3339 4.7404E-014
3342 4.6985E-014
3345 4.8076E-014
3347 4.6234E-014
3350 4.6931E-014
3353 4.8267E-014
3355 4.8751E-014
3358 4.6683E-014
3361 4.5777E-014
3364 4.8030E-014
3366 4.6589E-014
3369 4.5948E-014
3372 4.6219E-014
3375 4.6937E-014
3377 4.7493E-014
3380 4.5652E-014
3383 4.7462E-014
3386 4.8434E-014
3388 4.8153E-014
3391 4.7982E-014
3394 4.7495E-014
3397 4.9296E-014
3399 5.0420E-014
3402 4.8171E-014
3405 4.8121E-014
3408 4.7218E-014
3410 4.8232E-014
3413 4.8568E-014
3416 4.8811E-014
3419 4.9271E-014
3421 4.7911E-014
3424 4.8501E-014
3427 4.9925E-014
3430 4.9506E-014
3432 4.8325E-014
3435 4.8650E-014
3438 4.7673E-014
3441 4.7124E-014
3443 4.6161E-014
3446 4.7597E-014
3449 4.8773E-014
3452 4.8465E-014
3454 4.7842E-014
3457 4.7719E-014
3460 4.7204E-014
3463 4.7146E-014
3465 4.8629E-014
3468 4.9033E-014
3471 4.8381E-014
3474 4.7244E-014
3476 4.6819E-014
3479 4.8138E-014
3482 4.8103E-014
3485 4.8440E-014
3487 4.9461E-014
3490 4.8051E-014
3493 4.7305E-014
3496 4.6002E-014
3498 4.7142E-014
3501 4.8401E-014
3504 4.8187E-014
3507 4.8048E-014
3509 4.7955E-014
3512 4.7666E-014
3515 4.8216E-014
3518 4.8400E-014
3520 4.7818E-014
3523 4.8161E-014
3526 4.7577E-014
3529 4.7870E-014
3531 4.9150E-014
3534 4.9087E-014
3537 4.9648E-014
3540 4.9936E-014
3542 4.9518E-014
3545 4.9436E-014
3548 4.9262E-014
3551 4.9075E-014
3553 4.8420E-014
3556 4.8539E-014
3559 4.9040E-014
3562 4.9491E-014
3564 4.8171E-014
3567 4.7816E-014
3570 4.7585E-014
3573 4.7004E-014
3575 4.7025E-014
3578 4.7514E-014
3581 4.7491E-014
3584 4.6289E-014
3586 4.5013E-014
3589 4.6854E-014
3592 4.7473E-014
3595 4.8442E-014
3597 4.9093E-014
3600 4.8758E-014
3603 4.7704E-014
3606 4.7700E-014
3608 4.7729E-014
3611 4.7547E-014
3614 4.7782E-014
3617 4.8481E-014
3619 4.7755E-014
3622 4.8513E-014
3625 4.9085E-014
3628 4.9019E-014
3630 4.7146E-014
3633 4.6996E-014
3636 4.8519E-014
3639 4.9762E-014
3641 4.8870E-014
3644 4.8618E-014
3647 4.8064E-014
3650 4.8119E-014
3652 4.8899E-014
3655 5.0113E-014
3658 4.9558E-014
3661 4.9174E-014
3663 4.9629E-014
3666 4.9601E-014
3669 4.9729E-014
3672 5.0067E-014
3674 4.9940E-014
3677 4.9363E-014
3680 4.8359E-014
3683 4.8633E-014
3685 4.8021E-014
3688 4.8149E-014
3691 4.9506E-014
3694 5.0472E-014
3696 5.0400E-014
3699 5.1449E-014
3702 5.1704E-014
3705 4.9455E-014
3707 5.1868E-014
3710 5.0686E-014
3713 4.9148E-014
3716 5.5298E-014
3718 5.7994E-014
3721 5.1209E-014
3724 5.2719E-014
3727 6.1596E-014
3729 6.3455E-014
3732 5.5605E-014
3735 5.1295E-014
3738 5.6746E-014
3740 6.7720E-014
3743 6.9679E-014
3746 6.2251E-014
3749 5.1706E-014
3751 5.0432E-014
3754 6.3191E-014
3757 7.1113E-014
3760 7.8428E-014
3762 7.9020E-014
3765 7.3109E-014
3768 6.1284E-014
3771 5.1459E-014
3773 5.8569E-014
3776 7.3158E-014
3779 8.7151E-014
3781 9.4685E-014
3784 9.6681E-014
3787 9.2692E-014
3790 8.5463E-014
3792 7.6084E-014
3795 6.1239E-014
3798 5.1766E-014
3801 6.0701E-014
3803 7.6804E-014
3806 8.9070E-014
3809 9.8337E-014
3812 1.0303E-013
3814 9.9978E-014
3817 9.9694E-014
3820 9.9349E-014
3823 9.6728E-014
3825 8.8645E-014
3828 7.8852E-014
3831 6.5615E-014
3834 5.3027E-014
3836 5.0072E-014
3839 6.1788E-014
3842 7.6445E-014
3845 8.9221E-014
3847 9.8564E-014
3850 1.0595E-013
3853 1.1077E-013
3856 1.1111E-013
3858 1.1240E-013
3861 1.1464E-013
3864 1.1602E-013
3867 1.1602E-013
3869 1.1561E-013
3872 1.0887E-013
3875 1.0345E-013
3878 9.7361E-014
3880 8.9279E-014
3883 7.9389E-014
3886 6.3979E-014
3889 5.2179E-014
3891 5.6787E-014
3894 7.0425E-014
3897 8.2565E-014
3900 9.2478E-014
3902 9.8742E-014
3905 1.0197E-013
3908 1.0838E-013
3911 1.1360E-013
3913 1.1218E-013
3916 1.1003E-013
3919 1.0871E-013
3922 1.0627E-013
3924 9.9281E-014
3927 8.7518E-014
3930 7.0928E-014
3933 5.6418E-014
3935 5.7745E-014
3938 7.2954E-014
3941 8.7255E-014
3944 9.4881E-014
3946 1.0086E-013
3949 1.0135E-013
3952 1.0012E-013
3955 9.8265E-014
3957 9.2867E-014
3960 8.5181E-014
3963 7.3336E-014
3966 6.0541E-014
3968 4.7758E-014
3971 4.7821E-014
3974 6.0065E-014
3977 7.3322E-014
3979 8.4774E-014
3982 9.2675E-014
3985 9.9668E-014
3988 1.0711E-013
3990 1.1296E-013
3993 1.1917E-013
3996 1.2238E-013
3999 1.2451E-013
4001 1.2722E-013
4004 1.2775E-013
4007 1.2988E-013
4010 1.3389E-013
4012 1.3394E-013
4015 1.3537E-013
4018 1.3739E-013
4021 1.3921E-013
4023 1.3770E-013
4026 1.3637E-013
4029 1.3481E-013
4032 1.3092E-013
4034 1.3267E-013
4037 1.3610E-013
4040 1.3654E-013
4043 1.3534E-013
4045 1.3332E-013
4048 1.3392E-013
4051 1.3343E-013
4054 1.3103E-013
4056 1.2812E-013
4059 1.2809E-013
4062 1.3062E-013
4065 1.2949E-013
4067 1.2830E-013
4070 1.2683E-013
4073 1.2303E-013
4076 1.1499E-013
4078 1.0659E-013
4081 1.1137E-013
4084 1.1249E-013
4087 1.0803E-013
4089 1.0254E-013
4092 9.4584E-014
4095 8.3824E-014
4098 7.0056E-014
4100 5.6821E-014
4103 5.3294E-014
4106 6.5211E-014
4109 7.7939E-014
4111 8.7587E-014
4114 9.8558E-014
4117 1.0666E-013
4120 1.0929E-013
4122 1.1216E-013
4125 1.1492E-013
4128 1.1310E-013
4131 1.1474E-013
4133 1.2137E-013
4136 1.2822E-013
4139 1.3119E-013
4142 1.3177E-013
4144 1.3045E-013
4147 1.3093E-013
4150 1.3096E-013
4153 1.3011E-013
4155 1.2893E-013
4158 1.2930E-013
4161 1.2981E-013
4164 1.3030E-013
4166 1.3113E-013
4169 1.2847E-013
4172 1.2364E-013
4175 1.2118E-013
4177 1.2266E-013
4180 1.2442E-013
4183 1.2726E-013
4186 1.2709E-013
4188 1.2719E-013
4191 1.2950E-013
4194 1.3103E-013
4197 1.2938E-013
4199 1.2684E-013
4202 1.2692E-013
4205 1.2440E-013
4208 1.2597E-013
4210 1.2748E-013
4213 1.2592E-013
4216 1.2214E-013
4219 1.2466E-013
4221 1.2751E-013
4224 1.2657E-013
4227 1.2272E-013
4230 1.2706E-013
4232 1.2917E-013
4235 1.2652E-013
4238 1.2605E-013
4241 1.2696E-013
4243 1.2907E-013
4246 1.2873E-013
4249 1.2732E-013
4252 1.2605E-013
4254 1.2774E-013
4257 1.2776E-013
4260 1.2683E-013
4263 1.2660E-013
4265 1.2856E-013
4268 1.2858E-013
4271 1.2529E-013
4273 1.2323E-013
4276 1.2369E-013
4279 1.2480E-013
4282 1.2290E-013
4284 1.2205E-013
4287 1.2031E-013
4290 1.1579E-013
4293 1.1727E-013
4295 1.1857E-013
4298 1.1589E-013
4301 1.1103E-013
4304 1.1147E-013
4306 1.1222E-013
4309 1.1158E-013
4312 1.1173E-013
4315 1.0969E-013
4317 1.0762E-013
4320 1.0539E-013
4323 1.0243E-013
4326 9.7839E-014
4328 9.2551E-014
4331 8.6405E-014
4334 7.7452E-014
4337 6.5782E-014
4339 5.3079E-014
4342 4.9748E-014
4345 6.1011E-014
4348 7.3522E-014
4350 8.2015E-014
4353 8.6651E-014
4356 9.3548E-014
4359 9.9105E-014
4361 1.0400E-013
4364 1.0842E-013
4367 1.1113E-013
4370 1.1081E-013
4372 1.1135E-013
4375 1.1145E-013
4378 1.1452E-013
4381 1.1718E-013
4383 1.1533E-013
4386 1.1410E-013
4389 1.1628E-013
4392 1.1695E-013
4394 1.1651E-013
4397 1.1679E-013
4400 1.1727E-013
4403 1.1796E-013
4405 1.1919E-013
4408 1.1955E-013
4411 1.1854E-013
4414 1.1835E-013
4416 1.1671E-013
4419 1.1700E-013
4422 1.1625E-013
4425 1.1462E-013
4427 1.1652E-013
4430 1.1678E-013
4433 1.1499E-013
4436 1.1393E-013
4438 1.1840E-013
4441 1.1920E-013
4444 1.1643E-013
4447 1.1802E-013
4449 1.1969E-013
4452 1.1763E-013
4455 1.1461E-013
4458 1.1294E-013
4460 1.1498E-013
4463 1.1521E-013
4466 1.1541E-013
4469 1.1509E-013
4471 1.1630E-013
4474 1.1773E-013
4477 1.1753E-013
4480 1.1480E-013
4482 1.0979E-013
4485 1.1431E-013
4488 1.1457E-013
4491 1.1250E-013
4493 1.1420E-013
4496 1.1538E-013
4499 1.1657E-013
4502 1.1582E-013
4504 1.1729E-013
4507 1.1774E-013
4510 1.1703E-013
4513 1.1669E-013
4515 1.1584E-013
4518 1.1555E-013
4521 1.1527E-013
4524 1.1323E-013
4526 1.1090E-013
4529 1.1036E-013
4532 1.1104E-013
4535 1.1110E-013
4537 1.1263E-013
4540 1.1289E-013
4543 1.1240E-013
4545 1.1199E-013
4548 1.1091E-013
4551 1.0921E-013
4554 1.1037E-013
4556 1.0972E-013
4559 1.1178E-013
4562 1.1289E-013
4565 1.1200E-013
4567 1.1262E-013
4570 1.1312E-013
4573 1.1164E-013
4576 1.1354E-013
4578 1.1224E-013
4581 1.0963E-013
4584 1.0713E-013
4587 1.0783E-013
4589 1.0828E-013
4592 1.0949E-013
4595 1.1098E-013
4598 1.1168E-013
4600 1.1146E-013
4603 1.1208E-013
4606 1.1263E-013
4609 1.1265E-013
4611 1.1247E-013
4614 1.1089E-013
4617 1.0939E-013
4620 1.0844E-013
4622 1.0974E-013
4625 1.1029E-013
4628 1.1097E-013
4631 1.1039E-013
4633 1.1055E-013
4636 1.0943E-013
4639 1.0977E-013
4642 1.0994E-013
4644 1.0928E-013
4647 1.0655E-013
4650 1.0711E-013
4653 1.0801E-013
4655 1.0848E-013
4658 1.0904E-013
4661 1.0944E-013
4664 1.0655E-013
4666 1.0468E-013
4669 1.0498E-013
4672 1.0646E-013
4675 1.0795E-013
4677 1.0859E-013
4680 1.0796E-013
4683 1.0788E-013
4686 1.0737E-013
4688 1.0784E-013
4691 1.0798E-013
4694 1.0753E-013
4697 1.0667E-013
4699 1.0447E-013
4702 1.0401E-013
4705 1.0432E-013
4708 1.0535E-013
4710 1.0512E-013
4713 1.0579E-013
4716 1.0596E-013
4719 1.0642E-013
4721 1.0661E-013
4724 1.0616E-013
4727 1.0514E-013
4729 1.0434E-013
4732 1.0434E-013
4735 1.0528E-013
4738 1.0502E-013
4740 1.0513E-013
4743 1.0433E-013
4746 1.0436E-013
4749 1.0431E-013
4751 1.0467E-013
4754 1.0401E-013
4757 1.0362E-013
4760 1.0338E-013
4762 1.0154E-013
4765 1.0077E-013
4768 1.0126E-013
4771 1.0282E-013
4773 1.0359E-013
4776 1.0340E-013
4779 1.0335E-013
4782 1.0217E-013
4784 1.0236E-013
4787 1.0167E-013
4790 1.0043E-013
4793 1.0111E-013
4795 1.0057E-013
4798 9.8629E-014
4801 9.7180E-014
4804 9.7221E-014
4806 9.7908E-014
4809 9.8279E-014
4812 9.8190E-014
4815 9.8325E-014
4817 9.7596E-014
4820 9.6514E-014
4823 9.4072E-014
4826 9.2620E-014
4828 9.2936E-014
4831 9.1828E-014
4834 9.0681E-014
4837 9.0040E-014
4839 8.7488E-014
4842 8.6248E-014
4845 8.3482E-014
4848 7.8436E-014
4850 7.3699E-014
4853 6.8307E-014
4856 6.0673E-014
4859 5.2111E-014
4861 4.4797E-014
4864 4.6881E-014
4867 5.5086E-014
4869 6.3147E-014
4872 6.8537E-014
4875 7.3308E-014
4878 7.6501E-014
4880 8.0644E-014
4883 8.2142E-014
4886 8.2922E-014
4889 8.5088E-014
4891 8.7363E-014
4894 8.9545E-014
4897 9.0800E-014
4900 9.0981E-014
4902 9.1045E-014
4905 9.2310E-014
4908 9.3879E-014
4911 9.3057E-014
4913 9.2629E-014
4916 9.3242E-014
4919 9.1894E-014
4922 9.0332E-014
4924 9.1252E-014
4927 9.3522E-014
4930 9.5037E-014
4933 9.4282E-014
4935 9.3050E-014
4938 9.3771E-014
4941 9.4710E-014
4944 9.5636E-014
4946 9.5581E-014
4949 9.5178E-014
4952 9.4847E-014
4955 9.3375E-014
4957 9.3009E-014
4960 9.3918E-014
4963 9.4851E-014
4966 9.5205E-014
4968 9.4653E-014
4971 9.4710E-014
4974 9.5142E-014
4977 9.4878E-014
4979 9.3912E-014
4982 9.1929E-014
4985 9.0604E-014
4987 9.1750E-014
4990 9.3053E-014
4993 9.3060E-014
4996 9.3541E-014
4998 9.2740E-014
5001 9.0818E-014
5004 8.9659E-014
5007 8.9395E-014
5009 9.0507E-014
5012 9.0874E-014
5015 8.9916E-014
5018 8.8633E-014
5020 8.6959E-014
5023 8.8416E-014
5026 9.0442E-014
5029 9.0862E-014
5031 9.1268E-014
5034 9.1933E-014
5037 9.1807E-014
5040 9.0568E-014
5042 8.9415E-014
5045 9.1056E-014
5048 9.1800E-014
5051 9.1684E-014
5053 9.0906E-014
5056 9.1418E-014
5059 9.1918E-014
5062 9.2162E-014
5064 9.1690E-014
5067 9.0341E-014
5070 8.9635E-014
5073 8.9059E-014
5075 8.8766E-014
5078 8.9187E-014
5081 8.9543E-014
5083 9.0041E-014
5086 8.9570E-014
5089 8.9140E-014
5092 8.9850E-014
5094 9.0420E-014
5097 8.8961E-014
5100 8.8379E-014
5103 8.8993E-014
5105 8.9651E-014
5108 8.8986E-014
5111 8.8633E-014
5114 8.9067E-014
5116 8.9290E-014
5119 8.8794E-014
5122 8.8062E-014
5125 8.6673E-014
5127 8.6299E-014
5130 8.6997E-014
5133 8.7453E-014
5136 8.7046E-014
5138 8.5988E-014
5141 8.5868E-014
5144 8.6410E-014
5147 8.6407E-014
5149 8.6044E-014
5152 8.5928E-014
5155 8.6144E-014
5158 8.6302E-014
5160 8.6597E-014
5163 8.5580E-014
5166 8.3623E-014
5168 8.0727E-014
5171 8.0709E-014
5174 8.2337E-014
5177 8.4643E-014
5179 8.5007E-014
5182 8.3740E-014
5185 8.1420E-014
5188 8.1363E-014
5190 8.1664E-014
5193 8.1753E-014
5196 8.2206E-014
5199 8.1976E-014
5201 8.2145E-014
5204 8.1347E-014
5207 8.0463E-014
5210 8.1034E-014
5212 8.2175E-014
5215 8.2497E-014
5218 8.2198E-014
5221 8.3368E-014
5223 8.2177E-014
5226 7.9706E-014
5229 7.9150E-014
5232 8.0941E-014
5234 8.0429E-014
5237 8.0769E-014
5240 8.1292E-014
5242 8.1781E-014
5245 8.1968E-014
5248 8.1801E-014
5251 8.1704E-014
5253 8.2217E-014
5256 8.2407E-014
5259 8.1337E-014
5262 7.9012E-014
5264 7.5811E-014
5267 7.5424E-014
5270 7.7278E-014
5273 7.7760E-014
5275 7.7064E-014
5278 7.7771E-014
5281 7.9745E-014
5284 7.9760E-014
5286 8.0345E-014
5289 8.1154E-014
5292 8.1841E-014
5295 8.0934E-014
5297 7.8907E-014
5300 7.8325E-014
5303 7.9534E-014
5306 7.9387E-014
5308 7.9805E-014
5311 8.0300E-014
5314 7.9577E-014
5316 7.8527E-014
5319 7.9171E-014
5322 7.9654E-014
5325 7.8646E-014
5327 7.7336E-014
5330 7.6807E-014
5333 7.8701E-014
5336 7.8011E-014
5338 7.6136E-014
5341 7.5625E-014
5344 7.7598E-014
5347 7.8025E-014
5349 7.8112E-014
5352 7.9258E-014
5355 8.0259E-014
5358 8.0466E-014
5360 8.0065E-014
5363 7.8658E-014
5366 7.7597E-014
5369 7.7281E-014
5371 7.6761E-014
5374 7.8389E-014
5377 7.9025E-014
5379 7.8272E-014
5382 7.7648E-014
5385 7.8288E-014
5388 7.7958E-014
5390 7.7316E-014
5393 7.7018E-014
5396 7.6465E-014
5399 7.5821E-014
5401 7.5010E-014
5404 7.4733E-014
5407 7.5353E-014
5410 7.5326E-014
5412 7.5414E-014
5415 7.6200E-014
5418 7.6962E-014
5421 7.6619E-014
5423 7.6372E-014
5426 7.6117E-014
5429 7.6329E-014
5432 7.6636E-014
5434 7.6832E-014
5437 7.7417E-014
5440 7.7622E-014
5442 7.6820E-014
5445 7.5961E-014
5448 7.6353E-014
5454 7.5879E-014
5459 7.6645E-014
5464 7.5643E-014
5469 7.5928E-014
5474 7.5089E-014
5479 7.4292E-014
5484 7.4830E-014
5489 7.5166E-014
5493 7.4859E-014
5498 7.4446E-014
5503 7.3862E-014
5508 7.3404E-014
5513 7.3077E-014
5518 7.4209E-014
5523 7.4006E-014
5528 7.3925E-014
5532 7.3300E-014
5537 7.2960E-014
5542 7.3151E-014
5547 7.3295E-014
5552 7.3682E-014
5557 7.3264E-014
5562 7.2603E-014
5567 7.2569E-014
5571 7.2106E-014
5576 7.2044E-014
5581 7.1688E-014
5586 7.1140E-014
5591 7.0360E-014
5596 7.0268E-014
5601 7.0171E-014
5606 7.0823E-014
5610 7.1526E-014
5615 7.0918E-014
5620 7.0729E-014
5625 7.0477E-014
5630 7.0716E-014
5635 7.0768E-014
5640 7.0144E-014
5644 7.0477E-014
5649 6.9907E-014
5654 6.9804E-014
5659 6.9247E-014
5664 6.8909E-014
5669 6.9262E-014
5674 6.9623E-014
5679 6.9242E-014
5683 6.8973E-014
5688 6.8787E-014
5693 6.8715E-014
5698 6.8608E-014
5703 6.8096E-014
5708 6.7800E-014
5713 6.7560E-014
5718 6.7890E-014
5722 6.8418E-014
5727 6.8030E-014
5732 6.7792E-014
5737 6.7835E-014
5742 6.7958E-014
5747 6.7728E-014
5752 6.7365E-014
5757 6.6884E-014
5761 6.6900E-014
5766 6.6793E-014
5771 6.7242E-014
5776 6.6508E-014
5781 6.5702E-014
5786 6.4734E-014
5791 6.5116E-014
5796 6.5478E-014
5800 6.5997E-014
5805 6.5879E-014
5810 6.5535E-014
5815 6.5428E-014
5820 6.5468E-014
5825 6.5587E-014
5830 6.5048E-014
5835 6.5362E-014
5839 6.4798E-014
5844 6.5020E-014
5849 6.4545E-014
5854 6.4503E-014
5859 6.3827E-014
5864 6.4376E-014
5869 6.4209E-014
5874 6.4423E-014
5878 6.4244E-014
5883 6.3741E-014
5888 6.2986E-014
5893 6.2116E-014
5898 6.2205E-014
5903 6.2828E-014
5908 6.3008E-014
5913 6.3132E-014
5917 6.3060E-014
5922 6.2797E-014
5927 6.2774E-014
5932 6.2365E-014
5937 6.2577E-014
5942 6.2804E-014
5947 6.2224E-014
5952 6.2086E-014
5956 6.1928E-014
5961 6.2061E-014
5966 6.1638E-014
5971 6.1919E-014
5976 6.1443E-014
5981 6.0874E-014
5986 6.0954E-014
5991 6.0802E-014
5995 6.0856E-014
6000 6.0556E-014
6005 6.0510E-014
6010 6.0111E-014
6015 6.0374E-014
6020 6.0329E-014
6025 6.0308E-014
6030 5.9920E-014
6034 6.0010E-014
6039 6.0016E-014
6044 5.9785E-014
6049 5.9509E-014
6054 5.9332E-014
6059 5.9247E-014
6064 5.9377E-014
6069 5.9107E-014
6074 5.9016E-014
6078 5.9086E-014
6083 5.8588E-014
6088 5.8617E-014
6093 5.8064E-014
6098 5.8033E-014
6103 5.7833E-014
6108 5.7846E-014
6113 5.7982E-014
6117 5.7491E-014
6122 5.7276E-014
6127 5.7379E-014
6132 5.7555E-014
6137 5.7071E-014
6142 5.6990E-014
6147 5.6759E-014
6152 5.6484E-014
6156 5.6325E-014
6161 5.5588E-014
6166 5.5433E-014
6171 5.5807E-014
6176 5.6033E-014
6181 5.6095E-014
6186 5.6110E-014
6191 5.6141E-014
6195 5.6005E-014
6200 5.6224E-014
6205 5.6130E-014
6210 5.6168E-014
6215 5.5503E-014
6220 5.5372E-014
6225 5.5199E-014
6230 5.5086E-014
6234 5.4829E-014
6239 5.4416E-014
6244 5.4230E-014
6249 5.3914E-014
6254 5.4438E-014
6259 5.4551E-014
6264 5.4309E-014
6269 5.4440E-014
6273 5.4255E-014
6278 5.4581E-014
6283 5.4021E-014
6288 5.4182E-014
6293 5.4031E-014
6298 5.4070E-014
6303 5.3840E-014
6308 5.3584E-014
6313 5.3137E-014
6317 5.2490E-014
6322 5.2164E-014
6327 5.1929E-014
6332 5.1770E-014
6337 5.1718E-014
6342 5.1238E-014
6347 5.1084E-014
6352 5.1394E-014
6356 5.1601E-014
6361 5.1217E-014
6366 5.1013E-014
6371 5.1224E-014
6376 5.1468E-014
6381 5.1556E-014
6386 5.1763E-014
6391 5.1721E-014
6395 5.1523E-014
6400 5.1289E-014
6405 5.0873E-014
6410 5.0575E-014
6415 5.0296E-014
6420 5.0711E-014
6425 5.0760E-014
6430 5.0535E-014
6435 5.0356E-014
6439 4.9961E-014
6444 4.9552E-014
6449 4.9265E-014
6454 4.8849E-014
6459 4.8275E-014
6464 4.8691E-014
6469 4.9212E-014
6474 4.9407E-014
6478 4.9505E-014
6483 4.9517E-014
6488 4.9210E-014
6493 4.8785E-014
6498 4.8411E-014
6503 4.8576E-014
6508 4.8254E-014
6513 4.8106E-014
6517 4.7690E-014
6522 4.7010E-014
6527 4.6525E-014
6532 4.6144E-014
6537 4.5424E-014
6542 4.4061E-014
6547 4.2319E-014
6552 3.9564E-014
6557 3.6305E-014
6561 3.2778E-014
6566 3.1365E-014
6571 3.4338E-014
6576 3.7990E-014
6581 4.0857E-014
6586 4.2755E-014
6591 4.3823E-014
6596 4.4810E-014
6600 4.5406E-014
6605 4.5855E-014
6610 4.5772E-014
6615 4.5833E-014
6620 4.6165E-014
6625 4.6327E-014
6630 4.6375E-014
6635 4.6247E-014
6639 4.6224E-014
6644 4.6179E-014
6649 4.6455E-014
6654 4.6545E-014
6659 4.6620E-014
6664 4.6293E-014
6669 4.6198E-014
6674 4.5890E-014
6679 4.5833E-014
6683 4.5981E-014
6688 4.5968E-014
6693 4.6004E-014
6698 4.5820E-014
6703 4.5742E-014
6708 4.5887E-014
6713 4.5861E-014
6718 4.5508E-014
6722 4.5206E-014
6727 4.5152E-014
6732 4.5082E-014
6737 4.5168E-014
6742 4.5189E-014
6747 4.5128E-014
6752 4.4892E-014
6757 4.4786E-014
6762 4.4775E-014
6766 4.4678E-014
6771 4.4650E-014
6776 4.4791E-014
6781 4.4632E-014
6786 4.4524E-014
6791 4.4088E-014
6796 4.3949E-014
6801 4.3963E-014
6805 4.4171E-014
6810 4.4023E-014
6815 4.3868E-014
6820 4.3996E-014
6825 4.3858E-014
6830 4.3542E-014
6835 4.3484E-014
6840 4.3299E-014
6845 4.3266E-014
6849 4.3115E-014
6854 4.3059E-014
6859 4.2759E-014
6864 4.2780E-014
6869 4.2805E-014
6874 4.2937E-014
6879 4.2892E-014
6884 4.2563E-014
6888 4.2462E-014
6893 4.2577E-014
6898 4.2403E-014
6903 4.2429E-014
6908 4.2502E-014
6913 4.2189E-014
6918 4.2218E-014
6923 4.1968E-014
6928 4.1731E-014
6932 4.2017E-014
6937 4.1990E-014
6942 4.1788E-014
6947 4.1794E-014
6952 4.1638E-014
6957 4.1660E-014
6962 4.1663E-014
6967 4.1635E-014
6971 4.1429E-014
6976 4.1201E-014
6981 4.0850E-014
6986 4.1002E-014
6991 4.0866E-014
6996 4.0743E-014
7001 4.0511E-014
7006 4.0573E-014
7011 4.0539E-014
7015 4.0486E-014
7020 4.0466E-014
7025 4.0473E-014
7030 4.0396E-014
7035 4.0414E-014
7040 4.0426E-014
7045 4.0285E-014
7050 4.0163E-014
7054 4.0046E-014
7059 4.0201E-014
7064 3.9888E-014
7069 3.9842E-014
7074 3.9585E-014
7079 3.9603E-014
7084 3.9626E-014
7089 3.9528E-014
7094 3.9130E-014
7098 3.9299E-014
7103 3.9285E-014
7108 3.9230E-014
7113 3.9061E-014
7118 3.8914E-014
7123 3.9190E-014
7128 3.9076E-014
7133 3.8906E-014
7138 3.8715E-014
7142 3.8764E-014
7147 3.8704E-014
7152 3.8605E-014
7157 3.8531E-014
7162 3.8561E-014
7167 3.8379E-014
7172 3.8123E-014
7177 3.8386E-014
7181 3.8151E-014
7186 3.8115E-014
7191 3.7931E-014
7196 3.7558E-014
7201 3.7441E-014
7206 3.7519E-014
7211 3.7690E-014
7216 3.7644E-014
7221 3.7657E-014
7225 3.7508E-014
7230 3.7322E-014
7235 3.7507E-014
7240 3.7591E-014
7245 3.7483E-014
7250 3.7214E-014
7255 3.7042E-014
7260 3.7374E-014
7264 3.6954E-014
7269 3.6889E-014
7274 3.6959E-014
7279 3.6856E-014
7284 3.6723E-014
7289 3.6725E-014
7294 3.6455E-014
7299 3.6447E-014
7304 3.6463E-014
7308 3.6289E-014
7313 3.6153E-014
7318 3.6353E-014
7323 3.6093E-014
7328 3.5993E-014
7333 3.5957E-014
7338 3.5794E-014
7343 3.5916E-014
7348 3.5912E-014
7352 3.5563E-014
7357 3.5746E-014
7362 3.5717E-014
7367 3.5570E-014
7372 3.5412E-014
7377 3.5614E-014
7382 3.5423E-014
7387 3.5276E-014
7391 3.5147E-014
7396 3.4953E-014
7401 3.4925E-014
7406 3.4865E-014
7411 3.4747E-014
7416 3.4773E-014
7421 3.4693E-014
7426 3.4679E-014
7431 3.4739E-014
7435 3.4545E-014
7440 3.4511E-014
7445 3.4319E-014
7450 3.4468E-014
7455 3.4247E-014
7460 3.4404E-014
7465 3.4193E-014
7470 3.4264E-014
7475 3.4202E-014
7479 3.4135E-014
7484 3.3921E-014
7489 3.3991E-014
7494 3.4077E-014
7499 3.3763E-014
7504 3.3660E-014
7509 3.3632E-014
7514 3.3526E-014
7518 3.3515E-014
7523 3.3608E-014
7528 3.3632E-014
7533 3.3391E-014
7538 3.3363E-014
7543 3.3339E-014
7548 3.3509E-014
7553 3.3459E-014
7558 3.3343E-014
7562 3.2984E-014
7567 3.2755E-014
7572 3.2977E-014
7577 3.2844E-014
7582 3.2699E-014
7587 3.2688E-014
7592 3.2753E-014
7597 3.2698E-014
7601 3.2444E-014
7606 3.2362E-014
7611 3.2320E-014
7616 3.2245E-014
7621 3.2083E-014
7626 3.2306E-014
7631 3.2387E-014
7636 3.2317E-014
7641 3.2336E-014
7645 3.2536E-014
7650 3.2278E-014
7655 3.2169E-014
7660 3.1611E-014
7665 3.1653E-014
7670 3.1822E-014
7675 3.1901E-014
7680 3.1619E-014
7685 3.1623E-014
7689 3.1475E-014
7694 3.1306E-014
7699 3.1481E-014
7704 3.1443E-014
7709 3.1500E-014
7714 3.1509E-014
7719 3.1379E-014
7724 3.1246E-014
7728 3.1261E-014
7733 3.1107E-014
7738 3.1240E-014
7743 3.1032E-014
7748 3.1193E-014
7753 3.1151E-014
7758 3.1263E-014
7763 3.0767E-014
7768 3.0868E-014
7772 3.0344E-014
7777 3.0154E-014
7782 3.0142E-014
7787 3.0288E-014
7792 3.0449E-014
7797 3.0646E-014
7802 3.0484E-014
7807 3.0662E-014
7812 3.0410E-014
7816 3.0298E-014
7821 3.0332E-014
7826 3.0344E-014
7831 3.0107E-014
7836 2.9976E-014
7841 2.9835E-014
7846 2.9779E-014
7851 2.9825E-014
7856 2.9816E-014
7860 3.0192E-014
7865 3.0208E-014
7870 2.9969E-014
7875 2.9574E-014
7880 2.9444E-014
7885 2.9189E-014
7890 2.9254E-014
7895 2.9411E-014
7899 2.9504E-014
7904 2.9645E-014
7909 2.9572E-014
7914 2.9458E-014
7919 2.9053E-014
7924 2.9249E-014
7929 2.9143E-014
7934 2.8961E-014
7939 2.9232E-014
7943 2.9054E-014
7948 2.8919E-014
7953 2.8931E-014
7958 2.9035E-014
7963 2.8866E-014
7968 2.8778E-014
7973 2.8619E-014
7978 2.8549E-014
7983 2.8717E-014
7987 2.8767E-014
7992 2.8744E-014
7997 2.8614E-014
8002 2.8456E-014
8007 2.8285E-014
8012 2.8343E-014
8017 2.8365E-014
8022 2.8324E-014
8026 2.8269E-014
8031 2.8120E-014
8036 2.8174E-014
8041 2.8074E-014
8046 2.7817E-014
8051 2.7844E-014
8056 2.8011E-014
8061 2.8021E-014
8066 2.8024E-014
8070 2.7727E-014
8075 2.7908E-014
8080 2.7756E-014
8085 2.7631E-014
8090 2.7318E-014
8095 2.7475E-014
8100 2.7385E-014
8105 2.7233E-014
8110 2.7261E-014
8114 2.7431E-014
8119 2.7309E-014
8124 2.7356E-014
8129 2.7309E-014
8134 2.7142E-014
8139 2.6856E-014
8144 2.6751E-014
8149 2.6883E-014
8153 2.7048E-014
8158 2.7098E-014
8163 2.7177E-014
8168 2.6943E-014
8173 2.6743E-014
8178 2.6545E-014
8183 2.6470E-014
8188 2.6366E-014
8193 2.6247E-014
8197 2.5972E-014
8202 2.5666E-014
8207 2.5520E-014
8212 2.5761E-014
8217 2.5874E-014
8222 2.6098E-014
8227 2.6119E-014
8232 2.6161E-014
8237 2.5858E-014
8241 2.5985E-014
8246 2.6221E-014
8251 2.5909E-014
8256 2.5878E-014
8261 2.5717E-014
8266 2.5857E-014
8271 2.5683E-014
8276 2.5923E-014
8280 2.6026E-014
8285 2.5512E-014
8290 2.5624E-014
8295 2.5818E-014
8300 2.5419E-014
8305 2.5625E-014
8310 2.5470E-014
8315 2.5339E-014
8320 2.5270E-014
8324 2.5594E-014
8329 2.5268E-014
8334 2.5227E-014
8339 2.5033E-014
8344 2.4941E-014
8349 2.5006E-014
8354 2.5052E-014
8359 2.5226E-014
8363 2.5120E-014
8368 2.5091E-014
8373 2.5036E-014
8378 2.5053E-014
8383 2.5011E-014
8388 2.5095E-014
8393 2.5084E-014
8398 2.5022E-014
8403 2.4950E-014
8407 2.4846E-014
8412 2.4637E-014
8417 2.4641E-014
8422 2.4736E-014
8427 2.4713E-014
8432 2.4819E-014
8437 2.4429E-014
8442 2.4371E-014
8447 2.4304E-014
8451 2.4510E-014
8456 2.4575E-014
8461 2.4657E-014
8466 2.4120E-014
8471 2.3946E-014
8476 2.3961E-014
8481 2.4207E-014
8486 2.4143E-014
8490 2.3997E-014
8495 2.3474E-014
8500 2.2744E-014
8505 2.2618E-014
8510 2.3091E-014
8515 2.3756E-014
8520 2.3830E-014
8525 2.3749E-014
8530 2.3625E-014
8534 2.3245E-014
8539 2.2528E-014
8544 2.1358E-014
8549 2.1579E-014
8554 2.2329E-014
8559 2.3007E-014
8564 2.3671E-014
8569 2.4053E-014
8573 2.4411E-014
8578 2.4342E-014
8583 2.3727E-014
8588 2.3412E-014
8593 2.2653E-014
8598 2.2206E-014
8603 2.1940E-014
8608 2.2617E-014
8613 2.3074E-014
8617 2.3821E-014
8622 2.3830E-014
8627 2.4074E-014
8632 2.4007E-014
8637 2.3846E-014
8642 2.3689E-014
8647 2.3188E-014
8652 2.2462E-014
8657 2.1882E-014
8661 2.0704E-014
8666 2.0058E-014
8671 2.0695E-014
8676 2.1659E-014
8681 2.2222E-014
8686 2.3063E-014
8691 2.3365E-014
8696 2.3624E-014
8700 2.3815E-014
8705 2.4010E-014
8710 2.4042E-014
8715 2.4001E-014
8720 2.3790E-014
8725 2.3523E-014
8730 2.3266E-014
8735 2.2471E-014
8740 2.1916E-014
8744 2.0997E-014
8749 2.0199E-014
8754 1.9754E-014
8759 2.0381E-014
8764 2.1527E-014
8769 2.2164E-014
8774 2.2666E-014
8779 2.3111E-014
8783 2.3313E-014
8788 2.3530E-014
8793 2.3571E-014
8798 2.3742E-014
8803 2.3996E-014
8808 2.3856E-014
8813 2.3890E-014
8818 2.3530E-014
8823 2.3324E-014
8827 2.3167E-014
8832 2.2926E-014
8837 2.2790E-014
8842 2.2473E-014
8847 2.1852E-014
8852 2.0993E-014
8857 1.9887E-014
8862 1.8953E-014
8866 1.8545E-014
8871 1.9361E-014
8876 2.0348E-014
8881 2.1213E-014
8886 2.1779E-014
8891 2.2104E-014
8896 2.2441E-014
8901 2.2820E-014
8906 2.2658E-014
8910 2.2618E-014
8915 2.2812E-014
8920 2.2848E-014
8925 2.2897E-014
8930 2.2591E-014
8935 2.2672E-014
8940 2.2794E-014
8945 2.3141E-014
8949 2.3103E-014
8954 2.3222E-014
8959 2.3007E-014
8964 2.2869E-014
8969 2.2899E-014
8974 2.2502E-014
8979 2.2402E-014
8984 2.2211E-014
8989 2.1953E-014
8993 2.1249E-014
8998 2.0482E-014
9003 1.9730E-014
9008 1.8971E-014
9013 1.7938E-014
9018 1.7503E-014
9023 1.8281E-014
9028 1.9255E-014
9032 2.0220E-014
9037 2.0655E-014
9042 2.1100E-014
9047 2.1532E-014
9052 2.1822E-014
9057 2.1924E-014
9062 2.1793E-014
9067 2.1890E-014
9072 2.2414E-014
9076 2.2442E-014
9081 2.2652E-014
9086 2.2551E-014
9091 2.2184E-014
9096 2.1891E-014
9101 2.2185E-014
9106 2.2367E-014
9111 2.2194E-014
9115 2.2238E-014
9120 2.2247E-014
9125 2.2306E-014
9130 2.2186E-014
9135 2.2300E-014
9140 2.2420E-014
9145 2.2401E-014
9150 2.2191E-014
9154 2.2295E-014
9159 2.2180E-014
9164 2.2039E-014
9169 2.1788E-014
9174 2.1187E-014
9179 2.1020E-014
9184 2.1104E-014
9189 2.1021E-014
9194 2.1074E-014
9198 2.0720E-014
9203 2.0282E-014
9208 1.9685E-014
9213 1.9047E-014
9218 1.8390E-014
9223 1.7600E-014
9228 1.6835E-014
9233 1.6492E-014
9237 1.7047E-014
9242 1.7710E-014
9247 1.8339E-014
9252 1.8881E-014
9257 1.9530E-014
9262 1.9758E-014
9267 2.0051E-014
9272 2.0162E-014
9276 2.0324E-014
9281 2.0783E-014
9286 2.0948E-014
9291 2.1315E-014
9296 2.1505E-014
9301 2.1317E-014
9306 2.1312E-014
9311 2.1192E-014
9316 2.0724E-014
9320 2.0408E-014
9325 2.0182E-014
9330 2.0896E-014
9335 2.0839E-014
9340 2.0508E-014
9345 2.0766E-014
9350 2.0517E-014
9355 2.0689E-014
9359 2.0541E-014
9364 2.0683E-014
9369 2.0851E-014
9374 2.0850E-014
9379 2.0835E-014
9384 2.0732E-014
9389 2.0716E-014
9394 2.0728E-014
9398 2.0689E-014
9403 2.0433E-014
9408 2.0315E-014
9413 1.9793E-014
9418 1.9573E-014
9423 1.9539E-014
9428 1.9720E-014
9433 1.9862E-014
9438 1.9886E-014
9442 1.9873E-014
9447 1.9775E-014
9452 1.9617E-014
9457 1.9962E-014
9462 1.9948E-014
9467 2.0144E-014
9472 2.0269E-014
9477 2.0340E-014
9481 1.9894E-014
9486 1.9695E-014
9491 1.9420E-014
9496 1.9255E-014
9501 1.9192E-014
9506 1.9051E-014
9511 1.9220E-014
9516 1.8885E-014
9520 1.8193E-014
9525 1.7724E-014
9530 1.7223E-014
9535 1.6441E-014
9540 1.6042E-014
9545 1.5312E-014
9550 1.4763E-014
9555 1.5341E-014
9559 1.6258E-014
9564 1.7014E-014
9569 1.7481E-014
9574 1.7871E-014
9579 1.8178E-014
9584 1.8216E-014
9589 1.8341E-014
9594 1.8380E-014
9598 1.8650E-014
9603 1.8691E-014
9608 1.8584E-014
9613 1.9010E-014
9618 1.8969E-014
9623 1.9108E-014
9628 1.8892E-014
9633 1.8999E-014
9638 1.8768E-014
9642 1.8512E-014
9647 1.8734E-014
9652 1.8661E-014
9657 1.8706E-014
9662 1.8644E-014
9667 1.8806E-014
9672 1.8757E-014
9677 1.8633E-014
9681 1.8651E-014
9686 1.8733E-014
9691 1.8969E-014
9696 1.9054E-014
9701 1.9345E-014
9706 1.9169E-014
9711 1.8786E-014
9716 1.8659E-014
9720 1.8397E-014
9725 1.8507E-014
9730 1.8395E-014
9735 1.8430E-014
9740 1.8280E-014
9745 1.8170E-014
9750 1.8189E-014
9755 1.8187E-014
9759 1.8412E-014
9764 1.8411E-014
9769 1.8274E-014
9774 1.8478E-014
9779 1.8360E-014
9784 1.8529E-014
9789 1.8610E-014
9794 1.8225E-014
9798 1.8244E-014
9803 1.8325E-014
9808 1.8366E-014
9813 1.8123E-014
9818 1.7881E-014
9823 1.7891E-014
9828 1.7760E-014
9833 1.7704E-014
9837 1.7717E-014
9842 1.7749E-014
9847 1.7836E-014
9852 1.7709E-014
9857 1.7711E-014
9862 1.7790E-014
9867 1.7741E-014
9872 1.7699E-014
9876 1.7644E-014
9881 1.7673E-014
9886 1.7854E-014
9891 1.7631E-014
9896 1.7250E-014
9901 1.7034E-014
9906 1.7213E-014
9911 1.7234E-014
9915 1.6788E-014
9920 1.7001E-014
9925 1.7061E-014
9930 1.7026E-014
9935 1.6971E-014
9940 1.6933E-014
9945 1.6862E-014
9950 1.7151E-014
9954 1.7050E-014
9959 1.7308E-014
9964 1.6952E-014
9969 1.7116E-014
9974 1.7078E-014
9979 1.6883E-014
9984 1.6920E-014
9989 1.6768E-014
9993 1.7013E-014
9998 1.6784E-014
1E+004 1.6787E-014
1.001E+004 1.6788E-014
1.001E+004 1.6408E-014
1.002E+004 1.5847E-014
1.002E+004 1.6430E-014
1.003E+004 1.5477E-014
1.003E+004 1.5235E-014
1.004E+004 1.4692E-014
1.004E+004 1.4304E-014
1.005E+004 1.3744E-014
1.005E+004 1.3342E-014
1.006E+004 1.3549E-014
1.006E+004 1.3915E-014
1.007E+004 1.4184E-014
1.007E+004 1.5024E-014
1.008E+004 1.5385E-014
1.008E+004 1.5261E-014
1.009E+004 1.5828E-014
1.009E+004 1.5679E-014
1.01E+004 1.5358E-014
1.01E+004 1.5731E-014
1.011E+004 1.5854E-014
1.011E+004 1.5977E-014
1.012E+004 1.5711E-014
1.012E+004 1.6051E-014
1.012E+004 1.6090E-014
1.013E+004 1.6220E-014
1.013E+004 1.6390E-014
1.014E+004 1.5956E-014
1.014E+004 1.5767E-014
1.015E+004 1.5939E-014
1.015E+004 1.6295E-014
1.016E+004 1.6234E-014
1.016E+004 1.5786E-014
1.017E+004 1.6068E-014
1.017E+004 1.6305E-014
1.018E+004 1.5774E-014
1.018E+004 1.5866E-014
1.019E+004 1.6083E-014
1.019E+004 1.5811E-014
1.02E+004 1.5687E-014
1.022E+004 1.6011E-014
1.025E+004 1.5783E-014
1.028E+004 1.5583E-014
1.031E+004 1.5562E-014
1.034E+004 1.5584E-014
1.036E+004 1.5552E-014
1.039E+004 1.5401E-014
1.042E+004 1.5080E-014
1.045E+004 1.4902E-014
1.048E+004 1.4931E-014
1.05E+004 1.4880E-014
1.053E+004 1.4690E-014
1.056E+004 1.4640E-014
1.059E+004 1.4545E-014
1.062E+004 1.4502E-014
1.065E+004 1.4341E-014
1.067E+004 1.4115E-014
1.07E+004 1.3999E-014
1.073E+004 1.3673E-014
1.076E+004 1.3604E-014
1.079E+004 1.3553E-014
1.081E+004 1.3277E-014
1.084E+004 1.3025E-014
1.087E+004 1.2658E-014
1.09E+004 1.2340E-014
1.093E+004 1.2013E-014
1.095E+004 1.1583E-014
1.098E+004 1.1713E-014
1.101E+004 1.1964E-014
1.104E+004 1.2184E-014
1.107E+004 1.2361E-014
1.11E+004 1.2375E-014
1.112E+004 1.2418E-014
1.115E+004 1.2278E-014
1.118E+004 1.2131E-014
1.121E+004 1.2186E-014
1.124E+004 1.2073E-014
1.126E+004 1.1859E-014
1.129E+004 1.1681E-014
1.132E+004 1.1655E-014
1.135E+004 1.1679E-014
1.138E+004 1.1467E-014
1.14E+004 1.1219E-014
1.143E+004 1.1178E-014
1.146E+004 1.1117E-014
1.149E+004 1.0907E-014
1.152E+004 1.0821E-014
1.155E+004 1.0970E-014
1.157E+004 1.0989E-014
1.16E+004 1.0783E-014
1.163E+004 1.0522E-014
1.166E+004 1.0497E-014
1.169E+004 1.0399E-014
1.172E+004 1.0438E-014
1.176E+004 1.0243E-014
1.18E+004 1.0221E-014
1.184E+004 1.0071E-014
1.188E+004 9.9387E-015
1.192E+004 9.8828E-015
1.196E+004 9.7522E-015
1.2E+004 9.6774E-015
1.204E+004 9.5578E-015
1.208E+004 9.4404E-015
1.212E+004 9.3437E-015
1.216E+004 9.2618E-015
1.22E+004 9.1702E-015
1.224E+004 9.0303E-015
1.228E+004 8.9310E-015
1.232E+004 8.8505E-015
1.236E+004 8.7061E-015
1.24E+004 8.5955E-015
1.244E+004 8.5795E-015
1.248E+004 8.4532E-015
1.252E+004 8.3482E-015
1.256E+004 8.2538E-015
1.26E+004 8.1407E-015
1.264E+004 8.0230E-015
1.268E+004 7.8811E-015
1.272E+004 7.7868E-015
1.276E+004 7.5909E-015
1.28E+004 7.3102E-015
1.284E+004 7.2287E-015
1.288E+004 7.2607E-015
1.292E+004 7.3555E-015
1.296E+004 7.3731E-015
1.3E+004 7.3505E-015
1.304E+004 7.3003E-015
1.308E+004 7.2318E-015
1.312E+004 7.1768E-015
1.316E+004 7.1572E-015
1.32E+004 7.1119E-015
1.324E+004 7.0275E-015
1.328E+004 6.9497E-015
1.332E+004 6.8725E-015
1.336E+004 6.7801E-015
1.34E+004 6.7025E-015
1.344E+004 6.6308E-015
1.348E+004 6.5456E-015
1.352E+004 6.4850E-015
1.356E+004 6.4435E-015
1.36E+004 6.3999E-015
1.364E+004 6.3705E-015
1.368E+004 6.3486E-015
1.372E+004 6.2947E-015
1.376E+004 6.1915E-015
1.38E+004 6.1086E-015
1.384E+004 6.0706E-015
1.388E+004 6.0635E-015
1.392E+004 6.0278E-015
1.396E+004 5.9604E-015
1.4E+004 5.9086E-015
1.404E+004 5.8624E-015
1.408E+004 5.8146E-015
1.412E+004 5.7694E-015
1.416E+004 5.6978E-015
1.42E+004 5.5858E-015
1.424E+004 5.5034E-015
1.428E+004 5.4970E-015
1.432E+004 5.4603E-015
1.436E+004 5.3713E-015
1.44E+004 5.3131E-015
1.444E+004 5.2936E-015
1.448E+004 5.2615E-015
1.452E+004 5.1947E-015
1.456E+004 5.1265E-015
1.46E+004 5.0976E-015
1.464E+004 5.0719E-015
1.468E+004 5.0237E-015
1.472E+004 4.9661E-015
1.476E+004 4.8985E-015
1.48E+004 4.8224E-015
1.484E+004 4.7808E-015
1.488E+004 4.7327E-015
1.492E+004 4.6963E-015
1.496E+004 4.6616E-015
1.5E+004 4.6410E-015
1.504E+004 4.6213E-015
1.508E+004 4.5795E-015
1.512E+004 4.5485E-015
1.516E+004 4.5281E-015
1.52E+004 4.4922E-015
1.524E+004 4.4622E-015
1.528E+004 4.4241E-015
1.532E+004 4.3594E-015
1.536E+004 4.3067E-015
1.54E+004 4.2837E-015
1.544E+004 4.2713E-015
1.548E+004 4.2406E-015
1.552E+004 4.2058E-015
1.556E+004 4.1677E-015
1.56E+004 4.1196E-015
1.564E+004 4.0568E-015
1.568E+004 3.9826E-015
1.572E+004 3.9408E-015
1.576E+004 3.9239E-015
1.58E+004 3.8843E-015
1.584E+004 3.8272E-015
1.588E+004 3.7973E-015
1.592E+004 3.7784E-015
1.596E+004 3.7820E-015
1.6E+004 3.7793E-015
1.604E+004 3.7428E-015
1.608E+004 3.6647E-015
1.612E+004 3.6018E-015
1.616E+004 3.6101E-015
1.62E+004 3.6500E-015
1.624E+004 3.6548E-015
1.628E+004 3.6071E-015
1.632E+004 3.5489E-015
1.636E+004 3.4561E-015
1.64E+004 3.3652E-015
1.644E+004 3.3517E-015
1.648E+004 3.3828E-015
1.652E+004 3.4226E-015
1.656E+004 3.4382E-015
1.66E+004 3.4240E-015
1.664E+004 3.3945E-015
1.668E+004 3.3257E-015
1.672E+004 3.2503E-015
1.676E+004 3.1492E-015
1.68E+004 3.0460E-015
1.684E+004 3.0717E-015
1.688E+004 3.1006E-015
1.692E+004 3.1168E-015
1.696E+004 3.1346E-015
1.7E+004 3.1339E-015
1.704E+004 3.1213E-015
1.708E+004 3.0926E-015
1.712E+004 3.0752E-015
1.716E+004 3.0405E-015
1.72E+004 2.9977E-015
1.724E+004 2.9569E-015
1.728E+004 2.8961E-015
1.732E+004 2.7810E-015
1.736E+004 2.6882E-015
1.74E+004 2.6951E-015
1.744E+004 2.7383E-015
1.748E+004 2.7782E-015
1.752E+004 2.8016E-015
1.756E+004 2.7983E-015
1.76E+004 2.7874E-015
1.764E+004 2.7666E-015
1.768E+004 2.7426E-015
1.772E+004 2.7240E-015
1.776E+004 2.7008E-015
1.78E+004 2.6770E-015
1.784E+004 2.6475E-015
1.788E+004 2.6327E-015
1.792E+004 2.6208E-015
1.796E+004 2.5965E-015
1.8E+004 2.5654E-015
1.804E+004 2.5340E-015
1.808E+004 2.4982E-015
1.812E+004 2.4193E-015
1.816E+004 2.3377E-015
1.82E+004 2.2997E-015
1.824E+004 2.3146E-015
1.828E+004 2.3354E-015
1.832E+004 2.3496E-015
1.836E+004 2.3580E-015
1.84E+004 2.3577E-015
1.844E+004 2.3490E-015
1.848E+004 2.3250E-015
1.852E+004 2.3147E-015
1.856E+004 2.2946E-015
1.86E+004 2.2548E-015
1.864E+004 2.1968E-015
1.868E+004 2.1465E-015
1.872E+004 2.0718E-015
1.876E+004 2.0281E-015
1.88E+004 2.0310E-015
1.884E+004 2.0828E-015
1.888E+004 2.1322E-015
1.893E+004 2.0811E-015
1.899E+004 2.0781E-015
1.904E+004 2.0649E-015
1.91E+004 2.0361E-015
1.916E+004 2.0102E-015
1.922E+004 1.9913E-015
1.927E+004 1.9642E-015
1.933E+004 1.9067E-015
1.939E+004 1.8448E-015
1.945E+004 1.8256E-015
1.95E+004 1.8350E-015
1.956E+004 1.8356E-015
1.962E+004 1.8253E-015
1.968E+004 1.8159E-015
1.973E+004 1.8060E-015
1.979E+004 1.7830E-015
1.985E+004 1.7606E-015
1.991E+004 1.7441E-015
1.996E+004 1.7293E-015
2.002E+004 1.7262E-015
2.008E+004 1.7120E-015
2.013E+004 1.6762E-015
2.019E+004 1.6488E-015
2.025E+004 1.6431E-015
2.031E+004 1.6381E-015
2.036E+004 1.6205E-015
2.042E+004 1.6030E-015
2.048E+004 1.5815E-015
2.054E+004 1.5635E-015
2.059E+004 1.5561E-015
2.065E+004 1.5412E-015
2.071E+004 1.5220E-015
2.077E+004 1.5017E-015
2.082E+004 1.4882E-015
2.088E+004 1.4771E-015
2.094E+004 1.4635E-015
2.1E+004 1.4507E-015
2.105E+004 1.4333E-015
2.111E+004 1.4110E-015
2.117E+004 1.4068E-015
2.123E+004 1.4009E-015
2.128E+004 1.3869E-015
2.134E+004 1.3660E-015
2.14E+004 1.3339E-015
2.145E+004 1.3074E-015
2.151E+004 1.2863E-015
2.157E+004 1.2631E-015
2.163E+004 1.2354E-015
2.168E+004 1.2182E-015
2.174E+004 1.2224E-015
2.18E+004 1.2285E-015
2.186E+004 1.2299E-015
2.191E+004 1.2283E-015
2.197E+004 1.2174E-015
2.203E+004 1.2026E-015
2.209E+004 1.1908E-015
2.214E+004 1.1827E-015
2.22E+004 1.1735E-015
2.226E+004 1.1647E-015
2.232E+004 1.1580E-015
2.237E+004 1.1534E-015
2.243E+004 1.1466E-015
2.249E+004 1.1317E-015
2.255E+004 1.1154E-015
2.26E+004 1.1030E-015
2.266E+004 1.0853E-015
2.272E+004 1.0699E-015
2.278E+004 1.0639E-015
2.283E+004 1.0580E-015
2.289E+004 1.0473E-015
2.295E+004 1.0348E-015
2.3E+004 1.0241E-015
2.306E+004 1.0193E-015
2.312E+004 1.0112E-015
2.318E+004 9.9906E-016
2.323E+004 9.8830E-016
2.329E+004 9.7885E-016
2.335E+004 9.7243E-016
2.341E+004 9.6304E-016
2.346E+004 9.5025E-016
2.352E+004 9.4160E-016
2.358E+004 9.3357E-016
2.364E+004 9.2330E-016
2.369E+004 9.1588E-016
2.375E+004 9.0856E-016
2.381E+004 8.9815E-016
2.387E+004 8.8810E-016
2.392E+004 8.7929E-016
2.398E+004 8.7209E-016
2.404E+004 8.6777E-016
2.41E+004 8.6159E-016
2.415E+004 8.5264E-016
2.421E+004 8.4147E-016
2.427E+004 8.3068E-016
2.432E+004 8.2143E-016
2.438E+004 8.1378E-016
2.444E+004 8.0663E-016
2.45E+004 7.9788E-016
2.455E+004 7.8405E-016
2.461E+004 7.7677E-016
2.467E+004 7.7449E-016
2.473E+004 7.7013E-016
2.478E+004 7.5950E-016
2.485E+004 7.7389E-016
2.495E+004 7.5526E-016
2.505E+004 7.5363E-016
2.515E+004 7.4219E-016
2.525E+004 7.1912E-016
2.535E+004 7.1978E-016
2.545E+004 7.1149E-016
2.555E+004 6.9716E-016
2.565E+004 6.6868E-016
2.575E+004 6.7857E-016
2.585E+004 6.6987E-016
2.595E+004 6.6231E-016
2.605E+004 6.4409E-016
2.615E+004 6.1087E-016
2.625E+004 5.7453E-016
2.635E+004 6.1462E-016
2.645E+004 6.1579E-016
2.655E+004 6.0775E-016
2.665E+004 5.9309E-016
2.675E+004 5.5358E-016
2.685E+004 5.7821E-016
2.695E+004 5.7673E-016
2.705E+004 5.6948E-016
2.715E+004 5.6250E-016
2.725E+004 5.5465E-016
2.735E+004 5.4592E-016
2.745E+004 5.3543E-016
2.755E+004 4.9545E-016
2.765E+004 5.0766E-016
2.775E+004 5.1529E-016
2.785E+004 5.1050E-016
2.795E+004 5.0435E-016
2.805E+004 4.9749E-016
2.815E+004 4.9073E-016
2.825E+004 4.8413E-016
2.835E+004 4.7785E-016
2.845E+004 4.7033E-016
2.855E+004 4.6301E-016
2.865E+004 4.4760E-016
2.875E+004 4.1626E-016
2.885E+004 4.4172E-016
2.895E+004 4.3958E-016
2.905E+004 4.3531E-016
2.915E+004 4.2878E-016
2.925E+004 4.2364E-016
2.935E+004 4.1864E-016
2.945E+004 4.1313E-016
2.955E+004 4.0797E-016
2.965E+004 4.0277E-016
2.975E+004 3.9755E-016
2.985E+004 3.9257E-016
2.995E+004 3.8726E-016
3.005E+004 3.8224E-016
3.015E+004 3.7684E-016
3.025E+004 3.7008E-016
3.035E+004 3.4389E-016
3.045E+004 3.4836E-016
3.055E+004 3.5693E-016
3.065E+004 3.5413E-016
3.075E+004 3.5021E-016
3.085E+004 3.4520E-016
3.095E+004 3.4137E-016
3.105E+004 3.3715E-016
3.115E+004 3.3207E-016
3.125E+004 3.2886E-016
3.135E+004 3.2482E-016
3.145E+004 3.2092E-016
3.155E+004 3.1732E-016
3.165E+004 3.1382E-016
3.175E+004 3.0957E-016
3.185E+004 3.0634E-016
3.195E+004 3.0265E-016
3.21E+004 2.9716E-016
3.23E+004 2.9035E-016
3.25E+004 2.8350E-016
3.27E+004 2.7630E-016
3.29E+004 2.5622E-016
3.31E+004 2.5963E-016
3.33E+004 2.5691E-016
3.35E+004 2.5160E-016
3.37E+004 2.4544E-016
3.39E+004 2.4006E-016
3.41E+004 2.3477E-016
3.43E+004 2.2991E-016
3.45E+004 2.2524E-016
3.47E+004 2.2017E-016
3.49E+004 2.1548E-016
3.51E+004 2.1082E-016
3.53E+004 2.0623E-016
3.55E+004 2.0183E-016
3.57E+004 1.9736E-016
3.59E+004 1.9331E-016
3.61E+004 1.8906E-016
3.63E+004 1.8537E-016
3.65E+004 1.8105E-016
3.67E+004 1.7763E-016
3.69E+004 1.7291E-016
3.71E+004 1.6990E-016
3.73E+004 1.6268E-016
3.75E+004 1.5709E-016
3.77E+004 1.5988E-016
3.79E+004 1.5702E-016
3.81E+004 1.5290E-016
3.83E+004 1.5021E-016
3.85E+004 1.4810E-016
3.87E+004 1.4496E-016
3.89E+004 1.4181E-016
3.91E+004 1.3721E-016
3.93E+004 1.3675E-016
3.95E+004 1.3422E-016
3.97E+004 1.3177E-016
3.99E+004 1.2877E-016
4.01E+004 1.2497E-016
4.03E+004 1.2196E-016
4.05E+004 1.1665E-016
4.07E+004 1.1920E-016
4.09E+004 1.1739E-016
4.11E+004 1.1548E-016
4.13E+004 1.1332E-016
4.15E+004 1.1069E-016
4.17E+004 1.0524E-016
4.19E+004 1.0654E-016
4.21E+004 1.0496E-016
4.23E+004 1.0335E-016
4.25E+004 1.0144E-016
4.27E+004 9.9651E-017
4.29E+004 9.7865E-017
4.31E+004 9.6107E-017
4.33E+004 9.4353E-017
4.35E+004 9.2512E-017
4.37E+004 8.7775E-017
4.39E+004 8.8369E-017
4.41E+004 8.7762E-017
4.43E+004 8.6354E-017
4.45E+004 8.4853E-017
4.47E+004 8.3512E-017
4.49E+004 8.1969E-017
4.51E+004 8.0597E-017
4.53E+004 7.9213E-017
4.55E+004 7.7876E-017
4.57E+004 7.6515E-017
4.59E+004 7.5206E-017
4.61E+004 7.3956E-017
4.63E+004 7.2515E-017
4.65E+004 6.8140E-017
4.67E+004 6.7130E-017
4.69E+004 6.8706E-017
4.71E+004 6.8008E-017
4.73E+004 6.6975E-017
4.75E+004 6.5857E-017
4.77E+004 6.4810E-017
4.79E+004 6.3802E-017
4.81E+004 6.2775E-017
4.83E+004 6.1780E-017
4.85E+004 6.0797E-017
4.87E+004 5.9833E-017
4.89E+004 5.8886E-017
4.91E+004 5.7937E-017
4.93E+004 5.7041E-017
4.95E+004 5.6153E-017
4.97E+004 5.5260E-017
4.99E+004 5.4428E-017
5.01E+004 5.3579E-017
5.03E+004 5.2715E-017
5.05E+004 5.1956E-017
5.07E+004 5.1147E-017
5.09E+004 5.0267E-017
5.11E+004 4.9293E-017
5.13E+004 4.6678E-017
5.15E+004 4.7918E-017
5.17E+004 4.7284E-017
5.19E+004 4.6703E-017
5.21E+004 4.6065E-017
5.23E+004 4.5388E-017
5.25E+004 4.4616E-017
5.27E+004 4.3889E-017
5.29E+004 4.3413E-017
5.31E+004 4.2806E-017
5.33E+004 4.2181E-017
5.35E+004 4.1551E-017
5.37E+004 4.0745E-017
5.39E+004 4.0181E-017
5.41E+004 3.9785E-017
5.43E+004 3.9213E-017
5.45E+004 3.8666E-017
5.47E+004 3.8094E-017
5.49E+004 3.7571E-017
5.51E+004 3.6909E-017
5.53E+004 3.6181E-017
5.55E+004 3.5973E-017
5.57E+004 3.5506E-017
5.59E+004 3.4975E-017
5.61E+004 3.4531E-017
5.63E+004 3.4055E-017
5.65E+004 3.3596E-017
5.67E+004 3.3127E-017
5.69E+004 3.2597E-017
5.71E+004 3.1748E-017
5.73E+004 3.1686E-017
5.75E+004 3.1368E-017
5.77E+004 3.0943E-017
5.79E+004 3.0518E-017
5.81E+004 3.0119E-017
5.83E+004 2.9708E-017
5.85E+004 2.9303E-017
5.87E+004 2.8886E-017
5.89E+004 2.8329E-017
5.91E+004 2.6892E-017
5.93E+004 2.7626E-017
5.95E+004 2.6853E-017
5.97E+004 2.6831E-017
5.99E+004 2.6687E-017
6.01E+004 2.6377E-017
6.03E+004 2.6066E-017
6.05E+004 2.5734E-017
6.07E+004 2.5401E-017
6.09E+004 2.5072E-017
6.11E+004 2.4734E-017
6.13E+004 2.4448E-017
6.15E+004 2.4140E-017
6.17E+004 2.3834E-017
6.19E+004 2.3525E-017
6.21E+004 2.3240E-017
6.23E+004 2.2919E-017
6.25E+004 2.2626E-017
6.27E+004 2.2253E-017
6.29E+004 2.1402E-017
6.31E+004 2.1653E-017
6.33E+004 2.1514E-017
6.35E+004 2.1284E-017
6.37E+004 2.1034E-017
6.39E+004 2.0774E-017
6.42E+004 2.0401E-017
6.46E+004 1.9905E-017
6.5E+004 1.9426E-017
6.54E+004 1.8972E-017
6.58E+004 1.8519E-017
6.62E+004 1.8082E-017
6.66E+004 1.7663E-017
6.7E+004 1.7250E-017
6.74E+004 1.6789E-017
6.78E+004 1.6106E-017
6.82E+004 1.6067E-017
6.86E+004 1.5724E-017
6.9E+004 1.5364E-017
6.94E+004 1.5009E-017
6.98E+004 1.4686E-017
7.02E+004 1.4359E-017
7.06E+004 1.4042E-017
7.1E+004 1.3723E-017
7.14E+004 1.3437E-017
7.18E+004 1.3145E-017
7.22E+004 1.2850E-017
7.26E+004 1.2558E-017
7.3E+004 1.2313E-017
7.34E+004 1.2054E-017
7.38E+004 1.1800E-017
7.42E+004 1.1520E-017
7.46E+004 1.0993E-017
7.5E+004 1.0636E-017
7.54E+004 1.0787E-017
7.58E+004 1.0617E-017
7.62E+004 1.0406E-017
7.66E+004 1.0194E-017
7.7E+004 9.9873E-018
7.74E+004 9.7811E-018
7.78E+004 9.5316E-018
7.82E+004 9.3937E-018
7.86E+004 9.2131E-018
7.9E+004 9.0313E-018
7.94E+004 8.8530E-018
7.98E+004 8.6789E-018
8.02E+004 8.5084E-018
8.06E+004 8.3432E-018
8.1E+004 8.1833E-018
8.14E+004 7.9633E-018
8.18E+004 7.8452E-018
8.22E+004 7.7225E-018
8.26E+004 7.5762E-018
8.3E+004 7.4328E-018
8.34E+004 7.2897E-018
8.38E+004 7.1523E-018
8.42E+004 7.0212E-018
8.46E+004 6.8933E-018
8.5E+004 6.7669E-018
8.54E+004 6.6417E-018
8.58E+004 6.5203E-018
8.62E+004 6.3962E-018
8.66E+004 6.1991E-018
8.7E+004 6.1566E-018
8.74E+004 5.9727E-018
8.78E+004 5.8668E-018
8.82E+004 5.8447E-018
8.86E+004 5.7419E-018
8.9E+004 5.6411E-018
8.94E+004 5.5427E-018
8.98E+004 5.4442E-018
9.02E+004 5.3500E-018
9.06E+004 5.2580E-018
9.1E+004 5.1658E-018
9.14E+004 5.0774E-018
9.18E+004 4.9909E-018
9.22E+004 4.9058E-018
9.26E+004 4.8206E-018
9.3E+004 4.7408E-018
9.34E+004 4.6574E-018
9.38E+004 4.5036E-018
9.42E+004 4.4834E-018
9.46E+004 4.4307E-018
9.5E+004 4.3551E-018
9.54E+004 4.2815E-018
9.58E+004 4.2158E-018
9.62E+004 4.1461E-018
9.66E+004 4.0794E-018
9.7E+004 4.0132E-018
9.74E+004 3.9472E-018
9.78E+004 3.8844E-018
9.82E+004 3.8199E-018
9.86E+004 3.7555E-018
9.9E+004 3.7022E-018
9.94E+004 3.6434E-018
9.98E+004 3.5857E-018
1.002E+005 3.5295E-018
1.005E+005 3.4878E-018
1.01E+005 3.4196E-018
1.015E+005 3.3533E-018
1.02E+005 3.2888E-018
1.025E+005 3.2256E-018
1.03E+005 3.1641E-018
1.035E+005 3.1038E-018
1.04E+005 3.0452E-018
1.045E+005 2.9876E-018
1.05E+005 2.9317E-018
1.055E+005 2.8767E-018
1.06E+005 2.8233E-018
1.065E+005 2.7713E-018
1.07E+005 2.7199E-018
1.075E+005 2.6702E-018
1.08E+005 2.6215E-018
1.085E+005 2.5737E-018
1.09E+005 2.5271E-018
1.095E+005 2.4818E-018
1.1E+005 2.4374E-018
1.105E+005 2.3937E-018
1.11E+005 2.3512E-018
1.115E+005 2.3098E-018
1.12E+005 2.2692E-018
1.125E+005 2.2293E-018
1.13E+005 2.1905E-018
1.135E+005 2.1523E-018
1.14E+005 2.1151E-018
1.145E+005 2.0790E-018
1.15E+005 2.0431E-018
1.155E+005 2.0082E-018
1.16E+005 1.9742E-018
1.165E+005 1.9408E-018
1.17E+005 1.9082E-018
1.175E+005 1.8759E-018
1.18E+005 1.8447E-018
1.185E+005 1.8141E-018
1.19E+005 1.7840E-018
1.195E+005 1.7544E-018
1.2E+005 1.7255E-018
1.205E+005 1.6974E-018
1.21E+005 1.6698E-018
1.215E+005 1.6426E-018
1.22E+005 1.6161E-018
1.225E+005 1.5901E-018
1.23E+005 1.5645E-018
1.235E+005 1.5395E-018
1.24E+005 1.5150E-018
1.245E+005 1.4910E-018
1.25E+005 1.4675E-018
1.255E+005 1.4443E-018
1.26E+005 1.4218E-018
1.265E+005 1.3995E-018
1.27E+005 1.3777E-018
1.275E+005 1.3564E-018
1.28E+005 1.3354E-018
1.285E+005 1.3150E-018
1.29E+005 1.2948E-018
1.295E+005 1.2750E-018
1.3E+005 1.2557E-018
1.305E+005 1.2367E-018
1.31E+005 1.2180E-018
1.315E+005 1.1998E-018
1.32E+005 1.1818E-018
1.325E+005 1.1641E-018
1.33E+005 1.1469E-018
1.335E+005 1.1299E-018
1.34E+005 1.1133E-018
1.345E+005 1.0969E-018
1.35E+005 1.0808E-018
1.355E+005 1.0651E-018
1.36E+005 1.0495E-018
1.365E+005 1.0343E-018
1.37E+005 1.0195E-018
1.375E+005 1.0048E-018
1.38E+005 9.9039E-019
1.385E+005 9.7621E-019
1.39E+005 9.6240E-019
1.395E+005 9.4878E-019
1.4E+005 9.3535E-019
1.405E+005 9.2227E-019
1.41E+005 9.0922E-019
1.415E+005 8.9665E-019
1.42E+005 8.8411E-019
1.425E+005 8.7189E-019
1.43E+005 8.5984E-019
1.435E+005 8.4796E-019
1.44E+005 8.3624E-019
1.445E+005 8.2482E-019
1.45E+005 8.1355E-019
1.455E+005 8.0258E-019
1.46E+005 7.9162E-019
1.465E+005 7.8094E-019
1.47E+005 7.7053E-019
1.475E+005 7.6014E-019
1.48E+005 7.5001E-019
1.485E+005 7.4001E-019
1.49E+005 7.3015E-019
1.495E+005 7.2054E-019
1.5E+005 7.1106E-019
1.505E+005 7.0170E-019
1.51E+005 6.9247E-019
1.515E+005 6.8347E-019
1.52E+005 6.7459E-019
1.525E+005 6.6582E-019
1.53E+005 6.5717E-019
1.535E+005 6.4874E-019
1.54E+005 6.4041E-019
1.545E+005 6.3220E-019
1.55E+005 6.2408E-019
1.555E+005 6.1618E-019
1.56E+005 6.0838E-019
1.565E+005 6.0067E-019
1.57E+005 5.9307E-019
1.575E+005 5.8565E-019
1.58E+005 5.7833E-019
1.585E+005 5.7110E-019
1.59E+005 5.6397E-019
1.595E+005 5.5701E-019
1.6E+005 5.5014E-019
1.605E+005 5.4335E-019
1.61E+005 5.3665E-019
1.615E+005 5.3012E-019
1.62E+005 5.2358E-019
1.625E+005 5.1721E-019
1.63E+005 5.1092E-019
1.635E+005 5.0479E-019
1.64E+005 4.9864E-019
1.645E+005 4.9266E-019
1.65E+005 4.8675E-019
1.655E+005 4.8098E-019
1.66E+005 4.7521E-019
1.665E+005 4.6958E-019
1.67E+005 4.6403E-019
1.675E+005 4.5853E-019
1.68E+005 4.5311E-019
1.685E+005 4.4782E-019
1.69E+005 4.4252E-019
1.695E+005 4.3735E-019
1.7E+005 4.3232E-019
1.705E+005 4.2727E-019
1.71E+005 4.2236E-019
1.715E+005 4.1743E-019
1.72E+005 4.1262E-019
1.725E+005 4.0794E-019
1.73E+005 4.0325E-019
1.735E+005 3.9868E-019
1.74E+005 3.9409E-019
1.745E+005 3.8962E-019
1.75E+005 3.8520E-019
1.755E+005 3.8090E-019
1.76E+005 3.7658E-019
1.765E+005 3.7237E-019
1.77E+005 3.6821E-019
1.775E+005 3.6409E-019
1.78E+005 3.6003E-019
1.785E+005 3.5606E-019
1.79E+005 3.5214E-019
1.795E+005 3.4827E-019
1.8E+005 3.4443E-019
1.805E+005 3.4064E-019
1.81E+005 3.3689E-019
1.815E+005 3.3324E-019
1.82E+005 3.2963E-019
1.825E+005 3.2605E-019
1.83E+005 3.2252E-019
1.835E+005 3.1902E-019
1.84E+005 3.1562E-019
1.845E+005 3.1219E-019
1.85E+005 3.0886E-019
1.855E+005 3.0557E-019
1.86E+005 3.0230E-019
1.865E+005 2.9913E-019
1.87E+005 2.9593E-019
1.875E+005 2.9283E-019
1.88E+005 2.8975E-019
1.885E+005 2.8670E-019
1.89E+005 2.8369E-019
1.895E+005 2.8071E-019
1.9E+005 2.7781E-019
1.905E+005 2.7494E-019
1.91E+005 2.7205E-019
1.915E+005 2.6928E-019
1.92E+005 2.6650E-019
1.925E+005 2.6374E-019
1.93E+005 2.6106E-019
1.935E+005 2.5836E-019
1.94E+005 2.5573E-019
1.945E+005 2.5313E-019
1.95E+005 2.5056E-019
1.955E+005 2.4801E-019
1.96E+005 2.4553E-019
1.965E+005 2.4307E-019
1.97E+005 2.4060E-019
1.975E+005 2.3819E-019
1.98E+005 2.3581E-019
1.985E+005 2.3345E-019
1.99E+005 2.3115E-019
1.995E+005 2.2884E-019
2E+005 2.2659E-019
2.01E+005 2.2210E-019
2.02E+005 2.1774E-019
2.03E+005 2.1347E-019
2.04E+005 2.0932E-019
2.05E+005 2.0525E-019
2.06E+005 2.0129E-019
2.07E+005 1.9744E-019
2.08E+005 1.9366E-019
2.09E+005 1.8999E-019
2.1E+005 1.8639E-019
2.11E+005 1.8286E-019
2.12E+005 1.7945E-019
2.13E+005 1.7608E-019
2.14E+005 1.7283E-019
2.15E+005 1.6964E-019
2.16E+005 1.6651E-019
2.17E+005 1.6346E-019
2.18E+005 1.6047E-019
2.19E+005 1.5757E-019
2.2E+005 1.5471E-019
2.21E+005 1.5193E-019
2.22E+005 1.4920E-019
2.23E+005 1.4655E-019
2.24E+005 1.4394E-019
2.25E+005 1.4140E-019
2.26E+005 1.3891E-019
2.27E+005 1.3649E-019
2.28E+005 1.3410E-019
2.29E+005 1.3176E-019
2.3E+005 1.2948E-019
2.31E+005 1.2727E-019
2.32E+005 1.2509E-019
2.33E+005 1.2294E-019
2.34E+005 1.2086E-019
2.35E+005 1.1881E-019
2.36E+005 1.1681E-019
2.37E+005 1.1485E-019
2.38E+005 1.1292E-019
2.39E+005 1.1105E-019
2.4E+005 1.0920E-019
2.41E+005 1.0740E-019
2.42E+005 1.0563E-019
2.43E+005 1.0391E-019
2.44E+005 1.0222E-019
2.45E+005 1.0055E-019
2.46E+005 9.8932E-020
2.47E+005 9.7336E-020
2.48E+005 9.5766E-020
2.49E+005 9.4238E-020
2.5E+005 9.2749E-020
2.51E+005 9.1269E-020
2.52E+005 8.9827E-020
2.53E+005 8.8423E-020
2.54E+005 8.7027E-020
2.55E+005 8.5667E-020
2.56E+005 8.4342E-020
2.57E+005 8.3038E-020
2.58E+005 8.1754E-020
2.59E+005 8.0504E-020
2.6E+005 7.9259E-020
2.61E+005 7.8060E-020
2.62E+005 7.6866E-020
2.63E+005 7.5703E-020
2.64E+005 7.4571E-020
2.65E+005 7.3442E-020
2.66E+005 7.2344E-020
2.67E+005 7.1261E-020
2.68E+005 7.0207E-020
2.69E+005 6.9168E-020
2.7E+005 6.8145E-020
2.71E+005 6.7148E-020
2.72E+005 6.6166E-020
2.73E+005 6.5198E-020
2.74E+005 6.4255E-020
2.75E+005 6.3325E-020
2.76E+005 6.2410E-020
2.77E+005 6.1507E-020
2.78E+005 6.0628E-020
2.79E+005 5.9761E-020
2.8E+005 5.8917E-020
2.81E+005 5.8084E-020
2.82E+005 5.7263E-020
2.83E+005 5.6454E-020
2.84E+005 5.5657E-020
2.85E+005 5.4880E-020
2.86E+005 5.4123E-020
2.87E+005 5.3367E-020
2.88E+005 5.2631E-020
2.89E+005 5.1905E-020
2.9E+005 5.1189E-020
2.91E+005 5.0491E-020
2.92E+005 4.9803E-020
2.93E+005 4.9124E-020
2.94E+005 4.8455E-020
2.95E+005 4.7803E-020
2.96E+005 4.7159E-020
2.97E+005 4.6532E-020
2.98E+005 4.5906E-020
2.99E+005 4.5296E-020
3E+005 4.4694E-020
3.01E+005 4.4100E-020
3.02E+005 4.3521E-020
3.03E+005 4.2950E-020
3.04E+005 4.2386E-020
3.05E+005 4.1829E-020
3.06E+005 4.1287E-020
3.07E+005 4.0752E-020
3.08E+005 4.0224E-020
3.09E+005 3.9703E-020
3.1E+005 3.9195E-020
3.11E+005 3.8694E-020
3.12E+005 3.8199E-020
3.13E+005 3.7710E-020
3.14E+005 3.7234E-020
3.15E+005 3.6764E-020
3.16E+005 3.6300E-020
3.17E+005 3.5842E-020
3.18E+005 3.5395E-020
3.19E+005 3.4948E-020
3.2E+005 3.4513E-020
3.21E+005 3.4089E-020
3.22E+005 3.3664E-020
3.23E+005 3.3251E-020
3.24E+005 3.2842E-020
3.25E+005 3.2438E-020
3.26E+005 3.2040E-020
3.27E+005 3.1651E-020
3.28E+005 3.1268E-020
3.29E+005 3.0889E-020
3.3E+005 3.0514E-020
3.31E+005 3.0149E-020
3.32E+005 2.9784E-020
3.33E+005 2.9428E-020
3.34E+005 2.9076E-020
3.35E+005 2.8733E-020
3.36E+005 2.8390E-020
3.37E+005 2.8055E-020
3.38E+005 2.7725E-020
3.39E+005 2.7398E-020
3.4E+005 2.7075E-020
3.41E+005 2.6760E-020
3.42E+005 2.6449E-020
3.43E+005 2.6142E-020
3.44E+005 2.5838E-020
3.45E+005 2.5538E-020
3.46E+005 2.5245E-020
3.47E+005 2.4956E-020
3.48E+005 2.4671E-020
3.49E+005 2.4388E-020
3.5E+005 2.4109E-020
3.51E+005 2.3837E-020
3.52E+005 2.3567E-020
3.53E+005 2.3301E-020
3.54E+005 2.3038E-020
3.55E+005 2.2778E-020
3.56E+005 2.2525E-020
3.57E+005 2.2271E-020
3.58E+005 2.2023E-020
3.59E+005 2.1778E-020
3.6E+005 2.1536E-020
3.61E+005 2.1300E-020
3.62E+005 2.1063E-020
3.63E+005 2.0832E-020
3.64E+005 2.0604E-020
3.65E+005 2.0378E-020
3.66E+005 2.0158E-020
3.67E+005 1.9938E-020
3.68E+005 1.9723E-020
3.69E+005 1.9510E-020
3.7E+005 1.9299E-020
3.71E+005 1.9091E-020
3.72E+005 1.8885E-020
3.73E+005 1.8685E-020
3.74E+005 1.8486E-020
3.75E+005 1.8287E-020
3.76E+005 1.8096E-020
3.77E+005 1.7904E-020
3.78E+005 1.7714E-020
3.79E+005 1.7528E-020
3.8E+005 1.7342E-020
3.81E+005 1.7161E-020
3.82E+005 1.6982E-020
3.83E+005 1.6807E-020
3.84E+005 1.6631E-020
3.85E+005 1.6458E-020
3.86E+005 1.6288E-020
3.87E+005 1.6121E-020
3.88E+005 1.5955E-020
3.89E+005 1.5791E-020
3.9E+005 1.5629E-020
3.91E+005 1.5470E-020
3.92E+005 1.5314E-020
3.93E+005 1.5156E-020
3.94E+005 1.5003E-020
3.95E+005 1.4851E-020
3.96E+005 1.4704E-020
3.97E+005 1.4555E-020
3.98E+005 1.4408E-020
3.99E+005 1.4264E-020
