1149 1.2470E-011
1149 1.2470E-011
1150 1.2569E-011
1151 1.1588E-011
1152 1.1423E-011
1153 1.1759E-011
1155 1.1633E-011
1156 1.2655E-011
1157 1.2710E-011
1158 1.2110E-011
1159 1.2360E-011
1160 1.2550E-011
1162 1.3338E-011
1163 1.3080E-011
1164 1.2789E-011
1165 1.2023E-011
1166 1.1620E-011
1168 1.1677E-011
1169 1.1588E-011
1170 1.1416E-011
1171 1.1111E-011
1172 1.1554E-011
1173 1.1283E-011
1175 1.1172E-011
1176 1.1465E-011
1177 1.1496E-011
1178 1.1548E-011
1179 1.1649E-011
1181 1.1608E-011
1182 1.1799E-011
1183 1.1486E-011
1184 1.1502E-011
1185 1.1459E-011
1186 1.1141E-011
1188 1.0897E-011
1189 1.0748E-011
1190 1.0745E-011
1191 1.0408E-011
1192 1.0618E-011
1193 1.0361E-011
1195 1.0133E-011
1196 9.9238E-012
1197 9.8141E-012
1198 1.0044E-011
1199 9.7399E-012
1201 9.6101E-012
1202 9.9507E-012
1203 9.9961E-012
1204 1.0116E-011
1205 9.7402E-012
1206 9.9894E-012
1208 9.2525E-012
1209 8.4335E-012
1210 8.2090E-012
1211 7.5162E-012
1212 6.3822E-012
1214 5.4473E-012
1215 4.8216E-012
1216 5.3526E-012
1217 6.4109E-012
1218 7.5036E-012
1219 8.6578E-012
1221 9.0705E-012
1222 9.3152E-012
1223 9.7065E-012
1224 9.9473E-012
1225 9.6170E-012
1227 9.4878E-012
1228 9.4218E-012
1229 9.2972E-012
1230 9.0141E-012
1231 8.7463E-012
1232 8.7432E-012
1234 8.5036E-012
1235 8.7253E-012
1236 8.8326E-012
1237 8.3856E-012
1238 8.2841E-012
1240 8.4993E-012
1241 8.3883E-012
1242 8.0066E-012
1243 8.2047E-012
1244 8.1882E-012
1245 8.4160E-012
1247 8.7532E-012
1248 8.8154E-012
1249 8.2368E-012
1250 7.8686E-012
1251 7.5987E-012
1252 7.6568E-012
1254 7.6744E-012
1255 7.8810E-012
1256 8.0846E-012
1257 7.8693E-012
1258 7.6448E-012
1260 7.6591E-012
1261 8.0863E-012
1262 8.1721E-012
1263 8.1759E-012
1264 8.0655E-012
1265 7.7702E-012
1267 7.9619E-012
1268 8.1495E-012
1269 8.0595E-012
1270 8.2212E-012
1271 8.4302E-012
1273 8.5301E-012
1274 8.7543E-012
1275 8.6012E-012
1276 8.3892E-012
1277 8.4191E-012
1278 8.2985E-012
1280 8.5512E-012
1281 8.5059E-012
1282 8.4329E-012
1283 8.1282E-012
1284 8.1592E-012
1286 8.3772E-012
1287 8.6068E-012
1288 9.0593E-012
1289 9.5475E-012
1290 9.5583E-012
1291 9.5621E-012
1293 9.2199E-012
1294 8.8778E-012
1295 8.7740E-012
1296 8.6568E-012
1297 8.7549E-012
1299 8.6658E-012
1300 8.2922E-012
1301 8.0638E-012
1302 7.8803E-012
1303 7.9609E-012
1304 7.6879E-012
1306 7.6399E-012
1307 7.7381E-012
1308 7.5829E-012
1309 7.5433E-012
1310 7.6859E-012
1311 7.5408E-012
1313 7.7715E-012
1314 7.8618E-012
1315 7.7376E-012
1316 7.7906E-012
1317 7.6253E-012
1319 7.6227E-012
1320 7.7764E-012
1321 7.8775E-012
1322 8.0533E-012
1323 8.0056E-012
1324 8.0505E-012
1326 8.1128E-012
1327 8.2452E-012
1328 8.1018E-012
1329 8.1365E-012
1330 7.9022E-012
1332 7.7802E-012
1333 7.7495E-012
1334 7.4717E-012
1335 7.5356E-012
1336 7.7298E-012
1337 7.9205E-012
1339 8.1531E-012
1340 8.2229E-012
1341 8.3022E-012
1342 8.2672E-012
1343 8.2972E-012
1345 8.2963E-012
1346 8.5150E-012
1347 8.1983E-012
1348 8.2565E-012
1349 8.0592E-012
1350 7.7222E-012
1352 8.0311E-012
1353 8.1752E-012
1354 8.1233E-012
1355 8.0427E-012
1356 8.0767E-012
1357 7.6533E-012
1359 7.6718E-012
1360 7.5313E-012
1361 7.7458E-012
1362 7.7897E-012
1363 7.7271E-012
1365 7.9351E-012
1366 8.2987E-012
1367 8.1335E-012
1368 8.1444E-012
1369 7.9964E-012
1370 7.6263E-012
1372 7.4433E-012
1373 7.3404E-012
1374 7.2057E-012
1375 7.2651E-012
1376 7.4296E-012
1378 7.4533E-012
1379 7.5333E-012
1380 7.8200E-012
1381 8.2307E-012
1382 8.2296E-012
1383 7.8385E-012
1385 7.8003E-012
1386 7.6282E-012
1387 7.5266E-012
1388 7.4552E-012
1389 7.4888E-012
1391 7.2099E-012
1392 7.3495E-012
1393 7.4096E-012
1394 7.3253E-012
1395 7.5274E-012
1396 7.5285E-012
1398 7.4640E-012
1399 7.6867E-012
1400 7.6404E-012
1401 7.4916E-012
1402 7.2380E-012
1404 7.2013E-012
1405 7.3943E-012
1406 7.4180E-012
1407 7.0536E-012
1408 6.9574E-012
1409 7.1355E-012
1411 7.2843E-012
1412 7.5219E-012
1413 7.5755E-012
1414 7.4997E-012
1415 7.5626E-012
1416 7.3480E-012
1418 7.1920E-012
1419 7.1391E-012
1420 6.8944E-012
1421 7.1778E-012
1422 7.4851E-012
1424 7.6940E-012
1425 7.6656E-012
1426 7.7612E-012
1427 7.5410E-012
1428 7.1858E-012
1429 7.2758E-012
1431 7.0305E-012
1432 7.0909E-012
1433 7.7129E-012
1434 7.4997E-012
1435 7.4864E-012
1437 7.3954E-012
1438 7.2765E-012
1439 7.2059E-012
1440 7.0561E-012
1441 6.9378E-012
1442 7.1619E-012
1444 6.8301E-012
1445 6.6839E-012
1446 6.7574E-012
1447 6.7724E-012
1448 6.6038E-012
1450 6.6421E-012
1451 6.7645E-012
1452 6.7243E-012
1453 6.4664E-012
1454 6.2436E-012
1455 6.3459E-012
1457 6.6509E-012
1458 6.8080E-012
1459 6.4774E-012
1460 6.5724E-012
1461 6.6142E-012
1463 6.6501E-012
1464 6.5711E-012
1465 6.7800E-012
1466 6.8023E-012
1467 6.6132E-012
1468 6.8383E-012
1470 6.8353E-012
1471 6.7696E-012
1472 6.7272E-012
1473 6.6623E-012
1474 6.5148E-012
1475 6.4343E-012
1477 6.5060E-012
1478 6.4438E-012
1479 6.3002E-012
1480 6.5906E-012
1481 6.7678E-012
1483 6.6321E-012
1484 6.5450E-012
1485 6.4868E-012
1486 6.5353E-012
1487 6.4889E-012
1488 6.3391E-012
1490 6.3905E-012
1491 6.3559E-012
1492 6.6169E-012
1493 6.4909E-012
1494 6.4964E-012
1496 6.5878E-012
1497 6.6082E-012
1498 6.4287E-012
1499 6.4529E-012
1500 6.4320E-012
1501 6.2175E-012
1503 6.1772E-012
1504 6.0676E-012
1505 6.1369E-012
1506 6.1379E-012
1507 6.0865E-012
1509 5.9027E-012
1510 5.9558E-012
1511 5.8200E-012
1512 5.8103E-012
1513 5.7431E-012
1514 5.5972E-012
1516 5.4776E-012
1517 5.5694E-012
1518 5.8755E-012
1519 6.0185E-012
1520 5.9968E-012
1521 5.9933E-012
1523 6.0432E-012
1524 5.8949E-012
1525 5.8577E-012
1526 5.7820E-012
1527 5.6995E-012
1529 5.8141E-012
1530 6.0417E-012
1531 5.9625E-012
1532 5.9590E-012
1533 5.9537E-012
1534 6.0949E-012
1536 6.1342E-012
1537 6.0609E-012
1538 6.1347E-012
1539 6.1203E-012
1540 6.0674E-012
1542 6.0174E-012
1543 5.9534E-012
1544 5.9530E-012
1545 5.6767E-012
1546 5.8046E-012
1547 6.0517E-012
1549 5.9731E-012
1550 5.7602E-012
1551 5.9059E-012
1552 5.9441E-012
1553 5.9258E-012
1555 5.8477E-012
1556 5.6951E-012
1557 5.6701E-012
1558 5.9041E-012
1559 5.9209E-012
1560 5.8651E-012
1562 5.9586E-012
1563 5.9648E-012
1564 5.8548E-012
1565 5.8120E-012
1566 6.0476E-012
1568 5.9741E-012
1569 5.5654E-012
1570 5.7097E-012
1571 5.9054E-012
1572 5.6070E-012
1573 5.7454E-012
1575 5.7324E-012
1576 5.7955E-012
1577 5.8898E-012
1578 5.8785E-012
1579 5.6416E-012
1580 5.5594E-012
1582 5.5529E-012
1583 5.5541E-012
1584 5.4999E-012
1585 5.4297E-012
1586 5.4446E-012
1588 5.3802E-012
1589 5.3172E-012
1590 5.3491E-012
1591 5.3480E-012
1592 5.3064E-012
1593 5.4226E-012
1595 5.4031E-012
1596 5.3559E-012
1597 5.3034E-012
1598 5.2687E-012
1599 5.2680E-012
1601 5.2949E-012
1602 5.0998E-012
1603 5.1886E-012
1604 5.3095E-012
1605 5.1827E-012
1606 5.1526E-012
1608 5.1955E-012
1609 5.0600E-012
1610 4.9916E-012
1611 5.1182E-012
1612 5.1598E-012
1614 5.2828E-012
1615 5.2477E-012
1616 5.1208E-012
1617 5.0734E-012
1618 5.0074E-012
1619 5.2378E-012
1621 5.3929E-012
1622 5.2191E-012
1623 5.0552E-012
1624 5.0985E-012
1625 5.1521E-012
1627 5.1652E-012
1628 5.2891E-012
1629 5.2732E-012
1630 5.1359E-012
1631 5.0864E-012
1632 5.0645E-012
1634 5.2514E-012
1635 5.2283E-012
1636 5.0807E-012
1637 4.8712E-012
1638 4.8831E-012
1639 4.8007E-012
1641 4.7212E-012
1642 4.7074E-012
1643 4.6775E-012
1644 4.7791E-012
1645 4.9690E-012
1647 5.0759E-012
1648 4.9449E-012
1649 4.9645E-012
1650 4.9518E-012
1651 4.9035E-012
1652 4.9637E-012
1654 4.8297E-012
1655 4.7781E-012
1656 4.8462E-012
1657 4.9175E-012
1658 4.9312E-012
1660 4.9191E-012
1661 4.8485E-012
1662 4.9077E-012
1663 4.8597E-012
1664 4.8408E-012
1665 4.8994E-012
1667 4.9153E-012
1668 4.7990E-012
1669 4.6705E-012
1670 4.5109E-012
1671 4.5013E-012
1673 4.6582E-012
1674 4.6602E-012
1675 4.6271E-012
1676 4.6241E-012
1677 4.6669E-012
1678 4.6795E-012
1680 4.6298E-012
1681 4.6302E-012
1682 4.5662E-012
1683 4.5922E-012
1684 4.7015E-012
1685 4.7057E-012
1687 4.6915E-012
1688 4.7110E-012
1689 4.6897E-012
1691 4.7102E-012
1692 4.6596E-012
1694 4.6141E-012
1695 4.5971E-012
1696 4.5905E-012
1698 4.5660E-012
1699 4.5616E-012
1700 4.5612E-012
1702 4.5964E-012
1703 4.5633E-012
1705 4.5246E-012
1706 4.5200E-012
1707 4.4813E-012
1709 4.4456E-012
1710 4.4263E-012
1711 4.4101E-012
1713 4.4632E-012
1714 4.4710E-012
1715 4.3860E-012
1717 4.3025E-012
1718 4.2928E-012
1720 4.3564E-012
1721 4.3632E-012
1722 4.3352E-012
1724 4.3254E-012
1725 4.3369E-012
1726 4.3577E-012
1728 4.3470E-012
1729 4.3214E-012
1731 4.2974E-012
1732 4.2737E-012
1733 4.2848E-012
1735 4.2981E-012
1736 4.2757E-012
1737 4.2485E-012
1739 4.2293E-012
1740 4.2132E-012
1742 4.2022E-012
1743 4.1844E-012
1744 4.0867E-012
1746 4.0582E-012
1747 4.1310E-012
1748 4.1514E-012
1750 4.1479E-012
1751 4.1279E-012
1753 4.1462E-012
1754 4.1462E-012
1755 4.1022E-012
1757 4.0741E-012
1758 4.0476E-012
1759 4.0335E-012
1761 4.0068E-012
1762 4.0108E-012
1763 4.0021E-012
1765 3.9938E-012
1766 4.0079E-012
1768 3.9989E-012
1769 4.0017E-012
1770 3.9718E-012
1772 3.9610E-012
1773 3.9758E-012
1774 3.9494E-012
1776 3.9293E-012
1777 3.9088E-012
1779 3.9127E-012
1780 3.9110E-012
1781 3.8939E-012
1783 3.8789E-012
1784 3.8711E-012
1785 3.8659E-012
1787 3.8578E-012
1788 3.8658E-012
1790 3.8407E-012
1791 3.8291E-012
1792 3.8194E-012
1794 3.7931E-012
1795 3.7806E-012
1796 3.7583E-012
1798 3.7432E-012
1799 3.7633E-012
1801 3.7604E-012
1802 3.7654E-012
1803 3.7395E-012
1805 3.6998E-012
1806 3.6269E-012
1807 3.5982E-012
1809 3.6472E-012
1810 3.6555E-012
1812 3.6473E-012
1813 3.6535E-012
1814 3.6518E-012
1816 3.6329E-012
1817 3.6305E-012
1818 3.6205E-012
1820 3.6233E-012
1821 3.6125E-012
1822 3.5987E-012
1824 3.5872E-012
1825 3.5718E-012
1827 3.5438E-012
1828 3.5339E-012
1829 3.5231E-012
1831 3.5198E-012
1832 3.5131E-012
1833 3.5064E-012
1835 3.4891E-012
1836 3.4493E-012
1838 3.4619E-012
1839 3.4706E-012
1840 3.4737E-012
1842 3.4752E-012
1843 3.4511E-012
1844 3.4196E-012
1846 3.3905E-012
1847 3.3746E-012
1849 3.3449E-012
1850 3.3050E-012
1851 3.2908E-012
1853 3.2824E-012
1854 3.2868E-012
1855 3.2991E-012
1857 3.2929E-012
1858 3.2996E-012
1860 3.3011E-012
1861 3.2715E-012
1862 3.2697E-012
1864 3.2657E-012
1865 3.2567E-012
1866 3.2463E-012
1868 3.2467E-012
1869 3.2477E-012
1871 3.2422E-012
1872 3.2321E-012
1873 3.2329E-012
1875 3.2363E-012
1876 3.2046E-012
1877 3.1967E-012
1879 3.1896E-012
1880 3.1865E-012
1882 3.1868E-012
1883 3.1859E-012
1884 3.1787E-012
1886 3.1694E-012
1887 3.1594E-012
1888 3.1523E-012
1890 3.1398E-012
1891 3.1250E-012
1893 3.1153E-012
1894 3.1081E-012
1895 3.1012E-012
1897 3.0955E-012
1898 3.0801E-012
1899 3.0643E-012
1901 3.0529E-012
1902 3.0546E-012
1903 3.0460E-012
1905 3.0501E-012
1906 3.0431E-012
1908 3.0207E-012
1909 3.0128E-012
1910 3.0131E-012
1912 3.0120E-012
1913 3.0211E-012
1914 3.0076E-012
1916 2.9945E-012
1917 2.9907E-012
1919 2.9857E-012
1920 2.9706E-012
1921 2.9627E-012
1923 2.9429E-012
1924 2.9443E-012
1925 2.9368E-012
1927 2.9174E-012
1928 2.8811E-012
1930 2.8808E-012
1931 2.9000E-012
1932 2.9039E-012
1934 2.8933E-012
1935 2.8837E-012
1936 2.8726E-012
1938 2.8658E-012
1939 2.8537E-012
1941 2.8455E-012
1942 2.8456E-012
1943 2.8341E-012
1945 2.8272E-012
1946 2.8184E-012
1947 2.8127E-012
1949 2.7882E-012
1950 2.7786E-012
1952 2.7957E-012
1953 2.7902E-012
1954 2.7860E-012
1956 2.7734E-012
1957 2.7713E-012
1958 2.7626E-012
1960 2.7580E-012
1961 2.7506E-012
1963 2.7349E-012
1964 2.7303E-012
1965 2.7139E-012
1967 2.7071E-012
1968 2.7029E-012
1969 2.6989E-012
1971 2.6903E-012
1972 2.6837E-012
1974 2.6658E-012
1975 2.6572E-012
1976 2.6713E-012
1978 2.6601E-012
1979 2.6404E-012
1980 2.6390E-012
1982 2.6402E-012
1983 2.6356E-012
1985 2.6324E-012
1986 2.6232E-012
1987 2.5972E-012
1989 2.5886E-012
1990 2.5799E-012
1991 2.5588E-012
1993 2.5456E-012
1994 2.5682E-012
1996 2.5779E-012
1997 2.5663E-012
1998 2.5633E-012
2000 2.5613E-012
2001 2.5546E-012
2002 2.5497E-012
2004 2.5371E-012
2005 2.5121E-012
2006 2.5062E-012
2008 2.5064E-012
2009 2.5137E-012
2011 2.5070E-012
2012 2.5010E-012
2013 2.4990E-012
2015 2.4926E-012
2016 2.4875E-012
2017 2.4773E-012
2019 2.4711E-012
2020 2.4719E-012
2022 2.4565E-012
2023 2.4499E-012
2024 2.4332E-012
2026 2.4017E-012
2027 2.4170E-012
2028 2.4314E-012
2030 2.4254E-012
2031 2.4186E-012
2033 2.4187E-012
2034 2.4064E-012
2035 2.3887E-012
2037 2.3678E-012
2038 2.3584E-012
2039 2.3670E-012
2041 2.3585E-012
2042 2.3468E-012
2044 2.3321E-012
2045 2.3140E-012
2046 2.3067E-012
2048 2.2925E-012
2049 2.2919E-012
2050 2.2856E-012
2052 2.2745E-012
2053 2.2656E-012
2055 2.2589E-012
2056 2.2607E-012
2057 2.2651E-012
2059 2.2653E-012
2060 2.2591E-012
2061 2.2592E-012
2063 2.2528E-012
2064 2.2579E-012
2066 2.2541E-012
2067 2.2368E-012
2068 2.2276E-012
2070 2.2285E-012
2071 2.2309E-012
2072 2.2325E-012
2074 2.2253E-012
2075 2.2104E-012
2077 2.2107E-012
2078 2.1988E-012
2079 2.1822E-012
2081 2.1739E-012
2082 2.1695E-012
2083 2.1781E-012
2085 2.1733E-012
2086 2.1761E-012
2088 2.1793E-012
2089 2.1733E-012
2090 2.1658E-012
2092 2.1627E-012
2093 2.1511E-012
2094 2.1582E-012
2096 2.1544E-012
2097 2.1401E-012
2099 2.1257E-012
2100 2.1172E-012
2101 2.1056E-012
2103 2.1018E-012
2104 2.1077E-012
2105 2.1099E-012
2107 2.1055E-012
2108 2.1094E-012
2110 2.1083E-012
2111 2.1004E-012
2112 2.0941E-012
2114 2.0877E-012
2115 2.0773E-012
2116 2.0660E-012
2118 2.0673E-012
2119 2.0616E-012
2121 2.0581E-012
2122 2.0552E-012
2123 2.0476E-012
2125 2.0385E-012
2126 2.0405E-012
2127 2.0339E-012
2129 2.0311E-012
2130 2.0277E-012
2132 2.0183E-012
2133 2.0194E-012
2134 2.0168E-012
2136 2.0055E-012
2137 2.0039E-012
2138 2.0042E-012
2140 1.9978E-012
2141 1.9898E-012
2143 1.9860E-012
2144 1.9788E-012
2145 1.9698E-012
2147 1.9612E-012
2148 1.9582E-012
2149 1.9536E-012
2151 1.9557E-012
2152 1.9569E-012
2154 1.9552E-012
2155 1.9460E-012
2156 1.9376E-012
2158 1.9311E-012
2159 1.9249E-012
2160 1.9198E-012
2162 1.9190E-012
2163 1.9176E-012
2165 1.9183E-012
2166 1.9153E-012
2167 1.9060E-012
2169 1.8995E-012
2170 1.8958E-012
2171 1.8880E-012
2173 1.8862E-012
2174 1.8861E-012
2176 1.8774E-012
2177 1.8710E-012
2178 1.8672E-012
2180 1.8655E-012
2181 1.8601E-012
2182 1.8580E-012
2184 1.8538E-012
2185 1.8513E-012
2187 1.8487E-012
2188 1.8451E-012
2189 1.8371E-012
2191 1.8279E-012
2192 1.8243E-012
2193 1.8199E-012
2195 1.8136E-012
2196 1.8083E-012
2197 1.7933E-012
2199 1.7914E-012
2200 1.7885E-012
2202 1.7883E-012
2203 1.7875E-012
2204 1.7832E-012
2206 1.7763E-012
2207 1.7738E-012
2208 1.7695E-012
2210 1.7651E-012
2211 1.7554E-012
2213 1.7389E-012
2214 1.7251E-012
2215 1.7194E-012
2217 1.7228E-012
2218 1.7271E-012
2219 1.7295E-012
2221 1.7283E-012
2222 1.7196E-012
2224 1.7130E-012
2225 1.7072E-012
2226 1.7046E-012
2228 1.6993E-012
2229 1.6908E-012
2230 1.6901E-012
2232 1.6947E-012
2233 1.6888E-012
2235 1.6822E-012
2236 1.6840E-012
2237 1.6832E-012
2239 1.6809E-012
2240 1.6808E-012
2241 1.6824E-012
2243 1.6786E-012
2244 1.6700E-012
2246 1.6620E-012
2247 1.6542E-012
2248 1.6379E-012
2250 1.6265E-012
2251 1.6250E-012
2252 1.6156E-012
2254 1.6131E-012
2255 1.6204E-012
2257 1.6268E-012
2258 1.6242E-012
2259 1.6113E-012
2261 1.6102E-012
2262 1.6128E-012
2263 1.6171E-012
2265 1.6184E-012
2266 1.6112E-012
2268 1.6129E-012
2269 1.6104E-012
2270 1.6033E-012
2272 1.6023E-012
2273 1.6000E-012
2274 1.5931E-012
2276 1.5829E-012
2277 1.5833E-012
2279 1.5834E-012
2280 1.5696E-012
2281 1.5712E-012
2283 1.5748E-012
2284 1.5707E-012
2285 1.5663E-012
2287 1.5596E-012
2288 1.5581E-012
2290 1.5590E-012
2291 1.5537E-012
2292 1.5504E-012
2294 1.5478E-012
2295 1.5444E-012
2296 1.5447E-012
2298 1.5436E-012
2299 1.5433E-012
2301 1.5418E-012
2302 1.5370E-012
2303 1.5326E-012
2305 1.5276E-012
2306 1.5216E-012
2307 1.5201E-012
2309 1.5186E-012
2310 1.5174E-012
2312 1.5185E-012
2313 1.5131E-012
2314 1.5107E-012
2316 1.5103E-012
2317 1.5050E-012
2318 1.5003E-012
2320 1.4961E-012
2321 1.4921E-012
2323 1.4879E-012
2324 1.4868E-012
2325 1.4825E-012
2327 1.4770E-012
2328 1.4719E-012
2329 1.4697E-012
2331 1.4693E-012
2332 1.4690E-012
2334 1.4617E-012
2335 1.4567E-012
2336 1.4548E-012
2338 1.4541E-012
2339 1.4520E-012
2340 1.4402E-012
2342 1.4062E-012
2343 1.3398E-012
2345 1.3545E-012
2346 1.4035E-012
2347 1.4196E-012
2349 1.4222E-012
2350 1.4205E-012
2351 1.4167E-012
2353 1.4168E-012
2354 1.4181E-012
2356 1.4153E-012
2357 1.4086E-012
2358 1.4071E-012
2360 1.4043E-012
2361 1.4012E-012
2362 1.4010E-012
2364 1.3977E-012
2365 1.3972E-012
2367 1.3971E-012
2368 1.3920E-012
2369 1.3831E-012
2371 1.3754E-012
2372 1.3554E-012
2373 1.3187E-012
2375 1.3236E-012
2376 1.3516E-012
2378 1.3526E-012
2379 1.3412E-012
2380 1.3113E-012
2382 1.2457E-012
2383 1.2567E-012
2384 1.3163E-012
2386 1.3301E-012
2387 1.3348E-012
2389 1.3368E-012
2390 1.3394E-012
2391 1.3325E-012
2393 1.3233E-012
2394 1.3207E-012
2395 1.3208E-012
2397 1.3192E-012
2398 1.3157E-012
2400 1.3175E-012
2401 1.3172E-012
2402 1.3129E-012
2404 1.3060E-012
2405 1.3058E-012
2406 1.3014E-012
2408 1.2948E-012
2409 1.2903E-012
2411 1.2886E-012
2412 1.2880E-012
2413 1.2866E-012
2415 1.2796E-012
2416 1.2774E-012
2417 1.2792E-012
2419 1.2759E-012
2420 1.2713E-012
2422 1.2671E-012
2423 1.2613E-012
2424 1.2576E-012
2426 1.2617E-012
2427 1.2628E-012
2428 1.2600E-012
2430 1.2517E-012
2431 1.2428E-012
2433 1.2418E-012
2434 1.2440E-012
2435 1.2463E-012
2437 1.2477E-012
2438 1.2471E-012
2439 1.2416E-012
2441 1.2305E-012
2442 1.2288E-012
2444 1.2288E-012
2445 1.2286E-012
2446 1.2275E-012
2448 1.2276E-012
2449 1.2268E-012
2450 1.2192E-012
2452 1.2128E-012
2453 1.2109E-012
2455 1.2065E-012
2456 1.2001E-012
2457 1.1983E-012
2459 1.1997E-012
2460 1.1985E-012
2461 1.2029E-012
2463 1.2040E-012
2464 1.2005E-012
2466 1.1914E-012
2467 1.1848E-012
2468 1.1843E-012
2470 1.1815E-012
2471 1.1844E-012
2472 1.1833E-012
2474 1.1842E-012
2475 1.1842E-012
2477 1.1831E-012
2478 1.1820E-012
2479 1.1817E-012
2481 1.1767E-012
2482 1.1722E-012
2483 1.1671E-012
2485 1.1674E-012
2486 1.1648E-012
2488 1.1599E-012
2489 1.1580E-012
2490 1.1542E-012
2492 1.1537E-012
2493 1.1515E-012
2494 1.1486E-012
2496 1.1453E-012
2497 1.1451E-012
2499 1.1458E-012
2500 1.1407E-012
2501 1.1393E-012
2503 1.1374E-012
2504 1.1343E-012
2505 1.1335E-012
2507 1.1304E-012
2508 1.1265E-012
2510 1.1181E-012
2511 1.1111E-012
2512 1.1105E-012
2514 1.1124E-012
2515 1.1125E-012
2516 1.1113E-012
2518 1.1073E-012
2519 1.1080E-012
2521 1.1098E-012
2522 1.1075E-012
2523 1.1009E-012
2525 1.0992E-012
2526 1.1003E-012
2527 1.0979E-012
2529 1.0989E-012
2530 1.0964E-012
2531 1.0915E-012
2533 1.0912E-012
2534 1.0916E-012
2536 1.0897E-012
2537 1.0869E-012
2538 1.0842E-012
2540 1.0826E-012
2541 1.0772E-012
2542 1.0739E-012
2544 1.0730E-012
2545 1.0691E-012
2547 1.0680E-012
2548 1.0628E-012
2549 1.0592E-012
2551 1.0628E-012
2552 1.0598E-012
2553 1.0564E-012
2555 1.0559E-012
2556 1.0548E-012
2558 1.0522E-012
2559 1.0491E-012
2560 1.0465E-012
2562 1.0430E-012
2563 1.0406E-012
2564 1.0370E-012
2566 1.0359E-012
2567 1.0297E-012
2569 1.0300E-012
2570 1.0298E-012
2571 1.0288E-012
2573 1.0270E-012
2574 1.0233E-012
2575 1.0115E-012
2577 1.0053E-012
2578 1.0134E-012
2580 1.0150E-012
2581 1.0121E-012
2582 1.0082E-012
2584 9.9789E-013
2585 9.5927E-013
2586 9.2149E-013
2588 9.5812E-013
2589 9.9230E-013
2591 9.9814E-013
2592 9.9592E-013
2593 9.8850E-013
2595 9.8945E-013
2596 9.8854E-013
2597 9.7320E-013
2599 9.2046E-013
2600 9.0772E-013
2602 9.6261E-013
2603 9.7724E-013
2604 9.7760E-013
2606 9.7315E-013
2607 9.7564E-013
2608 9.7865E-013
2610 9.7935E-013
2611 9.7771E-013
2613 9.7572E-013
2614 9.7177E-013
2615 9.7075E-013
2617 9.6562E-013
2618 9.5243E-013
2619 9.4864E-013
2621 9.5611E-013
2622 9.5562E-013
2624 9.5475E-013
2625 9.5685E-013
2626 9.5731E-013
2628 9.5397E-013
2629 9.5104E-013
2630 9.5085E-013
2632 9.5047E-013
2633 9.4552E-013
2635 9.4137E-013
2636 9.3699E-013
2637 9.2926E-013
2639 9.2100E-013
2640 9.2549E-013
2641 9.3030E-013
2643 9.2713E-013
2644 9.2970E-013
2646 9.3120E-013
2647 9.2933E-013
2648 9.2654E-013
2650 9.2420E-013
2651 9.2152E-013
2652 9.1722E-013
2654 9.1573E-013
2655 9.1467E-013
2657 9.1216E-013
2658 9.1186E-013
2659 9.0957E-013
2661 9.0231E-013
2662 8.9990E-013
2663 8.9938E-013
2665 8.9893E-013
2666 9.0014E-013
2668 8.9798E-013
2669 8.9685E-013
2670 8.9674E-013
2672 8.9497E-013
2673 8.9143E-013
2674 8.8791E-013
2676 8.8781E-013
2677 8.8626E-013
2678 8.8384E-013
2680 8.8506E-013
2681 8.8425E-013
2683 8.8198E-013
2684 8.8140E-013
2685 8.7866E-013
2687 8.7719E-013
2688 8.7738E-013
2689 8.7664E-013
2691 8.7447E-013
2692 8.7111E-013
2694 8.7009E-013
2695 8.6683E-013
2696 8.6408E-013
2698 8.6166E-013
2699 8.5778E-013
2700 8.5894E-013
2702 8.6020E-013
2703 8.5716E-013
2705 8.5628E-013
2706 8.5248E-013
2707 8.5110E-013
2709 8.4897E-013
2710 8.4648E-013
2711 8.4542E-013
2713 8.4386E-013
2714 8.4337E-013
2716 8.4167E-013
2717 8.3796E-013
2718 8.3606E-013
2720 8.3370E-013
2721 8.3407E-013
2722 8.3322E-013
2724 8.3226E-013
2725 8.3107E-013
2727 8.2890E-013
2728 8.2541E-013
2729 8.2376E-013
2731 8.1974E-013
2732 8.1119E-013
2733 8.0507E-013
2735 8.0652E-013
2736 8.1230E-013
2738 8.1299E-013
2739 8.0989E-013
2740 8.1168E-013
2742 8.1171E-013
2743 8.0712E-013
2744 8.0408E-013
2746 8.0280E-013
2747 8.0090E-013
2749 7.9729E-013
2750 7.9623E-013
2751 7.9782E-013
2753 7.9944E-013
2754 7.9611E-013
2755 7.9677E-013
2757 7.9353E-013
2758 7.8858E-013
2760 7.8692E-013
2761 7.8652E-013
2762 7.8616E-013
2764 7.8739E-013
2765 7.8443E-013
2766 7.8249E-013
2768 7.7892E-013
2769 7.7723E-013
2770 7.7490E-013
2772 7.7585E-013
2773 7.7606E-013
2775 7.7494E-013
2776 7.7330E-013
2777 7.7217E-013
2779 7.7138E-013
2780 7.6992E-013
2781 7.7019E-013
2783 7.6805E-013
2784 7.6627E-013
2786 7.6336E-013
2787 7.6153E-013
2788 7.6024E-013
2790 7.5822E-013
2791 7.5440E-013
2792 7.4710E-013
2794 7.2415E-013
2795 6.7504E-013
2797 6.8357E-013
2798 7.2770E-013
2799 7.3613E-013
2801 7.2257E-013
2802 6.7813E-013
2803 6.6876E-013
2805 7.1981E-013
2806 7.3875E-013
2808 7.4107E-013
2809 7.3723E-013
2810 7.3668E-013
2812 7.3695E-013
2813 7.3558E-013
2814 7.3488E-013
2816 7.3484E-013
2817 7.3323E-013
2819 7.3111E-013
2820 7.3044E-013
2821 7.3036E-013
2823 7.2919E-013
2824 7.2944E-013
2825 7.2858E-013
2827 7.2449E-013
2828 7.2319E-013
2830 7.2306E-013
2831 7.2115E-013
2832 7.1837E-013
2834 7.1696E-013
2835 7.1653E-013
2836 7.1606E-013
2838 7.1232E-013
2839 7.1315E-013
2840 7.1178E-013
2842 7.0717E-013
2843 7.0669E-013
2845 7.0593E-013
2846 7.0632E-013
2847 7.0571E-013
2849 7.0491E-013
2850 6.9771E-013
2851 6.7657E-013
2853 6.7122E-013
2854 6.8998E-013
2856 6.9555E-013
2857 6.9645E-013
2858 6.9645E-013
2860 6.9443E-013
2861 6.9463E-013
2862 6.9486E-013
2864 6.9315E-013
2865 6.9146E-013
2867 6.9017E-013
2868 6.8948E-013
2869 6.8801E-013
2871 6.8565E-013
2872 6.8599E-013
2873 6.8481E-013
2875 6.8166E-013
2876 6.7960E-013
2878 6.8044E-013
2879 6.7905E-013
2880 6.7631E-013
2882 6.7498E-013
2883 6.7253E-013
2884 6.7166E-013
2886 6.7280E-013
2887 6.7087E-013
2889 6.6931E-013
2890 6.6559E-013
2891 6.6323E-013
2893 6.6311E-013
2894 6.6286E-013
2895 6.6196E-013
2897 6.6093E-013
2898 6.5981E-013
2899 6.6077E-013
2901 6.5995E-013
2902 6.5924E-013
2904 6.5631E-013
2905 6.5667E-013
2906 6.5588E-013
2908 6.5495E-013
2909 6.5361E-013
2910 6.5265E-013
2912 6.4985E-013
2913 6.4943E-013
2915 6.4851E-013
2916 6.4657E-013
2917 6.4556E-013
2919 6.4392E-013
2920 6.4419E-013
2921 6.4214E-013
2923 6.4107E-013
2924 6.4011E-013
2926 6.4020E-013
2927 6.3978E-013
2928 6.3776E-013
2930 6.3548E-013
2931 6.3580E-013
2932 6.3601E-013
2934 6.3360E-013
2935 6.3263E-013
2937 6.2973E-013
2938 6.2722E-013
2939 6.2560E-013
2941 6.2599E-013
2942 6.2409E-013
2943 6.2057E-013
2945 6.2102E-013
2946 6.1883E-013
2947 6.1565E-013
2949 6.1311E-013
2950 6.1007E-013
2952 6.0961E-013
2953 6.0738E-013
2954 6.0558E-013
2956 6.0534E-013
2957 6.0468E-013
2958 6.0352E-013
2960 6.0082E-013
2961 5.9924E-013
2963 6.0131E-013
2964 6.0146E-013
2965 6.0149E-013
2967 6.0321E-013
2968 6.0140E-013
2969 6.0179E-013
2971 6.0163E-013
2972 6.0043E-013
2974 5.9882E-013
2975 5.9824E-013
2976 5.9643E-013
2978 5.9290E-013
2979 5.9380E-013
2980 5.9318E-013
2982 5.9182E-013
2983 5.8957E-013
2985 5.9098E-013
2986 5.9189E-013
2987 5.9063E-013
2989 5.8960E-013
2990 5.8836E-013
2991 5.8684E-013
2993 5.8383E-013
2994 5.8248E-013
2995 5.8235E-013
2997 5.8223E-013
2998 5.8220E-013
3000 5.8059E-013
3001 5.8099E-013
3002 5.8062E-013
3004 5.7878E-013
3005 5.7843E-013
3006 5.7723E-013
3008 5.7637E-013
3009 5.7422E-013
3011 5.7476E-013
3012 5.7429E-013
3013 5.7374E-013
3015 5.7338E-013
3016 5.7273E-013
3017 5.6941E-013
3019 5.6770E-013
3020 5.6613E-013
3022 5.6435E-013
3023 5.6295E-013
3024 5.6279E-013
3026 5.6273E-013
3027 5.6204E-013
3028 5.6311E-013
3030 5.6158E-013
3031 5.5998E-013
3032 5.5730E-013
3034 5.5617E-013
3035 5.5599E-013
3037 5.5603E-013
3038 5.5593E-013
3039 5.5595E-013
3041 5.5422E-013
3042 5.5293E-013
3043 5.4944E-013
3045 5.4887E-013
3046 5.4955E-013
3048 5.4798E-013
3049 5.4710E-013
3050 5.4691E-013
3052 5.4577E-013
3053 5.4390E-013
3054 5.4215E-013
3056 5.4194E-013
3057 5.3918E-013
3059 5.3730E-013
3060 5.3823E-013
3061 5.3869E-013
3063 5.3540E-013
3064 5.3384E-013
3067 5.3349E-013
3070 5.3239E-013
3072 5.3028E-013
3075 5.2868E-013
3078 5.2604E-013
3081 5.2359E-013
3083 5.2194E-013
3086 5.2132E-013
3089 5.1974E-013
3092 5.1809E-013
3094 5.1656E-013
3097 5.1518E-013
3100 5.1306E-013
3103 5.1077E-013
3105 5.0970E-013
3108 5.0890E-013
3111 5.0650E-013
3114 5.0452E-013
3116 5.0373E-013
3119 5.0250E-013
3122 5.0174E-013
3125 4.9983E-013
3127 4.9827E-013
3130 4.9628E-013
3133 4.9455E-013
3136 4.9228E-013
3138 4.9140E-013
3141 4.8903E-013
3144 4.8623E-013
3147 4.8402E-013
3149 4.8184E-013
3152 4.8092E-013
3155 4.8167E-013
3158 4.8169E-013
3160 4.7986E-013
3163 4.7692E-013
3166 4.7469E-013
3169 4.7342E-013
3171 4.7099E-013
3174 4.6840E-013
3177 4.6727E-013
3180 4.6592E-013
3182 4.6457E-013
3185 4.6381E-013
3188 4.6219E-013
3191 4.6030E-013
3193 4.5878E-013
3196 4.5643E-013
3199 4.5167E-013
3202 4.4545E-013
3204 4.4577E-013
3207 4.4937E-013
3210 4.4990E-013
3213 4.4885E-013
3215 4.4758E-013
3218 4.4605E-013
3221 4.4436E-013
3224 4.4308E-013
3226 4.4255E-013
3229 4.4147E-013
3232 4.4017E-013
3235 4.3877E-013
3237 4.3788E-013
3240 4.3542E-013
3243 4.3411E-013
3246 4.3328E-013
3248 4.3121E-013
3251 4.2938E-013
3254 4.2853E-013
3256 4.2722E-013
3259 4.2617E-013
3262 4.2466E-013
3265 4.2212E-013
3267 4.2099E-013
3270 4.2099E-013
3273 4.2086E-013
3276 4.1945E-013
3278 4.1847E-013
3281 4.1699E-013
3284 4.1494E-013
3287 4.1398E-013
3289 4.1235E-013
3292 4.1022E-013
3295 4.0907E-013
3298 4.0766E-013
3300 4.0602E-013
3303 4.0475E-013
3306 4.0335E-013
3309 4.0250E-013
3311 4.0172E-013
3314 3.9933E-013
3317 3.9793E-013
3320 3.9750E-013
3322 3.9648E-013
3325 3.9586E-013
3328 3.9451E-013
3331 3.9299E-013
3333 3.9215E-013
3336 3.9031E-013
3339 3.8823E-013
3342 3.8779E-013
3344 3.8684E-013
3347 3.8576E-013
3350 3.8505E-013
3353 3.8336E-013
3355 3.8188E-013
3358 3.7990E-013
3361 3.7898E-013
3364 3.7796E-013
3366 3.7669E-013
3369 3.7571E-013
3372 3.7575E-013
3375 3.7506E-013
3377 3.7306E-013
3380 3.7126E-013
3383 3.6997E-013
3386 3.6954E-013
3388 3.6877E-013
3391 3.6739E-013
3394 3.6597E-013
3397 3.6452E-013
3399 3.6379E-013
3402 3.6301E-013
3405 3.6160E-013
3408 3.6071E-013
3410 3.6004E-013
3413 3.5877E-013
3416 3.5771E-013
3419 3.5628E-013
3421 3.5564E-013
3424 3.5507E-013
3427 3.5435E-013
3430 3.5350E-013
3432 3.5177E-013
3435 3.5056E-013
3438 3.4982E-013
3441 3.4821E-013
3443 3.4706E-013
3446 3.4561E-013
3449 3.4399E-013
3452 3.4353E-013
3454 3.4211E-013
3457 3.4107E-013
3460 3.4069E-013
3463 3.3992E-013
3465 3.3897E-013
3468 3.3752E-013
3471 3.3714E-013
3474 3.3610E-013
3476 3.3496E-013
3479 3.3429E-013
3482 3.3203E-013
3485 3.2916E-013
3487 3.2786E-013
3490 3.2711E-013
3493 3.2707E-013
3496 3.2727E-013
3498 3.2633E-013
3501 3.2480E-013
3504 3.2241E-013
3507 3.2064E-013
3509 3.1966E-013
3512 3.1852E-013
3515 3.1826E-013
3518 3.1862E-013
3520 3.1906E-013
3523 3.1864E-013
3526 3.1697E-013
3529 3.1585E-013
3531 3.1464E-013
3534 3.1304E-013
3537 3.1202E-013
3540 3.1155E-013
3542 3.1102E-013
3545 3.1093E-013
3548 3.0919E-013
3551 3.0823E-013
3553 3.0809E-013
3556 3.0692E-013
3559 3.0587E-013
3562 3.0450E-013
3564 3.0410E-013
3567 3.0386E-013
3570 3.0261E-013
3573 3.0105E-013
3575 2.9992E-013
3578 2.9909E-013
3581 2.9840E-013
3584 2.9775E-013
3586 2.9634E-013
3589 2.9587E-013
3592 2.9566E-013
3595 2.9471E-013
3597 2.9377E-013
3600 2.9237E-013
3603 2.9158E-013
3606 2.9118E-013
3608 2.9091E-013
3611 2.9027E-013
3614 2.8864E-013
3617 2.8804E-013
3619 2.8778E-013
3622 2.8661E-013
3625 2.8604E-013
3628 2.8551E-013
3630 2.8433E-013
3633 2.8304E-013
3636 2.8213E-013
3639 2.8104E-013
3641 2.8091E-013
3644 2.8068E-013
3647 2.8005E-013
3650 2.7890E-013
3652 2.7757E-013
3655 2.7692E-013
3658 2.7611E-013
3661 2.7531E-013
3663 2.7484E-013
3666 2.7372E-013
3669 2.7303E-013
3671 2.7283E-013
3674 2.7242E-013
3677 2.7178E-013
3680 2.7093E-013
3682 2.6983E-013
3685 2.6879E-013
3688 2.6776E-013
3691 2.6732E-013
3693 2.6672E-013
3696 2.6568E-013
3699 2.6493E-013
3702 2.6429E-013
3704 2.6395E-013
3707 2.6369E-013
3710 2.6333E-013
3713 2.6199E-013
3715 2.6127E-013
3718 2.6064E-013
3721 2.5960E-013
3724 2.5839E-013
3726 2.5774E-013
3729 2.5727E-013
3732 2.5717E-013
3735 2.5653E-013
3737 2.5567E-013
3740 2.5476E-013
3743 2.5441E-013
3746 2.5341E-013
3748 2.5185E-013
3751 2.5146E-013
3754 2.5126E-013
3757 2.5091E-013
3759 2.5014E-013
3762 2.4921E-013
3765 2.4796E-013
3768 2.4709E-013
3770 2.4641E-013
3773 2.4613E-013
3776 2.4617E-013
3779 2.4610E-013
3781 2.4585E-013
3784 2.4517E-013
3787 2.4436E-013
3790 2.4324E-013
3792 2.4097E-013
3795 2.3923E-013
3798 2.3842E-013
3801 2.3844E-013
3803 2.3893E-013
3806 2.3973E-013
3809 2.4066E-013
3812 2.4006E-013
3814 2.3936E-013
3817 2.3840E-013
3820 2.3730E-013
3823 2.3635E-013
3825 2.3451E-013
3828 2.3240E-013
3831 2.2983E-013
3834 2.2665E-013
3836 2.2549E-013
3839 2.2708E-013
3842 2.2896E-013
3845 2.3032E-013
3847 2.3201E-013
3850 2.3271E-013
3853 2.3253E-013
3856 2.3251E-013
3858 2.3215E-013
3861 2.3197E-013
3864 2.3122E-013
3867 2.3038E-013
3869 2.2894E-013
3872 2.2728E-013
3875 2.2510E-013
3878 2.2267E-013
3880 2.1921E-013
3883 2.1476E-013
3886 2.0981E-013
3889 2.0648E-013
3891 2.0722E-013
3894 2.1060E-013
3897 2.1387E-013
3900 2.1670E-013
3902 2.1851E-013
3905 2.1936E-013
3908 2.2021E-013
3911 2.2090E-013
3913 2.2080E-013
3916 2.2092E-013
3919 2.2084E-013
3922 2.2057E-013
3924 2.2032E-013
3927 2.1964E-013
3930 2.1858E-013
3933 2.1709E-013
3935 2.1618E-013
3938 2.1649E-013
3941 2.1602E-013
3944 2.1502E-013
3946 2.1369E-013
3949 2.1209E-013
3952 2.1048E-013
3955 2.0838E-013
3957 2.0532E-013
3960 2.0151E-013
3963 1.9646E-013
3966 1.8958E-013
3968 1.8258E-013
3971 1.8092E-013
3974 1.8555E-013
3977 1.9172E-013
3979 1.9606E-013
3982 1.9893E-013
3985 2.0114E-013
3988 2.0233E-013
3990 2.0313E-013
3993 2.0402E-013
3996 2.0419E-013
3999 2.0403E-013
4001 2.0419E-013
4004 2.0376E-013
4007 2.0328E-013
4010 2.0319E-013
4012 2.0331E-013
4015 2.0288E-013
4018 2.0214E-013
4021 2.0173E-013
4023 2.0151E-013
4026 2.0105E-013
4029 1.9990E-013
4032 1.9915E-013
4034 1.9911E-013
4037 1.9817E-013
4040 1.9727E-013
4043 1.9690E-013
4045 1.9627E-013
4048 1.9593E-013
4051 1.9536E-013
4054 1.9469E-013
4056 1.9399E-013
4059 1.9321E-013
4062 1.9245E-013
4065 1.9203E-013
4067 1.9092E-013
4070 1.9055E-013
4073 1.9007E-013
4076 1.8933E-013
4078 1.8823E-013
4081 1.8700E-013
4084 1.8551E-013
4087 1.8351E-013
4089 1.8080E-013
4092 1.7673E-013
4095 1.7088E-013
4098 1.6330E-013
4100 1.5622E-013
4103 1.5496E-013
4106 1.6024E-013
4109 1.6670E-013
4111 1.7179E-013
4114 1.7546E-013
4117 1.7803E-013
4120 1.7928E-013
4122 1.8019E-013
4125 1.8082E-013
4128 1.8102E-013
4131 1.8118E-013
4133 1.8151E-013
4136 1.8118E-013
4139 1.8069E-013
4142 1.8051E-013
4144 1.8002E-013
4147 1.7938E-013
4150 1.7867E-013
4153 1.7813E-013
4155 1.7774E-013
4158 1.7747E-013
4161 1.7687E-013
4164 1.7630E-013
4166 1.7584E-013
4169 1.7575E-013
4172 1.7538E-013
4175 1.7489E-013
4177 1.7449E-013
4180 1.7385E-013
4183 1.7339E-013
4186 1.7294E-013
4188 1.7247E-013
4191 1.7208E-013
4194 1.7166E-013
4197 1.7082E-013
4199 1.7008E-013
4202 1.6991E-013
4205 1.6998E-013
4208 1.6936E-013
4210 1.6885E-013
4213 1.6830E-013
4216 1.6806E-013
4219 1.6789E-013
4221 1.6743E-013
4224 1.6694E-013
4227 1.6681E-013
4230 1.6624E-013
4232 1.6562E-013
4235 1.6529E-013
4238 1.6505E-013
4241 1.6489E-013
4243 1.6437E-013
4246 1.6385E-013
4249 1.6329E-013
4252 1.6263E-013
4254 1.6215E-013
4257 1.6194E-013
4260 1.6167E-013
4263 1.6123E-013
4265 1.6071E-013
4268 1.6026E-013
4271 1.5998E-013
4274 1.5965E-013
4276 1.5891E-013
4279 1.5833E-013
4282 1.5767E-013
4285 1.5713E-013
4287 1.5683E-013
4290 1.5626E-013
4293 1.5598E-013
4296 1.5570E-013
4298 1.5503E-013
4301 1.5432E-013
4304 1.5412E-013
4307 1.5347E-013
4309 1.5279E-013
4312 1.5208E-013
4315 1.5141E-013
4318 1.5078E-013
4320 1.4971E-013
4323 1.4800E-013
4326 1.4594E-013
4329 1.4322E-013
4331 1.3958E-013
4334 1.3446E-013
4337 1.2704E-013
4340 1.1991E-013
4342 1.1918E-013
4345 1.2598E-013
4348 1.3292E-013
4351 1.3764E-013
4353 1.4051E-013
4356 1.4256E-013
4359 1.4366E-013
4362 1.4431E-013
4364 1.4470E-013
4367 1.4485E-013
4370 1.4452E-013
4373 1.4442E-013
4375 1.4441E-013
4378 1.4450E-013
4381 1.4436E-013
4384 1.4410E-013
4386 1.4366E-013
4389 1.4354E-013
4392 1.4322E-013
4395 1.4281E-013
4397 1.4225E-013
4400 1.4211E-013
4403 1.4201E-013
4406 1.4172E-013
4408 1.4178E-013
4411 1.4146E-013
4414 1.4135E-013
4417 1.4089E-013
4419 1.4040E-013
4422 1.4003E-013
4425 1.3965E-013
4428 1.3949E-013
4430 1.3925E-013
4433 1.3891E-013
4436 1.3855E-013
4439 1.3839E-013
4441 1.3818E-013
4444 1.3760E-013
4447 1.3712E-013
4450 1.3663E-013
4452 1.3640E-013
4455 1.3611E-013
4458 1.3566E-013
4461 1.3533E-013
4463 1.3493E-013
4466 1.3486E-013
4469 1.3467E-013
4472 1.3398E-013
4474 1.3350E-013
4477 1.3331E-013
4480 1.3304E-013
4483 1.3269E-013
4485 1.3225E-013
4488 1.3211E-013
4491 1.3165E-013
4494 1.3101E-013
4496 1.3064E-013
4499 1.3056E-013
4502 1.3035E-013
4505 1.3025E-013
4507 1.2993E-013
4510 1.2970E-013
4513 1.2946E-013
4516 1.2900E-013
4518 1.2866E-013
4521 1.2857E-013
4524 1.2835E-013
4527 1.2811E-013
4529 1.2759E-013
4532 1.2723E-013
4535 1.2707E-013
4538 1.2675E-013
4540 1.2644E-013
4543 1.2597E-013
4546 1.2572E-013
4549 1.2547E-013
4551 1.2532E-013
4554 1.2508E-013
4557 1.2477E-013
4560 1.2475E-013
4562 1.2435E-013
4565 1.2395E-013
4568 1.2392E-013
4571 1.2364E-013
4573 1.2343E-013
4576 1.2327E-013
4579 1.2300E-013
4582 1.2248E-013
4584 1.2211E-013
4587 1.2188E-013
4590 1.2149E-013
4593 1.2131E-013
4595 1.2092E-013
4598 1.2056E-013
4601 1.2019E-013
4604 1.2006E-013
4606 1.1960E-013
4609 1.1898E-013
4612 1.1863E-013
4615 1.1883E-013
4617 1.1885E-013
4620 1.1879E-013
4623 1.1865E-013
4625 1.1819E-013
4628 1.1785E-013
4631 1.1764E-013
4634 1.1723E-013
4636 1.1707E-013
4639 1.1695E-013
4642 1.1682E-013
4645 1.1593E-013
4647 1.1546E-013
4650 1.1547E-013
4653 1.1503E-013
4656 1.1480E-013
4658 1.1453E-013
4661 1.1418E-013
4664 1.1405E-013
4667 1.1390E-013
4669 1.1356E-013
4672 1.1340E-013
4675 1.1309E-013
4678 1.1263E-013
4680 1.1165E-013
4683 1.0966E-013
4686 1.0700E-013
4689 1.0793E-013
4691 1.1023E-013
4694 1.1125E-013
4697 1.1120E-013
4700 1.1095E-013
4702 1.1075E-013
4705 1.1046E-013
4708 1.1026E-013
4711 1.1000E-013
4713 1.0959E-013
4716 1.0920E-013
4719 1.0891E-013
4722 1.0872E-013
4724 1.0821E-013
4727 1.0800E-013
4730 1.0793E-013
4733 1.0792E-013
4735 1.0778E-013
4738 1.0744E-013
4741 1.0725E-013
4744 1.0693E-013
4746 1.0666E-013
4749 1.0632E-013
4752 1.0613E-013
4755 1.0583E-013
4757 1.0560E-013
4760 1.0521E-013
4763 1.0486E-013
4766 1.0465E-013
4768 1.0433E-013
4771 1.0393E-013
4774 1.0374E-013
4777 1.0354E-013
4779 1.0328E-013
4782 1.0320E-013
4785 1.0315E-013
4788 1.0266E-013
4790 1.0211E-013
4793 1.0183E-013
4796 1.0158E-013
4799 1.0133E-013
4801 1.0089E-013
4804 1.0063E-013
4807 1.0040E-013
4810 1.0007E-013
4812 9.9941E-014
4815 9.9843E-014
4818 9.9532E-014
4821 9.9337E-014
4823 9.9218E-014
4826 9.9238E-014
4829 9.8850E-014
4832 9.8295E-014
4834 9.7742E-014
4837 9.7124E-014
4840 9.6670E-014
4843 9.6131E-014
4845 9.5190E-014
4848 9.3616E-014
4851 9.1648E-014
4854 8.8907E-014
4856 8.4554E-014
4859 7.8732E-014
4862 7.5481E-014
4865 7.8039E-014
4867 8.2914E-014
4870 8.6969E-014
4873 8.9607E-014
4876 9.1071E-014
4878 9.2115E-014
4881 9.2927E-014
4884 9.3365E-014
4886 9.3551E-014
4889 9.3623E-014
4892 9.3593E-014
4895 9.3524E-014
4897 9.3497E-014
4900 9.3424E-014
4903 9.3336E-014
4906 9.2952E-014
4908 9.2709E-014
4911 9.2637E-014
4914 9.2789E-014
4917 9.2737E-014
4919 9.2374E-014
4922 9.2404E-014
4925 9.2364E-014
4928 9.2134E-014
4930 9.1954E-014
4933 9.1914E-014
4936 9.1824E-014
4939 9.1512E-014
4941 9.1302E-014
4944 9.0955E-014
4947 9.0935E-014
4950 9.0796E-014
4952 9.0516E-014
4955 9.0304E-014
4958 9.0254E-014
4961 8.9968E-014
4963 8.9870E-014
4966 8.9992E-014
4969 8.9712E-014
4972 8.9587E-014
4974 8.9423E-014
4977 8.8951E-014
4980 8.8631E-014
4983 8.8507E-014
4985 8.8617E-014
4988 8.8382E-014
4991 8.8180E-014
4994 8.8050E-014
4996 8.7930E-014
4999 8.7679E-014
5002 8.7443E-014
5005 8.7345E-014
5007 8.7220E-014
5010 8.6999E-014
5013 8.6768E-014
5016 8.6643E-014
5018 8.6319E-014
5021 8.6326E-014
5024 8.6168E-014
5027 8.5802E-014
5029 8.5805E-014
5032 8.5544E-014
5035 8.5403E-014
5038 8.5283E-014
5040 8.4906E-014
5043 8.4771E-014
5046 8.4672E-014
5048 8.4342E-014
5051 8.4167E-014
5054 8.4083E-014
5057 8.3919E-014
5059 8.3519E-014
5062 8.3203E-014
5065 8.3330E-014
5068 8.3398E-014
5070 8.3241E-014
5073 8.3003E-014
5076 8.2851E-014
5079 8.2551E-014
5081 8.2392E-014
5084 8.2118E-014
5087 8.1902E-014
5090 8.1868E-014
5092 8.1685E-014
5095 8.1453E-014
5098 8.1229E-014
5101 8.0921E-014
5103 8.0692E-014
5106 8.0598E-014
5109 8.0574E-014
5112 8.0572E-014
5114 8.0414E-014
5117 8.0036E-014
5120 7.9788E-014
5123 7.9570E-014
5125 7.9556E-014
5128 7.9652E-014
5131 7.9467E-014
5134 7.9294E-014
5136 7.9029E-014
5139 7.8810E-014
5142 7.8603E-014
5145 7.8345E-014
5147 7.8331E-014
5150 7.8165E-014
5153 7.7880E-014
5156 7.7791E-014
5158 7.7498E-014
5161 7.7307E-014
5164 7.7077E-014
5167 7.6879E-014
5169 7.6932E-014
5172 7.6725E-014
5175 7.6589E-014
5177 7.6413E-014
5180 7.6155E-014
5183 7.6020E-014
5186 7.6007E-014
5188 7.5862E-014
5191 7.5752E-014
5194 7.5600E-014
5197 7.5410E-014
5199 7.5382E-014
5202 7.5284E-014
5205 7.5172E-014
5208 7.4958E-014
5210 7.4903E-014
5213 7.4761E-014
5216 7.4358E-014
5219 7.4140E-014
5221 7.4146E-014
5224 7.4029E-014
5227 7.3748E-014
5230 7.3672E-014
5232 7.3576E-014
5235 7.3390E-014
5238 7.3183E-014
5241 7.3168E-014
5243 7.3109E-014
5246 7.2788E-014
5249 7.2559E-014
5252 7.2398E-014
5254 7.2231E-014
5257 7.2222E-014
5260 7.2180E-014
5263 7.2049E-014
5265 7.1744E-014
5268 7.1583E-014
5271 7.1521E-014
5273 7.1390E-014
5276 7.1165E-014
5279 7.1073E-014
5282 7.0981E-014
5284 7.0988E-014
5287 7.0921E-014
5290 7.0666E-014
5293 7.0462E-014
5295 7.0297E-014
5298 7.0306E-014
5301 7.0158E-014
5304 6.9821E-014
5306 6.9664E-014
5309 6.9512E-014
5312 6.9292E-014
5315 6.9133E-014
5317 6.9074E-014
5320 6.9018E-014
5323 6.8811E-014
5326 6.8517E-014
5328 6.8326E-014
5331 6.8283E-014
5334 6.8296E-014
5337 6.8114E-014
5339 6.8063E-014
5342 6.7914E-014
5345 6.7688E-014
5348 6.7552E-014
5350 6.7408E-014
5353 6.7343E-014
5356 6.7145E-014
5359 6.7056E-014
5361 6.7047E-014
5364 6.6984E-014
5367 6.6990E-014
5369 6.6720E-014
5372 6.6422E-014
5375 6.6381E-014
5378 6.6278E-014
5380 6.6119E-014
5383 6.5962E-014
5386 6.5723E-014
5389 6.5685E-014
5391 6.5642E-014
5394 6.5537E-014
5397 6.5337E-014
5400 6.5075E-014
5402 6.4904E-014
5405 6.4728E-014
5408 6.4393E-014
5411 6.4199E-014
5413 6.4122E-014
5416 6.4113E-014
5419 6.4122E-014
5422 6.3929E-014
5424 6.3988E-014
5427 6.4003E-014
5430 6.3870E-014
5433 6.3854E-014
5435 6.3629E-014
5438 6.3439E-014
5441 6.3302E-014
5443 6.3257E-014
5446 6.3116E-014
5449 6.2823E-014
5451 6.2625E-014
5456 6.2368E-014
5461 6.2220E-014
5466 6.1953E-014
5471 6.1855E-014
5475 6.1738E-014
5480 6.1391E-014
5485 6.1223E-014
5490 6.1079E-014
5495 6.0821E-014
5500 6.0712E-014
5505 6.0403E-014
5510 6.0123E-014
5514 5.9926E-014
5519 5.9846E-014
5524 5.9723E-014
5529 5.9556E-014
5534 5.9187E-014
5539 5.8849E-014
5544 5.8714E-014
5549 5.8560E-014
5553 5.8283E-014
5558 5.8111E-014
5563 5.7876E-014
5568 5.7779E-014
5573 5.7560E-014
5578 5.7330E-014
5583 5.7248E-014
5587 5.7069E-014
5592 5.6736E-014
5597 5.6531E-014
5602 5.6386E-014
5607 5.6144E-014
5612 5.6048E-014
5617 5.5749E-014
5622 5.5662E-014
5626 5.5510E-014
5631 5.5228E-014
5636 5.5060E-014
5641 5.4867E-014
5646 5.4660E-014
5651 5.4514E-014
5656 5.4350E-014
5661 5.4167E-014
5665 5.3941E-014
5670 5.3743E-014
5675 5.3660E-014
5680 5.3488E-014
5685 5.3248E-014
5690 5.3126E-014
5695 5.2885E-014
5700 5.2701E-014
5704 5.2466E-014
5709 5.2200E-014
5714 5.2057E-014
5719 5.1958E-014
5724 5.1836E-014
5729 5.1682E-014
5734 5.1519E-014
5739 5.1415E-014
5743 5.1244E-014
5748 5.1038E-014
5753 5.0765E-014
5758 5.0482E-014
5763 5.0431E-014
5768 5.0327E-014
5773 5.0199E-014
5778 5.0111E-014
5782 4.9962E-014
5787 4.9818E-014
5792 4.9681E-014
5797 4.9475E-014
5802 4.9232E-014
5807 4.9081E-014
5812 4.8965E-014
5817 4.8841E-014
5821 4.8581E-014
5826 4.8448E-014
5831 4.8238E-014
5836 4.8083E-014
5841 4.7866E-014
5846 4.7800E-014
5851 4.7719E-014
5856 4.7620E-014
5860 4.7407E-014
5865 4.7248E-014
5870 4.7125E-014
5875 4.6943E-014
5880 4.6866E-014
5885 4.6566E-014
5890 4.6108E-014
5895 4.5869E-014
5899 4.5849E-014
5904 4.5892E-014
5909 4.5883E-014
5914 4.5761E-014
5919 4.5563E-014
5924 4.5410E-014
5929 4.5271E-014
5934 4.5220E-014
5938 4.5109E-014
5943 4.4916E-014
5948 4.4753E-014
5953 4.4675E-014
5958 4.4505E-014
5963 4.4280E-014
5968 4.4207E-014
5973 4.4084E-014
5977 4.3965E-014
5982 4.3743E-014
5987 4.3560E-014
5992 4.3395E-014
5997 4.3333E-014
6002 4.3128E-014
6007 4.2933E-014
6012 4.2890E-014
6016 4.2819E-014
6021 4.2709E-014
6026 4.2567E-014
6031 4.2438E-014
6036 4.2303E-014
6041 4.2192E-014
6046 4.2080E-014
6051 4.1938E-014
6055 4.1760E-014
6060 4.1635E-014
6065 4.1525E-014
6070 4.1390E-014
6075 4.1252E-014
6080 4.1199E-014
6085 4.1002E-014
6090 4.0752E-014
6095 4.0675E-014
6099 4.0532E-014
6104 4.0570E-014
6109 4.0440E-014
6114 4.0204E-014
6119 4.0054E-014
6124 3.9937E-014
6129 3.9891E-014
6134 3.9880E-014
6138 3.9795E-014
6143 3.9593E-014
6148 3.9440E-014
6153 3.9307E-014
6158 3.9188E-014
6163 3.9078E-014
6168 3.8993E-014
6173 3.8905E-014
6177 3.8756E-014
6182 3.8565E-014
6187 3.8523E-014
6192 3.8404E-014
6197 3.8302E-014
6202 3.8265E-014
6207 3.8118E-014
6212 3.7902E-014
6216 3.7683E-014
6221 3.7543E-014
6226 3.7508E-014
6231 3.7494E-014
6236 3.7300E-014
6241 3.7112E-014
6246 3.7067E-014
6251 3.6929E-014
6255 3.6832E-014
6260 3.6718E-014
6265 3.6528E-014
6270 3.6505E-014
6275 3.6430E-014
6280 3.6388E-014
6285 3.6359E-014
6290 3.6250E-014
6295 3.6145E-014
6299 3.6010E-014
6304 3.5760E-014
6309 3.5602E-014
6314 3.5432E-014
6319 3.5172E-014
6324 3.4965E-014
6329 3.4831E-014
6334 3.4643E-014
6338 3.4603E-014
6343 3.4653E-014
6348 3.4667E-014
6353 3.4634E-014
6358 3.4619E-014
6363 3.4506E-014
6368 3.4347E-014
6373 3.4294E-014
6377 3.4217E-014
6382 3.4109E-014
6387 3.4034E-014
6392 3.3897E-014
6397 3.3760E-014
6402 3.3660E-014
6407 3.3508E-014
6412 3.3433E-014
6417 3.3343E-014
6421 3.3279E-014
6426 3.3186E-014
6431 3.3058E-014
6436 3.2930E-014
6441 3.2775E-014
6446 3.2650E-014
6451 3.2609E-014
6456 3.2549E-014
6460 3.2392E-014
6465 3.2267E-014
6470 3.2175E-014
6475 3.2019E-014
6480 3.1891E-014
6485 3.1854E-014
6490 3.1828E-014
6495 3.1781E-014
6499 3.1753E-014
6504 3.1588E-014
6509 3.1447E-014
6514 3.1293E-014
6519 3.1144E-014
6524 3.0979E-014
6529 3.0870E-014
6534 3.0679E-014
6539 3.0447E-014
6543 3.0017E-014
6548 2.9196E-014
6553 2.8011E-014
6558 2.6569E-014
6563 2.5629E-014
6568 2.6100E-014
6573 2.7393E-014
6578 2.8413E-014
6582 2.9091E-014
6587 2.9503E-014
6592 2.9603E-014
6597 2.9700E-014
6602 2.9745E-014
6607 2.9724E-014
6612 2.9579E-014
6617 2.9442E-014
6621 2.9465E-014
6626 2.9401E-014
6631 2.9309E-014
6636 2.9221E-014
6641 2.9136E-014
6646 2.9051E-014
6651 2.8989E-014
6656 2.8917E-014
6661 2.8837E-014
6665 2.8751E-014
6670 2.8703E-014
6675 2.8644E-014
6680 2.8585E-014
6685 2.8508E-014
6690 2.8408E-014
6695 2.8311E-014
6700 2.8269E-014
6704 2.8160E-014
6709 2.8045E-014
6714 2.8013E-014
6719 2.7939E-014
6724 2.7801E-014
6729 2.7683E-014
6734 2.7622E-014
6739 2.7596E-014
6744 2.7553E-014
6748 2.7485E-014
6753 2.7409E-014
6758 2.7337E-014
6763 2.7225E-014
6768 2.7155E-014
6773 2.7127E-014
6778 2.7042E-014
6783 2.6897E-014
6787 2.6852E-014
6792 2.6787E-014
6797 2.6706E-014
6802 2.6622E-014
6807 2.6533E-014
6812 2.6529E-014
6817 2.6433E-014
6822 2.6354E-014
6827 2.6290E-014
6831 2.6197E-014
6836 2.6077E-014
6841 2.6024E-014
6846 2.5964E-014
6851 2.5898E-014
6856 2.5824E-014
6861 2.5678E-014
6866 2.5602E-014
6870 2.5552E-014
6875 2.5531E-014
6880 2.5494E-014
6885 2.5432E-014
6890 2.5397E-014
6895 2.5313E-014
6900 2.5209E-014
6905 2.5146E-014
6910 2.5115E-014
6914 2.5045E-014
6919 2.4941E-014
6924 2.4877E-014
6929 2.4848E-014
6934 2.4788E-014
6939 2.4668E-014
6944 2.4582E-014
6949 2.4489E-014
6953 2.4404E-014
6958 2.4339E-014
6963 2.4293E-014
6968 2.4246E-014
6973 2.4163E-014
6978 2.4108E-014
6983 2.4090E-014
6988 2.4035E-014
6993 2.3958E-014
6997 2.3898E-014
7002 2.3801E-014
7007 2.3685E-014
7012 2.3603E-014
7017 2.3575E-014
7022 2.3537E-014
7027 2.3476E-014
7032 2.3403E-014
7036 2.3354E-014
7041 2.3322E-014
7046 2.3269E-014
7051 2.3172E-014
7056 2.3104E-014
7061 2.3066E-014
7066 2.3006E-014
7071 2.2888E-014
7076 2.2805E-014
7080 2.2772E-014
7085 2.2692E-014
7090 2.2650E-014
7095 2.2600E-014
7100 2.2536E-014
7105 2.2516E-014
7110 2.2414E-014
7115 2.2401E-014
7119 2.2313E-014
7124 2.2259E-014
7129 2.2215E-014
7134 2.2117E-014
7139 2.2087E-014
7144 2.2033E-014
7149 2.1935E-014
7154 2.1926E-014
7159 2.1861E-014
7163 2.1785E-014
7168 2.1741E-014
7173 2.1692E-014
7178 2.1635E-014
7183 2.1572E-014
7188 2.1501E-014
7193 2.1443E-014
7198 2.1378E-014
7203 2.1347E-014
7207 2.1330E-014
7212 2.1298E-014
7217 2.1204E-014
7222 2.1134E-014
7227 2.1088E-014
7232 2.1033E-014
7237 2.0995E-014
7242 2.0957E-014
7246 2.0903E-014
7251 2.0811E-014
7256 2.0746E-014
7261 2.0679E-014
7266 2.0634E-014
7271 2.0588E-014
7276 2.0505E-014
7281 2.0483E-014
7286 2.0437E-014
7290 2.0348E-014
7295 2.0306E-014
7300 2.0224E-014
7305 2.0199E-014
7310 2.0146E-014
7315 2.0090E-014
7320 2.0081E-014
7325 2.0025E-014
7330 1.9930E-014
7334 1.9886E-014
7339 1.9825E-014
7344 1.9760E-014
7349 1.9741E-014
7354 1.9666E-014
7359 1.9622E-014
7364 1.9560E-014
7369 1.9537E-014
7373 1.9499E-014
7378 1.9480E-014
7383 1.9406E-014
7388 1.9278E-014
7393 1.9278E-014
7398 1.9260E-014
7403 1.9157E-014
7408 1.9082E-014
7413 1.9026E-014
7417 1.9003E-014
7422 1.8992E-014
7427 1.8981E-014
7432 1.8943E-014
7437 1.8853E-014
7442 1.8774E-014
7447 1.8744E-014
7452 1.8700E-014
7457 1.8646E-014
7461 1.8597E-014
7466 1.8516E-014
7471 1.8503E-014
7476 1.8454E-014
7481 1.8386E-014
7486 1.8299E-014
7491 1.8262E-014
7496 1.8216E-014
7500 1.8171E-014
7505 1.8160E-014
7510 1.8129E-014
7515 1.8106E-014
7520 1.8086E-014
7525 1.8030E-014
7530 1.7955E-014
7535 1.7909E-014
7540 1.7872E-014
7544 1.7835E-014
7549 1.7760E-014
7554 1.7708E-014
7559 1.7692E-014
7564 1.7665E-014
7569 1.7598E-014
7574 1.7541E-014
7579 1.7529E-014
7584 1.7466E-014
7588 1.7422E-014
7593 1.7399E-014
7598 1.7367E-014
7603 1.7347E-014
7608 1.7344E-014
7613 1.7325E-014
7618 1.7260E-014
7623 1.7170E-014
7627 1.7079E-014
7632 1.6989E-014
7637 1.6964E-014
7642 1.6936E-014
7647 1.6926E-014
7652 1.6900E-014
7657 1.6836E-014
7662 1.6768E-014
7667 1.6728E-014
7671 1.6729E-014
7676 1.6695E-014
7681 1.6652E-014
7686 1.6594E-014
7691 1.6530E-014
7696 1.6474E-014
7701 1.6444E-014
7706 1.6430E-014
7711 1.6364E-014
7715 1.6349E-014
7720 1.6359E-014
7725 1.6279E-014
7730 1.6251E-014
7735 1.6221E-014
7740 1.6131E-014
7745 1.6098E-014
7750 1.6026E-014
7754 1.6020E-014
7759 1.6020E-014
7764 1.5967E-014
7769 1.5922E-014
7774 1.5863E-014
7779 1.5811E-014
7784 1.5782E-014
7789 1.5731E-014
7794 1.5646E-014
7798 1.5641E-014
7803 1.5639E-014
7808 1.5606E-014
7813 1.5537E-014
7818 1.5531E-014
7823 1.5506E-014
7828 1.5473E-014
7833 1.5406E-014
7838 1.5349E-014
7842 1.5311E-014
7847 1.5206E-014
7852 1.5231E-014
7857 1.5225E-014
7862 1.5207E-014
7867 1.5194E-014
7872 1.5119E-014
7877 1.5029E-014
7881 1.4988E-014
7886 1.4947E-014
7891 1.4937E-014
7896 1.4957E-014
7901 1.4938E-014
7906 1.4907E-014
7911 1.4829E-014
7916 1.4758E-014
7921 1.4699E-014
7925 1.4678E-014
7930 1.4686E-014
7935 1.4652E-014
7940 1.4592E-014
7945 1.4580E-014
7950 1.4547E-014
7955 1.4512E-014
7960 1.4463E-014
7965 1.4415E-014
7969 1.4392E-014
7974 1.4406E-014
7979 1.4415E-014
7984 1.4354E-014
7989 1.4260E-014
7994 1.4219E-014
7999 1.4219E-014
8004 1.4164E-014
8008 1.4152E-014
8013 1.4148E-014
8018 1.4147E-014
8023 1.4104E-014
8028 1.4105E-014
8033 1.4024E-014
8038 1.3898E-014
8043 1.3841E-014
8048 1.3854E-014
8052 1.3827E-014
8057 1.3748E-014
8062 1.3739E-014
8067 1.3770E-014
8072 1.3761E-014
8077 1.3720E-014
8082 1.3618E-014
8087 1.3551E-014
8092 1.3530E-014
8096 1.3504E-014
8101 1.3435E-014
8106 1.3413E-014
8111 1.3409E-014
8116 1.3372E-014
8121 1.3333E-014
8126 1.3319E-014
8131 1.3329E-014
8135 1.3315E-014
8140 1.3240E-014
8145 1.3239E-014
8150 1.3247E-014
8155 1.3219E-014
8160 1.3168E-014
8165 1.3134E-014
8170 1.3104E-014
8175 1.3011E-014
8179 1.2972E-014
8184 1.2908E-014
8189 1.2901E-014
8194 1.2879E-014
8199 1.2873E-014
8204 1.2863E-014
8209 1.2848E-014
8214 1.2822E-014
8219 1.2796E-014
8223 1.2765E-014
8228 1.2735E-014
8233 1.2633E-014
8238 1.2609E-014
8243 1.2614E-014
8248 1.2602E-014
8253 1.2568E-014
8258 1.2528E-014
8262 1.2450E-014
8267 1.2421E-014
8272 1.2443E-014
8277 1.2466E-014
8282 1.2424E-014
8287 1.2367E-014
8292 1.2319E-014
8297 1.2251E-014
8302 1.2178E-014
8306 1.2170E-014
8311 1.2230E-014
8316 1.2184E-014
8321 1.2169E-014
8326 1.2155E-014
8331 1.2095E-014
8336 1.2089E-014
8341 1.2021E-014
8346 1.1979E-014
8350 1.1996E-014
8355 1.1931E-014
8360 1.1903E-014
8365 1.1883E-014
8370 1.1825E-014
8375 1.1843E-014
8380 1.1848E-014
8385 1.1847E-014
8389 1.1819E-014
8394 1.1767E-014
8399 1.1762E-014
8404 1.1680E-014
8409 1.1664E-014
8414 1.1641E-014
8419 1.1617E-014
8424 1.1643E-014
8429 1.1581E-014
8433 1.1541E-014
8438 1.1509E-014
8443 1.1397E-014
8448 1.1351E-014
8453 1.1333E-014
8458 1.1393E-014
8463 1.1370E-014
8468 1.1369E-014
8473 1.1331E-014
8477 1.1302E-014
8482 1.1323E-014
8487 1.1307E-014
8492 1.1242E-014
8497 1.1254E-014
8502 1.1184E-014
8507 1.1137E-014
8512 1.1094E-014
8516 1.1048E-014
8521 1.0998E-014
8526 1.0999E-014
8531 1.0999E-014
8536 1.0979E-014
8541 1.0970E-014
8546 1.0945E-014
8551 1.0926E-014
8556 1.0929E-014
8560 1.0918E-014
8565 1.0923E-014
8570 1.0920E-014
8575 1.0901E-014
8580 1.0830E-014
8585 1.0721E-014
8590 1.0642E-014
8595 1.0630E-014
8599 1.0626E-014
8604 1.0616E-014
8609 1.0610E-014
8614 1.0551E-014
8619 1.0625E-014
8624 1.0588E-014
8629 1.0519E-014
8634 1.0519E-014
8639 1.0442E-014
8643 1.0431E-014
8648 1.0425E-014
8653 1.0393E-014
8658 1.0387E-014
8663 1.0367E-014
8668 1.0332E-014
8673 1.0331E-014
8678 1.0276E-014
8683 1.0277E-014
8687 1.0289E-014
8692 1.0267E-014
8697 1.0265E-014
8702 1.0272E-014
8707 1.0234E-014
8712 1.0172E-014
8717 1.0124E-014
8722 1.0111E-014
8726 1.0067E-014
8731 1.0070E-014
8736 1.0066E-014
8741 1.0030E-014
8746 9.9816E-015
8751 1.0003E-014
8756 1.0011E-014
8761 1.0021E-014
8766 1.0007E-014
8770 9.9479E-015
8775 9.9016E-015
8780 9.8884E-015
8785 9.8075E-015
8790 9.7747E-015
8795 9.8178E-015
8800 9.7760E-015
8805 9.7735E-015
8809 9.7617E-015
8814 9.7325E-015
8819 9.6761E-015
8824 9.6622E-015
8829 9.6169E-015
8834 9.6193E-015
8839 9.6510E-015
8844 9.6454E-015
8849 9.6000E-015
8853 9.5481E-015
8858 9.4936E-015
8863 9.4615E-015
8868 9.4449E-015
8873 9.4515E-015
8878 9.4770E-015
8883 9.4497E-015
8888 9.4151E-015
8892 9.3906E-015
8897 9.3664E-015
8902 9.3295E-015
8907 9.3200E-015
8912 9.3287E-015
8917 9.3317E-015
8922 9.3007E-015
8927 9.2860E-015
8932 9.2747E-015
8936 9.1989E-015
8941 9.1450E-015
8946 9.1325E-015
8951 9.1358E-015
8956 9.1838E-015
8961 9.1535E-015
8966 9.1216E-015
8971 9.0943E-015
8975 9.0142E-015
8980 9.0004E-015
8985 9.0275E-015
8990 9.0124E-015
8995 9.0055E-015
9000 8.9388E-015
9005 8.8690E-015
9010 8.8100E-015
9015 8.8255E-015
9019 8.9021E-015
9024 8.8838E-015
9029 8.8433E-015
9034 8.8239E-015
9039 8.8257E-015
9044 8.7770E-015
9049 8.7617E-015
9054 8.7392E-015
9058 8.7227E-015
9063 8.7319E-015
9068 8.7147E-015
9073 8.7453E-015
9078 8.8027E-015
9083 8.7155E-015
9088 8.6442E-015
9093 8.5864E-015
9097 8.5944E-015
9102 8.6210E-015
9107 8.6423E-015
9112 8.6334E-015
9117 8.6000E-015
9122 8.5410E-015
9127 8.5130E-015
9132 8.4699E-015
9137 8.4429E-015
9141 8.4577E-015
9146 8.4587E-015
9151 8.4243E-015
9156 8.4405E-015
9161 8.4152E-015
9166 8.3540E-015
9171 8.2773E-015
9176 8.2423E-015
9180 8.2602E-015
9185 8.2806E-015
9190 8.3027E-015
9195 8.2937E-015
9200 8.2581E-015
9205 8.1680E-015
9210 8.1269E-015
9215 8.0606E-015
9220 8.0479E-015
9224 8.0374E-015
9229 8.0201E-015
9234 8.0395E-015
9239 8.0139E-015
9244 7.9688E-015
9249 7.9398E-015
9254 7.9402E-015
9259 8.0231E-015
9263 8.0048E-015
9268 8.0082E-015
9273 7.9913E-015
9278 7.9108E-015
9283 7.8829E-015
9288 7.9245E-015
9293 7.9570E-015
9298 7.9714E-015
9302 8.0022E-015
9307 7.9501E-015
9312 7.8909E-015
9317 7.7613E-015
9322 7.7490E-015
9327 7.7768E-015
9332 7.7898E-015
9337 7.7528E-015
9342 7.7374E-015
9346 7.7331E-015
9351 7.6809E-015
9356 7.6718E-015
9361 7.7036E-015
9366 7.6786E-015
9371 7.6645E-015
9376 7.6822E-015
9381 7.6453E-015
9385 7.6367E-015
9390 7.6322E-015
9395 7.5707E-015
9400 7.5491E-015
9405 7.5352E-015
9410 7.5333E-015
9415 7.5068E-015
9420 7.4103E-015
9424 7.3983E-015
9429 7.4634E-015
9434 7.4936E-015
9439 7.4985E-015
9444 7.4826E-015
9449 7.4373E-015
9454 7.4043E-015
9459 7.4006E-015
9463 7.3666E-015
9468 7.3499E-015
9473 7.3403E-015
9478 7.3310E-015
9483 7.2936E-015
9488 7.2461E-015
9493 7.2012E-015
9498 7.2192E-015
9503 7.2232E-015
9507 7.1967E-015
9512 7.1805E-015
9517 7.1302E-015
9522 7.1062E-015
9527 7.0364E-015
9532 7.0129E-015
9537 6.9644E-015
9542 6.9488E-015
9546 6.9494E-015
9551 6.9051E-015
9556 6.9311E-015
9561 6.9177E-015
9566 6.9307E-015
9571 6.9216E-015
9576 6.8991E-015
9581 6.8819E-015
9585 6.8306E-015
9590 6.8708E-015
9595 6.9415E-015
9600 6.9556E-015
9605 6.9617E-015
9610 6.9195E-015
9615 6.9042E-015
9620 6.9060E-015
9624 6.9139E-015
9629 6.8529E-015
9634 6.8141E-015
9639 6.8178E-015
9644 6.7602E-015
9649 6.7658E-015
9654 6.7479E-015
9659 6.7380E-015
9663 6.7922E-015
9668 6.7938E-015
9673 6.7587E-015
9678 6.7371E-015
9683 6.7332E-015
9688 6.7181E-015
9693 6.7651E-015
9698 6.7853E-015
9703 6.7461E-015
9707 6.7147E-015
9712 6.6074E-015
9717 6.5796E-015
9722 6.5695E-015
9727 6.5923E-015
9732 6.6020E-015
9737 6.5979E-015
9742 6.5518E-015
9746 6.5526E-015
9751 6.5342E-015
9756 6.5275E-015
9761 6.5244E-015
9766 6.5524E-015
9771 6.5274E-015
9776 6.5287E-015
9781 6.5031E-015
9785 6.4617E-015
9790 6.4215E-015
9795 6.4026E-015
9800 6.4274E-015
9805 6.4084E-015
9810 6.3638E-015
9815 6.3687E-015
9820 6.3557E-015
9824 6.2908E-015
9829 6.2768E-015
9834 6.2716E-015
9839 6.2686E-015
9844 6.2943E-015
9849 6.2769E-015
9854 6.2615E-015
9859 6.3024E-015
9863 6.3154E-015
9868 6.2897E-015
9873 6.2079E-015
9878 6.2388E-015
9883 6.2686E-015
9888 6.2327E-015
9893 6.2107E-015
9898 6.1803E-015
9902 6.1624E-015
9907 6.1072E-015
9912 6.0835E-015
9917 6.0255E-015
9922 6.0342E-015
9927 6.0706E-015
9932 6.0124E-015
9937 6.0099E-015
9941 6.0174E-015
9946 6.0464E-015
9951 6.0543E-015
9956 6.0318E-015
9961 6.0288E-015
9966 6.0031E-015
9971 5.9353E-015
9976 5.9859E-015
9980 5.9698E-015
9985 5.9325E-015
9990 5.8979E-015
9995 5.8405E-015
1E+004 5.8500E-015
1E+004 5.8962E-015
1.001E+004 5.8386E-015
1.001E+004 5.7806E-015
1.002E+004 5.8255E-015
1.002E+004 5.7422E-015
1.003E+004 5.6572E-015
1.003E+004 5.6696E-015
1.004E+004 5.6309E-015
1.004E+004 5.6101E-015
1.005E+004 5.7389E-015
1.005E+004 5.5671E-015
1.006E+004 5.5096E-015
1.006E+004 5.5444E-015
1.007E+004 5.5998E-015
1.007E+004 5.6746E-015
1.008E+004 5.6364E-015
1.008E+004 5.6307E-015
1.009E+004 5.5957E-015
1.009E+004 5.6160E-015
1.01E+004 5.6041E-015
1.01E+004 5.5712E-015
1.011E+004 5.5675E-015
1.011E+004 5.5876E-015
1.012E+004 5.5208E-015
1.012E+004 5.4931E-015
1.013E+004 5.5021E-015
1.013E+004 5.5424E-015
1.014E+004 5.5919E-015
1.014E+004 5.5536E-015
1.015E+004 5.5753E-015
1.015E+004 5.5356E-015
1.016E+004 5.4790E-015
1.016E+004 5.4875E-015
1.017E+004 5.4299E-015
1.017E+004 5.4995E-015
1.018E+004 5.5294E-015
1.018E+004 5.4664E-015
1.019E+004 5.4127E-015
1.02E+004 5.4763E-015
1.023E+004 5.4054E-015
1.025E+004 5.3531E-015
1.028E+004 5.3127E-015
1.031E+004 5.2100E-015
1.034E+004 5.1228E-015
1.037E+004 5.0941E-015
1.039E+004 5.0639E-015
1.042E+004 5.0129E-015
1.045E+004 4.9344E-015
1.048E+004 4.8791E-015
1.051E+004 4.8613E-015
1.054E+004 4.8347E-015
1.056E+004 4.8096E-015
1.059E+004 4.7542E-015
1.062E+004 4.7407E-015
1.065E+004 4.6716E-015
1.068E+004 4.5571E-015
1.07E+004 4.5353E-015
1.073E+004 4.4957E-015
1.076E+004 4.4685E-015
1.079E+004 4.4271E-015
1.082E+004 4.3723E-015
1.084E+004 4.3365E-015
1.087E+004 4.2211E-015
1.09E+004 4.1199E-015
1.093E+004 4.0758E-015
1.096E+004 4.0324E-015
1.099E+004 4.0248E-015
1.101E+004 4.0012E-015
1.104E+004 3.9955E-015
1.107E+004 4.0285E-015
1.11E+004 3.9635E-015
1.113E+004 3.9094E-015
1.115E+004 3.8807E-015
1.118E+004 3.8547E-015
1.121E+004 3.8590E-015
1.124E+004 3.7962E-015
1.127E+004 3.7133E-015
1.129E+004 3.6472E-015
1.132E+004 3.6162E-015
1.135E+004 3.6087E-015
1.138E+004 3.5601E-015
1.141E+004 3.5049E-015
1.144E+004 3.4527E-015
1.146E+004 3.4183E-015
1.149E+004 3.3756E-015
1.152E+004 3.3438E-015
1.155E+004 3.3349E-015
1.158E+004 3.3253E-015
1.16E+004 3.2815E-015
1.163E+004 3.2124E-015
1.166E+004 3.1962E-015
1.169E+004 3.1709E-015
1.169E+004 3.2238E-015
1.173E+004 3.1585E-015
1.177E+004 3.1149E-015
1.181E+004 3.0795E-015
1.185E+004 3.0337E-015
1.189E+004 2.9807E-015
1.193E+004 2.9367E-015
1.197E+004 2.8942E-015
1.201E+004 2.8459E-015
1.205E+004 2.8045E-015
1.209E+004 2.7662E-015
1.213E+004 2.7629E-015
1.217E+004 2.7637E-015
1.221E+004 2.7157E-015
1.225E+004 2.6533E-015
1.229E+004 2.5937E-015
1.233E+004 2.5568E-015
1.237E+004 2.5407E-015
1.241E+004 2.5134E-015
1.245E+004 2.4751E-015
1.249E+004 2.4331E-015
1.253E+004 2.4127E-015
1.257E+004 2.3904E-015
1.261E+004 2.3426E-015
1.265E+004 2.2893E-015
1.269E+004 2.2544E-015
1.273E+004 2.2458E-015
1.277E+004 2.1893E-015
1.281E+004 2.1427E-015
1.285E+004 2.1050E-015
1.289E+004 2.0852E-015
1.293E+004 2.0995E-015
1.297E+004 2.1241E-015
1.301E+004 2.0543E-015
1.305E+004 2.0359E-015
1.309E+004 2.0358E-015
1.313E+004 2.0273E-015
1.317E+004 1.9775E-015
1.321E+004 1.9403E-015
1.325E+004 1.9272E-015
1.329E+004 1.9270E-015
1.333E+004 1.9071E-015
1.337E+004 1.8819E-015
1.341E+004 1.8630E-015
1.345E+004 1.8403E-015
1.349E+004 1.8211E-015
1.353E+004 1.7954E-015
1.357E+004 1.7730E-015
1.361E+004 1.7552E-015
1.365E+004 1.7347E-015
1.369E+004 1.7152E-015
1.373E+004 1.6910E-015
1.377E+004 1.6668E-015
1.381E+004 1.6551E-015
1.385E+004 1.6437E-015
1.389E+004 1.6283E-015
1.393E+004 1.6081E-015
1.397E+004 1.5788E-015
1.401E+004 1.5575E-015
1.405E+004 1.5456E-015
1.409E+004 1.5317E-015
1.413E+004 1.5059E-015
1.417E+004 1.4801E-015
1.421E+004 1.4715E-015
1.425E+004 1.4626E-015
1.429E+004 1.4433E-015
1.433E+004 1.4276E-015
1.437E+004 1.4121E-015
1.441E+004 1.3972E-015
1.445E+004 1.3819E-015
1.449E+004 1.3616E-015
1.453E+004 1.3565E-015
1.457E+004 1.3513E-015
1.461E+004 1.3325E-015
1.465E+004 1.3151E-015
1.469E+004 1.3051E-015
1.473E+004 1.2947E-015
1.477E+004 1.2844E-015
1.481E+004 1.2778E-015
1.485E+004 1.2577E-015
1.489E+004 1.2395E-015
1.493E+004 1.2268E-015
1.497E+004 1.2136E-015
1.501E+004 1.1998E-015
1.505E+004 1.1857E-015
1.509E+004 1.1723E-015
1.513E+004 1.1559E-015
1.517E+004 1.1422E-015
1.521E+004 1.1277E-015
1.525E+004 1.1190E-015
1.529E+004 1.1109E-015
1.533E+004 1.1011E-015
1.537E+004 1.0965E-015
1.541E+004 1.0830E-015
1.545E+004 1.0717E-015
1.549E+004 1.0592E-015
1.553E+004 1.0463E-015
1.557E+004 1.0365E-015
1.561E+004 1.0272E-015
1.565E+004 1.0173E-015
1.569E+004 1.0066E-015
1.573E+004 9.9558E-016
1.577E+004 9.8298E-016
1.581E+004 9.7202E-016
1.585E+004 9.5911E-016
1.589E+004 9.5537E-016
1.593E+004 9.5189E-016
1.597E+004 9.4301E-016
1.601E+004 9.3311E-016
1.605E+004 9.2173E-016
1.609E+004 9.1133E-016
1.613E+004 9.0166E-016
1.617E+004 8.9289E-016
1.621E+004 8.7990E-016
1.625E+004 8.6771E-016
1.629E+004 8.6084E-016
1.633E+004 8.5650E-016
1.637E+004 8.4612E-016
1.641E+004 8.3534E-016
1.645E+004 8.2994E-016
1.649E+004 8.2589E-016
1.653E+004 8.1765E-016
1.657E+004 8.0777E-016
1.661E+004 7.9835E-016
1.665E+004 7.8816E-016
1.669E+004 7.8284E-016
1.673E+004 7.7997E-016
1.677E+004 7.7082E-016
1.681E+004 7.5724E-016
1.685E+004 7.5019E-016
1.689E+004 7.4482E-016
1.693E+004 7.3993E-016
1.697E+004 7.3614E-016
1.701E+004 7.3012E-016
1.705E+004 7.2245E-016
1.709E+004 7.1299E-016
1.713E+004 7.0422E-016
1.717E+004 6.9720E-016
1.721E+004 6.9147E-016
1.725E+004 6.8510E-016
1.729E+004 6.7828E-016
1.733E+004 6.7028E-016
1.737E+004 6.6478E-016
1.741E+004 6.6084E-016
1.745E+004 6.5671E-016
1.749E+004 6.5199E-016
1.753E+004 6.4539E-016
1.757E+004 6.3864E-016
1.761E+004 6.3287E-016
1.765E+004 6.2801E-016
1.769E+004 6.2176E-016
1.773E+004 6.1729E-016
1.777E+004 6.1231E-016
1.781E+004 6.0708E-016
1.785E+004 6.0124E-016
1.789E+004 5.9600E-016
1.793E+004 5.9028E-016
1.797E+004 5.8633E-016
1.801E+004 5.8385E-016
1.805E+004 5.7608E-016
1.809E+004 5.6930E-016
1.813E+004 5.6257E-016
1.817E+004 5.5926E-016
1.821E+004 5.5377E-016
1.825E+004 5.4918E-016
1.829E+004 5.4480E-016
1.833E+004 5.4130E-016
1.837E+004 5.3661E-016
1.841E+004 5.3023E-016
1.845E+004 5.2714E-016
1.849E+004 5.2128E-016
1.853E+004 5.1880E-016
1.857E+004 5.1179E-016
1.861E+004 5.0758E-016
1.865E+004 4.9888E-016
1.869E+004 4.9255E-016
1.873E+004 4.8452E-016
1.877E+004 4.8102E-016
1.881E+004 4.8031E-016
1.885E+004 4.7531E-016
1.889E+004 4.7628E-016
1.893E+004 4.7271E-016
1.899E+004 4.7181E-016
1.904E+004 4.6220E-016
1.91E+004 4.5794E-016
1.916E+004 4.5473E-016
1.922E+004 4.5258E-016
1.927E+004 4.4370E-016
1.933E+004 4.3600E-016
1.939E+004 4.3178E-016
1.945E+004 4.2361E-016
1.95E+004 4.1897E-016
1.956E+004 4.1446E-016
1.962E+004 4.0911E-016
1.968E+004 4.0424E-016
1.973E+004 3.9995E-016
1.979E+004 3.9755E-016
1.985E+004 3.9305E-016
1.99E+004 3.9036E-016
1.996E+004 3.8423E-016
2.002E+004 3.7666E-016
2.008E+004 3.7214E-016
2.013E+004 3.7007E-016
2.019E+004 3.6643E-016
2.025E+004 3.6181E-016
2.031E+004 3.5900E-016
2.036E+004 3.5382E-016
2.042E+004 3.4921E-016
2.048E+004 3.4906E-016
2.054E+004 3.4481E-016
2.059E+004 3.3910E-016
2.065E+004 3.3795E-016
2.071E+004 3.3411E-016
2.077E+004 3.2823E-016
2.082E+004 3.2392E-016
2.088E+004 3.2191E-016
2.094E+004 3.1939E-016
2.1E+004 3.1612E-016
2.105E+004 3.1255E-016
2.111E+004 3.1049E-016
2.117E+004 3.0696E-016
2.122E+004 3.0238E-016
2.128E+004 2.9813E-016
2.134E+004 2.9330E-016
2.14E+004 2.9343E-016
2.145E+004 2.8950E-016
2.151E+004 2.8413E-016
2.157E+004 2.7937E-016
2.163E+004 2.7705E-016
2.168E+004 2.7487E-016
2.174E+004 2.7244E-016
2.18E+004 2.7072E-016
2.186E+004 2.6825E-016
2.191E+004 2.6617E-016
2.197E+004 2.6405E-016
2.203E+004 2.6172E-016
2.209E+004 2.5869E-016
2.214E+004 2.5593E-016
2.22E+004 2.5369E-016
2.226E+004 2.5154E-016
2.232E+004 2.4947E-016
2.237E+004 2.4623E-016
2.243E+004 2.4400E-016
2.249E+004 2.4282E-016
2.254E+004 2.4119E-016
2.26E+004 2.3820E-016
2.266E+004 2.3421E-016
2.272E+004 2.3166E-016
2.277E+004 2.2966E-016
2.283E+004 2.2807E-016
2.289E+004 2.2527E-016
2.295E+004 2.2256E-016
2.3E+004 2.2037E-016
2.306E+004 2.1787E-016
2.312E+004 2.1391E-016
2.318E+004 2.1025E-016
2.323E+004 2.1048E-016
2.329E+004 2.0989E-016
2.335E+004 2.0662E-016
2.341E+004 2.0254E-016
2.346E+004 2.0097E-016
2.352E+004 2.0008E-016
2.358E+004 1.9870E-016
2.364E+004 1.9777E-016
2.369E+004 1.9566E-016
2.375E+004 1.9397E-016
2.381E+004 1.9156E-016
2.386E+004 1.8987E-016
2.392E+004 1.8903E-016
2.398E+004 1.8823E-016
2.404E+004 1.8609E-016
2.409E+004 1.8326E-016
2.415E+004 1.8130E-016
2.421E+004 1.7970E-016
2.427E+004 1.7711E-016
2.432E+004 1.7428E-016
2.438E+004 1.7341E-016
2.444E+004 1.7234E-016
2.45E+004 1.6893E-016
2.455E+004 1.6581E-016
2.461E+004 1.6582E-016
2.467E+004 1.6574E-016
2.473E+004 1.6546E-016
2.478E+004 1.6429E-016
2.484E+004 1.6120E-016
2.49E+004 1.5978E-016
