1711 4.1146E-015
1711 4.1146E-015
1712 3.3644E-015
1714 1.1840E-015
1715 6.0779E-015
1716 1.1245E-014
1718 -4.5599E-015
1719 6.9335E-015
1720 2.2031E-016
1722 2.2740E-015
1723 -5.9619E-015
1724 5.2931E-015
1726 -1.5207E-015
1727 2.0765E-015
1729 5.2241E-015
1730 8.1499E-016
1731 1.2356E-015
1733 3.0297E-016
1734 6.1762E-015
1735 4.3217E-015
1737 9.4058E-015
1738 5.3389E-016
1740 1.6331E-014
1741 -3.1529E-015
1742 -3.1423E-016
1744 4.2939E-015
1745 6.5596E-016
1746 -4.0097E-015
1748 7.6079E-015
1749 3.7231E-015
1751 3.3261E-015
1752 5.9541E-015
1753 6.3619E-015
1755 8.1596E-016
1756 7.4139E-015
1757 3.8626E-015
1759 1.0889E-015
1760 -1.9128E-015
1762 5.5121E-016
1763 4.0263E-015
1764 3.5746E-015
1766 5.3556E-016
1767 5.6011E-015
1768 4.9441E-015
1770 7.1831E-015
1771 4.0770E-015
1772 4.3767E-015
1774 6.2250E-015
1775 1.7112E-015
1777 2.8784E-015
1778 9.4315E-015
1779 7.8107E-015
1781 9.7399E-016
1782 2.1643E-015
1783 7.0427E-015
1785 4.8431E-015
1786 5.2483E-015
1788 4.3633E-015
1789 5.7242E-015
1790 4.8039E-015
1792 5.0567E-015
1793 2.7416E-015
1794 -1.3884E-016
1796 5.1171E-015
1797 9.1696E-015
1799 3.2975E-015
1800 4.7341E-015
1801 6.9147E-015
1803 8.0837E-015
1804 6.0722E-015
1805 5.6747E-015
1807 4.1006E-015
1808 3.7353E-015
1810 5.9853E-015
1811 6.3123E-015
1812 8.9451E-015
1814 6.8087E-015
1815 6.1353E-015
1816 7.0868E-015
1818 1.2147E-014
1819 8.2981E-015
1820 5.0225E-015
1822 8.2266E-015
1823 6.4595E-015
1825 8.5048E-015
1826 1.0187E-014
1827 7.7227E-015
1829 9.8752E-015
1830 6.8531E-015
1831 5.3616E-015
1833 8.2024E-015
1834 7.7177E-015
1836 7.2509E-015
1837 1.2840E-014
1838 9.4019E-015
1840 7.2627E-015
1841 8.3008E-015
1842 5.5992E-015
1844 5.0422E-015
1845 5.7547E-015
1847 8.1303E-015
1848 9.7326E-015
1849 1.3584E-014
1851 7.4687E-015
1852 7.5938E-015
1853 9.4540E-015
1855 1.0513E-014
1856 1.4505E-014
1858 1.2230E-014
1859 1.0092E-014
1860 1.0651E-014
1862 1.2576E-014
1863 1.0812E-014
1864 1.2592E-014
1866 1.1254E-014
1867 9.8589E-015
1869 1.7062E-014
1870 1.3597E-014
1871 1.3402E-014
1873 1.3066E-014
1874 1.3526E-014
1875 1.3832E-014
1877 1.1895E-014
1878 1.1768E-014
1880 1.4462E-014
1881 1.2678E-014
1882 1.3810E-014
1884 1.2040E-014
1885 1.5957E-014
1886 1.2388E-014
1888 1.4924E-014
1889 1.5100E-014
1890 1.5193E-014
1892 1.5825E-014
1893 1.2459E-014
1895 1.5872E-014
1896 1.4160E-014
1897 1.6109E-014
1899 1.6355E-014
1900 1.6048E-014
1901 1.1439E-014
1903 1.8074E-014
1904 1.5039E-014
1906 1.8529E-014
1907 1.4101E-014
1908 1.9427E-014
1910 1.7535E-014
1911 1.5475E-014
1912 2.1240E-014
1914 2.0142E-014
1915 2.2119E-014
1917 2.4832E-014
1918 2.1413E-014
1919 2.1833E-014
1921 2.2366E-014
1922 2.1362E-014
1923 2.1428E-014
1925 2.0158E-014
1926 2.0113E-014
1928 2.1540E-014
1929 1.9334E-014
1930 1.9349E-014
1932 1.4946E-014
1933 1.6368E-014
1934 1.9572E-014
1936 2.1471E-014
1937 2.0456E-014
1939 1.8790E-014
1940 2.3888E-014
1941 2.2688E-014
1943 2.7129E-014
1944 2.5807E-014
1945 2.1121E-014
1947 2.4992E-014
1948 2.7113E-014
1950 2.7781E-014
1951 2.3892E-014
1952 2.4632E-014
1954 2.5417E-014
1955 2.3533E-014
1956 2.5008E-014
1958 2.4966E-014
1959 2.3454E-014
1960 2.5053E-014
1962 2.4242E-014
1963 2.6612E-014
1965 2.7200E-014
1966 2.8160E-014
1967 3.1042E-014
1969 2.9533E-014
1970 3.0535E-014
1971 2.8423E-014
1973 3.0601E-014
1974 2.9935E-014
1976 2.5602E-014
1977 2.6958E-014
1978 2.4913E-014
1980 2.2520E-014
1981 2.6279E-014
1982 2.6798E-014
1984 2.9153E-014
1985 2.7750E-014
1987 2.6823E-014
1988 2.4827E-014
1989 2.3752E-014
1991 2.7299E-014
1992 2.9992E-014
1993 3.0446E-014
1995 3.2687E-014
1996 3.2161E-014
1998 3.5392E-014
1999 3.5064E-014
2000 3.3989E-014
2002 3.4426E-014
2003 3.3269E-014
2004 3.2947E-014
2006 3.4225E-014
2007 3.2898E-014
2009 3.2395E-014
2010 3.3535E-014
2011 3.6788E-014
2013 3.6461E-014
2014 3.6218E-014
2015 3.5772E-014
2017 3.6681E-014
2018 3.6660E-014
2020 3.7465E-014
2021 3.7362E-014
2022 3.6148E-014
2024 3.8372E-014
2025 3.5326E-014
2026 2.7502E-014
2028 3.2600E-014
2029 3.6952E-014
2031 3.7645E-014
2032 4.2196E-014
2033 4.2247E-014
2035 3.9163E-014
2036 4.0396E-014
2037 4.3574E-014
2039 4.2302E-014
2040 4.2805E-014
2042 4.2518E-014
2043 4.5791E-014
2044 4.2989E-014
2046 4.6249E-014
2047 4.8562E-014
2048 4.5426E-014
2050 4.5861E-014
2051 4.5438E-014
2053 4.2955E-014
2054 4.4084E-014
2055 4.2941E-014
2057 3.8766E-014
2058 3.8358E-014
2059 3.7977E-014
2061 3.8437E-014
2062 3.8016E-014
2063 3.8367E-014
2065 4.0490E-014
2066 3.9887E-014
2068 4.3025E-014
2069 4.4951E-014
2070 4.6378E-014
2072 4.6257E-014
2073 4.8843E-014
2074 4.9952E-014
2076 5.3893E-014
2077 5.2813E-014
2079 5.3255E-014
2080 5.2682E-014
2081 5.2409E-014
2083 5.0342E-014
2084 5.0645E-014
2085 4.9385E-014
2087 5.1406E-014
2088 5.1586E-014
2090 5.4999E-014
2091 5.2855E-014
2092 5.5344E-014
2094 5.6317E-014
2095 5.3501E-014
2096 5.6023E-014
2098 5.8976E-014
2099 5.7303E-014
2101 5.4649E-014
2102 5.6376E-014
2103 5.4532E-014
2105 5.5044E-014
2106 5.6903E-014
2107 5.6029E-014
2109 5.5431E-014
2110 5.5780E-014
2112 5.4967E-014
2113 5.6591E-014
2114 5.7401E-014
2116 5.5163E-014
2117 6.0058E-014
2118 6.1499E-014
2120 6.1552E-014
2121 6.3305E-014
2123 5.5262E-014
2124 4.3473E-014
2125 4.1373E-014
2127 5.2467E-014
2128 6.0462E-014
2129 5.8194E-014
2131 5.9018E-014
2132 5.8015E-014
2134 5.6354E-014
2135 5.4442E-014
2136 5.4919E-014
2138 5.9369E-014
2139 5.5919E-014
2140 5.7795E-014
2142 6.9621E-014
2143 6.5577E-014
2145 6.5212E-014
2146 6.3362E-014
2147 6.2470E-014
2149 6.2129E-014
2150 6.3701E-014
2151 5.7557E-014
2153 6.1290E-014
2154 6.5215E-014
2156 6.6024E-014
2157 6.4164E-014
2158 6.1690E-014
2160 5.7539E-014
2161 6.0034E-014
2162 6.4723E-014
2164 6.2315E-014
2165 6.2453E-014
2167 5.7438E-014
2168 5.2478E-014
2169 5.9199E-014
2171 6.4271E-014
2172 6.5470E-014
2173 6.4715E-014
2175 6.1947E-014
2176 6.1504E-014
2178 6.1766E-014
2179 6.1775E-014
2180 6.9714E-014
2182 7.3989E-014
2183 7.5170E-014
2184 7.2893E-014
2186 6.9609E-014
2187 6.5225E-014
2189 6.7681E-014
2190 7.2259E-014
2191 7.1614E-014
2193 7.0910E-014
2194 7.8076E-014
2195 8.0908E-014
2197 7.6827E-014
2198 7.8253E-014
2199 8.1381E-014
2201 7.4031E-014
2202 7.1158E-014
2204 7.8640E-014
2205 8.0760E-014
2206 7.7029E-014
2208 7.1809E-014
2209 6.6229E-014
2210 6.5455E-014
2212 5.0487E-014
2213 6.2793E-014
2215 7.0164E-014
2216 7.1172E-014
2217 5.8648E-014
2219 5.9191E-014
2220 7.2375E-014
2221 7.7202E-014
2223 7.8743E-014
2224 7.8833E-014
2226 8.0168E-014
2227 8.3571E-014
2228 8.2092E-014
2230 8.3277E-014
2231 8.5146E-014
2232 8.6113E-014
2234 8.9169E-014
2235 8.9093E-014
2237 8.9788E-014
2238 8.7748E-014
2239 9.1119E-014
2241 9.0936E-014
2242 8.7159E-014
2243 8.6394E-014
2245 8.3893E-014
2246 8.5348E-014
2248 8.6665E-014
2249 8.6403E-014
2250 8.0737E-014
2252 7.9262E-014
2253 8.0758E-014
2254 7.7451E-014
2256 8.0193E-014
2257 8.2077E-014
2259 8.8116E-014
2260 8.1167E-014
2261 7.4324E-014
2263 8.2730E-014
2264 8.0904E-014
2265 7.8813E-014
2267 7.6835E-014
2268 7.6428E-014
2270 7.7444E-014
2271 8.0029E-014
2272 8.2414E-014
2274 8.3974E-014
2275 8.3818E-014
2276 7.9957E-014
2278 8.4045E-014
2279 8.3599E-014
2281 8.5970E-014
2282 9.1446E-014
2283 9.2856E-014
2285 8.8022E-014
2286 8.9831E-014
2287 8.5161E-014
2289 8.2422E-014
2290 8.3048E-014
2292 8.1317E-014
2293 8.2599E-014
2294 8.6725E-014
2296 8.7186E-014
2297 8.3152E-014
2298 7.0898E-014
2300 7.4761E-014
2301 8.0256E-014
2303 8.4359E-014
2304 8.4167E-014
2305 8.9905E-014
2307 9.2060E-014
2308 9.3385E-014
2309 9.2709E-014
2311 8.9754E-014
2312 7.7027E-014
2314 7.7967E-014
2315 7.8727E-014
2316 8.7652E-014
2318 8.8284E-014
2319 8.9901E-014
2320 8.4603E-014
2322 8.2960E-014
2323 9.0151E-014
2325 9.8106E-014
2326 8.8201E-014
2327 8.3303E-014
2329 8.2545E-014
2330 9.3098E-014
2331 8.3916E-014
2333 7.3310E-014
2334 7.3799E-014
2336 8.6598E-014
2337 9.0790E-014
2338 7.5294E-014
2340 7.5447E-014
2341 8.4828E-014
2342 8.5817E-014
2344 6.5543E-014
2345 4.8323E-014
2347 6.2987E-014
2348 6.8332E-014
2349 6.9589E-014
2351 8.5192E-014
2352 9.4527E-014
2353 9.6336E-014
2355 9.4469E-014
2356 8.7775E-014
2358 9.6117E-014
2359 9.2667E-014
2360 7.5611E-014
2362 7.0484E-014
2363 8.3432E-014
2364 9.0726E-014
2366 7.7803E-014
2367 8.4604E-014
2368 8.6436E-014
2370 8.9154E-014
2371 9.4246E-014
2373 9.6988E-014
2374 8.2961E-014
2375 8.3467E-014
2377 8.7932E-014
2378 9.7780E-014
2379 8.2313E-014
2381 6.8718E-014
2382 4.7310E-014
2384 3.8764E-014
2385 6.1994E-014
2386 7.4905E-014
2388 7.7874E-014
2389 7.1506E-014
2390 7.6750E-014
2392 9.7492E-014
2393 9.7779E-014
2395 9.2126E-014
2396 6.2524E-014
2397 6.1013E-014
2399 7.1471E-014
2400 7.0195E-014
2401 8.8166E-014
2403 9.1084E-014
2404 7.8465E-014
2406 5.7808E-014
2407 5.9440E-014
2408 7.0671E-014
2410 8.7674E-014
2411 6.8283E-014
2412 6.1856E-014
2414 7.3744E-014
2415 8.5019E-014
2417 9.8869E-014
2418 1.0342E-013
2419 1.0720E-013
2421 1.1034E-013
2422 1.1575E-013
2423 1.1166E-013
2425 1.0074E-013
2426 1.0468E-013
2428 1.1251E-013
2429 1.1192E-013
2430 1.0862E-013
2432 1.1268E-013
2433 1.1043E-013
2434 1.0439E-013
2436 9.0643E-014
2437 9.4560E-014
2439 9.9737E-014
2440 9.7141E-014
2441 1.0171E-013
2443 1.0653E-013
2444 1.0872E-013
2445 1.0859E-013
2447 1.0833E-013
2448 1.0802E-013
2450 1.0868E-013
2451 1.0587E-013
2452 1.0035E-013
2454 1.0397E-013
2455 1.0437E-013
2456 1.1133E-013
2458 1.0977E-013
2459 1.1034E-013
2461 1.1048E-013
2462 1.0110E-013
2463 8.8984E-014
2465 9.3490E-014
2466 1.0043E-013
2467 1.0224E-013
2469 1.0385E-013
2470 1.0558E-013
2472 1.0555E-013
2473 9.8734E-014
2474 9.0402E-014
2476 1.0446E-013
2477 1.0437E-013
2478 1.0011E-013
2480 8.7831E-014
2481 8.7670E-014
2483 9.2376E-014
2484 6.7415E-014
2485 6.8961E-014
2487 8.9345E-014
2488 8.0224E-014
2489 6.3033E-014
2491 5.9754E-014
2492 5.7124E-014
2494 8.6284E-014
2495 9.8519E-014
2496 1.1537E-013
2498 1.0828E-013
2499 1.0960E-013
2500 1.1289E-013
2502 1.0172E-013
2503 1.0252E-013
2505 1.0371E-013
2506 9.6306E-014
2507 6.9849E-014
2509 7.1953E-014
2510 9.8001E-014
2511 9.4989E-014
2513 8.6607E-014
2514 7.3627E-014
2516 4.2907E-014
2517 3.2699E-014
2518 4.1237E-014
2520 4.9146E-014
2521 6.5965E-014
2522 7.1022E-014
2524 5.2323E-014
2525 4.4427E-014
2526 5.9600E-014
2528 6.0239E-014
2529 4.0958E-014
2531 5.8726E-014
2532 8.7787E-014
2533 9.5668E-014
2535 9.3734E-014
2536 9.2518E-014
2537 9.2427E-014
2539 9.6995E-014
2540 9.4581E-014
2542 9.4691E-014
2543 9.5782E-014
2544 1.0322E-013
2546 1.0053E-013
2547 9.7753E-014
2548 1.0015E-013
2550 9.1688E-014
2551 9.7899E-014
2553 1.1972E-013
2554 1.1931E-013
2555 1.2648E-013
2557 1.2473E-013
2558 1.2577E-013
2559 1.3070E-013
2561 1.2704E-013
2562 1.2003E-013
2564 1.0080E-013
2565 1.0963E-013
2566 1.2875E-013
2568 1.2704E-013
2569 1.2596E-013
2570 1.2812E-013
2572 1.2960E-013
2573 1.3293E-013
2575 1.3637E-013
2576 1.2301E-013
2577 1.1310E-013
2579 1.2782E-013
2580 1.3358E-013
2581 1.3355E-013
2583 1.3259E-013
2584 1.2523E-013
2586 1.2006E-013
2587 9.3983E-014
2588 1.2065E-013
2590 1.3221E-013
2591 1.4103E-013
2592 1.3166E-013
2594 1.2952E-013
2595 1.2551E-013
2597 1.3427E-013
2598 1.2010E-013
2599 7.2674E-014
2601 7.1725E-014
2602 1.0998E-013
2603 1.3246E-013
2605 1.2889E-013
2606 1.1694E-013
2608 9.1655E-014
2609 1.0146E-013
2610 1.1845E-013
2612 1.0758E-013
2613 7.9490E-014
2614 8.8272E-014
2616 1.0869E-013
2617 1.2892E-013
2619 1.1005E-013
2620 1.2183E-013
2621 1.2696E-013
2623 1.2269E-013
2624 1.2670E-013
2625 1.2711E-013
2627 1.1093E-013
2628 1.1237E-013
2629 1.0584E-013
2631 1.0143E-013
2632 8.4392E-014
2634 1.0873E-013
2635 1.4002E-013
2636 1.4749E-013
2638 1.5444E-013
2639 1.6086E-013
2640 1.6191E-013
2642 1.5982E-013
2643 1.6234E-013
2645 1.6482E-013
2646 1.6258E-013
2647 1.6100E-013
2649 1.6515E-013
2650 1.6375E-013
2651 1.6218E-013
2653 1.6356E-013
2654 1.6383E-013
2656 1.6876E-013
2657 1.6846E-013
2658 1.6757E-013
2660 1.6366E-013
2661 1.6256E-013
2662 1.5745E-013
2664 1.5349E-013
2665 1.4807E-013
2667 1.4969E-013
2668 1.4931E-013
2669 1.5184E-013
2671 1.5503E-013
2672 1.5817E-013
2673 1.4975E-013
2675 1.6153E-013
2676 1.6893E-013
2678 1.5971E-013
2679 1.5104E-013
2680 1.5124E-013
2682 1.5907E-013
2683 1.6293E-013
2684 1.6222E-013
2686 1.6221E-013
2687 1.6212E-013
2689 1.5912E-013
2690 1.5342E-013
2691 1.5010E-013
2693 1.5609E-013
2694 1.5586E-013
2695 1.5933E-013
2697 1.5232E-013
2698 1.5350E-013
2700 1.5132E-013
2701 1.5599E-013
2702 1.6176E-013
2704 1.6413E-013
2705 1.6654E-013
2706 1.5970E-013
2708 1.5487E-013
2709 1.5912E-013
2710 1.5826E-013
2712 1.5686E-013
2713 1.5599E-013
2715 1.5219E-013
2716 1.4486E-013
2717 1.5028E-013
2719 1.4504E-013
2720 1.2523E-013
2721 1.2924E-013
2723 1.3867E-013
2724 1.4325E-013
2726 1.4195E-013
2727 1.4690E-013
2728 1.4311E-013
2730 1.4852E-013
2731 1.5744E-013
2732 1.5318E-013
2734 1.4828E-013
2735 1.3959E-013
2737 1.3790E-013
2738 1.2337E-013
2739 1.2814E-013
2741 1.2311E-013
2742 1.3095E-013
2743 1.2085E-013
2745 1.2046E-013
2746 1.3316E-013
2748 1.1693E-013
2749 1.1311E-013
2750 1.0742E-013
2752 1.1447E-013
2753 1.4222E-013
2754 1.4544E-013
2756 1.3435E-013
2757 1.1184E-013
2759 1.3584E-013
2760 1.5742E-013
2761 1.6016E-013
2763 1.5375E-013
2764 1.4545E-013
2765 1.5675E-013
2767 1.5839E-013
2768 1.5477E-013
2770 1.5125E-013
2771 1.5225E-013
2772 1.6123E-013
2774 1.5589E-013
2775 1.6320E-013
2776 1.5801E-013
2778 1.5056E-013
2779 1.4151E-013
2780 1.3334E-013
2782 1.3180E-013
2783 1.3562E-013
2785 1.3835E-013
2786 1.4098E-013
2787 1.3647E-013
2789 1.2264E-013
2790 1.0729E-013
2791 8.5201E-014
2793 5.9729E-014
2794 3.6548E-014
2796 2.1163E-014
2797 1.8251E-014
2798 1.7926E-014
2800 2.5141E-014
2801 3.0179E-014
2802 2.3165E-014
2804 1.9564E-014
2805 2.6809E-014
2807 4.8542E-014
2808 7.6306E-014
2809 1.0310E-013
2811 1.1826E-013
2812 1.2767E-013
2813 1.2922E-013
2815 1.3718E-013
2816 1.5184E-013
2818 1.5344E-013
2819 1.5466E-013
2820 1.5861E-013
2822 1.6020E-013
2823 1.6168E-013
2824 1.6289E-013
2826 1.6908E-013
2827 1.5878E-013
2829 1.6595E-013
2830 1.6536E-013
2831 1.6569E-013
2833 1.6662E-013
2834 1.6377E-013
2835 1.6346E-013
2837 1.5479E-013
2838 1.6447E-013
2839 1.7186E-013
2841 1.6224E-013
2842 1.6321E-013
2844 1.6370E-013
2845 1.5069E-013
2846 1.5809E-013
2848 1.5228E-013
2849 1.3695E-013
2850 1.1000E-013
2852 7.0235E-014
2853 4.1023E-014
2855 5.6551E-014
2856 1.0019E-013
2857 1.2869E-013
2859 1.4824E-013
2860 1.5615E-013
2861 1.6864E-013
2863 1.6664E-013
2864 1.6648E-013
2866 1.6817E-013
2867 1.6875E-013
2868 1.6500E-013
2870 1.6756E-013
2871 1.7001E-013
2872 1.8027E-013
2874 1.7708E-013
2875 1.7064E-013
2877 1.6489E-013
2878 1.6265E-013
2879 1.6344E-013
2881 1.5447E-013
2882 1.1527E-013
2883 1.0700E-013
2885 1.5161E-013
2886 1.7232E-013
2887 1.7907E-013
2889 1.8162E-013
2890 1.7702E-013
2892 1.7476E-013
2893 1.7287E-013
2894 1.6619E-013
2896 1.7077E-013
2897 1.8254E-013
2898 1.8886E-013
2900 1.8750E-013
2901 1.9422E-013
2903 1.9164E-013
2904 1.9518E-013
2905 1.9514E-013
2907 1.9899E-013
2908 1.9482E-013
2909 1.8402E-013
2911 1.8324E-013
2912 1.8756E-013
2914 1.9331E-013
2915 1.9567E-013
2916 1.9699E-013
2918 1.9496E-013
2919 1.8800E-013
2920 1.8950E-013
2922 1.9400E-013
2923 1.9557E-013
2924 1.8714E-013
2926 1.8414E-013
2927 1.8576E-013
2929 1.8785E-013
2930 1.7772E-013
2931 1.9394E-013
2933 2.0035E-013
2934 2.0092E-013
2935 1.9576E-013
2937 1.8957E-013
2938 1.6750E-013
2940 1.8224E-013
2941 1.8568E-013
2942 1.8573E-013
2944 1.9230E-013
2945 1.9162E-013
2946 1.8830E-013
2948 1.9079E-013
2949 1.6912E-013
2951 1.8244E-013
2952 1.9560E-013
2953 1.9561E-013
2955 1.8219E-013
2956 1.9261E-013
2957 1.9873E-013
2959 1.9247E-013
2960 2.0017E-013
2962 1.9865E-013
2963 2.0259E-013
2964 1.9953E-013
2966 1.8976E-013
2967 1.7827E-013
2968 1.7276E-013
2970 1.8460E-013
2971 1.6901E-013
2972 1.8080E-013
2974 1.8299E-013
2975 1.9203E-013
2977 2.0019E-013
2978 2.0525E-013
2979 2.0933E-013
2981 2.0103E-013
2982 1.9131E-013
2983 1.8648E-013
2985 1.7415E-013
2986 1.7217E-013
2988 1.8048E-013
2989 1.8507E-013
2990 2.0344E-013
2992 2.0457E-013
2993 2.0533E-013
2994 2.0146E-013
2996 1.8843E-013
2997 2.0202E-013
2999 2.1041E-013
3000 2.0120E-013
3001 1.8359E-013
3003 1.7838E-013
3004 1.7780E-013
3005 1.9692E-013
3007 2.0564E-013
3008 1.9572E-013
3009 1.8661E-013
3011 1.9791E-013
3012 2.0527E-013
3014 2.0315E-013
3015 2.0480E-013
3016 2.0069E-013
3018 1.9703E-013
3019 1.8559E-013
3020 1.7740E-013
3022 1.4462E-013
3023 1.7935E-013
3025 2.0391E-013
3026 1.9637E-013
3027 1.9227E-013
3029 2.1390E-013
3030 2.1361E-013
3031 2.0427E-013
3033 2.0234E-013
3034 2.1138E-013
3035 2.1905E-013
3037 2.1616E-013
3038 1.9845E-013
3040 2.0221E-013
3041 2.1339E-013
3042 2.0013E-013
3044 2.0101E-013
3045 2.0854E-013
3046 2.1206E-013
3048 2.0759E-013
3049 1.9843E-013
3051 2.1383E-013
3052 2.1141E-013
3053 2.1951E-013
3055 2.1218E-013
3056 2.1061E-013
3057 2.0840E-013
3059 1.8560E-013
3060 1.9006E-013
3067 1.7452E-013
3070 1.8827E-013
3072 1.9585E-013
3075 1.9776E-013
3078 1.9760E-013
3081 1.9924E-013
3083 1.9936E-013
3086 1.9419E-013
3089 1.8401E-013
3092 1.7798E-013
3094 1.7833E-013
3097 1.7716E-013
3100 1.7314E-013
3103 1.8629E-013
3105 1.9963E-013
3108 2.0928E-013
3111 2.0852E-013
3114 2.0936E-013
3116 2.0554E-013
3119 1.9411E-013
3122 1.9206E-013
3125 1.9217E-013
3127 1.9568E-013
3130 1.9920E-013
3133 2.0470E-013
3136 2.0812E-013
3138 2.0507E-013
3141 2.0011E-013
3144 1.8098E-013
3147 1.9175E-013
3149 2.0582E-013
3152 2.0634E-013
3155 2.0370E-013
3158 1.9368E-013
3160 1.8874E-013
3163 1.9741E-013
3166 2.0515E-013
3169 2.0742E-013
3171 2.1480E-013
3174 2.1920E-013
3177 2.1208E-013
3179 1.9493E-013
3182 1.9683E-013
3185 2.0449E-013
3188 2.0932E-013
3190 2.0873E-013
3193 2.0178E-013
3196 2.0677E-013
3199 2.1518E-013
3201 2.2021E-013
3204 2.2667E-013
3207 2.2512E-013
3210 2.1450E-013
3212 2.0906E-013
3215 2.1987E-013
3218 2.1711E-013
3221 2.2187E-013
3223 2.1744E-013
3226 2.1620E-013
3229 2.0926E-013
3232 2.0924E-013
3234 2.0709E-013
3237 2.1264E-013
3240 2.1970E-013
3243 2.2276E-013
3245 2.2800E-013
3248 2.2273E-013
3251 2.2490E-013
3254 2.2747E-013
3256 2.3777E-013
3259 2.4323E-013
3262 2.3997E-013
3265 2.4054E-013
3267 2.4211E-013
3270 2.4256E-013
3273 2.3727E-013
3276 2.3691E-013
3278 2.3318E-013
3281 2.3580E-013
3284 2.4035E-013
3287 2.3806E-013
3289 2.4052E-013
3292 2.4738E-013
3295 2.5117E-013
3298 2.5375E-013
3300 2.5426E-013
3303 2.5063E-013
3306 2.4335E-013
3309 2.4629E-013
3311 2.5125E-013
3314 2.4933E-013
3317 2.4452E-013
3320 2.4822E-013
3322 2.3764E-013
3325 2.4394E-013
3328 2.4376E-013
3331 2.4151E-013
3333 2.4299E-013
3336 2.4088E-013
3339 2.4182E-013
3342 2.3816E-013
3344 2.4382E-013
3347 2.4385E-013
3350 2.3127E-013
3353 2.4511E-013
3355 2.5039E-013
3358 2.4627E-013
3361 2.3763E-013
3364 2.4155E-013
3366 2.4710E-013
3369 2.4125E-013
3372 2.3229E-013
3375 2.4107E-013
3377 2.4899E-013
3380 2.3785E-013
3383 2.3672E-013
3386 2.4209E-013
3388 2.4623E-013
3391 2.4678E-013
3394 2.4065E-013
3397 2.4998E-013
3399 2.5460E-013
3402 2.5227E-013
3405 2.4428E-013
3408 2.4194E-013
3410 2.4387E-013
3413 2.4014E-013
3416 2.3938E-013
3419 2.4955E-013
3421 2.5247E-013
3424 2.4736E-013
3427 2.5021E-013
3430 2.5636E-013
3432 2.5285E-013
3435 2.5099E-013
3438 2.4920E-013
3441 2.3430E-013
3443 2.2691E-013
3446 2.3700E-013
3449 2.4497E-013
3452 2.4888E-013
3454 2.4758E-013
3457 2.5405E-013
3460 2.4945E-013
3463 2.4677E-013
3465 2.5261E-013
3468 2.5131E-013
3471 2.5579E-013
3474 2.4802E-013
3476 2.3929E-013
3479 2.4919E-013
3482 2.5951E-013
3485 2.5479E-013
3487 2.5563E-013
3490 2.4870E-013
3493 2.4397E-013
3495 2.4958E-013
3498 2.4788E-013
3501 2.5362E-013
3504 2.5587E-013
3506 2.5605E-013
3509 2.5436E-013
3512 2.4912E-013
3515 2.4487E-013
3517 2.5327E-013
3520 2.5263E-013
3523 2.4679E-013
3526 2.3943E-013
3528 2.3995E-013
3531 2.5227E-013
3534 2.5655E-013
3537 2.5969E-013
3539 2.6184E-013
3542 2.6155E-013
3545 2.6620E-013
3548 2.6609E-013
3550 2.6680E-013
3553 2.6399E-013
3556 2.5788E-013
3559 2.5652E-013
3561 2.6401E-013
3564 2.6051E-013
3567 2.4670E-013
3570 2.4260E-013
3572 2.4057E-013
3575 2.4564E-013
3578 2.5224E-013
3581 2.4690E-013
3583 2.3963E-013
3586 2.3575E-013
3589 2.3918E-013
3592 2.5084E-013
3594 2.5710E-013
3597 2.6022E-013
3600 2.6686E-013
3603 2.6267E-013
3605 2.5374E-013
3608 2.5007E-013
3611 2.4919E-013
3614 2.5499E-013
3616 2.5775E-013
3619 2.5009E-013
3622 2.5269E-013
3625 2.6067E-013
3627 2.6854E-013
3630 2.6324E-013
3633 2.4750E-013
3636 2.5628E-013
3638 2.6127E-013
3641 2.6883E-013
3644 2.6042E-013
3647 2.5542E-013
3649 2.5166E-013
3652 2.6008E-013
3655 2.6822E-013
3658 2.7410E-013
3660 2.7298E-013
3663 2.7373E-013
3666 2.7247E-013
3669 2.7447E-013
3671 2.7292E-013
3674 2.7347E-013
3677 2.7168E-013
3680 2.6549E-013
3682 2.6459E-013
3685 2.5963E-013
3688 2.5769E-013
3691 2.6786E-013
3693 2.7452E-013
3696 2.7641E-013
3699 2.7551E-013
3702 2.8073E-013
3704 2.6584E-013
3707 2.5525E-013
3710 2.6080E-013
3713 2.6262E-013
3715 2.7718E-013
3718 2.7711E-013
3721 2.5651E-013
3724 2.4968E-013
3726 2.6875E-013
3729 2.7667E-013
3732 2.6993E-013
3735 2.4256E-013
3737 2.3197E-013
3740 2.5560E-013
3743 2.7847E-013
3746 2.6394E-013
3748 2.4460E-013
3751 2.3992E-013
3754 2.6150E-013
3757 2.8485E-013
3759 2.7558E-013
3762 2.8008E-013
3765 2.8150E-013
3768 2.7545E-013
3770 2.5886E-013
3773 2.5799E-013
3776 2.8538E-013
3779 3.0352E-013
3781 3.1455E-013
3784 3.1317E-013
3787 3.0823E-013
3790 3.0285E-013
3792 2.9798E-013
3795 2.8250E-013
3798 2.5339E-013
3801 2.4768E-013
3803 2.8497E-013
3806 3.0075E-013
3809 3.0330E-013
3812 3.1265E-013
3814 3.0368E-013
3817 2.9440E-013
3820 3.0011E-013
3823 2.9174E-013
3825 2.8618E-013
3828 2.7175E-013
3831 2.6288E-013
3834 2.4000E-013
3836 2.1694E-013
3839 2.2844E-013
3842 2.5949E-013
3845 2.9216E-013
3847 3.0313E-013
3850 3.0995E-013
3853 3.1184E-013
3856 3.1783E-013
3858 3.0610E-013
3861 2.9756E-013
3864 3.1032E-013
3867 3.2017E-013
3869 3.1964E-013
3872 3.1670E-013
3875 3.0106E-013
3878 3.0335E-013
3880 2.9425E-013
3883 3.0326E-013
3886 2.8510E-013
3889 2.4811E-013
3891 2.3776E-013
3894 2.6561E-013
3897 2.8358E-013
3900 2.9251E-013
3902 2.9463E-013
3905 2.9372E-013
3908 2.9608E-013
3911 3.1144E-013
3913 3.1663E-013
3916 3.1389E-013
3919 3.1157E-013
3922 2.9756E-013
3924 2.9793E-013
3927 2.9174E-013
3930 2.5439E-013
3933 1.8602E-013
3935 1.3286E-013
3938 1.8860E-013
3941 2.6314E-013
3944 2.9033E-013
3946 3.0066E-013
3949 3.0570E-013
3952 3.0783E-013
3955 3.1010E-013
3957 3.0735E-013
3960 3.0456E-013
3963 2.8848E-013
3966 2.4441E-013
3968 1.8329E-013
3971 1.5274E-013
3974 2.1177E-013
3977 2.7285E-013
3979 2.9915E-013
3982 3.1139E-013
3985 3.1796E-013
3988 3.2186E-013
3990 3.2211E-013
3993 3.2829E-013
3996 3.2806E-013
3999 3.2515E-013
4001 3.2710E-013
4004 3.3053E-013
4007 3.2527E-013
4010 3.2965E-013
4012 3.3270E-013
4015 3.3298E-013
4018 3.3414E-013
4021 3.3561E-013
4023 3.3342E-013
4026 3.3331E-013
4029 3.3190E-013
4032 3.2477E-013
4034 3.2413E-013
4037 3.2768E-013
4040 3.3535E-013
4043 3.3601E-013
4045 3.2629E-013
4048 3.2446E-013
4051 3.2999E-013
4054 3.3576E-013
4056 3.3033E-013
4059 3.3434E-013
4062 3.3383E-013
4065 3.2450E-013
4067 3.2457E-013
4070 3.2754E-013
4073 3.2266E-013
4076 3.2748E-013
4078 3.2404E-013
4081 3.2838E-013
4084 3.3265E-013
4087 3.3178E-013
4089 3.3273E-013
4092 3.3167E-013
4095 3.2407E-013
4098 3.1382E-013
4100 2.9044E-013
4103 2.5356E-013
4106 2.7248E-013
4109 3.0168E-013
4111 3.1715E-013
4114 3.2759E-013
4117 3.3165E-013
4120 3.3150E-013
4122 3.3114E-013
4125 3.3211E-013
4128 3.3477E-013
4130 3.3331E-013
4133 3.3206E-013
4136 3.3210E-013
4139 3.3517E-013
4141 3.3595E-013
4144 3.3118E-013
4147 3.3140E-013
4150 3.3500E-013
4152 3.3531E-013
4155 3.3206E-013
4158 3.3127E-013
4161 3.3302E-013
4163 3.3623E-013
4166 3.3701E-013
4169 3.3631E-013
4172 3.3500E-013
4174 3.2727E-013
4177 3.2792E-013
4180 3.2891E-013
4183 3.3209E-013
4185 3.2860E-013
4188 3.2658E-013
4191 3.2559E-013
4194 3.2923E-013
4196 3.2993E-013
4199 3.2507E-013
4202 3.2153E-013
4205 3.2702E-013
4207 3.2911E-013
4210 3.3197E-013
4213 3.2922E-013
4216 3.2859E-013
4218 3.2696E-013
4221 3.2532E-013
4224 3.2621E-013
4227 3.1648E-013
4229 3.0708E-013
4232 3.2434E-013
4235 3.2405E-013
4238 3.2409E-013
4240 3.2435E-013
4243 3.2768E-013
4246 3.2621E-013
4249 3.2308E-013
4251 3.1896E-013
4254 3.2370E-013
4257 3.2129E-013
4260 3.2827E-013
4262 3.2608E-013
4265 3.2781E-013
4268 3.2883E-013
4271 3.1892E-013
4273 3.1194E-013
4276 3.1430E-013
4279 3.2283E-013
4282 3.2350E-013
4284 3.1683E-013
4287 3.1645E-013
4290 3.1187E-013
4293 3.0288E-013
4295 3.0884E-013
4298 3.0533E-013
4301 2.9141E-013
4304 2.8715E-013
4306 2.8873E-013
4309 2.8346E-013
4312 2.8445E-013
4315 2.9930E-013
4317 3.1059E-013
4320 3.2208E-013
4323 3.2059E-013
4326 3.0887E-013
4328 3.0559E-013
4331 3.1725E-013
4334 3.1874E-013
4337 3.0748E-013
4339 2.8039E-013
4342 2.4602E-013
4345 2.7095E-013
4348 2.9848E-013
4350 3.1586E-013
4353 3.1395E-013
4356 3.1847E-013
4359 3.2358E-013
4361 3.2640E-013
4364 3.2945E-013
4367 3.2649E-013
4370 3.2518E-013
4372 3.2415E-013
4375 3.2364E-013
4378 3.2219E-013
4381 3.2589E-013
4383 3.2150E-013
4386 3.1225E-013
4389 3.2158E-013
4392 3.2653E-013
4394 3.2756E-013
4397 3.2497E-013
4400 3.2848E-013
4403 3.2760E-013
4405 3.2453E-013
4408 3.2548E-013
4411 3.2902E-013
4414 3.3246E-013
4416 3.2705E-013
4419 3.2910E-013
4422 3.3125E-013
4425 3.3013E-013
4427 3.2996E-013
4430 3.3131E-013
4433 3.3344E-013
4436 3.3080E-013
4438 3.3100E-013
4441 3.3300E-013
4444 3.3047E-013
4447 3.2898E-013
4449 3.2667E-013
4452 3.3089E-013
4455 3.2895E-013
4458 3.2636E-013
4460 3.2880E-013
4463 3.2794E-013
4466 3.3194E-013
4469 3.2459E-013
4471 3.2592E-013
4474 3.2821E-013
4477 3.3161E-013
4480 3.3196E-013
4482 3.3037E-013
4485 3.2952E-013
4488 3.3147E-013
4491 3.3285E-013
4493 3.3416E-013
4496 3.3152E-013
4499 3.3303E-013
4501 3.3113E-013
4504 3.3370E-013
4507 3.3610E-013
4510 3.3619E-013
4512 3.3744E-013
4515 3.2934E-013
4518 3.3409E-013
4521 3.3429E-013
4523 3.2817E-013
4526 3.3083E-013
4529 3.2664E-013
4532 3.2362E-013
4534 3.2544E-013
4537 3.2729E-013
4540 3.2983E-013
4543 3.3446E-013
4545 3.3290E-013
4548 3.2969E-013
4551 3.2696E-013
4554 3.2634E-013
4556 3.2873E-013
4559 3.3243E-013
4562 3.3401E-013
4565 3.3240E-013
4567 3.3284E-013
4570 3.3331E-013
4573 3.3198E-013
4576 3.3306E-013
4578 3.3352E-013
4581 3.3441E-013
4584 3.3080E-013
4587 3.3062E-013
4589 3.3134E-013
4592 3.3099E-013
4595 3.3091E-013
4598 3.3242E-013
4600 3.3232E-013
4603 3.3093E-013
4606 3.3070E-013
4609 3.3120E-013
4611 3.3231E-013
4614 3.3342E-013
4617 3.3280E-013
4620 3.3052E-013
4622 3.3007E-013
4625 3.3278E-013
4628 3.3226E-013
4631 3.3335E-013
4633 3.3268E-013
4636 3.3223E-013
4639 3.3249E-013
4642 3.3587E-013
4644 3.3040E-013
4647 3.2815E-013
4650 3.3165E-013
4653 3.2896E-013
4655 3.3110E-013
4658 3.3084E-013
4661 3.2918E-013
4664 3.3149E-013
4666 3.3208E-013
4669 3.2986E-013
4672 3.3015E-013
4675 3.2853E-013
4677 3.3082E-013
4680 3.3035E-013
4683 3.3088E-013
4686 3.2754E-013
4688 3.2658E-013
4691 3.3296E-013
4694 3.3080E-013
4697 3.3074E-013
4699 3.3119E-013
4702 3.2939E-013
4705 3.2622E-013
4707 3.2563E-013
4710 3.2788E-013
4713 3.2680E-013
4716 3.2916E-013
4718 3.2789E-013
4721 3.3046E-013
4724 3.2777E-013
4727 3.2807E-013
4729 3.3041E-013
4732 3.2678E-013
4735 3.2887E-013
4738 3.2814E-013
4740 3.2663E-013
4743 3.2717E-013
4746 3.2850E-013
4749 3.3080E-013
4751 3.3068E-013
4754 3.2832E-013
4757 3.2691E-013
4760 3.2682E-013
4762 3.2509E-013
4765 3.2610E-013
4768 3.2861E-013
4771 3.2846E-013
4773 3.2522E-013
4776 3.2639E-013
4779 3.2641E-013
4782 3.2710E-013
4784 3.2488E-013
4787 3.2405E-013
4790 3.2349E-013
4793 3.2201E-013
4795 3.2194E-013
4798 3.2451E-013
4801 3.2367E-013
4804 3.2306E-013
4806 3.2293E-013
4809 3.2333E-013
4812 3.2381E-013
4815 3.2169E-013
4817 3.1879E-013
4820 3.2054E-013
4823 3.2090E-013
4826 3.2419E-013
4828 3.2407E-013
4831 3.2269E-013
4834 3.2313E-013
4837 3.2049E-013
4839 3.2048E-013
4842 3.2082E-013
4845 3.2010E-013
4848 3.1732E-013
4850 3.1567E-013
4853 3.1404E-013
4856 3.0796E-013
4858 2.9141E-013
4861 2.6357E-013
4864 2.4008E-013
4867 2.7018E-013
4869 2.9418E-013
4872 3.0304E-013
4875 3.0712E-013
4878 3.1038E-013
4880 3.1382E-013
4883 3.1606E-013
4886 3.1403E-013
4889 3.1684E-013
4891 3.1519E-013
4894 3.1281E-013
4897 3.1717E-013
4900 3.1746E-013
4902 3.1967E-013
4905 3.1876E-013
4908 3.2052E-013
4911 3.1891E-013
4913 3.1686E-013
4916 3.2096E-013
4919 3.1575E-013
4922 3.1127E-013
4924 3.1297E-013
4927 3.1514E-013
4930 3.1830E-013
4933 3.1723E-013
4935 3.1809E-013
4938 3.1708E-013
4941 3.1776E-013
4944 3.1762E-013
4946 3.1979E-013
4949 3.2056E-013
4952 3.1813E-013
4955 3.1752E-013
4957 3.1635E-013
4960 3.0936E-013
4963 3.1520E-013
4966 3.1633E-013
4968 3.1751E-013
4971 3.1928E-013
4974 3.1796E-013
4977 3.1882E-013
4979 3.2019E-013
4982 3.1639E-013
4985 3.1494E-013
4987 3.1422E-013
4990 3.1608E-013
4993 3.1619E-013
4996 3.1819E-013
4998 3.1612E-013
5001 3.1552E-013
5004 3.1559E-013
5007 3.1457E-013
5009 3.1118E-013
5012 3.1333E-013
5015 3.1273E-013
5018 3.1356E-013
5020 3.1374E-013
5023 3.1612E-013
5026 3.1081E-013
5029 3.1508E-013
5031 3.1429E-013
5034 3.1615E-013
5037 3.1629E-013
5040 3.1150E-013
5042 3.1079E-013
5045 3.1176E-013
5048 3.1508E-013
5051 3.1470E-013
5053 3.1230E-013
5056 3.1386E-013
5059 3.1677E-013
5062 3.1449E-013
5064 3.1353E-013
5067 3.1480E-013
5070 3.1383E-013
5073 3.1265E-013
5075 3.1391E-013
5078 3.1311E-013
5081 3.1301E-013
5083 3.0908E-013
5086 3.1268E-013
5089 3.1277E-013
5092 3.1378E-013
5094 3.1156E-013
5097 3.1288E-013
5100 3.1249E-013
5103 3.1283E-013
5105 3.1240E-013
5108 3.1226E-013
5111 3.0826E-013
5114 3.0928E-013
5116 3.1159E-013
5119 3.1084E-013
5122 3.1326E-013
5125 3.1053E-013
5127 3.0691E-013
5130 3.1036E-013
5133 3.0918E-013
5136 3.0741E-013
5138 3.0753E-013
5141 3.0497E-013
5144 3.0607E-013
5147 3.0799E-013
5149 3.0926E-013
5152 3.0835E-013
5155 3.0877E-013
5158 3.1002E-013
5160 3.0819E-013
5163 3.0810E-013
5166 3.0430E-013
5168 2.9278E-013
5171 2.8607E-013
5174 2.8628E-013
5177 2.9188E-013
5179 3.0210E-013
5182 3.0120E-013
5185 2.9358E-013
5188 2.8955E-013
5190 2.9972E-013
5193 3.0197E-013
5196 3.0009E-013
5199 3.0371E-013
5201 3.0563E-013
5204 3.0401E-013
5207 3.0180E-013
5210 3.0038E-013
5212 3.0217E-013
5215 3.0669E-013
5218 3.0342E-013
5221 3.0517E-013
5223 3.0724E-013
5226 3.0650E-013
5229 3.0070E-013
5232 3.0109E-013
5234 3.0042E-013
5237 3.0266E-013
5240 3.0559E-013
5243 3.0749E-013
5245 3.0405E-013
5248 3.0581E-013
5251 3.0535E-013
5253 3.0501E-013
5256 3.0536E-013
5259 3.0539E-013
5262 3.0462E-013
5264 3.0069E-013
5267 2.9793E-013
5270 2.9223E-013
5273 2.9281E-013
5275 2.9993E-013
5278 3.0204E-013
5281 3.0310E-013
5284 3.0188E-013
5286 3.0230E-013
5289 3.0434E-013
5292 3.0618E-013
5295 3.0408E-013
5297 3.0484E-013
5300 3.0286E-013
5303 3.0355E-013
5306 3.0251E-013
5308 3.0403E-013
5311 3.0400E-013
5314 3.0200E-013
5317 3.0229E-013
5319 3.0229E-013
5322 3.0193E-013
5325 3.0045E-013
5327 2.9626E-013
5330 2.9236E-013
5333 2.9649E-013
5336 2.9887E-013
5338 3.0040E-013
5341 2.9756E-013
5344 2.9823E-013
5347 2.9922E-013
5349 3.0069E-013
5352 3.0467E-013
5355 2.9715E-013
5358 3.0096E-013
5360 3.0212E-013
5363 3.0202E-013
5366 3.0089E-013
5369 3.0056E-013
5371 2.9438E-013
5374 2.9178E-013
5377 2.9864E-013
5380 2.9981E-013
5382 2.9947E-013
5385 2.9735E-013
5388 2.9849E-013
5390 2.9967E-013
5393 2.9973E-013
5396 2.9739E-013
5399 2.9391E-013
5401 2.9296E-013
5404 2.9471E-013
5407 2.9322E-013
5410 2.9609E-013
5412 2.9527E-013
5415 2.9574E-013
5418 2.9791E-013
5421 2.9817E-013
5423 2.9869E-013
5426 2.9502E-013
5429 2.9589E-013
5432 2.9580E-013
5434 2.9407E-013
5437 2.9303E-013
5440 2.9588E-013
5443 2.9616E-013
5445 2.9514E-013
5448 2.9287E-013
5452 2.9341E-013
5457 2.9285E-013
5462 2.9771E-013
5467 2.9534E-013
5471 2.9603E-013
5476 2.9677E-013
5481 2.9491E-013
5486 2.9491E-013
5491 2.9475E-013
5496 2.9397E-013
5501 2.9308E-013
5506 2.9313E-013
5510 2.9303E-013
5515 2.9315E-013
5520 2.9337E-013
5525 2.9312E-013
5530 2.9170E-013
5535 2.9049E-013
5540 2.8876E-013
5545 2.9176E-013
5549 2.9293E-013
5554 2.9200E-013
5559 2.9089E-013
5564 2.8895E-013
5569 2.9056E-013
5574 2.8809E-013
5579 2.8955E-013
5584 2.8781E-013
5588 2.8593E-013
5593 2.8492E-013
5598 2.8579E-013
5603 2.8806E-013
5608 2.8767E-013
5613 2.8684E-013
5618 2.8579E-013
5622 2.8916E-013
5627 2.8859E-013
5632 2.8699E-013
5637 2.8415E-013
5642 2.8679E-013
5647 2.8536E-013
5652 2.8481E-013
5657 2.8449E-013
5661 2.8485E-013
5666 2.8537E-013
5671 2.8567E-013
5676 2.8451E-013
5681 2.8513E-013
5686 2.8342E-013
5691 2.8483E-013
5696 2.8448E-013
5700 2.8428E-013
5705 2.8334E-013
5710 2.8163E-013
5715 2.8294E-013
5720 2.8172E-013
5725 2.8304E-013
5730 2.8290E-013
5735 2.8261E-013
5739 2.8324E-013
5744 2.8247E-013
5749 2.8154E-013
5754 2.8162E-013
5759 2.8017E-013
5764 2.8160E-013
5769 2.8054E-013
5774 2.8066E-013
5778 2.8120E-013
5783 2.8034E-013
5788 2.7928E-013
5793 2.8023E-013
5798 2.7865E-013
5803 2.7903E-013
5808 2.7702E-013
5813 2.7778E-013
5817 2.7856E-013
5822 2.7782E-013
5827 2.7779E-013
5832 2.7556E-013
5837 2.7779E-013
5842 2.7548E-013
5847 2.7586E-013
5852 2.7402E-013
5856 2.7303E-013
5861 2.7252E-013
5866 2.7466E-013
5871 2.7515E-013
5876 2.7410E-013
5881 2.7470E-013
5886 2.7195E-013
5891 2.6721E-013
5895 2.6741E-013
5900 2.6988E-013
5905 2.7167E-013
5910 2.7390E-013
5915 2.7298E-013
5920 2.7334E-013
5925 2.7011E-013
5930 2.7214E-013
5934 2.7239E-013
5939 2.7180E-013
5944 2.6990E-013
5949 2.7143E-013
5954 2.7176E-013
5959 2.7025E-013
5964 2.6928E-013
5969 2.7112E-013
5973 2.7073E-013
5978 2.7064E-013
5983 2.6962E-013
5988 2.6996E-013
5993 2.6808E-013
5998 2.6854E-013
6003 2.6846E-013
6008 2.6721E-013
6013 2.6739E-013
6017 2.6791E-013
6022 2.6804E-013
6027 2.6673E-013
6032 2.6712E-013
6037 2.6637E-013
6042 2.6951E-013
6047 2.6664E-013
6052 2.6667E-013
6056 2.6435E-013
6061 2.6465E-013
6066 2.6372E-013
6071 2.6369E-013
6076 2.6320E-013
6081 2.6607E-013
6086 2.6275E-013
6091 2.6197E-013
6095 2.6153E-013
6100 2.6197E-013
6105 2.6311E-013
6110 2.6154E-013
6115 2.6055E-013
6120 2.6106E-013
6125 2.5913E-013
6130 2.6028E-013
6134 2.6269E-013
6139 2.6024E-013
6144 2.6069E-013
6149 2.6029E-013
6154 2.6027E-013
6159 2.6018E-013
6164 2.5815E-013
6169 2.5806E-013
6173 2.5956E-013
6178 2.5977E-013
6183 2.5725E-013
6188 2.5962E-013
6193 2.5830E-013
6198 2.5858E-013
6203 2.5766E-013
6208 2.5712E-013
6213 2.5796E-013
6217 2.5604E-013
6222 2.5627E-013
6227 2.5618E-013
6232 2.5684E-013
6237 2.5719E-013
6242 2.5392E-013
6247 2.5456E-013
6252 2.5393E-013
6256 2.5485E-013
6261 2.5318E-013
6266 2.5277E-013
6271 2.5513E-013
6276 2.5537E-013
6281 2.5385E-013
6286 2.5436E-013
6291 2.5528E-013
6295 2.5475E-013
6300 2.5494E-013
6305 2.5126E-013
6310 2.5260E-013
6315 2.5019E-013
6320 2.4834E-013
6325 2.4722E-013
6330 2.4685E-013
6334 2.4682E-013
6339 2.4733E-013
6344 2.4974E-013
6349 2.4992E-013
6354 2.5161E-013
6359 2.5148E-013
6364 2.5026E-013
6369 2.4927E-013
6374 2.4862E-013
6378 2.4918E-013
6383 2.4967E-013
6388 2.4944E-013
6393 2.4797E-013
6398 2.4917E-013
6403 2.4745E-013
6408 2.4544E-013
6413 2.4519E-013
6417 2.4579E-013
6422 2.4632E-013
6427 2.4509E-013
6432 2.4482E-013
6437 2.4459E-013
6442 2.4342E-013
6447 2.4142E-013
6452 2.4253E-013
6456 2.4382E-013
6461 2.4243E-013
6466 2.4244E-013
6471 2.4362E-013
6476 2.4231E-013
6481 2.4093E-013
6486 2.4311E-013
6491 2.4226E-013
6496 2.4092E-013
6500 2.4053E-013
6505 2.4019E-013
6510 2.4133E-013
6515 2.4072E-013
6520 2.3923E-013
6525 2.3814E-013
6530 2.4005E-013
6535 2.4015E-013
6539 2.3763E-013
6544 2.3530E-013
6549 2.3267E-013
6554 2.2376E-013
6559 2.1534E-013
6564 2.0185E-013
6569 2.0561E-013
6574 2.2111E-013
6579 2.2868E-013
6583 2.3287E-013
6588 2.3558E-013
6593 2.3496E-013
6598 2.3669E-013
6603 2.3566E-013
6608 2.3650E-013
6613 2.3614E-013
6618 2.3712E-013
6622 2.3583E-013
6627 2.3659E-013
6632 2.3571E-013
6637 2.3428E-013
6642 2.3446E-013
6647 2.3353E-013
6652 2.3545E-013
6657 2.3496E-013
6662 2.3445E-013
6666 2.3456E-013
6671 2.3381E-013
6676 2.3335E-013
6681 2.3366E-013
6686 2.3331E-013
6691 2.3385E-013
6696 2.3426E-013
6701 2.3332E-013
6705 2.3188E-013
6710 2.3206E-013
6715 2.3180E-013
6720 2.3108E-013
6725 2.3019E-013
6730 2.3107E-013
6735 2.3147E-013
6740 2.3192E-013
6744 2.3237E-013
6749 2.3086E-013
6754 2.3168E-013
6759 2.3094E-013
6764 2.3070E-013
6769 2.2899E-013
6774 2.2902E-013
6779 2.2847E-013
6784 2.2843E-013
6788 2.2829E-013
6793 2.2825E-013
6798 2.2871E-013
6803 2.2835E-013
6808 2.2738E-013
6813 2.2718E-013
6818 2.2765E-013
6823 2.2680E-013
6827 2.2761E-013
6832 2.2709E-013
6837 2.2618E-013
6842 2.2603E-013
6847 2.2597E-013
6852 2.2439E-013
6857 2.2395E-013
6862 2.2440E-013
6867 2.2503E-013
6871 2.2529E-013
6876 2.2498E-013
6881 2.2280E-013
6886 2.2525E-013
6891 2.2387E-013
6896 2.2364E-013
6901 2.2309E-013
6906 2.2272E-013
6911 2.2354E-013
6915 2.2258E-013
6920 2.2164E-013
6925 2.2111E-013
6930 2.2294E-013
6935 2.2181E-013
6940 2.2222E-013
6945 2.2154E-013
6950 2.2038E-013
6954 2.1979E-013
6959 2.2065E-013
6964 2.2120E-013
6969 2.2035E-013
6974 2.1944E-013
6979 2.1925E-013
6984 2.1975E-013
6989 2.1815E-013
6994 2.1871E-013
6998 2.1884E-013
7003 2.1728E-013
7008 2.1734E-013
7013 2.1829E-013
7018 2.1734E-013
7023 2.1704E-013
7028 2.1735E-013
7033 2.1800E-013
7037 2.1627E-013
7042 2.1775E-013
7047 2.1514E-013
7052 2.1609E-013
7057 2.1601E-013
7062 2.1553E-013
7067 2.1566E-013
7072 2.1551E-013
7077 2.1463E-013
7081 2.1549E-013
7086 2.1289E-013
7091 2.1328E-013
7096 2.1324E-013
7101 2.1349E-013
7106 2.1265E-013
7111 2.1256E-013
7116 2.1217E-013
7120 2.1374E-013
7125 2.1279E-013
7130 2.1162E-013
7135 2.1082E-013
7140 2.1223E-013
7145 2.1190E-013
7150 2.1076E-013
7155 2.1069E-013
7160 2.1119E-013
7164 2.1075E-013
7169 2.0951E-013
7174 2.1020E-013
7179 2.0966E-013
7184 2.0970E-013
7189 2.0886E-013
7194 2.0835E-013
7199 2.0857E-013
7204 2.1029E-013
7208 2.0905E-013
7213 2.0952E-013
7218 2.0866E-013
7223 2.0810E-013
7228 2.0853E-013
7233 2.0759E-013
7238 2.0710E-013
7243 2.0661E-013
7247 2.0557E-013
7252 2.0625E-013
7257 2.0608E-013
7262 2.0576E-013
7267 2.0562E-013
7272 2.0768E-013
7277 2.0594E-013
7282 2.0632E-013
7287 2.0358E-013
7291 2.0523E-013
7296 2.0416E-013
7301 2.0450E-013
7306 2.0311E-013
7311 2.0315E-013
7316 2.0435E-013
7321 2.0339E-013
7326 2.0260E-013
7331 2.0332E-013
7335 2.0299E-013
7340 2.0407E-013
7345 2.0193E-013
7350 2.0306E-013
7355 2.0136E-013
7360 2.0301E-013
7365 2.0294E-013
7370 2.0147E-013
7374 2.0158E-013
7379 2.0142E-013
7384 2.0116E-013
7389 1.9978E-013
7394 1.9942E-013
7399 2.0031E-013
7404 1.9985E-013
7409 1.9879E-013
7414 1.9792E-013
7418 1.9892E-013
7423 1.9834E-013
7428 1.9871E-013
7433 1.9894E-013
7438 1.9836E-013
7443 1.9881E-013
7448 1.9807E-013
7453 1.9797E-013
7458 1.9644E-013
7462 1.9828E-013
7467 1.9585E-013
7472 1.9635E-013
7477 1.9580E-013
7482 1.9701E-013
7487 1.9567E-013
7492 1.9458E-013
7497 1.9538E-013
7501 1.9535E-013
7506 1.9537E-013
7511 1.9450E-013
7516 1.9547E-013
7521 1.9494E-013
7526 1.9267E-013
7531 1.9452E-013
7536 1.9410E-013
7541 1.9421E-013
7545 1.9497E-013
7550 1.9302E-013
7555 1.9314E-013
7560 1.9397E-013
7565 1.9372E-013
7570 1.9293E-013
7575 1.9295E-013
7580 1.9272E-013
7585 1.9199E-013
7589 1.9235E-013
7594 1.9112E-013
7599 1.9175E-013
7604 1.9111E-013
7609 1.9030E-013
7614 1.9045E-013
7619 1.9041E-013
7624 1.9030E-013
7628 1.9076E-013
7633 1.9019E-013
7638 1.9013E-013
7643 1.8994E-013
7648 1.8867E-013
7653 1.8894E-013
7658 1.8968E-013
7663 1.8888E-013
7668 1.8860E-013
7672 1.8957E-013
7677 1.9030E-013
7682 1.8815E-013
7687 1.8841E-013
7692 1.8662E-013
7697 1.8724E-013
7702 1.8685E-013
7707 1.8737E-013
7712 1.8722E-013
7716 1.8716E-013
7721 1.8839E-013
7726 1.8675E-013
7731 1.8746E-013
7736 1.8693E-013
7741 1.8625E-013
7746 1.8529E-013
7751 1.8548E-013
7756 1.8455E-013
7760 1.8552E-013
7765 1.8514E-013
7770 1.8517E-013
7775 1.8546E-013
7780 1.8393E-013
7785 1.8434E-013
7790 1.8416E-013
7795 1.8269E-013
7799 1.8421E-013
7804 1.8339E-013
7809 1.8375E-013
7814 1.8283E-013
7819 1.8337E-013
7824 1.8324E-013
7829 1.8344E-013
7834 1.8210E-013
7839 1.8327E-013
7843 1.8162E-013
7848 1.8099E-013
7853 1.8098E-013
7858 1.8121E-013
7863 1.8172E-013
7868 1.8221E-013
7873 1.8191E-013
7878 1.7995E-013
7883 1.7957E-013
7887 1.8026E-013
7892 1.8150E-013
7897 1.8187E-013
7902 1.8084E-013
7907 1.7872E-013
7912 1.7817E-013
7917 1.7897E-013
7922 1.7828E-013
7926 1.7919E-013
7931 1.7823E-013
7936 1.7855E-013
7941 1.7692E-013
7946 1.7673E-013
7951 1.7902E-013
7956 1.7621E-013
7961 1.7735E-013
7966 1.7774E-013
7970 1.7651E-013
7975 1.7817E-013
7980 1.7799E-013
7985 1.7768E-013
7990 1.7661E-013
7995 1.7584E-013
8000 1.7494E-013
8005 1.7489E-013
8010 1.7569E-013
8014 1.7619E-013
8019 1.7721E-013
8024 1.7568E-013
8029 1.7695E-013
8034 1.7477E-013
8039 1.7424E-013
8044 1.7437E-013
8049 1.7463E-013
8054 1.7358E-013
8058 1.7274E-013
8063 1.7396E-013
8068 1.7348E-013
8073 1.7235E-013
8078 1.7252E-013
8083 1.7232E-013
8088 1.7097E-013
8093 1.7199E-013
8097 1.7164E-013
8102 1.7309E-013
8107 1.7194E-013
8112 1.7146E-013
8117 1.7082E-013
8122 1.7210E-013
8127 1.7157E-013
8132 1.7252E-013
8137 1.6914E-013
8141 1.6981E-013
8146 1.6948E-013
8151 1.7049E-013
8156 1.7020E-013
8161 1.6970E-013
8166 1.6958E-013
8171 1.6909E-013
8176 1.7041E-013
8181 1.6928E-013
8185 1.6672E-013
8190 1.6869E-013
8195 1.6903E-013
8200 1.6874E-013
8205 1.6784E-013
8210 1.6740E-013
8215 1.6779E-013
8220 1.6859E-013
8224 1.6695E-013
8229 1.6687E-013
8234 1.6678E-013
8239 1.6685E-013
8244 1.6721E-013
8249 1.6645E-013
8254 1.6673E-013
8259 1.6554E-013
8264 1.6491E-013
8268 1.6591E-013
8273 1.6535E-013
8278 1.6546E-013
8283 1.6568E-013
8288 1.6512E-013
8293 1.6417E-013
8298 1.6533E-013
8303 1.6514E-013
8308 1.6486E-013
8312 1.6497E-013
8317 1.6469E-013
8322 1.6450E-013
8327 1.6330E-013
8332 1.6306E-013
8337 1.6276E-013
8342 1.6236E-013
8347 1.6234E-013
8351 1.6243E-013
8356 1.6275E-013
8361 1.6086E-013
8366 1.5999E-013
8371 1.6050E-013
8376 1.6131E-013
8381 1.6240E-013
8386 1.6234E-013
8391 1.6129E-013
8395 1.6194E-013
8400 1.6167E-013
8405 1.6112E-013
8410 1.6101E-013
8415 1.5989E-013
8420 1.6181E-013
8425 1.6140E-013
8430 1.6037E-013
8435 1.6101E-013
8439 1.5837E-013
8444 1.5817E-013
8449 1.5740E-013
8454 1.5812E-013
8459 1.5812E-013
8464 1.6005E-013
8469 1.5939E-013
8474 1.5885E-013
8478 1.5949E-013
8483 1.5838E-013
8488 1.5779E-013
8493 1.5770E-013
8498 1.5555E-013
8503 1.5315E-013
8508 1.5535E-013
8513 1.5632E-013
8518 1.5576E-013
8522 1.5549E-013
8527 1.5638E-013
8532 1.5410E-013
8537 1.5211E-013
8542 1.4810E-013
8547 1.4430E-013
8552 1.5146E-013
8557 1.5386E-013
8562 1.5370E-013
8566 1.5564E-013
8571 1.5591E-013
8576 1.5634E-013
8581 1.5590E-013
8586 1.5514E-013
8591 1.5468E-013
8596 1.5485E-013
8601 1.5424E-013
8605 1.5296E-013
8610 1.5472E-013
8615 1.5259E-013
8620 1.5547E-013
8625 1.5305E-013
8630 1.5403E-013
8635 1.5317E-013
8640 1.5241E-013
8645 1.5323E-013
8649 1.5298E-013
8654 1.5071E-013
8659 1.4767E-013
8664 1.4463E-013
8669 1.4507E-013
8674 1.4863E-013
8679 1.4856E-013
8684 1.5020E-013
8688 1.5133E-013
8693 1.5088E-013
8698 1.5109E-013
8703 1.5105E-013
8708 1.5091E-013
8713 1.5103E-013
8718 1.4939E-013
8723 1.4989E-013
8728 1.4958E-013
8732 1.5019E-013
8737 1.5010E-013
8742 1.4953E-013
8747 1.4861E-013
8752 1.4861E-013
8757 1.4940E-013
8762 1.5064E-013
8767 1.5053E-013
8772 1.5016E-013
8776 1.4950E-013
8781 1.4848E-013
8786 1.4828E-013
8791 1.4753E-013
8796 1.4813E-013
8801 1.4678E-013
8806 1.4804E-013
8811 1.4741E-013
8815 1.4640E-013
8820 1.4714E-013
8825 1.4660E-013
8830 1.4766E-013
8835 1.4678E-013
8840 1.4633E-013
8845 1.4734E-013
8850 1.4672E-013
8855 1.4631E-013
8859 1.4481E-013
8864 1.4384E-013
8869 1.4447E-013
8874 1.4445E-013
8879 1.4578E-013
8884 1.4556E-013
8889 1.4572E-013
8894 1.4467E-013
8898 1.4318E-013
8903 1.4301E-013
8908 1.4369E-013
8913 1.4531E-013
8918 1.4511E-013
8923 1.4609E-013
8928 1.4507E-013
8933 1.4418E-013
8938 1.4315E-013
8942 1.4209E-013
8947 1.4298E-013
8952 1.4262E-013
8957 1.4496E-013
8962 1.4382E-013
8967 1.4412E-013
8972 1.4251E-013
8977 1.4361E-013
8981 1.4317E-013
8986 1.4133E-013
8991 1.4258E-013
8996 1.4122E-013
9001 1.4210E-013
9006 1.4130E-013
9011 1.3992E-013
9016 1.4011E-013
9021 1.4051E-013
9025 1.4180E-013
9030 1.4076E-013
9035 1.4184E-013
9040 1.4061E-013
9045 1.4016E-013
9050 1.4069E-013
9055 1.3992E-013
9060 1.3993E-013
9064 1.3955E-013
9069 1.3864E-013
9074 1.4069E-013
9079 1.4124E-013
9084 1.4032E-013
9089 1.3873E-013
9094 1.3797E-013
9099 1.3783E-013
9104 1.3775E-013
9108 1.3808E-013
9113 1.3929E-013
9118 1.3881E-013
9123 1.3759E-013
9128 1.3798E-013
9133 1.3740E-013
9138 1.3791E-013
9143 1.3864E-013
9147 1.3949E-013
9152 1.3893E-013
9157 1.4031E-013
9162 1.3956E-013
9167 1.3670E-013
9172 1.3692E-013
9177 1.3606E-013
9182 1.3492E-013
9186 1.3686E-013
9191 1.3709E-013
9196 1.3742E-013
9201 1.3746E-013
9206 1.3590E-013
9211 1.3407E-013
9216 1.3202E-013
9221 1.3407E-013
9226 1.3454E-013
9230 1.3371E-013
9235 1.3328E-013
9240 1.3283E-013
9245 1.3203E-013
9250 1.3343E-013
9255 1.3379E-013
9260 1.3324E-013
9265 1.3321E-013
9269 1.3317E-013
9274 1.3392E-013
9279 1.3335E-013
9284 1.3360E-013
9289 1.3517E-013
9294 1.3577E-013
9299 1.3351E-013
9304 1.3463E-013
9309 1.3306E-013
9313 1.3255E-013
9318 1.3120E-013
9323 1.3219E-013
9328 1.3158E-013
9333 1.3104E-013
9338 1.3151E-013
9343 1.3028E-013
9348 1.2994E-013
9352 1.3047E-013
9357 1.3074E-013
9362 1.3110E-013
9367 1.3100E-013
9372 1.3063E-013
9377 1.3039E-013
9382 1.2982E-013
9387 1.2906E-013
9391 1.2965E-013
9396 1.3013E-013
9401 1.2986E-013
9406 1.2886E-013
9411 1.3089E-013
9416 1.2814E-013
9421 1.2800E-013
9426 1.2836E-013
9431 1.2920E-013
9435 1.2958E-013
9440 1.2970E-013
9445 1.2910E-013
9450 1.2853E-013
9455 1.2768E-013
9460 1.2854E-013
9465 1.2816E-013
9470 1.2777E-013
9474 1.2894E-013
9479 1.2812E-013
9484 1.2648E-013
9489 1.2610E-013
9494 1.2715E-013
9499 1.2657E-013
9504 1.2683E-013
9509 1.2715E-013
9513 1.2661E-013
9518 1.2646E-013
9523 1.2416E-013
9528 1.2551E-013
9533 1.2523E-013
9538 1.2445E-013
9543 1.2402E-013
9548 1.2304E-013
9552 1.2224E-013
9557 1.2188E-013
9562 1.2478E-013
9567 1.2476E-013
9572 1.2529E-013
9577 1.2459E-013
9582 1.2239E-013
9587 1.2400E-013
9592 1.2368E-013
9596 1.2469E-013
9601 1.2483E-013
9606 1.2408E-013
9611 1.2413E-013
9616 1.2670E-013
9621 1.2398E-013
9626 1.2311E-013
9631 1.2250E-013
9635 1.2361E-013
9640 1.2287E-013
9645 1.2055E-013
9650 1.2345E-013
9655 1.2131E-013
9660 1.2177E-013
9665 1.2135E-013
9670 1.2126E-013
9674 1.2109E-013
9679 1.2066E-013
9684 1.2144E-013
9689 1.2108E-013
9694 1.2234E-013
9699 1.2364E-013
9704 1.2302E-013
9709 1.2022E-013
9713 1.1971E-013
9718 1.1985E-013
9723 1.1940E-013
9728 1.1948E-013
9733 1.2044E-013
9738 1.1952E-013
9743 1.1914E-013
9748 1.1976E-013
9752 1.2063E-013
9757 1.2141E-013
9762 1.2037E-013
9767 1.1977E-013
9772 1.1970E-013
9777 1.2036E-013
9782 1.2022E-013
9787 1.2021E-013
9791 1.1842E-013
9796 1.1788E-013
9801 1.1717E-013
9806 1.1835E-013
9811 1.1839E-013
9816 1.1713E-013
9821 1.1618E-013
9826 1.1613E-013
9830 1.1739E-013
9835 1.1735E-013
9840 1.1703E-013
9845 1.1568E-013
9850 1.1692E-013
9855 1.1636E-013
9860 1.1755E-013
9865 1.1719E-013
9869 1.1524E-013
9874 1.1546E-013
9879 1.1750E-013
9884 1.1537E-013
9889 1.1707E-013
9894 1.1683E-013
9899 1.1593E-013
9904 1.1598E-013
9908 1.1714E-013
9913 1.1553E-013
9918 1.1237E-013
9923 1.1597E-013
9928 1.1544E-013
9933 1.1550E-013
9938 1.1353E-013
9943 1.1433E-013
9947 1.1583E-013
9952 1.1502E-013
9957 1.1522E-013
9962 1.1539E-013
9967 1.1464E-013
9972 1.1352E-013
9977 1.1313E-013
9982 1.1457E-013
9986 1.1435E-013
9991 1.1239E-013
9996 1.1435E-013
1E+004 1.1280E-013
1.001E+004 1.1483E-013
1.001E+004 1.1465E-013
1.002E+004 1.1257E-013
1.002E+004 1.1296E-013
1.003E+004 1.1219E-013
1.003E+004 1.1163E-013
1.004E+004 1.1243E-013
1.004E+004 1.1074E-013
1.004E+004 1.1020E-013
1.005E+004 1.0847E-013
1.005E+004 1.0850E-013
1.006E+004 1.0833E-013
1.006E+004 1.1128E-013
1.007E+004 1.0856E-013
1.007E+004 1.1141E-013
1.008E+004 1.1102E-013
1.008E+004 1.0942E-013
1.009E+004 1.0912E-013
1.009E+004 1.1098E-013
1.01E+004 1.1111E-013
1.01E+004 1.0837E-013
1.011E+004 1.1060E-013
1.011E+004 1.1069E-013
1.012E+004 1.0854E-013
1.013E+004 1.1128E-013
1.018E+004 1.0984E-013
1.023E+004 1.0879E-013
1.028E+004 1.0777E-013
1.033E+004 1.0666E-013
1.038E+004 1.0552E-013
1.043E+004 1.0430E-013
1.048E+004 1.0353E-013
1.053E+004 1.0236E-013
1.058E+004 1.0124E-013
1.063E+004 1.0023E-013
1.068E+004 9.9011E-014
1.073E+004 9.7803E-014
1.078E+004 9.7172E-014
1.083E+004 9.5912E-014
1.088E+004 9.5013E-014
1.093E+004 9.2502E-014
1.098E+004 9.3019E-014
1.103E+004 9.2450E-014
1.108E+004 9.1489E-014
1.113E+004 9.0639E-014
1.118E+004 8.9727E-014
1.123E+004 8.8731E-014
1.128E+004 8.7834E-014
1.133E+004 8.7032E-014
1.138E+004 8.6233E-014
1.143E+004 8.5288E-014
1.148E+004 8.4785E-014
1.153E+004 8.3895E-014
1.158E+004 8.3179E-014
1.163E+004 8.1955E-014
1.168E+004 8.1496E-014
1.173E+004 8.0656E-014
1.178E+004 7.9928E-014
1.183E+004 7.9059E-014
1.188E+004 7.8335E-014
1.193E+004 7.7698E-014
1.198E+004 7.6629E-014
1.203E+004 7.6104E-014
1.208E+004 7.5300E-014
1.213E+004 7.5043E-014
1.218E+004 7.4427E-014
1.223E+004 7.3683E-014
1.228E+004 7.3032E-014
1.233E+004 7.2335E-014
1.238E+004 7.1834E-014
1.243E+004 7.0966E-014
1.248E+004 7.0459E-014
1.253E+004 6.9816E-014
1.258E+004 6.9196E-014
1.263E+004 6.8518E-014
1.268E+004 6.7936E-014
1.273E+004 6.7465E-014
1.278E+004 6.6834E-014
1.283E+004 6.3749E-014
1.288E+004 6.5558E-014
1.293E+004 6.5148E-014
1.298E+004 6.4526E-014
1.303E+004 6.3905E-014
1.308E+004 6.3442E-014
1.313E+004 6.2677E-014
1.318E+004 6.2401E-014
1.323E+004 6.1851E-014
1.328E+004 6.1334E-014
1.333E+004 6.0702E-014
1.338E+004 6.0310E-014
1.343E+004 5.9737E-014
1.348E+004 5.9299E-014
1.353E+004 5.8712E-014
1.358E+004 5.8259E-014
1.363E+004 5.7829E-014
1.368E+004 5.7251E-014
1.373E+004 5.6970E-014
1.378E+004 5.6342E-014
1.383E+004 5.5954E-014
1.388E+004 5.5530E-014
1.393E+004 5.5150E-014
1.398E+004 5.4747E-014
1.403E+004 5.4062E-014
1.408E+004 5.3812E-014
1.413E+004 5.3278E-014
1.418E+004 5.2854E-014
1.423E+004 5.2367E-014
1.428E+004 5.2060E-014
1.433E+004 5.1521E-014
1.438E+004 5.1053E-014
1.443E+004 5.0920E-014
1.448E+004 5.0264E-014
1.453E+004 5.0027E-014
1.457E+004 4.9607E-014
1.462E+004 4.9281E-014
1.468E+004 4.8908E-014
1.473E+004 4.8423E-014
1.478E+004 4.8101E-014
1.483E+004 4.7778E-014
1.488E+004 4.7089E-014
1.493E+004 4.7093E-014
1.498E+004 4.6703E-014
1.503E+004 4.5844E-014
1.508E+004 4.5813E-014
1.513E+004 4.5655E-014
1.518E+004 4.5215E-014
1.523E+004 4.5006E-014
1.528E+004 4.4570E-014
1.533E+004 4.4192E-014
1.538E+004 4.3970E-014
1.543E+004 4.3568E-014
1.548E+004 4.3215E-014
1.553E+004 4.2912E-014
1.558E+004 4.2465E-014
1.563E+004 4.2116E-014
1.568E+004 4.1840E-014
1.573E+004 4.1292E-014
1.578E+004 4.0902E-014
1.583E+004 4.0815E-014
1.588E+004 4.0033E-014
1.593E+004 3.9920E-014
1.598E+004 3.9902E-014
1.605E+004 3.9316E-014
1.615E+004 3.8339E-014
1.625E+004 3.8235E-014
1.635E+004 3.7248E-014
1.645E+004 3.6200E-014
1.655E+004 3.5986E-014
1.665E+004 3.5270E-014
1.675E+004 3.4288E-014
1.685E+004 3.3302E-014
1.695E+004 3.3168E-014
1.705E+004 3.2482E-014
1.715E+004 3.1851E-014
1.725E+004 3.1185E-014
1.735E+004 2.9857E-014
1.745E+004 2.9926E-014
1.755E+004 2.9411E-014
1.765E+004 2.8843E-014
1.775E+004 2.8308E-014
1.785E+004 2.7728E-014
1.795E+004 2.7181E-014
1.805E+004 2.6697E-014
1.815E+004 2.5521E-014
1.825E+004 2.5578E-014
1.835E+004 2.5189E-014
1.845E+004 2.4676E-014
1.855E+004 2.4260E-014
1.865E+004 2.3717E-014
1.875E+004 2.2309E-014
1.885E+004 2.2838E-014
1.895E+004 2.2429E-014
1.905E+004 2.2082E-014
1.915E+004 2.1715E-014
1.925E+004 2.1246E-014
1.935E+004 2.0869E-014
1.945E+004 1.9828E-014
1.955E+004 2.0126E-014
1.965E+004 1.9761E-014
1.975E+004 1.9423E-014
1.985E+004 1.9070E-014
1.995E+004 1.8770E-014
2.005E+004 1.8455E-014
2.015E+004 1.8133E-014
2.025E+004 1.7780E-014
2.035E+004 1.7508E-014
2.045E+004 1.7202E-014
2.055E+004 1.6898E-014
2.065E+004 1.6587E-014
2.075E+004 1.6346E-014
2.085E+004 1.6053E-014
2.095E+004 1.5752E-014
2.105E+004 1.5529E-014
2.115E+004 1.5246E-014
2.125E+004 1.4983E-014
2.135E+004 1.4764E-014
2.145E+004 1.4510E-014
2.155E+004 1.4280E-014
2.165E+004 1.3570E-014
2.175E+004 1.3784E-014
2.185E+004 1.3555E-014
2.195E+004 1.3361E-014
2.205E+004 1.3118E-014
2.215E+004 1.2922E-014
2.225E+004 1.2707E-014
2.235E+004 1.2514E-014
2.245E+004 1.2294E-014
2.255E+004 1.2118E-014
2.265E+004 1.1916E-014
2.275E+004 1.1731E-014
2.285E+004 1.1544E-014
2.295E+004 1.1330E-014
2.305E+004 1.1179E-014
2.315E+004 1.1003E-014
2.325E+004 1.0762E-014
2.335E+004 1.0637E-014
2.345E+004 1.0504E-014
2.355E+004 1.0262E-014
2.365E+004 1.0152E-014
2.375E+004 1.0012E-014
2.385E+004 9.7919E-015
2.395E+004 9.6861E-015
2.405E+004 9.5735E-015
2.415E+004 9.3650E-015
2.425E+004 9.2578E-015
2.435E+004 9.1245E-015
2.445E+004 8.9688E-015
2.455E+004 8.8276E-015
2.465E+004 8.7167E-015
2.475E+004 8.5903E-015
2.485E+004 8.4310E-015
2.495E+004 8.3483E-015
2.505E+004 8.2347E-015
2.515E+004 8.0921E-015
2.525E+004 7.9981E-015
2.535E+004 7.8807E-015
2.545E+004 7.7485E-015
2.555E+004 7.6404E-015
2.565E+004 7.5357E-015
2.575E+004 7.4502E-015
2.585E+004 7.3083E-015
2.595E+004 7.2319E-015
2.605E+004 7.1395E-015
2.615E+004 7.0128E-015
2.625E+004 6.6809E-015
2.635E+004 6.8342E-015
2.645E+004 6.7303E-015
2.655E+004 6.6494E-015
2.665E+004 6.5306E-015
2.675E+004 6.4432E-015
2.685E+004 6.3930E-015
2.695E+004 6.2994E-015
2.705E+004 6.2163E-015
2.715E+004 6.1351E-015
2.725E+004 6.0486E-015
2.735E+004 5.9734E-015
2.745E+004 5.8919E-015
2.755E+004 5.7688E-015
2.765E+004 5.7203E-015
2.775E+004 5.6527E-015
2.785E+004 5.5831E-015
2.795E+004 5.5170E-015
2.805E+004 5.4388E-015
2.815E+004 5.3704E-015
2.825E+004 5.2979E-015
2.835E+004 5.2271E-015
2.845E+004 5.1624E-015
2.855E+004 5.0908E-015
2.865E+004 5.0192E-015
2.875E+004 4.9142E-015
2.885E+004 4.9007E-015
2.895E+004 4.8368E-015
2.905E+004 4.7757E-015
2.915E+004 4.7167E-015
2.925E+004 4.6519E-015
2.935E+004 4.5969E-015
2.945E+004 4.5336E-015
2.955E+004 4.4814E-015
2.965E+004 4.4291E-015
2.975E+004 4.3733E-015
2.985E+004 4.3142E-015
2.995E+004 4.2563E-015
3.005E+004 4.2131E-015
3.015E+004 4.1558E-015
3.025E+004 4.1058E-015
3.035E+004 4.0114E-015
3.045E+004 3.9830E-015
3.055E+004 3.9544E-015
3.065E+004 3.9046E-015
3.075E+004 3.8595E-015
3.085E+004 3.8130E-015
3.095E+004 3.7668E-015
3.105E+004 3.7235E-015
3.115E+004 3.6650E-015
3.125E+004 3.6332E-015
3.135E+004 3.5940E-015
3.145E+004 3.5458E-015
3.155E+004 3.4999E-015
3.165E+004 3.4565E-015
3.175E+004 3.4246E-015
3.185E+004 3.3841E-015
3.195E+004 3.3327E-015
3.21E+004 3.2809E-015
3.23E+004 3.2085E-015
3.25E+004 3.1309E-015
3.27E+004 3.0608E-015
3.29E+004 2.9624E-015
3.31E+004 2.9126E-015
3.33E+004 2.8551E-015
3.35E+004 2.7932E-015
3.37E+004 2.7281E-015
3.39E+004 2.6667E-015
3.41E+004 2.6056E-015
3.43E+004 2.5519E-015
3.45E+004 2.5000E-015
3.47E+004 2.4431E-015
3.49E+004 2.3906E-015
3.51E+004 2.3422E-015
3.53E+004 2.2894E-015
3.55E+004 2.2385E-015
3.57E+004 2.1933E-015
3.59E+004 2.1469E-015
3.61E+004 2.1033E-015
3.63E+004 2.0599E-015
3.65E+004 2.0116E-015
3.67E+004 1.9718E-015
3.69E+004 1.9223E-015
3.71E+004 1.8783E-015
3.73E+004 1.8449E-015
3.75E+004 1.7907E-015
3.77E+004 1.7747E-015
3.79E+004 1.7397E-015
3.81E+004 1.7067E-015
3.83E+004 1.6759E-015
3.85E+004 1.6449E-015
3.87E+004 1.6092E-015
3.89E+004 1.5780E-015
3.91E+004 1.5486E-015
3.93E+004 1.5195E-015
3.95E+004 1.4872E-015
3.97E+004 1.4588E-015
3.99E+004 1.4270E-015
4.01E+004 1.4012E-015
4.03E+004 1.3775E-015
4.05E+004 1.3327E-015
4.07E+004 1.3257E-015
4.09E+004 1.3016E-015
4.11E+004 1.2790E-015
4.13E+004 1.2559E-015
4.15E+004 1.2314E-015
4.17E+004 1.2077E-015
4.19E+004 1.1856E-015
4.21E+004 1.1618E-015
4.23E+004 1.1412E-015
4.25E+004 1.1208E-015
4.27E+004 1.1007E-015
4.29E+004 1.0811E-015
4.31E+004 1.0618E-015
4.33E+004 1.0430E-015
4.35E+004 1.0246E-015
4.37E+004 1.0043E-015
4.39E+004 9.8879E-016
4.41E+004 9.7173E-016
4.43E+004 9.5495E-016
4.45E+004 9.3853E-016
4.47E+004 9.2250E-016
4.49E+004 9.0680E-016
4.51E+004 8.9136E-016
4.53E+004 8.7630E-016
4.55E+004 8.6162E-016
4.57E+004 8.4721E-016
4.59E+004 8.3305E-016
4.61E+004 8.1931E-016
4.63E+004 8.0571E-016
4.65E+004 7.8571E-016
4.67E+004 7.7702E-016
4.69E+004 7.6682E-016
4.71E+004 7.5441E-016
4.73E+004 7.4221E-016
4.75E+004 7.3023E-016
4.77E+004 7.1850E-016
4.79E+004 7.0702E-016
4.81E+004 6.9572E-016
4.83E+004 6.8468E-016
4.85E+004 6.7384E-016
4.87E+004 6.6321E-016
4.89E+004 6.5280E-016
4.91E+004 6.4260E-016
4.93E+004 6.3256E-016
4.95E+004 6.2276E-016
4.97E+004 6.1310E-016
4.99E+004 6.0370E-016
5.01E+004 5.9440E-016
5.03E+004 5.8537E-016
5.05E+004 5.7639E-016
5.07E+004 5.6768E-016
5.09E+004 5.5914E-016
5.11E+004 5.5065E-016
5.13E+004 5.4035E-016
5.15E+004 5.3433E-016
5.17E+004 5.2641E-016
5.19E+004 5.1859E-016
5.21E+004 5.1094E-016
5.23E+004 5.0343E-016
5.25E+004 4.9606E-016
5.27E+004 4.8882E-016
5.29E+004 4.8169E-016
5.31E+004 4.7472E-016
5.33E+004 4.6786E-016
5.35E+004 4.6113E-016
5.37E+004 4.5451E-016
5.39E+004 4.4802E-016
5.41E+004 4.4165E-016
5.43E+004 4.3537E-016
5.45E+004 4.2923E-016
5.47E+004 4.2313E-016
5.49E+004 4.1724E-016
5.51E+004 4.1142E-016
5.53E+004 4.0566E-016
5.55E+004 4.0004E-016
5.57E+004 3.9451E-016
5.59E+004 3.8902E-016
5.61E+004 3.8371E-016
5.63E+004 3.7845E-016
5.65E+004 3.7329E-016
5.67E+004 3.6822E-016
5.69E+004 3.6322E-016
5.71E+004 3.5826E-016
5.73E+004 3.5348E-016
5.75E+004 3.4874E-016
5.77E+004 3.4407E-016
5.79E+004 3.3948E-016
5.81E+004 3.3497E-016
5.83E+004 3.3053E-016
5.85E+004 3.2618E-016
5.87E+004 3.2188E-016
5.89E+004 3.1765E-016
5.91E+004 3.1219E-016
5.93E+004 3.0942E-016
5.95E+004 3.0527E-016
5.97E+004 3.0145E-016
5.99E+004 2.9756E-016
6.01E+004 2.9373E-016
6.03E+004 2.8997E-016
6.05E+004 2.8626E-016
6.07E+004 2.8261E-016
6.09E+004 2.7901E-016
6.11E+004 2.7547E-016
6.13E+004 2.7201E-016
6.15E+004 2.6859E-016
6.17E+004 2.6522E-016
6.19E+004 2.6191E-016
6.21E+004 2.5864E-016
6.23E+004 2.5541E-016
6.25E+004 2.5226E-016
6.27E+004 2.4915E-016
6.29E+004 2.4590E-016
6.31E+004 2.4306E-016
6.33E+004 2.4009E-016
6.35E+004 2.3716E-016
6.37E+004 2.3428E-016
6.39E+004 2.3144E-016
6.42E+004 2.2726E-016
6.46E+004 2.2183E-016
6.5E+004 2.1656E-016
6.54E+004 2.1146E-016
6.58E+004 2.0650E-016
6.62E+004 2.0168E-016
6.66E+004 1.9701E-016
6.7E+004 1.9247E-016
6.74E+004 1.8805E-016
6.78E+004 1.8366E-016
6.82E+004 1.7961E-016
6.86E+004 1.7556E-016
6.9E+004 1.7163E-016
6.94E+004 1.6780E-016
6.98E+004 1.6409E-016
7.02E+004 1.6019E-016
7.06E+004 1.5691E-016
7.1E+004 1.5355E-016
7.14E+004 1.5023E-016
7.18E+004 1.4698E-016
7.22E+004 1.4377E-016
7.26E+004 1.4070E-016
7.3E+004 1.3783E-016
7.34E+004 1.3476E-016
7.38E+004 1.3207E-016
7.42E+004 1.2917E-016
7.46E+004 1.2561E-016
7.5E+004 1.2335E-016
7.54E+004 1.2137E-016
7.58E+004 1.1895E-016
7.62E+004 1.1653E-016
7.66E+004 1.1420E-016
7.7E+004 1.1178E-016
7.74E+004 1.0965E-016
7.78E+004 1.0748E-016
7.82E+004 1.0535E-016
7.86E+004 1.0328E-016
7.9E+004 1.0124E-016
7.94E+004 9.9236E-017
7.98E+004 9.7343E-017
8.02E+004 9.5372E-017
8.06E+004 9.3484E-017
8.1E+004 9.1806E-017
8.14E+004 8.9904E-017
8.18E+004 8.8224E-017
8.22E+004 8.6666E-017
8.26E+004 8.5012E-017
8.3E+004 8.3439E-017
8.34E+004 8.1771E-017
8.38E+004 8.0316E-017
8.42E+004 7.8869E-017
8.46E+004 7.7423E-017
8.5E+004 7.6008E-017
8.54E+004 7.4624E-017
8.58E+004 7.3261E-017
8.62E+004 7.1938E-017
8.66E+004 7.0647E-017
8.7E+004 6.9415E-017
8.74E+004 6.8103E-017
8.78E+004 6.6879E-017
8.82E+004 6.5698E-017
8.86E+004 6.4481E-017
8.9E+004 6.3421E-017
8.94E+004 6.2340E-017
8.98E+004 6.1194E-017
9.02E+004 6.0206E-017
9.06E+004 5.9199E-017
9.1E+004 5.8094E-017
9.14E+004 5.7149E-017
9.18E+004 5.6217E-017
9.22E+004 5.5298E-017
9.26E+004 5.4355E-017
9.3E+004 5.3449E-017
9.34E+004 5.2547E-017
9.38E+004 5.1660E-017
9.42E+004 5.0821E-017
9.46E+004 4.9990E-017
9.5E+004 4.9140E-017
9.54E+004 4.8342E-017
9.58E+004 4.7590E-017
9.62E+004 4.6770E-017
9.66E+004 4.6061E-017
9.7E+004 4.5308E-017
9.74E+004 4.4487E-017
9.78E+004 4.3841E-017
9.82E+004 4.3161E-017
9.86E+004 4.2496E-017
9.9E+004 4.1839E-017
9.94E+004 4.1164E-017
9.98E+004 4.0503E-017
1.002E+005 3.9945E-017
1.005E+005 3.9359E-017
1.01E+005 3.8666E-017
1.015E+005 3.7934E-017
1.02E+005 3.7208E-017
1.025E+005 3.6496E-017
1.03E+005 3.5805E-017
1.035E+005 3.5136E-017
1.04E+005 3.4481E-017
1.045E+005 3.3837E-017
1.05E+005 3.3177E-017
1.055E+005 3.2590E-017
1.06E+005 3.1989E-017
1.065E+005 3.1400E-017
1.07E+005 3.0828E-017
1.075E+005 3.0277E-017
1.08E+005 2.9718E-017
1.085E+005 2.9183E-017
1.09E+005 2.8657E-017
1.095E+005 2.8157E-017
1.1E+005 2.7653E-017
1.105E+005 2.7164E-017
1.11E+005 2.6687E-017
1.115E+005 2.6227E-017
1.12E+005 2.5761E-017
1.125E+005 2.5322E-017
1.13E+005 2.4842E-017
1.135E+005 2.4450E-017
1.14E+005 2.4034E-017
1.145E+005 2.3622E-017
1.15E+005 2.3228E-017
1.155E+005 2.2822E-017
1.16E+005 2.2446E-017
1.165E+005 2.2069E-017
1.17E+005 2.1705E-017
1.175E+005 2.1340E-017
1.18E+005 2.0988E-017
1.185E+005 2.0642E-017
1.19E+005 2.0298E-017
1.195E+005 1.9968E-017
1.2E+005 1.9640E-017
1.205E+005 1.9326E-017
1.21E+005 1.9015E-017
1.215E+005 1.8709E-017
1.22E+005 1.8408E-017
1.225E+005 1.8114E-017
1.23E+005 1.7822E-017
1.235E+005 1.7533E-017
1.24E+005 1.7255E-017
1.245E+005 1.6988E-017
1.25E+005 1.6727E-017
1.255E+005 1.6469E-017
1.26E+005 1.6211E-017
1.265E+005 1.5959E-017
1.27E+005 1.5715E-017
1.275E+005 1.5474E-017
1.28E+005 1.5230E-017
1.285E+005 1.5004E-017
1.29E+005 1.4774E-017
1.295E+005 1.4552E-017
1.3E+005 1.4335E-017
1.305E+005 1.4119E-017
1.31E+005 1.3909E-017
1.315E+005 1.3701E-017
1.32E+005 1.3498E-017
1.325E+005 1.3297E-017
1.33E+005 1.3102E-017
1.335E+005 1.2908E-017
1.34E+005 1.2720E-017
1.345E+005 1.2536E-017
1.35E+005 1.2354E-017
1.355E+005 1.2174E-017
1.36E+005 1.2000E-017
1.365E+005 1.1827E-017
1.37E+005 1.1657E-017
1.375E+005 1.1492E-017
1.38E+005 1.1329E-017
1.385E+005 1.1168E-017
1.39E+005 1.1011E-017
1.395E+005 1.0855E-017
1.4E+005 1.0704E-017
1.405E+005 1.0552E-017
1.41E+005 1.0407E-017
1.415E+005 1.0262E-017
1.42E+005 1.0118E-017
1.425E+005 9.9809E-018
1.43E+005 9.8441E-018
1.435E+005 9.7102E-018
1.44E+005 9.5774E-018
1.445E+005 9.4475E-018
1.45E+005 9.3207E-018
1.455E+005 9.1933E-018
1.46E+005 9.0705E-018
1.465E+005 8.9480E-018
1.47E+005 8.8291E-018
1.475E+005 8.7099E-018
1.48E+005 8.5950E-018
1.485E+005 8.4818E-018
1.49E+005 8.3700E-018
1.495E+005 8.2585E-018
1.5E+005 8.1501E-018
1.505E+005 8.0466E-018
1.51E+005 7.9412E-018
1.515E+005 7.8388E-018
1.52E+005 7.7376E-018
1.525E+005 7.6374E-018
1.53E+005 7.5396E-018
1.535E+005 7.4429E-018
1.54E+005 7.3481E-018
1.545E+005 7.2542E-018
1.55E+005 7.1627E-018
1.555E+005 7.0718E-018
1.56E+005 6.9826E-018
1.565E+005 6.8948E-018
1.57E+005 6.8090E-018
1.575E+005 6.7235E-018
1.58E+005 6.6399E-018
1.585E+005 6.5577E-018
1.59E+005 6.4772E-018
1.595E+005 6.3968E-018
1.6E+005 6.3180E-018
1.605E+005 6.2394E-018
1.61E+005 6.1645E-018
1.615E+005 6.0889E-018
1.62E+005 6.0077E-018
1.625E+005 5.9419E-018
1.63E+005 5.8714E-018
1.635E+005 5.8006E-018
1.64E+005 5.7306E-018
1.645E+005 5.6616E-018
1.65E+005 5.5942E-018
1.655E+005 5.5286E-018
1.66E+005 5.4628E-018
1.665E+005 5.3983E-018
1.67E+005 5.3347E-018
1.675E+005 5.2721E-018
1.68E+005 5.2096E-018
1.685E+005 5.1479E-018
1.69E+005 5.0864E-018
1.695E+005 5.0302E-018
1.7E+005 4.9722E-018
1.705E+005 4.9150E-018
1.71E+005 4.8580E-018
1.715E+005 4.8020E-018
1.72E+005 4.7469E-018
1.725E+005 4.6927E-018
1.73E+005 4.6391E-018
1.735E+005 4.5873E-018
1.74E+005 4.5353E-018
1.745E+005 4.4840E-018
1.75E+005 4.4336E-018
1.755E+005 4.3836E-018
1.76E+005 4.3346E-018
1.765E+005 4.2856E-018
1.77E+005 4.2381E-018
1.775E+005 4.1913E-018
1.78E+005 4.1452E-018
1.785E+005 4.0995E-018
1.79E+005 4.0545E-018
1.795E+005 4.0099E-018
1.8E+005 3.9660E-018
1.805E+005 3.9227E-018
1.81E+005 3.8802E-018
1.815E+005 3.8381E-018
1.82E+005 3.7964E-018
1.825E+005 3.7551E-018
1.83E+005 3.7129E-018
1.835E+005 3.6748E-018
1.84E+005 3.6355E-018
1.845E+005 3.5969E-018
1.85E+005 3.5585E-018
1.855E+005 3.5208E-018
1.86E+005 3.4829E-018
1.865E+005 3.4464E-018
1.87E+005 3.4102E-018
1.875E+005 3.3736E-018
1.88E+005 3.3390E-018
1.885E+005 3.3040E-018
1.89E+005 3.2697E-018
1.895E+005 3.2355E-018
1.9E+005 3.2015E-018
1.905E+005 3.1546E-018
1.91E+005 3.1350E-018
1.915E+005 3.1040E-018
1.92E+005 3.0720E-018
1.925E+005 3.0406E-018
1.93E+005 3.0096E-018
1.935E+005 2.9788E-018
1.94E+005 2.9484E-018
1.945E+005 2.9185E-018
1.95E+005 2.8891E-018
1.955E+005 2.8600E-018
1.96E+005 2.8310E-018
1.965E+005 2.8028E-018
1.97E+005 2.7746E-018
1.975E+005 2.7468E-018
1.98E+005 2.7195E-018
1.985E+005 2.6926E-018
1.99E+005 2.6658E-018
1.995E+005 2.6394E-018
2E+005 2.6069E-018
2.01E+005 2.5623E-018
2.02E+005 2.5125E-018
2.03E+005 2.4638E-018
2.04E+005 2.4164E-018
2.05E+005 2.3700E-018
2.06E+005 2.3248E-018
2.07E+005 2.2807E-018
2.08E+005 2.2375E-018
2.09E+005 2.1953E-018
2.1E+005 2.1541E-018
2.11E+005 2.1140E-018
2.12E+005 2.0748E-018
2.13E+005 2.0365E-018
2.14E+005 1.9991E-018
2.15E+005 1.9625E-018
2.16E+005 1.9267E-018
2.17E+005 1.8917E-018
2.18E+005 1.8575E-018
2.19E+005 1.8240E-018
2.2E+005 1.7916E-018
2.21E+005 1.7597E-018
2.22E+005 1.7285E-018
2.23E+005 1.6967E-018
2.24E+005 1.6677E-018
2.25E+005 1.6389E-018
2.26E+005 1.6102E-018
2.27E+005 1.5823E-018
2.28E+005 1.5549E-018
2.29E+005 1.5283E-018
2.3E+005 1.5020E-018
2.31E+005 1.4764E-018
2.32E+005 1.4514E-018
2.33E+005 1.4268E-018
2.34E+005 1.4028E-018
2.35E+005 1.3793E-018
2.36E+005 1.3563E-018
2.37E+005 1.3336E-018
2.38E+005 1.3116E-018
2.39E+005 1.2897E-018
2.4E+005 1.2688E-018
2.41E+005 1.2480E-018
2.42E+005 1.2276E-018
2.43E+005 1.2077E-018
2.44E+005 1.1882E-018
2.45E+005 1.1690E-018
2.46E+005 1.1504E-018
2.47E+005 1.1321E-018
2.48E+005 1.1139E-018
2.49E+005 1.0962E-018
2.5E+005 1.0790E-018
2.51E+005 1.0621E-018
2.52E+005 1.0454E-018
2.53E+005 1.0291E-018
2.54E+005 1.0131E-018
2.55E+005 9.9743E-019
2.56E+005 9.8203E-019
2.57E+005 9.6695E-019
2.58E+005 9.5217E-019
2.59E+005 9.3759E-019
2.6E+005 9.2344E-019
2.61E+005 9.0953E-019
2.62E+005 8.9567E-019
2.63E+005 8.8229E-019
2.64E+005 8.6917E-019
2.65E+005 8.5614E-019
2.66E+005 8.4346E-019
2.67E+005 8.3094E-019
2.68E+005 8.1871E-019
2.69E+005 8.0671E-019
2.7E+005 7.9495E-019
2.71E+005 7.8327E-019
2.72E+005 7.7193E-019
2.73E+005 7.6075E-019
2.74E+005 7.4978E-019
2.75E+005 7.3899E-019
2.76E+005 7.2842E-019
2.77E+005 7.1804E-019
2.78E+005 7.0636E-019
2.79E+005 6.9788E-019
2.8E+005 6.8814E-019
2.81E+005 6.7843E-019
2.82E+005 6.6876E-019
2.83E+005 6.5943E-019
2.84E+005 6.5022E-019
2.85E+005 6.4117E-019
2.86E+005 6.3239E-019
2.87E+005 6.2366E-019
2.88E+005 6.1502E-019
2.89E+005 6.0661E-019
2.9E+005 5.9839E-019
2.91E+005 5.9028E-019
2.92E+005 5.8227E-019
2.93E+005 5.7442E-019
2.94E+005 5.6669E-019
2.95E+005 5.5907E-019
2.96E+005 5.5161E-019
2.97E+005 5.4428E-019
2.98E+005 5.3684E-019
2.99E+005 5.2979E-019
3E+005 5.2296E-019
3.01E+005 5.1612E-019
3.02E+005 5.0930E-019
3.03E+005 5.0273E-019
3.04E+005 4.9616E-019
3.05E+005 4.8972E-019
3.06E+005 4.8333E-019
3.07E+005 4.7712E-019
3.08E+005 4.7100E-019
3.09E+005 4.6511E-019
3.1E+005 4.5915E-019
3.11E+005 4.5320E-019
3.12E+005 4.4745E-019
3.13E+005 4.4179E-019
3.14E+005 4.3622E-019
3.15E+005 4.3073E-019
3.16E+005 4.2533E-019
3.17E+005 4.2003E-019
3.18E+005 4.1480E-019
3.19E+005 4.0964E-019
3.2E+005 4.0458E-019
3.21E+005 3.9959E-019
3.22E+005 3.9466E-019
3.23E+005 3.8983E-019
3.24E+005 3.8507E-019
3.25E+005 3.8038E-019
3.26E+005 3.7576E-019
3.27E+005 3.7120E-019
3.28E+005 3.6673E-019
3.29E+005 3.6231E-019
3.3E+005 3.5796E-019
3.31E+005 3.5367E-019
3.32E+005 3.4946E-019
3.33E+005 3.4529E-019
3.34E+005 3.4122E-019
3.35E+005 3.3717E-019
3.36E+005 3.3320E-019
3.37E+005 3.2928E-019
3.38E+005 3.2541E-019
3.39E+005 3.2162E-019
3.4E+005 3.1787E-019
3.41E+005 3.1417E-019
3.42E+005 3.1053E-019
3.43E+005 3.0694E-019
3.44E+005 3.0341E-019
3.45E+005 2.9992E-019
3.46E+005 2.9648E-019
3.47E+005 2.9310E-019
3.48E+005 2.8976E-019
3.49E+005 2.8648E-019
3.5E+005 2.8323E-019
3.51E+005 2.8002E-019
3.52E+005 2.7688E-019
3.53E+005 2.7378E-019
3.54E+005 2.7070E-019
3.55E+005 2.6767E-019
3.56E+005 2.6470E-019
3.57E+005 2.6176E-019
3.58E+005 2.5886E-019
3.59E+005 2.5600E-019
3.6E+005 2.5316E-019
3.61E+005 2.5039E-019
3.62E+005 2.4766E-019
3.63E+005 2.4495E-019
3.64E+005 2.4226E-019
3.65E+005 2.3962E-019
3.66E+005 2.3704E-019
3.67E+005 2.3449E-019
3.68E+005 2.3196E-019
3.69E+005 2.2948E-019
3.7E+005 2.2701E-019
3.71E+005 2.2456E-019
3.72E+005 2.2218E-019
3.73E+005 2.1982E-019
3.74E+005 2.1749E-019
3.75E+005 2.1518E-019
3.76E+005 2.1292E-019
3.77E+005 2.1068E-019
3.78E+005 2.0846E-019
3.79E+005 2.0629E-019
3.8E+005 2.0412E-019
3.81E+005 2.0201E-019
3.82E+005 1.9991E-019
3.83E+005 1.9783E-019
3.84E+005 1.9579E-019
3.85E+005 1.9377E-019
3.86E+005 1.9178E-019
3.87E+005 1.8981E-019
3.88E+005 1.8776E-019
3.89E+005 1.8564E-019
3.9E+005 1.8407E-019
3.91E+005 1.8220E-019
3.92E+005 1.8034E-019
3.93E+005 1.7852E-019
3.94E+005 1.7673E-019
3.95E+005 1.7496E-019
3.96E+005 1.7319E-019
3.97E+005 1.7147E-019
3.98E+005 1.6976E-019
3.99E+005 1.6807E-019
