1140 3.6252E-015
1140 3.6252E-015
1141 3.1344E-015
1141 1.0471E-015
1142 1.0679E-014
1143 9.4850E-015
1143 0.0000E+000
1144 3.1287E-015
1144 6.2233E-015
1145 3.2264E-015
1146 5.4078E-015
1146 1.0109E-014
1147 1.9983E-015
1147 4.8729E-015
1148 5.0775E-015
1148 4.2098E-015
1149 3.2330E-015
1150 5.5302E-015
1150 3.5410E-015
1151 3.6663E-015
1151 6.2197E-015
1152 3.2529E-015
1153 4.6539E-015
1153 3.8185E-015
1154 2.9451E-015
1154 3.0365E-015
1155 2.8990E-015
1155 4.1439E-015
1156 3.4645E-015
1157 2.4426E-015
1157 2.6870E-015
1158 2.0495E-015
1158 2.4900E-015
1159 1.9517E-015
1160 3.3938E-015
1160 3.6948E-015
1161 2.3909E-015
1161 2.2489E-015
1162 2.7890E-015
1162 3.1643E-015
1163 2.3847E-015
1164 1.9162E-015
1164 2.5324E-015
1165 1.8252E-015
1165 2.6115E-015
1166 2.0337E-015
1167 1.8159E-015
1167 1.3973E-015
1168 2.0794E-015
1168 6.4882E-016
1169 1.2818E-015
1169 2.2621E-015
1170 1.4445E-015
1171 2.6049E-015
1171 1.2542E-015
1172 1.5946E-015
1172 2.0548E-015
1173 2.5580E-015
1174 1.5842E-015
1174 2.0664E-015
1175 1.8495E-015
1175 1.5251E-015
1176 3.0498E-015
1176 1.0381E-015
1177 1.5166E-015
1178 1.8601E-015
1178 2.1221E-015
1179 1.6183E-015
1179 1.8067E-015
1180 1.4196E-015
1181 1.9911E-015
1181 2.6954E-015
1182 1.0454E-015
1182 1.2401E-015
1183 1.9261E-015
1183 2.2324E-015
1184 2.5242E-015
1185 2.0760E-015
1185 2.0077E-015
1186 1.5185E-015
1186 9.3837E-016
1187 7.7923E-016
1188 1.3348E-015
1188 1.7090E-015
1189 9.1404E-016
1189 1.1329E-015
1190 1.1446E-015
1190 5.9736E-016
1191 9.7398E-016
1192 2.0767E-015
1192 -1.2262E-015
1193 -5.2624E-016
1193 2.8155E-015
1194 2.0709E-017
1195 1.2524E-015
1195 2.0408E-016
1196 2.0629E-015
1196 1.2756E-015
1197 8.6811E-016
1197 1.8607E-015
1198 4.0946E-016
1199 2.7827E-016
1199 6.5666E-016
1200 8.2174E-016
1200 2.5401E-015
1201 1.8530E-015
1202 1.9022E-015
1202 1.0576E-015
1203 -8.6713E-016
1203 -2.7816E-016
1204 5.3808E-016
1204 -2.2814E-016
1205 1.4104E-015
1206 6.2493E-016
1206 1.5391E-015
1207 -2.9551E-016
1207 -8.0174E-016
1208 7.5111E-016
1209 -8.8445E-016
1209 4.3849E-016
1210 -2.5618E-016
1210 3.5832E-015
1211 4.8318E-016
1211 4.4338E-017
1212 5.9598E-016
1213 -6.7319E-016
1213 7.2793E-016
1214 2.0545E-015
1214 -5.5075E-016
1215 -2.1821E-016
1216 3.3180E-016
1216 4.9829E-016
1217 6.9196E-016
1217 -1.8735E-015
1218 -2.0385E-015
1218 -5.4767E-016
1219 6.2404E-016
1220 -4.6517E-016
1220 -3.5952E-016
1221 4.2896E-016
1221 2.2882E-015
1222 -3.0855E-016
1223 4.2459E-016
1223 2.0792E-015
1224 5.5927E-016
1224 1.3253E-015
1225 -9.2508E-016
1225 -6.6826E-016
1226 2.3725E-015
1227 2.3574E-015
1227 -2.0292E-016
1228 1.7867E-015
1228 2.0392E-015
1229 3.6235E-016
1230 2.0666E-015
1230 3.8307E-015
1231 3.6379E-015
1231 6.9102E-016
1232 2.3137E-015
1232 2.6073E-015
1233 1.9437E-015
1234 1.9894E-015
1234 2.4639E-015
1235 2.1120E-015
1235 2.3230E-015
1236 4.7617E-016
1237 2.9504E-015
1237 3.8538E-015
1238 2.8422E-015
1238 3.3116E-015
1239 3.1841E-015
1239 3.9949E-015
1240 2.6782E-015
1241 3.1197E-015
1241 3.4633E-015
1242 3.7083E-015
1242 3.9882E-015
1243 4.1176E-015
1244 4.2181E-015
1244 4.2037E-015
1245 4.8479E-015
1245 4.5788E-015
1246 5.8581E-015
1246 5.8314E-015
1247 5.8034E-015
1248 6.4315E-015
1248 5.6956E-015
1249 7.1442E-015
1249 6.9622E-015
1250 7.6003E-015
1251 6.5982E-015
1251 9.0853E-015
1252 9.2780E-015
1252 1.0496E-014
1253 1.0503E-014
1253 1.1147E-014
1254 1.1852E-014
1255 1.2614E-014
1255 1.2736E-014
1256 1.3839E-014
1256 1.4150E-014
1257 1.3936E-014
1258 1.4019E-014
1258 1.2990E-014
1259 1.1613E-014
1259 1.0677E-014
1260 9.9444E-015
1260 8.9109E-015
1261 1.0530E-014
1262 1.4270E-014
1262 1.5267E-014
1263 1.8504E-014
1263 1.8215E-014
1264 1.5230E-014
1265 1.4382E-014
1265 1.4216E-014
1266 1.7850E-014
1266 2.3786E-014
1267 3.1402E-014
1267 3.7672E-014
1268 4.5321E-014
1269 5.1388E-014
1269 5.3629E-014
1270 5.7396E-014
1270 6.1999E-014
1271 6.2982E-014
1272 6.2601E-014
1272 6.3325E-014
1273 6.3801E-014
1273 6.9028E-014
1274 6.4708E-014
1274 5.5955E-014
1275 4.9235E-014
1276 4.6221E-014
1276 5.2546E-014
1277 5.6757E-014
1277 5.8926E-014
1278 7.0071E-014
1279 8.4445E-014
1279 8.3269E-014
1280 8.3021E-014
1280 8.9009E-014
1281 1.0032E-013
1281 1.1580E-013
1282 1.2777E-013
1283 1.2696E-013
1283 1.3325E-013
1284 1.3623E-013
1284 1.3834E-013
1285 1.4552E-013
1286 1.3701E-013
1286 1.2736E-013
1287 1.1396E-013
1287 1.0748E-013
1288 9.5056E-014
1288 9.1931E-014
1289 1.0060E-013
1290 1.1140E-013
1290 1.1591E-013
1291 1.2420E-013
1291 1.3517E-013
1292 1.3772E-013
1293 1.4870E-013
1293 1.5303E-013
1294 1.5686E-013
1294 1.5455E-013
1295 1.5056E-013
1295 1.5149E-013
1296 1.5075E-013
1297 1.6069E-013
1297 1.7645E-013
1298 1.7532E-013
1298 1.7032E-013
1299 1.6325E-013
1300 1.6866E-013
1300 1.7711E-013
1301 1.6155E-013
1301 1.4508E-013
1302 1.2737E-013
1302 1.1552E-013
1303 1.1577E-013
1304 1.1191E-013
1304 9.4407E-014
1305 8.1044E-014
1305 8.4481E-014
1306 8.9483E-014
1307 1.1253E-013
1307 1.2576E-013
1308 1.2822E-013
1308 1.1502E-013
1309 9.4415E-014
1309 8.5447E-014
1310 9.5269E-014
1311 1.0770E-013
1311 1.2157E-013
1312 1.4482E-013
1312 1.7800E-013
1313 1.9821E-013
1314 2.1146E-013
1314 2.2823E-013
1315 2.4863E-013
1315 2.3945E-013
1316 2.2909E-013
1316 2.1826E-013
1317 2.2250E-013
1318 2.3527E-013
1318 2.4077E-013
1319 2.3294E-013
1319 2.4385E-013
1320 2.5526E-013
1321 2.5807E-013
1321 2.6033E-013
1322 2.7065E-013
1322 2.5676E-013
1323 2.4645E-013
1323 2.2715E-013
1324 2.2645E-013
1325 2.4475E-013
1325 2.5335E-013
1326 2.6635E-013
1326 2.6748E-013
1327 2.5697E-013
1328 2.4671E-013
1328 2.4415E-013
1329 2.4027E-013
1329 2.3161E-013
1330 2.4356E-013
1330 2.6064E-013
1331 2.6287E-013
1332 2.8031E-013
1332 2.8641E-013
1333 3.0029E-013
1333 2.9431E-013
1334 2.5836E-013
1335 2.2398E-013
1335 2.1438E-013
1336 2.1763E-013
1336 2.6548E-013
1337 3.1159E-013
1337 3.3977E-013
1338 3.6098E-013
1339 3.8162E-013
1339 3.7609E-013
1340 3.5321E-013
1340 3.5608E-013
1341 3.4983E-013
1342 3.4691E-013
1342 3.5160E-013
1343 3.7292E-013
1343 3.7597E-013
1344 3.6661E-013
1344 3.5063E-013
1345 3.3697E-013
1346 3.3598E-013
1346 3.4254E-013
1347 3.3223E-013
1347 3.3125E-013
1348 3.4842E-013
1349 3.3761E-013
1349 3.3458E-013
1350 3.3257E-013
1350 3.2343E-013
1351 3.2144E-013
1351 3.2363E-013
1352 3.2479E-013
1353 3.0951E-013
1353 3.0785E-013
1354 3.0593E-013
1354 2.9103E-013
1355 3.1392E-013
1356 2.9818E-013
1356 2.8713E-013
1357 2.9929E-013
1357 2.9548E-013
1358 3.2231E-013
1358 3.3413E-013
1359 3.1441E-013
1360 3.3743E-013
1360 3.4073E-013
1361 3.2810E-013
1361 3.0736E-013
1362 3.0946E-013
1363 3.0457E-013
1363 2.9805E-013
1364 2.8014E-013
1364 2.8007E-013
1365 3.0563E-013
1365 3.1119E-013
1366 3.1117E-013
1367 2.9692E-013
1367 2.8385E-013
1368 2.6113E-013
1368 2.4492E-013
1369 2.6838E-013
1370 2.5382E-013
1370 2.6864E-013
1371 2.9477E-013
1371 3.0253E-013
1372 3.1515E-013
1372 3.0647E-013
1373 3.1274E-013
1374 3.0891E-013
1374 3.0283E-013
1375 3.0572E-013
1375 3.0981E-013
1376 3.3261E-013
1377 3.3082E-013
1377 3.2866E-013
1378 3.3035E-013
1378 3.3389E-013
1379 3.4244E-013
1379 3.1196E-013
1380 3.2107E-013
1381 3.2067E-013
1381 2.9834E-013
1382 2.8516E-013
1382 2.9993E-013
1383 3.1644E-013
1384 3.1626E-013
1384 3.2804E-013
1385 3.3935E-013
1385 3.4372E-013
1386 3.4502E-013
1386 3.4043E-013
1387 3.2935E-013
1388 3.2342E-013
1388 3.1190E-013
1389 3.3828E-013
1389 3.5318E-013
1390 3.6636E-013
1391 3.6944E-013
1391 3.8012E-013
1392 3.5913E-013
1392 3.4082E-013
1393 3.3191E-013
1393 3.2917E-013
1394 3.4468E-013
1395 3.6066E-013
1395 3.6501E-013
1396 3.5893E-013
1396 3.3615E-013
1397 3.3292E-013
1398 3.3057E-013
1398 3.1998E-013
1399 3.0768E-013
1399 3.2625E-013
1400 3.2960E-013
1400 3.3586E-013
1401 3.4374E-013
1402 3.4848E-013
1402 3.7013E-013
1403 3.5925E-013
1403 3.5669E-013
1404 3.5592E-013
1405 3.6545E-013
1405 4.0533E-013
1406 3.9323E-013
1406 4.1384E-013
1407 3.9963E-013
1407 3.9279E-013
1408 3.7172E-013
1409 3.4048E-013
1409 3.2461E-013
1410 3.1895E-013
1410 3.1618E-013
1411 3.3797E-013
1412 3.5091E-013
1412 3.7466E-013
1413 3.8454E-013
1413 4.0792E-013
1414 4.0173E-013
1414 3.7401E-013
1415 3.6135E-013
1416 3.6686E-013
1416 3.8545E-013
1417 3.9651E-013
1417 3.9648E-013
1418 4.1866E-013
1419 4.2160E-013
1419 4.0542E-013
1420 4.0721E-013
1420 4.1434E-013
1421 4.2173E-013
1421 4.3906E-013
1422 4.4552E-013
1423 4.4788E-013
1423 4.4888E-013
1424 4.2158E-013
1424 3.9148E-013
1425 3.7059E-013
1426 4.3543E-013
1426 4.7246E-013
1427 4.6756E-013
1427 4.7013E-013
1428 4.7757E-013
1428 4.8490E-013
1429 4.6478E-013
1430 4.4284E-013
1430 4.2582E-013
1431 4.0314E-013
1431 3.6666E-013
1432 3.3319E-013
1432 3.2057E-013
1433 3.0426E-013
1434 3.2813E-013
1434 3.4094E-013
1435 3.4041E-013
1435 3.6936E-013
1436 4.0214E-013
1437 4.2684E-013
1437 4.1824E-013
1438 4.1899E-013
1438 3.9707E-013
1439 3.8442E-013
1439 4.2365E-013
1440 4.6513E-013
1441 4.4642E-013
1441 4.3524E-013
1442 4.4612E-013
1442 4.1867E-013
1443 4.3283E-013
1444 4.4506E-013
1444 4.3128E-013
1445 4.4747E-013
1445 4.5427E-013
1446 4.7815E-013
1446 4.7664E-013
1447 4.8412E-013
1448 4.6765E-013
1448 4.6113E-013
1449 4.8348E-013
1449 5.0747E-013
1450 5.0102E-013
1451 5.1274E-013
1451 4.9614E-013
1452 5.0665E-013
1452 5.2246E-013
1453 5.3228E-013
1453 5.4864E-013
1454 5.3803E-013
1455 5.0997E-013
1455 5.0695E-013
1456 5.2983E-013
1456 5.3075E-013
1457 5.3174E-013
1458 5.3969E-013
1458 5.5625E-013
1459 5.3202E-013
1459 5.1680E-013
1460 5.2903E-013
1460 5.1752E-013
1461 4.9456E-013
1462 4.8189E-013
1462 4.8389E-013
1463 4.9121E-013
1463 4.7199E-013
1464 4.9789E-013
1465 4.7873E-013
1465 4.6317E-013
1466 4.6640E-013
1466 4.4935E-013
1467 4.1194E-013
1467 3.6553E-013
1468 3.8226E-013
1469 4.1431E-013
1469 4.2364E-013
1470 4.0010E-013
1470 4.1010E-013
1471 4.5193E-013
1472 4.4352E-013
1472 4.1515E-013
1473 4.0018E-013
1473 3.8426E-013
1474 4.0206E-013
1474 3.6827E-013
1475 4.0237E-013
1476 4.1855E-013
1476 4.3532E-013
1477 4.5431E-013
1477 4.3402E-013
1478 4.1779E-013
1479 4.3746E-013
1479 4.7142E-013
1480 4.5528E-013
1480 4.5080E-013
1481 4.2024E-013
1481 3.9088E-013
1482 4.0308E-013
1483 3.9516E-013
1483 3.8769E-013
1484 4.0636E-013
1484 4.4841E-013
1485 3.9987E-013
1486 3.8896E-013
1486 4.2449E-013
1487 4.3980E-013
1487 4.6565E-013
1488 5.1829E-013
1488 5.4725E-013
1489 5.1700E-013
1490 5.2395E-013
1490 5.2219E-013
1491 5.2851E-013
1491 5.0650E-013
1492 4.8144E-013
1493 4.2528E-013
1493 4.3311E-013
1494 4.4648E-013
1494 4.4486E-013
1495 4.6576E-013
1495 5.2068E-013
1496 5.5680E-013
1497 5.4466E-013
1497 5.7755E-013
1498 5.9179E-013
1498 5.8615E-013
1499 5.6903E-013
1500 5.7939E-013
1500 5.5003E-013
1501 5.5899E-013
1501 5.5860E-013
1502 5.3874E-013
1502 5.3976E-013
1503 5.5922E-013
1504 5.9093E-013
1504 5.7066E-013
1505 5.5538E-013
1505 5.2919E-013
1506 5.4065E-013
1507 5.1676E-013
1507 4.8151E-013
1508 4.8141E-013
1508 4.5427E-013
1509 4.2142E-013
1509 4.2246E-013
1510 4.3706E-013
1511 4.2223E-013
1511 4.2654E-013
1512 4.3935E-013
1512 4.6195E-013
1513 4.7737E-013
1514 4.6823E-013
1514 4.6976E-013
1515 4.6644E-013
1515 4.4717E-013
1516 4.4315E-013
1516 4.5726E-013
1517 5.1225E-013
1518 5.3175E-013
1518 5.1910E-013
1519 5.1228E-013
1519 5.1225E-013
1520 5.2157E-013
1521 5.1062E-013
1521 5.1729E-013
1522 5.3085E-013
1522 5.3634E-013
1523 5.1772E-013
1523 4.9862E-013
1524 5.0409E-013
1525 5.0600E-013
1525 4.3845E-013
1526 4.2459E-013
1526 3.5395E-013
1527 3.1206E-013
1527 3.7930E-013
1528 4.7223E-013
1529 5.0682E-013
1529 5.0795E-013
1530 5.1410E-013
1530 5.2045E-013
1531 5.0124E-013
1532 4.8592E-013
1532 4.2143E-013
1533 3.3863E-013
1533 2.8169E-013
1534 3.1026E-013
1534 3.8542E-013
1535 4.5818E-013
1536 5.0282E-013
1536 4.7189E-013
1537 4.6363E-013
1537 4.7127E-013
1538 5.1483E-013
1539 5.6745E-013
1539 5.5999E-013
1540 5.3541E-013
1540 5.0780E-013
1541 4.8376E-013
1541 5.0285E-013
1542 5.2745E-013
1543 5.7107E-013
1543 5.8043E-013
1544 5.6875E-013
1544 5.3356E-013
1545 4.6724E-013
1546 4.7008E-013
1546 5.3483E-013
1547 5.3249E-013
1547 5.3433E-013
1548 5.1127E-013
1548 5.1990E-013
1549 5.6757E-013
1550 6.1760E-013
1550 5.5945E-013
1551 5.1140E-013
1551 4.7291E-013
1552 4.5169E-013
1553 4.5328E-013
1553 4.5605E-013
1554 5.1682E-013
1554 5.2922E-013
1555 5.0687E-013
1555 5.3287E-013
1556 5.3594E-013
1557 5.2728E-013
1557 5.3940E-013
1558 5.2262E-013
1558 4.6058E-013
1559 4.1684E-013
1560 4.3715E-013
1560 4.0794E-013
1561 3.6811E-013
1561 4.0392E-013
1562 4.3774E-013
1562 4.8860E-013
1563 5.3726E-013
1564 5.2440E-013
1564 5.5363E-013
1565 5.9380E-013
1565 5.8526E-013
1566 5.9417E-013
1567 5.4098E-013
1567 5.2513E-013
1568 4.9519E-013
1568 5.0135E-013
1569 5.2842E-013
1569 5.0621E-013
1570 4.9028E-013
1571 5.0521E-013
1571 5.1260E-013
1572 5.4385E-013
1572 5.0896E-013
1573 4.7084E-013
1574 4.2814E-013
1574 4.2075E-013
1575 4.2300E-013
1575 4.7769E-013
1576 5.7323E-013
1576 6.0200E-013
1577 5.7189E-013
1578 6.3477E-013
1578 5.7344E-013
1579 6.1976E-013
1579 6.5330E-013
1580 6.3080E-013
1581 6.1324E-013
1581 6.1999E-013
1582 6.4367E-013
1582 6.5985E-013
1583 6.9103E-013
1583 7.0809E-013
1584 6.6560E-013
1585 6.1031E-013
1585 5.7131E-013
1586 5.8374E-013
1586 5.9716E-013
1587 6.0569E-013
1588 6.1749E-013
1588 6.2357E-013
1589 6.2814E-013
1589 6.2229E-013
1590 6.0844E-013
1590 5.9581E-013
1591 6.2237E-013
1592 6.3402E-013
1592 5.8727E-013
1593 6.2605E-013
1593 5.9404E-013
1594 5.5695E-013
1594 5.0640E-013
1595 5.5074E-013
1596 5.7389E-013
1596 6.3100E-013
1597 6.5120E-013
1597 6.6373E-013
1598 6.6447E-013
1599 7.0356E-013
1599 7.2293E-013
1600 6.8816E-013
1600 6.4776E-013
1601 6.4371E-013
1601 6.4481E-013
1602 5.7287E-013
1603 5.6957E-013
1603 6.3497E-013
1604 7.1032E-013
1604 7.0484E-013
1605 6.6611E-013
1606 5.8118E-013
1606 5.7287E-013
1607 6.1633E-013
1607 6.2166E-013
1608 5.9416E-013
1608 5.5680E-013
1609 6.2178E-013
1610 6.7388E-013
1610 6.6858E-013
1611 5.9996E-013
1611 5.9297E-013
1612 5.7431E-013
1613 5.3683E-013
1613 5.7466E-013
1614 6.1862E-013
1614 6.3008E-013
1615 6.4256E-013
1615 6.5988E-013
1616 6.4255E-013
1617 5.9320E-013
1617 6.2627E-013
1618 6.9609E-013
1618 6.2674E-013
1619 6.1276E-013
1620 6.2827E-013
1620 5.9274E-013
1621 6.2296E-013
1621 5.6433E-013
1622 5.7452E-013
1622 6.0077E-013
1623 5.9619E-013
1624 6.4890E-013
1624 6.9190E-013
1625 6.9021E-013
1625 5.9100E-013
1626 5.7900E-013
1627 6.4039E-013
1627 6.0572E-013
1628 6.7307E-013
1628 6.4762E-013
1629 5.6590E-013
1629 5.2215E-013
1630 5.6105E-013
1631 5.9702E-013
1631 5.7346E-013
1632 6.2169E-013
1632 6.1598E-013
1633 6.0931E-013
1634 5.4800E-013
1634 5.5656E-013
1635 6.3939E-013
1635 5.8579E-013
1636 5.8497E-013
1636 5.9259E-013
1637 6.2207E-013
1638 6.2382E-013
1638 6.6696E-013
1639 6.7560E-013
1639 5.9609E-013
1640 6.1760E-013
1641 6.0970E-013
1641 6.2775E-013
1642 6.1405E-013
1642 5.7090E-013
1643 5.9215E-013
1643 5.6936E-013
1644 6.3678E-013
1645 6.7466E-013
1645 7.0304E-013
1646 7.2080E-013
1646 6.9967E-013
1647 6.9833E-013
1647 6.4009E-013
1648 6.5512E-013
1649 6.1643E-013
1649 5.0468E-013
1650 5.4484E-013
1650 5.8704E-013
1651 6.3739E-013
1652 6.3966E-013
1652 6.3295E-013
1653 6.7862E-013
1653 6.2248E-013
1654 5.6385E-013
1654 5.4392E-013
1655 5.3344E-013
1656 5.7836E-013
1656 4.8304E-013
1657 3.5477E-013
1657 3.8716E-013
1658 4.2296E-013
1659 4.9371E-013
1659 5.6272E-013
1660 6.4294E-013
1660 6.8319E-013
1661 6.3555E-013
1661 6.5930E-013
1662 6.6368E-013
1663 6.2914E-013
1663 6.0470E-013
1664 6.0711E-013
1664 6.4202E-013
1665 7.1211E-013
1666 6.5787E-013
1666 6.4771E-013
1667 6.3017E-013
1667 6.5292E-013
1668 6.1031E-013
1668 5.7670E-013
1669 5.1859E-013
1670 4.2302E-013
1670 3.0511E-013
1671 2.5455E-013
1671 3.3599E-013
1672 4.8513E-013
1673 5.0108E-013
1673 5.5400E-013
1674 4.9560E-013
1674 4.8645E-013
1675 5.4570E-013
1675 6.2581E-013
1676 6.1357E-013
1677 6.0050E-013
1677 6.4544E-013
1678 6.4944E-013
1679 6.4614E-013
1680 6.3689E-013
1681 6.6091E-013
1683 6.6756E-013
1684 6.4388E-013
1686 6.6519E-013
1687 6.3817E-013
1688 6.8240E-013
1690 6.4900E-013
1691 6.4697E-013
1692 6.4704E-013
1694 6.4667E-013
1695 5.9555E-013
1697 6.1583E-013
1698 6.4315E-013
1699 6.4656E-013
1701 6.0249E-013
1702 6.1540E-013
1703 6.0304E-013
1705 6.0959E-013
1706 6.1018E-013
1708 6.1504E-013
1709 6.2540E-013
1710 6.2674E-013
1712 5.9458E-013
1713 6.0026E-013
1714 6.5399E-013
1716 6.2646E-013
1717 6.2716E-013
1719 6.1161E-013
1720 5.4861E-013
1721 5.7265E-013
1723 5.7843E-013
1724 5.5537E-013
1725 5.6113E-013
1727 6.2271E-013
1728 6.4585E-013
1729 6.4411E-013
1731 6.1867E-013
1732 5.9601E-013
1734 5.9463E-013
1735 5.9136E-013
1736 6.1471E-013
1738 6.4309E-013
1739 6.4403E-013
1740 6.2339E-013
1742 5.9983E-013
1743 6.5978E-013
1745 6.4285E-013
1746 6.4576E-013
1747 6.1804E-013
1749 6.3476E-013
1750 6.7982E-013
1751 6.6310E-013
1753 7.1098E-013
1754 7.1957E-013
1756 7.3570E-013
1757 7.1276E-013
1758 6.7883E-013
1760 6.0811E-013
1761 6.0391E-013
1762 6.0231E-013
1764 5.9773E-013
1765 5.9608E-013
1766 6.1308E-013
1768 6.0752E-013
1769 6.0273E-013
1771 6.2844E-013
1772 6.2212E-013
1773 6.3670E-013
1775 6.6423E-013
1776 6.5460E-013
1777 6.6426E-013
1779 6.7239E-013
1780 6.7040E-013
1782 6.6402E-013
1783 6.6602E-013
1784 6.5273E-013
1786 6.0796E-013
1787 6.2093E-013
1788 6.5651E-013
1790 6.8945E-013
1791 7.4477E-013
1793 7.3653E-013
1794 7.4223E-013
1795 7.3864E-013
1797 7.2724E-013
1798 7.1553E-013
1799 7.4636E-013
1801 7.4811E-013
1802 7.4660E-013
1804 7.1074E-013
1805 7.0909E-013
1806 6.8272E-013
1808 6.6781E-013
1809 6.8286E-013
1810 7.2316E-013
1812 7.2100E-013
1813 7.2010E-013
1814 6.8069E-013
1816 6.7820E-013
1817 6.7661E-013
1819 7.0690E-013
1820 6.8165E-013
1821 7.0807E-013
1823 7.0406E-013
1824 7.0214E-013
1825 7.0667E-013
1827 6.6976E-013
1828 6.7726E-013
1830 6.4563E-013
1831 6.3112E-013
1832 6.1814E-013
1834 6.9065E-013
1835 6.8127E-013
1836 6.6834E-013
1838 6.8142E-013
1839 6.3631E-013
1841 5.8769E-013
1842 5.5822E-013
1843 5.9749E-013
1845 5.9156E-013
1846 6.0099E-013
1847 5.9851E-013
1849 6.5694E-013
1850 6.6139E-013
1852 5.9846E-013
1853 5.9974E-013
1854 6.1358E-013
1856 6.5227E-013
1857 6.4080E-013
1858 6.2671E-013
1860 6.0548E-013
1861 6.3271E-013
1863 6.2076E-013
1864 5.9926E-013
1865 6.1674E-013
1867 6.3536E-013
1868 6.3600E-013
1869 6.5005E-013
1871 6.7934E-013
1872 6.6235E-013
1873 6.7772E-013
1875 6.5831E-013
1876 6.2073E-013
1878 6.5454E-013
1879 6.6904E-013
1880 6.4960E-013
1882 6.6402E-013
1883 6.8615E-013
1884 6.9130E-013
1886 6.8465E-013
1887 6.8585E-013
1889 6.6488E-013
1890 6.5630E-013
1891 6.6645E-013
1893 6.7558E-013
1894 6.7019E-013
1895 6.6318E-013
1897 6.4618E-013
1898 6.1764E-013
1900 6.3044E-013
1901 6.3398E-013
1902 6.4883E-013
1904 6.8040E-013
1905 6.6524E-013
1906 6.7090E-013
1908 6.4036E-013
1909 6.1743E-013
1911 6.0454E-013
1912 6.4242E-013
1913 6.6056E-013
1915 6.5634E-013
1916 6.6733E-013
1917 6.6408E-013
1919 6.6036E-013
1920 6.8533E-013
1922 6.8062E-013
1923 6.6140E-013
1924 6.9804E-013
1926 6.3061E-013
1927 6.3046E-013
1928 6.4657E-013
1930 6.4174E-013
1931 6.3332E-013
1933 6.6401E-013
1934 6.6063E-013
1935 6.6092E-013
1937 6.3677E-013
1938 6.5841E-013
1939 6.7270E-013
1941 6.5467E-013
1942 6.7667E-013
1943 6.8399E-013
1945 6.7914E-013
1946 6.7258E-013
1948 6.8891E-013
1949 6.7308E-013
1950 6.7694E-013
1952 6.5910E-013
1953 6.5750E-013
1954 6.7136E-013
1956 6.6165E-013
1957 6.6853E-013
1959 6.8869E-013
1960 6.9305E-013
1961 6.8154E-013
1963 6.7830E-013
1964 6.6573E-013
1965 6.6297E-013
1967 6.8404E-013
1968 6.6252E-013
1970 6.5750E-013
1971 6.8786E-013
1972 7.0946E-013
1974 7.0445E-013
1975 6.9218E-013
1976 6.9218E-013
1978 6.8581E-013
1979 6.5454E-013
1981 6.7551E-013
1982 6.8310E-013
1983 6.5519E-013
1985 6.6043E-013
1986 6.7581E-013
1987 6.8738E-013
1989 6.5844E-013
1990 6.2706E-013
1992 6.4442E-013
1993 6.2635E-013
1994 6.2616E-013
1996 6.4321E-013
1997 6.7157E-013
1998 6.5340E-013
2000 6.1183E-013
2001 6.2277E-013
2003 6.5772E-013
2004 6.2980E-013
2005 6.2748E-013
2007 6.4836E-013
2008 6.2302E-013
2009 6.5978E-013
2011 6.0645E-013
2012 5.6450E-013
2014 5.8485E-013
2015 6.0077E-013
2016 6.0170E-013
2018 6.1546E-013
2019 6.1278E-013
2020 5.9665E-013
2022 5.9753E-013
2023 6.2312E-013
2025 6.2799E-013
2026 5.7876E-013
2027 6.0460E-013
2029 6.3282E-013
2030 6.3800E-013
2031 6.1380E-013
2033 5.8024E-013
2034 5.7844E-013
2035 5.9221E-013
2037 5.8297E-013
2038 5.9072E-013
2040 5.9186E-013
2041 5.8882E-013
2042 6.2168E-013
2044 6.3795E-013
2045 6.5663E-013
2046 6.5961E-013
2048 6.5368E-013
2049 6.5572E-013
2051 6.5758E-013
2052 6.5428E-013
2053 6.2625E-013
2055 5.9294E-013
2056 5.8517E-013
2057 5.9703E-013
2059 5.8778E-013
2060 6.0077E-013
2062 5.9790E-013
2063 5.7020E-013
2064 6.0004E-013
2066 5.8474E-013
2067 5.7668E-013
2068 5.9839E-013
2070 6.0740E-013
2071 6.2024E-013
2073 6.1784E-013
2074 6.1322E-013
2075 6.2172E-013
2077 6.4691E-013
2078 6.4727E-013
2079 6.2460E-013
2081 6.3339E-013
2082 6.3713E-013
2084 6.1467E-013
2085 6.0052E-013
2086 6.0908E-013
2088 6.2575E-013
2089 6.3331E-013
2090 6.2616E-013
2092 6.2207E-013
2093 6.1314E-013
2095 5.8873E-013
2096 6.0913E-013
2097 5.8844E-013
2099 6.0785E-013
2100 5.9781E-013
2101 5.8010E-013
2103 5.8849E-013
2104 5.8791E-013
2106 6.1343E-013
2107 6.1211E-013
2108 5.6839E-013
2110 5.5425E-013
2111 5.3825E-013
2112 5.3000E-013
2114 5.4322E-013
2115 5.9344E-013
2117 6.3557E-013
2118 6.2725E-013
2119 6.2374E-013
2121 6.3201E-013
2122 6.1911E-013
2123 6.0820E-013
2125 5.8326E-013
2126 5.6251E-013
2128 5.4916E-013
2129 5.3674E-013
2130 5.1457E-013
2132 4.9077E-013
2133 4.5751E-013
2134 4.2022E-013
2136 4.4752E-013
2137 5.2252E-013
2138 5.2827E-013
2140 5.1202E-013
2141 5.4193E-013
2143 5.6412E-013
2144 5.8224E-013
2145 5.8743E-013
2147 5.6599E-013
2148 5.6998E-013
2149 5.7377E-013
2151 5.5644E-013
2152 5.6528E-013
2154 5.8744E-013
2155 5.9773E-013
2156 5.9274E-013
2158 5.7973E-013
2159 5.2480E-013
2160 5.4772E-013
2162 5.4309E-013
2163 5.6025E-013
2165 5.5073E-013
2166 5.2184E-013
2167 5.0210E-013
2169 5.0748E-013
2170 4.9904E-013
2171 5.1886E-013
2173 5.4451E-013
2174 4.9354E-013
2176 4.5885E-013
2177 4.9641E-013
2178 5.3506E-013
2180 5.4506E-013
2181 5.4565E-013
2182 5.7258E-013
2184 5.4253E-013
2185 5.2163E-013
2187 5.2296E-013
2188 4.9104E-013
2189 5.1741E-013
2191 5.3192E-013
2192 5.2592E-013
2193 5.3794E-013
2195 5.8157E-013
2196 5.9617E-013
2198 5.9292E-013
2199 5.7694E-013
2200 5.5853E-013
2202 5.2473E-013
2203 5.5832E-013
2204 5.5614E-013
2206 5.3257E-013
2207 5.0821E-013
2209 5.1615E-013
2210 4.8835E-013
2211 4.6496E-013
2213 4.7814E-013
2214 4.7398E-013
2215 4.7630E-013
2217 4.8022E-013
2218 4.8484E-013
2220 5.0835E-013
2221 4.8877E-013
2222 5.0333E-013
2224 4.8143E-013
2225 4.6238E-013
2226 4.7460E-013
2228 4.7475E-013
2229 5.0235E-013
2231 5.2744E-013
2232 5.2725E-013
2233 5.4785E-013
2235 5.3953E-013
2236 5.6817E-013
2237 5.5364E-013
2239 5.3651E-013
2240 5.3471E-013
2242 5.0819E-013
2243 4.6505E-013
2244 4.6372E-013
2246 4.6553E-013
2247 4.9115E-013
2248 4.6353E-013
2250 4.3591E-013
2251 4.6388E-013
2253 4.7703E-013
2254 4.4303E-013
2255 4.2247E-013
2257 4.1681E-013
2258 4.5151E-013
2259 4.8094E-013
2261 4.6684E-013
2262 4.9935E-013
2264 4.9650E-013
2265 4.7853E-013
2266 4.5575E-013
2268 4.6750E-013
2269 4.7819E-013
2270 5.0411E-013
2272 5.2622E-013
2273 5.2929E-013
2275 5.2544E-013
2276 5.0410E-013
2277 4.7939E-013
2279 4.9700E-013
2280 4.9455E-013
2281 5.2574E-013
2283 5.3369E-013
2284 5.0353E-013
2285 5.2748E-013
2287 5.1499E-013
2288 5.2424E-013
2290 5.5847E-013
2291 5.5982E-013
2292 5.2462E-013
2294 4.8635E-013
2295 4.9592E-013
2296 4.7578E-013
2298 4.0581E-013
2299 4.1743E-013
2301 4.3863E-013
2302 4.7050E-013
2303 4.6275E-013
2305 4.5949E-013
2306 4.8752E-013
2307 4.8768E-013
2309 4.8340E-013
2310 5.1534E-013
2312 4.7252E-013
2313 4.0549E-013
2314 4.1870E-013
2316 4.5160E-013
2317 4.5485E-013
2318 4.5152E-013
2320 4.4456E-013
2321 4.6045E-013
2323 4.7932E-013
2324 4.8904E-013
2325 4.4170E-013
2327 3.9416E-013
2328 4.2820E-013
2329 4.6582E-013
2331 4.5220E-013
2332 4.2631E-013
2334 4.1879E-013
2335 4.1256E-013
2336 4.4588E-013
2338 4.0058E-013
2339 4.0877E-013
2340 4.2904E-013
2342 4.2208E-013
2343 3.9972E-013
2345 3.0976E-013
2346 3.6496E-013
2347 4.0093E-013
2349 3.9473E-013
2350 4.4894E-013
2351 4.7210E-013
2353 4.7878E-013
2354 4.5457E-013
2356 4.2835E-013
2357 4.4415E-013
2358 4.6092E-013
2360 3.9889E-013
2361 3.9259E-013
2362 4.1845E-013
2364 4.2667E-013
2365 4.0887E-013
2367 4.1495E-013
2368 4.2135E-013
2369 4.3942E-013
2371 4.2135E-013
2372 4.4966E-013
2373 4.1145E-013
2375 3.9233E-013
2376 4.1714E-013
2378 4.3831E-013
2379 4.3033E-013
2380 3.8316E-013
2382 3.3328E-013
2383 2.7179E-013
2384 3.5603E-013
2386 4.2540E-013
2387 4.1367E-013
2389 3.8440E-013
2390 3.5831E-013
2391 4.1841E-013
2393 4.5036E-013
2394 4.4797E-013
2395 3.5710E-013
2397 3.6094E-013
2398 4.1829E-013
2400 4.1027E-013
2401 4.0039E-013
2402 4.2921E-013
2404 4.1747E-013
2405 3.4680E-013
2406 3.3934E-013
2408 3.5331E-013
2409 3.9172E-013
2411 3.6059E-013
2412 3.4766E-013
2413 3.9960E-013
2415 4.0414E-013
2416 4.1846E-013
2417 3.9600E-013
2419 4.2706E-013
2420 4.7166E-013
2422 5.0356E-013
2423 4.8496E-013
2424 4.1148E-013
2426 4.1810E-013
2427 4.5568E-013
2428 4.2347E-013
2430 3.8872E-013
2431 4.3007E-013
2432 4.3105E-013
2434 4.0758E-013
2435 3.9855E-013
2437 4.1196E-013
2438 4.0133E-013
2439 4.4698E-013
2441 4.6429E-013
2442 4.9419E-013
2443 4.8454E-013
2445 4.4465E-013
2446 4.0961E-013
2448 4.1667E-013
2449 4.4479E-013
2450 4.1289E-013
2452 4.3400E-013
2453 4.6224E-013
2454 4.2687E-013
2456 4.5619E-013
2457 4.5696E-013
2459 4.5832E-013
2460 4.3636E-013
2461 4.4071E-013
2463 4.1370E-013
2464 4.1035E-013
2465 4.1715E-013
2467 4.0933E-013
2468 4.2774E-013
2470 4.1835E-013
2471 4.1478E-013
2472 4.2232E-013
2474 4.0531E-013
2475 4.4438E-013
2476 4.3941E-013
2478 4.2457E-013
2479 4.1177E-013
2481 4.3482E-013
2482 4.4898E-013
2483 4.1055E-013
2485 4.1068E-013
2486 4.4230E-013
2487 4.5924E-013
2489 4.6450E-013
2490 4.0994E-013
2492 3.8189E-013
2493 4.1632E-013
2494 4.3593E-013
2496 4.9289E-013
2497 4.9216E-013
2498 4.6033E-013
2500 4.8008E-013
2501 4.9408E-013
2503 4.7495E-013
2504 4.6556E-013
2505 4.6619E-013
2507 4.3078E-013
2508 4.4171E-013
2509 4.7253E-013
2511 4.3653E-013
2512 4.1570E-013
2514 4.3545E-013
2515 4.4175E-013
2516 4.4861E-013
2518 4.2787E-013
2519 4.2435E-013
2520 4.0791E-013
2522 4.0212E-013
2523 4.0668E-013
2525 3.9823E-013
2526 3.4737E-013
2527 3.4907E-013
2529 3.5985E-013
2530 3.4497E-013
2531 4.1736E-013
2533 4.5165E-013
2534 4.1444E-013
2536 3.9098E-013
2537 3.7775E-013
2538 3.5492E-013
2540 3.4303E-013
2541 3.8845E-013
2542 3.8151E-013
2544 3.8923E-013
2545 3.9372E-013
2547 3.7726E-013
2548 3.8894E-013
2549 3.2224E-013
2551 3.3607E-013
2552 4.1563E-013
2553 4.7267E-013
2555 4.7585E-013
2556 4.5432E-013
2557 4.3493E-013
2559 4.3586E-013
2560 4.1336E-013
2562 4.1506E-013
2563 3.9780E-013
2564 4.0161E-013
2566 4.5889E-013
2567 4.3268E-013
2568 4.6139E-013
2570 4.7282E-013
2571 4.5963E-013
2573 4.5203E-013
2574 4.5857E-013
2575 4.5382E-013
2577 4.3085E-013
2578 4.3757E-013
2579 4.5335E-013
2581 4.6311E-013
2582 4.5093E-013
2584 4.2412E-013
2585 4.4307E-013
2586 3.8830E-013
2588 4.3219E-013
2589 4.4384E-013
2590 4.5162E-013
2592 4.4021E-013
2593 4.5100E-013
2595 4.3398E-013
2596 4.5489E-013
2597 4.5605E-013
2599 3.5929E-013
2600 3.2065E-013
2601 4.0967E-013
2603 4.7429E-013
2604 4.5595E-013
2606 4.0243E-013
2607 3.5794E-013
2608 3.8694E-013
2610 4.0653E-013
2611 3.9034E-013
2612 3.7129E-013
2614 3.8680E-013
2615 4.0094E-013
2617 4.6274E-013
2618 4.4220E-013
2619 4.3340E-013
2621 4.3442E-013
2622 4.4555E-013
2623 4.6232E-013
2625 4.5450E-013
2626 4.4536E-013
2628 4.3417E-013
2629 4.1220E-013
2630 3.9672E-013
2632 3.5043E-013
2633 4.0284E-013
2634 4.8200E-013
2636 4.9890E-013
2637 4.8539E-013
2639 4.6949E-013
2640 4.8368E-013
2641 5.0199E-013
2643 5.0193E-013
2644 5.2530E-013
2645 5.1637E-013
2647 5.0834E-013
2648 5.1679E-013
2649 5.1029E-013
2651 5.0592E-013
2652 4.9715E-013
2654 4.9272E-013
2655 5.0292E-013
2656 5.0671E-013
2658 5.0602E-013
2659 4.7832E-013
2660 4.9377E-013
2662 4.7040E-013
2663 4.5468E-013
2665 4.3151E-013
2666 4.3684E-013
2667 4.2834E-013
2669 4.5198E-013
2670 4.6004E-013
2671 4.6052E-013
2673 4.4524E-013
2674 4.7242E-013
2676 4.8882E-013
2677 4.8940E-013
2678 4.6475E-013
2680 4.5548E-013
2681 4.6270E-013
2682 4.7279E-013
2684 4.7985E-013
2685 4.6497E-013
2687 4.6155E-013
2688 4.5114E-013
2689 4.4627E-013
2691 4.4796E-013
2692 4.4324E-013
2693 4.1896E-013
2695 4.4455E-013
2696 4.7434E-013
2698 4.5559E-013
2699 4.1414E-013
2700 4.5060E-013
2702 4.4933E-013
2703 4.6078E-013
2704 4.5717E-013
2706 4.6077E-013
2707 4.3659E-013
2709 4.3890E-013
2710 4.2097E-013
2711 4.2086E-013
2713 4.2794E-013
2714 4.6135E-013
2715 4.5866E-013
2717 4.5184E-013
2718 4.3329E-013
2720 4.2582E-013
2721 4.3958E-013
2722 4.5572E-013
2724 4.4372E-013
2725 4.4687E-013
2726 4.5973E-013
2728 4.3910E-013
2729 4.4571E-013
2730 4.7697E-013
2732 4.7560E-013
2733 4.7459E-013
2735 4.6773E-013
2736 4.8359E-013
2737 4.5583E-013
2739 4.4526E-013
2740 4.2319E-013
2741 4.3052E-013
2743 4.1301E-013
2744 3.9683E-013
2746 4.1692E-013
2747 3.8325E-013
2748 3.8410E-013
2750 3.7036E-013
2751 3.6557E-013
2752 4.0734E-013
2754 4.2207E-013
2755 4.1021E-013
2757 3.8139E-013
2758 4.1150E-013
2759 4.4301E-013
2761 4.2766E-013
2762 4.3012E-013
2763 4.1738E-013
2765 4.4448E-013
2766 4.3934E-013
2768 4.3403E-013
2769 4.2270E-013
2770 4.1652E-013
2772 4.5771E-013
2773 4.7186E-013
2774 4.6886E-013
2776 4.5300E-013
2777 4.4981E-013
2779 4.4021E-013
2780 4.2593E-013
2781 4.3131E-013
2783 4.5236E-013
2784 4.3707E-013
2785 4.4338E-013
2787 4.6303E-013
2788 4.6558E-013
2789 4.6015E-013
2791 4.3586E-013
2792 4.1575E-013
2794 3.7497E-013
2795 3.0739E-013
2796 2.1450E-013
2798 2.7691E-013
2799 3.4356E-013
2800 3.8778E-013
2802 3.6310E-013
2803 2.6474E-013
2805 3.2292E-013
2806 4.1053E-013
2807 4.3988E-013
2809 4.7121E-013
2810 4.7273E-013
2811 4.6434E-013
2813 4.5238E-013
2814 4.6339E-013
2816 4.8431E-013
2817 4.6985E-013
2818 4.6567E-013
2820 4.8333E-013
2821 4.9635E-013
2822 4.8577E-013
2824 4.7241E-013
2825 4.8338E-013
2827 4.6447E-013
2828 4.6679E-013
2829 4.6056E-013
2831 4.6595E-013
2832 4.4483E-013
2833 4.5114E-013
2835 4.6775E-013
2836 4.4466E-013
2837 4.4908E-013
2839 4.4807E-013
2840 4.3037E-013
2842 4.1248E-013
2843 4.3001E-013
2844 4.2603E-013
2846 4.4553E-013
2847 4.4357E-013
2848 4.3263E-013
2850 4.1712E-013
2851 4.2099E-013
2853 3.8163E-013
2854 4.2963E-013
2855 4.4999E-013
2857 4.0874E-013
2858 4.0194E-013
2859 4.2466E-013
2861 4.6871E-013
2862 4.5409E-013
2864 4.5842E-013
2865 4.4716E-013
2866 4.2994E-013
2868 4.3899E-013
2869 4.2951E-013
2870 4.2213E-013
2872 4.3283E-013
2873 4.4249E-013
2875 4.3556E-013
2876 4.3241E-013
2877 4.2354E-013
2879 4.3835E-013
2880 4.3592E-013
2881 4.3388E-013
2883 4.5056E-013
2884 4.5753E-013
2885 4.5997E-013
2887 4.5590E-013
2888 4.4598E-013
2890 4.2087E-013
2891 4.3097E-013
2892 4.2470E-013
2894 4.1596E-013
2895 4.2599E-013
2896 4.2492E-013
2898 4.3046E-013
2899 4.4109E-013
2901 4.6829E-013
2902 4.8498E-013
2903 4.7790E-013
2905 4.8791E-013
2906 4.8138E-013
2907 4.7316E-013
2909 4.6378E-013
2910 4.6212E-013
2912 4.5744E-013
2913 4.7981E-013
2914 4.9174E-013
2916 4.7784E-013
2917 4.7361E-013
2918 4.7415E-013
2920 4.8790E-013
2921 4.7650E-013
2923 4.6215E-013
2924 4.4329E-013
2925 4.4173E-013
2927 4.4429E-013
2928 4.3912E-013
2929 4.3105E-013
2931 4.6209E-013
2932 4.6403E-013
2933 4.5728E-013
2935 4.5177E-013
2936 4.4592E-013
2938 4.4761E-013
2939 4.6168E-013
2940 4.5068E-013
2942 4.6400E-013
2943 4.6771E-013
2944 4.5500E-013
2946 4.5623E-013
2947 4.4590E-013
2949 4.3832E-013
2950 4.4324E-013
2951 4.5713E-013
2953 4.6290E-013
2954 4.4551E-013
2955 4.6163E-013
2957 4.8184E-013
2958 4.8452E-013
2960 4.7626E-013
2961 4.6854E-013
2962 4.7175E-013
2964 4.7734E-013
2965 4.4491E-013
2966 4.5168E-013
2968 4.6777E-013
2969 4.6339E-013
2970 4.4469E-013
2972 4.5268E-013
2973 4.5568E-013
2975 4.7882E-013
2976 4.7597E-013
2977 4.6324E-013
2979 4.7266E-013
2980 4.4953E-013
2981 4.6144E-013
2983 4.6044E-013
2984 4.5983E-013
2986 4.2491E-013
2987 4.5119E-013
2988 4.6863E-013
2990 4.7724E-013
2991 4.9432E-013
2992 4.9507E-013
2994 4.7604E-013
2995 4.7969E-013
2996 4.9080E-013
2998 4.9191E-013
2999 4.7863E-013
3001 4.6070E-013
3002 4.5458E-013
3003 4.4033E-013
3005 4.6570E-013
3006 4.9404E-013
3007 4.9397E-013
3009 4.8703E-013
3010 4.9064E-013
3012 4.8377E-013
3013 4.8835E-013
3014 4.8824E-013
3016 4.8320E-013
3017 4.7946E-013
3018 4.7613E-013
3020 4.7654E-013
3021 4.5836E-013
3023 4.7335E-013
3024 4.9130E-013
3025 4.8428E-013
3027 4.7365E-013
3028 4.8182E-013
3029 4.8726E-013
3031 4.7094E-013
3032 4.6772E-013
3033 4.6332E-013
3035 4.6958E-013
3036 4.7693E-013
3038 4.6146E-013
3039 4.6582E-013
3040 4.7162E-013
3042 4.6720E-013
3043 4.7246E-013
3044 4.7651E-013
3046 4.7685E-013
3047 4.7340E-013
3049 4.6147E-013
3050 4.6202E-013
3051 4.6238E-013
3053 4.8027E-013
3054 4.7476E-013
3055 4.7138E-013
3057 4.6280E-013
3058 4.4713E-013
3059 4.5336E-013
3067 4.6574E-013
3070 4.6080E-013
3073 4.5444E-013
3076 4.5773E-013
3078 4.6087E-013
3081 4.6815E-013
3084 4.7536E-013
3087 4.6221E-013
3089 4.6328E-013
3092 4.5420E-013
3095 4.5640E-013
3098 4.5661E-013
3100 4.5464E-013
3103 4.4726E-013
3106 4.4810E-013
3108 4.6541E-013
3111 4.7163E-013
3114 4.5549E-013
3117 4.4008E-013
3119 4.4827E-013
3122 4.4358E-013
3125 4.4599E-013
3128 4.5604E-013
3130 4.4823E-013
3133 4.4127E-013
3136 4.5230E-013
3139 4.5613E-013
3141 4.6021E-013
3144 4.5610E-013
3147 4.5534E-013
3150 4.5632E-013
3152 4.5791E-013
3155 4.5905E-013
3158 4.4715E-013
3161 4.3800E-013
3163 4.3944E-013
3166 4.5730E-013
3169 4.5748E-013
3172 4.6189E-013
3174 4.6831E-013
3177 4.3961E-013
3180 4.2233E-013
3183 4.4838E-013
3185 4.4501E-013
3188 4.4717E-013
3191 4.3618E-013
3194 4.4232E-013
3196 4.4033E-013
3199 4.5936E-013
3202 4.5442E-013
3205 4.6388E-013
3207 4.5239E-013
3210 4.4159E-013
3213 4.3859E-013
3216 4.3675E-013
3218 4.4233E-013
3221 4.5311E-013
3224 4.4510E-013
3227 4.4126E-013
3229 4.3367E-013
3232 4.3041E-013
3235 4.3059E-013
3238 4.3015E-013
3240 4.3170E-013
3243 4.4869E-013
3246 4.4099E-013
3249 4.3418E-013
3251 4.3837E-013
3254 4.3971E-013
3257 4.5413E-013
3260 4.4358E-013
3262 4.4157E-013
3265 4.4169E-013
3268 4.3959E-013
3271 4.4326E-013
3273 4.4744E-013
3276 4.3456E-013
3279 4.2945E-013
3282 4.3590E-013
3284 4.4103E-013
3287 4.4670E-013
3290 4.4474E-013
3293 4.5028E-013
3295 4.5040E-013
3298 4.5243E-013
3301 4.5250E-013
3304 4.4450E-013
3306 4.3675E-013
3309 4.4595E-013
3312 4.3950E-013
3315 4.4767E-013
3317 4.4698E-013
3320 4.4746E-013
3323 4.2716E-013
3326 4.4266E-013
3328 4.4251E-013
3331 4.3810E-013
3334 4.3484E-013
3336 4.3331E-013
3339 4.3712E-013
3342 4.2536E-013
3345 4.3962E-013
3347 4.2866E-013
3350 4.2297E-013
3353 4.3287E-013
3356 4.3791E-013
3358 4.2403E-013
3361 4.2680E-013
3364 4.4110E-013
3367 4.2891E-013
3369 4.2850E-013
3372 4.2578E-013
3375 4.3173E-013
3378 4.2844E-013
3380 4.1566E-013
3383 4.2774E-013
3386 4.2875E-013
3389 4.2903E-013
3391 4.2972E-013
3394 4.2889E-013
3397 4.4022E-013
3400 4.4076E-013
3402 4.3867E-013
3405 4.3245E-013
3408 4.2409E-013
3411 4.3494E-013
3413 4.3212E-013
3416 4.3636E-013
3419 4.3884E-013
3422 4.2683E-013
3424 4.3967E-013
3427 4.3994E-013
3430 4.3793E-013
3433 4.3607E-013
3435 4.3377E-013
3438 4.2443E-013
3441 4.1956E-013
3444 4.1995E-013
3446 4.2544E-013
3449 4.3240E-013
3452 4.2993E-013
3455 4.1758E-013
3457 4.2370E-013
3460 4.2022E-013
3463 4.2416E-013
3466 4.3367E-013
3468 4.2802E-013
3471 4.2451E-013
3474 4.1290E-013
3477 4.2256E-013
3479 4.2168E-013
3482 4.2352E-013
3485 4.2630E-013
3488 4.1959E-013
3490 4.1663E-013
3493 4.1294E-013
3496 4.0504E-013
3499 4.1685E-013
3501 4.1659E-013
3504 4.1933E-013
3507 4.2271E-013
3510 4.1793E-013
3512 4.1361E-013
3515 4.1738E-013
3518 4.2041E-013
3521 4.2287E-013
3523 4.1916E-013
3526 4.2571E-013
3529 4.2866E-013
3532 4.2646E-013
3534 4.2583E-013
3537 4.2723E-013
3540 4.2807E-013
3543 4.2491E-013
3545 4.2732E-013
3548 4.2803E-013
3551 4.2465E-013
3554 4.2748E-013
3556 4.1725E-013
3559 4.2058E-013
3562 4.1818E-013
3565 4.1663E-013
3567 4.1321E-013
3570 4.0937E-013
3573 4.0829E-013
3576 4.1519E-013
3578 4.1379E-013
3581 4.1755E-013
3584 4.0985E-013
3587 4.0455E-013
3589 4.1028E-013
3592 4.1617E-013
3595 4.1434E-013
3598 4.1690E-013
3600 4.2096E-013
3603 4.1327E-013
3606 4.0971E-013
3609 4.0025E-013
3611 4.1045E-013
3614 4.1043E-013
3617 4.1167E-013
3620 4.1003E-013
3622 4.0801E-013
3625 4.1424E-013
3628 4.1037E-013
3631 4.0596E-013
3633 4.1076E-013
3636 4.1238E-013
3639 4.2059E-013
3642 4.1202E-013
3644 4.0932E-013
3647 4.0630E-013
3650 4.1162E-013
3653 4.1281E-013
3655 4.1460E-013
3658 4.1655E-013
3661 4.1171E-013
3664 4.1162E-013
3666 4.1275E-013
3669 4.1682E-013
3672 4.1574E-013
3675 4.1346E-013
3677 4.0726E-013
3680 4.0670E-013
3683 4.0795E-013
3686 3.9837E-013
3688 4.0103E-013
3691 4.0789E-013
3694 4.1281E-013
3697 4.1332E-013
3699 4.1597E-013
3702 4.2070E-013
3705 4.0315E-013
3708 4.2804E-013
3710 4.1385E-013
3713 3.9086E-013
3716 4.4863E-013
3719 4.5552E-013
3721 4.0261E-013
3724 4.1327E-013
3727 4.8841E-013
3730 5.0223E-013
3732 4.4657E-013
3735 3.8280E-013
3738 4.5476E-013
3740 5.4516E-013
3743 5.7221E-013
3746 5.0749E-013
3749 4.1818E-013
3751 4.5554E-013
3754 5.0572E-013
3757 6.0132E-013
3760 6.3604E-013
3762 6.4264E-013
3765 5.8238E-013
3768 4.7441E-013
3771 3.9117E-013
3773 4.5686E-013
3776 5.8967E-013
3779 7.0617E-013
3782 7.8666E-013
3784 8.2397E-013
3787 7.9844E-013
3790 7.3449E-013
3793 6.2149E-013
3795 4.8505E-013
3798 3.9946E-013
3801 4.6937E-013
3804 6.0388E-013
3806 7.2664E-013
3809 8.4365E-013
3812 9.1596E-013
3815 9.3032E-013
3817 9.5591E-013
3820 9.4055E-013
3823 8.9189E-013
3826 7.9487E-013
3828 6.8001E-013
3831 5.6015E-013
3834 4.4217E-013
3837 4.0669E-013
3839 5.0055E-013
3842 6.3265E-013
3845 7.5867E-013
3848 8.7070E-013
3850 9.5203E-013
3853 1.0206E-012
3856 1.0351E-012
3859 1.0608E-012
3861 1.0885E-012
3864 1.0920E-012
3867 1.0935E-012
3870 1.0701E-012
3872 1.0319E-012
3875 9.7330E-013
3878 8.7265E-013
3881 7.7265E-013
3883 6.5391E-013
3886 5.1284E-013
3889 4.0637E-013
3892 4.4002E-013
3894 5.6882E-013
3897 6.9242E-013
3900 7.9239E-013
3903 8.8473E-013
3905 9.6229E-013
3908 1.0511E-012
3911 1.0972E-012
3914 1.1094E-012
3916 1.1275E-012
3919 1.1569E-012
3922 1.1566E-012
3925 1.1517E-012
3927 1.1619E-012
3930 1.1132E-012
3933 9.9650E-013
3936 1.0310E-012
3938 1.1085E-012
3941 1.1405E-012
3944 1.1113E-012
3947 1.0960E-012
3949 1.0660E-012
3952 1.0235E-012
3955 9.6745E-013
3958 8.8913E-013
3960 7.9544E-013
3963 6.8639E-013
3966 5.5298E-013
3969 4.1912E-013
3971 3.8935E-013
3974 4.8849E-013
3977 6.1423E-013
3980 7.3569E-013
3982 8.3496E-013
3985 9.2302E-013
3988 9.7840E-013
3991 1.0126E-012
3993 1.0728E-012
3996 1.0930E-012
3999 1.1073E-012
4002 1.1182E-012
4004 1.1199E-012
4007 1.1279E-012
4010 1.1498E-012
4013 1.1396E-012
4015 1.1561E-012
4018 1.1632E-012
4021 1.1724E-012
4024 1.1485E-012
4026 1.1466E-012
4029 1.1383E-012
4032 1.1375E-012
4035 1.1397E-012
4037 1.1468E-012
4040 1.1576E-012
4043 1.1535E-012
4046 1.1258E-012
4048 1.1260E-012
4051 1.1236E-012
4054 1.1309E-012
4057 1.1122E-012
4059 1.1140E-012
4062 1.1080E-012
4065 1.0810E-012
4068 1.0728E-012
4070 1.0730E-012
4073 1.0355E-012
4076 1.0331E-012
4079 9.9403E-013
4081 9.8782E-013
4084 9.5411E-013
4087 9.0170E-013
4090 8.3662E-013
4092 7.4583E-013
4095 6.4121E-013
4098 5.3031E-013
4101 4.1666E-013
4103 3.8344E-013
4106 4.7540E-013
4109 5.8458E-013
4112 6.7603E-013
4114 7.8116E-013
4117 8.5327E-013
4120 9.0333E-013
4123 9.5064E-013
4125 9.6997E-013
4128 9.8253E-013
4131 9.8220E-013
4134 1.0128E-012
4136 1.0380E-012
4139 1.0546E-012
4142 1.0630E-012
4145 1.0480E-012
4147 1.0566E-012
4150 1.0658E-012
4153 1.0650E-012
4156 1.0500E-012
4158 1.0543E-012
4161 1.0619E-012
4164 1.0593E-012
4167 1.0616E-012
4169 1.0645E-012
4172 1.0405E-012
4175 1.0274E-012
4178 1.0278E-012
4180 1.0214E-012
4183 1.0383E-012
4186 1.0442E-012
4189 1.0382E-012
4191 1.0477E-012
4194 1.0516E-012
4197 1.0427E-012
4200 1.0283E-012
4202 1.0255E-012
4205 1.0396E-012
4208 1.0459E-012
4211 1.0364E-012
4213 1.0360E-012
4216 1.0263E-012
4219 1.0283E-012
4222 1.0270E-012
4224 1.0150E-012
4227 1.0101E-012
4230 1.0161E-012
4233 1.0060E-012
4235 9.9994E-013
4238 1.0153E-012
4241 1.0197E-012
4243 1.0133E-012
4246 1.0035E-012
4249 9.9673E-013
4252 9.9828E-013
4254 1.0000E-012
4257 1.0027E-012
4260 9.9015E-013
4263 9.9154E-013
4265 1.0042E-012
4268 9.9533E-013
4271 9.7287E-013
4274 9.6476E-013
4276 9.7152E-013
4279 9.8110E-013
4282 9.7718E-013
4285 9.6395E-013
4287 9.6970E-013
4290 9.5125E-013
4293 9.5242E-013
4296 9.4085E-013
4298 9.2960E-013
4301 9.1707E-013
4304 9.0932E-013
4307 9.1699E-013
4309 8.9928E-013
4312 8.8845E-013
4315 8.6690E-013
4318 8.5251E-013
4320 8.3441E-013
4323 8.0268E-013
4326 7.4244E-013
4329 6.9555E-013
4331 6.3566E-013
4334 5.5611E-013
4337 4.6826E-013
4340 3.8576E-013
4342 3.4958E-013
4345 4.2625E-013
4348 5.1885E-013
4351 6.0088E-013
4353 6.5658E-013
4356 7.2597E-013
4359 7.6827E-013
4362 8.0555E-013
4364 8.4169E-013
4367 8.5069E-013
4370 8.5980E-013
4373 8.7376E-013
4375 8.7746E-013
4378 8.9241E-013
4381 8.9895E-013
4384 8.8052E-013
4386 8.7511E-013
4389 8.9340E-013
4392 8.9956E-013
4395 8.9917E-013
4397 8.9941E-013
4400 8.9806E-013
4403 9.0201E-013
4406 8.9604E-013
4408 9.1120E-013
4411 9.0735E-013
4414 9.0786E-013
4417 8.8341E-013
4419 8.9332E-013
4422 9.0609E-013
4425 9.0500E-013
4428 9.1027E-013
4430 9.0749E-013
4433 9.0920E-013
4436 9.0394E-013
4439 9.0517E-013
4441 8.9768E-013
4444 8.8874E-013
4447 8.9552E-013
4450 8.8567E-013
4452 8.8217E-013
4455 8.8654E-013
4458 8.9303E-013
4461 8.8793E-013
4463 8.8950E-013
4466 8.7882E-013
4469 8.7515E-013
4472 8.7216E-013
4474 8.6854E-013
4477 8.7236E-013
4480 8.4904E-013
4483 8.1855E-013
4485 8.6243E-013
4488 8.6544E-013
4491 8.5380E-013
4494 8.6135E-013
4496 8.6730E-013
4499 8.6706E-013
4502 8.5648E-013
4505 8.6001E-013
4507 8.6077E-013
4510 8.5093E-013
4513 8.5998E-013
4516 8.5562E-013
4518 8.4498E-013
4521 8.4488E-013
4524 8.3560E-013
4526 8.4471E-013
4529 8.4241E-013
4532 8.3860E-013
4535 8.3977E-013
4537 8.4154E-013
4540 8.4124E-013
4543 8.4210E-013
4546 8.3544E-013
4548 8.2196E-013
4551 8.0850E-013
4554 8.1243E-013
4557 8.1211E-013
4559 8.1874E-013
4562 8.2982E-013
4565 8.2449E-013
4568 8.3376E-013
4570 8.3220E-013
4573 8.2241E-013
4576 8.2205E-013
4579 8.2638E-013
4581 8.1189E-013
4584 7.8651E-013
4587 8.0597E-013
4590 8.0021E-013
4592 8.0974E-013
4595 8.1195E-013
4598 8.1680E-013
4601 8.2028E-013
4603 8.2514E-013
4606 8.2432E-013
4609 8.1807E-013
4612 8.1330E-013
4614 8.1276E-013
4617 8.0627E-013
4620 8.0096E-013
4623 7.9700E-013
4625 8.0946E-013
4628 7.9684E-013
4631 7.9492E-013
4634 7.9161E-013
4636 7.9313E-013
4639 7.9668E-013
4642 7.9737E-013
4645 7.9614E-013
4647 7.9077E-013
4650 7.9127E-013
4653 7.9465E-013
4656 7.9066E-013
4658 7.8873E-013
4661 7.8781E-013
4664 7.8795E-013
4667 7.7833E-013
4669 7.6972E-013
4672 7.7875E-013
4675 7.8463E-013
4678 7.8458E-013
4680 7.8578E-013
4683 7.7915E-013
4686 7.7237E-013
4689 7.7244E-013
4691 7.7314E-013
4694 7.7417E-013
4697 7.7232E-013
4700 7.7075E-013
4702 7.6741E-013
4705 7.6417E-013
4708 7.6322E-013
4711 7.6956E-013
4713 7.6318E-013
4716 7.6287E-013
4719 7.6127E-013
4721 7.6040E-013
4724 7.4581E-013
4727 7.5188E-013
4730 7.5204E-013
4732 7.4720E-013
4735 7.5130E-013
4738 7.5345E-013
4741 7.5079E-013
4743 7.4950E-013
4746 7.5195E-013
4749 7.5387E-013
4752 7.5026E-013
4754 7.4628E-013
4757 7.3423E-013
4760 7.3782E-013
4763 7.3326E-013
4765 7.3412E-013
4768 7.3670E-013
4771 7.3327E-013
4774 7.3301E-013
4776 7.3017E-013
4779 7.2579E-013
4782 7.2573E-013
4785 7.2331E-013
4787 7.2491E-013
4790 7.1766E-013
4793 7.1514E-013
4796 7.1573E-013
4798 7.1546E-013
4801 7.1140E-013
4804 7.0688E-013
4807 7.0208E-013
4809 6.9735E-013
4812 7.0031E-013
4815 6.9701E-013
4818 6.9271E-013
4820 6.8087E-013
4823 6.8100E-013
4826 6.7203E-013
4829 6.6733E-013
4831 6.6220E-013
4834 6.5044E-013
4837 6.2932E-013
4840 6.1548E-013
4842 6.0191E-013
4845 5.7026E-013
4848 5.4007E-013
4851 5.0652E-013
4853 4.6164E-013
4856 4.1020E-013
4859 3.4544E-013
4861 3.0719E-013
4864 3.0608E-013
4867 3.6315E-013
4870 4.1850E-013
4872 4.6737E-013
4875 5.0238E-013
4878 5.3986E-013
4881 5.6656E-013
4883 5.9227E-013
4886 6.0505E-013
4889 6.1308E-013
4892 6.2361E-013
4894 6.3715E-013
4897 6.4645E-013
4900 6.4669E-013
4903 6.5288E-013
4905 6.5520E-013
4908 6.5910E-013
4911 6.5707E-013
4914 6.5614E-013
4916 6.5719E-013
4919 6.4959E-013
4922 6.4837E-013
4925 6.4452E-013
4927 6.4976E-013
4930 6.5932E-013
4933 6.5595E-013
4936 6.5575E-013
4938 6.5765E-013
4941 6.6377E-013
4944 6.6212E-013
4947 6.6265E-013
4949 6.5475E-013
4952 6.5569E-013
4955 6.5229E-013
4958 6.4582E-013
4960 6.4606E-013
4963 6.5733E-013
4966 6.5760E-013
4968 6.5319E-013
4971 6.5080E-013
4974 6.5119E-013
4977 6.5223E-013
4979 6.5343E-013
4982 6.4773E-013
4985 6.4476E-013
4988 6.4627E-013
4990 6.4585E-013
4993 6.4198E-013
4996 6.4261E-013
4999 6.4189E-013
5001 6.3596E-013
5004 6.3131E-013
5007 6.3219E-013
5010 6.3592E-013
5012 6.3358E-013
5015 6.3220E-013
5018 6.2495E-013
5021 6.1635E-013
5023 6.2887E-013
5026 6.3204E-013
5029 6.2454E-013
5032 5.9910E-013
5034 6.2502E-013
5037 6.2637E-013
5040 6.2366E-013
5043 6.2337E-013
5045 6.2739E-013
5048 6.2873E-013
5051 6.2521E-013
5054 6.2630E-013
5056 6.2090E-013
5059 6.1516E-013
5062 6.1948E-013
5065 6.2024E-013
5067 6.1985E-013
5070 6.1562E-013
5073 6.0972E-013
5075 6.1175E-013
5078 6.1521E-013
5081 6.1482E-013
5084 6.1296E-013
5086 6.1244E-013
5089 6.1444E-013
5092 6.1451E-013
5095 6.0558E-013
5097 6.0533E-013
5100 6.0416E-013
5103 6.0234E-013
5106 6.0883E-013
5108 6.0815E-013
5111 6.0174E-013
5114 6.0210E-013
5117 6.0471E-013
5119 6.0748E-013
5122 6.0037E-013
5125 6.0078E-013
5128 5.9660E-013
5130 5.9492E-013
5133 5.9223E-013
5136 5.9384E-013
5139 5.9064E-013
5141 5.8859E-013
5144 5.9278E-013
5147 5.8403E-013
5150 5.8741E-013
5152 5.8901E-013
5155 5.8553E-013
5158 5.8600E-013
5160 5.8669E-013
5163 5.8287E-013
5166 5.7560E-013
5169 5.5533E-013
5171 5.5858E-013
5174 5.6538E-013
5177 5.6939E-013
5180 5.7655E-013
5182 5.7105E-013
5185 5.6644E-013
5188 5.7011E-013
5191 5.7109E-013
5193 5.7381E-013
5196 5.6785E-013
5199 5.6540E-013
5202 5.7022E-013
5204 5.7097E-013
5207 5.6780E-013
5210 5.6696E-013
5213 5.6709E-013
5215 5.7054E-013
5218 5.6037E-013
5221 5.6562E-013
5224 5.6483E-013
5226 5.5610E-013
5229 5.5006E-013
5232 5.5316E-013
5234 5.4593E-013
5237 5.4912E-013
5240 5.5501E-013
5243 5.6161E-013
5245 5.5952E-013
5248 5.5681E-013
5251 5.5475E-013
5254 5.5166E-013
5256 5.5162E-013
5259 5.5524E-013
5262 5.4737E-013
5265 5.4137E-013
5267 5.4393E-013
5270 5.4214E-013
5273 5.3877E-013
5276 5.3580E-013
5278 5.3611E-013
5281 5.4472E-013
5284 5.4364E-013
5287 5.4385E-013
5289 5.4678E-013
5292 5.4830E-013
5295 5.4527E-013
5298 5.4943E-013
5300 5.4146E-013
5303 5.4416E-013
5306 5.3964E-013
5308 5.4086E-013
5311 5.4011E-013
5314 5.3076E-013
5317 5.2085E-013
5319 5.3064E-013
5322 5.2629E-013
5325 5.2654E-013
5328 5.2915E-013
5330 5.2853E-013
5333 5.3139E-013
5336 5.2733E-013
5339 5.2730E-013
5341 5.2544E-013
5344 5.2962E-013
5347 5.2948E-013
5350 5.2753E-013
5352 5.2823E-013
5355 5.2791E-013
5358 5.2956E-013
5361 5.2370E-013
5363 5.2059E-013
5366 5.2182E-013
5369 5.1645E-013
5371 5.1878E-013
5374 5.2219E-013
5377 5.2454E-013
5380 5.2007E-013
5382 5.1828E-013
5385 5.1662E-013
5388 5.1719E-013
5391 5.1557E-013
5393 5.0976E-013
5396 5.1180E-013
5399 5.1088E-013
5402 5.0511E-013
5404 5.0421E-013
5407 5.0761E-013
5410 5.0767E-013
5413 5.0652E-013
5415 5.0579E-013
5418 5.1157E-013
5421 5.0673E-013
5424 5.0620E-013
5426 5.0165E-013
5429 5.0308E-013
5432 5.0391E-013
5434 5.0158E-013
5437 5.0242E-013
5440 5.0073E-013
5443 5.0383E-013
5445 5.0338E-013
5448 5.0344E-013
5453 4.9639E-013
5458 4.9673E-013
5463 4.9444E-013
5468 4.9254E-013
5473 4.9404E-013
5478 4.9492E-013
5483 4.8971E-013
5487 4.9253E-013
5492 4.8813E-013
5497 4.8658E-013
5502 4.8452E-013
5507 4.8375E-013
5512 4.8626E-013
5517 4.8197E-013
5522 4.8634E-013
5526 4.7805E-013
5531 4.7763E-013
5536 4.7318E-013
5541 4.7286E-013
5546 4.7846E-013
5551 4.7276E-013
5556 4.7081E-013
5561 4.7181E-013
5565 4.6852E-013
5570 4.6673E-013
5575 4.6679E-013
5580 4.6867E-013
5585 4.6959E-013
5590 4.6491E-013
5595 4.6162E-013
5600 4.6424E-013
5604 4.6113E-013
5609 4.6215E-013
5614 4.5711E-013
5619 4.5632E-013
5624 4.5880E-013
5629 4.5714E-013
5634 4.5279E-013
5639 4.5530E-013
5643 4.4997E-013
5648 4.5046E-013
5653 4.5124E-013
5658 4.4643E-013
5663 4.4657E-013
5668 4.4790E-013
5673 4.4703E-013
5678 4.4380E-013
5682 4.4429E-013
5687 4.3970E-013
5692 4.4142E-013
5697 4.3816E-013
5702 4.3891E-013
5707 4.3694E-013
5712 4.3540E-013
5717 4.3531E-013
5721 4.3465E-013
5726 4.3369E-013
5731 4.3144E-013
5736 4.2940E-013
5741 4.2760E-013
5746 4.2794E-013
5751 4.2795E-013
5755 4.2263E-013
5760 4.2202E-013
5765 4.2467E-013
5770 4.2555E-013
5775 4.2532E-013
5780 4.2306E-013
5785 4.2125E-013
5790 4.1874E-013
5794 4.1881E-013
5799 4.1687E-013
5804 4.1440E-013
5809 4.1464E-013
5814 4.1677E-013
5819 4.1187E-013
5824 4.0829E-013
5829 4.1087E-013
5833 4.0718E-013
5838 4.0729E-013
5843 4.0881E-013
5848 4.0772E-013
5853 4.0539E-013
5858 4.0630E-013
5863 4.0409E-013
5868 4.0465E-013
5872 4.0136E-013
5877 4.0095E-013
5882 3.9916E-013
5887 3.9724E-013
5892 3.8733E-013
5897 3.8675E-013
5902 3.9110E-013
5907 3.9357E-013
5911 3.9708E-013
5916 3.9590E-013
5921 3.9526E-013
5926 3.9234E-013
5931 3.9187E-013
5936 3.8814E-013
5941 3.8731E-013
5946 3.8921E-013
5950 3.8706E-013
5955 3.8667E-013
5960 3.8210E-013
5965 3.8601E-013
5970 3.8337E-013
5975 3.8064E-013
5980 3.7988E-013
5985 3.7807E-013
5990 3.7712E-013
5994 3.7595E-013
5999 3.7686E-013
6004 3.7382E-013
6009 3.7616E-013
6014 3.7617E-013
6019 3.7436E-013
6024 3.7262E-013
6029 3.7126E-013
6033 3.7121E-013
6038 3.7133E-013
6043 3.7091E-013
6048 3.6891E-013
6053 3.6608E-013
6058 3.6551E-013
6063 3.6384E-013
6068 3.6558E-013
6072 3.6425E-013
6077 3.6378E-013
6082 3.6425E-013
6087 3.5910E-013
6092 3.6179E-013
6097 3.6105E-013
6102 3.5918E-013
6107 3.6186E-013
6111 3.6082E-013
6116 3.5829E-013
6121 3.5509E-013
6126 3.5597E-013
6131 3.5461E-013
6136 3.5342E-013
6141 3.5244E-013
6146 3.5106E-013
6150 3.4946E-013
6155 3.4809E-013
6160 3.4679E-013
6165 3.4785E-013
6170 3.5018E-013
6175 3.4917E-013
6180 3.4595E-013
6185 3.4395E-013
6189 3.4288E-013
6194 3.4407E-013
6199 3.4368E-013
6204 3.4467E-013
6209 3.3997E-013
6214 3.4338E-013
6219 3.3892E-013
6224 3.3838E-013
6228 3.3732E-013
6233 3.3648E-013
6238 3.3558E-013
6243 3.3134E-013
6248 3.3231E-013
6253 3.3185E-013
6258 3.3148E-013
6263 3.3071E-013
6268 3.2766E-013
6272 3.3103E-013
6277 3.2982E-013
6282 3.3036E-013
6287 3.2808E-013
6292 3.2681E-013
6297 3.2730E-013
6302 3.2611E-013
6307 3.2366E-013
6311 3.2354E-013
6316 3.2228E-013
6321 3.1997E-013
6326 3.1863E-013
6331 3.1781E-013
6336 3.1680E-013
6341 3.1819E-013
6346 3.1567E-013
6350 3.1279E-013
6355 3.1694E-013
6360 3.1929E-013
6365 3.1649E-013
6370 3.1291E-013
6375 3.1037E-013
6380 3.1291E-013
6385 3.1323E-013
6390 3.1365E-013
6394 3.1108E-013
6399 3.0808E-013
6404 3.0869E-013
6409 3.0549E-013
6414 3.0641E-013
6419 3.0627E-013
6424 3.0628E-013
6429 3.0710E-013
6433 3.0427E-013
6438 3.0351E-013
6443 3.0110E-013
6448 3.0054E-013
6453 3.0200E-013
6458 2.9731E-013
6463 2.9891E-013
6468 2.9887E-013
6472 2.9791E-013
6477 2.9574E-013
6482 2.9646E-013
6487 2.9687E-013
6492 2.9434E-013
6497 2.9321E-013
6502 2.9144E-013
6507 2.9163E-013
6512 2.8842E-013
6516 2.8856E-013
6521 2.8444E-013
6526 2.7974E-013
6531 2.7730E-013
6536 2.7246E-013
6541 2.6600E-013
6546 2.5272E-013
6551 2.3966E-013
6555 2.1539E-013
6560 1.9569E-013
6565 1.8692E-013
6570 1.9751E-013
6575 2.2033E-013
6580 2.3902E-013
6585 2.5213E-013
6590 2.5967E-013
6594 2.6383E-013
6599 2.7064E-013
6604 2.7419E-013
6609 2.7521E-013
6614 2.7484E-013
6619 2.7408E-013
6624 2.7730E-013
6629 2.7688E-013
6634 2.7790E-013
6638 2.7803E-013
6643 2.7689E-013
6648 2.7645E-013
6653 2.7498E-013
6658 2.7563E-013
6663 2.7759E-013
6668 2.7324E-013
6673 2.7400E-013
6677 2.7348E-013
6682 2.7127E-013
6687 2.7237E-013
6692 2.7127E-013
6697 2.7167E-013
6702 2.7154E-013
6707 2.7179E-013
6712 2.6979E-013
6717 2.7127E-013
6721 2.6892E-013
6726 2.6779E-013
6731 2.6626E-013
6736 2.6934E-013
6741 2.6883E-013
6746 2.6746E-013
6751 2.6359E-013
6756 2.6240E-013
6760 2.6316E-013
6765 2.6360E-013
6770 2.6419E-013
6775 2.6204E-013
6780 2.6186E-013
6785 2.6153E-013
6790 2.6157E-013
6795 2.5898E-013
6799 2.5975E-013
6804 2.5853E-013
6809 2.5760E-013
6814 2.5777E-013
6819 2.5681E-013
6824 2.5673E-013
6829 2.5609E-013
6834 2.5638E-013
6839 2.5631E-013
6843 2.5405E-013
6848 2.5295E-013
6853 2.5243E-013
6858 2.5271E-013
6863 2.5154E-013
6868 2.5046E-013
6873 2.5067E-013
6878 2.5178E-013
6882 2.5222E-013
6887 2.4938E-013
6892 2.4905E-013
6897 2.5074E-013
6902 2.4750E-013
6907 2.4824E-013
6912 2.4583E-013
6917 2.4833E-013
6922 2.4591E-013
6926 2.4462E-013
6931 2.4591E-013
6936 2.4388E-013
6941 2.4426E-013
6946 2.4368E-013
6951 2.4373E-013
6956 2.4241E-013
6961 2.4174E-013
6965 2.4033E-013
6970 2.3984E-013
6975 2.3969E-013
6980 2.3978E-013
6985 2.3867E-013
6990 2.3812E-013
6995 2.3684E-013
7000 2.3889E-013
7005 2.3645E-013
7009 2.3515E-013
7014 2.3566E-013
7019 2.3506E-013
7024 2.3523E-013
7029 2.3501E-013
7034 2.3449E-013
7039 2.3196E-013
7044 2.3420E-013
7049 2.3345E-013
7053 2.3140E-013
7058 2.3095E-013
7063 2.3062E-013
7068 2.2937E-013
7073 2.2991E-013
7078 2.2978E-013
7083 2.2851E-013
7088 2.2760E-013
7092 2.2751E-013
7097 2.2753E-013
7102 2.2824E-013
7107 2.2726E-013
7112 2.2605E-013
7117 2.2616E-013
7122 2.2526E-013
7127 2.2603E-013
7132 2.2460E-013
7136 2.2483E-013
7141 2.2465E-013
7146 2.2287E-013
7151 2.2296E-013
7156 2.2262E-013
7161 2.2226E-013
7166 2.2139E-013
7171 2.2182E-013
7175 2.2060E-013
7180 2.2106E-013
7185 2.1878E-013
7190 2.1793E-013
7195 2.1818E-013
7200 2.1851E-013
7205 2.1820E-013
7210 2.1887E-013
7215 2.1785E-013
7219 2.1658E-013
7224 2.1638E-013
7229 2.1467E-013
7234 2.1538E-013
7239 2.1282E-013
7244 2.1452E-013
7249 2.1373E-013
7254 2.1418E-013
7259 2.1342E-013
7263 2.1225E-013
7268 2.1290E-013
7273 2.1190E-013
7278 2.1054E-013
7283 2.1141E-013
7288 2.1016E-013
7293 2.0891E-013
7298 2.1074E-013
7302 2.0865E-013
7307 2.0856E-013
7312 2.0712E-013
7317 2.0885E-013
7322 2.0715E-013
7327 2.0516E-013
7332 2.0661E-013
7337 2.0679E-013
7342 2.0485E-013
7346 2.0496E-013
7351 2.0413E-013
7356 2.0292E-013
7361 2.0503E-013
7366 2.0313E-013
7371 2.0350E-013
7376 2.0141E-013
7381 2.0160E-013
7385 2.0176E-013
7390 2.0048E-013
7395 2.0070E-013
7400 2.0047E-013
7405 1.9907E-013
7410 1.9923E-013
7415 1.9793E-013
7420 1.9982E-013
7425 1.9829E-013
7429 1.9873E-013
7434 1.9838E-013
7439 1.9554E-013
7444 1.9632E-013
7449 1.9649E-013
7454 1.9578E-013
7459 1.9356E-013
7464 1.9285E-013
7469 1.9484E-013
7473 1.9274E-013
7478 1.9331E-013
7483 1.9059E-013
7488 1.9341E-013
7493 1.9349E-013
7498 1.9183E-013
7503 1.9111E-013
7508 1.9136E-013
7512 1.9105E-013
7517 1.8916E-013
7522 1.9131E-013
7527 1.8878E-013
7532 1.8798E-013
7537 1.8935E-013
7542 1.8942E-013
7547 1.8825E-013
7552 1.8906E-013
7556 1.8929E-013
7561 1.8764E-013
7566 1.8814E-013
7571 1.8522E-013
7576 1.8557E-013
7581 1.8535E-013
7586 1.8627E-013
7591 1.8488E-013
7596 1.8507E-013
7600 1.8452E-013
7605 1.8120E-013
7610 1.8286E-013
7615 1.8330E-013
7620 1.8288E-013
7625 1.8253E-013
7630 1.8119E-013
7635 1.8293E-013
7639 1.8204E-013
7644 1.8161E-013
7649 1.8159E-013
7654 1.7894E-013
7659 1.7931E-013
7664 1.7927E-013
7669 1.7852E-013
7674 1.7841E-013
7679 1.7878E-013
7683 1.7719E-013
7688 1.7736E-013
7693 1.7725E-013
7698 1.7740E-013
7703 1.7839E-013
7708 1.7586E-013
7713 1.7487E-013
7718 1.7791E-013
7723 1.7736E-013
7727 1.7495E-013
7732 1.7739E-013
7737 1.7424E-013
7742 1.7374E-013
7747 1.7472E-013
7752 1.7382E-013
7757 1.7413E-013
7762 1.7094E-013
7766 1.6687E-013
7771 1.6582E-013
7776 1.6461E-013
7781 1.6738E-013
7786 1.6900E-013
7791 1.7081E-013
7796 1.7024E-013
7801 1.7055E-013
7806 1.7081E-013
7810 1.6979E-013
7815 1.7043E-013
7820 1.7033E-013
7825 1.6891E-013
7830 1.6817E-013
7835 1.6630E-013
7840 1.6721E-013
7845 1.6633E-013
7850 1.6377E-013
7854 1.6725E-013
7859 1.6925E-013
7864 1.6748E-013
7869 1.6564E-013
7874 1.6612E-013
7879 1.6356E-013
7884 1.6425E-013
7889 1.6444E-013
7893 1.6482E-013
7898 1.6312E-013
7903 1.6470E-013
7908 1.6310E-013
7913 1.6407E-013
7918 1.6116E-013
7923 1.6148E-013
7928 1.6056E-013
7933 1.6183E-013
7937 1.6094E-013
7942 1.5952E-013
7947 1.5951E-013
7952 1.6022E-013
7957 1.5808E-013
7962 1.5895E-013
7967 1.5819E-013
7972 1.5937E-013
7977 1.6110E-013
7981 1.5921E-013
7986 1.5926E-013
7991 1.5857E-013
7996 1.5785E-013
8001 1.5791E-013
8006 1.5686E-013
8011 1.5733E-013
8016 1.5616E-013
8020 1.5601E-013
8025 1.5610E-013
8030 1.5598E-013
8035 1.5557E-013
8040 1.5381E-013
8045 1.5456E-013
8050 1.5521E-013
8055 1.5402E-013
8060 1.5499E-013
8064 1.5436E-013
8069 1.5334E-013
8074 1.5285E-013
8079 1.5304E-013
8084 1.5095E-013
8089 1.5165E-013
8094 1.5239E-013
8099 1.5117E-013
8104 1.5085E-013
8108 1.5100E-013
8113 1.5049E-013
8118 1.5052E-013
8123 1.4753E-013
8128 1.5040E-013
8133 1.5017E-013
8138 1.4955E-013
8143 1.4758E-013
8147 1.4742E-013
8152 1.4723E-013
8157 1.5007E-013
8162 1.4774E-013
8167 1.4816E-013
8172 1.4705E-013
8177 1.4780E-013
8182 1.4643E-013
8187 1.4300E-013
8191 1.4493E-013
8196 1.4443E-013
8201 1.4499E-013
8206 1.4462E-013
8211 1.4339E-013
8216 1.4328E-013
8221 1.4311E-013
8226 1.4321E-013
8231 1.4214E-013
8235 1.4102E-013
8240 1.4196E-013
8245 1.4172E-013
8250 1.4449E-013
8255 1.4234E-013
8260 1.4138E-013
8265 1.4230E-013
8270 1.4045E-013
8274 1.4076E-013
8279 1.4269E-013
8284 1.4045E-013
8289 1.3896E-013
8294 1.3980E-013
8299 1.3954E-013
8304 1.3900E-013
8309 1.3908E-013
8314 1.3766E-013
8318 1.3851E-013
8323 1.3882E-013
8328 1.3928E-013
8333 1.3836E-013
8338 1.3840E-013
8343 1.3888E-013
8348 1.3804E-013
8353 1.3771E-013
8358 1.3830E-013
8362 1.3635E-013
8367 1.3710E-013
8372 1.3647E-013
8377 1.3680E-013
8382 1.3640E-013
8387 1.3643E-013
8392 1.3616E-013
8397 1.3537E-013
8401 1.3706E-013
8406 1.3382E-013
8411 1.3442E-013
8416 1.3500E-013
8421 1.3433E-013
8426 1.3415E-013
8431 1.3299E-013
8436 1.3193E-013
8441 1.3218E-013
8445 1.3053E-013
8450 1.2848E-013
8455 1.3196E-013
8460 1.3191E-013
8465 1.3269E-013
8470 1.3138E-013
8475 1.2982E-013
8480 1.3398E-013
8484 1.3207E-013
8489 1.3140E-013
8494 1.2950E-013
8499 1.2632E-013
8504 1.2578E-013
8509 1.2708E-013
8514 1.2872E-013
8519 1.3280E-013
8524 1.3301E-013
8528 1.3249E-013
8533 1.2934E-013
8538 1.2754E-013
8543 1.2322E-013
8548 1.2065E-013
8553 1.2338E-013
8558 1.2801E-013
8563 1.2890E-013
8568 1.3171E-013
8572 1.3315E-013
8577 1.3139E-013
8582 1.2973E-013
8587 1.2649E-013
8592 1.2392E-013
8597 1.2005E-013
8602 1.1949E-013
8607 1.1926E-013
8611 1.2530E-013
8616 1.2888E-013
8621 1.3130E-013
8626 1.3071E-013
8631 1.3280E-013
8636 1.3176E-013
8641 1.3105E-013
8646 1.2901E-013
8651 1.2537E-013
8655 1.1998E-013
8660 1.1543E-013
8665 1.1283E-013
8670 1.1264E-013
8675 1.1618E-013
8680 1.1886E-013
8685 1.2417E-013
8690 1.2885E-013
8694 1.2971E-013
8699 1.3206E-013
8704 1.3305E-013
8709 1.3336E-013
8714 1.3293E-013
8719 1.3183E-013
8724 1.3061E-013
8729 1.2797E-013
8734 1.2528E-013
8738 1.1969E-013
8743 1.1353E-013
8748 1.0664E-013
8753 1.0489E-013
8758 1.0855E-013
8763 1.1450E-013
8768 1.1935E-013
8773 1.2478E-013
8777 1.2635E-013
8782 1.3034E-013
8787 1.3145E-013
8792 1.3108E-013
8797 1.3358E-013
8802 1.3376E-013
8807 1.3321E-013
8812 1.3451E-013
8817 1.3290E-013
8821 1.3177E-013
8826 1.3006E-013
8831 1.2888E-013
8836 1.2431E-013
8841 1.2089E-013
8846 1.1710E-013
8851 1.1154E-013
8856 1.0587E-013
8860 1.0076E-013
8865 9.7466E-014
8870 1.0094E-013
8875 1.0870E-013
8880 1.1381E-013
8885 1.1688E-013
8890 1.2164E-013
8895 1.2444E-013
8900 1.2519E-013
8904 1.2623E-013
8909 1.2785E-013
8914 1.2806E-013
8919 1.2889E-013
8924 1.2948E-013
8929 1.2993E-013
8934 1.2942E-013
8939 1.2967E-013
8943 1.2828E-013
8948 1.3070E-013
8953 1.2851E-013
8958 1.2971E-013
8963 1.2865E-013
8968 1.2767E-013
8973 1.2706E-013
8978 1.2406E-013
8983 1.2423E-013
8987 1.2107E-013
8992 1.1874E-013
8997 1.1331E-013
9002 1.0686E-013
9007 1.0091E-013
9012 9.4756E-014
9017 9.2300E-014
9022 9.5191E-014
9026 1.0234E-013
9031 1.0517E-013
9036 1.1165E-013
9041 1.1613E-013
9046 1.1758E-013
9051 1.1998E-013
9056 1.2028E-013
9061 1.2069E-013
9066 1.2196E-013
9070 1.2261E-013
9075 1.2494E-013
9080 1.2567E-013
9085 1.2242E-013
9090 1.2257E-013
9095 1.2143E-013
9100 1.2145E-013
9105 1.2389E-013
9109 1.2497E-013
9114 1.2516E-013
9119 1.2424E-013
9124 1.2426E-013
9129 1.2544E-013
9134 1.2391E-013
9139 1.2361E-013
9144 1.2554E-013
9148 1.2722E-013
9153 1.2631E-013
9158 1.2569E-013
9163 1.2341E-013
9168 1.2143E-013
9173 1.2010E-013
9178 1.1676E-013
9183 1.1623E-013
9188 1.1776E-013
9192 1.1491E-013
9197 1.1483E-013
9202 1.1128E-013
9207 1.0696E-013
9212 1.0375E-013
9217 9.7527E-014
9222 9.5033E-014
9227 9.1095E-014
9231 8.7196E-014
9236 8.9689E-014
9241 9.2391E-014
9246 9.6331E-014
9251 1.0064E-013
9256 1.0373E-013
9261 1.0749E-013
9266 1.0656E-013
9271 1.0971E-013
9275 1.1182E-013
9280 1.1282E-013
9285 1.1407E-013
9290 1.1687E-013
9295 1.1746E-013
9300 1.1918E-013
9305 1.1869E-013
9310 1.1667E-013
9314 1.1595E-013
9319 1.1291E-013
9324 1.1596E-013
9329 1.1435E-013
9334 1.1449E-013
9339 1.1525E-013
9344 1.1194E-013
9349 1.1363E-013
9353 1.1197E-013
9358 1.1252E-013
9363 1.1401E-013
9368 1.1465E-013
9373 1.1439E-013
9378 1.1288E-013
9383 1.1372E-013
9388 1.1294E-013
9392 1.1420E-013
9397 1.1307E-013
9402 1.1259E-013
9407 1.1256E-013
9412 1.1348E-013
9417 1.0935E-013
9422 1.0854E-013
9427 1.1081E-013
9432 1.1012E-013
9436 1.0917E-013
9441 1.1061E-013
9446 1.0916E-013
9451 1.0875E-013
9456 1.0895E-013
9461 1.1069E-013
9466 1.1080E-013
9471 1.1186E-013
9475 1.1242E-013
9480 1.1065E-013
9485 1.0684E-013
9490 1.0567E-013
9495 1.0601E-013
9500 1.0505E-013
9505 1.0405E-013
9510 1.0357E-013
9514 1.0017E-013
9519 9.7428E-014
9524 9.5211E-014
9529 9.1559E-014
9534 8.7845E-014
9539 8.4964E-014
9544 8.0055E-014
9549 7.7404E-014
9553 7.9834E-014
9558 8.4162E-014
9563 8.8440E-014
9568 9.2413E-014
9573 9.3814E-014
9578 9.5708E-014
9583 9.7869E-014
9588 9.8378E-014
9593 1.0263E-013
9597 1.0102E-013
9602 1.0295E-013
9607 1.0262E-013
9612 1.0274E-013
9617 1.0208E-013
9622 1.0237E-013
9627 1.0217E-013
9632 1.0171E-013
9636 1.0239E-013
9641 1.0237E-013
9646 1.0137E-013
9651 1.0141E-013
9656 1.0000E-013
9661 1.0074E-013
9666 1.0054E-013
9671 1.0213E-013
9675 1.0211E-013
9680 1.0352E-013
9685 1.0071E-013
9690 1.0323E-013
9695 1.0554E-013
9700 1.0445E-013
9705 1.0385E-013
9710 1.0223E-013
9714 1.0040E-013
9719 1.0116E-013
9724 9.8484E-014
9729 1.0131E-013
9734 1.0075E-013
9739 1.0002E-013
9744 9.8334E-014
9749 9.8921E-014
9753 1.0131E-013
9758 9.9179E-014
9763 9.9550E-014
9768 1.0165E-013
9773 9.9262E-014
9778 9.9479E-014
9783 1.0026E-013
9788 9.9839E-014
9792 9.8015E-014
9797 9.6846E-014
9802 9.9604E-014
9807 9.6953E-014
9812 9.6922E-014
9817 9.6843E-014
9822 9.7445E-014
9827 9.5451E-014
9831 9.4330E-014
9836 9.4857E-014
9841 9.5371E-014
9846 9.5739E-014
9851 9.6020E-014
9856 9.8024E-014
9861 9.8486E-014
9866 9.7463E-014
9870 9.5879E-014
9875 9.6914E-014
9880 9.5214E-014
9885 9.6364E-014
9890 9.6391E-014
9895 9.6616E-014
9900 9.4473E-014
9905 9.3711E-014
9909 9.3449E-014
9914 9.3293E-014
9919 9.1196E-014
9924 9.5998E-014
9929 9.1607E-014
9934 9.3494E-014
9939 9.1463E-014
9944 9.2702E-014
9948 9.3849E-014
9953 9.1548E-014
9958 9.1325E-014
9963 9.1341E-014
9968 9.2447E-014
9973 9.2111E-014
9978 9.1585E-014
9983 9.1483E-014
9987 9.1291E-014
9992 8.8949E-014
9997 8.9170E-014
1E+004 9.0062E-014
1.001E+004 9.0271E-014
1.001E+004 8.9782E-014
1.002E+004 8.6728E-014
1.002E+004 8.3129E-014
1.003E+004 8.2917E-014
1.003E+004 7.8008E-014
1.004E+004 7.7419E-014
1.004E+004 7.7392E-014
1.005E+004 7.2404E-014
1.005E+004 6.8974E-014
1.006E+004 6.7703E-014
1.006E+004 6.9747E-014
1.007E+004 7.6624E-014
1.007E+004 7.7142E-014
1.008E+004 8.1649E-014
1.008E+004 8.0758E-014
1.008E+004 8.1317E-014
1.009E+004 8.1308E-014
1.009E+004 8.4095E-014
1.01E+004 8.7488E-014
1.01E+004 8.4891E-014
1.011E+004 8.5080E-014
1.011E+004 8.5899E-014
1.012E+004 8.5519E-014
1.013E+004 8.6464E-014
1.018E+004 8.6311E-014
1.023E+004 8.5216E-014
1.028E+004 8.3848E-014
1.033E+004 8.2410E-014
1.038E+004 8.1071E-014
1.043E+004 7.9754E-014
1.048E+004 7.8127E-014
1.053E+004 7.6966E-014
1.058E+004 7.5814E-014
1.063E+004 7.4636E-014
1.068E+004 7.2592E-014
1.073E+004 7.1921E-014
1.078E+004 7.0878E-014
1.083E+004 6.9533E-014
1.088E+004 6.7377E-014
1.093E+004 5.6139E-014
1.098E+004 6.1424E-014
1.103E+004 6.5007E-014
1.108E+004 6.4553E-014
1.113E+004 6.3693E-014
1.118E+004 6.2767E-014
1.123E+004 6.1823E-014
1.128E+004 6.0260E-014
1.133E+004 5.9399E-014
1.138E+004 5.8933E-014
1.143E+004 5.7982E-014
1.148E+004 5.7269E-014
1.153E+004 5.6427E-014
1.158E+004 5.5567E-014
1.163E+004 5.4488E-014
1.168E+004 5.3476E-014
1.173E+004 5.3137E-014
1.178E+004 5.1801E-014
1.183E+004 5.1345E-014
1.188E+004 5.0500E-014
1.193E+004 5.0105E-014
1.198E+004 4.9174E-014
1.203E+004 4.8603E-014
1.208E+004 4.7841E-014
1.213E+004 4.7175E-014
1.218E+004 4.6562E-014
1.223E+004 4.5878E-014
1.228E+004 4.5179E-014
1.233E+004 4.4560E-014
1.238E+004 4.3960E-014
1.243E+004 4.3383E-014
1.248E+004 4.2675E-014
1.253E+004 4.2146E-014
1.258E+004 4.1411E-014
1.263E+004 4.0877E-014
1.268E+004 4.0308E-014
1.273E+004 3.9525E-014
1.278E+004 3.7618E-014
1.283E+004 3.2143E-014
1.288E+004 3.6995E-014
1.293E+004 3.7462E-014
1.298E+004 3.7138E-014
1.303E+004 3.6729E-014
1.308E+004 3.6254E-014
1.313E+004 3.5762E-014
1.318E+004 3.5207E-014
1.323E+004 3.4820E-014
1.328E+004 3.4360E-014
1.333E+004 3.3907E-014
1.338E+004 3.3460E-014
1.343E+004 3.3014E-014
1.348E+004 3.2578E-014
1.353E+004 3.2112E-014
1.358E+004 3.1710E-014
1.363E+004 3.1317E-014
1.368E+004 3.0895E-014
1.373E+004 3.0417E-014
1.378E+004 3.0113E-014
1.383E+004 2.9733E-014
1.388E+004 2.9374E-014
1.393E+004 2.8967E-014
1.398E+004 2.8622E-014
1.403E+004 2.8265E-014
1.408E+004 2.7914E-014
1.413E+004 2.7554E-014
1.418E+004 2.7213E-014
1.423E+004 2.6870E-014
1.428E+004 2.6536E-014
1.433E+004 2.6208E-014
1.438E+004 2.5890E-014
1.443E+004 2.5364E-014
1.448E+004 2.5250E-014
1.453E+004 2.4846E-014
1.457E+004 2.4665E-014
1.462E+004 2.4359E-014
1.468E+004 2.4079E-014
1.473E+004 2.3785E-014
1.478E+004 2.3454E-014
1.483E+004 2.3217E-014
1.488E+004 2.2895E-014
1.493E+004 2.2709E-014
1.498E+004 2.2421E-014
1.503E+004 2.2127E-014
1.508E+004 2.1876E-014
1.513E+004 2.1645E-014
1.518E+004 2.1381E-014
1.523E+004 2.1141E-014
1.528E+004 2.0848E-014
1.533E+004 2.0583E-014
1.538E+004 2.0395E-014
1.543E+004 1.9979E-014
1.548E+004 1.9908E-014
1.553E+004 1.9666E-014
1.558E+004 1.9100E-014
1.563E+004 1.9439E-014
1.568E+004 1.8796E-014
1.573E+004 1.8283E-014
1.578E+004 1.8851E-014
1.583E+004 1.8600E-014
1.588E+004 1.7064E-014
1.593E+004 1.7903E-014
1.598E+004 1.8210E-014
1.605E+004 1.7571E-014
1.615E+004 1.6515E-014
1.625E+004 1.7329E-014
1.635E+004 1.6388E-014
1.645E+004 1.5345E-014
1.655E+004 1.6294E-014
1.665E+004 1.5967E-014
1.675E+004 1.4969E-014
1.685E+004 1.3994E-014
1.695E+004 1.4935E-014
1.705E+004 1.4672E-014
1.715E+004 1.4365E-014
1.725E+004 1.3914E-014
1.735E+004 1.2274E-014
1.745E+004 1.3142E-014
1.755E+004 1.3153E-014
1.765E+004 1.2914E-014
1.775E+004 1.2666E-014
1.785E+004 1.2401E-014
1.795E+004 1.2146E-014
1.805E+004 1.1785E-014
1.815E+004 1.0516E-014
1.825E+004 1.1022E-014
1.835E+004 1.1155E-014
1.845E+004 1.0962E-014
1.855E+004 1.0720E-014
1.865E+004 1.0415E-014
1.875E+004 9.2610E-015
1.885E+004 9.9622E-015
1.895E+004 9.8978E-015
1.905E+004 9.7503E-015
1.915E+004 9.5611E-015
1.925E+004 9.3520E-015
1.935E+004 9.0542E-015
1.945E+004 8.0650E-015
1.955E+004 8.7122E-015
1.965E+004 8.6663E-015
1.975E+004 8.5198E-015
1.985E+004 8.3661E-015
1.995E+004 8.2106E-015
2.005E+004 8.0595E-015
2.015E+004 7.9112E-015
2.025E+004 7.7652E-015
2.035E+004 7.6227E-015
2.045E+004 7.4861E-015
2.055E+004 7.3507E-015
2.065E+004 7.2155E-015
2.075E+004 7.0875E-015
2.085E+004 6.9620E-015
2.095E+004 6.8379E-015
2.105E+004 6.7159E-015
2.115E+004 6.5909E-015
2.125E+004 6.4749E-015
2.135E+004 6.3626E-015
2.145E+004 6.2428E-015
2.155E+004 6.0697E-015
2.165E+004 5.4473E-015
2.175E+004 5.8135E-015
2.185E+004 5.8192E-015
2.195E+004 5.7409E-015
2.205E+004 5.6422E-015
2.215E+004 5.5439E-015
2.225E+004 5.4566E-015
2.235E+004 5.3652E-015
2.245E+004 5.2761E-015
2.255E+004 5.1859E-015
2.265E+004 5.1026E-015
2.275E+004 5.0186E-015
2.285E+004 4.9387E-015
2.295E+004 4.8580E-015
2.305E+004 4.7814E-015
2.315E+004 4.7045E-015
2.325E+004 4.6301E-015
2.335E+004 4.5563E-015
2.345E+004 4.4843E-015
2.355E+004 4.4137E-015
2.365E+004 4.3443E-015
2.375E+004 4.2759E-015
2.385E+004 4.2088E-015
2.395E+004 4.1431E-015
2.405E+004 4.0774E-015
2.415E+004 4.0135E-015
2.425E+004 3.9527E-015
2.435E+004 3.8900E-015
2.445E+004 3.8277E-015
2.455E+004 3.7724E-015
2.465E+004 3.7090E-015
2.475E+004 3.6531E-015
2.485E+004 3.6068E-015
2.495E+004 3.5197E-015
2.505E+004 3.5026E-015
2.515E+004 3.4511E-015
2.525E+004 3.3433E-015
2.535E+004 3.3441E-015
2.545E+004 3.3108E-015
2.555E+004 3.2422E-015
2.565E+004 3.1141E-015
2.575E+004 3.1547E-015
2.585E+004 3.1246E-015
2.595E+004 3.0777E-015
2.605E+004 2.9850E-015
2.615E+004 2.8358E-015
2.625E+004 2.6734E-015
2.635E+004 2.8493E-015
2.645E+004 2.8642E-015
2.655E+004 2.8284E-015
2.665E+004 2.7576E-015
2.675E+004 2.5695E-015
2.685E+004 2.6805E-015
2.695E+004 2.6795E-015
2.705E+004 2.6487E-015
2.715E+004 2.6141E-015
2.725E+004 2.5775E-015
2.735E+004 2.5378E-015
2.745E+004 2.4821E-015
2.755E+004 2.2982E-015
2.765E+004 2.3478E-015
2.775E+004 2.3927E-015
2.785E+004 2.3722E-015
2.795E+004 2.3444E-015
2.805E+004 2.3127E-015
2.815E+004 2.2813E-015
2.825E+004 2.2506E-015
2.835E+004 2.2205E-015
2.845E+004 2.1867E-015
2.855E+004 2.1483E-015
2.865E+004 2.0671E-015
2.875E+004 1.9305E-015
2.885E+004 2.0462E-015
2.895E+004 2.0412E-015
2.905E+004 2.0218E-015
2.915E+004 1.9950E-015
2.925E+004 1.9702E-015
2.935E+004 1.9448E-015
2.945E+004 1.9197E-015
2.955E+004 1.8950E-015
2.965E+004 1.8707E-015
2.975E+004 1.8467E-015
2.985E+004 1.8231E-015
2.995E+004 1.7998E-015
3.005E+004 1.7763E-015
3.015E+004 1.7492E-015
3.025E+004 1.7139E-015
3.035E+004 1.5927E-015
3.045E+004 1.6076E-015
3.055E+004 1.6542E-015
3.065E+004 1.6436E-015
3.075E+004 1.6266E-015
3.085E+004 1.6055E-015
3.095E+004 1.5868E-015
3.105E+004 1.5672E-015
3.115E+004 1.5475E-015
3.125E+004 1.5288E-015
3.135E+004 1.5104E-015
3.145E+004 1.4917E-015
3.155E+004 1.4743E-015
3.165E+004 1.4566E-015
3.175E+004 1.4387E-015
3.185E+004 1.4218E-015
3.195E+004 1.4047E-015
3.21E+004 1.3797E-015
3.23E+004 1.3473E-015
3.25E+004 1.3157E-015
3.27E+004 1.2810E-015
3.29E+004 1.1857E-015
3.31E+004 1.2013E-015
3.33E+004 1.1932E-015
3.35E+004 1.1678E-015
3.37E+004 1.1410E-015
3.39E+004 1.1159E-015
3.41E+004 1.0912E-015
3.43E+004 1.0674E-015
3.45E+004 1.0441E-015
3.47E+004 1.0212E-015
3.49E+004 9.9900E-016
3.51E+004 9.7733E-016
3.53E+004 9.5626E-016
3.55E+004 9.3568E-016
3.57E+004 9.1549E-016
3.59E+004 8.9641E-016
3.61E+004 8.7679E-016
3.63E+004 8.5909E-016
3.65E+004 8.3988E-016
3.67E+004 8.2383E-016
3.69E+004 8.0361E-016
3.71E+004 7.8845E-016
3.73E+004 7.5210E-016
3.75E+004 7.2769E-016
3.77E+004 7.4156E-016
3.79E+004 7.2858E-016
3.81E+004 7.0911E-016
3.83E+004 6.9583E-016
3.85E+004 6.8662E-016
3.87E+004 6.7303E-016
3.89E+004 6.5754E-016
3.91E+004 6.3534E-016
3.93E+004 6.3368E-016
3.95E+004 6.2264E-016
3.97E+004 6.1087E-016
3.99E+004 5.9818E-016
4.01E+004 5.7850E-016
4.03E+004 5.6378E-016
4.05E+004 5.3841E-016
4.07E+004 5.5186E-016
4.09E+004 5.4456E-016
4.11E+004 5.3537E-016
4.13E+004 5.2486E-016
4.15E+004 5.1242E-016
4.17E+004 4.8551E-016
4.19E+004 4.9309E-016
4.21E+004 4.8747E-016
4.23E+004 4.7916E-016
4.25E+004 4.7047E-016
4.27E+004 4.6198E-016
4.29E+004 4.5367E-016
4.31E+004 4.4555E-016
4.33E+004 4.3756E-016
4.35E+004 4.2800E-016
4.37E+004 4.0483E-016
4.39E+004 4.0740E-016
4.41E+004 4.0676E-016
4.43E+004 4.0042E-016
4.45E+004 3.9348E-016
4.47E+004 3.8726E-016
4.49E+004 3.7992E-016
4.51E+004 3.7346E-016
4.53E+004 3.6706E-016
4.55E+004 3.6083E-016
4.57E+004 3.5465E-016
4.59E+004 3.4854E-016
4.61E+004 3.4240E-016
4.63E+004 3.3506E-016
4.65E+004 3.1368E-016
4.67E+004 3.0877E-016
4.69E+004 3.1682E-016
4.71E+004 3.1478E-016
4.73E+004 3.1013E-016
4.75E+004 3.0517E-016
4.77E+004 3.0031E-016
4.79E+004 2.9553E-016
4.81E+004 2.9080E-016
4.83E+004 2.8614E-016
4.85E+004 2.8159E-016
4.87E+004 2.7712E-016
4.89E+004 2.7272E-016
4.91E+004 2.6840E-016
4.93E+004 2.6419E-016
4.95E+004 2.6008E-016
4.97E+004 2.5596E-016
4.99E+004 2.5203E-016
5.01E+004 2.4810E-016
5.03E+004 2.4416E-016
5.05E+004 2.4052E-016
5.07E+004 2.3673E-016
5.09E+004 2.3262E-016
5.11E+004 2.2730E-016
5.13E+004 2.1450E-016
5.15E+004 2.2107E-016
5.17E+004 2.1880E-016
5.19E+004 2.1609E-016
5.21E+004 2.1306E-016
5.23E+004 2.0990E-016
5.25E+004 2.0648E-016
5.27E+004 2.0317E-016
5.29E+004 2.0073E-016
5.31E+004 1.9792E-016
5.33E+004 1.9505E-016
5.35E+004 1.9210E-016
5.37E+004 1.8862E-016
5.39E+004 1.8593E-016
5.41E+004 1.8393E-016
5.43E+004 1.8162E-016
5.45E+004 1.7915E-016
5.47E+004 1.7657E-016
5.49E+004 1.7373E-016
5.51E+004 1.7064E-016
5.53E+004 1.6735E-016
5.55E+004 1.6630E-016
5.57E+004 1.6440E-016
5.59E+004 1.6220E-016
5.61E+004 1.5997E-016
5.63E+004 1.5777E-016
5.65E+004 1.5559E-016
5.67E+004 1.5329E-016
5.69E+004 1.5061E-016
5.71E+004 1.4663E-016
5.73E+004 1.4636E-016
5.75E+004 1.4506E-016
5.77E+004 1.4330E-016
5.79E+004 1.4137E-016
5.81E+004 1.3948E-016
5.83E+004 1.3750E-016
5.85E+004 1.3555E-016
5.87E+004 1.3355E-016
5.89E+004 1.3050E-016
5.91E+004 1.2339E-016
5.93E+004 1.2726E-016
5.95E+004 1.2398E-016
5.97E+004 1.2368E-016
5.99E+004 1.2337E-016
6.01E+004 1.2199E-016
6.03E+004 1.2048E-016
6.05E+004 1.1895E-016
6.07E+004 1.1744E-016
6.09E+004 1.1594E-016
6.11E+004 1.1446E-016
6.13E+004 1.1302E-016
6.15E+004 1.1158E-016
6.17E+004 1.1017E-016
6.19E+004 1.0878E-016
6.21E+004 1.0740E-016
6.23E+004 1.0601E-016
6.25E+004 1.0457E-016
6.27E+004 1.0264E-016
6.29E+004 9.8439E-017
6.31E+004 9.9797E-017
6.33E+004 9.9422E-017
6.35E+004 9.8359E-017
6.37E+004 9.7201E-017
6.39E+004 9.6032E-017
6.42E+004 9.4421E-017
6.46E+004 9.2189E-017
6.5E+004 8.9975E-017
6.54E+004 8.7842E-017
6.58E+004 8.5748E-017
6.62E+004 8.3709E-017
6.66E+004 8.1727E-017
6.7E+004 7.9707E-017
6.74E+004 7.7448E-017
6.78E+004 7.4007E-017
6.82E+004 7.4206E-017
6.86E+004 7.2724E-017
6.9E+004 7.1137E-017
6.94E+004 6.9421E-017
6.98E+004 6.7972E-017
7.02E+004 6.6480E-017
7.06E+004 6.4975E-017
7.1E+004 6.3434E-017
7.14E+004 6.2183E-017
7.18E+004 6.0835E-017
7.22E+004 5.9507E-017
7.26E+004 5.8053E-017
7.3E+004 5.6911E-017
7.34E+004 5.5778E-017
7.38E+004 5.4523E-017
7.42E+004 5.3149E-017
7.46E+004 5.0402E-017
7.5E+004 4.8743E-017
7.54E+004 4.9656E-017
7.58E+004 4.8982E-017
7.62E+004 4.8026E-017
7.66E+004 4.7071E-017
7.7E+004 4.6122E-017
7.74E+004 4.5133E-017
7.78E+004 4.3986E-017
7.82E+004 4.3343E-017
7.86E+004 4.2590E-017
7.9E+004 4.1762E-017
7.94E+004 4.0939E-017
7.98E+004 4.0133E-017
8.02E+004 3.9347E-017
8.06E+004 3.8581E-017
8.1E+004 3.7768E-017
8.14E+004 3.6720E-017
8.18E+004 3.6169E-017
8.22E+004 3.5665E-017
8.26E+004 3.5019E-017
8.3E+004 3.4356E-017
8.34E+004 3.3705E-017
8.38E+004 3.3069E-017
8.42E+004 3.2454E-017
8.46E+004 3.1853E-017
8.5E+004 3.1264E-017
8.54E+004 3.0685E-017
8.58E+004 3.0115E-017
8.62E+004 2.9471E-017
8.66E+004 2.8486E-017
8.7E+004 2.8335E-017
8.74E+004 2.7389E-017
8.78E+004 2.6902E-017
8.82E+004 2.6940E-017
8.86E+004 2.6512E-017
8.9E+004 2.6044E-017
8.94E+004 2.5584E-017
8.98E+004 2.5133E-017
9.02E+004 2.4693E-017
9.06E+004 2.4261E-017
9.1E+004 2.3839E-017
9.14E+004 2.3425E-017
9.18E+004 2.3022E-017
9.22E+004 2.2616E-017
9.26E+004 2.2185E-017
9.3E+004 2.1816E-017
9.34E+004 2.1411E-017
9.38E+004 2.0622E-017
9.42E+004 2.0567E-017
9.46E+004 2.0372E-017
9.5E+004 2.0036E-017
9.54E+004 1.9709E-017
9.58E+004 1.9427E-017
9.62E+004 1.9108E-017
9.66E+004 1.8796E-017
9.7E+004 1.8490E-017
9.74E+004 1.8191E-017
9.78E+004 1.7898E-017
9.82E+004 1.7580E-017
9.86E+004 1.7277E-017
9.9E+004 1.7055E-017
9.94E+004 1.6786E-017
9.98E+004 1.6522E-017
1.002E+005 1.6264E-017
1.005E+005 1.6072E-017
1.01E+005 1.5758E-017
1.015E+005 1.5453E-017
1.02E+005 1.5156E-017
1.025E+005 1.4865E-017
1.03E+005 1.4583E-017
1.035E+005 1.4305E-017
1.04E+005 1.4035E-017
1.045E+005 1.3771E-017
1.05E+005 1.3513E-017
1.055E+005 1.3260E-017
1.06E+005 1.3015E-017
1.065E+005 1.2775E-017
1.07E+005 1.2538E-017
1.075E+005 1.2310E-017
1.08E+005 1.2085E-017
1.085E+005 1.1865E-017
1.09E+005 1.1651E-017
1.095E+005 1.1442E-017
1.1E+005 1.1237E-017
1.105E+005 1.1036E-017
1.11E+005 1.0841E-017
1.115E+005 1.0650E-017
1.12E+005 1.0463E-017
1.125E+005 1.0279E-017
1.13E+005 1.0100E-017
1.135E+005 9.9247E-018
1.14E+005 9.7537E-018
1.145E+005 9.5872E-018
1.15E+005 9.4220E-018
1.155E+005 9.2611E-018
1.16E+005 9.1045E-018
1.165E+005 8.9505E-018
1.17E+005 8.8006E-018
1.175E+005 8.6517E-018
1.18E+005 8.5082E-018
1.185E+005 8.3670E-018
1.19E+005 8.2282E-018
1.195E+005 8.0916E-018
1.2E+005 7.9586E-018
1.205E+005 7.8291E-018
1.21E+005 7.7017E-018
1.215E+005 7.5764E-018
1.22E+005 7.4544E-018
1.225E+005 7.3343E-018
1.23E+005 7.2162E-018
1.235E+005 7.1012E-018
1.24E+005 6.9880E-018
1.245E+005 6.8777E-018
1.25E+005 6.7692E-018
1.255E+005 6.6623E-018
1.26E+005 6.5582E-018
1.265E+005 6.4558E-018
1.27E+005 6.3549E-018
1.275E+005 6.2566E-018
1.28E+005 6.1598E-018
1.285E+005 6.0655E-018
1.29E+005 5.9726E-018
1.295E+005 5.8812E-018
1.3E+005 5.7922E-018
1.305E+005 5.7044E-018
1.31E+005 5.6180E-018
1.315E+005 5.5338E-018
1.32E+005 5.4509E-018
1.325E+005 5.3692E-018
1.33E+005 5.2896E-018
1.335E+005 5.2112E-018
1.34E+005 5.1348E-018
1.345E+005 5.0587E-018
1.35E+005 4.9845E-018
1.355E+005 4.9123E-018
1.36E+005 4.8403E-018
1.365E+005 4.7701E-018
1.37E+005 4.7017E-018
1.375E+005 4.6336E-018
1.38E+005 4.5672E-018
1.385E+005 4.5017E-018
1.39E+005 4.4379E-018
1.395E+005 4.3750E-018
1.4E+005 4.3130E-018
1.405E+005 4.2526E-018
1.41E+005 4.1924E-018
1.415E+005 4.1344E-018
1.42E+005 4.0765E-018
1.425E+005 4.0200E-018
1.43E+005 3.9644E-018
1.435E+005 3.9095E-018
1.44E+005 3.8554E-018
1.445E+005 3.8027E-018
1.45E+005 3.7507E-018
1.455E+005 3.7000E-018
1.46E+005 3.6494E-018
1.465E+005 3.6001E-018
1.47E+005 3.5521E-018
1.475E+005 3.5041E-018
1.48E+005 3.4573E-018
1.485E+005 3.4112E-018
1.49E+005 3.3657E-018
1.495E+005 3.3213E-018
1.5E+005 3.2776E-018
1.505E+005 3.2343E-018
1.51E+005 3.1917E-018
1.515E+005 3.1502E-018
1.52E+005 3.1092E-018
1.525E+005 3.0687E-018
1.53E+005 3.0288E-018
1.535E+005 2.9899E-018
1.54E+005 2.9514E-018
1.545E+005 2.9135E-018
1.55E+005 2.8761E-018
1.555E+005 2.8396E-018
1.56E+005 2.8036E-018
1.565E+005 2.7680E-018
1.57E+005 2.7329E-018
1.575E+005 2.6987E-018
1.58E+005 2.6649E-018
1.585E+005 2.6315E-018
1.59E+005 2.5986E-018
1.595E+005 2.5665E-018
1.6E+005 2.5348E-018
1.605E+005 2.5035E-018
1.61E+005 2.4726E-018
1.615E+005 2.4424E-018
1.62E+005 2.4122E-018
1.625E+005 2.3828E-018
1.63E+005 2.3538E-018
1.635E+005 2.3255E-018
1.64E+005 2.2972E-018
1.645E+005 2.2695E-018
1.65E+005 2.2422E-018
1.655E+005 2.2157E-018
1.66E+005 2.1890E-018
1.665E+005 2.1631E-018
1.67E+005 2.1374E-018
1.675E+005 2.1121E-018
1.68E+005 2.0870E-018
1.685E+005 2.0626E-018
1.69E+005 2.0382E-018
1.695E+005 2.0143E-018
1.7E+005 1.9911E-018
1.705E+005 1.9678E-018
1.71E+005 1.9451E-018
1.715E+005 1.9224E-018
1.72E+005 1.9003E-018
1.725E+005 1.8787E-018
1.73E+005 1.8570E-018
1.735E+005 1.8359E-018
1.74E+005 1.8147E-018
1.745E+005 1.7941E-018
1.75E+005 1.7738E-018
1.755E+005 1.7539E-018
1.76E+005 1.7340E-018
1.765E+005 1.7146E-018
1.77E+005 1.6954E-018
1.775E+005 1.6764E-018
1.78E+005 1.6576E-018
1.785E+005 1.6393E-018
1.79E+005 1.6213E-018
1.795E+005 1.6034E-018
1.8E+005 1.5857E-018
1.805E+005 1.5682E-018
1.81E+005 1.5509E-018
1.815E+005 1.5341E-018
1.82E+005 1.5174E-018
1.825E+005 1.5010E-018
1.83E+005 1.4847E-018
1.835E+005 1.4685E-018
1.84E+005 1.4529E-018
1.845E+005 1.4371E-018
1.85E+005 1.4217E-018
1.855E+005 1.4065E-018
1.86E+005 1.3915E-018
1.865E+005 1.3768E-018
1.87E+005 1.3621E-018
1.875E+005 1.3478E-018
1.88E+005 1.3336E-018
1.885E+005 1.3196E-018
1.89E+005 1.3057E-018
1.895E+005 1.2920E-018
1.9E+005 1.2786E-018
1.905E+005 1.2654E-018
1.91E+005 1.2521E-018
1.915E+005 1.2393E-018
1.92E+005 1.2265E-018
1.925E+005 1.2138E-018
1.93E+005 1.2015E-018
1.935E+005 1.1890E-018
1.94E+005 1.1769E-018
1.945E+005 1.1649E-018
1.95E+005 1.1531E-018
1.955E+005 1.1414E-018
1.96E+005 1.1299E-018
1.965E+005 1.1186E-018
1.97E+005 1.1072E-018
1.975E+005 1.0962E-018
1.98E+005 1.0852E-018
1.985E+005 1.0743E-018
1.99E+005 1.0637E-018
1.995E+005 1.0531E-018
2E+005 1.0427E-018
2.01E+005 1.0221E-018
2.02E+005 1.0020E-018
2.03E+005 9.8238E-019
2.04E+005 9.6327E-019
2.05E+005 9.4453E-019
2.06E+005 9.2632E-019
2.07E+005 9.0861E-019
2.08E+005 8.9124E-019
2.09E+005 8.7435E-019
2.1E+005 8.5778E-019
2.11E+005 8.4152E-019
2.12E+005 8.2586E-019
2.13E+005 8.1034E-019
2.14E+005 7.9540E-019
2.15E+005 7.8072E-019
2.16E+005 7.6631E-019
2.17E+005 7.5230E-019
2.18E+005 7.3854E-019
2.19E+005 7.2516E-019
2.2E+005 7.1202E-019
2.21E+005 6.9924E-019
2.22E+005 6.8668E-019
2.23E+005 6.7447E-019
2.24E+005 6.6247E-019
2.25E+005 6.5080E-019
2.26E+005 6.3933E-019
2.27E+005 6.2817E-019
2.28E+005 6.1720E-019
2.29E+005 6.0643E-019
2.3E+005 5.9594E-019
2.31E+005 5.8574E-019
2.32E+005 5.7571E-019
2.33E+005 5.6585E-019
2.34E+005 5.5625E-019
2.35E+005 5.4682E-019
2.36E+005 5.3764E-019
2.37E+005 5.2861E-019
2.38E+005 5.1974E-019
2.39E+005 5.1110E-019
2.4E+005 5.0260E-019
2.41E+005 4.9433E-019
2.42E+005 4.8619E-019
2.43E+005 4.7827E-019
2.44E+005 4.7048E-019
2.45E+005 4.6281E-019
2.46E+005 4.5535E-019
2.47E+005 4.4801E-019
2.48E+005 4.4078E-019
2.49E+005 4.3375E-019
2.5E+005 4.2690E-019
2.51E+005 4.2009E-019
2.52E+005 4.1345E-019
2.53E+005 4.0699E-019
2.54E+005 4.0056E-019
2.55E+005 3.9430E-019
2.56E+005 3.8821E-019
2.57E+005 3.8220E-019
2.58E+005 3.7630E-019
2.59E+005 3.7054E-019
2.6E+005 3.6481E-019
2.61E+005 3.5929E-019
2.62E+005 3.5380E-019
2.63E+005 3.4845E-019
2.64E+005 3.4323E-019
2.65E+005 3.3804E-019
2.66E+005 3.3299E-019
2.67E+005 3.2800E-019
2.68E+005 3.2315E-019
2.69E+005 3.1837E-019
2.7E+005 3.1366E-019
2.71E+005 3.0907E-019
2.72E+005 3.0455E-019
2.73E+005 3.0009E-019
2.74E+005 2.9575E-019
2.75E+005 2.9147E-019
2.76E+005 2.8726E-019
2.77E+005 2.8310E-019
2.78E+005 2.7905E-019
2.79E+005 2.7506E-019
2.8E+005 2.7118E-019
2.81E+005 2.6734E-019
2.82E+005 2.6357E-019
2.83E+005 2.5984E-019
2.84E+005 2.5617E-019
2.85E+005 2.5259E-019
2.86E+005 2.4911E-019
2.87E+005 2.4563E-019
2.88E+005 2.4224E-019
2.89E+005 2.3890E-019
2.9E+005 2.3560E-019
2.91E+005 2.3239E-019
2.92E+005 2.2922E-019
2.93E+005 2.2610E-019
2.94E+005 2.2302E-019
2.95E+005 2.2002E-019
2.96E+005 2.1706E-019
2.97E+005 2.1417E-019
2.98E+005 2.1129E-019
2.99E+005 2.0848E-019
3E+005 2.0571E-019
3.01E+005 2.0297E-019
3.02E+005 2.0031E-019
3.03E+005 1.9768E-019
3.04E+005 1.9508E-019
3.05E+005 1.9252E-019
3.06E+005 1.9003E-019
3.07E+005 1.8756E-019
3.08E+005 1.8513E-019
3.09E+005 1.8273E-019
3.1E+005 1.8040E-019
3.11E+005 1.7809E-019
3.12E+005 1.7581E-019
3.13E+005 1.7356E-019
3.14E+005 1.7137E-019
3.15E+005 1.6921E-019
3.16E+005 1.6707E-019
3.17E+005 1.6496E-019
3.18E+005 1.6290E-019
3.19E+005 1.6085E-019
3.2E+005 1.5884E-019
3.21E+005 1.5689E-019
3.22E+005 1.5494E-019
3.23E+005 1.5303E-019
3.24E+005 1.5115E-019
3.25E+005 1.4929E-019
3.26E+005 1.4746E-019
3.27E+005 1.4567E-019
3.28E+005 1.4391E-019
3.29E+005 1.4216E-019
3.3E+005 1.4044E-019
3.31E+005 1.3876E-019
3.32E+005 1.3708E-019
3.33E+005 1.3544E-019
3.34E+005 1.3382E-019
3.35E+005 1.3224E-019
3.36E+005 1.3066E-019
3.37E+005 1.2912E-019
3.38E+005 1.2760E-019
3.39E+005 1.2609E-019
3.4E+005 1.2461E-019
3.41E+005 1.2316E-019
3.42E+005 1.2173E-019
3.43E+005 1.2031E-019
3.44E+005 1.1892E-019
3.45E+005 1.1753E-019
3.46E+005 1.1619E-019
3.47E+005 1.1486E-019
3.48E+005 1.1354E-019
3.49E+005 1.1224E-019
3.5E+005 1.1096E-019
3.51E+005 1.0970E-019
3.52E+005 1.0846E-019
3.53E+005 1.0724E-019
3.54E+005 1.0603E-019
3.55E+005 1.0483E-019
3.56E+005 1.0366E-019
3.57E+005 1.0249E-019
3.58E+005 1.0135E-019
3.59E+005 1.0022E-019
3.6E+005 9.9107E-020
3.61E+005 9.8021E-020
3.62E+005 9.6930E-020
3.63E+005 9.5867E-020
3.64E+005 9.4817E-020
3.65E+005 9.3777E-020
3.66E+005 9.2765E-020
3.67E+005 9.1748E-020
3.68E+005 9.0758E-020
3.69E+005 8.9778E-020
3.7E+005 8.8809E-020
3.71E+005 8.7850E-020
3.72E+005 8.6902E-020
3.73E+005 8.5979E-020
3.74E+005 8.5065E-020
3.75E+005 8.4147E-020
3.76E+005 8.3267E-020
3.77E+005 8.2382E-020
3.78E+005 8.1506E-020
3.79E+005 8.0654E-020
3.8E+005 7.9797E-020
3.81E+005 7.8962E-020
3.82E+005 7.8137E-020
3.83E+005 7.7332E-020
3.84E+005 7.6524E-020
3.85E+005 7.5723E-020
3.86E+005 7.4944E-020
3.87E+005 7.4173E-020
3.88E+005 7.3410E-020
3.89E+005 7.2654E-020
3.9E+005 7.1906E-020
3.91E+005 7.1178E-020
3.92E+005 7.0458E-020
3.93E+005 6.9733E-020
3.94E+005 6.9027E-020
3.95E+005 6.8328E-020
3.96E+005 6.7648E-020
3.97E+005 6.6963E-020
3.98E+005 6.6285E-020
3.99E+005 6.5625E-020
