2902 1.0197E-015
2902 1.0197E-015
2905 -1.0910E-015
2907 6.8956E-016
2910 1.1703E-015
2913 1.7786E-015
2916 1.2789E-016
2918 5.5955E-016
2921 2.7478E-016
2924 2.2713E-016
2927 6.6184E-017
2929 8.2889E-016
2932 8.8606E-016
2935 5.8324E-016
2937 2.3180E-016
2940 5.6612E-016
2943 5.1698E-016
2946 3.3259E-016
2948 5.1356E-016
2951 3.9354E-016
2954 7.3780E-016
2957 4.0111E-016
2959 4.9044E-016
2962 5.5950E-016
2965 5.6898E-016
2968 2.5972E-016
2970 4.1628E-016
2973 4.2355E-016
2976 5.6781E-016
2979 4.7680E-016
2981 4.3390E-016
2984 4.3047E-016
2987 5.7632E-016
2990 5.5488E-016
2992 3.1250E-016
2995 4.6296E-016
2998 5.9237E-016
3001 3.7358E-016
3003 6.2430E-016
3006 4.0957E-016
3009 4.4240E-016
3012 5.0467E-016
3014 4.7947E-016
3017 4.3531E-016
3020 4.3810E-016
3023 5.2466E-016
3025 5.1534E-016
3028 5.8917E-016
3031 4.3929E-016
3034 6.5082E-016
3036 5.5898E-016
3039 5.1183E-016
3042 5.2395E-016
3045 3.8404E-016
3047 5.5259E-016
3050 5.6161E-016
3053 5.8719E-016
3056 3.9213E-016
3058 4.2451E-016
3061 3.9268E-016
3064 4.6291E-016
3067 4.4385E-016
3069 3.8338E-016
3072 6.2984E-016
3075 5.3615E-016
3078 4.6471E-016
3080 4.5424E-016
3083 4.8580E-016
3086 4.2278E-016
3089 5.1717E-016
3091 4.4278E-016
3094 4.3423E-016
3097 3.6554E-016
3100 5.0419E-016
3102 3.7533E-016
3105 5.6282E-016
3108 6.1096E-016
3110 5.8791E-016
3113 6.6810E-016
3116 4.5696E-016
3119 5.1101E-016
3121 5.4045E-016
3124 5.0735E-016
3127 4.4792E-016
3130 4.7103E-016
3132 4.3923E-016
3135 2.7546E-016
3138 3.7144E-016
3141 3.5267E-016
3143 3.7182E-016
3146 4.7437E-016
3149 5.6448E-016
3152 4.9780E-016
3154 4.6908E-016
3157 4.2819E-016
3160 4.3031E-016
3163 4.7358E-016
3165 6.2830E-016
3168 6.1007E-016
3171 5.6427E-016
3174 6.1819E-016
3176 6.3928E-016
3179 4.6613E-016
3182 5.5615E-016
3185 4.5946E-016
3187 5.9189E-016
3190 5.0237E-016
3193 5.1267E-016
3196 4.8095E-016
3198 6.1371E-016
3201 5.7739E-016
3204 6.0587E-016
3207 5.5712E-016
3209 5.6550E-016
3212 4.9404E-016
3215 4.5111E-016
3218 5.4151E-016
3220 5.8510E-016
3223 6.2837E-016
3226 5.0203E-016
3229 4.7396E-016
3231 5.6267E-016
3234 5.5623E-016
3237 5.1942E-016
3240 5.2977E-016
3242 5.1648E-016
3245 5.2803E-016
3248 5.6683E-016
3251 6.6686E-016
3253 5.4396E-016
3256 7.1151E-016
3259 6.4200E-016
3262 5.8854E-016
3264 7.0495E-016
3267 6.4268E-016
3270 7.3703E-016
3273 6.4839E-016
3275 6.0335E-016
3278 6.7046E-016
3281 5.7627E-016
3284 6.3997E-016
3286 6.5749E-016
3289 5.9439E-016
3292 6.9880E-016
3295 6.7618E-016
3297 5.7301E-016
3300 7.5120E-016
3303 6.7599E-016
3306 6.8778E-016
3308 7.1052E-016
3311 6.3818E-016
3314 7.0191E-016
3317 6.4176E-016
3319 6.4490E-016
3322 5.8800E-016
3325 6.4740E-016
3328 5.6269E-016
3330 6.7119E-016
3333 5.3998E-016
3336 5.6162E-016
3339 6.3598E-016
3341 5.9517E-016
3344 6.3330E-016
3347 5.8743E-016
3350 6.2704E-016
3352 6.5229E-016
3355 7.0362E-016
3358 6.1653E-016
3360 5.4119E-016
3363 5.7081E-016
3366 7.0556E-016
3369 5.8470E-016
3371 5.8196E-016
3374 6.2668E-016
3377 6.9587E-016
3380 6.0941E-016
3382 5.6441E-016
3385 6.8108E-016
3388 6.7459E-016
3391 5.7431E-016
3393 6.1857E-016
3396 6.5556E-016
3399 6.2442E-016
3402 7.2067E-016
3404 6.3180E-016
3407 5.9126E-016
3410 6.2560E-016
3413 5.9550E-016
3415 6.0292E-016
3418 6.6538E-016
3421 7.0005E-016
3424 6.8400E-016
3426 6.8575E-016
3429 6.9563E-016
3432 6.9013E-016
3435 7.1568E-016
3437 6.5912E-016
3440 5.5865E-016
3443 6.0167E-016
3446 6.0294E-016
3448 6.4396E-016
3451 6.4157E-016
3454 6.7788E-016
3457 6.6724E-016
3459 6.5573E-016
3462 6.3726E-016
3465 6.3750E-016
3468 6.8475E-016
3470 6.5943E-016
3473 6.1180E-016
3476 5.5419E-016
3479 5.6613E-016
3481 6.6391E-016
3484 6.8683E-016
3487 6.7200E-016
3490 6.2885E-016
3492 6.0856E-016
3495 6.1972E-016
3498 6.2850E-016
3501 6.2959E-016
3503 6.5234E-016
3506 6.9072E-016
3509 6.8101E-016
3512 7.0114E-016
3514 6.4170E-016
3517 6.5096E-016
3520 6.7111E-016
3523 6.0757E-016
3525 5.9763E-016
3528 6.3231E-016
3531 6.8884E-016
3534 7.0721E-016
3536 6.9385E-016
3539 6.5167E-016
3542 6.7733E-016
3545 7.4700E-016
3547 7.2874E-016
3550 7.8502E-016
3553 7.6858E-016
3556 7.1715E-016
3558 6.6939E-016
3561 7.4016E-016
3564 7.4081E-016
3567 6.1482E-016
3569 5.9159E-016
3572 6.0607E-016
3575 6.6539E-016
3578 6.8664E-016
3580 6.3340E-016
3583 6.2168E-016
3586 5.6512E-016
3589 5.1222E-016
3591 6.2117E-016
3594 7.2221E-016
3597 6.6099E-016
3600 7.3560E-016
3602 6.8760E-016
3605 6.5363E-016
3608 6.6187E-016
3611 6.1523E-016
3613 6.6339E-016
3616 6.5853E-016
3619 6.5205E-016
3622 6.2286E-016
3624 6.4459E-016
3627 6.9570E-016
3630 6.5710E-016
3633 6.8171E-016
3635 5.9431E-016
3638 6.3461E-016
3641 7.4611E-016
3644 6.2316E-016
3646 6.5546E-016
3649 6.4909E-016
3652 6.5859E-016
3655 6.5728E-016
3657 7.4335E-016
3660 7.3340E-016
3663 6.8334E-016
3666 7.1128E-016
3668 7.3826E-016
3671 7.5726E-016
3674 7.4303E-016
3677 7.2155E-016
3679 7.1388E-016
3682 7.2111E-016
3685 7.2764E-016
3688 7.4375E-016
3690 7.1569E-016
3693 7.3031E-016
3696 7.5556E-016
3699 8.5546E-016
3701 7.7850E-016
3704 7.3718E-016
3707 6.5309E-016
3710 6.9698E-016
3712 7.2287E-016
3715 7.2943E-016
3718 7.4724E-016
3721 7.2419E-016
3723 6.4235E-016
3726 7.3707E-016
3729 7.3722E-016
3732 7.6130E-016
3734 6.5299E-016
3737 5.7370E-016
3740 6.9652E-016
3743 7.6177E-016
3745 6.6236E-016
3748 5.9355E-016
3751 5.9333E-016
3754 7.3632E-016
3756 8.2552E-016
3759 7.3966E-016
3762 6.9068E-016
3765 7.9102E-016
3767 7.7991E-016
3770 7.2404E-016
3773 7.5121E-016
3776 8.4403E-016
3778 9.0711E-016
3781 9.3247E-016
3784 9.3378E-016
3787 8.9559E-016
3789 7.8936E-016
3792 8.3349E-016
3795 8.1264E-016
3798 6.5553E-016
3800 7.9201E-016
3803 8.9703E-016
3806 9.1566E-016
3809 9.5131E-016
3811 9.0264E-016
3814 8.8084E-016
3817 7.8413E-016
3820 8.3671E-016
3822 7.8264E-016
3825 7.2951E-016
3828 7.1245E-016
3831 6.4414E-016
3833 5.7140E-016
3836 5.4005E-016
3839 5.3287E-016
3842 6.7012E-016
3844 8.1491E-016
3847 8.5938E-016
3850 8.3302E-016
3853 8.6542E-016
3855 8.9858E-016
3858 8.7729E-016
3861 8.6815E-016
3863 8.9278E-016
3866 8.9338E-016
3869 9.4453E-016
3872 8.8716E-016
3874 8.5428E-016
3877 8.3220E-016
3880 8.4718E-016
3883 8.0611E-016
3885 7.8352E-016
3888 6.9840E-016
3891 6.1373E-016
3894 7.5252E-016
3896 8.3554E-016
3899 8.2078E-016
3902 8.2701E-016
3905 8.3396E-016
3907 8.1218E-016
3910 8.5492E-016
3913 9.1880E-016
3916 8.3530E-016
3918 8.5039E-016
3921 7.6441E-016
3924 8.2039E-016
3927 7.7888E-016
3929 5.7847E-016
3932 4.0767E-016
3935 2.8578E-016
3938 4.0178E-016
3940 6.1248E-016
3943 7.2665E-016
3946 7.8290E-016
3949 8.5604E-016
3951 8.4552E-016
3954 8.1536E-016
3957 8.6682E-016
3960 8.2605E-016
3962 7.6255E-016
3965 6.2505E-016
3968 4.0955E-016
3971 4.1517E-016
3973 5.4243E-016
3976 7.1161E-016
3979 9.0228E-016
3982 9.0090E-016
3984 9.6032E-016
3987 8.8004E-016
3990 1.0403E-015
3993 9.2055E-016
3995 9.5956E-016
3998 1.0378E-015
4001 1.0184E-015
4004 1.0111E-015
4006 9.4391E-016
4009 1.0083E-015
4012 9.9729E-016
4015 1.0492E-015
4017 1.0314E-015
4020 1.0232E-015
4023 1.0859E-015
4026 1.0328E-015
4028 1.0298E-015
4031 9.6962E-016
4034 9.4585E-016
4037 1.0200E-015
4039 1.0129E-015
4042 1.0781E-015
4045 9.8409E-016
4048 9.7108E-016
4050 1.0479E-015
4053 9.5156E-016
4056 1.0108E-015
4059 9.9009E-016
4061 1.0506E-015
4064 9.8208E-016
4067 9.4382E-016
4070 9.9810E-016
4072 1.0079E-015
4075 1.0167E-015
4078 9.6894E-016
4081 9.5750E-016
4083 1.0454E-015
4086 1.0140E-015
4089 1.0514E-015
4092 1.0237E-015
4094 1.0403E-015
4097 9.3876E-016
4100 8.8914E-016
4103 7.5573E-016
4105 8.5546E-016
4108 9.4989E-016
4111 9.9762E-016
4114 9.7585E-016
4116 1.0293E-015
4119 1.0603E-015
4122 1.0529E-015
4125 1.0251E-015
4127 1.0401E-015
4130 1.0313E-015
4133 1.0239E-015
4136 1.0402E-015
4138 1.0125E-015
4141 1.0873E-015
4144 1.0525E-015
4147 1.0207E-015
4149 1.0520E-015
4152 1.0606E-015
4155 1.0292E-015
4158 1.0257E-015
4160 1.0174E-015
4163 1.0675E-015
4166 1.0353E-015
4169 1.0214E-015
4171 1.0230E-015
4174 9.3231E-016
4177 9.8189E-016
4180 1.0483E-015
4182 1.0044E-015
4185 1.0575E-015
4188 1.0101E-015
4191 1.0096E-015
4193 1.0649E-015
4196 1.0827E-015
4199 1.0147E-015
4202 1.0273E-015
4204 1.0008E-015
4207 1.0152E-015
4210 1.0411E-015
4213 1.0065E-015
4215 1.0421E-015
4218 1.0014E-015
4221 1.0791E-015
4224 9.8463E-016
4226 9.3668E-016
4229 9.2894E-016
4232 1.0375E-015
4235 9.9659E-016
4237 9.8975E-016
4240 1.0076E-015
4243 1.0625E-015
4246 1.0227E-015
4248 9.7819E-016
4251 9.7837E-016
4254 9.6836E-016
4257 9.7654E-016
4259 1.0136E-015
4262 9.5398E-016
4265 9.6234E-016
4268 1.0270E-015
4270 9.5829E-016
4273 8.9884E-016
4276 9.2313E-016
4279 9.8542E-016
4281 1.0160E-015
4284 9.6993E-016
4287 9.4226E-016
4290 8.8339E-016
4292 9.1149E-016
4295 9.1332E-016
4298 8.7005E-016
4301 7.8018E-016
4303 7.8945E-016
4306 7.9142E-016
4309 7.8388E-016
4312 7.8660E-016
4314 8.0445E-016
4317 9.2696E-016
4320 1.0201E-015
4323 1.0597E-015
4325 8.9715E-016
4328 9.5791E-016
4331 9.3078E-016
4334 9.8717E-016
4336 9.4626E-016
4339 8.6042E-016
4342 7.0404E-016
4345 8.5275E-016
4347 8.8715E-016
4350 9.3704E-016
4353 9.8069E-016
4356 9.7081E-016
4358 1.0028E-015
4361 1.0200E-015
4364 1.0062E-015
4366 1.0132E-015
4369 9.7124E-016
4372 9.8217E-016
4375 9.9388E-016
4377 9.7457E-016
4380 9.9499E-016
4383 1.0020E-015
4386 9.2807E-016
4388 9.3244E-016
4391 1.0303E-015
4394 1.0102E-015
4397 9.8986E-016
4399 9.8516E-016
4402 9.7242E-016
4405 9.9076E-016
4408 1.0178E-015
4410 1.0465E-015
4413 1.0353E-015
4416 1.0383E-015
4419 1.0487E-015
4421 1.0869E-015
4424 1.0702E-015
4427 1.0200E-015
4430 1.0550E-015
4432 1.0387E-015
4435 1.0211E-015
4438 1.0462E-015
4441 1.0391E-015
4443 1.0514E-015
4446 1.0431E-015
4449 1.0353E-015
4452 1.0410E-015
4454 9.9763E-016
4457 1.0463E-015
4460 1.0143E-015
4463 1.0507E-015
4465 1.0581E-015
4468 1.0199E-015
4471 1.0076E-015
4474 1.0445E-015
4476 1.0875E-015
4479 1.0888E-015
4482 1.0397E-015
4485 1.0785E-015
4487 1.0893E-015
4490 1.0417E-015
4493 1.1016E-015
4496 1.0363E-015
4498 1.0839E-015
4501 1.0253E-015
4504 1.0655E-015
4507 1.0818E-015
4509 1.0880E-015
4512 1.1106E-015
4515 1.0675E-015
4518 1.0898E-015
4520 1.0580E-015
4523 1.0881E-015
4526 1.0658E-015
4529 1.0052E-015
4531 1.0413E-015
4534 1.0478E-015
4537 1.0201E-015
4540 1.0822E-015
4542 1.0741E-015
4545 1.0821E-015
4548 1.0430E-015
4551 1.0330E-015
4553 1.0270E-015
4556 1.0340E-015
4559 1.0776E-015
4562 1.0598E-015
4564 1.0419E-015
4567 1.0700E-015
4570 1.0525E-015
4573 1.0824E-015
4575 1.0685E-015
4578 1.0892E-015
4581 1.1028E-015
4584 1.0429E-015
4586 1.0631E-015
4589 1.0627E-015
4592 1.0311E-015
4595 1.0134E-015
4597 1.0717E-015
4600 1.0677E-015
4603 1.0796E-015
4606 1.0297E-015
4608 1.0833E-015
4611 1.0650E-015
4614 1.0816E-015
4616 1.0664E-015
4619 1.1168E-015
4622 1.0488E-015
4625 1.0653E-015
4627 1.1130E-015
4630 1.0492E-015
4633 1.0968E-015
4636 1.0894E-015
4638 1.0660E-015
4641 1.1269E-015
4644 9.9381E-016
4647 1.0716E-015
4649 1.0127E-015
4652 9.9623E-016
4655 1.0570E-015
4658 1.0927E-015
4660 1.0771E-015
4663 1.0814E-015
4666 1.1022E-015
4669 1.0436E-015
4671 1.0007E-015
4674 1.1011E-015
4677 1.0793E-015
4680 1.0715E-015
4682 1.0685E-015
4685 1.0321E-015
4688 1.0742E-015
4691 1.0493E-015
4693 1.0192E-015
4696 1.0804E-015
4699 1.0558E-015
4702 1.0613E-015
4704 1.0608E-015
4707 1.0317E-015
4710 1.0469E-015
4713 1.0586E-015
4715 1.0540E-015
4718 1.0128E-015
4721 1.0615E-015
4724 1.0394E-015
4726 1.0212E-015
4729 1.0465E-015
4732 1.0321E-015
4735 1.0669E-015
4737 1.0658E-015
4740 1.0610E-015
4743 1.1168E-015
4746 1.0503E-015
4748 1.0876E-015
4751 1.1103E-015
4754 1.0605E-015
4757 1.0655E-015
4759 9.9197E-016
4762 9.9365E-016
4765 1.0237E-015
4768 1.0221E-015
4770 1.0801E-015
4773 1.0778E-015
4776 1.0485E-015
4779 1.0475E-015
4781 1.0633E-015
4784 1.0753E-015
4787 1.0879E-015
4789 1.0125E-015
4792 1.0190E-015
4795 1.0520E-015
4798 1.0555E-015
4800 1.0328E-015
4803 1.0545E-015
4806 1.0421E-015
4809 1.0453E-015
4811 1.0080E-015
4814 1.0463E-015
4817 1.0730E-015
4820 1.0888E-015
4822 1.0373E-015
4825 1.0472E-015
4828 1.0167E-015
4831 1.0626E-015
4833 1.0296E-015
4836 1.0525E-015
4839 1.0374E-015
4842 1.0488E-015
4844 9.9288E-016
4847 9.8337E-016
4850 9.9468E-016
4853 9.8567E-016
4855 9.7054E-016
4858 8.8176E-016
4861 7.8054E-016
4864 7.7441E-016
4866 8.5375E-016
4869 9.0062E-016
4872 9.3621E-016
4875 9.6060E-016
4877 1.0185E-015
4880 9.8351E-016
4883 9.9853E-016
4886 9.6422E-016
4888 9.7018E-016
4891 9.7570E-016
4894 1.0111E-015
4897 1.0311E-015
4899 1.0125E-015
4902 1.0256E-015
4905 1.0297E-015
4908 9.9663E-016
4910 1.0145E-015
4913 1.0401E-015
4916 1.0061E-015
4918 9.6557E-016
4921 9.9224E-016
4924 1.1333E-015
4927 1.0816E-015
4929 1.0163E-015
4932 1.0433E-015
4935 1.0138E-015
4938 1.0013E-015
4940 1.0255E-015
4943 1.0378E-015
4946 1.0179E-015
4949 1.0163E-015
4951 1.0390E-015
4954 1.0134E-015
4957 1.0022E-015
4960 9.7130E-016
4962 9.9458E-016
4965 9.9275E-016
4968 1.0551E-015
4971 1.0340E-015
4973 1.0172E-015
4976 1.0286E-015
4979 1.0463E-015
4982 1.0306E-015
4984 9.8563E-016
4987 9.3781E-016
4990 1.0183E-015
4993 9.9742E-016
4995 1.0096E-015
4998 9.5769E-016
5001 1.0154E-015
5004 1.0143E-015
5006 1.0073E-015
5009 9.7255E-016
5012 1.0106E-015
5015 9.5938E-016
5017 1.0109E-015
5020 9.9510E-016
5023 1.0325E-015
5025 1.0048E-015
5028 9.9483E-016
5031 1.0336E-015
5034 1.0281E-015
5036 1.0110E-015
5039 1.0358E-015
5042 9.5085E-016
5045 9.7081E-016
5047 1.0018E-015
5050 9.9652E-016
5053 9.9261E-016
5056 1.0143E-015
5058 1.0217E-015
5061 1.0408E-015
5064 1.0259E-015
5067 9.8966E-016
5069 9.7082E-016
5072 1.0184E-015
5075 1.0160E-015
5078 9.7329E-016
5080 1.0173E-015
5083 9.9200E-016
5086 1.0027E-015
5089 9.8346E-016
5091 1.0278E-015
5094 1.0217E-015
5097 1.0391E-015
5100 9.6441E-016
5102 9.5978E-016
5105 9.9107E-016
5108 1.0099E-015
5111 1.0135E-015
5113 9.6789E-016
5116 9.9369E-016
5119 9.8206E-016
5121 1.0026E-015
5124 1.0060E-015
5127 9.9605E-016
5130 9.2651E-016
5132 9.5789E-016
5135 9.5537E-016
5138 9.4727E-016
5141 9.8183E-016
5143 9.5349E-016
5146 9.6835E-016
5149 1.0065E-015
5152 9.8228E-016
5154 9.1040E-016
5157 9.9308E-016
5160 1.0131E-015
5163 9.9210E-016
5165 9.9238E-016
5168 8.6430E-016
5171 8.3574E-016
5174 8.4121E-016
5176 8.5411E-016
5179 9.3595E-016
5182 9.4212E-016
5185 8.7599E-016
5187 8.9342E-016
5190 8.9530E-016
5193 9.2011E-016
5196 9.2897E-016
5198 9.7834E-016
5201 9.4473E-016
5204 9.3790E-016
5206 9.7158E-016
5209 9.2639E-016
5212 9.7459E-016
5215 9.5171E-016
5217 9.5884E-016
5220 9.7496E-016
5223 9.7028E-016
5226 1.0198E-015
5228 9.3687E-016
5231 1.0181E-015
5234 9.5175E-016
5237 9.4253E-016
5239 1.0043E-015
5242 9.8235E-016
5245 9.7981E-016
5248 9.5113E-016
5250 9.1997E-016
5253 9.8007E-016
5256 9.6622E-016
5259 9.7150E-016
5261 1.0141E-015
5264 9.2957E-016
5267 9.2170E-016
5270 9.3001E-016
5272 9.0832E-016
5275 9.3375E-016
5278 9.7917E-016
5280 9.3374E-016
5283 9.6048E-016
5286 9.4994E-016
5289 1.0114E-015
5291 9.4174E-016
5294 9.4493E-016
5297 9.7576E-016
5300 9.2604E-016
5302 9.6415E-016
5305 9.7184E-016
5308 9.6758E-016
5311 1.0126E-015
5313 9.7545E-016
5316 9.5126E-016
5319 9.8014E-016
5322 9.5083E-016
5324 9.2618E-016
5327 9.6058E-016
5330 9.1049E-016
5333 9.4029E-016
5335 9.3898E-016
5338 9.2529E-016
5341 9.3425E-016
5344 9.6139E-016
5346 9.4659E-016
5349 9.5769E-016
5352 9.0042E-016
5354 9.5031E-016
5357 9.4230E-016
5360 9.7526E-016
5363 9.7701E-016
5365 9.3090E-016
5368 9.5083E-016
5371 9.3322E-016
5374 8.8797E-016
5376 9.8801E-016
5379 9.6906E-016
5382 9.2659E-016
5385 9.4147E-016
5387 9.3545E-016
5390 9.0517E-016
5393 9.4560E-016
5396 9.4308E-016
5398 9.5108E-016
5401 9.5821E-016
5404 9.3758E-016
5407 9.4546E-016
5409 9.1491E-016
5412 9.4205E-016
5415 9.1197E-016
5417 9.0983E-016
5420 8.9961E-016
5423 9.5887E-016
5426 9.2944E-016
5428 9.7585E-016
5431 9.1432E-016
5434 9.0500E-016
5437 9.1191E-016
5439 9.7874E-016
5442 9.7317E-016
5445 9.3753E-016
5448 9.4657E-016
5455 9.6821E-016
5459 9.4830E-016
5464 9.5426E-016
5469 9.2218E-016
5474 9.6233E-016
5479 9.6554E-016
5484 9.1751E-016
5489 9.5128E-016
5493 9.7039E-016
5498 9.3768E-016
5503 9.5518E-016
5508 9.3567E-016
5513 9.4155E-016
5518 9.6890E-016
5523 1.0003E-015
5528 9.2919E-016
5532 9.3197E-016
5537 9.2729E-016
5542 9.4818E-016
5547 9.9057E-016
5552 9.4462E-016
5557 9.5920E-016
5562 9.0163E-016
5567 8.9424E-016
5571 9.2597E-016
5576 9.1466E-016
5581 9.4653E-016
5586 9.4807E-016
5591 9.1143E-016
5596 8.7560E-016
5601 9.1508E-016
5606 8.7582E-016
5610 9.0741E-016
5615 9.4875E-016
5620 9.0707E-016
5625 9.3879E-016
5630 9.1471E-016
5635 8.9558E-016
5640 9.2095E-016
5645 9.1347E-016
5649 9.0329E-016
5654 8.7340E-016
5659 9.1464E-016
5664 9.3798E-016
5669 9.1533E-016
5674 9.0606E-016
5679 9.4132E-016
5684 9.1205E-016
5688 9.0878E-016
5693 9.3288E-016
5698 8.9730E-016
5703 8.9899E-016
5708 9.0426E-016
5713 8.5504E-016
5718 8.9078E-016
5723 9.0151E-016
5727 9.0724E-016
5732 9.2085E-016
5737 9.0168E-016
5742 9.3399E-016
5747 9.0768E-016
5752 9.0820E-016
5757 8.2419E-016
5762 8.8646E-016
5766 9.1967E-016
5771 8.7771E-016
5776 8.9302E-016
5781 9.5299E-016
5786 8.8491E-016
5791 8.7436E-016
5796 8.9858E-016
5801 9.1096E-016
5805 9.1881E-016
5810 9.0184E-016
5815 9.0088E-016
5820 8.8403E-016
5825 8.8140E-016
5830 8.5308E-016
5835 8.8116E-016
5840 8.7747E-016
5844 8.9108E-016
5849 8.7408E-016
5854 9.0266E-016
5859 8.6019E-016
5864 8.8853E-016
5869 8.6269E-016
5874 8.7221E-016
5879 8.9143E-016
5883 8.8497E-016
5888 8.3715E-016
5893 8.0637E-016
5898 8.4219E-016
5903 8.5198E-016
5908 8.5487E-016
5913 8.7466E-016
5918 8.7316E-016
5922 8.6905E-016
5927 8.9112E-016
5932 8.7096E-016
5937 8.5318E-016
5942 8.7609E-016
5947 8.9257E-016
5952 8.8272E-016
5957 8.7987E-016
5961 8.4745E-016
5966 8.6089E-016
5971 8.6578E-016
5976 8.5708E-016
5981 8.3426E-016
5986 8.4832E-016
5991 8.4264E-016
5996 8.8237E-016
6000 8.4393E-016
6005 8.4414E-016
6010 8.5987E-016
6015 8.2619E-016
6020 8.5204E-016
6025 8.0657E-016
6030 8.3802E-016
6035 8.7666E-016
6039 8.4007E-016
6044 8.4127E-016
6049 8.4431E-016
6054 8.5461E-016
6059 8.5210E-016
6064 8.5946E-016
6069 8.4887E-016
6074 8.6902E-016
6078 8.3603E-016
6083 8.0974E-016
6088 8.1374E-016
6093 8.4605E-016
6098 8.2165E-016
6103 8.0006E-016
6108 8.3509E-016
6113 8.4427E-016
6117 7.8576E-016
6122 8.2598E-016
6127 8.3861E-016
6132 8.2362E-016
6137 8.4973E-016
6142 8.0619E-016
6147 8.0734E-016
6152 8.3486E-016
6157 8.1228E-016
6161 8.2676E-016
6166 7.8736E-016
6171 7.9508E-016
6176 8.0779E-016
6181 8.2643E-016
6186 8.3367E-016
6191 8.2198E-016
6196 8.4261E-016
6200 8.0181E-016
6205 7.8226E-016
6210 8.4313E-016
6215 8.2057E-016
6220 8.3368E-016
6225 8.0630E-016
6230 8.1594E-016
6235 7.8745E-016
6239 7.8533E-016
6244 8.4344E-016
6249 8.0704E-016
6254 8.1674E-016
6259 7.9729E-016
6264 7.9327E-016
6269 8.0022E-016
6274 8.0053E-016
6278 7.9469E-016
6283 8.0876E-016
6288 8.1797E-016
6293 8.1746E-016
6298 8.0035E-016
6303 8.2927E-016
6308 7.7637E-016
6313 7.9123E-016
6318 7.7997E-016
6322 7.7178E-016
6327 8.0645E-016
6332 7.9823E-016
6337 7.8201E-016
6342 7.9083E-016
6347 7.7675E-016
6352 7.4248E-016
6357 8.0951E-016
6361 8.0278E-016
6366 8.1771E-016
6371 7.8268E-016
6376 8.3183E-016
6381 8.0351E-016
6386 7.8591E-016
6391 8.0272E-016
6396 8.0237E-016
6400 7.8322E-016
6405 7.8736E-016
6410 7.6837E-016
6415 7.6685E-016
6420 7.6865E-016
6425 7.6805E-016
6430 7.7770E-016
6435 7.9278E-016
6440 7.7735E-016
6444 7.3324E-016
6449 7.6530E-016
6454 7.7103E-016
6459 7.6873E-016
6464 7.7518E-016
6469 7.8965E-016
6474 7.6705E-016
6479 7.5327E-016
6483 7.5197E-016
6488 7.5804E-016
6493 7.6368E-016
6498 7.4090E-016
6503 7.3724E-016
6508 7.7494E-016
6513 7.7494E-016
6518 7.6674E-016
6522 7.2919E-016
6527 7.5801E-016
6532 7.5636E-016
6537 7.4176E-016
6542 7.2998E-016
6547 7.3649E-016
6552 7.2819E-016
6557 7.1483E-016
6562 6.6572E-016
6566 5.9571E-016
6571 6.3639E-016
6576 7.0021E-016
6581 7.3081E-016
6586 7.2730E-016
6591 7.2580E-016
6596 7.1332E-016
6601 7.3868E-016
6605 7.6353E-016
6610 7.4743E-016
6615 7.8989E-016
6620 7.6405E-016
6625 7.5601E-016
6630 7.5427E-016
6635 7.5020E-016
6640 7.1300E-016
6645 7.6019E-016
6649 7.2839E-016
6654 7.2354E-016
6659 7.4215E-016
6664 7.6901E-016
6669 7.3282E-016
6674 7.4195E-016
6679 7.3220E-016
6684 7.1990E-016
6688 7.2408E-016
6693 7.1767E-016
6698 7.4253E-016
6703 7.3073E-016
6708 7.2305E-016
6713 7.3295E-016
6718 7.2305E-016
6723 7.0931E-016
6727 7.2720E-016
6732 7.0443E-016
6737 6.8699E-016
6742 7.0368E-016
6747 7.2698E-016
6752 7.2634E-016
6757 7.3855E-016
6762 7.2577E-016
6767 7.0257E-016
6771 7.3875E-016
6776 6.7601E-016
6781 6.9128E-016
6786 7.2761E-016
6791 7.2433E-016
6796 6.8740E-016
6801 7.2411E-016
6806 7.1946E-016
6810 7.0460E-016
6815 7.4117E-016
6820 7.2327E-016
6825 7.1674E-016
6830 7.3559E-016
6835 7.3174E-016
6840 7.0864E-016
6845 7.1262E-016
6850 7.2797E-016
6854 7.0198E-016
6859 6.8892E-016
6864 6.8837E-016
6869 6.9775E-016
6874 6.7983E-016
6879 7.1092E-016
6884 7.1465E-016
6889 6.8803E-016
6893 6.5714E-016
6898 7.0062E-016
6903 6.9117E-016
6908 6.6345E-016
6913 6.7637E-016
6918 7.0217E-016
6923 7.0248E-016
6928 7.0217E-016
6933 7.2040E-016
6937 7.1455E-016
6942 6.6674E-016
6947 7.0666E-016
6952 6.9718E-016
6957 7.2527E-016
6962 6.8406E-016
6967 6.7274E-016
6972 6.6116E-016
6977 6.6226E-016
6981 6.9881E-016
6986 6.7760E-016
6991 6.7424E-016
6996 6.7739E-016
7001 6.6786E-016
7006 6.6214E-016
7011 6.7526E-016
7016 6.5983E-016
7020 6.7495E-016
7025 6.8410E-016
7030 6.8061E-016
7035 6.7319E-016
7040 6.8628E-016
7045 6.8440E-016
7050 6.7183E-016
7055 7.1061E-016
7060 6.9109E-016
7064 7.1893E-016
7069 6.7922E-016
7074 6.9273E-016
7079 6.7083E-016
7084 6.7299E-016
7089 6.6356E-016
7094 6.4335E-016
7099 6.6808E-016
7103 6.8727E-016
7108 6.8323E-016
7113 6.5034E-016
7118 6.6550E-016
7123 6.8079E-016
7128 6.5747E-016
7133 6.8321E-016
7138 6.4308E-016
7143 6.6419E-016
7147 6.9548E-016
7152 6.5914E-016
7157 6.4174E-016
7162 6.2799E-016
7167 6.5225E-016
7172 6.7301E-016
7177 6.3118E-016
7182 6.6404E-016
7186 6.3406E-016
7191 6.4154E-016
7196 6.1159E-016
7201 6.5631E-016
7206 6.5464E-016
7211 6.7282E-016
7216 6.3151E-016
7221 6.2479E-016
7226 6.4994E-016
7230 6.2953E-016
7235 6.3368E-016
7240 6.2756E-016
7245 6.6142E-016
7250 6.5071E-016
7255 6.5569E-016
7260 6.6719E-016
7265 6.4528E-016
7270 6.5231E-016
7274 6.3667E-016
7279 6.3098E-016
7284 6.6589E-016
7289 6.5079E-016
7294 6.1280E-016
7299 6.1423E-016
7304 6.4555E-016
7309 6.2132E-016
7313 6.4508E-016
7318 6.2362E-016
7323 6.2357E-016
7328 6.3873E-016
7333 6.4974E-016
7338 6.5047E-016
7343 6.3961E-016
7348 6.6259E-016
7353 6.1953E-016
7357 6.0278E-016
7362 5.9583E-016
7367 6.2550E-016
7372 6.0916E-016
7377 6.1144E-016
7382 6.3996E-016
7387 6.2365E-016
7392 6.1964E-016
7397 6.4727E-016
7401 6.3213E-016
7406 5.9014E-016
7411 6.1905E-016
7416 6.0920E-016
7421 6.1849E-016
7426 6.1058E-016
7431 6.6444E-016
7436 6.7812E-016
7440 5.8870E-016
7445 6.3522E-016
7450 6.1143E-016
7455 5.8184E-016
7460 6.1133E-016
7465 6.1758E-016
7470 6.0518E-016
7475 5.9917E-016
7480 5.9515E-016
7484 5.6873E-016
7489 6.3637E-016
7494 6.2765E-016
7499 5.7643E-016
7504 5.9259E-016
7509 5.8746E-016
7514 6.0115E-016
7519 6.1159E-016
7524 5.8930E-016
7528 6.0579E-016
7533 6.0241E-016
7538 6.2108E-016
7543 6.2274E-016
7548 6.0952E-016
7553 6.0693E-016
7558 6.1398E-016
7563 6.1093E-016
7567 5.7395E-016
7572 5.9641E-016
7577 5.8911E-016
7582 6.1743E-016
7587 5.9883E-016
7592 5.7416E-016
7597 5.8334E-016
7602 5.8964E-016
7607 6.2366E-016
7611 6.2453E-016
7616 6.0753E-016
7621 5.7540E-016
7626 5.8569E-016
7631 5.8169E-016
7636 5.8844E-016
7641 5.9924E-016
7646 5.9564E-016
7651 5.8901E-016
7655 5.5561E-016
7660 5.7720E-016
7665 5.5679E-016
7670 5.7097E-016
7675 5.8203E-016
7680 6.0096E-016
7685 5.7072E-016
7690 5.8011E-016
7694 5.7422E-016
7699 5.5321E-016
7704 5.5677E-016
7709 5.2221E-016
7714 5.6100E-016
7719 5.8099E-016
7724 5.7844E-016
7729 5.9341E-016
7734 6.1949E-016
7738 5.7554E-016
7743 5.7392E-016
7748 5.6778E-016
7753 5.5341E-016
7758 5.4573E-016
7763 5.5210E-016
7768 5.7377E-016
7773 5.6459E-016
7778 5.8945E-016
7782 6.1640E-016
7787 5.9418E-016
7792 5.5449E-016
7797 5.8202E-016
7802 5.6773E-016
7807 5.7937E-016
7812 5.5566E-016
7817 5.6556E-016
7822 5.6642E-016
7826 5.7069E-016
7831 5.6794E-016
7836 5.8870E-016
7841 5.7197E-016
7846 5.5935E-016
7851 5.6119E-016
7856 5.6852E-016
7861 5.5807E-016
7865 5.8355E-016
7870 5.7894E-016
7875 5.3954E-016
7880 5.7178E-016
7885 5.8082E-016
7890 5.5278E-016
7895 5.7479E-016
7900 5.4483E-016
7905 5.2942E-016
7909 5.8171E-016
7914 5.5839E-016
7919 5.6919E-016
7924 5.7439E-016
7929 5.5511E-016
7934 5.3832E-016
7939 4.9692E-016
7944 5.3740E-016
7949 5.4787E-016
7953 5.3257E-016
7958 5.3070E-016
7963 5.7344E-016
7968 5.7175E-016
7973 5.3531E-016
7978 5.4657E-016
7983 5.6002E-016
7988 5.3807E-016
7992 5.6301E-016
7997 5.2835E-016
8002 5.9801E-016
8007 5.4100E-016
8012 5.5804E-016
8017 5.5929E-016
8022 5.6071E-016
8027 5.0340E-016
8032 5.8094E-016
8036 5.3453E-016
8041 5.0727E-016
8046 5.5840E-016
8051 5.5839E-016
8056 5.3535E-016
8061 5.3863E-016
8066 5.1730E-016
8071 5.5499E-016
8076 5.4047E-016
8080 5.0803E-016
8085 5.2187E-016
8090 5.4260E-016
8095 5.1467E-016
8100 5.1386E-016
8105 5.0160E-016
8110 5.2502E-016
8115 4.9914E-016
8119 5.0546E-016
8124 5.0495E-016
8129 5.2289E-016
8134 5.2181E-016
8139 5.3560E-016
8144 5.1366E-016
8149 5.1215E-016
8154 5.4717E-016
8159 5.6146E-016
8163 4.9983E-016
8168 5.4110E-016
8173 5.0045E-016
8178 5.1104E-016
8183 5.0342E-016
8188 5.1179E-016
8193 5.3129E-016
8198 5.2653E-016
8203 5.3730E-016
8207 4.8730E-016
8212 5.2611E-016
8217 5.1904E-016
8222 4.9008E-016
8227 5.3670E-016
8232 5.2578E-016
8237 5.4394E-016
8242 5.4573E-016
8246 5.6020E-016
8251 5.9100E-016
8256 5.5264E-016
8261 5.1295E-016
8266 5.2096E-016
8271 5.3231E-016
8276 5.0528E-016
8281 5.0507E-016
8286 5.1205E-016
8290 5.3790E-016
8295 5.2070E-016
8300 5.2299E-016
8305 4.9718E-016
8310 5.1390E-016
8315 5.3572E-016
8320 4.8493E-016
8325 4.7581E-016
8330 4.7818E-016
8334 4.8207E-016
8339 5.1910E-016
8344 5.2689E-016
8349 5.0245E-016
8354 5.2011E-016
8359 4.8078E-016
8364 5.1577E-016
8369 5.0914E-016
8373 4.8768E-016
8378 4.9585E-016
8383 4.6043E-016
8388 4.9703E-016
8393 4.9756E-016
8398 5.1385E-016
8403 4.9017E-016
8408 4.6175E-016
8413 4.9257E-016
8417 4.8857E-016
8422 4.7893E-016
8427 4.8852E-016
8432 4.8589E-016
8437 5.2533E-016
8442 4.5945E-016
8447 4.6257E-016
8452 4.4624E-016
8457 4.9399E-016
8461 4.7027E-016
8466 4.8892E-016
8471 5.0541E-016
8476 4.4216E-016
8481 4.8551E-016
8486 5.0611E-016
8491 4.5125E-016
8496 4.6597E-016
8500 4.8973E-016
8505 4.5944E-016
8510 4.6517E-016
8515 4.7139E-016
8520 4.6980E-016
8525 4.7582E-016
8530 4.7991E-016
8535 4.6902E-016
8540 4.6950E-016
8544 4.2470E-016
8549 4.5215E-016
8554 4.3991E-016
8559 4.5202E-016
8564 4.7713E-016
8569 5.0406E-016
8574 4.4626E-016
8579 5.1719E-016
8584 4.3677E-016
8588 4.7142E-016
8593 4.4060E-016
8598 4.9297E-016
8603 4.9251E-016
8608 4.7945E-016
8613 4.7144E-016
8618 4.7336E-016
8623 4.8818E-016
8627 4.3061E-016
8632 4.5387E-016
8637 4.6537E-016
8642 4.5648E-016
8647 4.7203E-016
8652 4.5862E-016
8657 4.2834E-016
8662 4.6136E-016
8667 4.2528E-016
8671 3.8722E-016
8676 4.3940E-016
8681 4.5173E-016
8686 4.8260E-016
8691 4.6001E-016
8696 4.5500E-016
8701 4.5892E-016
8706 4.5324E-016
8710 4.2393E-016
8715 4.4935E-016
8720 4.3894E-016
8725 4.4722E-016
8730 4.7646E-016
8735 4.6435E-016
8740 4.5243E-016
8745 4.4233E-016
8750 4.3287E-016
8754 4.4210E-016
8759 4.4099E-016
8764 4.4918E-016
8769 4.6471E-016
8774 4.4331E-016
8779 4.7205E-016
8784 4.5725E-016
8789 3.9283E-016
8794 4.5995E-016
8798 4.4940E-016
8803 4.4861E-016
8808 4.0450E-016
8813 4.4855E-016
8818 4.4715E-016
8823 4.6060E-016
8828 4.6346E-016
8833 4.7392E-016
8837 4.8533E-016
8842 4.2907E-016
8847 4.2740E-016
8852 4.4932E-016
8857 4.5610E-016
8862 4.5493E-016
8867 4.5206E-016
8872 4.4161E-016
8877 4.6605E-016
8881 4.3896E-016
8886 4.3124E-016
8891 4.5105E-016
8896 4.5941E-016
8901 4.5821E-016
8906 4.2711E-016
8911 4.2050E-016
8916 4.1371E-016
8920 4.1452E-016
8925 4.1909E-016
8930 4.6179E-016
8935 4.5947E-016
8940 4.1503E-016
8945 4.4263E-016
8950 4.0245E-016
8955 4.2414E-016
8960 4.7084E-016
8964 4.4142E-016
8969 4.4148E-016
8974 4.3634E-016
8979 3.9306E-016
8984 4.5404E-016
8989 4.3343E-016
8994 4.4708E-016
8999 4.7770E-016
9003 4.2960E-016
9008 4.3491E-016
9013 4.1895E-016
9018 4.3115E-016
9023 4.4265E-016
9028 4.2745E-016
9033 4.3549E-016
9038 4.3545E-016
9043 4.1647E-016
9047 4.3322E-016
9052 4.3167E-016
9057 4.3234E-016
9062 4.3066E-016
9067 4.3434E-016
9072 4.0049E-016
9077 4.2895E-016
9082 4.2865E-016
9086 4.4448E-016
9091 3.7689E-016
9096 4.6122E-016
9101 4.3795E-016
9106 4.4698E-016
9111 4.2047E-016
9116 4.1695E-016
9121 4.3454E-016
9125 4.1066E-016
9130 4.4349E-016
9135 4.2214E-016
9140 4.3656E-016
9145 4.2378E-016
9150 4.1595E-016
9155 4.2985E-016
9160 4.3645E-016
9165 4.0618E-016
9169 3.7565E-016
9174 4.0912E-016
9179 4.5723E-016
9184 4.2643E-016
9189 4.8714E-016
9194 4.3049E-016
9199 4.0499E-016
9204 4.0113E-016
9208 4.0964E-016
9213 4.0495E-016
9218 4.2423E-016
9223 3.9328E-016
9228 4.0699E-016
9233 4.2605E-016
9238 4.0948E-016
9243 4.1729E-016
9248 4.5320E-016
9252 4.0221E-016
9257 3.8576E-016
9262 4.3025E-016
9267 4.2089E-016
9272 4.2051E-016
9277 4.1610E-016
9282 3.9881E-016
9287 3.9779E-016
9291 4.0583E-016
9296 4.0318E-016
9301 4.2919E-016
9306 3.9767E-016
9311 4.0821E-016
9316 4.1790E-016
9321 3.7418E-016
9326 4.0479E-016
9330 3.9934E-016
9335 4.0139E-016
9340 3.8606E-016
9345 3.9279E-016
9350 4.0204E-016
9355 4.0938E-016
9360 3.7143E-016
9365 3.8177E-016
9370 3.9991E-016
9374 4.4835E-016
9379 4.0709E-016
9384 3.9346E-016
9389 4.1905E-016
9394 4.2152E-016
9399 4.1545E-016
9404 4.0068E-016
9409 3.9264E-016
9413 3.8913E-016
9418 3.9528E-016
9423 3.5413E-016
9428 3.8619E-016
9433 3.9087E-016
9438 3.7423E-016
9443 4.1177E-016
9448 4.1949E-016
9452 3.9477E-016
9457 4.3288E-016
9462 3.9278E-016
9467 3.8174E-016
9472 3.7755E-016
9477 3.6554E-016
9482 3.5632E-016
9487 3.5499E-016
9491 4.0958E-016
9496 3.9935E-016
9502 3.8215E-016
9530 3.7732E-016
9558 3.7497E-016
9586 3.7148E-016
9614 3.6992E-016
9643 3.6999E-016
9671 3.6810E-016
9699 3.6775E-016
9727 3.6643E-016
9755 3.6399E-016
9783 3.6084E-016
9811 3.5970E-016
9840 3.5768E-016
9868 3.5221E-016
9896 3.4600E-016
9924 3.3886E-016
9952 3.3775E-016
9980 3.4078E-016
1.001E+004 3.3781E-016
1.004E+004 3.3020E-016
1.006E+004 3.2728E-016
1.009E+004 3.2705E-016
1.012E+004 3.2722E-016
1.015E+004 3.2645E-016
1.018E+004 3.2358E-016
1.021E+004 3.2177E-016
1.023E+004 3.2121E-016
1.026E+004 3.2035E-016
1.029E+004 3.1614E-016
1.032E+004 3.1258E-016
1.035E+004 3.1106E-016
1.037E+004 3.0875E-016
1.04E+004 3.0839E-016
1.043E+004 3.0909E-016
1.046E+004 3.0972E-016
1.049E+004 3.0843E-016
1.051E+004 3.0303E-016
1.054E+004 2.9820E-016
1.057E+004 2.9540E-016
1.06E+004 2.9732E-016
1.063E+004 2.9558E-016
1.066E+004 2.9285E-016
1.068E+004 2.9332E-016
1.071E+004 2.8835E-016
1.074E+004 2.8696E-016
1.077E+004 2.8464E-016
1.08E+004 2.7997E-016
1.082E+004 2.7973E-016
1.085E+004 2.7575E-016
1.088E+004 2.7260E-016
1.091E+004 2.7503E-016
1.094E+004 2.7138E-016
1.097E+004 2.7090E-016
1.099E+004 2.6789E-016
1.102E+004 2.6569E-016
1.105E+004 2.6633E-016
1.108E+004 2.6357E-016
1.111E+004 2.6396E-016
1.113E+004 2.6292E-016
1.116E+004 2.6010E-016
1.119E+004 2.6085E-016
1.122E+004 2.5768E-016
1.125E+004 2.5664E-016
1.127E+004 2.5740E-016
1.13E+004 2.5585E-016
1.133E+004 2.5404E-016
1.136E+004 2.5139E-016
1.139E+004 2.4921E-016
1.142E+004 2.4728E-016
1.144E+004 2.4701E-016
1.147E+004 2.4770E-016
1.15E+004 2.4956E-016
1.153E+004 2.4920E-016
1.156E+004 2.4895E-016
1.158E+004 2.4526E-016
1.161E+004 2.4045E-016
1.164E+004 2.4107E-016
1.167E+004 2.4095E-016
1.17E+004 2.4044E-016
1.17E+004 2.3888E-016
1.174E+004 2.3823E-016
1.178E+004 2.3540E-016
1.182E+004 2.3264E-016
1.186E+004 2.3002E-016
1.19E+004 2.2936E-016
1.194E+004 2.2787E-016
1.198E+004 2.2616E-016
1.202E+004 2.2425E-016
1.206E+004 2.2126E-016
1.21E+004 2.1926E-016
1.214E+004 2.1788E-016
1.218E+004 2.1744E-016
1.222E+004 2.1797E-016
1.226E+004 2.1525E-016
1.23E+004 2.1247E-016
1.234E+004 2.1120E-016
1.238E+004 2.1079E-016
1.242E+004 2.1198E-016
1.246E+004 2.1091E-016
1.25E+004 2.0792E-016
1.254E+004 2.0514E-016
1.258E+004 2.0303E-016
1.262E+004 2.0118E-016
1.266E+004 1.9795E-016
1.27E+004 1.9665E-016
1.274E+004 1.9430E-016
1.278E+004 1.9393E-016
1.282E+004 1.9255E-016
1.286E+004 1.8999E-016
1.29E+004 1.8930E-016
1.294E+004 1.8770E-016
1.298E+004 1.8743E-016
1.302E+004 1.8592E-016
1.306E+004 1.8654E-016
1.31E+004 1.8689E-016
1.314E+004 1.8571E-016
1.318E+004 1.8487E-016
1.322E+004 1.8236E-016
1.326E+004 1.8063E-016
1.33E+004 1.7882E-016
1.334E+004 1.7786E-016
1.338E+004 1.7642E-016
1.342E+004 1.7504E-016
1.346E+004 1.7385E-016
1.35E+004 1.7165E-016
1.354E+004 1.7073E-016
1.358E+004 1.7019E-016
1.362E+004 1.7004E-016
1.366E+004 1.6919E-016
1.37E+004 1.6770E-016
1.374E+004 1.6680E-016
1.378E+004 1.6723E-016
1.382E+004 1.6691E-016
1.386E+004 1.6476E-016
1.39E+004 1.6269E-016
1.394E+004 1.6083E-016
1.398E+004 1.5917E-016
1.402E+004 1.5903E-016
1.406E+004 1.5922E-016
1.41E+004 1.5739E-016
1.414E+004 1.5569E-016
1.418E+004 1.5388E-016
1.422E+004 1.5291E-016
1.426E+004 1.5109E-016
1.43E+004 1.4905E-016
1.434E+004 1.4826E-016
1.438E+004 1.4709E-016
1.442E+004 1.4635E-016
1.446E+004 1.4592E-016
1.45E+004 1.4569E-016
1.454E+004 1.4490E-016
1.458E+004 1.4381E-016
1.462E+004 1.4238E-016
1.466E+004 1.4151E-016
1.47E+004 1.4105E-016
1.474E+004 1.3996E-016
1.478E+004 1.3888E-016
1.482E+004 1.3654E-016
1.486E+004 1.3551E-016
1.49E+004 1.3554E-016
1.494E+004 1.3494E-016
1.498E+004 1.3353E-016
1.502E+004 1.3192E-016
1.506E+004 1.3146E-016
1.51E+004 1.3019E-016
1.514E+004 1.2989E-016
1.518E+004 1.2967E-016
1.522E+004 1.2938E-016
1.526E+004 1.2914E-016
1.53E+004 1.2759E-016
1.534E+004 1.2667E-016
1.538E+004 1.2636E-016
1.542E+004 1.2587E-016
1.546E+004 1.2463E-016
1.55E+004 1.2361E-016
1.554E+004 1.2256E-016
1.558E+004 1.2191E-016
1.562E+004 1.2110E-016
1.566E+004 1.1986E-016
1.57E+004 1.1870E-016
1.574E+004 1.1712E-016
1.578E+004 1.1650E-016
1.582E+004 1.1552E-016
1.586E+004 1.1457E-016
1.59E+004 1.1340E-016
1.594E+004 1.1355E-016
1.598E+004 1.1325E-016
1.602E+004 1.1224E-016
1.606E+004 1.1160E-016
1.61E+004 1.1119E-016
1.614E+004 1.1091E-016
1.618E+004 1.1003E-016
1.622E+004 1.0947E-016
1.626E+004 1.0886E-016
1.63E+004 1.0817E-016
1.634E+004 1.0633E-016
1.638E+004 1.0498E-016
1.642E+004 1.0430E-016
1.646E+004 1.0379E-016
1.65E+004 1.0359E-016
1.654E+004 1.0334E-016
1.658E+004 1.0258E-016
1.662E+004 1.0155E-016
1.666E+004 1.0033E-016
1.67E+004 9.9043E-017
1.674E+004 9.7953E-017
1.678E+004 9.6828E-017
1.682E+004 9.6536E-017
1.686E+004 9.5915E-017
1.69E+004 9.5725E-017
1.694E+004 9.5572E-017
1.698E+004 9.5278E-017
1.702E+004 9.4805E-017
1.706E+004 9.3365E-017
1.71E+004 9.1874E-017
1.714E+004 9.1338E-017
1.718E+004 9.1162E-017
1.722E+004 9.0000E-017
1.726E+004 8.8792E-017
1.73E+004 8.7088E-017
1.734E+004 8.5644E-017
1.738E+004 8.4999E-017
1.742E+004 8.4947E-017
1.746E+004 8.5051E-017
1.75E+004 8.4735E-017
1.754E+004 8.4440E-017
1.758E+004 8.4242E-017
1.762E+004 8.3647E-017
1.766E+004 8.2585E-017
1.77E+004 8.1720E-017
1.774E+004 8.0709E-017
1.778E+004 8.0130E-017
1.782E+004 7.9528E-017
1.786E+004 7.9447E-017
1.79E+004 7.9090E-017
1.794E+004 7.8599E-017
1.798E+004 7.8104E-017
1.802E+004 7.7034E-017
1.806E+004 7.6292E-017
1.81E+004 7.4889E-017
1.814E+004 7.3996E-017
1.818E+004 7.2499E-017
1.822E+004 7.1654E-017
1.826E+004 7.1571E-017
1.83E+004 7.2037E-017
1.834E+004 7.2040E-017
1.838E+004 7.1646E-017
1.842E+004 7.0969E-017
1.846E+004 6.9628E-017
1.85E+004 6.9422E-017
1.854E+004 6.8272E-017
1.858E+004 6.8359E-017
1.862E+004 6.7248E-017
1.866E+004 6.7005E-017
1.87E+004 6.5576E-017
1.874E+004 6.4808E-017
1.878E+004 6.3849E-017
1.882E+004 6.3826E-017
1.886E+004 6.5029E-017
1.889E+004 6.5119E-017
1.895E+004 6.4528E-017
1.901E+004 6.4436E-017
1.907E+004 6.4233E-017
1.912E+004 6.2837E-017
1.918E+004 6.1090E-017
1.924E+004 5.9534E-017
1.93E+004 5.8358E-017
1.935E+004 5.7878E-017
1.941E+004 5.7352E-017
1.947E+004 5.6716E-017
1.953E+004 5.6518E-017
1.958E+004 5.7018E-017
1.964E+004 5.7179E-017
1.97E+004 5.6218E-017
1.976E+004 5.5243E-017
1.981E+004 5.4254E-017
1.987E+004 5.3372E-017
1.993E+004 5.2916E-017
1.998E+004 5.2904E-017
2.004E+004 5.3288E-017
2.01E+004 5.2014E-017
2.016E+004 4.9960E-017
2.021E+004 4.9533E-017
2.027E+004 4.9760E-017
2.033E+004 4.9083E-017
2.039E+004 4.8542E-017
2.044E+004 4.8781E-017
2.05E+004 4.7841E-017
2.056E+004 4.7543E-017
2.062E+004 4.8632E-017
2.067E+004 4.7743E-017
2.073E+004 4.5999E-017
2.079E+004 4.5560E-017
2.085E+004 4.5166E-017
2.09E+004 4.4480E-017
2.096E+004 4.4670E-017
2.102E+004 4.4957E-017
2.107E+004 4.4378E-017
2.113E+004 4.2825E-017
2.119E+004 4.1161E-017
2.125E+004 4.1383E-017
2.13E+004 4.1280E-017
2.136E+004 4.0107E-017
2.142E+004 3.9513E-017
2.148E+004 3.9396E-017
2.153E+004 3.8822E-017
2.159E+004 3.8507E-017
2.165E+004 3.8790E-017
2.171E+004 3.9183E-017
2.176E+004 3.9453E-017
2.182E+004 3.8974E-017
2.188E+004 3.8147E-017
2.194E+004 3.8450E-017
2.199E+004 3.9226E-017
2.205E+004 3.8594E-017
2.211E+004 3.6882E-017
2.217E+004 3.5520E-017
2.222E+004 3.5743E-017
2.228E+004 3.6916E-017
2.234E+004 3.6954E-017
2.239E+004 3.5552E-017
2.245E+004 3.4357E-017
2.251E+004 3.4746E-017
2.257E+004 3.5421E-017
2.262E+004 3.4586E-017
2.268E+004 3.3674E-017
2.274E+004 3.3443E-017
2.28E+004 3.2374E-017
2.285E+004 3.1650E-017
2.291E+004 3.2619E-017
2.297E+004 3.3212E-017
2.303E+004 3.1940E-017
2.308E+004 3.0381E-017
2.314E+004 3.0665E-017
2.32E+004 3.1544E-017
2.326E+004 3.1357E-017
2.331E+004 3.0876E-017
2.337E+004 3.0053E-017
2.343E+004 2.8730E-017
2.348E+004 2.8441E-017
2.354E+004 2.8745E-017
2.36E+004 2.8418E-017
2.366E+004 2.8058E-017
2.371E+004 2.7802E-017
2.377E+004 2.7998E-017
2.383E+004 2.7978E-017
2.389E+004 2.7262E-017
2.395E+004 2.7718E-017
2.405E+004 2.7382E-017
2.415E+004 2.6739E-017
2.425E+004 2.6467E-017
2.435E+004 2.6060E-017
2.445E+004 2.5634E-017
2.455E+004 2.5144E-017
2.465E+004 2.4920E-017
2.475E+004 2.4521E-017
2.485E+004 2.3979E-017
2.495E+004 2.3833E-017
2.505E+004 2.3533E-017
2.515E+004 2.3119E-017
2.525E+004 2.2847E-017
2.535E+004 2.2516E-017
2.545E+004 2.2118E-017
2.555E+004 2.1794E-017
2.565E+004 2.1459E-017
2.575E+004 2.1296E-017
2.585E+004 2.0802E-017
2.595E+004 2.0657E-017
2.605E+004 2.0379E-017
2.615E+004 1.9961E-017
2.625E+004 1.8828E-017
2.635E+004 1.9442E-017
2.645E+004 1.9176E-017
2.655E+004 1.8956E-017
2.665E+004 1.8557E-017
2.675E+004 1.8335E-017
2.685E+004 1.8255E-017
2.695E+004 1.8004E-017
2.705E+004 1.7765E-017
2.715E+004 1.7527E-017
2.725E+004 1.7281E-017
2.735E+004 1.7067E-017
2.745E+004 1.6831E-017
2.755E+004 1.6390E-017
2.765E+004 1.6286E-017
2.775E+004 1.6140E-017
2.785E+004 1.5946E-017
2.795E+004 1.5765E-017
2.805E+004 1.5538E-017
2.815E+004 1.5346E-017
2.825E+004 1.5135E-017
2.835E+004 1.4937E-017
2.845E+004 1.4734E-017
2.855E+004 1.4538E-017
2.865E+004 1.4299E-017
2.875E+004 1.3926E-017
2.885E+004 1.3977E-017
2.895E+004 1.3812E-017
2.905E+004 1.3636E-017
2.915E+004 1.3466E-017
2.925E+004 1.3266E-017
2.935E+004 1.3124E-017
2.945E+004 1.2935E-017
2.955E+004 1.2794E-017
2.965E+004 1.2644E-017
2.975E+004 1.2483E-017
2.985E+004 1.2316E-017
2.995E+004 1.2143E-017
3.005E+004 1.2020E-017
3.015E+004 1.1860E-017
3.025E+004 1.1708E-017
3.035E+004 1.1360E-017
3.045E+004 1.1314E-017
3.055E+004 1.1278E-017
3.065E+004 1.1130E-017
3.075E+004 1.1014E-017
3.085E+004 1.0870E-017
3.095E+004 1.0738E-017
3.105E+004 1.0622E-017
3.115E+004 1.0417E-017
3.125E+004 1.0360E-017
3.135E+004 1.0249E-017
3.145E+004 1.0113E-017
3.155E+004 9.9646E-018
3.165E+004 9.8568E-018
3.175E+004 9.7600E-018
3.185E+004 9.6487E-018
3.195E+004 9.5056E-018
3.21E+004 9.3514E-018
3.23E+004 9.1475E-018
3.25E+004 8.9254E-018
3.27E+004 8.7236E-018
3.29E+004 8.3944E-018
3.31E+004 8.2848E-018
3.33E+004 8.1250E-018
3.35E+004 7.9590E-018
3.37E+004 7.7686E-018
3.39E+004 7.5881E-018
3.41E+004 7.4115E-018
3.43E+004 7.2703E-018
3.45E+004 7.1248E-018
3.47E+004 6.9615E-018
3.49E+004 6.8125E-018
3.51E+004 6.6738E-018
3.53E+004 6.5199E-018
3.55E+004 6.3783E-018
3.57E+004 6.2450E-018
3.59E+004 6.1131E-018
3.61E+004 5.9937E-018
3.63E+004 5.8689E-018
3.65E+004 5.7245E-018
3.67E+004 5.6093E-018
3.69E+004 5.4599E-018
3.71E+004 5.3382E-018
3.73E+004 5.2368E-018
3.75E+004 5.0664E-018
3.77E+004 5.0486E-018
3.79E+004 4.9493E-018
3.81E+004 4.8552E-018
3.83E+004 4.7704E-018
3.85E+004 4.6838E-018
3.87E+004 4.5787E-018
3.89E+004 4.4893E-018
3.91E+004 4.4071E-018
3.93E+004 4.3257E-018
3.95E+004 4.2303E-018
3.97E+004 4.1529E-018
3.99E+004 4.0549E-018
4.01E+004 3.9822E-018
4.03E+004 3.9183E-018
4.05E+004 3.7780E-018
4.07E+004 3.7701E-018
4.09E+004 3.7022E-018
4.11E+004 3.6400E-018
4.13E+004 3.5751E-018
4.15E+004 3.5027E-018
4.17E+004 3.4324E-018
4.19E+004 3.3729E-018
4.21E+004 3.2986E-018
4.23E+004 3.2492E-018
4.25E+004 3.1887E-018
4.27E+004 3.1332E-018
4.29E+004 3.0721E-018
4.31E+004 3.0114E-018
4.33E+004 2.9583E-018
4.35E+004 2.8985E-018
4.37E+004 2.8322E-018
4.39E+004 2.7945E-018
4.41E+004 2.7380E-018
4.43E+004 2.6934E-018
4.45E+004 2.6478E-018
4.47E+004 2.5972E-018
4.49E+004 2.5567E-018
4.51E+004 2.5117E-018
4.53E+004 2.4667E-018
4.55E+004 2.4282E-018
4.57E+004 2.3891E-018
4.59E+004 2.3454E-018
4.61E+004 2.3108E-018
4.63E+004 2.2716E-018
4.65E+004 2.2101E-018
4.67E+004 2.1875E-018
4.69E+004 2.1659E-018
4.71E+004 2.1317E-018
4.73E+004 2.0995E-018
4.75E+004 2.0649E-018
4.77E+004 2.0319E-018
4.79E+004 2.0006E-018
4.81E+004 1.9670E-018
4.83E+004 1.9378E-018
4.85E+004 1.9063E-018
4.87E+004 1.8763E-018
4.89E+004 1.8469E-018
4.91E+004 1.8187E-018
4.93E+004 1.7898E-018
4.95E+004 1.7620E-018
4.97E+004 1.7343E-018
4.99E+004 1.7096E-018
5.01E+004 1.6814E-018
5.03E+004 1.6575E-018
5.05E+004 1.6301E-018
5.07E+004 1.6064E-018
5.09E+004 1.5832E-018
5.11E+004 1.5576E-018
5.13E+004 1.5254E-018
5.15E+004 1.5123E-018
5.17E+004 1.4915E-018
5.19E+004 1.4682E-018
5.21E+004 1.4461E-018
5.23E+004 1.4250E-018
5.25E+004 1.4052E-018
5.27E+004 1.3851E-018
5.29E+004 1.3637E-018
5.31E+004 1.3452E-018
5.33E+004 1.3252E-018
5.35E+004 1.3067E-018
5.37E+004 1.2875E-018
5.39E+004 1.2697E-018
5.41E+004 1.2521E-018
5.43E+004 1.2332E-018
5.45E+004 1.2170E-018
5.47E+004 1.1988E-018
5.49E+004 1.1826E-018
5.51E+004 1.1668E-018
5.53E+004 1.1506E-018
5.55E+004 1.1343E-018
5.57E+004 1.1195E-018
5.59E+004 1.1025E-018
5.61E+004 1.0885E-018
5.63E+004 1.0734E-018
5.65E+004 1.0596E-018
5.67E+004 1.0452E-018
5.69E+004 1.0305E-018
5.71E+004 1.0167E-018
5.73E+004 1.0035E-018
5.75E+004 9.8999E-019
5.77E+004 9.7672E-019
5.79E+004 9.6381E-019
5.81E+004 9.5100E-019
5.83E+004 9.3856E-019
5.85E+004 9.2634E-019
5.87E+004 9.1389E-019
5.89E+004 9.0137E-019
5.91E+004 8.8405E-019
5.93E+004 8.7867E-019
5.95E+004 8.6575E-019
5.97E+004 8.5600E-019
5.99E+004 8.4510E-019
6.01E+004 8.3406E-019
6.03E+004 8.2362E-019
6.05E+004 8.1311E-019
6.07E+004 8.0260E-019
6.09E+004 7.9221E-019
6.11E+004 7.8169E-019
6.13E+004 7.7253E-019
6.15E+004 7.6297E-019
6.17E+004 7.5338E-019
6.19E+004 7.4398E-019
6.21E+004 7.3474E-019
6.23E+004 7.2483E-019
6.25E+004 7.1624E-019
6.27E+004 7.0746E-019
6.29E+004 6.9793E-019
6.31E+004 6.8999E-019
6.33E+004 6.8205E-019
6.35E+004 6.7368E-019
6.37E+004 6.6538E-019
6.39E+004 6.5730E-019
6.42E+004 6.4555E-019
6.46E+004 6.2994E-019
6.5E+004 6.1489E-019
6.54E+004 6.0062E-019
6.58E+004 5.8654E-019
6.62E+004 5.7278E-019
6.66E+004 5.5953E-019
6.7E+004 5.4656E-019
6.74E+004 5.3394E-019
6.78E+004 5.2129E-019
6.82E+004 5.1001E-019
6.86E+004 4.9851E-019
6.9E+004 4.8731E-019
6.94E+004 4.7638E-019
6.98E+004 4.6589E-019
7.02E+004 4.5466E-019
7.06E+004 4.4546E-019
7.1E+004 4.3591E-019
7.14E+004 4.2646E-019
7.18E+004 4.1720E-019
7.22E+004 4.0804E-019
7.26E+004 3.9933E-019
7.3E+004 3.9119E-019
7.34E+004 3.8238E-019
7.38E+004 3.7483E-019
7.42E+004 3.6656E-019
7.46E+004 3.5586E-019
7.5E+004 3.4939E-019
7.54E+004 3.4435E-019
7.58E+004 3.3749E-019
7.62E+004 3.3061E-019
7.66E+004 3.2402E-019
7.7E+004 3.1710E-019
7.74E+004 3.1106E-019
7.78E+004 3.0490E-019
7.82E+004 2.9884E-019
7.86E+004 2.9295E-019
7.9E+004 2.8715E-019
7.94E+004 2.8145E-019
7.98E+004 2.7606E-019
8.02E+004 2.7042E-019
8.06E+004 2.6502E-019
8.1E+004 2.6027E-019
8.14E+004 2.5478E-019
8.18E+004 2.5002E-019
8.22E+004 2.4561E-019
8.26E+004 2.4089E-019
8.3E+004 2.3640E-019
8.34E+004 2.3162E-019
8.38E+004 2.2748E-019
8.42E+004 2.2336E-019
8.46E+004 2.1924E-019
8.5E+004 2.1520E-019
8.54E+004 2.1125E-019
8.58E+004 2.0735E-019
8.62E+004 2.0356E-019
8.66E+004 1.9988E-019
8.7E+004 1.9636E-019
8.74E+004 1.9254E-019
8.78E+004 1.8905E-019
8.82E+004 1.8573E-019
8.86E+004 1.8225E-019
8.9E+004 1.7922E-019
8.94E+004 1.7614E-019
8.98E+004 1.7284E-019
9.02E+004 1.7004E-019
9.06E+004 1.6718E-019
9.1E+004 1.6399E-019
9.14E+004 1.6129E-019
9.18E+004 1.5864E-019
9.22E+004 1.5601E-019
9.26E+004 1.5331E-019
9.3E+004 1.5073E-019
9.34E+004 1.4814E-019
9.38E+004 1.4559E-019
9.42E+004 1.4323E-019
9.46E+004 1.4086E-019
9.5E+004 1.3846E-019
9.54E+004 1.3618E-019
9.58E+004 1.3404E-019
9.62E+004 1.3171E-019
9.66E+004 1.2970E-019
9.7E+004 1.2758E-019
9.74E+004 1.2522E-019
9.78E+004 1.2340E-019
9.82E+004 1.2150E-019
9.86E+004 1.1963E-019
9.9E+004 1.1777E-019
9.94E+004 1.1586E-019
9.98E+004 1.1402E-019
1.002E+005 1.1245E-019
1.005E+005 1.1080E-019
1.01E+005 1.0885E-019
1.015E+005 1.0680E-019
1.02E+005 1.0476E-019
1.025E+005 1.0276E-019
1.03E+005 1.0082E-019
1.035E+005 9.8938E-020
1.04E+005 9.7097E-020
1.045E+005 9.5288E-020
1.05E+005 9.3432E-020
1.055E+005 9.1783E-020
1.06E+005 9.0095E-020
1.065E+005 8.8436E-020
1.07E+005 8.6829E-020
1.075E+005 8.5277E-020
1.08E+005 8.3706E-020
1.085E+005 8.2199E-020
1.09E+005 8.0720E-020
1.095E+005 7.9314E-020
1.1E+005 7.7895E-020
1.105E+005 7.6518E-020
1.11E+005 7.5177E-020
1.115E+005 7.3882E-020
1.12E+005 7.2570E-020
1.125E+005 7.1336E-020
1.13E+005 6.9984E-020
1.135E+005 6.8882E-020
1.14E+005 6.7712E-020
1.145E+005 6.6554E-020
1.15E+005 6.5445E-020
1.155E+005 6.4303E-020
1.16E+005 6.3245E-020
1.165E+005 6.2184E-020
1.17E+005 6.1157E-020
1.175E+005 6.0131E-020
1.18E+005 5.9138E-020
1.185E+005 5.8163E-020
1.19E+005 5.7195E-020
1.195E+005 5.6265E-020
1.2E+005 5.5339E-020
1.205E+005 5.4456E-020
1.21E+005 5.3579E-020
1.215E+005 5.2717E-020
1.22E+005 5.1867E-020
1.225E+005 5.1041E-020
1.23E+005 5.0216E-020
1.235E+005 4.9403E-020
1.24E+005 4.8620E-020
1.245E+005 4.7867E-020
1.25E+005 4.7130E-020
1.255E+005 4.6402E-020
1.26E+005 4.5675E-020
1.265E+005 4.4964E-020
1.27E+005 4.4276E-020
1.275E+005 4.3596E-020
1.28E+005 4.2907E-020
1.285E+005 4.2270E-020
1.29E+005 4.1619E-020
1.295E+005 4.0994E-020
1.3E+005 4.0380E-020
1.305E+005 3.9770E-020
1.31E+005 3.9176E-020
1.315E+005 3.8589E-020
1.32E+005 3.8015E-020
1.325E+005 3.7449E-020
1.33E+005 3.6896E-020
1.335E+005 3.6350E-020
1.34E+005 3.5819E-020
1.345E+005 3.5299E-020
1.35E+005 3.4785E-020
1.355E+005 3.4274E-020
1.36E+005 3.3784E-020
1.365E+005 3.3295E-020
1.37E+005 3.2814E-020
1.375E+005 3.2349E-020
1.38E+005 3.1889E-020
1.385E+005 3.1434E-020
1.39E+005 3.0990E-020
1.395E+005 3.0551E-020
1.4E+005 3.0123E-020
1.405E+005 2.9695E-020
1.41E+005 2.9283E-020
1.415E+005 2.8874E-020
1.42E+005 2.8467E-020
1.425E+005 2.8080E-020
1.43E+005 2.7694E-020
1.435E+005 2.7316E-020
1.44E+005 2.6941E-020
1.445E+005 2.6574E-020
1.45E+005 2.6216E-020
1.455E+005 2.5856E-020
1.46E+005 2.5509E-020
1.465E+005 2.5164E-020
1.47E+005 2.4828E-020
1.475E+005 2.4491E-020
1.48E+005 2.4167E-020
1.485E+005 2.3847E-020
1.49E+005 2.3532E-020
1.495E+005 2.3217E-020
1.5E+005 2.2911E-020
1.505E+005 2.2619E-020
1.51E+005 2.2321E-020
1.515E+005 2.2032E-020
1.52E+005 2.1747E-020
1.525E+005 2.1464E-020
1.53E+005 2.1188E-020
1.535E+005 2.0915E-020
1.54E+005 2.0647E-020
1.545E+005 2.0382E-020
1.55E+005 2.0124E-020
1.555E+005 1.9868E-020
1.56E+005 1.9616E-020
1.565E+005 1.9369E-020
1.57E+005 1.9126E-020
1.575E+005 1.8885E-020
1.58E+005 1.8649E-020
1.585E+005 1.8418E-020
1.59E+005 1.8190E-020
1.595E+005 1.7964E-020
1.6E+005 1.7741E-020
1.605E+005 1.7520E-020
1.61E+005 1.7309E-020
1.615E+005 1.7095E-020
1.62E+005 1.6866E-020
1.625E+005 1.6681E-020
1.63E+005 1.6482E-020
1.635E+005 1.6282E-020
1.64E+005 1.6085E-020
1.645E+005 1.5890E-020
1.65E+005 1.5700E-020
1.655E+005 1.5515E-020
1.66E+005 1.5330E-020
1.665E+005 1.5148E-020
1.67E+005 1.4969E-020
1.675E+005 1.4792E-020
1.68E+005 1.4616E-020
1.685E+005 1.4442E-020
1.69E+005 1.4269E-020
1.695E+005 1.4111E-020
1.7E+005 1.3947E-020
1.705E+005 1.3786E-020
1.71E+005 1.3625E-020
1.715E+005 1.3467E-020
1.72E+005 1.3312E-020
1.725E+005 1.3159E-020
1.73E+005 1.3008E-020
1.735E+005 1.2862E-020
1.74E+005 1.2716E-020
1.745E+005 1.2572E-020
1.75E+005 1.2430E-020
1.755E+005 1.2289E-020
1.76E+005 1.2151E-020
1.765E+005 1.2013E-020
1.77E+005 1.1879E-020
1.775E+005 1.1747E-020
1.78E+005 1.1617E-020
1.785E+005 1.1489E-020
1.79E+005 1.1362E-020
1.795E+005 1.1237E-020
1.8E+005 1.1113E-020
1.805E+005 1.0991E-020
1.81E+005 1.0872E-020
1.815E+005 1.0753E-020
1.82E+005 1.0636E-020
1.825E+005 1.0519E-020
1.83E+005 1.0401E-020
1.835E+005 1.0293E-020
1.84E+005 1.0183E-020
1.845E+005 1.0074E-020
1.85E+005 9.9665E-021
1.855E+005 9.8607E-021
1.86E+005 9.7540E-021
1.865E+005 9.6514E-021
1.87E+005 9.5498E-021
1.875E+005 9.4468E-021
1.88E+005 9.3497E-021
1.885E+005 9.2513E-021
1.89E+005 9.1549E-021
1.895E+005 9.0590E-021
1.9E+005 8.9633E-021
1.905E+005 8.8318E-021
1.91E+005 8.7766E-021
1.915E+005 8.6895E-021
1.92E+005 8.5999E-021
1.925E+005 8.5115E-021
1.93E+005 8.4245E-021
1.935E+005 8.3382E-021
1.94E+005 8.2530E-021
1.945E+005 8.1688E-021
1.95E+005 8.0863E-021
1.955E+005 8.0047E-021
1.96E+005 7.9234E-021
1.965E+005 7.8443E-021
1.97E+005 7.7653E-021
1.975E+005 7.6874E-021
1.98E+005 7.6107E-021
1.985E+005 7.5354E-021
1.99E+005 7.4601E-021
1.995E+005 7.3862E-021
2E+005 7.2951E-021
2.01E+005 7.1698E-021
2.02E+005 7.0301E-021
2.03E+005 6.8937E-021
2.04E+005 6.7607E-021
2.05E+005 6.6307E-021
2.06E+005 6.5039E-021
2.07E+005 6.3804E-021
2.08E+005 6.2592E-021
2.09E+005 6.1409E-021
2.1E+005 6.0257E-021
2.11E+005 5.9134E-021
2.12E+005 5.8035E-021
2.13E+005 5.6960E-021
2.14E+005 5.5913E-021
2.15E+005 5.4887E-021
2.16E+005 5.3885E-021
2.17E+005 5.2905E-021
2.18E+005 5.1947E-021
2.19E+005 5.1009E-021
2.2E+005 5.0100E-021
2.21E+005 4.9206E-021
2.22E+005 4.8332E-021
2.23E+005 4.7442E-021
2.24E+005 4.6630E-021
2.25E+005 4.5822E-021
2.26E+005 4.5020E-021
2.27E+005 4.4238E-021
2.28E+005 4.3471E-021
2.29E+005 4.2724E-021
2.3E+005 4.1989E-021
2.31E+005 4.1271E-021
2.32E+005 4.0571E-021
2.33E+005 3.9883E-021
2.34E+005 3.9209E-021
2.35E+005 3.8553E-021
2.36E+005 3.7908E-021
2.37E+005 3.7273E-021
2.38E+005 3.6655E-021
2.39E+005 3.6044E-021
2.4E+005 3.5458E-021
2.41E+005 3.4877E-021
2.42E+005 3.4305E-021
2.43E+005 3.3748E-021
2.44E+005 3.3201E-021
2.45E+005 3.2665E-021
2.46E+005 3.2144E-021
2.47E+005 3.1630E-021
2.48E+005 3.1122E-021
2.49E+005 3.0627E-021
2.5E+005 3.0143E-021
2.51E+005 2.9670E-021
2.52E+005 2.9203E-021
2.53E+005 2.8749E-021
2.54E+005 2.8300E-021
2.55E+005 2.7861E-021
2.56E+005 2.7430E-021
2.57E+005 2.7008E-021
2.58E+005 2.6594E-021
2.59E+005 2.6186E-021
2.6E+005 2.5790E-021
2.61E+005 2.5401E-021
2.62E+005 2.5013E-021
2.63E+005 2.4639E-021
2.64E+005 2.4271E-021
2.65E+005 2.3907E-021
2.66E+005 2.3552E-021
2.67E+005 2.3202E-021
2.68E+005 2.2860E-021
2.69E+005 2.2524E-021
2.7E+005 2.2195E-021
2.71E+005 2.1868E-021
2.72E+005 2.1550E-021
2.73E+005 2.1237E-021
2.74E+005 2.0930E-021
2.75E+005 2.0628E-021
2.76E+005 2.0333E-021
2.77E+005 2.0042E-021
2.78E+005 1.9716E-021
2.79E+005 1.9478E-021
2.8E+005 1.9206E-021
2.81E+005 1.8934E-021
2.82E+005 1.8663E-021
2.83E+005 1.8402E-021
2.84E+005 1.8145E-021
2.85E+005 1.7891E-021
2.86E+005 1.7646E-021
2.87E+005 1.7402E-021
2.88E+005 1.7160E-021
2.89E+005 1.6925E-021
2.9E+005 1.6695E-021
2.91E+005 1.6468E-021
2.92E+005 1.6244E-021
2.93E+005 1.6024E-021
2.94E+005 1.5808E-021
2.95E+005 1.5595E-021
2.96E+005 1.5387E-021
2.97E+005 1.5182E-021
2.98E+005 1.4974E-021
2.99E+005 1.4776E-021
3E+005 1.4586E-021
3.01E+005 1.4394E-021
3.02E+005 1.4204E-021
3.03E+005 1.4020E-021
3.04E+005 1.3836E-021
3.05E+005 1.3656E-021
3.06E+005 1.3478E-021
3.07E+005 1.3304E-021
3.08E+005 1.3133E-021
3.09E+005 1.2968E-021
3.1E+005 1.2802E-021
3.11E+005 1.2635E-021
3.12E+005 1.2475E-021
3.13E+005 1.2317E-021
3.14E+005 1.2161E-021
3.15E+005 1.2007E-021
3.16E+005 1.1857E-021
3.17E+005 1.1709E-021
3.18E+005 1.1562E-021
3.19E+005 1.1418E-021
3.2E+005 1.1277E-021
3.21E+005 1.1138E-021
3.22E+005 1.1000E-021
3.23E+005 1.0865E-021
3.24E+005 1.0732E-021
3.25E+005 1.0601E-021
3.26E+005 1.0472E-021
3.27E+005 1.0344E-021
3.28E+005 1.0220E-021
3.29E+005 1.0096E-021
3.3E+005 9.9747E-022
3.31E+005 9.8548E-022
3.32E+005 9.7371E-022
3.33E+005 9.6207E-022
3.34E+005 9.5070E-022
3.35E+005 9.3938E-022
3.36E+005 9.2830E-022
3.37E+005 9.1735E-022
3.38E+005 9.0657E-022
3.39E+005 8.9598E-022
3.4E+005 8.8549E-022
3.41E+005 8.7518E-022
3.42E+005 8.6501E-022
3.43E+005 8.5500E-022
3.44E+005 8.4513E-022
3.45E+005 8.3539E-022
3.46E+005 8.2579E-022
3.47E+005 8.1635E-022
3.48E+005 8.0704E-022
3.49E+005 7.9787E-022
3.5E+005 7.8879E-022
3.51E+005 7.7984E-022
3.52E+005 7.7105E-022
3.53E+005 7.6238E-022
3.54E+005 7.5377E-022
3.55E+005 7.4532E-022
3.56E+005 7.3700E-022
3.57E+005 7.2879E-022
3.58E+005 7.2069E-022
3.59E+005 7.1271E-022
3.6E+005 7.0477E-022
3.61E+005 6.9703E-022
3.62E+005 6.8939E-022
3.63E+005 6.8182E-022
3.64E+005 6.7432E-022
3.65E+005 6.6693E-022
3.66E+005 6.5975E-022
3.67E+005 6.5260E-022
3.68E+005 6.4555E-022
3.69E+005 6.3861E-022
3.7E+005 6.3174E-022
3.71E+005 6.2488E-022
3.72E+005 6.1822E-022
3.73E+005 6.1165E-022
3.74E+005 6.0513E-022
3.75E+005 5.9870E-022
3.76E+005 5.9239E-022
3.77E+005 5.8613E-022
3.78E+005 5.7992E-022
3.79E+005 5.7386E-022
3.8E+005 5.6782E-022
3.81E+005 5.6191E-022
3.82E+005 5.5605E-022
3.83E+005 5.5025E-022
3.84E+005 5.4456E-022
3.85E+005 5.3892E-022
3.86E+005 5.3335E-022
3.87E+005 5.2788E-022
3.88E+005 5.2213E-022
3.89E+005 5.1624E-022
3.9E+005 5.1185E-022
3.91E+005 5.0663E-022
3.92E+005 5.0143E-022
3.93E+005 4.9637E-022
3.94E+005 4.9136E-022
3.95E+005 4.8642E-022
3.96E+005 4.8149E-022
3.97E+005 4.7667E-022
3.98E+005 4.7190E-022
3.99E+005 4.6720E-022
