1711 3.6460E-015
1711 3.6460E-015
1713 5.7551E-015
1714 5.7352E-015
1715 1.0200E-014
1717 7.8627E-015
1718 5.1837E-015
1719 2.5561E-015
1721 6.2179E-015
1722 7.8815E-015
1724 -1.6819E-015
1725 -9.1534E-016
1726 9.1308E-015
1728 1.2574E-014
1729 3.3260E-018
1730 4.9171E-015
1732 5.9755E-015
1733 4.2147E-015
1735 -3.1215E-015
1736 -3.1227E-016
1737 2.5764E-016
1739 7.9710E-016
1740 1.0394E-015
1741 6.3625E-015
1743 5.4186E-015
1744 -2.9067E-015
1745 3.6378E-015
1747 8.0131E-015
1748 4.7510E-015
1750 6.4473E-015
1751 3.4875E-015
1752 1.0772E-014
1754 3.7182E-015
1755 1.4161E-015
1756 2.6511E-015
1758 5.9342E-015
1759 -2.1019E-015
1761 4.6283E-015
1762 6.5286E-015
1763 4.9784E-015
1765 1.3489E-016
1766 6.4866E-015
1767 8.2021E-015
1769 1.0853E-015
1770 3.6538E-015
1772 3.4642E-015
1773 5.8628E-015
1774 3.0370E-015
1776 5.8137E-015
1777 6.3306E-015
1778 5.0065E-015
1780 3.7744E-015
1781 5.0320E-015
1782 5.7875E-015
1784 3.7850E-015
1785 3.1666E-015
1787 4.6844E-015
1788 2.3375E-015
1789 4.3789E-015
1791 4.8975E-015
1792 4.3479E-015
1793 3.7566E-015
1795 9.3964E-016
1796 6.0026E-015
1798 4.2171E-015
1799 5.9256E-015
1800 9.2470E-015
1802 7.2085E-015
1803 5.3827E-015
1804 3.5732E-015
1806 5.4624E-015
1807 2.8984E-015
1809 4.3682E-015
1810 4.1052E-015
1811 6.3472E-015
1813 2.8201E-015
1814 2.3947E-015
1815 5.0812E-015
1817 2.4322E-015
1818 4.6768E-015
1820 1.8497E-015
1821 5.2163E-015
1822 2.4214E-015
1824 4.6054E-016
1825 3.0675E-015
1826 2.4440E-015
1828 4.9298E-015
1829 2.7530E-015
1831 4.1325E-017
1832 4.0551E-015
1833 1.7405E-015
1835 6.4298E-015
1836 7.2581E-015
1837 5.3529E-015
1839 1.6125E-015
1840 3.4474E-015
1841 1.1946E-015
1843 1.3999E-015
1844 2.8098E-015
1846 2.4819E-015
1847 2.6167E-015
1848 1.3866E-015
1850 2.6967E-015
1851 4.8346E-015
1852 1.7552E-015
1854 2.9276E-015
1855 2.2744E-015
1857 4.1778E-015
1858 -4.3902E-016
1859 1.2035E-015
1861 4.6165E-015
1862 1.8053E-016
1863 2.3405E-015
1865 1.8328E-015
1866 2.7180E-015
1868 -1.5269E-015
1869 2.8359E-015
1870 4.5372E-015
1872 7.4930E-015
1873 8.9612E-017
1874 2.3664E-015
1876 3.2520E-015
1877 2.4457E-015
1879 3.2326E-015
1880 3.7017E-015
1881 2.7440E-015
1883 2.5434E-015
1884 1.9680E-015
1885 2.3757E-015
1887 3.3857E-015
1888 2.1747E-015
1890 3.0694E-015
1891 3.3061E-015
1892 5.7676E-015
1894 4.6745E-015
1895 4.0010E-015
1896 3.0439E-015
1898 -5.3947E-016
1899 1.2778E-015
1900 4.6343E-015
1902 2.7430E-015
1903 2.2468E-015
1905 3.2158E-015
1906 2.3659E-015
1907 3.4934E-015
1909 4.0238E-015
1910 4.3401E-015
1911 3.8109E-015
1913 4.2721E-015
1914 2.2911E-015
1916 5.8709E-016
1917 1.0233E-015
1918 2.0188E-015
1920 3.7262E-015
1921 2.6426E-015
1922 2.2925E-015
1924 3.2694E-015
1925 4.9262E-015
1927 2.9238E-015
1928 3.0437E-015
1929 2.9400E-015
1931 3.7859E-015
1932 2.9871E-015
1933 2.7448E-015
1935 2.6955E-015
1936 1.9038E-015
1938 2.7513E-016
1939 1.7860E-015
1940 4.9532E-015
1942 3.2818E-015
1943 1.7868E-015
1944 4.9791E-015
1946 2.4392E-015
1947 3.2392E-015
1949 3.7468E-015
1950 4.9781E-015
1951 3.0065E-015
1953 2.9987E-015
1954 4.8441E-015
1955 4.3455E-015
1957 3.7281E-015
1958 3.1682E-015
1960 2.6710E-015
1961 2.6861E-015
1962 3.7643E-015
1964 5.2253E-015
1965 3.7410E-015
1966 2.0747E-015
1968 2.9525E-015
1969 4.8053E-015
1970 3.8919E-015
1972 1.9570E-015
1973 4.3569E-015
1975 4.2468E-015
1976 2.3712E-015
1977 2.2714E-015
1979 2.9575E-015
1980 2.4329E-015
1981 2.3805E-015
1983 1.6854E-015
1984 3.2998E-015
1986 3.5217E-015
1987 3.0472E-015
1988 3.1972E-015
1990 4.2316E-015
1991 1.3466E-015
1992 1.8317E-015
1994 4.5761E-015
1995 2.9439E-015
1997 3.2051E-015
1998 2.7724E-015
1999 3.0055E-015
2001 3.8248E-015
2002 2.3550E-015
2003 3.5092E-015
2005 3.9194E-015
2006 3.7678E-015
2008 1.8033E-015
2009 2.7905E-015
2010 3.9533E-015
2012 2.2239E-015
2013 3.1445E-015
2014 2.6348E-015
2016 6.8921E-016
2017 2.7933E-015
2019 5.2472E-015
2020 3.1781E-015
2021 3.5820E-015
2023 4.3440E-015
2024 2.3562E-015
2025 3.0816E-015
2027 2.7536E-015
2028 2.9392E-015
2030 3.3423E-015
2031 2.4768E-015
2032 1.9193E-015
2034 3.4137E-015
2035 3.9796E-015
2036 1.8518E-015
2038 3.5407E-015
2039 4.3473E-015
2041 2.6625E-015
2042 2.7600E-015
2043 3.8215E-015
2045 3.7104E-015
2046 2.6072E-015
2047 3.5570E-015
2049 3.3900E-015
2050 3.1442E-015
2052 2.9322E-015
2053 3.6213E-015
2054 3.0140E-015
2056 2.9989E-015
2057 4.8150E-015
2058 2.2203E-015
2060 4.3957E-015
2061 1.8606E-015
2062 2.6914E-015
2064 3.1914E-015
2065 3.2493E-015
2067 4.2768E-015
2068 2.7211E-015
2069 4.0355E-015
2071 3.4543E-015
2072 4.4132E-015
2073 3.7982E-015
2075 3.8944E-015
2076 4.1669E-015
2078 4.2984E-015
2079 5.0483E-015
2080 4.4255E-015
2082 4.4630E-015
2083 4.4801E-015
2084 4.7924E-015
2086 3.8503E-015
2087 4.7330E-015
2089 4.8168E-015
2090 5.0198E-015
2091 4.7417E-015
2093 4.6224E-015
2094 5.5208E-015
2095 4.1939E-015
2097 5.3017E-015
2098 5.5448E-015
2100 4.2847E-015
2101 5.5394E-015
2102 4.7370E-015
2104 5.3048E-015
2105 4.8289E-015
2106 5.6251E-015
2108 5.7846E-015
2109 4.8455E-015
2111 5.9538E-015
2112 4.7127E-015
2113 5.0438E-015
2115 6.4303E-015
2116 5.3799E-015
2117 5.5455E-015
2119 6.2926E-015
2120 6.5384E-015
2122 5.1499E-015
2123 4.7596E-015
2124 4.6426E-015
2126 4.9041E-015
2127 4.8192E-015
2128 5.7046E-015
2130 5.2469E-015
2131 5.2372E-015
2133 4.6055E-015
2134 5.1578E-015
2135 4.8535E-015
2137 5.6482E-015
2138 5.3902E-015
2139 5.4075E-015
2141 6.0806E-015
2142 6.9614E-015
2144 6.4932E-015
2145 6.1258E-015
2146 6.4829E-015
2148 6.6954E-015
2149 6.9085E-015
2150 6.0879E-015
2152 6.4606E-015
2153 7.3144E-015
2155 5.8795E-015
2156 6.1020E-015
2157 6.2935E-015
2159 4.7702E-015
2160 6.2625E-015
2161 7.2210E-015
2163 7.0437E-015
2164 5.7966E-015
2166 5.4685E-015
2167 6.5977E-015
2168 6.6565E-015
2170 6.2558E-015
2171 6.2082E-015
2172 6.9544E-015
2174 6.0273E-015
2175 6.1212E-015
2176 6.3328E-015
2178 7.1138E-015
2179 8.1608E-015
2181 8.3066E-015
2182 8.7093E-015
2183 7.1689E-015
2185 7.7114E-015
2186 7.0739E-015
2187 7.9333E-015
2189 8.1358E-015
2190 8.2522E-015
2192 9.2243E-015
2193 9.8509E-015
2194 9.9225E-015
2196 9.3674E-015
2197 1.2130E-014
2198 9.7194E-015
2200 7.4149E-015
2201 9.4321E-015
2203 1.1157E-014
2204 1.0801E-014
2205 9.5575E-015
2207 8.8741E-015
2208 7.7751E-015
2209 7.6355E-015
2211 7.0606E-015
2212 1.0118E-014
2214 8.8213E-015
2215 7.1187E-015
2216 8.2543E-015
2218 8.4709E-015
2219 8.9496E-015
2220 1.0545E-014
2222 9.7389E-015
2223 1.0876E-014
2225 1.0621E-014
2226 1.0547E-014
2227 1.0951E-014
2229 1.0522E-014
2230 1.0310E-014
2231 1.3187E-014
2233 1.4301E-014
2234 1.3407E-014
2236 1.4180E-014
2237 1.3296E-014
2238 1.3160E-014
2240 1.3151E-014
2241 1.1714E-014
2242 1.1751E-014
2244 1.1145E-014
2245 1.3349E-014
2247 1.3414E-014
2248 1.2589E-014
2249 1.1193E-014
2251 1.1953E-014
2252 1.2310E-014
2253 1.1342E-014
2255 1.0935E-014
2256 1.1799E-014
2258 1.1706E-014
2259 1.0550E-014
2260 1.0395E-014
2262 1.1140E-014
2263 1.0823E-014
2264 1.0434E-014
2266 1.0713E-014
2267 1.0595E-014
2269 1.0777E-014
2270 1.1064E-014
2271 1.3182E-014
2273 1.1634E-014
2274 1.2076E-014
2275 1.2052E-014
2277 1.3137E-014
2278 1.3454E-014
2280 1.2791E-014
2281 1.5533E-014
2282 1.4161E-014
2284 1.4005E-014
2285 1.4882E-014
2286 1.3750E-014
2288 1.3854E-014
2289 1.3657E-014
2291 1.3671E-014
2292 1.4425E-014
2293 1.4462E-014
2295 1.4324E-014
2296 1.3240E-014
2297 1.0940E-014
2299 1.1729E-014
2300 1.2798E-014
2302 1.3416E-014
2303 1.3132E-014
2304 1.5796E-014
2306 1.7521E-014
2307 1.6951E-014
2308 1.5935E-014
2310 1.3681E-014
2311 1.2236E-014
2312 1.3105E-014
2314 1.5715E-014
2315 1.7236E-014
2317 1.6983E-014
2318 1.4768E-014
2319 1.3339E-014
2321 1.6267E-014
2322 1.8914E-014
2323 1.8324E-014
2325 1.4470E-014
2326 1.3983E-014
2328 1.4964E-014
2329 1.4869E-014
2330 1.1778E-014
2332 1.0756E-014
2333 1.2845E-014
2334 1.4999E-014
2336 1.4258E-014
2337 1.0499E-014
2339 1.2635E-014
2340 1.4399E-014
2341 1.2298E-014
2343 8.1100E-015
2344 8.3965E-015
2345 1.0104E-014
2347 1.0073E-014
2348 1.1663E-014
2350 1.5639E-014
2351 1.8071E-014
2352 1.8851E-014
2354 1.6866E-014
2355 1.6838E-014
2356 1.6724E-014
2358 1.2610E-014
2359 1.1114E-014
2361 1.3857E-014
2362 1.5915E-014
2363 1.3087E-014
2365 1.1569E-014
2366 1.2904E-014
2367 1.4334E-014
2369 1.7561E-014
2370 1.8052E-014
2372 1.6773E-014
2373 1.1451E-014
2374 1.3593E-014
2376 1.6594E-014
2377 1.5941E-014
2378 1.1915E-014
2380 1.0249E-014
2381 7.0061E-015
2383 8.1389E-015
2384 1.2023E-014
2385 1.5065E-014
2387 1.3308E-014
2388 1.1533E-014
2389 1.5922E-014
2391 1.8191E-014
2392 1.6903E-014
2394 1.2272E-014
2395 9.0428E-015
2396 1.0737E-014
2398 1.1256E-014
2399 1.2343E-014
2400 1.6112E-014
2402 1.5054E-014
2403 1.1763E-014
2405 1.0076E-014
2406 1.0219E-014
2407 1.2982E-014
2409 1.3778E-014
2410 9.4141E-015
2411 1.1826E-014
2413 1.2227E-014
2414 1.8510E-014
2416 2.1382E-014
2417 2.2415E-014
2418 2.3344E-014
2420 2.5006E-014
2421 2.6873E-014
2422 2.4165E-014
2424 2.3338E-014
2425 2.6506E-014
2427 2.9122E-014
2428 2.8105E-014
2429 2.7217E-014
2431 2.8194E-014
2432 2.5903E-014
2433 2.4667E-014
2435 2.2760E-014
2436 2.3868E-014
2438 2.4730E-014
2439 2.4759E-014
2440 2.8907E-014
2442 2.9398E-014
2443 2.6045E-014
2444 2.6421E-014
2446 2.4300E-014
2447 2.4041E-014
2449 2.3102E-014
2450 2.0536E-014
2451 2.0845E-014
2453 2.2009E-014
2454 2.4059E-014
2455 2.2510E-014
2457 2.4447E-014
2458 2.4043E-014
2459 2.1400E-014
2461 1.8755E-014
2462 1.7271E-014
2464 2.0987E-014
2465 2.2737E-014
2466 2.2335E-014
2468 2.4240E-014
2469 2.4382E-014
2470 2.4256E-014
2472 1.9937E-014
2473 2.5427E-014
2475 2.7387E-014
2476 2.4848E-014
2477 2.1786E-014
2479 1.9760E-014
2480 2.2106E-014
2481 1.7796E-014
2483 1.4706E-014
2484 1.8908E-014
2486 1.7392E-014
2487 1.5184E-014
2488 1.4464E-014
2490 1.2853E-014
2491 1.7580E-014
2492 2.2591E-014
2494 2.8031E-014
2495 2.7904E-014
2497 2.8722E-014
2498 2.8831E-014
2499 2.8780E-014
2501 2.3470E-014
2502 2.6747E-014
2503 2.6133E-014
2505 2.0773E-014
2506 1.6795E-014
2508 2.2500E-014
2509 2.4851E-014
2510 1.9974E-014
2512 1.8745E-014
2513 1.4588E-014
2514 1.0781E-014
2516 9.6615E-015
2517 1.1820E-014
2519 1.4277E-014
2520 1.6889E-014
2521 1.4639E-014
2523 1.3580E-014
2524 1.3208E-014
2525 1.5694E-014
2527 1.3483E-014
2528 1.4393E-014
2530 2.0748E-014
2531 2.5600E-014
2532 2.5894E-014
2534 2.4976E-014
2535 2.3211E-014
2536 2.5570E-014
2538 2.6522E-014
2539 2.8677E-014
2541 2.6357E-014
2542 3.2559E-014
2543 3.0937E-014
2545 2.7409E-014
2546 2.8146E-014
2547 2.6702E-014
2549 2.6079E-014
2550 3.7904E-014
2552 4.0875E-014
2553 4.2195E-014
2554 4.3218E-014
2556 4.0060E-014
2557 4.2019E-014
2558 4.4162E-014
2560 4.2638E-014
2561 3.6386E-014
2563 3.2507E-014
2564 4.3249E-014
2565 4.9098E-014
2567 4.7540E-014
2568 5.5194E-014
2569 5.4262E-014
2571 5.3319E-014
2572 5.3122E-014
2573 5.1258E-014
2575 4.1133E-014
2576 4.1687E-014
2578 5.0527E-014
2579 5.5567E-014
2580 5.4139E-014
2582 4.8242E-014
2583 4.4843E-014
2584 3.1352E-014
2586 3.3839E-014
2587 5.2049E-014
2589 6.2175E-014
2590 5.4859E-014
2591 4.8861E-014
2593 4.3230E-014
2594 4.7062E-014
2595 4.2146E-014
2597 2.7075E-014
2598 1.7426E-014
2600 2.6554E-014
2601 4.0739E-014
2602 5.0312E-014
2604 4.3023E-014
2605 3.0745E-014
2606 2.8347E-014
2608 3.4451E-014
2609 3.6122E-014
2611 2.2946E-014
2612 2.1994E-014
2613 2.7450E-014
2615 4.1364E-014
2616 4.0372E-014
2617 3.8350E-014
2619 4.7321E-014
2620 4.2568E-014
2622 4.6058E-014
2623 4.8085E-014
2624 3.7462E-014
2626 3.5240E-014
2627 3.1828E-014
2628 2.9773E-014
2630 2.9913E-014
2631 3.3898E-014
2633 5.9081E-014
2634 7.5077E-014
2635 7.9881E-014
2637 8.6517E-014
2638 8.9785E-014
2639 9.0107E-014
2641 9.2392E-014
2642 1.0014E-013
2644 9.6834E-014
2645 8.8766E-014
2646 8.9660E-014
2648 8.6968E-014
2649 8.7248E-014
2650 8.6556E-014
2652 9.2572E-014
2653 9.9929E-014
2655 1.0754E-013
2656 1.0094E-013
2657 9.7229E-014
2659 9.7117E-014
2660 9.4853E-014
2661 8.8863E-014
2663 8.5243E-014
2664 8.7220E-014
2665 8.5553E-014
2667 8.8110E-014
2668 9.1760E-014
2670 9.5747E-014
2671 9.2504E-014
2672 9.0602E-014
2674 1.0418E-013
2675 9.9174E-014
2676 9.0816E-014
2678 7.9293E-014
2679 8.6179E-014
2681 9.3395E-014
2682 9.3424E-014
2683 9.0740E-014
2685 9.1923E-014
2686 9.3933E-014
2687 8.9331E-014
2689 8.3829E-014
2690 8.3533E-014
2692 8.7972E-014
2693 8.6358E-014
2694 8.4205E-014
2696 8.2138E-014
2697 8.6066E-014
2698 9.3399E-014
2700 1.0092E-013
2701 1.0186E-013
2703 1.0259E-013
2704 1.0325E-013
2705 8.8327E-014
2707 9.0617E-014
2708 9.2482E-014
2709 9.2328E-014
2711 9.2486E-014
2712 9.3641E-014
2714 7.9834E-014
2715 7.9758E-014
2716 8.5022E-014
2718 7.0019E-014
2719 6.3212E-014
2720 6.8376E-014
2722 7.6340E-014
2723 7.7984E-014
2725 7.9281E-014
2726 8.1996E-014
2727 8.4565E-014
2729 1.0030E-013
2730 9.5261E-014
2731 9.2850E-014
2733 8.2947E-014
2734 7.8792E-014
2735 7.8561E-014
2737 6.3318E-014
2738 6.0349E-014
2740 5.7013E-014
2741 6.2962E-014
2742 4.9435E-014
2744 6.0858E-014
2745 6.1311E-014
2746 5.0346E-014
2748 5.5488E-014
2749 4.8343E-014
2751 7.1146E-014
2752 7.6980E-014
2753 7.1002E-014
2755 5.6057E-014
2756 6.2232E-014
2757 8.9075E-014
2759 9.3693E-014
2760 8.9401E-014
2762 7.8172E-014
2763 8.5577E-014
2764 9.3002E-014
2766 8.5037E-014
2767 8.5936E-014
2768 8.6921E-014
2770 8.9831E-014
2771 9.1782E-014
2773 9.2080E-014
2774 9.0833E-014
2775 8.2535E-014
2777 7.6714E-014
2778 6.3990E-014
2779 6.3235E-014
2781 6.3125E-014
2782 6.0939E-014
2784 5.4342E-014
2785 5.1431E-014
2786 4.3812E-014
2788 3.3981E-014
2789 2.7116E-014
2790 2.1729E-014
2792 1.6905E-014
2793 1.5655E-014
2794 1.8296E-014
2796 1.4778E-014
2797 1.3482E-014
2799 1.4276E-014
2800 1.5266E-014
2801 1.7226E-014
2803 1.6940E-014
2804 1.6980E-014
2805 2.2704E-014
2807 2.9697E-014
2808 3.9421E-014
2810 4.3768E-014
2811 4.5497E-014
2812 5.3509E-014
2814 6.8097E-014
2815 7.4725E-014
2816 7.6359E-014
2818 8.5577E-014
2819 8.5518E-014
2821 9.1300E-014
2822 9.7087E-014
2823 1.0798E-013
2825 1.0412E-013
2826 1.0264E-013
2827 1.0427E-013
2829 1.0169E-013
2830 1.0953E-013
2832 1.0926E-013
2833 1.1148E-013
2834 9.9469E-014
2836 1.0040E-013
2837 1.1261E-013
2838 1.0966E-013
2840 1.0281E-013
2841 1.0399E-013
2842 9.3836E-014
2844 1.0013E-013
2845 9.8426E-014
2847 8.4159E-014
2848 6.0774E-014
2849 3.8224E-014
2851 2.3883E-014
2852 2.4051E-014
2853 4.0773E-014
2855 6.1114E-014
2856 8.2623E-014
2858 9.7075E-014
2859 1.1552E-013
2860 1.1782E-013
2862 1.2133E-013
2863 1.2870E-013
2864 1.2679E-013
2866 1.2227E-013
2867 1.2100E-013
2869 1.1692E-013
2870 1.3658E-013
2871 1.4470E-013
2873 1.3933E-013
2874 1.2898E-013
2875 1.0943E-013
2877 1.1484E-013
2878 1.0448E-013
2880 9.1514E-014
2881 6.7320E-014
2882 9.8822E-014
2884 1.2991E-013
2885 1.3921E-013
2886 1.3748E-013
2888 1.3639E-013
2889 1.2696E-013
2890 1.2729E-013
2892 1.2572E-013
2893 1.2694E-013
2895 1.4762E-013
2896 1.5176E-013
2897 1.5798E-013
2899 1.6861E-013
2900 1.6942E-013
2901 1.7407E-013
2903 1.7926E-013
2904 1.8014E-013
2906 1.7746E-013
2907 1.5764E-013
2908 1.5303E-013
2910 1.5803E-013
2911 1.7495E-013
2912 1.8101E-013
2914 1.7354E-013
2915 1.7366E-013
2917 1.6539E-013
2918 1.6237E-013
2919 1.7084E-013
2921 1.7633E-013
2922 1.6776E-013
2923 1.5122E-013
2925 1.4935E-013
2926 1.5234E-013
2927 1.4779E-013
2929 1.6760E-013
2930 1.8614E-013
2932 1.9556E-013
2933 1.9205E-013
2934 1.8990E-013
2936 1.6376E-013
2937 1.5523E-013
2938 1.6668E-013
2940 1.7304E-013
2941 1.7858E-013
2943 1.8739E-013
2944 1.6065E-013
2945 1.7228E-013
2947 1.4190E-013
2948 1.4514E-013
2949 1.6462E-013
2951 1.7221E-013
2952 1.6775E-013
2954 1.6616E-013
2955 1.8422E-013
2956 1.7317E-013
2958 1.9615E-013
2959 1.8035E-013
2960 1.8205E-013
2962 1.9073E-013
2963 1.7448E-013
2964 1.4725E-013
2966 1.3697E-013
2967 1.5089E-013
2969 1.3973E-013
2970 1.5057E-013
2971 1.6424E-013
2973 1.6934E-013
2974 1.9464E-013
2975 1.9701E-013
2977 2.1435E-013
2978 1.8827E-013
2980 1.7111E-013
2981 1.5640E-013
2982 1.5101E-013
2984 1.3561E-013
2985 1.4980E-013
2986 1.6303E-013
2988 1.8354E-013
2989 2.0667E-013
2991 2.0563E-013
2992 2.0208E-013
2993 1.8313E-013
2995 1.8538E-013
2996 2.1979E-013
2997 1.9834E-013
2999 1.6494E-013
3000 1.5335E-013
3001 1.5583E-013
3003 1.7294E-013
3004 1.9060E-013
3006 1.9283E-013
3007 1.7940E-013
3008 1.9247E-013
3010 2.2950E-013
3011 2.1479E-013
3012 1.9782E-013
3014 1.9500E-013
3015 1.8718E-013
3017 1.7806E-013
3018 1.6399E-013
3019 1.3255E-013
3021 1.4568E-013
3022 2.0285E-013
3023 2.0581E-013
3025 1.8616E-013
3026 2.1806E-013
3028 2.2503E-013
3029 2.0863E-013
3030 1.9982E-013
3032 2.2254E-013
3033 2.2456E-013
3034 2.2745E-013
3036 2.1365E-013
3037 1.9165E-013
3038 2.2209E-013
3040 2.0882E-013
3041 1.9857E-013
3043 2.2102E-013
3044 2.2464E-013
3045 2.2972E-013
3047 1.9617E-013
3048 2.2246E-013
3049 2.3406E-013
3051 2.4829E-013
3052 2.3504E-013
3054 2.0661E-013
3055 2.1568E-013
3056 1.8344E-013
3058 1.7270E-013
3059 1.8927E-013
3060 2.1230E-013
3066 1.6379E-013
3069 1.8197E-013
3071 1.9506E-013
3074 1.9988E-013
3077 2.0448E-013
3080 2.0194E-013
3082 2.0188E-013
3085 1.9184E-013
3088 1.7626E-013
3091 1.6542E-013
3093 1.6631E-013
3096 1.6686E-013
3099 1.6047E-013
3102 1.8347E-013
3104 2.0644E-013
3107 2.2065E-013
3110 2.2895E-013
3113 2.2521E-013
3115 2.1029E-013
3118 1.8733E-013
3121 1.8467E-013
3124 1.8811E-013
3126 1.8701E-013
3129 1.9810E-013
3132 2.0554E-013
3135 2.0566E-013
3137 2.1389E-013
3140 2.0390E-013
3143 1.7955E-013
3145 1.7983E-013
3148 2.0566E-013
3151 2.1459E-013
3154 2.0040E-013
3156 1.7805E-013
3159 1.7506E-013
3162 1.8589E-013
3165 2.0071E-013
3167 2.1621E-013
3170 2.4282E-013
3173 2.4954E-013
3176 2.4671E-013
3178 2.1515E-013
3181 1.9657E-013
3184 2.0102E-013
3187 2.1925E-013
3189 2.1764E-013
3192 2.0697E-013
3195 2.2716E-013
3198 2.5432E-013
3200 2.5478E-013
3203 2.6667E-013
3206 2.6602E-013
3209 2.4188E-013
3211 2.2136E-013
3214 2.3204E-013
3217 2.5451E-013
3220 2.5926E-013
3222 2.4642E-013
3225 2.3408E-013
3228 2.2729E-013
3231 2.3103E-013
3233 2.2620E-013
3236 2.3602E-013
3239 2.5631E-013
3242 2.6822E-013
3244 2.8338E-013
3247 2.8044E-013
3250 2.7663E-013
3253 2.8621E-013
3255 3.1187E-013
3258 3.3129E-013
3261 3.2606E-013
3264 3.1752E-013
3266 3.2794E-013
3269 3.2569E-013
3272 3.1525E-013
3275 3.1263E-013
3277 3.0421E-013
3280 3.0246E-013
3283 3.0488E-013
3286 3.0304E-013
3288 3.1933E-013
3291 3.4415E-013
3294 3.5445E-013
3297 3.4845E-013
3299 3.4507E-013
3302 3.2594E-013
3305 3.1102E-013
3308 3.0641E-013
3310 3.1215E-013
3313 3.0815E-013
3316 3.0722E-013
3319 3.1111E-013
3321 3.0435E-013
3324 3.0364E-013
3327 3.0735E-013
3330 3.0555E-013
3332 3.0411E-013
3335 2.8660E-013
3338 2.8777E-013
3341 2.9456E-013
3343 3.0174E-013
3346 2.9408E-013
3349 2.8471E-013
3352 2.9961E-013
3354 2.9423E-013
3357 2.4303E-013
3360 1.8308E-013
3363 2.3526E-013
3365 2.6520E-013
3368 2.3129E-013
3371 2.1058E-013
3374 2.4848E-013
3376 2.8548E-013
3379 2.7452E-013
3382 2.7530E-013
3385 2.7801E-013
3387 2.8443E-013
3390 2.9096E-013
3393 2.9448E-013
3395 3.2541E-013
3398 3.5003E-013
3401 3.4609E-013
3404 3.3195E-013
3406 3.1993E-013
3409 3.1825E-013
3412 3.2349E-013
3415 3.2710E-013
3417 3.4977E-013
3420 3.5899E-013
3423 3.5417E-013
3426 3.5981E-013
3428 3.7776E-013
3431 3.7622E-013
3434 3.7554E-013
3437 3.6109E-013
3439 3.2469E-013
3442 3.1772E-013
3445 3.5029E-013
3448 3.7759E-013
3450 3.8351E-013
3453 3.8190E-013
3456 3.8352E-013
3459 3.7478E-013
3461 3.7424E-013
3464 3.9065E-013
3467 3.9616E-013
3470 4.0053E-013
3472 3.8136E-013
3475 3.5126E-013
3478 3.7299E-013
3481 3.9407E-013
3483 3.9928E-013
3486 4.0758E-013
3489 3.8823E-013
3492 3.7633E-013
3494 3.7478E-013
3497 3.8749E-013
3500 4.1208E-013
3503 4.1755E-013
3505 4.0807E-013
3508 4.0613E-013
3511 3.9901E-013
3514 3.9902E-013
3516 4.1835E-013
3519 4.0802E-013
3522 3.8295E-013
3525 3.6398E-013
3527 3.8847E-013
3530 4.1087E-013
3533 4.2313E-013
3536 4.3545E-013
3538 4.4514E-013
3541 4.4678E-013
3544 4.5098E-013
3547 4.4862E-013
3549 4.3997E-013
3552 4.3269E-013
3555 4.3122E-013
3558 4.3104E-013
3560 4.2928E-013
3563 4.1823E-013
3566 3.8457E-013
3569 3.7702E-013
3571 3.7821E-013
3574 3.9036E-013
3577 3.9683E-013
3580 3.7631E-013
3582 3.4962E-013
3585 3.3295E-013
3588 3.4685E-013
3591 3.9841E-013
3593 4.3332E-013
3596 4.5189E-013
3599 4.5940E-013
3602 4.4136E-013
3604 4.2806E-013
3607 4.1995E-013
3610 4.0965E-013
3613 4.1739E-013
3615 4.2549E-013
3618 4.0912E-013
3621 4.2973E-013
3624 4.4943E-013
3626 4.5546E-013
3629 4.4396E-013
3632 4.0848E-013
3635 4.1669E-013
3637 4.3784E-013
3640 4.5437E-013
3643 4.3714E-013
3646 4.2134E-013
3648 4.2535E-013
3651 4.4645E-013
3654 4.6790E-013
3657 4.8376E-013
3659 4.8718E-013
3662 4.8337E-013
3665 4.8098E-013
3668 4.7853E-013
3670 4.7498E-013
3673 4.8533E-013
3676 4.8132E-013
3679 4.6653E-013
3681 4.7141E-013
3684 4.7267E-013
3687 4.6413E-013
3690 4.8829E-013
3692 5.0847E-013
3695 5.1597E-013
3698 5.2372E-013
3701 5.3813E-013
3703 4.9660E-013
3706 4.6545E-013
3709 4.8354E-013
3712 5.0647E-013
3714 5.4431E-013
3717 5.4075E-013
3720 4.7400E-013
3723 4.5718E-013
3725 5.1023E-013
3728 5.1867E-013
3731 4.9523E-013
3734 4.4352E-013
3736 4.2679E-013
3739 4.9108E-013
3742 5.1037E-013
3745 4.8633E-013
3747 4.4364E-013
3750 4.4124E-013
3753 5.1489E-013
3756 5.4290E-013
3758 5.1067E-013
3761 5.1682E-013
3764 5.4834E-013
3767 5.4244E-013
3769 5.3454E-013
3772 5.4520E-013
3775 5.6943E-013
3778 5.8492E-013
3780 6.1225E-013
3783 6.0955E-013
3786 5.8117E-013
3789 5.5828E-013
3791 5.5190E-013
3794 5.2657E-013
3797 5.0391E-013
3799 5.2418E-013
3802 5.7564E-013
3805 5.9041E-013
3808 5.7749E-013
3810 5.7809E-013
3813 5.4847E-013
3816 5.2565E-013
3819 5.1880E-013
3821 5.0055E-013
3824 4.8631E-013
3827 4.6638E-013
3830 4.6911E-013
3832 4.3895E-013
3835 4.2349E-013
3838 4.4121E-013
3841 4.7536E-013
3843 5.2488E-013
3846 5.3259E-013
3849 5.2096E-013
3852 5.1817E-013
3854 5.1773E-013
3857 5.0077E-013
3860 4.9106E-013
3863 5.2510E-013
3865 5.3012E-013
3868 5.0042E-013
3871 4.4852E-013
3874 4.6410E-013
3876 4.8876E-013
3879 4.6145E-013
3882 4.5489E-013
3885 4.8776E-013
3887 4.9336E-013
3890 5.0769E-013
3893 5.4749E-013
3896 5.5567E-013
3898 5.6627E-013
3901 5.6938E-013
3904 5.6410E-013
3907 5.6263E-013
3909 5.8722E-013
3912 5.9993E-013
3915 5.7897E-013
3918 5.6285E-013
3920 5.2869E-013
3923 5.0640E-013
3926 4.3378E-013
3929 3.2205E-013
3931 2.0215E-013
3934 1.6972E-013
3937 2.5395E-013
3940 3.7983E-013
3942 4.6196E-013
3945 5.1609E-013
3948 5.5539E-013
3951 5.7376E-013
3953 5.7958E-013
3956 5.8716E-013
3959 5.7110E-013
3962 4.8910E-013
3964 3.6127E-013
3967 2.5114E-013
3970 2.3879E-013
3973 3.7139E-013
3975 5.0614E-013
3978 5.9857E-013
3981 6.3782E-013
3984 6.5118E-013
3986 6.7165E-013
3989 6.9021E-013
3992 6.9861E-013
3995 6.9474E-013
3997 6.8575E-013
4000 7.0188E-013
4003 7.1645E-013
4006 6.9357E-013
4008 7.1772E-013
4011 7.3726E-013
4014 7.4004E-013
4017 7.3931E-013
4019 7.4050E-013
4022 7.3411E-013
4025 7.3613E-013
4028 7.3997E-013
4030 7.0988E-013
4033 7.0118E-013
4036 7.3851E-013
4039 7.6600E-013
4041 7.4716E-013
4044 7.1717E-013
4047 7.1607E-013
4050 7.4399E-013
4052 7.5171E-013
4055 7.4569E-013
4058 7.4346E-013
4061 7.4784E-013
4063 7.2595E-013
4066 7.2720E-013
4069 7.4680E-013
4072 7.4657E-013
4074 7.2901E-013
4077 7.0316E-013
4080 7.3067E-013
4083 7.5576E-013
4085 7.5940E-013
4088 7.9569E-013
4091 7.9896E-013
4094 7.8834E-013
4096 7.5826E-013
4099 7.2343E-013
4102 6.8369E-013
4105 7.2482E-013
4107 7.6152E-013
4110 7.6757E-013
4113 7.8453E-013
4116 7.9767E-013
4118 7.7900E-013
4121 7.6544E-013
4124 7.7574E-013
4127 7.7760E-013
4129 7.6621E-013
4132 7.5498E-013
4135 7.6713E-013
4138 7.9309E-013
4140 7.9888E-013
4143 7.6374E-013
4146 7.7796E-013
4149 7.7886E-013
4151 7.7294E-013
4154 7.6297E-013
4157 7.7086E-013
4160 7.9095E-013
4162 7.9524E-013
4165 8.0087E-013
4168 7.8958E-013
4171 7.7250E-013
4173 7.3229E-013
4176 7.4455E-013
4179 7.5441E-013
4182 7.6655E-013
4184 7.6829E-013
4187 7.5965E-013
4190 7.7438E-013
4193 7.8098E-013
4195 7.6665E-013
4198 7.5153E-013
4201 7.4709E-013
4204 7.5417E-013
4206 7.6796E-013
4209 7.8359E-013
4212 7.8008E-013
4215 7.6343E-013
4217 7.6673E-013
4220 7.7661E-013
4223 7.5910E-013
4226 7.1181E-013
4228 7.3701E-013
4231 7.7196E-013
4234 7.7226E-013
4237 7.5862E-013
4239 7.6415E-013
4242 7.6973E-013
4245 7.6959E-013
4248 7.3851E-013
4250 7.4272E-013
4253 7.6642E-013
4256 7.5846E-013
4258 7.5425E-013
4261 7.5361E-013
4264 7.7717E-013
4267 7.7166E-013
4269 7.3804E-013
4272 7.0765E-013
4275 7.1490E-013
4278 7.4684E-013
4280 7.2433E-013
4283 7.2005E-013
4286 6.9043E-013
4289 6.6970E-013
4291 6.6483E-013
4294 6.6962E-013
4297 6.1457E-013
4300 5.4656E-013
4302 5.2793E-013
4305 5.2884E-013
4308 5.1163E-013
4311 5.2276E-013
4313 6.1364E-013
4316 7.4610E-013
4319 7.9201E-013
4322 7.6597E-013
4324 7.0157E-013
4327 7.4430E-013
4330 7.9584E-013
4333 8.1466E-013
4335 7.9513E-013
4338 7.1959E-013
4341 6.9078E-013
4344 7.5315E-013
4346 8.0077E-013
4349 8.0184E-013
4352 7.7221E-013
4355 7.7720E-013
4357 7.9177E-013
4360 7.9804E-013
4363 8.1172E-013
4366 8.1393E-013
4368 7.9171E-013
4371 7.7688E-013
4374 7.6354E-013
4377 7.6983E-013
4379 7.9021E-013
4382 7.6738E-013
4385 7.3430E-013
4388 7.6300E-013
4390 7.7656E-013
4393 7.9157E-013
4396 7.9526E-013
4399 8.0407E-013
4401 8.0799E-013
4404 8.1472E-013
4407 8.1790E-013
4410 8.3531E-013
4412 8.5769E-013
4415 8.4392E-013
4418 8.5334E-013
4421 8.6946E-013
4423 8.7322E-013
4426 8.6499E-013
4429 8.7548E-013
4432 8.7250E-013
4434 8.6728E-013
4437 8.8219E-013
4440 8.8902E-013
4443 8.6017E-013
4445 8.6827E-013
4448 8.7865E-013
4451 8.6786E-013
4454 8.6910E-013
4456 8.5495E-013
4459 8.5975E-013
4462 8.6510E-013
4465 8.7364E-013
4467 8.7846E-013
4470 8.7401E-013
4473 9.0341E-013
4476 9.1360E-013
4478 9.1846E-013
4481 9.0416E-013
4484 9.0410E-013
4487 9.1333E-013
4489 9.0341E-013
4492 9.0543E-013
4495 9.0362E-013
4498 9.1418E-013
4500 9.2335E-013
4503 9.3499E-013
4506 9.5017E-013
4509 9.4478E-013
4511 9.4756E-013
4514 9.3872E-013
4517 9.2607E-013
4520 9.1877E-013
4522 9.1421E-013
4525 8.9385E-013
4528 8.8312E-013
4530 8.7278E-013
4533 8.6991E-013
4536 8.9059E-013
4539 9.2448E-013
4541 9.2269E-013
4544 9.1515E-013
4547 9.0031E-013
4550 8.7798E-013
4552 8.8816E-013
4555 8.9033E-013
4558 9.2214E-013
4561 9.3742E-013
4563 9.2651E-013
4566 9.3744E-013
4569 9.4764E-013
4572 9.3302E-013
4574 9.3595E-013
4577 9.3970E-013
4580 9.3068E-013
4583 9.1920E-013
4585 9.2694E-013
4588 9.3395E-013
4591 9.3083E-013
4594 9.3309E-013
4596 9.4244E-013
4599 9.4101E-013
4602 9.3795E-013
4605 9.4469E-013
4607 9.5457E-013
4610 9.5495E-013
4613 9.5273E-013
4616 9.5646E-013
4618 9.5329E-013
4621 9.6033E-013
4624 9.6523E-013
4627 9.6220E-013
4629 9.5160E-013
4632 9.5860E-013
4635 9.5883E-013
4638 9.5322E-013
4640 9.6239E-013
4643 9.7054E-013
4646 9.5005E-013
4649 9.4778E-013
4651 9.4817E-013
4654 9.3354E-013
4657 9.4618E-013
4660 9.6364E-013
4662 9.6222E-013
4665 9.5769E-013
4668 9.3463E-013
4671 9.4315E-013
4673 9.6492E-013
4676 9.6782E-013
4679 9.5639E-013
4682 9.5934E-013
4684 9.6660E-013
4687 9.6585E-013
4690 9.6640E-013
4693 9.7396E-013
4695 9.8519E-013
4698 9.7491E-013
4701 9.6779E-013
4704 9.5099E-013
4706 9.5121E-013
4709 9.4591E-013
4712 9.6641E-013
4714 9.6521E-013
4717 9.7707E-013
4720 9.7867E-013
4723 9.8080E-013
4725 9.7655E-013
4728 9.6582E-013
4731 9.6669E-013
4734 9.6450E-013
4736 9.6773E-013
4739 9.7526E-013
4742 9.7294E-013
4745 9.7856E-013
4747 9.8606E-013
4750 9.8838E-013
4753 9.8202E-013
4756 9.7708E-013
4758 9.7600E-013
4761 9.6706E-013
4764 9.5550E-013
4767 9.6136E-013
4769 9.7829E-013
4772 9.7802E-013
4775 9.8219E-013
4778 9.8318E-013
4780 9.7484E-013
4783 9.7191E-013
4786 9.6325E-013
4789 9.6003E-013
4791 9.7064E-013
4794 9.7669E-013
4797 9.7564E-013
4800 9.7458E-013
4802 9.6881E-013
4805 9.6630E-013
4808 9.6870E-013
4811 9.7280E-013
4813 9.8226E-013
4816 9.8156E-013
4819 9.7368E-013
4822 9.6873E-013
4824 9.6488E-013
4827 9.7870E-013
4830 9.7949E-013
4833 9.7967E-013
4835 9.8006E-013
4838 9.7324E-013
4841 9.7131E-013
4844 9.7602E-013
4846 9.7511E-013
4849 9.6491E-013
4852 9.6838E-013
4854 9.5087E-013
4857 9.1465E-013
4860 8.3266E-013
4863 8.5047E-013
4865 9.0509E-013
4868 9.3457E-013
4871 9.3418E-013
4874 9.4283E-013
4876 9.4932E-013
4879 9.5267E-013
4882 9.5925E-013
4885 9.5598E-013
4887 9.4710E-013
4890 9.4269E-013
4893 9.6672E-013
4896 9.8369E-013
4898 9.8271E-013
4901 9.7169E-013
4904 9.7226E-013
4907 9.7940E-013
4909 9.7064E-013
4912 9.6880E-013
4915 9.7481E-013
4918 9.5965E-013
4920 9.2951E-013
4923 9.4644E-013
4926 9.6728E-013
4929 9.7692E-013
4931 9.7947E-013
4934 9.5864E-013
4937 9.5280E-013
4940 9.6467E-013
4942 9.8356E-013
4945 9.9128E-013
4948 9.9870E-013
4951 1.0002E-012
4953 9.8703E-013
4956 9.7014E-013
4959 9.7198E-013
4962 9.8862E-013
4964 9.8946E-013
4967 9.9097E-013
4970 9.8861E-013
4972 9.9655E-013
4975 9.9481E-013
4978 9.8283E-013
4981 9.6497E-013
4983 9.5582E-013
4986 9.6541E-013
4989 9.7418E-013
4992 9.7327E-013
4994 9.7755E-013
4997 9.8307E-013
5000 9.6992E-013
5003 9.6425E-013
5005 9.5489E-013
5008 9.5925E-013
5011 9.6025E-013
5014 9.4168E-013
5016 9.4773E-013
5019 9.5745E-013
5022 9.7378E-013
5025 9.8107E-013
5027 9.7417E-013
5030 9.8507E-013
5033 9.8146E-013
5036 9.7236E-013
5038 9.6140E-013
5041 9.3988E-013
5044 9.7027E-013
5047 9.8765E-013
5049 9.8098E-013
5052 9.8049E-013
5055 9.9802E-013
5058 1.0042E-012
5060 1.0003E-012
5063 9.9023E-013
5066 9.8206E-013
5068 9.8654E-013
5071 9.8942E-013
5074 9.8508E-013
5077 9.7843E-013
5079 9.5845E-013
5082 9.6229E-013
5085 9.7549E-013
5088 9.9427E-013
5090 9.9693E-013
5093 9.9950E-013
5096 9.8811E-013
5099 9.7725E-013
5101 9.8276E-013
5104 9.8488E-013
5107 9.6952E-013
5110 9.6930E-013
5112 9.8399E-013
5115 1.0002E-012
5118 1.0008E-012
5121 9.8931E-013
5123 9.7171E-013
5126 9.6578E-013
5129 9.6479E-013
5132 9.7535E-013
5134 9.7402E-013
5137 9.6453E-013
5140 9.5039E-013
5143 9.5362E-013
5145 9.6838E-013
5148 9.7190E-013
5151 9.6914E-013
5153 9.7075E-013
5156 9.8434E-013
5159 9.9207E-013
5162 9.7877E-013
5164 9.4638E-013
5167 8.9314E-013
5170 8.9290E-013
5173 9.0210E-013
5175 9.5285E-013
5178 9.7921E-013
5181 9.6168E-013
5184 9.1839E-013
5186 9.3598E-013
5189 9.4977E-013
5192 9.4289E-013
5195 9.4863E-013
5197 9.6024E-013
5200 9.6960E-013
5203 9.5998E-013
5206 9.4422E-013
5208 9.4698E-013
5211 9.6560E-013
5214 9.7859E-013
5217 9.7628E-013
5219 9.8876E-013
5222 9.9014E-013
5225 9.6506E-013
5227 9.4710E-013
5230 9.7114E-013
5233 9.6879E-013
5236 9.8630E-013
5238 9.9708E-013
5241 1.0004E-012
5244 9.9766E-013
5247 9.8030E-013
5249 9.7725E-013
5252 9.8000E-013
5255 9.8421E-013
5258 9.9352E-013
5260 9.7709E-013
5263 9.4323E-013
5266 9.3196E-013
5269 9.2853E-013
5271 9.3926E-013
5274 9.6481E-013
5277 9.8226E-013
5280 9.8981E-013
5282 9.8477E-013
5285 9.9407E-013
5288 1.0072E-012
5291 1.0129E-012
5293 1.0044E-012
5296 9.8837E-013
5299 9.8950E-013
5301 9.9311E-013
5304 9.9979E-013
5307 1.0015E-012
5310 1.0089E-012
5312 1.0062E-012
5315 9.9305E-013
5318 9.9301E-013
5321 9.9586E-013
5323 9.7839E-013
5326 9.6065E-013
5329 9.5517E-013
5332 9.8032E-013
5334 9.8552E-013
5337 9.8337E-013
5340 9.7627E-013
5343 9.8278E-013
5345 9.8858E-013
5348 9.9263E-013
5351 9.9959E-013
5354 1.0099E-012
5356 1.0037E-012
5359 1.0106E-012
5362 1.0012E-012
5364 9.9242E-013
5367 9.8821E-013
5370 9.7748E-013
5373 9.8815E-013
5375 1.0000E-012
5378 1.0065E-012
5381 9.9758E-013
5384 9.9800E-013
5386 1.0021E-012
5389 9.9889E-013
5392 9.9061E-013
5395 9.8628E-013
5397 9.8065E-013
5400 9.8240E-013
5403 9.7087E-013
5406 9.6747E-013
5408 9.7999E-013
5411 9.8661E-013
5414 9.9121E-013
5417 9.9409E-013
5419 9.9949E-013
5422 9.9638E-013
5425 9.9240E-013
5427 9.8761E-013
5430 9.8314E-013
5433 9.8200E-013
5436 9.8663E-013
5438 1.0020E-012
5441 1.0023E-012
5444 9.9052E-013
5447 9.8498E-013
5449 9.9811E-013
5451 9.8249E-013
5455 9.8070E-013
5460 9.8623E-013
5465 9.9982E-013
5470 9.9841E-013
5475 9.8575E-013
5480 9.9082E-013
5485 9.9701E-013
5489 9.9822E-013
5494 9.9493E-013
5499 9.8689E-013
5504 9.8918E-013
5509 9.9655E-013
5514 9.9480E-013
5519 1.0044E-012
5524 1.0051E-012
5528 9.9401E-013
5533 9.9916E-013
5538 9.9690E-013
5543 9.9839E-013
5548 1.0049E-012
5553 1.0096E-012
5558 1.0057E-012
5563 9.9562E-013
5567 9.8710E-013
5572 9.8778E-013
5577 9.8802E-013
5582 9.8878E-013
5587 9.8088E-013
5592 9.7386E-013
5597 9.7664E-013
5602 9.7670E-013
5606 9.8947E-013
5611 9.9314E-013
5616 9.8617E-013
5621 9.8996E-013
5626 9.9750E-013
5631 1.0057E-012
5636 9.9577E-013
5641 9.8646E-013
5645 9.9457E-013
5650 9.9604E-013
5655 9.8672E-013
5660 9.8105E-013
5665 9.8675E-013
5670 9.9171E-013
5675 9.9380E-013
5679 9.9378E-013
5684 9.9111E-013
5689 9.8412E-013
5694 9.9694E-013
5699 9.9274E-013
5704 9.8932E-013
5709 9.8443E-013
5714 9.7988E-013
5718 9.9376E-013
5723 9.9260E-013
5728 9.9826E-013
5733 9.9501E-013
5738 9.9857E-013
5743 9.9933E-013
5748 9.9722E-013
5753 9.9297E-013
5757 9.9485E-013
5762 9.8975E-013
5767 9.9390E-013
5772 9.9336E-013
5777 9.9709E-013
5782 1.0010E-012
5787 9.9110E-013
5792 9.8868E-013
5796 9.9670E-013
5801 9.9442E-013
5806 9.9483E-013
5811 9.8966E-013
5816 9.9448E-013
5821 9.9843E-013
5826 9.9450E-013
5831 9.9589E-013
5835 9.9065E-013
5840 9.9313E-013
5845 9.9022E-013
5850 9.8606E-013
5855 9.7722E-013
5860 9.7000E-013
5865 9.7736E-013
5870 9.8667E-013
5874 9.9152E-013
5879 9.8709E-013
5884 9.8216E-013
5889 9.6428E-013
5894 9.5426E-013
5899 9.6306E-013
5904 9.7709E-013
5909 9.7968E-013
5913 9.8612E-013
5918 9.8593E-013
5923 9.9066E-013
5928 9.7655E-013
5933 9.8259E-013
5938 9.8746E-013
5943 9.9183E-013
5948 9.7747E-013
5952 9.8441E-013
5957 9.8354E-013
5962 9.8226E-013
5967 9.8692E-013
5972 9.8819E-013
5977 9.8341E-013
5982 9.8387E-013
5987 9.8329E-013
5991 9.8282E-013
5996 9.7959E-013
6001 9.8306E-013
6006 9.7879E-013
6011 9.7457E-013
6016 9.7579E-013
6021 9.7330E-013
6026 9.7456E-013
6030 9.8006E-013
6035 9.8098E-013
6040 9.7901E-013
6045 9.9427E-013
6050 9.7769E-013
6055 9.7770E-013
6060 9.7061E-013
6065 9.6802E-013
6069 9.7186E-013
6074 9.7124E-013
6079 9.6988E-013
6084 9.7664E-013
6089 9.6839E-013
6094 9.6625E-013
6099 9.6420E-013
6104 9.6214E-013
6109 9.6884E-013
6113 9.6197E-013
6118 9.5968E-013
6123 9.5911E-013
6128 9.5747E-013
6133 9.5623E-013
6138 9.5378E-013
6143 9.5209E-013
6148 9.6196E-013
6152 9.5975E-013
6157 9.6093E-013
6162 9.5118E-013
6167 9.5087E-013
6172 9.5242E-013
6177 9.6193E-013
6182 9.6590E-013
6187 9.5891E-013
6191 9.5857E-013
6196 9.6104E-013
6201 9.6474E-013
6206 9.6742E-013
6211 9.6052E-013
6216 9.5846E-013
6221 9.5014E-013
6226 9.5484E-013
6230 9.5319E-013
6235 9.5761E-013
6240 9.5884E-013
6245 9.4378E-013
6250 9.4448E-013
6255 9.4031E-013
6260 9.4679E-013
6265 9.4733E-013
6269 9.4972E-013
6274 9.6115E-013
6279 9.5904E-013
6284 9.5387E-013
6289 9.5636E-013
6294 9.5524E-013
6299 9.5587E-013
6304 9.5337E-013
6309 9.4529E-013
6313 9.4415E-013
6318 9.3582E-013
6323 9.3159E-013
6328 9.3129E-013
6333 9.2858E-013
6338 9.2356E-013
6343 9.3791E-013
6348 9.4342E-013
6352 9.4937E-013
6357 9.4862E-013
6362 9.4837E-013
6367 9.4903E-013
6372 9.4599E-013
6377 9.4895E-013
6382 9.4907E-013
6387 9.4749E-013
6391 9.4661E-013
6396 9.3928E-013
6401 9.4449E-013
6406 9.3956E-013
6411 9.2955E-013
6416 9.3247E-013
6421 9.3298E-013
6426 9.3628E-013
6430 9.3073E-013
6435 9.3470E-013
6440 9.3277E-013
6445 9.3527E-013
6450 9.2249E-013
6455 9.3115E-013
6460 9.2800E-013
6465 9.2433E-013
6470 9.3232E-013
6474 9.3430E-013
6479 9.3267E-013
6484 9.2550E-013
6489 9.2738E-013
6494 9.1351E-013
6499 9.1382E-013
6504 9.2588E-013
6509 9.2843E-013
6513 9.3268E-013
6518 9.2943E-013
6523 9.2467E-013
6528 9.2551E-013
6533 9.3484E-013
6538 9.3710E-013
6543 9.3021E-013
6548 9.1868E-013
6552 9.0740E-013
6557 8.6634E-013
6562 8.2592E-013
6567 8.4959E-013
6572 8.9347E-013
6577 9.1447E-013
6582 9.2109E-013
6587 9.1920E-013
6592 9.2440E-013
6596 9.1366E-013
6601 9.2454E-013
6606 9.2018E-013
6611 9.2504E-013
6616 9.2286E-013
6621 9.2791E-013
6626 9.2576E-013
6631 9.2696E-013
6635 9.1865E-013
6640 9.1495E-013
6645 9.1556E-013
6650 9.1424E-013
6655 9.1941E-013
6660 9.2010E-013
6665 9.2060E-013
6670 9.2101E-013
6675 9.1683E-013
6679 9.1348E-013
6684 9.2160E-013
6689 9.1973E-013
6694 9.2321E-013
6699 9.2127E-013
6704 9.1773E-013
6709 9.1806E-013
6714 9.1475E-013
6718 9.1694E-013
6723 9.1421E-013
6728 9.1074E-013
6733 9.1378E-013
6738 9.1769E-013
6743 9.1922E-013
6748 9.1987E-013
6753 9.1418E-013
6757 9.1391E-013
6762 9.1348E-013
6767 9.1109E-013
6772 9.0947E-013
6777 9.1047E-013
6782 9.1051E-013
6787 9.1085E-013
6792 9.0951E-013
6797 9.1059E-013
6801 9.1044E-013
6806 9.0809E-013
6811 9.0443E-013
6816 9.0847E-013
6821 9.0902E-013
6826 9.0752E-013
6831 9.1000E-013
6836 9.0682E-013
6840 9.0423E-013
6845 8.9960E-013
6850 9.0208E-013
6855 9.0010E-013
6860 8.9679E-013
6865 8.9531E-013
6870 8.9964E-013
6875 8.9960E-013
6880 9.0312E-013
6884 8.9528E-013
6889 9.0286E-013
6894 8.9804E-013
6899 8.9949E-013
6904 8.9583E-013
6909 8.9916E-013
6914 8.9706E-013
6919 8.9432E-013
6923 8.9571E-013
6928 8.9371E-013
6933 8.9553E-013
6938 8.9050E-013
6943 8.9366E-013
6948 8.8968E-013
6953 8.8769E-013
6958 8.8547E-013
6963 8.8883E-013
6967 8.9057E-013
6972 8.8505E-013
6977 8.8538E-013
6982 8.8513E-013
6987 8.9080E-013
6992 8.8604E-013
6997 8.8680E-013
7002 8.8335E-013
7006 8.8033E-013
7011 8.8004E-013
7016 8.8162E-013
7021 8.7851E-013
7026 8.7981E-013
7031 8.8045E-013
7036 8.7984E-013
7041 8.7792E-013
7046 8.8326E-013
7050 8.7456E-013
7055 8.8183E-013
7060 8.8194E-013
7065 8.7823E-013
7070 8.7884E-013
7075 8.7541E-013
7080 8.7696E-013
7085 8.7827E-013
7090 8.6992E-013
7094 8.7332E-013
7099 8.7431E-013
7104 8.7380E-013
7109 8.7291E-013
7114 8.7218E-013
7119 8.6922E-013
7124 8.7051E-013
7129 8.6813E-013
7133 8.6441E-013
7138 8.6431E-013
7143 8.6407E-013
7148 8.6383E-013
7153 8.6332E-013
7158 8.6517E-013
7163 8.6671E-013
7168 8.6738E-013
7173 8.6165E-013
7177 8.6282E-013
7182 8.6006E-013
7187 8.5782E-013
7192 8.5902E-013
7197 8.5568E-013
7202 8.5672E-013
7207 8.6071E-013
7212 8.5877E-013
7216 8.6192E-013
7221 8.6107E-013
7226 8.5791E-013
7231 8.6164E-013
7236 8.5636E-013
7241 8.5622E-013
7246 8.5422E-013
7251 8.5295E-013
7256 8.5299E-013
7260 8.5511E-013
7265 8.5194E-013
7270 8.5560E-013
7275 8.5613E-013
7280 8.5116E-013
7285 8.5242E-013
7290 8.4339E-013
7295 8.4473E-013
7299 8.4812E-013
7304 8.4684E-013
7309 8.4483E-013
7314 8.4783E-013
7319 8.4719E-013
7324 8.4663E-013
7329 8.4558E-013
7334 8.4640E-013
7339 8.4698E-013
7343 8.4949E-013
7348 8.4136E-013
7353 8.4595E-013
7358 8.3970E-013
7363 8.4764E-013
7368 8.4697E-013
7373 8.3982E-013
7378 8.4300E-013
7383 8.4063E-013
7387 8.3806E-013
7392 8.3358E-013
7397 8.3747E-013
7402 8.3744E-013
7407 8.3574E-013
7412 8.2612E-013
7417 8.2947E-013
7422 8.2996E-013
7426 8.3040E-013
7431 8.3284E-013
7436 8.3521E-013
7441 8.3207E-013
7446 8.3421E-013
7451 8.3022E-013
7456 8.3146E-013
7461 8.2568E-013
7466 8.3351E-013
7470 8.3197E-013
7475 8.3076E-013
7480 8.2921E-013
7485 8.3101E-013
7490 8.2751E-013
7495 8.2519E-013
7500 8.2514E-013
7505 8.2364E-013
7510 8.2189E-013
7514 8.2528E-013
7519 8.2543E-013
7524 8.2131E-013
7529 8.2059E-013
7534 8.2016E-013
7539 8.2356E-013
7544 8.2447E-013
7549 8.2313E-013
7553 8.1944E-013
7558 8.1860E-013
7563 8.2188E-013
7568 8.1914E-013
7573 8.2045E-013
7578 8.1697E-013
7583 8.1615E-013
7588 8.1546E-013
7593 8.1962E-013
7597 8.1867E-013
7602 8.1867E-013
7607 8.1571E-013
7612 8.1289E-013
7617 8.0736E-013
7622 8.1592E-013
7627 8.1339E-013
7632 8.1385E-013
7637 8.1349E-013
7641 8.1675E-013
7646 8.1510E-013
7651 8.1126E-013
7656 8.0654E-013
7661 8.0327E-013
7666 7.9839E-013
7671 8.0396E-013
7676 8.1244E-013
7680 8.0968E-013
7685 8.0629E-013
7690 8.0756E-013
7695 8.0283E-013
7700 8.0201E-013
7705 8.0328E-013
7710 8.0699E-013
7715 7.9936E-013
7720 8.0367E-013
7724 8.0508E-013
7729 8.0394E-013
7734 8.0739E-013
7739 8.0405E-013
7744 8.0174E-013
7749 7.9602E-013
7754 8.0131E-013
7759 7.9824E-013
7763 8.0637E-013
7768 8.0271E-013
7773 8.0103E-013
7778 7.9766E-013
7783 7.9497E-013
7788 7.9435E-013
7793 7.9548E-013
7798 7.9165E-013
7803 7.9624E-013
7807 7.9528E-013
7812 7.9614E-013
7817 7.9713E-013
7822 7.9712E-013
7827 7.9550E-013
7832 7.9788E-013
7837 7.9295E-013
7842 7.9718E-013
7847 7.9354E-013
7851 7.8624E-013
7856 7.9153E-013
7861 7.9250E-013
7866 7.9522E-013
7871 7.9389E-013
7876 7.8794E-013
7881 7.8873E-013
7886 7.8357E-013
7890 7.8506E-013
7895 7.8882E-013
7900 7.9152E-013
7905 7.8718E-013
7910 7.8264E-013
7915 7.7651E-013
7920 7.7813E-013
7925 7.7641E-013
7930 7.7834E-013
7934 7.7111E-013
7939 7.7347E-013
7944 7.7250E-013
7949 7.7050E-013
7954 7.7888E-013
7959 7.7404E-013
7964 7.7636E-013
7969 7.7147E-013
7974 7.7542E-013
7978 7.8032E-013
7983 7.8055E-013
7988 7.8119E-013
7993 7.7760E-013
7998 7.7302E-013
8003 7.7123E-013
8008 7.7000E-013
8013 7.7255E-013
8017 7.7319E-013
8022 7.7846E-013
8027 7.7215E-013
8032 7.7580E-013
8037 7.6554E-013
8042 7.6327E-013
8047 7.6237E-013
8052 7.5954E-013
8057 7.6436E-013
8061 7.6658E-013
8066 7.6664E-013
8071 7.6520E-013
8076 7.6221E-013
8081 7.5721E-013
8086 7.5730E-013
8091 7.5639E-013
8096 7.6143E-013
8101 7.5621E-013
8105 7.5609E-013
8110 7.5835E-013
8115 7.5877E-013
8120 7.5701E-013
8125 7.5920E-013
8130 7.6128E-013
8135 7.6199E-013
8140 7.5076E-013
8144 7.5102E-013
8149 7.5631E-013
8154 7.5357E-013
8159 7.5520E-013
8164 7.5596E-013
8169 7.5328E-013
8174 7.4579E-013
8179 7.5000E-013
8184 7.4703E-013
8188 7.4465E-013
8193 7.4889E-013
8198 7.4031E-013
8203 7.4255E-013
8208 7.4189E-013
8213 7.4369E-013
8218 7.3957E-013
8223 7.4227E-013
8228 7.4110E-013
8232 7.4284E-013
8237 7.4029E-013
8242 7.4175E-013
8247 7.4107E-013
8252 7.4160E-013
8257 7.4501E-013
8262 7.4101E-013
8267 7.3867E-013
8271 7.4197E-013
8276 7.3445E-013
8281 7.3836E-013
8286 7.4303E-013
8291 7.3930E-013
8296 7.3635E-013
8301 7.3869E-013
8306 7.4021E-013
8311 7.3696E-013
8315 7.3494E-013
8320 7.3444E-013
8325 7.2956E-013
8330 7.2683E-013
8335 7.2624E-013
8340 7.2775E-013
8345 7.2689E-013
8350 7.2917E-013
8355 7.3273E-013
8359 7.2759E-013
8364 7.2460E-013
8369 7.2314E-013
8374 7.2590E-013
8379 7.2697E-013
8384 7.2850E-013
8389 7.2970E-013
8394 7.2500E-013
8398 7.3025E-013
8403 7.2655E-013
8408 7.2668E-013
8413 7.2561E-013
8418 7.2361E-013
8423 7.2689E-013
8428 7.2850E-013
8433 7.2143E-013
8438 7.1885E-013
8442 7.1095E-013
8447 7.1112E-013
8452 7.1713E-013
8457 7.1603E-013
8462 7.2030E-013
8467 7.1964E-013
8472 7.1982E-013
8477 7.2275E-013
8481 7.1921E-013
8486 7.1271E-013
8491 7.0692E-013
8496 6.9326E-013
8501 6.7816E-013
8506 6.9789E-013
8511 7.0749E-013
8516 7.0320E-013
8521 7.0709E-013
8525 7.0430E-013
8530 6.9419E-013
8535 6.7642E-013
8540 6.4039E-013
8545 6.4544E-013
8550 6.6445E-013
8555 6.9225E-013
8560 7.0175E-013
8565 7.0621E-013
8569 7.1493E-013
8574 7.1377E-013
8579 7.1821E-013
8584 7.0754E-013
8589 7.1223E-013
8594 7.0799E-013
8599 7.0489E-013
8604 7.0631E-013
8608 7.0273E-013
8613 6.9953E-013
8618 6.9992E-013
8623 7.0458E-013
8628 7.0161E-013
8633 6.9898E-013
8638 6.9601E-013
8643 6.9535E-013
8648 6.9001E-013
8652 6.8776E-013
8657 6.6812E-013
8662 6.3197E-013
8667 6.4480E-013
8672 6.7517E-013
8677 6.8047E-013
8682 6.8825E-013
8687 6.8993E-013
8691 6.9283E-013
8696 6.9661E-013
8701 6.9631E-013
8706 7.0066E-013
8711 7.0089E-013
8716 6.9392E-013
8721 6.9346E-013
8726 6.9438E-013
8731 6.8980E-013
8735 6.8870E-013
8740 6.9144E-013
8745 6.8714E-013
8750 6.8505E-013
8755 6.8782E-013
8760 6.8822E-013
8765 6.9585E-013
8770 6.9626E-013
8774 6.9123E-013
8779 6.9393E-013
8784 6.9353E-013
8789 6.8591E-013
8794 6.8149E-013
8799 6.8435E-013
8804 6.7947E-013
8809 6.7604E-013
8814 6.8167E-013
8818 6.8364E-013
8823 6.7992E-013
8828 6.7940E-013
8833 6.8399E-013
8838 6.8302E-013
8843 6.8377E-013
8848 6.8741E-013
8853 6.8356E-013
8857 6.8073E-013
8862 6.7430E-013
8867 6.7417E-013
8872 6.7691E-013
8877 6.7998E-013
8882 6.8521E-013
8887 6.8577E-013
8892 6.8235E-013
8897 6.7579E-013
8901 6.7262E-013
8906 6.7282E-013
8911 6.7201E-013
8916 6.7456E-013
8921 6.7970E-013
8926 6.7933E-013
8931 6.7546E-013
8936 6.7350E-013
8940 6.6974E-013
8945 6.6435E-013
8950 6.7287E-013
8955 6.7202E-013
8960 6.7942E-013
8965 6.7426E-013
8970 6.7273E-013
8975 6.6976E-013
8980 6.7113E-013
8984 6.6960E-013
8989 6.6711E-013
8994 6.7238E-013
8999 6.6164E-013
9004 6.6328E-013
9009 6.5784E-013
9014 6.5488E-013
9019 6.6129E-013
9023 6.6691E-013
9028 6.7085E-013
9033 6.6670E-013
9038 6.7085E-013
9043 6.6465E-013
9048 6.6123E-013
9053 6.6395E-013
9058 6.5606E-013
9063 6.5478E-013
9067 6.5955E-013
9072 6.5812E-013
9077 6.6052E-013
9082 6.6425E-013
9087 6.5475E-013
9092 6.5110E-013
9097 6.4894E-013
9102 6.5632E-013
9106 6.5611E-013
9111 6.5390E-013
9116 6.5354E-013
9121 6.5672E-013
9126 6.5201E-013
9131 6.5468E-013
9136 6.5232E-013
9141 6.5160E-013
9145 6.5206E-013
9150 6.5518E-013
9155 6.5258E-013
9160 6.5526E-013
9165 6.5556E-013
9170 6.4805E-013
9175 6.4301E-013
9180 6.4295E-013
9185 6.4172E-013
9189 6.4824E-013
9194 6.5061E-013
9199 6.5389E-013
9204 6.4452E-013
9209 6.4005E-013
9214 6.3514E-013
9219 6.3087E-013
9224 6.3584E-013
9228 6.3489E-013
9233 6.3535E-013
9238 6.3629E-013
9243 6.3097E-013
9248 6.2971E-013
9253 6.3135E-013
9258 6.2865E-013
9263 6.3563E-013
9267 6.3458E-013
9272 6.3331E-013
9277 6.3653E-013
9282 6.3406E-013
9287 6.3738E-013
9292 6.4645E-013
9297 6.4084E-013
9302 6.3716E-013
9307 6.3648E-013
9311 6.3385E-013
9316 6.2778E-013
9321 6.2653E-013
9326 6.2986E-013
9331 6.3235E-013
9336 6.3205E-013
9341 6.3175E-013
9346 6.2587E-013
9350 6.2852E-013
9355 6.2816E-013
9360 6.3167E-013
9365 6.2698E-013
9370 6.2673E-013
9375 6.2744E-013
9380 6.2105E-013
9385 6.2046E-013
9389 6.1935E-013
9394 6.2123E-013
9399 6.2110E-013
9404 6.2202E-013
9409 6.1618E-013
9414 6.1474E-013
9419 6.1312E-013
9424 6.1174E-013
9428 6.1724E-013
9433 6.1682E-013
9438 6.1963E-013
9443 6.2244E-013
9448 6.2237E-013
9453 6.2129E-013
9458 6.1355E-013
9463 6.1909E-013
9468 6.1996E-013
9472 6.1993E-013
9477 6.1921E-013
9482 6.2121E-013
9487 6.1265E-013
9492 6.1213E-013
9497 6.0929E-013
9502 6.1264E-013
9507 6.1161E-013
9511 6.1466E-013
9516 6.1120E-013
9521 6.1506E-013
9526 6.0649E-013
9531 6.1189E-013
9536 6.1146E-013
9541 6.1122E-013
9546 6.0422E-013
9550 6.0510E-013
9555 6.0159E-013
9560 5.9802E-013
9565 6.0725E-013
9570 6.0531E-013
9575 6.0784E-013
9580 6.0610E-013
9585 5.9981E-013
9589 6.0371E-013
9594 6.0042E-013
9599 6.0324E-013
9604 6.0611E-013
9609 6.0161E-013
9614 6.0027E-013
9619 6.1052E-013
9624 6.0314E-013
9628 6.0089E-013
9633 6.0051E-013
9638 5.9537E-013
9643 5.9602E-013
9648 5.9076E-013
9653 5.9354E-013
9658 5.9296E-013
9663 5.9206E-013
9667 5.9538E-013
9672 5.9631E-013
9677 5.9754E-013
9682 5.9573E-013
9687 5.9706E-013
9692 5.9602E-013
9697 5.9881E-013
9702 5.9645E-013
9707 5.9458E-013
9711 5.8950E-013
9716 5.8847E-013
9721 5.8539E-013
9726 5.8350E-013
9731 5.8922E-013
9736 5.9185E-013
9741 5.8733E-013
9746 5.8904E-013
9750 5.8936E-013
9755 5.9566E-013
9760 5.9122E-013
9765 5.8495E-013
9770 5.8978E-013
9775 5.8728E-013
9780 5.9144E-013
9785 5.9048E-013
9789 5.9220E-013
9794 5.8673E-013
9799 5.8203E-013
9804 5.8300E-013
9809 5.8656E-013
9814 5.8533E-013
9819 5.7739E-013
9824 5.7629E-013
9828 5.7630E-013
9833 5.7932E-013
9838 5.7882E-013
9843 5.7636E-013
9848 5.7389E-013
9853 5.8360E-013
9858 5.8211E-013
9863 5.8352E-013
9867 5.8482E-013
9872 5.7549E-013
9877 5.7504E-013
9882 5.8735E-013
9887 5.7603E-013
9892 5.7348E-013
9897 5.8013E-013
9902 5.7797E-013
9906 5.7372E-013
9911 5.7059E-013
9916 5.7052E-013
9921 5.6383E-013
9926 5.8046E-013
9931 5.7701E-013
9936 5.7728E-013
9941 5.7024E-013
9945 5.7567E-013
9950 5.7535E-013
9955 5.7062E-013
9960 5.7319E-013
9965 5.7745E-013
9970 5.7343E-013
9975 5.6829E-013
9980 5.6892E-013
9984 5.7402E-013
9989 5.7053E-013
9994 5.6973E-013
9999 5.7283E-013
1E+004 5.7483E-013
1.001E+004 5.7197E-013
1.001E+004 5.6858E-013
1.002E+004 5.7270E-013
1.002E+004 5.6940E-013
1.003E+004 5.6128E-013
1.003E+004 5.5877E-013
1.004E+004 5.5773E-013
1.004E+004 5.5509E-013
1.005E+004 5.5460E-013
1.005E+004 5.5227E-013
1.006E+004 5.5987E-013
1.006E+004 5.5519E-013
1.007E+004 5.5452E-013
1.007E+004 5.6414E-013
1.008E+004 5.6159E-013
1.008E+004 5.5702E-013
1.009E+004 5.6204E-013
1.009E+004 5.5919E-013
1.01E+004 5.5873E-013
1.01E+004 5.5468E-013
1.011E+004 5.5529E-013
1.011E+004 5.5975E-013
1.012E+004 5.6027E-013
1.013E+004 5.5377E-013
1.018E+004 5.4751E-013
1.023E+004 5.4372E-013
1.028E+004 5.4027E-013
1.033E+004 5.3373E-013
1.038E+004 5.3049E-013
1.043E+004 5.2615E-013
1.048E+004 5.2225E-013
1.053E+004 5.1841E-013
1.058E+004 5.1342E-013
1.063E+004 5.0854E-013
1.068E+004 5.0223E-013
1.073E+004 4.9844E-013
1.078E+004 4.9577E-013
1.083E+004 4.8956E-013
1.088E+004 4.8667E-013
1.093E+004 4.8074E-013
1.098E+004 4.7875E-013
1.103E+004 4.7669E-013
1.108E+004 4.7300E-013
1.113E+004 4.6923E-013
1.118E+004 4.6527E-013
1.123E+004 4.6150E-013
1.128E+004 4.5678E-013
1.133E+004 4.5396E-013
1.138E+004 4.5056E-013
1.143E+004 4.4554E-013
1.148E+004 4.4526E-013
1.153E+004 4.4148E-013
1.158E+004 4.3808E-013
1.163E+004 4.3102E-013
1.168E+004 4.3022E-013
1.173E+004 4.2763E-013
1.178E+004 4.2317E-013
1.183E+004 4.1957E-013
1.188E+004 4.1561E-013
1.193E+004 4.1497E-013
1.198E+004 4.0843E-013
1.203E+004 4.0739E-013
1.208E+004 4.0358E-013
1.213E+004 4.0318E-013
1.218E+004 4.0100E-013
1.223E+004 3.9768E-013
1.228E+004 3.9466E-013
1.233E+004 3.9175E-013
1.238E+004 3.8965E-013
1.243E+004 3.8566E-013
1.248E+004 3.8365E-013
1.253E+004 3.8071E-013
1.258E+004 3.7794E-013
1.263E+004 3.7484E-013
1.268E+004 3.7236E-013
1.273E+004 3.7056E-013
1.278E+004 3.6839E-013
1.283E+004 3.5775E-013
1.288E+004 3.6224E-013
1.293E+004 3.6010E-013
1.298E+004 3.5752E-013
1.303E+004 3.5463E-013
1.308E+004 3.5278E-013
1.313E+004 3.4881E-013
1.318E+004 3.4763E-013
1.323E+004 3.4573E-013
1.328E+004 3.4291E-013
1.333E+004 3.4038E-013
1.338E+004 3.3878E-013
1.343E+004 3.3633E-013
1.348E+004 3.3445E-013
1.353E+004 3.3172E-013
1.358E+004 3.2944E-013
1.363E+004 3.2761E-013
1.368E+004 3.2509E-013
1.373E+004 3.2386E-013
1.378E+004 3.2105E-013
1.383E+004 3.1946E-013
1.388E+004 3.1756E-013
1.393E+004 3.1604E-013
1.398E+004 3.1435E-013
1.403E+004 3.1071E-013
1.408E+004 3.1013E-013
1.413E+004 3.0730E-013
1.418E+004 3.0571E-013
1.423E+004 3.0288E-013
1.428E+004 3.0153E-013
1.433E+004 2.9959E-013
1.438E+004 2.9760E-013
1.443E+004 2.9602E-013
1.448E+004 2.9410E-013
1.453E+004 2.9231E-013
1.457E+004 2.9078E-013
1.462E+004 2.8949E-013
1.468E+004 2.8807E-013
1.473E+004 2.8538E-013
1.478E+004 2.8418E-013
1.483E+004 2.8290E-013
1.488E+004 2.7899E-013
1.493E+004 2.8028E-013
1.498E+004 2.7833E-013
1.503E+004 2.7356E-013
1.508E+004 2.7305E-013
1.513E+004 2.7360E-013
1.518E+004 2.7155E-013
1.523E+004 2.7080E-013
1.528E+004 2.6821E-013
1.533E+004 2.6642E-013
1.538E+004 2.6630E-013
1.543E+004 2.6300E-013
1.548E+004 2.6306E-013
1.553E+004 2.6180E-013
1.558E+004 2.5687E-013
1.563E+004 2.5849E-013
1.568E+004 2.5625E-013
1.573E+004 2.5063E-013
1.578E+004 2.5161E-013
1.583E+004 2.5214E-013
1.588E+004 2.4188E-013
1.593E+004 2.4763E-013
1.598E+004 2.4805E-013
1.605E+004 2.4504E-013
1.615E+004 2.3718E-013
1.625E+004 2.3971E-013
1.635E+004 2.3409E-013
1.645E+004 2.2575E-013
1.655E+004 2.2644E-013
1.665E+004 2.2201E-013
1.675E+004 2.1643E-013
1.685E+004 2.0893E-013
1.695E+004 2.0922E-013
1.705E+004 2.0470E-013
1.715E+004 2.0086E-013
1.725E+004 1.9676E-013
1.735E+004 1.8876E-013
1.745E+004 1.8919E-013
1.755E+004 1.8582E-013
1.765E+004 1.8224E-013
1.775E+004 1.7900E-013
1.785E+004 1.7544E-013
1.795E+004 1.7212E-013
1.805E+004 1.6910E-013
1.815E+004 1.6279E-013
1.825E+004 1.6250E-013
1.835E+004 1.5969E-013
1.845E+004 1.5633E-013
1.855E+004 1.5388E-013
1.865E+004 1.5062E-013
1.875E+004 1.4390E-013
1.885E+004 1.4521E-013
1.895E+004 1.4201E-013
1.905E+004 1.4033E-013
1.915E+004 1.3800E-013
1.925E+004 1.3510E-013
1.935E+004 1.3276E-013
1.945E+004 1.2754E-013
1.955E+004 1.2815E-013
1.965E+004 1.2578E-013
1.975E+004 1.2343E-013
1.985E+004 1.2141E-013
1.995E+004 1.1956E-013
2.005E+004 1.1768E-013
2.015E+004 1.1570E-013
2.025E+004 1.1340E-013
2.035E+004 1.1161E-013
2.045E+004 1.0985E-013
2.055E+004 1.0791E-013
2.065E+004 1.0589E-013
2.075E+004 1.0442E-013
2.085E+004 1.0259E-013
2.095E+004 1.0063E-013
2.105E+004 9.9315E-014
2.115E+004 9.7511E-014
2.125E+004 9.5849E-014
2.135E+004 9.4493E-014
2.145E+004 9.2916E-014
2.155E+004 9.1536E-014
2.165E+004 8.8178E-014
2.175E+004 8.8444E-014
2.185E+004 8.6818E-014
2.195E+004 8.5671E-014
2.205E+004 8.4026E-014
2.215E+004 8.2874E-014
2.225E+004 8.1513E-014
2.235E+004 8.0297E-014
2.245E+004 7.8917E-014
2.255E+004 7.7748E-014
2.265E+004 7.6499E-014
2.275E+004 7.5354E-014
2.285E+004 7.4104E-014
2.295E+004 7.2508E-014
2.305E+004 7.1706E-014
2.315E+004 7.0617E-014
2.325E+004 6.8784E-014
2.335E+004 6.8187E-014
2.345E+004 6.7447E-014
2.355E+004 6.5590E-014
2.365E+004 6.5129E-014
2.375E+004 6.4306E-014
2.385E+004 6.2646E-014
2.395E+004 6.2174E-014
2.405E+004 6.1503E-014
2.415E+004 6.0003E-014
2.425E+004 5.9480E-014
2.435E+004 5.8614E-014
2.445E+004 5.7554E-014
2.455E+004 5.6710E-014
2.465E+004 5.6077E-014
2.475E+004 5.5220E-014
2.485E+004 5.4189E-014
2.495E+004 5.3618E-014
2.505E+004 5.3105E-014
2.515E+004 5.2125E-014
2.525E+004 5.1365E-014
2.535E+004 5.0844E-014
2.545E+004 4.9991E-014
2.555E+004 4.9303E-014
2.565E+004 4.8381E-014
2.575E+004 4.8141E-014
2.585E+004 4.7150E-014
2.595E+004 4.6747E-014
2.605E+004 4.6173E-014
2.615E+004 4.5151E-014
2.625E+004 4.3813E-014
2.635E+004 4.4279E-014
2.645E+004 4.3548E-014
2.655E+004 4.2991E-014
2.665E+004 4.2173E-014
2.675E+004 4.1515E-014
2.685E+004 4.1428E-014
2.695E+004 4.0820E-014
2.705E+004 4.0288E-014
2.715E+004 3.9773E-014
2.725E+004 3.9224E-014
2.735E+004 3.8745E-014
2.745E+004 3.8227E-014
2.755E+004 3.7301E-014
2.765E+004 3.7153E-014
2.775E+004 3.6692E-014
2.785E+004 3.6245E-014
2.795E+004 3.5817E-014
2.805E+004 3.5311E-014
2.815E+004 3.4883E-014
2.825E+004 3.4420E-014
2.835E+004 3.3971E-014
2.845E+004 3.3548E-014
2.855E+004 3.3090E-014
2.865E+004 3.2664E-014
2.875E+004 3.1922E-014
2.885E+004 3.1874E-014
2.895E+004 3.1462E-014
2.905E+004 3.1063E-014
2.915E+004 3.0689E-014
2.925E+004 3.0259E-014
2.935E+004 2.9911E-014
2.945E+004 2.9499E-014
2.955E+004 2.9173E-014
2.965E+004 2.8826E-014
2.975E+004 2.8476E-014
2.985E+004 2.8100E-014
2.995E+004 2.7720E-014
3.005E+004 2.7434E-014
3.015E+004 2.7079E-014
3.025E+004 2.6757E-014
3.035E+004 2.6178E-014
3.045E+004 2.6011E-014
3.055E+004 2.5779E-014
3.065E+004 2.5452E-014
3.075E+004 2.5167E-014
3.085E+004 2.4856E-014
3.095E+004 2.4555E-014
3.105E+004 2.4289E-014
3.115E+004 2.3881E-014
3.125E+004 2.3705E-014
3.135E+004 2.3433E-014
3.145E+004 2.3140E-014
3.155E+004 2.2830E-014
3.165E+004 2.2566E-014
3.175E+004 2.2346E-014
3.185E+004 2.2087E-014
3.195E+004 2.1760E-014
3.21E+004 2.1429E-014
3.23E+004 2.0950E-014
3.25E+004 2.0459E-014
3.27E+004 2.0005E-014
3.29E+004 1.9428E-014
3.31E+004 1.9063E-014
3.33E+004 1.8662E-014
3.35E+004 1.8272E-014
3.37E+004 1.7852E-014
3.39E+004 1.7434E-014
3.41E+004 1.7052E-014
3.43E+004 1.6713E-014
3.45E+004 1.6367E-014
3.47E+004 1.6005E-014
3.49E+004 1.5667E-014
3.51E+004 1.5347E-014
3.53E+004 1.5001E-014
3.55E+004 1.4679E-014
3.57E+004 1.4374E-014
3.59E+004 1.4075E-014
3.61E+004 1.3799E-014
3.63E+004 1.3515E-014
3.65E+004 1.3194E-014
3.67E+004 1.2939E-014
3.69E+004 1.2608E-014
3.71E+004 1.2326E-014
3.73E+004 1.2137E-014
3.75E+004 1.1784E-014
3.77E+004 1.1655E-014
3.79E+004 1.1431E-014
3.81E+004 1.1206E-014
3.83E+004 1.1013E-014
3.85E+004 1.0814E-014
3.87E+004 1.0581E-014
3.89E+004 1.0375E-014
3.91E+004 1.0175E-014
3.93E+004 9.9956E-015
3.95E+004 9.7849E-015
3.97E+004 9.6009E-015
3.99E+004 9.3862E-015
4.01E+004 9.2215E-015
4.03E+004 9.0593E-015
4.05E+004 8.8144E-015
4.07E+004 8.7280E-015
4.09E+004 8.5735E-015
4.11E+004 8.4252E-015
4.13E+004 8.2756E-015
4.15E+004 8.1136E-015
4.17E+004 7.9518E-015
4.19E+004 7.8155E-015
4.21E+004 7.6538E-015
4.23E+004 7.5255E-015
4.25E+004 7.3893E-015
4.27E+004 7.2595E-015
4.29E+004 7.0953E-015
4.31E+004 6.9367E-015
4.33E+004 6.8304E-015
4.35E+004 6.6697E-015
4.37E+004 6.5268E-015
4.39E+004 6.4336E-015
4.41E+004 6.2834E-015
4.43E+004 6.1856E-015
4.45E+004 6.0800E-015
4.47E+004 5.9442E-015
4.49E+004 5.8647E-015
4.51E+004 5.7588E-015
4.53E+004 5.6444E-015
4.55E+004 5.5638E-015
4.57E+004 5.4816E-015
4.59E+004 5.3673E-015
4.61E+004 5.2956E-015
4.63E+004 5.2043E-015
4.65E+004 5.1212E-015
4.67E+004 5.0459E-015
4.69E+004 4.9715E-015
4.71E+004 4.8976E-015
4.73E+004 4.8319E-015
4.75E+004 4.7467E-015
4.77E+004 4.6738E-015
4.79E+004 4.6062E-015
4.81E+004 4.5226E-015
4.83E+004 4.4648E-015
4.85E+004 4.3938E-015
4.87E+004 4.3228E-015
4.89E+004 4.2565E-015
4.91E+004 4.1949E-015
4.93E+004 4.1273E-015
4.95E+004 4.0654E-015
4.97E+004 4.0013E-015
4.99E+004 3.9478E-015
5.01E+004 3.8797E-015
5.03E+004 3.8293E-015
5.05E+004 3.7619E-015
5.07E+004 3.7100E-015
5.09E+004 3.6610E-015
5.11E+004 3.6019E-015
5.13E+004 3.5443E-015
5.15E+004 3.4970E-015
5.17E+004 3.4537E-015
5.19E+004 3.3956E-015
5.21E+004 3.3464E-015
5.23E+004 3.2981E-015
5.25E+004 3.2539E-015
5.27E+004 3.2091E-015
5.29E+004 3.1565E-015
5.31E+004 3.1170E-015
5.33E+004 3.0700E-015
5.35E+004 3.0297E-015
5.37E+004 2.9869E-015
5.39E+004 2.9458E-015
5.41E+004 2.9048E-015
5.43E+004 2.8601E-015
5.45E+004 2.8251E-015
5.47E+004 2.7852E-015
5.49E+004 2.7451E-015
5.51E+004 2.7103E-015
5.53E+004 2.6747E-015
5.55E+004 2.6340E-015
5.57E+004 2.6035E-015
5.59E+004 2.5649E-015
5.61E+004 2.5307E-015
5.63E+004 2.4964E-015
5.65E+004 2.4656E-015
5.67E+004 2.4329E-015
5.69E+004 2.3979E-015
5.71E+004 2.3668E-015
5.73E+004 2.3368E-015
5.75E+004 2.3056E-015
5.77E+004 2.2755E-015
5.79E+004 2.2464E-015
5.81E+004 2.2163E-015
5.83E+004 2.1875E-015
5.85E+004 2.1601E-015
5.87E+004 2.1311E-015
5.89E+004 2.1036E-015
5.91E+004 2.0727E-015
5.93E+004 2.0501E-015
5.95E+004 2.0213E-015
5.97E+004 1.9984E-015
5.99E+004 1.9729E-015
6.01E+004 1.9479E-015
6.03E+004 1.9231E-015
6.05E+004 1.8985E-015
6.07E+004 1.8745E-015
6.09E+004 1.8510E-015
6.11E+004 1.8272E-015
6.13E+004 1.8051E-015
6.15E+004 1.7827E-015
6.17E+004 1.7606E-015
6.19E+004 1.7389E-015
6.21E+004 1.7173E-015
6.23E+004 1.6957E-015
6.25E+004 1.6749E-015
6.27E+004 1.6545E-015
6.29E+004 1.6324E-015
6.31E+004 1.6142E-015
6.33E+004 1.5950E-015
6.35E+004 1.5754E-015
6.37E+004 1.5566E-015
6.39E+004 1.5375E-015
6.42E+004 1.5101E-015
6.46E+004 1.4741E-015
6.5E+004 1.4392E-015
6.54E+004 1.4055E-015
6.58E+004 1.3727E-015
6.62E+004 1.3408E-015
6.66E+004 1.3098E-015
6.7E+004 1.2797E-015
6.74E+004 1.2504E-015
6.78E+004 1.2213E-015
6.82E+004 1.1944E-015
6.86E+004 1.1676E-015
6.9E+004 1.1415E-015
6.94E+004 1.1161E-015
6.98E+004 1.0915E-015
7.02E+004 1.0656E-015
7.06E+004 1.0439E-015
7.1E+004 1.0215E-015
7.14E+004 9.9948E-016
7.18E+004 9.7785E-016
7.22E+004 9.5653E-016
7.26E+004 9.3612E-016
7.3E+004 9.1707E-016
7.34E+004 8.9663E-016
7.38E+004 8.7886E-016
7.42E+004 8.5959E-016
7.46E+004 8.3703E-016
7.5E+004 8.2197E-016
7.54E+004 8.0770E-016
7.58E+004 7.9161E-016
7.62E+004 7.7554E-016
7.66E+004 7.6009E-016
7.7E+004 7.4398E-016
7.74E+004 7.2980E-016
7.78E+004 7.1532E-016
7.82E+004 7.0121E-016
7.86E+004 6.8744E-016
7.9E+004 6.7386E-016
7.94E+004 6.6055E-016
7.98E+004 6.4782E-016
8.02E+004 6.3457E-016
8.06E+004 6.2188E-016
8.1E+004 6.1061E-016
8.14E+004 5.9772E-016
8.18E+004 5.8653E-016
8.22E+004 5.7605E-016
8.26E+004 5.6493E-016
8.3E+004 5.5435E-016
8.34E+004 5.4311E-016
8.38E+004 5.3332E-016
8.42E+004 5.2356E-016
8.46E+004 5.1380E-016
8.5E+004 5.0425E-016
8.54E+004 4.9488E-016
8.58E+004 4.8565E-016
8.62E+004 4.7668E-016
8.66E+004 4.6788E-016
8.7E+004 4.5957E-016
8.74E+004 4.5081E-016
8.78E+004 4.4252E-016
8.82E+004 4.3440E-016
8.86E+004 4.2617E-016
8.9E+004 4.1897E-016
8.94E+004 4.1164E-016
8.98E+004 4.0387E-016
9.02E+004 3.9716E-016
9.06E+004 3.9031E-016
9.1E+004 3.8280E-016
9.14E+004 3.7634E-016
9.18E+004 3.6998E-016
9.22E+004 3.6371E-016
9.26E+004 3.5728E-016
9.3E+004 3.5112E-016
9.34E+004 3.4500E-016
9.38E+004 3.3899E-016
9.42E+004 3.3340E-016
9.46E+004 3.2780E-016
9.5E+004 3.2217E-016
9.54E+004 3.1685E-016
9.58E+004 3.1178E-016
9.62E+004 3.0637E-016
9.66E+004 3.0158E-016
9.7E+004 2.9665E-016
9.74E+004 2.9122E-016
9.78E+004 2.8689E-016
9.82E+004 2.8252E-016
9.86E+004 2.7818E-016
9.9E+004 2.7387E-016
9.94E+004 2.6948E-016
9.98E+004 2.6525E-016
1.002E+005 2.6166E-016
1.005E+005 2.5786E-016
1.01E+005 2.5340E-016
1.015E+005 2.4868E-016
1.02E+005 2.4399E-016
1.025E+005 2.3940E-016
1.03E+005 2.3494E-016
1.035E+005 2.3063E-016
1.04E+005 2.2640E-016
1.045E+005 2.2224E-016
1.05E+005 2.1797E-016
1.055E+005 2.1418E-016
1.06E+005 2.1029E-016
1.065E+005 2.0647E-016
1.07E+005 2.0276E-016
1.075E+005 1.9918E-016
1.08E+005 1.9556E-016
1.085E+005 1.9208E-016
1.09E+005 1.8866E-016
1.095E+005 1.8541E-016
1.1E+005 1.8213E-016
1.105E+005 1.7895E-016
1.11E+005 1.7585E-016
1.115E+005 1.7285E-016
1.12E+005 1.6982E-016
1.125E+005 1.6697E-016
1.13E+005 1.6384E-016
1.135E+005 1.6130E-016
1.14E+005 1.5859E-016
1.145E+005 1.5591E-016
1.15E+005 1.5335E-016
1.155E+005 1.5070E-016
1.16E+005 1.4825E-016
1.165E+005 1.4580E-016
1.17E+005 1.4342E-016
1.175E+005 1.4103E-016
1.18E+005 1.3873E-016
1.185E+005 1.3646E-016
1.19E+005 1.3421E-016
1.195E+005 1.3205E-016
1.2E+005 1.2990E-016
1.205E+005 1.2784E-016
1.21E+005 1.2580E-016
1.215E+005 1.2380E-016
1.22E+005 1.2182E-016
1.225E+005 1.1990E-016
1.23E+005 1.1798E-016
1.235E+005 1.1608E-016
1.24E+005 1.1426E-016
1.245E+005 1.1250E-016
1.25E+005 1.1079E-016
1.255E+005 1.0909E-016
1.26E+005 1.0739E-016
1.265E+005 1.0573E-016
1.27E+005 1.0412E-016
1.275E+005 1.0253E-016
1.28E+005 1.0092E-016
1.285E+005 9.9427E-017
1.29E+005 9.7903E-017
1.295E+005 9.6437E-017
1.3E+005 9.5001E-017
1.305E+005 9.3569E-017
1.31E+005 9.2177E-017
1.315E+005 9.0801E-017
1.32E+005 8.9453E-017
1.325E+005 8.8127E-017
1.33E+005 8.6828E-017
1.335E+005 8.5547E-017
1.34E+005 8.4299E-017
1.345E+005 8.3078E-017
1.35E+005 8.1871E-017
1.355E+005 8.0672E-017
1.36E+005 7.9519E-017
1.365E+005 7.8372E-017
1.37E+005 7.7241E-017
1.375E+005 7.6148E-017
1.38E+005 7.5067E-017
1.385E+005 7.3996E-017
1.39E+005 7.2953E-017
1.395E+005 7.1920E-017
1.4E+005 7.0913E-017
1.405E+005 6.9906E-017
1.41E+005 6.8938E-017
1.415E+005 6.7977E-017
1.42E+005 6.7020E-017
1.425E+005 6.6110E-017
1.43E+005 6.5201E-017
1.435E+005 6.4311E-017
1.44E+005 6.3429E-017
1.445E+005 6.2566E-017
1.45E+005 6.1723E-017
1.455E+005 6.0877E-017
1.46E+005 6.0060E-017
1.465E+005 5.9247E-017
1.47E+005 5.8457E-017
1.475E+005 5.7664E-017
1.48E+005 5.6901E-017
1.485E+005 5.6149E-017
1.49E+005 5.5406E-017
1.495E+005 5.4665E-017
1.5E+005 5.3946E-017
1.505E+005 5.3257E-017
1.51E+005 5.2556E-017
1.515E+005 5.1876E-017
1.52E+005 5.1204E-017
1.525E+005 5.0537E-017
1.53E+005 4.9888E-017
1.535E+005 4.9245E-017
1.54E+005 4.8616E-017
1.545E+005 4.7992E-017
1.55E+005 4.7384E-017
1.555E+005 4.6780E-017
1.56E+005 4.6188E-017
1.565E+005 4.5604E-017
1.57E+005 4.5034E-017
1.575E+005 4.4466E-017
1.58E+005 4.3910E-017
1.585E+005 4.3365E-017
1.59E+005 4.2830E-017
1.595E+005 4.2296E-017
1.6E+005 4.1772E-017
1.605E+005 4.1250E-017
1.61E+005 4.0752E-017
1.615E+005 4.0250E-017
1.62E+005 3.9711E-017
1.625E+005 3.9274E-017
1.63E+005 3.8805E-017
1.635E+005 3.8335E-017
1.64E+005 3.7870E-017
1.645E+005 3.7412E-017
1.65E+005 3.6964E-017
1.655E+005 3.6528E-017
1.66E+005 3.6091E-017
1.665E+005 3.5662E-017
1.67E+005 3.5240E-017
1.675E+005 3.4824E-017
1.68E+005 3.4410E-017
1.685E+005 3.4000E-017
1.69E+005 3.3592E-017
1.695E+005 3.3218E-017
1.7E+005 3.2832E-017
1.705E+005 3.2453E-017
1.71E+005 3.2075E-017
1.715E+005 3.1703E-017
1.72E+005 3.1337E-017
1.725E+005 3.0977E-017
1.73E+005 3.0621E-017
1.735E+005 3.0277E-017
1.74E+005 2.9932E-017
1.745E+005 2.9592E-017
1.75E+005 2.9258E-017
1.755E+005 2.8926E-017
1.76E+005 2.8600E-017
1.765E+005 2.8275E-017
1.77E+005 2.7960E-017
1.775E+005 2.7649E-017
1.78E+005 2.7344E-017
1.785E+005 2.7041E-017
1.79E+005 2.6742E-017
1.795E+005 2.6447E-017
1.8E+005 2.6156E-017
1.805E+005 2.5869E-017
1.81E+005 2.5587E-017
1.815E+005 2.5308E-017
1.82E+005 2.5032E-017
1.825E+005 2.4758E-017
1.83E+005 2.4479E-017
1.835E+005 2.4227E-017
1.84E+005 2.3968E-017
1.845E+005 2.3712E-017
1.85E+005 2.3458E-017
1.855E+005 2.3209E-017
1.86E+005 2.2958E-017
1.865E+005 2.2717E-017
1.87E+005 2.2478E-017
1.875E+005 2.2236E-017
1.88E+005 2.2008E-017
1.885E+005 2.1777E-017
1.89E+005 2.1550E-017
1.895E+005 2.1325E-017
1.9E+005 2.1100E-017
1.905E+005 2.0791E-017
1.91E+005 2.0662E-017
1.915E+005 2.0457E-017
1.92E+005 2.0247E-017
1.925E+005 2.0040E-017
1.93E+005 1.9835E-017
1.935E+005 1.9633E-017
1.94E+005 1.9433E-017
1.945E+005 1.9236E-017
1.95E+005 1.9042E-017
1.955E+005 1.8851E-017
1.96E+005 1.8660E-017
1.965E+005 1.8475E-017
1.97E+005 1.8289E-017
1.975E+005 1.8107E-017
1.98E+005 1.7927E-017
1.985E+005 1.7750E-017
1.99E+005 1.7574E-017
1.995E+005 1.7401E-017
2E+005 1.7187E-017
2.01E+005 1.6893E-017
2.02E+005 1.6566E-017
2.03E+005 1.6246E-017
2.04E+005 1.5935E-017
2.05E+005 1.5630E-017
2.06E+005 1.5333E-017
2.07E+005 1.5044E-017
2.08E+005 1.4760E-017
2.09E+005 1.4483E-017
2.1E+005 1.4213E-017
2.11E+005 1.3950E-017
2.12E+005 1.3692E-017
2.13E+005 1.3441E-017
2.14E+005 1.3195E-017
2.15E+005 1.2955E-017
2.16E+005 1.2720E-017
2.17E+005 1.2490E-017
2.18E+005 1.2265E-017
2.19E+005 1.2045E-017
2.2E+005 1.1832E-017
2.21E+005 1.1622E-017
2.22E+005 1.1417E-017
2.23E+005 1.1208E-017
2.24E+005 1.1018E-017
2.25E+005 1.0828E-017
2.26E+005 1.0640E-017
2.27E+005 1.0456E-017
2.28E+005 1.0276E-017
2.29E+005 1.0100E-017
2.3E+005 9.9278E-018
2.31E+005 9.7593E-018
2.32E+005 9.5945E-018
2.33E+005 9.4330E-018
2.34E+005 9.2745E-018
2.35E+005 9.1204E-018
2.36E+005 8.9687E-018
2.37E+005 8.8197E-018
2.38E+005 8.6742E-018
2.39E+005 8.5305E-018
2.4E+005 8.3926E-018
2.41E+005 8.2560E-018
2.42E+005 8.1215E-018
2.43E+005 7.9904E-018
2.44E+005 7.8617E-018
2.45E+005 7.7356E-018
2.46E+005 7.6130E-018
2.47E+005 7.4920E-018
2.48E+005 7.3723E-018
2.49E+005 7.2557E-018
2.5E+005 7.1419E-018
2.51E+005 7.0305E-018
2.52E+005 6.9205E-018
2.53E+005 6.8134E-018
2.54E+005 6.7077E-018
2.55E+005 6.6044E-018
2.56E+005 6.5029E-018
2.57E+005 6.4032E-018
2.58E+005 6.3057E-018
2.59E+005 6.2096E-018
2.6E+005 6.1163E-018
2.61E+005 6.0244E-018
2.62E+005 5.9330E-018
2.63E+005 5.8448E-018
2.64E+005 5.7580E-018
2.65E+005 5.6721E-018
2.66E+005 5.5884E-018
2.67E+005 5.5058E-018
2.68E+005 5.4251E-018
2.69E+005 5.3458E-018
2.7E+005 5.2682E-018
2.71E+005 5.1910E-018
2.72E+005 5.1160E-018
2.73E+005 5.0420E-018
2.74E+005 4.9695E-018
2.75E+005 4.8981E-018
2.76E+005 4.8283E-018
2.77E+005 4.7596E-018
2.78E+005 4.6824E-018
2.79E+005 4.6263E-018
2.8E+005 4.5619E-018
2.81E+005 4.4977E-018
2.82E+005 4.4337E-018
2.83E+005 4.3720E-018
2.84E+005 4.3111E-018
2.85E+005 4.2512E-018
2.86E+005 4.1931E-018
2.87E+005 4.1354E-018
2.88E+005 4.0783E-018
2.89E+005 4.0226E-018
2.9E+005 3.9682E-018
2.91E+005 3.9146E-018
2.92E+005 3.8616E-018
2.93E+005 3.8097E-018
2.94E+005 3.7586E-018
2.95E+005 3.7081E-018
2.96E+005 3.6588E-018
2.97E+005 3.6103E-018
2.98E+005 3.5611E-018
2.99E+005 3.5144E-018
3E+005 3.4693E-018
3.01E+005 3.4240E-018
3.02E+005 3.3789E-018
3.03E+005 3.3353E-018
3.04E+005 3.2919E-018
3.05E+005 3.2493E-018
3.06E+005 3.2070E-018
3.07E+005 3.1659E-018
3.08E+005 3.1254E-018
3.09E+005 3.0864E-018
3.1E+005 3.0470E-018
3.11E+005 3.0076E-018
3.12E+005 2.9696E-018
3.13E+005 2.9321E-018
3.14E+005 2.8952E-018
3.15E+005 2.8589E-018
3.16E+005 2.8232E-018
3.17E+005 2.7881E-018
3.18E+005 2.7534E-018
3.19E+005 2.7193E-018
3.2E+005 2.6858E-018
3.21E+005 2.6528E-018
3.22E+005 2.6201E-018
3.23E+005 2.5882E-018
3.24E+005 2.5567E-018
3.25E+005 2.5256E-018
3.26E+005 2.4950E-018
3.27E+005 2.4649E-018
3.28E+005 2.4353E-018
3.29E+005 2.4060E-018
3.3E+005 2.3772E-018
3.31E+005 2.3488E-018
3.32E+005 2.3209E-018
3.33E+005 2.2933E-018
3.34E+005 2.2663E-018
3.35E+005 2.2395E-018
3.36E+005 2.2132E-018
3.37E+005 2.1872E-018
3.38E+005 2.1617E-018
3.39E+005 2.1366E-018
3.4E+005 2.1117E-018
3.41E+005 2.0872E-018
3.42E+005 2.0631E-018
3.43E+005 2.0393E-018
3.44E+005 2.0159E-018
3.45E+005 1.9928E-018
3.46E+005 1.9700E-018
3.47E+005 1.9477E-018
3.48E+005 1.9255E-018
3.49E+005 1.9038E-018
3.5E+005 1.8822E-018
3.51E+005 1.8609E-018
3.52E+005 1.8400E-018
3.53E+005 1.8194E-018
3.54E+005 1.7989E-018
3.55E+005 1.7788E-018
3.56E+005 1.7590E-018
3.57E+005 1.7394E-018
3.58E+005 1.7202E-018
3.59E+005 1.7011E-018
3.6E+005 1.6822E-018
3.61E+005 1.6638E-018
3.62E+005 1.6456E-018
3.63E+005 1.6276E-018
3.64E+005 1.6097E-018
3.65E+005 1.5921E-018
3.66E+005 1.5750E-018
3.67E+005 1.5580E-018
3.68E+005 1.5412E-018
3.69E+005 1.5247E-018
3.7E+005 1.5083E-018
3.71E+005 1.4920E-018
3.72E+005 1.4761E-018
3.73E+005 1.4605E-018
3.74E+005 1.4450E-018
3.75E+005 1.4297E-018
3.76E+005 1.4146E-018
3.77E+005 1.3997E-018
3.78E+005 1.3849E-018
3.79E+005 1.3705E-018
3.8E+005 1.3561E-018
3.81E+005 1.3420E-018
3.82E+005 1.3281E-018
3.83E+005 1.3142E-018
3.84E+005 1.3007E-018
3.85E+005 1.2873E-018
3.86E+005 1.2740E-018
3.87E+005 1.2609E-018
3.88E+005 1.2472E-018
3.89E+005 1.2332E-018
3.9E+005 1.2228E-018
3.91E+005 1.2103E-018
3.92E+005 1.1979E-018
3.93E+005 1.1859E-018
3.94E+005 1.1739E-018
3.95E+005 1.1621E-018
3.96E+005 1.1504E-018
3.97E+005 1.1389E-018
3.98E+005 1.1276E-018
3.99E+005 1.1163E-018
