1711 1.4017E-014
1711 1.4017E-014
1712 5.2655E-015
1713 -1.2552E-015
1715 -1.0628E-014
1716 1.4061E-015
1717 -1.7431E-015
1719 -9.8638E-015
1720 -2.5010E-015
1722 1.5278E-014
1723 -9.7962E-015
1724 1.7503E-015
1726 -5.7223E-015
1727 8.5308E-015
1728 -1.0274E-014
1730 -1.2065E-015
1731 -3.7557E-015
1733 8.3717E-016
1734 5.9708E-015
1735 -1.0901E-014
1737 5.1907E-015
1738 -2.8601E-015
1739 9.2214E-015
1741 -7.5335E-016
1742 -1.7877E-015
1744 -2.1955E-015
1745 -2.3462E-015
1746 1.0748E-014
1748 -3.0928E-015
1749 -2.2773E-015
1750 -1.4792E-015
1752 7.5934E-015
1753 1.2026E-014
1754 4.5702E-015
1756 1.1286E-015
1757 5.7066E-015
1759 1.2383E-014
1760 1.2255E-014
1761 1.0497E-014
1763 7.1576E-015
1764 5.7077E-015
1765 5.0346E-015
1767 5.6204E-015
1768 6.8864E-015
1770 1.6082E-015
1771 1.0085E-014
1772 5.7698E-015
1774 1.0807E-014
1775 8.2560E-015
1776 8.5885E-015
1778 8.9382E-015
1779 8.7176E-015
1781 1.2392E-014
1782 2.3161E-014
1783 1.5659E-014
1785 2.0267E-014
1786 6.1849E-015
1787 5.3849E-015
1789 7.8275E-015
1790 7.7549E-015
1792 7.2481E-015
1793 7.6382E-015
1794 1.6240E-014
1796 1.6159E-014
1797 1.2983E-014
1798 6.7795E-015
1800 3.3979E-015
1801 9.2485E-015
1802 2.1552E-015
1804 1.2814E-014
1805 4.0483E-015
1807 1.5411E-014
1808 1.1359E-014
1809 6.4981E-015
1811 9.4536E-015
1812 3.7551E-015
1813 1.1532E-014
1815 1.0152E-014
1816 1.4083E-014
1818 6.1888E-015
1819 9.2412E-015
1820 1.6635E-014
1822 1.5980E-014
1823 1.6949E-014
1824 1.0218E-014
1826 7.3073E-015
1827 1.2076E-014
1829 1.1958E-014
1830 1.1847E-014
1831 1.3134E-014
1833 1.6010E-014
1834 1.0473E-014
1835 8.3427E-015
1837 9.1163E-015
1838 1.4692E-014
1840 9.7994E-015
1841 6.5853E-015
1842 8.6613E-015
1844 7.4136E-015
1845 1.5830E-014
1846 9.7674E-015
1848 6.6023E-015
1849 6.0546E-015
1851 8.1599E-015
1852 1.5718E-014
1853 8.3775E-015
1855 1.8480E-014
1856 1.9559E-014
1857 1.4798E-014
1859 9.1066E-015
1860 1.3366E-014
1861 1.6997E-014
1863 1.3136E-014
1864 1.6198E-014
1866 1.3286E-014
1867 1.3618E-014
1868 1.1540E-014
1870 9.9432E-015
1871 2.1182E-014
1872 8.7823E-015
1874 1.1631E-014
1875 1.4658E-014
1877 1.7421E-014
1878 1.7275E-014
1879 8.8699E-015
1881 1.2493E-014
1882 1.0767E-014
1883 1.5390E-014
1885 1.6026E-014
1886 7.0230E-015
1888 1.5055E-014
1889 1.0634E-014
1890 1.6248E-014
1892 1.6808E-014
1893 1.5575E-014
1894 1.3964E-014
1896 1.7020E-014
1897 1.7762E-014
1899 1.8630E-014
1900 1.8056E-014
1901 1.3753E-014
1903 2.0032E-014
1904 1.4418E-014
1905 2.1116E-014
1907 1.9339E-014
1908 1.7608E-014
1910 1.9171E-014
1911 1.4981E-014
1912 1.4988E-014
1914 2.4891E-014
1915 2.0083E-014
1916 2.0091E-014
1918 1.7535E-014
1919 1.8722E-014
1920 1.9615E-014
1922 1.7551E-014
1923 2.1848E-014
1925 1.9999E-014
1926 1.8407E-014
1927 1.2639E-014
1929 1.5822E-014
1930 1.4810E-014
1931 2.1268E-014
1933 1.5331E-014
1934 1.2232E-014
1936 1.6354E-014
1937 1.4542E-014
1938 1.5873E-014
1940 2.1772E-014
1941 2.4607E-014
1942 2.7721E-014
1944 2.5911E-014
1945 2.6235E-014
1947 2.1530E-014
1948 2.8994E-014
1949 2.6182E-014
1951 2.3009E-014
1952 2.1351E-014
1953 2.2585E-014
1955 2.4263E-014
1956 2.0647E-014
1958 2.2891E-014
1959 2.1982E-014
1960 2.3852E-014
1962 2.4256E-014
1963 2.1518E-014
1964 2.7619E-014
1966 2.3940E-014
1967 2.6056E-014
1969 3.0437E-014
1970 2.7577E-014
1971 2.4582E-014
1973 2.3254E-014
1974 2.8124E-014
1975 2.7059E-014
1977 2.7173E-014
1978 2.4420E-014
1980 2.4279E-014
1981 2.3579E-014
1982 2.4857E-014
1984 2.5967E-014
1985 2.5779E-014
1986 2.4146E-014
1988 2.3415E-014
1989 2.2170E-014
1991 2.4267E-014
1992 2.9140E-014
1993 2.6459E-014
1995 2.4664E-014
1996 2.9874E-014
1997 2.7795E-014
1999 2.5685E-014
2000 2.4464E-014
2001 2.8137E-014
2003 2.6555E-014
2004 2.8842E-014
2006 2.8736E-014
2007 2.9918E-014
2008 2.7946E-014
2010 3.2812E-014
2011 3.0152E-014
2012 3.0363E-014
2014 3.1228E-014
2015 3.0083E-014
2017 3.1176E-014
2018 3.1141E-014
2019 3.2452E-014
2021 3.2604E-014
2022 3.5912E-014
2023 3.3250E-014
2025 2.9067E-014
2026 3.1343E-014
2028 3.3719E-014
2029 3.8342E-014
2030 3.5403E-014
2032 3.4294E-014
2033 3.6508E-014
2034 3.5573E-014
2036 3.8694E-014
2037 3.6442E-014
2039 3.4999E-014
2040 3.7594E-014
2041 3.9561E-014
2043 3.8141E-014
2044 4.1252E-014
2045 4.1060E-014
2047 4.1688E-014
2048 4.0527E-014
2050 4.1425E-014
2051 4.3382E-014
2052 4.5419E-014
2054 4.0202E-014
2055 4.2298E-014
2056 3.8822E-014
2058 3.8267E-014
2059 4.0538E-014
2061 3.8570E-014
2062 4.0449E-014
2063 4.2240E-014
2065 4.2946E-014
2066 4.3070E-014
2067 4.5605E-014
2069 4.5083E-014
2070 4.5285E-014
2072 4.7675E-014
2073 4.7996E-014
2074 5.2801E-014
2076 5.2225E-014
2077 5.5515E-014
2078 5.7785E-014
2080 5.2086E-014
2081 5.2672E-014
2083 5.2983E-014
2084 5.2853E-014
2085 5.9454E-014
2087 6.1567E-014
2088 6.6084E-014
2089 6.5897E-014
2091 7.0712E-014
2092 8.1193E-014
2093 8.6123E-014
2095 8.4919E-014
2096 9.5761E-014
2098 9.5596E-014
2099 9.4148E-014
2100 9.2540E-014
2102 1.0467E-013
2103 1.0311E-013
2104 1.1549E-013
2106 1.2809E-013
2107 1.2321E-013
2109 9.9111E-014
2110 9.8811E-014
2111 1.2519E-013
2113 1.3021E-013
2114 1.2040E-013
2115 1.2927E-013
2117 1.6006E-013
2118 1.5717E-013
2120 1.7340E-013
2121 1.6161E-013
2122 1.2059E-013
2124 8.4133E-014
2125 8.9179E-014
2126 1.2683E-013
2128 1.3836E-013
2129 1.3220E-013
2131 1.1005E-013
2132 1.1855E-013
2133 1.1413E-013
2135 1.1022E-013
2136 1.2235E-013
2137 1.3748E-013
2139 1.1374E-013
2140 1.4733E-013
2142 1.7294E-013
2143 1.7831E-013
2144 1.6908E-013
2146 1.4660E-013
2147 1.4207E-013
2148 1.5318E-013
2150 1.5463E-013
2151 1.4571E-013
2153 1.5679E-013
2154 1.6900E-013
2155 1.4668E-013
2157 1.1969E-013
2158 1.0646E-013
2159 1.1399E-013
2161 1.5075E-013
2162 1.5261E-013
2164 1.4583E-013
2165 1.2692E-013
2166 1.0566E-013
2168 1.0466E-013
2169 1.1082E-013
2170 1.2410E-013
2172 1.3971E-013
2173 1.3125E-013
2175 1.0909E-013
2176 1.1384E-013
2177 1.2064E-013
2179 1.3520E-013
2180 1.8362E-013
2181 2.0171E-013
2183 2.0668E-013
2184 1.7061E-013
2186 1.7689E-013
2187 1.4024E-013
2188 1.5492E-013
2190 1.5145E-013
2191 1.6374E-013
2192 1.8207E-013
2194 2.1065E-013
2195 1.7128E-013
2197 1.6315E-013
2198 2.0120E-013
2199 1.9794E-013
2201 1.5663E-013
2202 1.8618E-013
2203 2.2804E-013
2205 2.1071E-013
2206 1.9330E-013
2208 1.6127E-013
2209 1.3645E-013
2210 1.1518E-013
2212 1.0487E-013
2213 1.4770E-013
2214 1.4980E-013
2216 1.3774E-013
2217 1.1513E-013
2218 1.3872E-013
2220 1.8011E-013
2221 1.9238E-013
2223 1.8137E-013
2224 1.8260E-013
2225 1.7506E-013
2227 1.7069E-013
2228 1.7324E-013
2229 1.9015E-013
2231 1.8020E-013
2232 2.2220E-013
2234 2.6772E-013
2235 2.6302E-013
2236 2.6225E-013
2238 2.3236E-013
2239 2.2702E-013
2240 2.3230E-013
2242 2.0217E-013
2243 1.8673E-013
2245 1.8541E-013
2246 2.2313E-013
2247 2.3306E-013
2249 2.1155E-013
2250 1.8779E-013
2251 1.8374E-013
2253 1.8912E-013
2254 1.6905E-013
2256 1.7685E-013
2257 1.7965E-013
2258 1.8817E-013
2260 1.6962E-013
2261 1.5600E-013
2262 1.6271E-013
2264 1.4092E-013
2265 1.2444E-013
2267 1.1476E-013
2268 1.0802E-013
2269 1.0433E-013
2271 1.0723E-013
2272 1.1738E-013
2273 1.1998E-013
2275 1.2834E-013
2276 1.3808E-013
2278 1.5210E-013
2279 1.6041E-013
2280 1.7030E-013
2282 2.0518E-013
2283 1.9900E-013
2284 1.9318E-013
2286 1.9535E-013
2287 1.7468E-013
2289 1.7257E-013
2290 1.6160E-013
2291 1.6505E-013
2293 1.7282E-013
2294 1.7619E-013
2295 1.8481E-013
2297 1.5596E-013
2298 1.2466E-013
2300 1.3431E-013
2301 1.4389E-013
2302 1.6333E-013
2304 1.6019E-013
2305 2.0975E-013
2306 2.4064E-013
2308 2.1723E-013
2309 1.8565E-013
2311 1.4782E-013
2312 1.2455E-013
2313 1.2512E-013
2315 1.7038E-013
2316 1.9536E-013
2317 1.8530E-013
2319 1.8288E-013
2320 1.4632E-013
2322 1.6269E-013
2323 2.1694E-013
2324 2.2338E-013
2326 1.6418E-013
2327 1.3940E-013
2328 1.5801E-013
2330 1.7090E-013
2331 1.3954E-013
2333 1.1423E-013
2334 1.2610E-013
2335 1.5776E-013
2337 1.5112E-013
2338 1.0428E-013
2339 1.0648E-013
2341 1.2889E-013
2342 1.3324E-013
2344 9.3968E-014
2345 8.3532E-014
2346 9.2138E-014
2348 9.5400E-014
2349 1.0821E-013
2350 1.4441E-013
2352 1.7358E-013
2353 1.8603E-013
2354 1.6933E-013
2356 1.7679E-013
2357 1.8599E-013
2359 1.5742E-013
2360 1.1056E-013
2361 1.2887E-013
2363 1.5404E-013
2364 1.4164E-013
2365 1.2184E-013
2367 1.2156E-013
2368 1.3389E-013
2370 1.5989E-013
2371 1.7826E-013
2372 1.8212E-013
2374 1.3307E-013
2375 1.3176E-013
2376 1.6091E-013
2378 1.5340E-013
2379 1.2404E-013
2381 9.9430E-014
2382 7.5148E-014
2383 7.8146E-014
2385 1.0698E-013
2386 1.3359E-013
2387 1.3358E-013
2389 1.2951E-013
2390 1.3825E-013
2392 1.6167E-013
2393 1.5742E-013
2394 1.2661E-013
2396 8.8387E-014
2397 1.0027E-013
2398 1.1017E-013
2400 1.2200E-013
2401 1.3459E-013
2403 1.3452E-013
2404 1.1212E-013
2405 8.6007E-014
2407 9.1970E-014
2408 1.1102E-013
2409 1.2225E-013
2411 9.4118E-014
2412 1.0432E-013
2414 1.1564E-013
2415 1.4650E-013
2416 1.7091E-013
2418 1.8654E-013
2419 2.0969E-013
2420 2.2762E-013
2422 2.4397E-013
2423 2.2805E-013
2425 2.0281E-013
2426 2.2481E-013
2427 2.5049E-013
2429 2.2256E-013
2430 2.1825E-013
2431 2.2297E-013
2433 1.9840E-013
2434 1.9146E-013
2436 1.7948E-013
2437 1.9201E-013
2438 2.0839E-013
2440 1.8687E-013
2441 2.1263E-013
2442 2.2998E-013
2444 2.0934E-013
2445 1.8874E-013
2447 1.8168E-013
2448 1.5844E-013
2449 1.5591E-013
2451 1.4229E-013
2452 1.3571E-013
2453 1.3506E-013
2455 1.3832E-013
2456 1.4216E-013
2458 1.4851E-013
2459 1.5039E-013
2460 1.4166E-013
2462 1.3032E-013
2463 1.2116E-013
2464 1.4076E-013
2466 1.4557E-013
2467 1.5287E-013
2469 1.6451E-013
2470 1.5878E-013
2471 1.6563E-013
2473 1.5653E-013
2474 1.7029E-013
2475 1.8740E-013
2477 1.7587E-013
2478 1.6026E-013
2480 1.4090E-013
2481 1.5144E-013
2482 1.4305E-013
2484 1.0685E-013
2485 1.2676E-013
2486 1.4544E-013
2488 1.2138E-013
2489 1.0691E-013
2490 1.0064E-013
2492 1.1563E-013
2493 1.5140E-013
2495 1.8986E-013
2496 2.0444E-013
2497 2.0433E-013
2499 2.0670E-013
2500 2.1344E-013
2501 1.6822E-013
2503 1.8326E-013
2504 1.8559E-013
2506 1.6610E-013
2507 1.3661E-013
2508 1.6659E-013
2510 1.8462E-013
2511 1.5628E-013
2512 1.4810E-013
2514 1.2823E-013
2515 1.1069E-013
2517 9.9091E-014
2518 1.0793E-013
2519 1.1347E-013
2521 1.3023E-013
2522 1.2137E-013
2523 1.0783E-013
2525 1.0611E-013
2526 1.1853E-013
2528 1.1332E-013
2529 1.0389E-013
2530 1.2214E-013
2532 1.5579E-013
2533 1.5309E-013
2534 1.5169E-013
2536 1.4434E-013
2537 1.4607E-013
2539 1.4958E-013
2540 1.6026E-013
2541 1.5800E-013
2543 1.6639E-013
2544 1.7464E-013
2545 1.6767E-013
2547 1.6169E-013
2548 1.5754E-013
2550 1.5280E-013
2551 1.9902E-013
2552 2.4842E-013
2554 2.4832E-013
2555 2.5501E-013
2556 2.4516E-013
2558 2.4769E-013
2559 2.7351E-013
2561 2.7489E-013
2562 2.3775E-013
2563 2.0477E-013
2565 2.5887E-013
2566 3.2364E-013
2567 3.3975E-013
2569 3.6508E-013
2570 4.0029E-013
2572 3.9820E-013
2573 4.0362E-013
2574 3.8765E-013
2576 2.7809E-013
2577 2.7538E-013
2578 3.5210E-013
2580 4.3640E-013
2581 4.7957E-013
2583 4.1614E-013
2584 3.5611E-013
2585 2.6800E-013
2587 2.4612E-013
2588 3.3949E-013
2589 4.4560E-013
2591 4.2217E-013
2592 3.4038E-013
2593 2.9552E-013
2595 2.9437E-013
2596 2.9782E-013
2598 2.2530E-013
2599 1.5460E-013
2600 1.7986E-013
2602 2.5242E-013
2603 3.1006E-013
2604 2.8286E-013
2606 2.2523E-013
2607 1.8643E-013
2609 2.2889E-013
2610 2.4950E-013
2611 1.9968E-013
2613 1.7651E-013
2614 1.9634E-013
2615 2.7085E-013
2617 2.8426E-013
2618 2.5357E-013
2620 3.1400E-013
2621 3.0874E-013
2622 3.2893E-013
2624 3.5068E-013
2625 3.1727E-013
2626 2.9941E-013
2628 2.5899E-013
2629 2.2482E-013
2631 2.2264E-013
2632 2.1644E-013
2633 3.2275E-013
2635 4.5450E-013
2636 5.3483E-013
2637 6.3966E-013
2639 7.3622E-013
2640 7.2305E-013
2642 7.3645E-013
2643 8.5919E-013
2644 8.5064E-013
2646 7.5357E-013
2647 6.8413E-013
2648 6.0284E-013
2650 6.0622E-013
2651 6.2938E-013
2653 6.8083E-013
2654 7.3463E-013
2655 8.2810E-013
2657 8.0905E-013
2658 7.9685E-013
2659 7.7312E-013
2661 7.7153E-013
2662 6.8480E-013
2664 6.5981E-013
2665 6.7391E-013
2666 6.8270E-013
2668 6.8512E-013
2669 6.8910E-013
2670 6.8277E-013
2672 7.1107E-013
2673 6.3719E-013
2674 7.7002E-013
2676 8.0853E-013
2677 7.4233E-013
2679 6.5608E-013
2680 6.4849E-013
2681 7.0737E-013
2683 7.1429E-013
2684 7.1025E-013
2685 7.0945E-013
2687 7.4574E-013
2688 6.9228E-013
2690 6.4189E-013
2691 6.3272E-013
2692 6.9181E-013
2694 7.0140E-013
2695 6.4705E-013
2696 5.9884E-013
2698 6.5203E-013
2699 6.8505E-013
2701 8.1823E-013
2702 7.6606E-013
2703 7.8858E-013
2705 8.3049E-013
2706 7.9009E-013
2707 7.0924E-013
2709 7.0627E-013
2710 7.0382E-013
2712 7.0678E-013
2713 7.3879E-013
2714 6.5958E-013
2716 6.3459E-013
2717 6.5124E-013
2718 5.4294E-013
2720 4.1013E-013
2721 4.4417E-013
2723 5.3348E-013
2724 5.3815E-013
2725 5.3677E-013
2727 5.7173E-013
2728 5.7328E-013
2729 7.3086E-013
2731 7.4771E-013
2732 6.7565E-013
2734 6.0517E-013
2735 5.3228E-013
2736 5.2799E-013
2738 4.2524E-013
2739 4.1082E-013
2740 3.5671E-013
2742 3.7917E-013
2743 3.2212E-013
2744 3.3235E-013
2746 3.8115E-013
2747 3.1016E-013
2749 3.3001E-013
2750 3.0325E-013
2751 3.9973E-013
2753 5.2018E-013
2754 5.0179E-013
2755 4.0466E-013
2757 3.8592E-013
2758 5.7398E-013
2760 7.2160E-013
2761 6.7120E-013
2762 6.0262E-013
2764 6.2463E-013
2765 7.2809E-013
2766 7.1447E-013
2768 6.6115E-013
2769 6.6202E-013
2771 6.7557E-013
2772 7.0989E-013
2773 7.0126E-013
2775 7.2476E-013
2776 6.4600E-013
2777 5.7565E-013
2779 4.9876E-013
2780 4.4698E-013
2782 4.4313E-013
2783 4.4698E-013
2784 4.2571E-013
2786 4.2302E-013
2787 4.1438E-013
2788 3.4995E-013
2790 2.9948E-013
2791 2.5353E-013
2793 2.1042E-013
2794 1.7580E-013
2795 1.5042E-013
2797 1.5238E-013
2798 1.5526E-013
2799 1.6786E-013
2801 1.7546E-013
2802 1.5696E-013
2803 1.6437E-013
2805 1.7983E-013
2806 2.3513E-013
2808 2.8605E-013
2809 3.4785E-013
2810 3.9567E-013
2812 4.2359E-013
2813 4.6023E-013
2814 5.5430E-013
2816 6.2916E-013
2817 6.1935E-013
2819 6.6774E-013
2820 7.3424E-013
2821 7.6118E-013
2823 7.6915E-013
2824 8.2553E-013
2825 8.0856E-013
2827 7.7956E-013
2828 8.2814E-013
2830 8.7599E-013
2831 9.0108E-013
2832 8.7701E-013
2834 8.6891E-013
2835 8.1380E-013
2836 7.3283E-013
2838 8.9569E-013
2839 8.7150E-013
2841 8.2463E-013
2842 8.1469E-013
2843 7.6089E-013
2845 7.0717E-013
2846 7.1589E-013
2847 5.9244E-013
2849 4.7084E-013
2850 3.4931E-013
2851 2.4507E-013
2853 2.0108E-013
2854 2.8142E-013
2856 3.9121E-013
2857 5.1887E-013
2858 6.4675E-013
2860 8.0384E-013
2861 9.0829E-013
2862 9.1927E-013
2864 9.5387E-013
2865 9.7308E-013
2867 9.5125E-013
2868 8.7203E-013
2869 8.5019E-013
2871 9.8115E-013
2872 1.1176E-012
2873 1.0457E-012
2875 9.7772E-013
2876 9.2633E-013
2878 9.0725E-013
2879 8.3346E-013
2880 6.5588E-013
2882 4.8405E-013
2883 5.9951E-013
2884 8.6750E-013
2886 1.0865E-012
2887 1.0520E-012
2888 1.0403E-012
2890 1.0197E-012
2891 1.0465E-012
2893 1.0541E-012
2894 1.0772E-012
2895 1.1786E-012
2897 1.3092E-012
2898 1.3311E-012
2899 1.4071E-012
2901 1.5906E-012
2902 1.4830E-012
2904 1.5748E-012
2905 1.6275E-012
2906 1.5247E-012
2908 1.4884E-012
2909 1.4192E-012
2910 1.4214E-012
2912 1.4544E-012
2913 1.6075E-012
2915 1.4961E-012
2916 1.3573E-012
2917 1.3656E-012
2919 1.3627E-012
2920 1.4110E-012
2921 1.4038E-012
2923 1.3803E-012
2924 1.2296E-012
2926 1.1912E-012
2927 1.1537E-012
2928 1.1772E-012
2930 1.1824E-012
2931 1.4834E-012
2932 1.5224E-012
2934 1.4677E-012
2935 1.5363E-012
2936 1.2725E-012
2938 1.1063E-012
2939 1.2062E-012
2941 1.2817E-012
2942 1.2714E-012
2943 1.4368E-012
2945 1.3286E-012
2946 1.4597E-012
2947 1.2162E-012
2949 9.9538E-013
2950 1.1958E-012
2952 1.4408E-012
2953 1.5108E-012
2954 1.2742E-012
2956 1.4543E-012
2957 1.3788E-012
2958 1.4780E-012
2960 1.5077E-012
2961 1.4416E-012
2963 1.5832E-012
2964 1.5312E-012
2965 1.1692E-012
2967 9.8370E-013
2968 1.0973E-012
2969 1.1361E-012
2971 1.0473E-012
2972 1.2342E-012
2973 1.1464E-012
2975 1.4445E-012
2976 1.5198E-012
2978 1.7003E-012
2979 1.5882E-012
2980 1.3486E-012
2982 1.1268E-012
2983 1.0390E-012
2984 8.8053E-013
2986 9.0477E-013
2987 1.0749E-012
2989 1.2162E-012
2990 1.4802E-012
2991 1.5704E-012
2993 1.4257E-012
2994 1.2195E-012
2995 1.1457E-012
2997 1.4459E-012
2998 1.4104E-012
2999 1.1247E-012
3001 8.8040E-013
3002 8.9378E-013
3004 9.4713E-013
3005 1.1942E-012
3006 1.2916E-012
3008 1.0988E-012
3009 1.0982E-012
3010 1.3288E-012
3012 1.3656E-012
3013 1.3780E-012
3015 1.3930E-012
3016 1.3428E-012
3017 1.2292E-012
3019 1.0432E-012
3020 8.7629E-013
3021 8.2530E-013
3023 1.2718E-012
3024 1.4421E-012
3026 1.3127E-012
3027 1.4202E-012
3028 1.7480E-012
3030 1.6259E-012
3031 1.5720E-012
3032 1.6263E-012
3034 1.7613E-012
3035 1.7533E-012
3036 1.6778E-012
3038 1.2732E-012
3039 1.4629E-012
3041 1.4670E-012
3042 1.3812E-012
3043 1.5352E-012
3045 1.7025E-012
3046 1.6931E-012
3047 1.4208E-012
3049 1.4411E-012
3050 1.7076E-012
3052 1.7963E-012
3053 1.9203E-012
3054 1.6215E-012
3056 1.5598E-012
3057 1.3639E-012
3058 1.0689E-012
3060 1.1911E-012
3061 1.5244E-012
3066 1.3993E-012
3068 1.5409E-012
3071 1.6001E-012
3074 1.5613E-012
3077 1.5790E-012
3079 1.5769E-012
3082 1.5833E-012
3085 1.6669E-012
3088 1.4797E-012
3090 1.2804E-012
3093 1.2743E-012
3096 1.3047E-012
3099 1.2076E-012
3101 1.3293E-012
3104 1.6840E-012
3107 1.8671E-012
3110 1.8750E-012
3112 1.8921E-012
3115 1.7437E-012
3118 1.5578E-012
3121 1.5374E-012
3123 1.6350E-012
3126 1.6515E-012
3129 1.6909E-012
3132 1.6691E-012
3134 1.6979E-012
3137 1.8443E-012
3140 1.6830E-012
3142 1.5107E-012
3145 1.4471E-012
3148 1.6573E-012
3151 1.7110E-012
3153 1.6299E-012
3156 1.4104E-012
3159 1.3797E-012
3162 1.4245E-012
3164 1.5798E-012
3167 1.7384E-012
3170 1.9494E-012
3173 1.9768E-012
3175 1.9317E-012
3178 1.5970E-012
3181 1.4071E-012
3184 1.5641E-012
3186 1.7148E-012
3189 1.7933E-012
3192 1.5338E-012
3195 1.6622E-012
3197 1.8626E-012
3200 1.9283E-012
3203 2.0292E-012
3206 2.0596E-012
3208 1.8045E-012
3211 1.5661E-012
3214 1.6023E-012
3217 1.7763E-012
3219 1.9070E-012
3222 1.7766E-012
3225 1.6491E-012
3228 1.4972E-012
3230 1.5829E-012
3233 1.6199E-012
3236 1.6333E-012
3239 1.7781E-012
3241 1.8892E-012
3244 1.9528E-012
3247 1.8702E-012
3250 1.8340E-012
3252 1.9735E-012
3255 2.2040E-012
3258 2.3434E-012
3261 2.3660E-012
3263 2.2910E-012
3266 2.2511E-012
3269 2.2994E-012
3272 2.2497E-012
3274 2.3015E-012
3277 2.2065E-012
3280 2.1819E-012
3283 2.1551E-012
3285 2.0858E-012
3288 2.1750E-012
3291 2.4249E-012
3294 2.5083E-012
3296 2.5334E-012
3299 2.6056E-012
3302 2.4641E-012
3305 2.2479E-012
3307 2.2006E-012
3310 2.3517E-012
3313 2.2652E-012
3316 2.2925E-012
3318 2.3641E-012
3321 2.2427E-012
3324 2.1910E-012
3327 2.2921E-012
3329 2.2225E-012
3332 2.2637E-012
3335 2.1047E-012
3338 2.0940E-012
3340 2.1947E-012
3343 2.3152E-012
3346 2.3674E-012
3349 2.2114E-012
3351 2.2866E-012
3354 2.3715E-012
3357 2.2215E-012
3360 1.7542E-012
3362 1.8671E-012
3365 2.1654E-012
3368 1.9640E-012
3371 1.8220E-012
3373 1.9811E-012
3376 2.2963E-012
3379 2.0877E-012
3381 2.0615E-012
3384 2.2197E-012
3387 2.2203E-012
3390 2.2303E-012
3392 2.1035E-012
3395 2.2638E-012
3398 2.4965E-012
3401 2.5735E-012
3403 2.4236E-012
3406 2.3063E-012
3409 2.2504E-012
3412 2.2664E-012
3414 2.0879E-012
3417 2.2861E-012
3420 2.4346E-012
3423 2.3056E-012
3425 2.3406E-012
3428 2.4383E-012
3431 2.4892E-012
3434 2.3799E-012
3436 2.3110E-012
3439 1.9986E-012
3442 1.7050E-012
3445 1.8622E-012
3447 2.1287E-012
3450 2.2814E-012
3453 2.2792E-012
3456 2.3091E-012
3458 2.1429E-012
3461 2.0572E-012
3464 2.2677E-012
3467 2.3048E-012
3469 2.3764E-012
3472 2.2601E-012
3475 1.9948E-012
3478 2.0876E-012
3480 2.2490E-012
3483 2.1979E-012
3486 2.2557E-012
3489 2.1987E-012
3491 2.0859E-012
3494 2.0803E-012
3497 2.0921E-012
3500 2.3954E-012
3502 2.5569E-012
3505 2.4966E-012
3508 2.4525E-012
3511 2.3212E-012
3513 2.1927E-012
3516 2.3329E-012
3519 2.4664E-012
3522 2.2623E-012
3524 2.0018E-012
3527 2.1428E-012
3530 2.3963E-012
3533 2.4076E-012
3535 2.5245E-012
3538 2.5844E-012
3541 2.5882E-012
3544 2.6235E-012
3546 2.6782E-012
3549 2.6832E-012
3552 2.6126E-012
3555 2.4584E-012
3557 2.4899E-012
3560 2.4853E-012
3563 2.5064E-012
3566 2.1270E-012
3568 2.0160E-012
3571 1.9332E-012
3574 2.0908E-012
3577 2.2099E-012
3579 1.9982E-012
3582 1.7370E-012
3585 1.7219E-012
3588 1.7625E-012
3590 2.1537E-012
3593 2.4433E-012
3596 2.5845E-012
3599 2.6873E-012
3601 2.6404E-012
3604 2.3844E-012
3607 2.2037E-012
3610 2.0153E-012
3612 2.1871E-012
3615 2.3132E-012
3618 2.1418E-012
3621 2.0309E-012
3623 2.3605E-012
3626 2.6132E-012
3629 2.6591E-012
3632 2.1925E-012
3634 2.1943E-012
3637 2.4106E-012
3640 2.6270E-012
3643 2.5675E-012
3645 2.3409E-012
3648 2.2453E-012
3651 2.4022E-012
3654 2.6869E-012
3656 2.8195E-012
3659 2.9169E-012
3662 2.9087E-012
3665 2.8421E-012
3667 2.7785E-012
3670 2.7465E-012
3673 2.8304E-012
3676 2.7918E-012
3678 2.6259E-012
3681 2.5421E-012
3684 2.6471E-012
3687 2.5340E-012
3689 2.5672E-012
3692 2.8933E-012
3695 2.8610E-012
3698 2.9167E-012
3700 3.0275E-012
3703 2.8660E-012
3706 2.4491E-012
3709 2.4265E-012
3711 2.6895E-012
3714 3.0320E-012
3717 3.0234E-012
3720 2.5082E-012
3722 2.1847E-012
3725 2.6158E-012
3728 2.6786E-012
3731 2.6545E-012
3733 2.2419E-012
3736 1.8637E-012
3739 2.2320E-012
3742 2.6623E-012
3744 2.3973E-012
3747 2.0412E-012
3750 1.9347E-012
3752 2.3937E-012
3755 2.6104E-012
3758 2.6881E-012
3761 2.5348E-012
3763 2.6501E-012
3766 2.6576E-012
3769 2.6472E-012
3772 2.7112E-012
3774 3.0327E-012
3777 3.1836E-012
3780 3.3274E-012
3783 3.4144E-012
3785 3.2911E-012
3788 2.8975E-012
3791 2.8036E-012
3794 2.6950E-012
3796 2.4772E-012
3799 2.4176E-012
3802 2.8658E-012
3805 3.1460E-012
3807 3.0962E-012
3810 3.2164E-012
3813 3.0040E-012
3816 2.5661E-012
3818 2.5527E-012
3821 2.3096E-012
3824 2.3128E-012
3827 1.9553E-012
3829 1.8906E-012
3832 1.8369E-012
3835 1.7196E-012
3838 1.8050E-012
3840 1.9051E-012
3843 2.4076E-012
3846 2.7236E-012
3849 2.8463E-012
3851 2.7918E-012
3854 2.8042E-012
3857 2.5710E-012
3860 2.4844E-012
3862 2.6246E-012
3865 2.8517E-012
3868 2.8394E-012
3871 2.5579E-012
3873 2.4767E-012
3876 2.7644E-012
3879 2.5550E-012
3882 2.5197E-012
3884 2.4777E-012
3887 2.3035E-012
3890 2.3404E-012
3893 2.7114E-012
3895 2.8682E-012
3898 3.0134E-012
3901 3.0094E-012
3904 2.8786E-012
3906 2.8103E-012
3909 3.1453E-012
3912 3.2945E-012
3915 3.2477E-012
3917 3.1458E-012
3920 2.9355E-012
3923 2.7238E-012
3926 2.5706E-012
3928 2.0249E-012
3931 1.3983E-012
3934 1.0190E-012
3937 1.2334E-012
3939 1.8296E-012
3942 2.2761E-012
3945 2.4776E-012
3948 2.8574E-012
3950 3.0589E-012
3953 3.1086E-012
3956 3.1005E-012
3959 3.0239E-012
3961 2.6641E-012
3964 2.0964E-012
3967 1.5112E-012
3970 1.2174E-012
3972 1.6649E-012
3975 2.3002E-012
3978 2.9079E-012
3981 3.3465E-012
3983 3.4208E-012
3986 3.5143E-012
3989 3.6618E-012
3992 3.7724E-012
3994 3.8455E-012
3997 3.8380E-012
4000 3.8916E-012
4003 3.9449E-012
4005 3.7390E-012
4008 3.7667E-012
4011 4.0012E-012
4014 4.0531E-012
4016 4.0691E-012
4019 4.0591E-012
4022 4.1198E-012
4025 4.0814E-012
4027 4.1294E-012
4030 3.9604E-012
4033 3.7066E-012
4036 3.8205E-012
4038 4.1043E-012
4041 4.1011E-012
4044 3.9285E-012
4047 3.5261E-012
4049 3.8081E-012
4052 4.0294E-012
4055 3.8892E-012
4058 3.7320E-012
4060 3.7867E-012
4063 3.7129E-012
4066 3.6219E-012
4069 3.7884E-012
4071 3.8585E-012
4074 3.7880E-012
4077 3.7096E-012
4080 3.6992E-012
4082 3.9987E-012
4085 3.9471E-012
4088 4.1162E-012
4091 4.2166E-012
4093 4.0844E-012
4096 3.8502E-012
4099 3.5860E-012
4102 3.1764E-012
4104 3.2946E-012
4107 3.7503E-012
4110 3.8932E-012
4113 4.0162E-012
4115 4.1710E-012
4118 4.2405E-012
4121 4.1175E-012
4124 4.1660E-012
4126 4.1475E-012
4129 4.0593E-012
4132 3.9472E-012
4135 3.9192E-012
4137 4.1752E-012
4140 4.3047E-012
4143 4.1200E-012
4146 3.9664E-012
4148 4.0757E-012
4151 4.1480E-012
4154 4.0551E-012
4157 3.9276E-012
4159 4.0730E-012
4162 4.2504E-012
4165 4.3215E-012
4168 4.2052E-012
4170 4.1052E-012
4173 3.8412E-012
4176 3.8349E-012
4179 3.9305E-012
4181 4.0400E-012
4184 3.9616E-012
4187 3.9493E-012
4190 3.9382E-012
4192 4.1032E-012
4195 4.1589E-012
4198 3.9308E-012
4200 3.7656E-012
4203 3.8187E-012
4206 4.0418E-012
4209 4.2154E-012
4211 4.2243E-012
4214 4.2436E-012
4217 4.1289E-012
4220 4.1423E-012
4222 4.1227E-012
4225 3.6945E-012
4228 3.4141E-012
4231 3.9515E-012
4233 4.0267E-012
4236 3.8719E-012
4239 3.8376E-012
4242 3.9853E-012
4244 4.0416E-012
4247 3.9748E-012
4250 3.7677E-012
4253 3.8970E-012
4255 3.9223E-012
4258 3.9446E-012
4261 3.6989E-012
4264 3.9394E-012
4266 4.0729E-012
4269 3.8847E-012
4272 3.4887E-012
4275 3.5200E-012
4277 3.7768E-012
4280 3.8796E-012
4283 3.8117E-012
4286 3.7203E-012
4288 3.5695E-012
4291 3.4259E-012
4294 3.5925E-012
4297 3.4379E-012
4299 3.0266E-012
4302 2.7982E-012
4305 2.8327E-012
4308 2.7907E-012
4310 2.7816E-012
4313 3.1493E-012
4316 3.7250E-012
4319 4.1628E-012
4321 4.1295E-012
4324 3.7136E-012
4327 3.4271E-012
4330 3.9232E-012
4332 4.0882E-012
4335 4.0405E-012
4338 3.6365E-012
4341 3.2088E-012
4343 3.2948E-012
4346 3.7473E-012
4349 3.9755E-012
4352 3.9385E-012
4354 3.8363E-012
4357 4.0395E-012
4360 4.0910E-012
4363 4.2296E-012
4365 4.3508E-012
4368 4.2148E-012
4371 4.1201E-012
4374 4.0346E-012
4376 3.9287E-012
4379 4.0478E-012
4382 3.9196E-012
4385 3.4260E-012
4387 3.6458E-012
4390 3.8346E-012
4393 3.9467E-012
4396 4.0435E-012
4398 4.1619E-012
4401 4.0413E-012
4404 3.9854E-012
4407 3.8666E-012
4409 4.0887E-012
4412 4.3140E-012
4415 4.2905E-012
4418 4.1632E-012
4420 4.3132E-012
4423 4.3502E-012
4426 4.3382E-012
4429 4.4069E-012
4431 4.3491E-012
4434 4.2842E-012
4437 4.2385E-012
4440 4.4554E-012
4442 4.3355E-012
4445 4.3589E-012
4448 4.4709E-012
4451 4.4131E-012
4453 4.2956E-012
4456 4.0423E-012
4459 4.0513E-012
4462 4.0829E-012
4464 4.2142E-012
4467 4.3014E-012
4470 4.3312E-012
4473 4.4146E-012
4475 4.5567E-012
4478 4.5833E-012
4481 4.3984E-012
4483 4.3088E-012
4486 4.5451E-012
4489 4.4866E-012
4492 4.4016E-012
4494 4.4649E-012
4497 4.4783E-012
4500 4.5740E-012
4503 4.6365E-012
4505 4.7369E-012
4508 4.7819E-012
4511 4.7526E-012
4514 4.6785E-012
4516 4.6037E-012
4519 4.5965E-012
4522 4.6104E-012
4525 4.4585E-012
4527 4.2612E-012
4530 4.1247E-012
4533 4.2112E-012
4536 4.2162E-012
4538 4.4521E-012
4541 4.4697E-012
4544 4.5411E-012
4547 4.4028E-012
4549 4.3069E-012
4552 4.3390E-012
4555 4.3711E-012
4558 4.4853E-012
4560 4.6184E-012
4563 4.6242E-012
4566 4.4933E-012
4569 4.5862E-012
4571 4.5871E-012
4574 4.6101E-012
4577 4.6343E-012
4580 4.5573E-012
4582 4.3538E-012
4585 4.3260E-012
4588 4.4318E-012
4591 4.4883E-012
4593 4.4280E-012
4596 4.4350E-012
4599 4.4493E-012
4602 4.4584E-012
4604 4.5016E-012
4607 4.5704E-012
4610 4.6085E-012
4613 4.5999E-012
4615 4.5974E-012
4618 4.5889E-012
4621 4.6043E-012
4624 4.6313E-012
4626 4.6410E-012
4629 4.6359E-012
4632 4.6353E-012
4635 4.5740E-012
4637 4.5283E-012
4640 4.4973E-012
4643 4.5574E-012
4646 4.4357E-012
4648 4.3123E-012
4651 4.3979E-012
4654 4.4660E-012
4657 4.4607E-012
4659 4.5778E-012
4662 4.5622E-012
4665 4.4361E-012
4668 4.2174E-012
4670 4.2054E-012
4673 4.3915E-012
4676 4.4924E-012
4678 4.4808E-012
4681 4.4316E-012
4684 4.4432E-012
4687 4.4299E-012
4689 4.4546E-012
4692 4.4389E-012
4695 4.4948E-012
4698 4.4834E-012
4700 4.3370E-012
4703 4.2273E-012
4706 4.2621E-012
4709 4.2580E-012
4711 4.3818E-012
4714 4.4139E-012
4717 4.4943E-012
4720 4.5824E-012
4722 4.6344E-012
4725 4.5975E-012
4728 4.4409E-012
4731 4.3468E-012
4733 4.3985E-012
4736 4.4440E-012
4739 4.4792E-012
4742 4.5181E-012
4744 4.5648E-012
4747 4.6001E-012
4750 4.6163E-012
4753 4.5242E-012
4755 4.4431E-012
4758 4.4170E-012
4761 4.4707E-012
4764 4.3539E-012
4766 4.3486E-012
4769 4.4333E-012
4772 4.5108E-012
4775 4.5471E-012
4777 4.5924E-012
4780 4.5929E-012
4783 4.5480E-012
4786 4.4892E-012
4788 4.4118E-012
4791 4.4482E-012
4794 4.5302E-012
4797 4.6052E-012
4799 4.5373E-012
4802 4.4988E-012
4805 4.4927E-012
4808 4.4665E-012
4810 4.4491E-012
4813 4.5372E-012
4816 4.5465E-012
4818 4.5772E-012
4821 4.5117E-012
4824 4.4651E-012
4827 4.4817E-012
4829 4.4539E-012
4832 4.4461E-012
4835 4.4502E-012
4838 4.3715E-012
4840 4.3185E-012
4843 4.3015E-012
4846 4.3224E-012
4849 4.3271E-012
4851 4.3136E-012
4854 4.1793E-012
4857 3.9084E-012
4860 3.5717E-012
4862 3.3488E-012
4865 3.5143E-012
4868 3.8361E-012
4871 3.9732E-012
4873 3.9068E-012
4876 4.0734E-012
4879 4.1873E-012
4882 4.2784E-012
4884 4.2804E-012
4887 4.1389E-012
4890 4.0940E-012
4893 4.1610E-012
4895 4.3819E-012
4898 4.4516E-012
4901 4.4375E-012
4904 4.3982E-012
4906 4.3749E-012
4909 4.3348E-012
4912 4.2332E-012
4915 4.2987E-012
4917 4.2937E-012
4920 3.9902E-012
4923 3.9867E-012
4926 4.1599E-012
4928 4.2937E-012
4931 4.3845E-012
4934 4.2837E-012
4936 4.2159E-012
4939 4.2447E-012
4942 4.3013E-012
4945 4.4144E-012
4947 4.4398E-012
4950 4.4657E-012
4953 4.4176E-012
4956 4.3373E-012
4958 4.1536E-012
4961 4.3204E-012
4964 4.4380E-012
4967 4.4080E-012
4969 4.3350E-012
4972 4.3493E-012
4975 4.4095E-012
4978 4.4093E-012
4980 4.2723E-012
4983 4.1018E-012
4986 4.0896E-012
4989 4.2441E-012
4991 4.2921E-012
4994 4.2931E-012
4997 4.3309E-012
5000 4.2849E-012
5002 4.1652E-012
5005 4.1248E-012
5008 4.0434E-012
5011 4.1680E-012
5013 4.0756E-012
5016 4.0215E-012
5019 4.0471E-012
5022 4.1378E-012
5024 4.1812E-012
5027 4.2211E-012
5030 4.1804E-012
5033 4.0910E-012
5035 4.3099E-012
5038 4.1650E-012
5041 4.0559E-012
5043 4.0385E-012
5046 4.2718E-012
5049 4.3076E-012
5052 4.2101E-012
5054 4.2897E-012
5057 4.4055E-012
5060 4.4227E-012
5063 4.4279E-012
5065 4.3136E-012
5068 4.2673E-012
5071 4.2730E-012
5074 4.2457E-012
5076 4.2086E-012
5079 4.1819E-012
5082 4.0453E-012
5085 4.1317E-012
5087 4.2863E-012
5090 4.3346E-012
5093 4.3746E-012
5096 4.3078E-012
5098 4.1924E-012
5101 4.2273E-012
5104 4.2757E-012
5107 4.2450E-012
5109 4.1754E-012
5112 4.1715E-012
5115 4.2899E-012
5118 4.3581E-012
5120 4.3813E-012
5123 4.2618E-012
5126 4.1283E-012
5128 4.1093E-012
5131 4.1354E-012
5134 4.1284E-012
5137 4.1536E-012
5139 4.0316E-012
5142 4.0017E-012
5145 4.0415E-012
5148 4.0561E-012
5150 4.1018E-012
5153 4.1148E-012
5156 4.1094E-012
5159 4.1681E-012
5161 4.1760E-012
5164 3.9998E-012
5167 3.7234E-012
5170 3.4076E-012
5172 3.4936E-012
5175 3.5744E-012
5178 3.9945E-012
5181 4.0210E-012
5183 3.6923E-012
5186 3.6362E-012
5189 3.8923E-012
5192 3.9853E-012
5194 3.9361E-012
5197 3.9824E-012
5200 4.1016E-012
5203 4.1504E-012
5205 4.0429E-012
5208 3.9620E-012
5211 4.0144E-012
5213 4.1638E-012
5216 4.1310E-012
5219 4.0962E-012
5222 4.1862E-012
5224 4.1302E-012
5227 3.9042E-012
5230 3.9146E-012
5233 4.0078E-012
5235 4.0091E-012
5238 4.1627E-012
5241 4.2329E-012
5244 4.2493E-012
5246 4.2421E-012
5249 4.1815E-012
5252 4.0984E-012
5255 4.1353E-012
5257 4.1686E-012
5260 4.2142E-012
5263 3.9527E-012
5266 3.7136E-012
5268 3.6998E-012
5271 3.6783E-012
5274 3.8638E-012
5276 3.9256E-012
5279 4.1160E-012
5282 4.1019E-012
5285 4.0571E-012
5287 4.2151E-012
5290 4.2973E-012
5293 4.3083E-012
5296 4.2082E-012
5298 4.0723E-012
5301 4.1044E-012
5304 4.1850E-012
5307 4.2570E-012
5309 4.2849E-012
5312 4.3109E-012
5315 4.2336E-012
5318 4.1996E-012
5320 4.2055E-012
5323 4.1020E-012
5326 3.9611E-012
5329 3.8412E-012
5331 3.9663E-012
5334 4.1122E-012
5337 4.1399E-012
5340 4.0981E-012
5342 4.0293E-012
5345 4.0900E-012
5348 4.0907E-012
5350 4.1097E-012
5353 4.1823E-012
5356 4.2531E-012
5359 4.2916E-012
5361 4.2316E-012
5364 4.1220E-012
5367 4.0648E-012
5370 3.9956E-012
5372 3.9724E-012
5375 4.1351E-012
5378 4.1863E-012
5381 4.1478E-012
5383 4.1030E-012
5386 4.1349E-012
5389 4.1298E-012
5392 4.0591E-012
5394 3.9658E-012
5397 3.9477E-012
5400 3.9502E-012
5402 3.9594E-012
5405 3.8449E-012
5408 3.9065E-012
5411 3.9086E-012
5413 4.0157E-012
5416 4.0408E-012
5419 4.0970E-012
5422 4.0687E-012
5424 4.0118E-012
5427 4.0574E-012
5430 4.0175E-012
5433 4.0362E-012
5435 3.9975E-012
5438 4.1099E-012
5441 4.1838E-012
5444 4.1419E-012
5446 4.0313E-012
5449 4.0737E-012
5454 4.0678E-012
5459 4.0651E-012
5464 4.0778E-012
5469 4.0686E-012
5474 4.0348E-012
5479 3.9942E-012
5484 4.0182E-012
5488 4.0634E-012
5493 4.0591E-012
5498 4.0535E-012
5503 4.0193E-012
5508 4.0332E-012
5513 4.0499E-012
5518 4.0380E-012
5523 4.0857E-012
5527 4.0220E-012
5532 4.0097E-012
5537 3.9923E-012
5542 4.0077E-012
5547 4.0706E-012
5552 4.0865E-012
5557 4.0393E-012
5562 4.0039E-012
5566 3.9410E-012
5571 3.8937E-012
5576 3.9351E-012
5581 3.9694E-012
5586 3.9273E-012
5591 3.8362E-012
5596 3.8685E-012
5601 3.8863E-012
5605 3.9181E-012
5610 3.9911E-012
5615 3.9268E-012
5620 3.9046E-012
5625 3.9529E-012
5630 3.9820E-012
5635 3.9567E-012
5639 3.9439E-012
5644 3.9428E-012
5649 3.9554E-012
5654 3.9116E-012
5659 3.8595E-012
5664 3.8735E-012
5669 3.9230E-012
5674 3.9665E-012
5678 3.9608E-012
5683 3.9193E-012
5688 3.8777E-012
5693 3.9033E-012
5698 3.9074E-012
5703 3.8911E-012
5708 3.8124E-012
5713 3.7870E-012
5717 3.9039E-012
5722 3.9528E-012
5727 3.9742E-012
5732 3.9563E-012
5737 3.9791E-012
5742 3.9742E-012
5747 3.9659E-012
5752 3.9153E-012
5756 3.8544E-012
5761 3.8778E-012
5766 3.9105E-012
5771 3.9451E-012
5776 3.9183E-012
5781 3.8810E-012
5786 3.8353E-012
5791 3.8681E-012
5795 3.8877E-012
5800 3.9050E-012
5805 3.8749E-012
5810 3.8833E-012
5815 3.9079E-012
5820 3.9100E-012
5825 3.8933E-012
5830 3.9160E-012
5834 3.8938E-012
5839 3.8949E-012
5844 3.9200E-012
5849 3.8857E-012
5854 3.8596E-012
5859 3.7980E-012
5864 3.7921E-012
5869 3.8458E-012
5873 3.8896E-012
5878 3.8525E-012
5883 3.8124E-012
5888 3.7102E-012
5893 3.5746E-012
5898 3.5986E-012
5903 3.7390E-012
5908 3.7894E-012
5912 3.8361E-012
5917 3.8109E-012
5922 3.8392E-012
5927 3.8176E-012
5932 3.7792E-012
5937 3.8027E-012
5942 3.8221E-012
5947 3.8141E-012
5951 3.7848E-012
5956 3.7965E-012
5961 3.7905E-012
5966 3.8149E-012
5971 3.8089E-012
5976 3.7900E-012
5981 3.7515E-012
5986 3.7426E-012
5990 3.7405E-012
5995 3.7402E-012
6000 3.7288E-012
6005 3.7211E-012
6010 3.6909E-012
6015 3.6987E-012
6020 3.6822E-012
6025 3.6685E-012
6029 3.7006E-012
6034 3.7526E-012
6039 3.7534E-012
6044 3.7523E-012
6049 3.7437E-012
6054 3.7184E-012
6059 3.7192E-012
6064 3.7147E-012
6068 3.6971E-012
6073 3.7009E-012
6078 3.6966E-012
6083 3.6726E-012
6088 3.6501E-012
6093 3.6517E-012
6098 3.6432E-012
6103 3.6268E-012
6107 3.6368E-012
6112 3.6435E-012
6117 3.6244E-012
6122 3.6020E-012
6127 3.5964E-012
6132 3.5969E-012
6137 3.5779E-012
6142 3.5459E-012
6147 3.5765E-012
6151 3.5689E-012
6156 3.5603E-012
6161 3.5043E-012
6166 3.4752E-012
6171 3.5064E-012
6176 3.5416E-012
6181 3.5569E-012
6186 3.5771E-012
6190 3.5729E-012
6195 3.5736E-012
6200 3.6026E-012
6205 3.6184E-012
6210 3.6006E-012
6215 3.5609E-012
6220 3.5254E-012
6225 3.5375E-012
6229 3.5307E-012
6234 3.5229E-012
6239 3.5150E-012
6244 3.4745E-012
6249 3.4565E-012
6254 3.4658E-012
6259 3.4549E-012
6264 3.4682E-012
6268 3.5117E-012
6273 3.5493E-012
6278 3.5497E-012
6283 3.5265E-012
6288 3.5397E-012
6293 3.5378E-012
6298 3.5314E-012
6303 3.4737E-012
6307 3.4686E-012
6312 3.4524E-012
6317 3.4080E-012
6322 3.3998E-012
6327 3.3980E-012
6332 3.4054E-012
6337 3.3956E-012
6342 3.4155E-012
6347 3.4162E-012
6351 3.4456E-012
6356 3.4568E-012
6361 3.4366E-012
6366 3.4208E-012
6371 3.4434E-012
6376 3.4605E-012
6381 3.4626E-012
6386 3.4610E-012
6390 3.4523E-012
6395 3.4160E-012
6400 3.3623E-012
6405 3.3674E-012
6410 3.3457E-012
6415 3.3552E-012
6420 3.3647E-012
6425 3.3769E-012
6429 3.3870E-012
6434 3.3667E-012
6439 3.3670E-012
6444 3.3562E-012
6449 3.3617E-012
6454 3.3541E-012
6459 3.3398E-012
6464 3.3241E-012
6468 3.3537E-012
6473 3.3425E-012
6478 3.3503E-012
6483 3.3462E-012
6488 3.3567E-012
6493 3.3037E-012
6498 3.2409E-012
6503 3.2862E-012
6508 3.3373E-012
6512 3.3538E-012
6517 3.3438E-012
6522 3.3199E-012
6527 3.3102E-012
6532 3.3162E-012
6537 3.3161E-012
6542 3.3194E-012
6547 3.2548E-012
6551 3.1921E-012
6556 3.0308E-012
6561 2.8455E-012
6566 2.8230E-012
6571 2.9676E-012
6576 3.1075E-012
6581 3.2057E-012
6586 3.2369E-012
6590 3.2481E-012
6595 3.2109E-012
6600 3.2532E-012
6605 3.2641E-012
6610 3.2705E-012
6615 3.2667E-012
6620 3.2884E-012
6625 3.2755E-012
6630 3.2786E-012
6634 3.2269E-012
6639 3.2407E-012
6644 3.2496E-012
6649 3.2423E-012
6654 3.2610E-012
6659 3.2600E-012
6664 3.2428E-012
6669 3.2372E-012
6673 3.2603E-012
6678 3.2282E-012
6683 3.2427E-012
6688 3.2634E-012
6693 3.2553E-012
6698 3.2331E-012
6703 3.2215E-012
6708 3.2115E-012
6713 3.2021E-012
6717 3.1785E-012
6722 3.1571E-012
6727 3.1938E-012
6732 3.2109E-012
6737 3.1971E-012
6742 3.2047E-012
6747 3.1939E-012
6752 3.1633E-012
6756 3.1871E-012
6761 3.1790E-012
6766 3.1746E-012
6771 3.1644E-012
6776 3.1669E-012
6781 3.1829E-012
6786 3.1588E-012
6791 3.1551E-012
6796 3.1502E-012
6800 3.1553E-012
6805 3.1548E-012
6810 3.1455E-012
6815 3.1511E-012
6820 3.1484E-012
6825 3.1420E-012
6830 3.1379E-012
6835 3.1097E-012
6839 3.0974E-012
6844 3.0739E-012
6849 3.0917E-012
6854 3.0982E-012
6859 3.0789E-012
6864 3.0839E-012
6869 3.0988E-012
6874 3.1072E-012
6878 3.1146E-012
6883 3.0939E-012
6888 3.1007E-012
6893 3.1065E-012
6898 3.1096E-012
6903 3.0968E-012
6908 3.0858E-012
6913 3.0667E-012
6918 3.0529E-012
6922 3.0604E-012
6927 3.0388E-012
6932 3.0732E-012
6937 3.0517E-012
6942 3.0644E-012
6947 3.0504E-012
6952 3.0215E-012
6957 3.0368E-012
6961 3.0334E-012
6966 3.0431E-012
6971 3.0264E-012
6976 3.0018E-012
6981 2.9905E-012
6986 3.0108E-012
6991 3.0165E-012
6996 3.0161E-012
7001 3.0025E-012
7005 2.9534E-012
7010 2.9538E-012
7015 2.9629E-012
7020 2.9265E-012
7025 2.9389E-012
7030 2.9466E-012
7035 2.9607E-012
7040 2.9485E-012
7044 2.9819E-012
7049 2.9655E-012
7054 2.9596E-012
7059 2.9593E-012
7064 2.9681E-012
7069 2.9516E-012
7074 2.9207E-012
7079 2.9454E-012
7084 2.9505E-012
7088 2.9133E-012
7093 2.9368E-012
7098 2.9267E-012
7103 2.9304E-012
7108 2.9343E-012
7113 2.9246E-012
7118 2.9225E-012
7123 2.9034E-012
7128 2.9122E-012
7132 2.8966E-012
7137 2.9027E-012
7142 2.9042E-012
7147 2.8960E-012
7152 2.8916E-012
7157 2.8880E-012
7162 2.8834E-012
7167 2.8549E-012
7171 2.8774E-012
7176 2.8696E-012
7181 2.8422E-012
7186 2.8264E-012
7191 2.8211E-012
7196 2.8199E-012
7201 2.8271E-012
7206 2.8254E-012
7211 2.8203E-012
7215 2.8424E-012
7220 2.8276E-012
7225 2.8188E-012
7230 2.8383E-012
7235 2.8486E-012
7240 2.8233E-012
7245 2.8264E-012
7250 2.8293E-012
7254 2.8174E-012
7259 2.8190E-012
7264 2.8166E-012
7269 2.8269E-012
7274 2.8308E-012
7279 2.8047E-012
7284 2.7665E-012
7289 2.7380E-012
7294 2.7479E-012
7298 2.7792E-012
7303 2.7851E-012
7308 2.7633E-012
7313 2.7718E-012
7318 2.7804E-012
7323 2.7825E-012
7328 2.7624E-012
7333 2.7688E-012
7337 2.7771E-012
7342 2.7830E-012
7347 2.7632E-012
7352 2.7583E-012
7357 2.7385E-012
7362 2.7547E-012
7367 2.7446E-012
7372 2.7499E-012
7377 2.7308E-012
7381 2.7419E-012
7386 2.6990E-012
7391 2.6657E-012
7396 2.7020E-012
7401 2.6998E-012
7406 2.6837E-012
7411 2.6563E-012
7416 2.6484E-012
7421 2.6718E-012
7425 2.6673E-012
7430 2.6889E-012
7435 2.6981E-012
7440 2.6908E-012
7445 2.6825E-012
7450 2.6804E-012
7455 2.6947E-012
7460 2.6913E-012
7464 2.6891E-012
7469 2.6944E-012
7474 2.6928E-012
7479 2.6838E-012
7484 2.6798E-012
7489 2.6776E-012
7494 2.6581E-012
7499 2.6419E-012
7504 2.6590E-012
7508 2.6409E-012
7513 2.6256E-012
7518 2.6585E-012
7523 2.6473E-012
7528 2.6272E-012
7533 2.6308E-012
7538 2.6446E-012
7543 2.6564E-012
7548 2.6435E-012
7552 2.6226E-012
7557 2.6209E-012
7562 2.6261E-012
7567 2.6312E-012
7572 2.6153E-012
7577 2.6128E-012
7582 2.6132E-012
7587 2.5929E-012
7591 2.6065E-012
7596 2.6112E-012
7601 2.6105E-012
7606 2.5838E-012
7611 2.5902E-012
7616 2.5819E-012
7621 2.5734E-012
7626 2.5890E-012
7631 2.5922E-012
7635 2.6017E-012
7640 2.5985E-012
7645 2.6021E-012
7650 2.5811E-012
7655 2.5582E-012
7660 2.5123E-012
7665 2.4898E-012
7670 2.5228E-012
7674 2.5574E-012
7679 2.5651E-012
7684 2.5495E-012
7689 2.5506E-012
7694 2.5428E-012
7699 2.5227E-012
7704 2.5289E-012
7709 2.5388E-012
7714 2.5084E-012
7718 2.5205E-012
7723 2.5295E-012
7728 2.5316E-012
7733 2.5387E-012
7738 2.5263E-012
7743 2.5193E-012
7748 2.4892E-012
7753 2.4943E-012
7758 2.5125E-012
7762 2.5419E-012
7767 2.5362E-012
7772 2.5075E-012
7777 2.4919E-012
7782 2.4835E-012
7787 2.4836E-012
7792 2.4958E-012
7797 2.4919E-012
7801 2.4830E-012
7806 2.4995E-012
7811 2.4897E-012
7816 2.4975E-012
7821 2.5032E-012
7826 2.5004E-012
7831 2.4852E-012
7836 2.4531E-012
7841 2.4866E-012
7845 2.4733E-012
7850 2.4537E-012
7855 2.4672E-012
7860 2.4760E-012
7865 2.4888E-012
7870 2.4849E-012
7875 2.4707E-012
7880 2.4536E-012
7885 2.4606E-012
7889 2.4753E-012
7894 2.4652E-012
7899 2.4660E-012
7904 2.4702E-012
7909 2.4431E-012
7914 2.4014E-012
7919 2.4028E-012
7924 2.4053E-012
7928 2.4025E-012
7933 2.3709E-012
7938 2.3612E-012
7943 2.3655E-012
7948 2.3568E-012
7953 2.3976E-012
7958 2.3949E-012
7963 2.4103E-012
7968 2.4173E-012
7972 2.4064E-012
7977 2.4303E-012
7982 2.4251E-012
7987 2.4128E-012
7992 2.3998E-012
7997 2.3707E-012
8002 2.3595E-012
8007 2.3729E-012
8012 2.3956E-012
8016 2.3840E-012
8021 2.3889E-012
8026 2.3774E-012
8031 2.3806E-012
8036 2.3631E-012
8041 2.3633E-012
8046 2.3493E-012
8051 2.3265E-012
8055 2.3370E-012
8060 2.3503E-012
8065 2.3494E-012
8070 2.3393E-012
8075 2.3264E-012
8080 2.3145E-012
8085 2.3111E-012
8090 2.3081E-012
8095 2.3126E-012
8099 2.2966E-012
8104 2.3064E-012
8109 2.3131E-012
8114 2.3279E-012
8119 2.3269E-012
8124 2.3354E-012
8129 2.3165E-012
8134 2.3232E-012
8139 2.3055E-012
8143 2.3004E-012
8148 2.3046E-012
8153 2.2960E-012
8158 2.3087E-012
8163 2.3051E-012
8168 2.2951E-012
8173 2.2868E-012
8178 2.2892E-012
8182 2.2683E-012
8187 2.2243E-012
8192 2.2535E-012
8197 2.2253E-012
8202 2.2381E-012
8207 2.2367E-012
8212 2.2279E-012
8217 2.2169E-012
8222 2.2107E-012
8226 2.2332E-012
8231 2.2435E-012
8236 2.2238E-012
8241 2.2294E-012
8246 2.2413E-012
8251 2.2310E-012
8256 2.2396E-012
8261 2.2410E-012
8265 2.2360E-012
8270 2.2406E-012
8275 2.2340E-012
8280 2.2283E-012
8285 2.2242E-012
8290 2.2187E-012
8295 2.1992E-012
8300 2.2181E-012
8305 2.2009E-012
8309 2.1968E-012
8314 2.1972E-012
8319 2.2036E-012
8324 2.1891E-012
8329 2.1656E-012
8334 2.1556E-012
8339 2.1491E-012
8344 2.1454E-012
8349 2.1546E-012
8353 2.1733E-012
8358 2.1806E-012
8363 2.1685E-012
8368 2.1527E-012
8373 2.1610E-012
8378 2.1873E-012
8383 2.1850E-012
8388 2.1731E-012
8392 2.1581E-012
8397 2.1633E-012
8402 2.1800E-012
8407 2.1632E-012
8412 2.1708E-012
8417 2.1631E-012
8422 2.1613E-012
8427 2.1509E-012
8432 2.1420E-012
8436 2.1370E-012
8441 2.1129E-012
8446 2.1015E-012
8451 2.1111E-012
8456 2.1184E-012
8461 2.1404E-012
8466 2.1416E-012
8471 2.1276E-012
8475 2.1245E-012
8480 2.1287E-012
8485 2.1143E-012
8490 2.0945E-012
8495 2.0594E-012
8500 1.9648E-012
8505 1.9888E-012
8510 2.0539E-012
8515 2.0562E-012
8519 2.0489E-012
8524 2.0518E-012
8529 2.0311E-012
8534 1.9989E-012
8539 1.9129E-012
8544 1.8199E-012
8549 1.8097E-012
8554 1.9695E-012
8559 2.0123E-012
8563 2.0396E-012
8568 2.0815E-012
8573 2.0849E-012
8578 2.0864E-012
8583 2.0678E-012
8588 2.0619E-012
8593 2.0514E-012
8598 2.0431E-012
8602 2.0344E-012
8607 2.0472E-012
8612 2.0455E-012
8617 2.0400E-012
8622 2.0526E-012
8627 2.0459E-012
8632 2.0504E-012
8637 2.0296E-012
8642 2.0357E-012
8646 2.0163E-012
8651 1.9732E-012
8656 1.9430E-012
8661 1.8438E-012
8666 1.7928E-012
8671 1.8609E-012
8676 1.9371E-012
8681 1.9594E-012
8685 1.9849E-012
8690 1.9781E-012
8695 1.9896E-012
8700 2.0020E-012
8705 2.0094E-012
8710 2.0142E-012
8715 1.9886E-012
8720 1.9820E-012
8725 1.9970E-012
8729 1.9853E-012
8734 1.9818E-012
8739 1.9820E-012
8744 1.9788E-012
8749 1.9650E-012
8754 1.9629E-012
8759 1.9769E-012
8764 1.9850E-012
8768 1.9830E-012
8773 1.9729E-012
8778 1.9792E-012
8783 1.9772E-012
8788 1.9723E-012
8793 1.9489E-012
8798 1.9608E-012
8803 1.9642E-012
8808 1.9327E-012
8812 1.9488E-012
8817 1.9651E-012
8822 1.9549E-012
8827 1.9500E-012
8832 1.9572E-012
8837 1.9646E-012
8842 1.9492E-012
8847 1.9646E-012
8851 1.9434E-012
8856 1.9443E-012
8861 1.9149E-012
8866 1.8874E-012
8871 1.9075E-012
8876 1.9334E-012
8881 1.9402E-012
8886 1.9427E-012
8891 1.9399E-012
8895 1.9344E-012
8900 1.9230E-012
8905 1.9229E-012
8910 1.9300E-012
8915 1.9230E-012
8920 1.9288E-012
8925 1.9236E-012
8930 1.9060E-012
8934 1.9085E-012
8939 1.9153E-012
8944 1.9037E-012
8949 1.8962E-012
8954 1.9118E-012
8959 1.9310E-012
8964 1.9236E-012
8969 1.9172E-012
8974 1.9027E-012
8978 1.9069E-012
8983 1.9116E-012
8988 1.8988E-012
8993 1.9179E-012
8998 1.8808E-012
9003 1.8647E-012
9008 1.8399E-012
9013 1.8152E-012
9017 1.8195E-012
9022 1.8394E-012
9027 1.8596E-012
9032 1.8727E-012
9037 1.8960E-012
9042 1.8816E-012
9047 1.8792E-012
9052 1.8781E-012
9056 1.8538E-012
9061 1.8525E-012
9066 1.8527E-012
9071 1.8615E-012
9076 1.8741E-012
9081 1.8520E-012
9086 1.8333E-012
9091 1.8118E-012
9096 1.8071E-012
9100 1.8241E-012
9105 1.8383E-012
9110 1.8484E-012
9115 1.8429E-012
9120 1.8374E-012
9125 1.8424E-012
9130 1.8472E-012
9135 1.8432E-012
9139 1.8505E-012
9144 1.8529E-012
9149 1.8536E-012
9154 1.8555E-012
9159 1.8574E-012
9164 1.8446E-012
9169 1.8281E-012
9174 1.8041E-012
9179 1.8054E-012
9183 1.8140E-012
9188 1.8350E-012
9193 1.8405E-012
9198 1.8286E-012
9203 1.8075E-012
9208 1.7849E-012
9213 1.7653E-012
9218 1.7412E-012
9222 1.7520E-012
9227 1.7512E-012
9232 1.7327E-012
9237 1.7361E-012
9242 1.7313E-012
9247 1.7347E-012
9252 1.7473E-012
9257 1.7321E-012
9261 1.7534E-012
9266 1.7633E-012
9271 1.7721E-012
9276 1.7827E-012
9281 1.7853E-012
9286 1.7785E-012
9291 1.7934E-012
9296 1.7905E-012
9300 1.7863E-012
9305 1.7816E-012
9310 1.7690E-012
9315 1.7569E-012
9320 1.7470E-012
9325 1.7541E-012
9330 1.7662E-012
9335 1.7546E-012
9340 1.7554E-012
9344 1.7446E-012
9349 1.7386E-012
9354 1.7326E-012
9359 1.7495E-012
9364 1.7427E-012
9369 1.7420E-012
9374 1.7435E-012
9379 1.7302E-012
9383 1.7270E-012
9388 1.7191E-012
9393 1.7254E-012
9398 1.7156E-012
9403 1.7116E-012
9408 1.6898E-012
9413 1.6871E-012
9418 1.6593E-012
9422 1.6662E-012
9427 1.6901E-012
9432 1.6852E-012
9437 1.6798E-012
9442 1.6922E-012
9447 1.6963E-012
9452 1.7044E-012
9457 1.6930E-012
9461 1.7076E-012
9466 1.7045E-012
9471 1.7255E-012
9476 1.7244E-012
9481 1.7143E-012
9486 1.7041E-012
9491 1.7033E-012
9496 1.7052E-012
9501 1.6893E-012
9505 1.6918E-012
9510 1.6907E-012
9515 1.6733E-012
9520 1.6764E-012
9525 1.6585E-012
9530 1.6670E-012
9535 1.6571E-012
9540 1.6441E-012
9544 1.6307E-012
9549 1.6120E-012
9554 1.6119E-012
9559 1.6215E-012
9564 1.6527E-012
9569 1.6575E-012
9574 1.6531E-012
9579 1.6552E-012
9583 1.6450E-012
9588 1.6623E-012
9593 1.6580E-012
9598 1.6584E-012
9603 1.6550E-012
9608 1.6488E-012
9613 1.6477E-012
9618 1.6597E-012
9622 1.6442E-012
9627 1.6185E-012
9632 1.6288E-012
9637 1.6242E-012
9642 1.6289E-012
9647 1.6156E-012
9652 1.6181E-012
9657 1.6101E-012
9661 1.5878E-012
9666 1.6114E-012
9671 1.6211E-012
9676 1.6169E-012
9681 1.6190E-012
9686 1.6254E-012
9691 1.6211E-012
9696 1.6407E-012
9700 1.6311E-012
9705 1.6225E-012
9710 1.6022E-012
9715 1.6034E-012
9720 1.5947E-012
9725 1.5891E-012
9730 1.5951E-012
9735 1.6004E-012
9739 1.5855E-012
9744 1.5791E-012
9749 1.5903E-012
9754 1.6127E-012
9759 1.5931E-012
9764 1.5874E-012
9769 1.5903E-012
9774 1.5854E-012
9778 1.5967E-012
9783 1.5842E-012
9788 1.5824E-012
9793 1.5715E-012
9798 1.5716E-012
9803 1.5741E-012
9808 1.5859E-012
9813 1.5843E-012
9817 1.5775E-012
9822 1.5534E-012
9827 1.5685E-012
9832 1.5689E-012
9837 1.5809E-012
9842 1.5660E-012
9847 1.5628E-012
9852 1.5748E-012
9856 1.5681E-012
9861 1.5691E-012
9866 1.5606E-012
9871 1.5384E-012
9876 1.5391E-012
9881 1.5721E-012
9886 1.5595E-012
9891 1.5495E-012
9895 1.5478E-012
9900 1.5527E-012
9905 1.5383E-012
9910 1.5516E-012
9915 1.5416E-012
9920 1.5311E-012
9925 1.5577E-012
9930 1.5405E-012
9934 1.5455E-012
9939 1.5261E-012
9944 1.5335E-012
9949 1.5356E-012
9954 1.5444E-012
9959 1.5521E-012
9964 1.5461E-012
9969 1.5378E-012
9973 1.5364E-012
9978 1.5233E-012
9983 1.5366E-012
9988 1.5169E-012
9993 1.5233E-012
9998 1.5146E-012
1E+004 1.5254E-012
1.001E+004 1.5206E-012
1.001E+004 1.5161E-012
1.002E+004 1.5254E-012
1.002E+004 1.4995E-012
1.003E+004 1.5040E-012
1.003E+004 1.4852E-012
1.004E+004 1.4852E-012
1.004E+004 1.4802E-012
1.005E+004 1.4530E-012
1.005E+004 1.4227E-012
1.006E+004 1.4416E-012
1.006E+004 1.4412E-012
1.007E+004 1.4622E-012
1.007E+004 1.4637E-012
1.008E+004 1.4866E-012
1.008E+004 1.4719E-012
1.009E+004 1.4743E-012
1.009E+004 1.4745E-012
1.01E+004 1.4815E-012
1.01E+004 1.4896E-012
1.011E+004 1.4794E-012
1.011E+004 1.4610E-012
1.011E+004 1.4692E-012
1.012E+004 1.4809E-012
1.013E+004 1.4866E-012
1.018E+004 1.4589E-012
1.023E+004 1.4518E-012
1.028E+004 1.4437E-012
1.033E+004 1.4187E-012
1.038E+004 1.4048E-012
1.043E+004 1.3942E-012
1.048E+004 1.3735E-012
1.053E+004 1.3659E-012
1.058E+004 1.3467E-012
1.063E+004 1.3318E-012
1.068E+004 1.2999E-012
1.073E+004 1.2942E-012
1.078E+004 1.2835E-012
1.083E+004 1.2571E-012
1.088E+004 1.2480E-012
1.093E+004 1.2154E-012
1.098E+004 1.2104E-012
1.103E+004 1.2162E-012
1.108E+004 1.2105E-012
1.113E+004 1.1954E-012
1.118E+004 1.1828E-012
1.123E+004 1.1744E-012
1.128E+004 1.1494E-012
1.133E+004 1.1448E-012
1.138E+004 1.1343E-012
1.143E+004 1.1169E-012
1.148E+004 1.1241E-012
1.153E+004 1.1124E-012
1.158E+004 1.0977E-012
1.163E+004 1.0739E-012
1.168E+004 1.0698E-012
1.173E+004 1.0710E-012
1.178E+004 1.0471E-012
1.183E+004 1.0374E-012
1.188E+004 1.0254E-012
1.193E+004 1.0327E-012
1.198E+004 9.9842E-013
1.203E+004 1.0018E-012
1.208E+004 9.8807E-013
1.213E+004 9.8818E-013
1.218E+004 9.8766E-013
1.223E+004 9.7720E-013
1.228E+004 9.6478E-013
1.233E+004 9.5765E-013
1.238E+004 9.5054E-013
1.243E+004 9.3768E-013
1.248E+004 9.3390E-013
1.253E+004 9.2263E-013
1.258E+004 9.1380E-013
1.263E+004 9.0505E-013
1.268E+004 8.9547E-013
1.273E+004 8.9257E-013
1.278E+004 8.8297E-013
1.283E+004 8.2586E-013
1.288E+004 8.6300E-013
1.293E+004 8.5710E-013
1.298E+004 8.5319E-013
1.303E+004 8.4135E-013
1.308E+004 8.3885E-013
1.313E+004 8.2206E-013
1.318E+004 8.1756E-013
1.323E+004 8.1670E-013
1.328E+004 8.0367E-013
1.333E+004 7.9884E-013
1.338E+004 7.9274E-013
1.343E+004 7.8834E-013
1.348E+004 7.8171E-013
1.353E+004 7.7372E-013
1.358E+004 7.6210E-013
1.363E+004 7.5888E-013
1.368E+004 7.5086E-013
1.373E+004 7.4600E-013
1.378E+004 7.3863E-013
1.383E+004 7.3445E-013
1.388E+004 7.2984E-013
1.393E+004 7.2412E-013
1.398E+004 7.1835E-013
1.403E+004 7.0613E-013
1.408E+004 7.0555E-013
1.413E+004 6.9303E-013
1.418E+004 6.9252E-013
1.423E+004 6.7870E-013
1.428E+004 6.7012E-013
1.433E+004 6.7210E-013
1.438E+004 6.6904E-013
1.443E+004 6.5115E-013
1.448E+004 6.5657E-013
1.453E+004 6.4499E-013
1.457E+004 6.4425E-013
1.462E+004 6.3933E-013
1.468E+004 6.3550E-013
1.473E+004 6.2311E-013
1.478E+004 6.1987E-013
1.483E+004 6.1754E-013
1.488E+004 6.0132E-013
1.493E+004 6.1363E-013
1.498E+004 6.0421E-013
1.503E+004 5.8571E-013
1.508E+004 5.8506E-013
1.513E+004 5.9129E-013
1.518E+004 5.8746E-013
1.523E+004 5.7935E-013
1.528E+004 5.7794E-013
1.533E+004 5.7142E-013
1.538E+004 5.6863E-013
1.543E+004 5.6344E-013
1.548E+004 5.5901E-013
1.553E+004 5.5245E-013
1.558E+004 5.4603E-013
1.563E+004 5.4593E-013
1.568E+004 5.3557E-013
1.573E+004 5.3174E-013
1.578E+004 5.1542E-013
1.583E+004 5.2151E-013
1.588E+004 5.0238E-013
1.593E+004 5.0938E-013
1.598E+004 5.1122E-013
1.605E+004 5.0347E-013
1.615E+004 4.8899E-013
1.625E+004 4.9195E-013
1.635E+004 4.7641E-013
1.645E+004 4.6169E-013
1.655E+004 4.6450E-013
1.665E+004 4.5584E-013
1.675E+004 4.3925E-013
1.685E+004 4.2426E-013
1.695E+004 4.3056E-013
1.705E+004 4.1803E-013
1.715E+004 4.1076E-013
1.725E+004 3.9932E-013
1.735E+004 3.7735E-013
1.745E+004 3.8243E-013
1.755E+004 3.7889E-013
1.765E+004 3.7125E-013
1.775E+004 3.6435E-013
1.785E+004 3.5796E-013
1.795E+004 3.5129E-013
1.805E+004 3.4336E-013
1.815E+004 3.2520E-013
1.825E+004 3.2683E-013
1.835E+004 3.2364E-013
1.845E+004 3.1526E-013
1.855E+004 3.1149E-013
1.865E+004 3.0258E-013
1.875E+004 2.8311E-013
1.885E+004 2.9195E-013
1.895E+004 2.8262E-013
1.905E+004 2.8372E-013
1.915E+004 2.7817E-013
1.925E+004 2.7234E-013
1.935E+004 2.6561E-013
1.945E+004 2.4988E-013
1.955E+004 2.5723E-013
1.965E+004 2.5253E-013
1.975E+004 2.4748E-013
1.985E+004 2.4398E-013
1.995E+004 2.4005E-013
2.005E+004 2.3693E-013
2.015E+004 2.3353E-013
2.025E+004 2.2742E-013
2.035E+004 2.2278E-013
2.045E+004 2.2127E-013
2.055E+004 2.1676E-013
2.065E+004 2.1181E-013
2.075E+004 2.0933E-013
2.085E+004 2.0552E-013
2.095E+004 2.0071E-013
2.105E+004 1.9914E-013
2.115E+004 1.9507E-013
2.125E+004 1.9157E-013
2.135E+004 1.8907E-013
2.145E+004 1.8608E-013
2.155E+004 1.8281E-013
2.165E+004 1.7173E-013
2.175E+004 1.7522E-013
2.185E+004 1.7278E-013
2.195E+004 1.7133E-013
2.205E+004 1.6689E-013
2.215E+004 1.6542E-013
2.225E+004 1.6254E-013
2.235E+004 1.6003E-013
2.245E+004 1.5723E-013
2.255E+004 1.5447E-013
2.265E+004 1.5193E-013
2.275E+004 1.5006E-013
2.285E+004 1.4679E-013
2.295E+004 1.4374E-013
2.305E+004 1.4259E-013
2.315E+004 1.4009E-013
2.325E+004 1.3621E-013
2.335E+004 1.3491E-013
2.345E+004 1.3391E-013
2.355E+004 1.2950E-013
2.365E+004 1.2913E-013
2.375E+004 1.2677E-013
2.385E+004 1.2317E-013
2.395E+004 1.2298E-013
2.405E+004 1.2154E-013
2.415E+004 1.1791E-013
2.425E+004 1.1723E-013
2.435E+004 1.1548E-013
2.445E+004 1.1343E-013
2.455E+004 1.1090E-013
2.465E+004 1.1061E-013
2.475E+004 1.0847E-013
2.485E+004 1.0584E-013
2.495E+004 1.0565E-013
2.505E+004 1.0436E-013
2.515E+004 1.0228E-013
2.525E+004 1.0149E-013
2.535E+004 9.9885E-014
2.545E+004 9.7826E-014
2.555E+004 9.6511E-014
2.565E+004 9.5157E-014
2.575E+004 9.4612E-014
2.585E+004 9.1865E-014
2.595E+004 9.1615E-014
2.605E+004 9.0578E-014
2.615E+004 8.8778E-014
2.625E+004 8.4006E-014
2.635E+004 8.6324E-014
2.645E+004 8.4951E-014
2.655E+004 8.4032E-014
2.665E+004 8.2165E-014
2.675E+004 8.1639E-014
2.685E+004 8.1212E-014
2.695E+004 8.0023E-014
2.705E+004 7.8997E-014
2.715E+004 7.7911E-014
2.725E+004 7.6822E-014
2.735E+004 7.5880E-014
2.745E+004 7.4928E-014
2.755E+004 7.3021E-014
2.765E+004 7.2420E-014
2.775E+004 7.1732E-014
2.785E+004 7.0899E-014
2.795E+004 7.0167E-014
2.805E+004 6.9140E-014
2.815E+004 6.8304E-014
2.825E+004 6.7352E-014
2.835E+004 6.6532E-014
2.845E+004 6.5510E-014
2.855E+004 6.4698E-014
2.865E+004 6.3669E-014
2.875E+004 6.2118E-014
2.885E+004 6.2191E-014
2.895E+004 6.1483E-014
2.905E+004 6.0694E-014
2.915E+004 5.9939E-014
2.925E+004 5.8932E-014
2.935E+004 5.8408E-014
2.945E+004 5.7517E-014
2.955E+004 5.6937E-014
2.965E+004 5.6279E-014
2.975E+004 5.5561E-014
2.985E+004 5.4827E-014
2.995E+004 5.3999E-014
3.005E+004 5.3454E-014
3.015E+004 5.2790E-014
3.025E+004 5.2092E-014
3.035E+004 5.0649E-014
3.045E+004 5.0414E-014
3.055E+004 5.0171E-014
3.065E+004 4.9480E-014
3.075E+004 4.9025E-014
3.085E+004 4.8308E-014
3.095E+004 4.7744E-014
3.105E+004 4.7275E-014
3.115E+004 4.6231E-014
3.125E+004 4.6083E-014
3.135E+004 4.5593E-014
3.145E+004 4.5003E-014
3.155E+004 4.4293E-014
3.165E+004 4.3828E-014
3.175E+004 4.3404E-014
3.185E+004 4.2914E-014
3.195E+004 4.2306E-014
3.21E+004 4.1587E-014
3.23E+004 4.0683E-014
3.25E+004 3.9686E-014
3.27E+004 3.8784E-014
3.29E+004 3.7397E-014
3.31E+004 3.6819E-014
3.33E+004 3.6077E-014
3.35E+004 3.5372E-014
3.37E+004 3.4506E-014
3.39E+004 3.3684E-014
3.41E+004 3.2886E-014
3.43E+004 3.2307E-014
3.45E+004 3.1675E-014
3.47E+004 3.0938E-014
3.49E+004 3.0283E-014
3.51E+004 2.9668E-014
3.53E+004 2.8959E-014
3.55E+004 2.8349E-014
3.57E+004 2.7742E-014
3.59E+004 2.7148E-014
3.61E+004 2.6648E-014
3.63E+004 2.6089E-014
3.65E+004 2.5394E-014
3.67E+004 2.4888E-014
3.69E+004 2.4179E-014
3.71E+004 2.3628E-014
3.73E+004 2.3251E-014
3.75E+004 2.2446E-014
3.77E+004 2.2386E-014
3.79E+004 2.1944E-014
3.81E+004 2.1539E-014
3.83E+004 2.1185E-014
3.85E+004 2.0807E-014
3.87E+004 2.0321E-014
3.89E+004 1.9912E-014
3.91E+004 1.9583E-014
3.93E+004 1.9213E-014
3.95E+004 1.8755E-014
3.97E+004 1.8437E-014
3.99E+004 1.7952E-014
4.01E+004 1.7655E-014
4.03E+004 1.7402E-014
4.05E+004 1.6801E-014
4.07E+004 1.6720E-014
4.09E+004 1.6427E-014
4.11E+004 1.6158E-014
4.13E+004 1.5880E-014
4.15E+004 1.5538E-014
4.17E+004 1.5249E-014
4.19E+004 1.4969E-014
4.21E+004 1.4615E-014
4.23E+004 1.4436E-014
4.25E+004 1.4149E-014
4.27E+004 1.3916E-014
4.29E+004 1.3535E-014
4.31E+004 1.3206E-014
4.33E+004 1.3024E-014
4.35E+004 1.2648E-014
4.37E+004 1.2364E-014
4.39E+004 1.2230E-014
4.41E+004 1.1847E-014
4.43E+004 1.1717E-014
4.45E+004 1.1538E-014
4.47E+004 1.1208E-014
4.49E+004 1.1111E-014
4.51E+004 1.0916E-014
4.53E+004 1.0637E-014
4.55E+004 1.0523E-014
4.57E+004 1.0376E-014
4.59E+004 1.0111E-014
4.61E+004 1.0009E-014
4.63E+004 9.8375E-015
4.65E+004 9.6148E-015
4.67E+004 9.5087E-015
4.69E+004 9.3998E-015
4.71E+004 9.2466E-015
4.73E+004 9.1402E-015
4.75E+004 8.9785E-015
4.77E+004 8.8305E-015
4.79E+004 8.7032E-015
4.81E+004 8.5396E-015
4.83E+004 8.4521E-015
4.85E+004 8.3043E-015
4.87E+004 8.1703E-015
4.89E+004 8.0511E-015
4.91E+004 7.9291E-015
4.93E+004 7.8072E-015
4.95E+004 7.6824E-015
4.97E+004 7.5673E-015
4.99E+004 7.4675E-015
5.01E+004 7.3317E-015
5.03E+004 7.2468E-015
5.05E+004 7.1122E-015
5.07E+004 7.0165E-015
5.09E+004 6.9248E-015
5.11E+004 6.8041E-015
5.13E+004 6.6844E-015
5.15E+004 6.6123E-015
5.17E+004 6.5386E-015
5.19E+004 6.4223E-015
5.21E+004 6.3238E-015
5.23E+004 6.2314E-015
5.25E+004 6.1550E-015
5.27E+004 6.0756E-015
5.29E+004 5.9643E-015
5.31E+004 5.8931E-015
5.33E+004 5.8046E-015
5.35E+004 5.7281E-015
5.37E+004 5.6427E-015
5.39E+004 5.5703E-015
5.41E+004 5.4931E-015
5.43E+004 5.3994E-015
5.45E+004 5.3419E-015
5.47E+004 5.2608E-015
5.49E+004 5.1866E-015
5.51E+004 5.1239E-015
5.53E+004 5.0618E-015
5.55E+004 4.9764E-015
5.57E+004 4.9267E-015
5.59E+004 4.8408E-015
5.61E+004 4.7842E-015
5.63E+004 4.7160E-015
5.65E+004 4.6649E-015
5.67E+004 4.6027E-015
5.69E+004 4.5296E-015
5.71E+004 4.4793E-015
5.73E+004 4.4207E-015
5.75E+004 4.3610E-015
5.77E+004 4.3026E-015
5.79E+004 4.2492E-015
5.81E+004 4.1906E-015
5.83E+004 4.1378E-015
5.85E+004 4.0870E-015
5.87E+004 4.0290E-015
5.89E+004 3.9725E-015
5.91E+004 3.9105E-015
5.93E+004 3.8776E-015
5.95E+004 3.8179E-015
5.97E+004 3.7803E-015
5.99E+004 3.7324E-015
6.01E+004 3.6833E-015
6.03E+004 3.6387E-015
6.05E+004 3.5919E-015
6.07E+004 3.5449E-015
6.09E+004 3.4990E-015
6.11E+004 3.4502E-015
6.13E+004 3.4142E-015
6.15E+004 3.3732E-015
6.17E+004 3.3312E-015
6.19E+004 3.2906E-015
6.21E+004 3.2501E-015
6.23E+004 3.2025E-015
6.25E+004 3.1662E-015
6.27E+004 3.1281E-015
6.29E+004 3.0891E-015
6.31E+004 3.0495E-015
6.33E+004 3.0189E-015
6.35E+004 2.9807E-015
6.37E+004 2.9450E-015
6.39E+004 2.9080E-015
6.42E+004 2.8574E-015
6.46E+004 2.7872E-015
6.5E+004 2.7206E-015
6.54E+004 2.6590E-015
6.58E+004 2.5973E-015
6.62E+004 2.5357E-015
6.66E+004 2.4778E-015
6.7E+004 2.4199E-015
6.74E+004 2.3633E-015
6.78E+004 2.3092E-015
6.82E+004 2.2583E-015
6.86E+004 2.2074E-015
6.9E+004 2.1577E-015
6.94E+004 2.1089E-015
6.98E+004 2.0631E-015
7.02E+004 2.0123E-015
7.06E+004 1.9725E-015
7.1E+004 1.9303E-015
7.14E+004 1.8884E-015
7.18E+004 1.8473E-015
7.22E+004 1.8065E-015
7.26E+004 1.7678E-015
7.3E+004 1.7322E-015
7.34E+004 1.6925E-015
7.38E+004 1.6596E-015
7.42E+004 1.6224E-015
7.46E+004 1.5762E-015
7.5E+004 1.5491E-015
7.54E+004 1.5241E-015
7.58E+004 1.4940E-015
7.62E+004 1.4635E-015
7.66E+004 1.4343E-015
7.7E+004 1.4032E-015
7.74E+004 1.3769E-015
7.78E+004 1.3497E-015
7.82E+004 1.3228E-015
7.86E+004 1.2967E-015
7.9E+004 1.2709E-015
7.94E+004 1.2457E-015
7.98E+004 1.2218E-015
8.02E+004 1.1967E-015
8.06E+004 1.1727E-015
8.1E+004 1.1520E-015
8.14E+004 1.1273E-015
8.18E+004 1.1065E-015
8.22E+004 1.0873E-015
8.26E+004 1.0664E-015
8.3E+004 1.0466E-015
8.34E+004 1.0251E-015
8.38E+004 1.0070E-015
8.42E+004 9.8904E-016
8.46E+004 9.7083E-016
8.5E+004 9.5304E-016
8.54E+004 9.3558E-016
8.58E+004 9.1843E-016
8.62E+004 9.0163E-016
8.66E+004 8.8562E-016
8.7E+004 8.7003E-016
8.74E+004 8.5344E-016
8.78E+004 8.3809E-016
8.82E+004 8.2290E-016
8.86E+004 8.0760E-016
8.9E+004 7.9421E-016
8.94E+004 7.8081E-016
8.98E+004 7.6601E-016
9.02E+004 7.5384E-016
9.06E+004 7.4144E-016
9.1E+004 7.2711E-016
9.14E+004 7.1530E-016
9.18E+004 7.0379E-016
9.22E+004 6.9231E-016
9.26E+004 6.8037E-016
9.3E+004 6.6908E-016
9.34E+004 6.5760E-016
9.38E+004 6.4653E-016
9.42E+004 6.3602E-016
9.46E+004 6.2544E-016
9.5E+004 6.1487E-016
9.54E+004 6.0472E-016
9.58E+004 5.9527E-016
9.62E+004 5.8494E-016
9.66E+004 5.7602E-016
9.7E+004 5.6671E-016
9.74E+004 5.5598E-016
9.78E+004 5.4795E-016
9.82E+004 5.3967E-016
9.86E+004 5.3135E-016
9.9E+004 5.2309E-016
9.94E+004 5.1446E-016
9.98E+004 5.0632E-016
1.002E+005 4.9932E-016
1.005E+005 4.9196E-016
1.01E+005 4.8327E-016
1.015E+005 4.7408E-016
1.02E+005 4.6496E-016
1.025E+005 4.5604E-016
1.03E+005 4.4737E-016
1.035E+005 4.3897E-016
1.04E+005 4.3075E-016
1.045E+005 4.2268E-016
1.05E+005 4.1439E-016
1.055E+005 4.0703E-016
1.06E+005 3.9950E-016
1.065E+005 3.9210E-016
1.07E+005 3.8494E-016
1.075E+005 3.7802E-016
1.08E+005 3.7102E-016
1.085E+005 3.6431E-016
1.09E+005 3.5772E-016
1.095E+005 3.5145E-016
1.1E+005 3.4513E-016
1.105E+005 3.3900E-016
1.11E+005 3.3303E-016
1.115E+005 3.2726E-016
1.12E+005 3.2142E-016
1.125E+005 3.1592E-016
1.13E+005 3.0990E-016
1.135E+005 3.0499E-016
1.14E+005 2.9978E-016
1.145E+005 2.9463E-016
1.15E+005 2.8969E-016
1.155E+005 2.8461E-016
1.16E+005 2.7990E-016
1.165E+005 2.7518E-016
1.17E+005 2.7061E-016
1.175E+005 2.6605E-016
1.18E+005 2.6163E-016
1.185E+005 2.5730E-016
1.19E+005 2.5300E-016
1.195E+005 2.4887E-016
1.2E+005 2.4476E-016
1.205E+005 2.4083E-016
1.21E+005 2.3694E-016
1.215E+005 2.3311E-016
1.22E+005 2.2934E-016
1.225E+005 2.2567E-016
1.23E+005 2.2201E-016
1.235E+005 2.1840E-016
1.24E+005 2.1492E-016
1.245E+005 2.1158E-016
1.25E+005 2.0831E-016
1.255E+005 2.0508E-016
1.26E+005 2.0185E-016
1.265E+005 1.9870E-016
1.27E+005 1.9565E-016
1.275E+005 1.9264E-016
1.28E+005 1.8959E-016
1.285E+005 1.8677E-016
1.29E+005 1.8389E-016
1.295E+005 1.8112E-016
1.3E+005 1.7840E-016
1.305E+005 1.7570E-016
1.31E+005 1.7307E-016
1.315E+005 1.7047E-016
1.32E+005 1.6793E-016
1.325E+005 1.6543E-016
1.33E+005 1.6298E-016
1.335E+005 1.6057E-016
1.34E+005 1.5822E-016
1.345E+005 1.5592E-016
1.35E+005 1.5364E-016
1.355E+005 1.5139E-016
1.36E+005 1.4921E-016
1.365E+005 1.4706E-016
1.37E+005 1.4493E-016
1.375E+005 1.4287E-016
1.38E+005 1.4084E-016
1.385E+005 1.3883E-016
1.39E+005 1.3686E-016
1.395E+005 1.3492E-016
1.4E+005 1.3303E-016
1.405E+005 1.3114E-016
1.41E+005 1.2932E-016
1.415E+005 1.2751E-016
1.42E+005 1.2571E-016
1.425E+005 1.2400E-016
1.43E+005 1.2230E-016
1.435E+005 1.2062E-016
1.44E+005 1.1897E-016
1.445E+005 1.1735E-016
1.45E+005 1.1576E-016
1.455E+005 1.1417E-016
1.46E+005 1.1264E-016
1.465E+005 1.1111E-016
1.47E+005 1.0963E-016
1.475E+005 1.0814E-016
1.48E+005 1.0671E-016
1.485E+005 1.0530E-016
1.49E+005 1.0390E-016
1.495E+005 1.0251E-016
1.5E+005 1.0116E-016
1.505E+005 9.9870E-017
1.51E+005 9.8556E-017
1.515E+005 9.7279E-017
1.52E+005 9.6018E-017
1.525E+005 9.4768E-017
1.53E+005 9.3550E-017
1.535E+005 9.2344E-017
1.54E+005 9.1162E-017
1.545E+005 8.9992E-017
1.55E+005 8.8852E-017
1.555E+005 8.7718E-017
1.56E+005 8.6607E-017
1.565E+005 8.5513E-017
1.57E+005 8.4444E-017
1.575E+005 8.3379E-017
1.58E+005 8.2337E-017
1.585E+005 8.1313E-017
1.59E+005 8.0310E-017
1.595E+005 7.9309E-017
1.6E+005 7.8327E-017
1.605E+005 7.7348E-017
1.61E+005 7.6416E-017
1.615E+005 7.5473E-017
1.62E+005 7.4463E-017
1.625E+005 7.3643E-017
1.63E+005 7.2765E-017
1.635E+005 7.1884E-017
1.64E+005 7.1012E-017
1.645E+005 7.0153E-017
1.65E+005 6.9314E-017
1.655E+005 6.8497E-017
1.66E+005 6.7678E-017
1.665E+005 6.6875E-017
1.67E+005 6.6084E-017
1.675E+005 6.5305E-017
1.68E+005 6.4527E-017
1.685E+005 6.3759E-017
1.69E+005 6.2994E-017
1.695E+005 6.2295E-017
1.7E+005 6.1572E-017
1.705E+005 6.0861E-017
1.71E+005 6.0152E-017
1.715E+005 5.9455E-017
1.72E+005 5.8770E-017
1.725E+005 5.8096E-017
1.73E+005 5.7429E-017
1.735E+005 5.6784E-017
1.74E+005 5.6138E-017
1.745E+005 5.5501E-017
1.75E+005 5.4874E-017
1.755E+005 5.4252E-017
1.76E+005 5.3642E-017
1.765E+005 5.3033E-017
1.77E+005 5.2442E-017
1.775E+005 5.1860E-017
1.78E+005 5.1288E-017
1.785E+005 5.0720E-017
1.79E+005 5.0160E-017
1.795E+005 4.9606E-017
1.8E+005 4.9060E-017
1.805E+005 4.8522E-017
1.81E+005 4.7994E-017
1.815E+005 4.7470E-017
1.82E+005 4.6952E-017
1.825E+005 4.6439E-017
1.83E+005 4.5915E-017
1.835E+005 4.5441E-017
1.84E+005 4.4954E-017
1.845E+005 4.4474E-017
1.85E+005 4.3997E-017
1.855E+005 4.3529E-017
1.86E+005 4.3058E-017
1.865E+005 4.2605E-017
1.87E+005 4.2156E-017
1.875E+005 4.1700E-017
1.88E+005 4.1271E-017
1.885E+005 4.0837E-017
1.89E+005 4.0410E-017
1.895E+005 3.9986E-017
1.9E+005 3.9563E-017
1.905E+005 3.8982E-017
1.91E+005 3.8738E-017
1.915E+005 3.8353E-017
1.92E+005 3.7957E-017
1.925E+005 3.7566E-017
1.93E+005 3.7181E-017
1.935E+005 3.6800E-017
1.94E+005 3.6423E-017
1.945E+005 3.6051E-017
1.95E+005 3.5686E-017
1.955E+005 3.5325E-017
1.96E+005 3.4965E-017
1.965E+005 3.4615E-017
1.97E+005 3.4266E-017
1.975E+005 3.3922E-017
1.98E+005 3.3582E-017
1.985E+005 3.3249E-017
1.99E+005 3.2916E-017
1.995E+005 3.2589E-017
2E+005 3.2187E-017
2.01E+005 3.1632E-017
2.02E+005 3.1014E-017
2.03E+005 3.0411E-017
2.04E+005 2.9822E-017
2.05E+005 2.9247E-017
2.06E+005 2.8686E-017
2.07E+005 2.8140E-017
2.08E+005 2.7604E-017
2.09E+005 2.7081E-017
2.1E+005 2.6571E-017
2.11E+005 2.6074E-017
2.12E+005 2.5588E-017
2.13E+005 2.5113E-017
2.14E+005 2.4649E-017
2.15E+005 2.4196E-017
2.16E+005 2.3752E-017
2.17E+005 2.3319E-017
2.18E+005 2.2896E-017
2.19E+005 2.2481E-017
2.2E+005 2.2079E-017
2.21E+005 2.1684E-017
2.22E+005 2.1298E-017
2.23E+005 2.0905E-017
2.24E+005 2.0546E-017
2.25E+005 2.0189E-017
2.26E+005 1.9834E-017
2.27E+005 1.9488E-017
2.28E+005 1.9150E-017
2.29E+005 1.8819E-017
2.3E+005 1.8495E-017
2.31E+005 1.8178E-017
2.32E+005 1.7868E-017
2.33E+005 1.7565E-017
2.34E+005 1.7267E-017
2.35E+005 1.6977E-017
2.36E+005 1.6692E-017
2.37E+005 1.6412E-017
2.38E+005 1.6139E-017
2.39E+005 1.5869E-017
2.4E+005 1.5610E-017
2.41E+005 1.5354E-017
2.42E+005 1.5102E-017
2.43E+005 1.4856E-017
2.44E+005 1.4614E-017
2.45E+005 1.4377E-017
2.46E+005 1.4147E-017
2.47E+005 1.3921E-017
2.48E+005 1.3696E-017
2.49E+005 1.3478E-017
2.5E+005 1.3264E-017
2.51E+005 1.3056E-017
2.52E+005 1.2850E-017
2.53E+005 1.2649E-017
2.54E+005 1.2451E-017
2.55E+005 1.2257E-017
2.56E+005 1.2067E-017
2.57E+005 1.1881E-017
2.58E+005 1.1698E-017
2.59E+005 1.1519E-017
2.6E+005 1.1344E-017
2.61E+005 1.1172E-017
2.62E+005 1.1001E-017
2.63E+005 1.0836E-017
2.64E+005 1.0674E-017
2.65E+005 1.0513E-017
2.66E+005 1.0357E-017
2.67E+005 1.0202E-017
2.68E+005 1.0051E-017
2.69E+005 9.9034E-018
2.7E+005 9.7583E-018
2.71E+005 9.6142E-018
2.72E+005 9.4744E-018
2.73E+005 9.3364E-018
2.74E+005 9.2012E-018
2.75E+005 9.0681E-018
2.76E+005 8.9378E-018
2.77E+005 8.8099E-018
2.78E+005 8.6659E-018
2.79E+005 8.5612E-018
2.8E+005 8.4412E-018
2.81E+005 8.3215E-018
2.82E+005 8.2023E-018
2.83E+005 8.0873E-018
2.84E+005 7.9738E-018
2.85E+005 7.8623E-018
2.86E+005 7.7541E-018
2.87E+005 7.6466E-018
2.88E+005 7.5401E-018
2.89E+005 7.4365E-018
2.9E+005 7.3352E-018
2.91E+005 7.2353E-018
2.92E+005 7.1367E-018
2.93E+005 7.0400E-018
2.94E+005 6.9449E-018
2.95E+005 6.8510E-018
2.96E+005 6.7591E-018
2.97E+005 6.6689E-018
2.98E+005 6.5772E-018
2.99E+005 6.4904E-018
3E+005 6.4064E-018
3.01E+005 6.3222E-018
3.02E+005 6.2383E-018
3.03E+005 6.1573E-018
3.04E+005 6.0765E-018
3.05E+005 5.9972E-018
3.06E+005 5.9186E-018
3.07E+005 5.8422E-018
3.08E+005 5.7669E-018
3.09E+005 5.6944E-018
3.1E+005 5.6211E-018
3.11E+005 5.5479E-018
3.12E+005 5.4772E-018
3.13E+005 5.4075E-018
3.14E+005 5.3390E-018
3.15E+005 5.2715E-018
3.16E+005 5.2052E-018
3.17E+005 5.1400E-018
3.18E+005 5.0756E-018
3.19E+005 5.0122E-018
3.2E+005 4.9500E-018
3.21E+005 4.8887E-018
3.22E+005 4.8280E-018
3.23E+005 4.7687E-018
3.24E+005 4.7102E-018
3.25E+005 4.6525E-018
3.26E+005 4.5958E-018
3.27E+005 4.5397E-018
3.28E+005 4.4848E-018
3.29E+005 4.4304E-018
3.3E+005 4.3770E-018
3.31E+005 4.3243E-018
3.32E+005 4.2725E-018
3.33E+005 4.2213E-018
3.34E+005 4.1713E-018
3.35E+005 4.1215E-018
3.36E+005 4.0728E-018
3.37E+005 4.0246E-018
3.38E+005 3.9772E-018
3.39E+005 3.9306E-018
3.4E+005 3.8845E-018
3.41E+005 3.8391E-018
3.42E+005 3.7944E-018
3.43E+005 3.7504E-018
3.44E+005 3.7070E-018
3.45E+005 3.6642E-018
3.46E+005 3.6219E-018
3.47E+005 3.5804E-018
3.48E+005 3.5395E-018
3.49E+005 3.4992E-018
3.5E+005 3.4592E-018
3.51E+005 3.4199E-018
3.52E+005 3.3814E-018
3.53E+005 3.3433E-018
3.54E+005 3.3055E-018
3.55E+005 3.2684E-018
3.56E+005 3.2318E-018
3.57E+005 3.1958E-018
3.58E+005 3.1602E-018
3.59E+005 3.1251E-018
3.6E+005 3.0903E-018
3.61E+005 3.0563E-018
3.62E+005 3.0228E-018
3.63E+005 2.9895E-018
3.64E+005 2.9566E-018
3.65E+005 2.9241E-018
3.66E+005 2.8926E-018
3.67E+005 2.8612E-018
3.68E+005 2.8303E-018
3.69E+005 2.7998E-018
3.7E+005 2.7696E-018
3.71E+005 2.7396E-018
3.72E+005 2.7103E-018
3.73E+005 2.6814E-018
3.74E+005 2.6528E-018
3.75E+005 2.6246E-018
3.76E+005 2.5969E-018
3.77E+005 2.5694E-018
3.78E+005 2.5422E-018
3.79E+005 2.5156E-018
3.8E+005 2.4890E-018
3.81E+005 2.4631E-018
3.82E+005 2.4374E-018
3.83E+005 2.4119E-018
3.84E+005 2.3869E-018
3.85E+005 2.3622E-018
3.86E+005 2.3377E-018
3.87E+005 2.3137E-018
3.88E+005 2.2885E-018
3.89E+005 2.2627E-018
3.9E+005 2.2434E-018
3.91E+005 2.2205E-018
3.92E+005 2.1977E-018
3.93E+005 2.1754E-018
3.94E+005 2.1535E-018
3.95E+005 2.1318E-018
3.96E+005 2.1102E-018
3.97E+005 2.0890E-018
3.98E+005 2.0681E-018
3.99E+005 2.0474E-018
