1710 2.1689E-014
1710 2.1689E-014
1712 2.6648E-014
1713 2.0354E-014
1714 2.3878E-014
1716 2.1967E-014
1717 1.5900E-014
1718 1.7056E-014
1720 2.0180E-014
1721 1.9994E-014
1723 2.1518E-014
1724 2.6267E-014
1725 2.4536E-014
1727 3.2105E-014
1728 2.3279E-014
1729 2.0227E-014
1731 2.8583E-014
1732 2.2871E-014
1734 1.9438E-014
1735 3.5845E-014
1736 2.4630E-014
1738 2.2469E-014
1739 1.9185E-014
1740 2.0277E-014
1742 1.8871E-014
1743 2.7375E-014
1744 2.2987E-014
1746 2.6024E-014
1747 2.6016E-014
1749 2.3612E-014
1750 2.4807E-014
1751 2.5337E-014
1753 1.8429E-014
1754 2.2676E-014
1755 2.9031E-014
1757 2.3105E-014
1758 2.3267E-014
1760 2.5667E-014
1761 2.5038E-014
1762 2.6728E-014
1764 3.0570E-014
1765 2.7348E-014
1766 2.6016E-014
1768 2.3376E-014
1769 2.7653E-014
1771 2.7235E-014
1772 2.4802E-014
1773 2.7183E-014
1775 2.8602E-014
1776 2.9835E-014
1777 3.0060E-014
1779 2.7900E-014
1780 3.2038E-014
1782 2.7690E-014
1783 2.7414E-014
1784 3.0952E-014
1786 3.0452E-014
1787 2.5002E-014
1788 2.8613E-014
1790 2.9323E-014
1791 2.5783E-014
1792 2.6410E-014
1794 2.9639E-014
1795 2.9780E-014
1797 2.8748E-014
1798 3.2465E-014
1799 3.3713E-014
1801 2.9400E-014
1802 3.4848E-014
1803 2.9004E-014
1805 3.2726E-014
1806 2.7454E-014
1808 2.6028E-014
1809 2.5983E-014
1810 2.9741E-014
1812 2.7254E-014
1813 2.9943E-014
1814 2.7094E-014
1816 3.0998E-014
1817 2.8401E-014
1819 3.0574E-014
1820 2.7181E-014
1821 3.1773E-014
1823 3.4474E-014
1824 3.3312E-014
1825 2.9094E-014
1827 3.4227E-014
1828 3.0189E-014
1830 3.3986E-014
1831 3.3595E-014
1832 3.9528E-014
1834 3.5239E-014
1835 3.3929E-014
1836 3.3790E-014
1838 3.7296E-014
1839 3.1848E-014
1841 2.5224E-014
1842 2.7388E-014
1843 2.8620E-014
1845 2.6235E-014
1846 2.1630E-014
1847 1.9062E-014
1849 2.0094E-014
1850 1.9199E-014
1851 2.4985E-014
1853 2.9154E-014
1854 3.5762E-014
1856 4.2502E-014
1857 3.7703E-014
1858 3.5521E-014
1860 3.4375E-014
1861 3.6247E-014
1862 4.4759E-014
1864 3.9630E-014
1865 3.8133E-014
1867 4.1304E-014
1868 4.8648E-014
1869 5.2820E-014
1871 5.1312E-014
1872 4.8749E-014
1873 4.4589E-014
1875 4.6872E-014
1876 4.4228E-014
1878 4.5369E-014
1879 4.9230E-014
1880 4.3363E-014
1882 5.1023E-014
1883 5.1581E-014
1884 5.4489E-014
1886 5.6762E-014
1887 5.0555E-014
1889 5.2647E-014
1890 5.4016E-014
1891 5.3344E-014
1893 5.3061E-014
1894 5.4363E-014
1895 5.3954E-014
1897 5.3892E-014
1898 4.9352E-014
1900 4.4495E-014
1901 4.2090E-014
1902 4.4990E-014
1904 5.8931E-014
1905 6.0718E-014
1906 6.2998E-014
1908 6.3355E-014
1909 6.0909E-014
1910 5.8787E-014
1912 6.3452E-014
1913 6.2887E-014
1915 6.8868E-014
1916 7.0629E-014
1917 7.2745E-014
1919 6.8733E-014
1920 7.1219E-014
1921 7.7716E-014
1923 7.4060E-014
1924 7.0513E-014
1926 6.7786E-014
1927 5.9656E-014
1928 6.1882E-014
1930 4.4817E-014
1931 3.2002E-014
1932 3.5679E-014
1934 3.9294E-014
1935 3.8903E-014
1937 3.6065E-014
1938 5.1323E-014
1939 6.4628E-014
1941 7.7046E-014
1942 9.1175E-014
1943 9.0649E-014
1945 8.8414E-014
1946 8.4835E-014
1948 8.9189E-014
1949 9.3464E-014
1950 9.0889E-014
1952 8.5837E-014
1953 8.1798E-014
1954 8.9299E-014
1956 8.2293E-014
1957 8.7351E-014
1959 8.5176E-014
1960 8.7422E-014
1961 8.4861E-014
1963 8.5182E-014
1964 8.6582E-014
1965 9.9555E-014
1967 1.0507E-013
1968 1.0853E-013
1970 1.0618E-013
1971 1.0180E-013
1972 9.9749E-014
1974 9.5228E-014
1975 9.3595E-014
1976 8.7947E-014
1978 7.9424E-014
1979 7.6963E-014
1981 8.1070E-014
1982 8.8682E-014
1983 8.4945E-014
1985 8.6886E-014
1986 8.0765E-014
1987 7.4883E-014
1989 6.7654E-014
1990 7.5421E-014
1991 8.7455E-014
1993 9.6169E-014
1994 9.7235E-014
1996 1.0063E-013
1997 9.8026E-014
1998 1.0366E-013
2000 1.0402E-013
2001 1.0700E-013
2002 1.1583E-013
2004 1.1234E-013
2005 1.1209E-013
2007 1.2473E-013
2008 1.1704E-013
2009 1.1931E-013
2011 1.1728E-013
2012 1.1527E-013
2013 1.2517E-013
2015 1.2916E-013
2016 1.2336E-013
2018 1.2849E-013
2019 1.3478E-013
2020 1.2839E-013
2022 1.2272E-013
2023 1.1961E-013
2024 1.1316E-013
2026 9.7315E-014
2027 9.5287E-014
2029 1.2506E-013
2030 1.3054E-013
2031 1.4593E-013
2033 1.4469E-013
2034 1.3363E-013
2035 1.3825E-013
2037 1.4769E-013
2038 1.4780E-013
2040 1.4032E-013
2041 1.3704E-013
2042 1.5368E-013
2044 1.6094E-013
2045 1.6360E-013
2046 1.6994E-013
2048 1.6936E-013
2049 1.6753E-013
2051 1.6932E-013
2052 1.6941E-013
2053 1.6837E-013
2055 1.6138E-013
2056 1.4096E-013
2057 1.3777E-013
2059 1.2962E-013
2060 1.4333E-013
2062 1.4215E-013
2063 1.3212E-013
2064 1.4943E-013
2066 1.5328E-013
2067 1.4856E-013
2068 1.6037E-013
2070 1.6816E-013
2071 1.7908E-013
2073 1.7933E-013
2074 1.8695E-013
2075 1.9197E-013
2077 2.0598E-013
2078 2.0754E-013
2079 1.9730E-013
2081 1.9559E-013
2082 1.9126E-013
2084 1.8547E-013
2085 1.8764E-013
2086 1.9110E-013
2088 2.0504E-013
2089 2.0639E-013
2090 2.0005E-013
2092 2.0391E-013
2093 2.1488E-013
2095 2.1340E-013
2096 2.1348E-013
2097 2.2061E-013
2099 2.2132E-013
2100 2.2034E-013
2101 2.1698E-013
2103 2.2312E-013
2104 2.0859E-013
2105 2.4004E-013
2107 2.5379E-013
2108 2.3618E-013
2110 2.0256E-013
2111 2.0990E-013
2112 2.2721E-013
2114 2.3035E-013
2115 2.2413E-013
2116 2.5008E-013
2118 2.7645E-013
2119 2.6481E-013
2121 2.8345E-013
2122 2.6012E-013
2123 2.0423E-013
2125 1.3759E-013
2126 1.7152E-013
2127 2.2794E-013
2129 2.3672E-013
2130 2.3221E-013
2132 2.1506E-013
2133 2.1263E-013
2134 2.0355E-013
2136 1.8197E-013
2137 2.0829E-013
2138 2.2882E-013
2140 2.1014E-013
2141 2.5160E-013
2143 2.7577E-013
2144 2.7611E-013
2145 2.8034E-013
2147 2.5752E-013
2148 2.4995E-013
2149 2.4970E-013
2151 2.5039E-013
2152 2.4081E-013
2154 2.6262E-013
2155 2.7432E-013
2156 2.6539E-013
2158 2.5419E-013
2159 2.2993E-013
2160 2.3403E-013
2162 2.6915E-013
2163 2.7319E-013
2165 2.5948E-013
2166 2.3501E-013
2167 2.0024E-013
2169 2.1948E-013
2170 2.2948E-013
2171 2.5415E-013
2173 2.5918E-013
2174 2.4314E-013
2176 2.2715E-013
2177 2.3253E-013
2178 2.3225E-013
2180 2.6373E-013
2181 3.0127E-013
2182 3.2727E-013
2184 3.2464E-013
2185 2.8965E-013
2187 2.9361E-013
2188 2.4681E-013
2189 2.7982E-013
2191 2.8974E-013
2192 2.9534E-013
2193 3.0873E-013
2195 3.3987E-013
2196 3.3998E-013
2198 3.2929E-013
2199 3.4627E-013
2200 3.3974E-013
2202 2.9049E-013
2203 3.2956E-013
2204 3.5493E-013
2206 3.3554E-013
2207 3.0244E-013
2209 2.6709E-013
2210 2.4632E-013
2211 2.0385E-013
2213 1.9731E-013
2214 2.6744E-013
2215 2.6989E-013
2217 2.5249E-013
2218 2.1892E-013
2220 2.4982E-013
2221 3.0168E-013
2222 3.1977E-013
2224 3.1203E-013
2225 3.0972E-013
2226 3.0845E-013
2228 3.0601E-013
2229 3.1295E-013
2231 3.3335E-013
2232 3.3349E-013
2233 3.6584E-013
2235 3.8103E-013
2236 3.7655E-013
2237 3.7494E-013
2239 3.7403E-013
2240 3.7615E-013
2242 3.6630E-013
2243 3.3909E-013
2244 3.1984E-013
2246 3.1749E-013
2247 3.5039E-013
2248 3.4906E-013
2250 3.1860E-013
2251 3.0324E-013
2252 3.0549E-013
2254 3.0958E-013
2255 2.9102E-013
2257 2.9970E-013
2258 3.1155E-013
2259 3.2441E-013
2261 2.9752E-013
2262 2.9167E-013
2263 3.1729E-013
2265 2.8729E-013
2266 2.7407E-013
2268 2.6205E-013
2269 2.5724E-013
2270 2.6194E-013
2272 2.7565E-013
2273 2.8505E-013
2274 2.8111E-013
2276 2.8069E-013
2277 2.8105E-013
2279 3.0469E-013
2280 3.0961E-013
2281 3.3574E-013
2283 3.7533E-013
2284 3.5097E-013
2285 3.5257E-013
2287 3.5228E-013
2288 3.0336E-013
2290 3.2572E-013
2291 3.1272E-013
2292 3.0799E-013
2294 3.2126E-013
2295 3.2143E-013
2296 3.2048E-013
2298 2.6627E-013
2299 2.4405E-013
2301 2.6867E-013
2302 2.8869E-013
2303 3.0315E-013
2305 2.9354E-013
2306 3.4988E-013
2307 3.7246E-013
2309 3.5723E-013
2310 3.4055E-013
2312 3.0413E-013
2313 2.7497E-013
2314 2.6104E-013
2316 3.0657E-013
2317 3.2158E-013
2318 3.2779E-013
2320 3.1962E-013
2321 2.9340E-013
2323 3.0922E-013
2324 3.5679E-013
2325 3.5430E-013
2327 2.8459E-013
2328 2.7735E-013
2329 2.9380E-013
2331 3.1109E-013
2332 2.4720E-013
2334 2.0304E-013
2335 2.3579E-013
2336 2.8991E-013
2338 2.7398E-013
2339 2.2432E-013
2340 2.1716E-013
2342 2.5359E-013
2343 2.3970E-013
2345 1.4732E-013
2346 1.3798E-013
2347 1.6595E-013
2349 1.6412E-013
2350 1.9915E-013
2351 2.7716E-013
2353 3.1409E-013
2354 3.2755E-013
2356 2.8915E-013
2357 2.9887E-013
2358 3.1941E-013
2360 2.6016E-013
2361 1.8057E-013
2362 2.2785E-013
2364 2.7094E-013
2365 2.4661E-013
2367 2.2247E-013
2368 2.3845E-013
2369 2.5967E-013
2371 2.8541E-013
2372 3.1722E-013
2373 2.7779E-013
2375 2.1715E-013
2376 2.3776E-013
2378 3.0097E-013
2379 2.9996E-013
2380 2.2437E-013
2382 1.5564E-013
2383 9.7750E-014
2384 1.1484E-013
2386 1.8604E-013
2387 2.5919E-013
2389 2.3421E-013
2390 1.8139E-013
2391 2.5935E-013
2393 2.9734E-013
2394 2.9800E-013
2395 2.2046E-013
2397 1.7347E-013
2398 1.7463E-013
2400 1.9377E-013
2401 1.8415E-013
2402 2.3188E-013
2404 2.4568E-013
2405 1.8855E-013
2406 1.2762E-013
2408 1.4180E-013
2409 2.0367E-013
2411 2.1787E-013
2412 1.4645E-013
2413 1.7481E-013
2415 1.9785E-013
2416 2.7158E-013
2417 3.0642E-013
2419 3.3192E-013
2420 3.5325E-013
2421 3.8385E-013
2423 4.1405E-013
2424 3.7295E-013
2426 3.3543E-013
2427 3.7266E-013
2428 4.0198E-013
2430 3.6149E-013
2431 3.7281E-013
2432 3.9390E-013
2434 3.5039E-013
2435 3.2942E-013
2437 2.8714E-013
2438 3.1543E-013
2439 3.3381E-013
2441 3.2605E-013
2442 3.7172E-013
2443 3.9914E-013
2445 3.6523E-013
2446 3.5284E-013
2448 3.4639E-013
2449 3.3204E-013
2450 3.2897E-013
2452 3.0155E-013
2453 2.9478E-013
2454 2.9457E-013
2456 3.1171E-013
2457 3.1397E-013
2459 3.2956E-013
2460 3.2836E-013
2461 3.0323E-013
2463 2.7275E-013
2464 2.5304E-013
2465 2.8837E-013
2467 3.0646E-013
2468 3.0852E-013
2470 3.2608E-013
2471 3.2742E-013
2472 3.3275E-013
2474 2.9760E-013
2475 3.3446E-013
2476 3.4534E-013
2478 3.2076E-013
2479 2.8653E-013
2481 2.4781E-013
2482 2.9278E-013
2483 2.4925E-013
2485 1.8326E-013
2486 2.2524E-013
2487 2.2483E-013
2489 2.1669E-013
2490 1.8411E-013
2492 1.5475E-013
2493 2.0032E-013
2494 2.7314E-013
2496 3.3969E-013
2497 3.6000E-013
2498 3.4890E-013
2500 3.5677E-013
2501 3.7119E-013
2503 3.0849E-013
2504 3.3447E-013
2505 3.3268E-013
2507 2.6789E-013
2508 1.8805E-013
2509 2.6179E-013
2511 3.1741E-013
2512 2.6671E-013
2514 2.4031E-013
2515 1.6634E-013
2516 1.0858E-013
2518 9.7915E-014
2519 1.1881E-013
2520 1.3208E-013
2522 1.9172E-013
2523 1.7654E-013
2525 1.2545E-013
2526 1.3223E-013
2527 1.4789E-013
2529 1.3128E-013
2530 1.2177E-013
2531 1.8926E-013
2533 2.4207E-013
2534 2.5558E-013
2536 2.4541E-013
2537 2.3857E-013
2538 2.4504E-013
2540 2.4986E-013
2541 2.6747E-013
2542 2.5648E-013
2544 2.8874E-013
2545 3.0523E-013
2547 2.8219E-013
2548 2.6903E-013
2549 2.6193E-013
2551 2.4441E-013
2552 3.2373E-013
2553 3.9619E-013
2555 3.8931E-013
2556 4.0519E-013
2557 3.9495E-013
2559 3.9724E-013
2560 4.3656E-013
2562 4.1327E-013
2563 3.6278E-013
2564 3.0207E-013
2566 3.8186E-013
2567 4.5146E-013
2568 4.4736E-013
2570 4.6818E-013
2571 4.9546E-013
2573 4.7827E-013
2574 4.9107E-013
2575 4.6146E-013
2577 3.9168E-013
2578 4.0136E-013
2579 4.6797E-013
2581 5.1809E-013
2582 5.2120E-013
2584 4.6884E-013
2585 4.2510E-013
2586 3.4943E-013
2588 3.6260E-013
2589 4.4925E-013
2590 5.2121E-013
2592 5.3434E-013
2593 4.8308E-013
2595 4.4988E-013
2596 4.5598E-013
2597 4.5082E-013
2599 3.1876E-013
2600 2.2065E-013
2601 2.3835E-013
2603 4.0314E-013
2604 4.5501E-013
2606 4.0255E-013
2607 3.1393E-013
2608 2.5349E-013
2610 3.3846E-013
2611 3.6616E-013
2612 2.7038E-013
2614 2.4335E-013
2615 2.6495E-013
2617 3.6921E-013
2618 3.9905E-013
2619 3.5923E-013
2621 4.4806E-013
2622 4.4039E-013
2623 4.4707E-013
2625 4.7740E-013
2626 4.1980E-013
2628 3.5396E-013
2629 3.4848E-013
2630 3.1472E-013
2632 2.7280E-013
2633 2.6606E-013
2634 4.2103E-013
2636 5.6148E-013
2637 6.0982E-013
2639 6.5823E-013
2640 7.0247E-013
2641 7.1013E-013
2643 7.1292E-013
2644 7.5491E-013
2645 7.4410E-013
2647 7.1437E-013
2648 6.9815E-013
2650 6.7699E-013
2651 6.8007E-013
2652 6.8371E-013
2654 6.8629E-013
2655 7.1759E-013
2656 7.6331E-013
2658 7.5429E-013
2659 7.3602E-013
2660 7.1444E-013
2662 7.0036E-013
2663 6.5498E-013
2665 6.2666E-013
2666 6.3472E-013
2667 6.2417E-013
2669 6.2593E-013
2670 6.2665E-013
2671 6.4472E-013
2673 6.4948E-013
2674 6.2265E-013
2676 7.1473E-013
2677 7.2761E-013
2678 6.7638E-013
2680 6.2300E-013
2681 6.3950E-013
2682 6.8487E-013
2684 7.0561E-013
2685 6.8703E-013
2687 6.8253E-013
2688 6.8634E-013
2689 6.5953E-013
2691 6.2829E-013
2692 6.2120E-013
2693 6.4399E-013
2695 6.4611E-013
2696 6.2780E-013
2698 6.0733E-013
2699 6.1536E-013
2700 6.5143E-013
2702 6.9007E-013
2703 6.6357E-013
2704 6.9037E-013
2706 7.1425E-013
2707 6.7388E-013
2709 6.4556E-013
2710 6.4414E-013
2711 6.4067E-013
2713 6.2994E-013
2714 6.4370E-013
2715 6.0817E-013
2717 5.6709E-013
2718 6.0818E-013
2720 5.5731E-013
2721 4.9260E-013
2722 5.1914E-013
2724 5.6571E-013
2725 5.6357E-013
2726 5.5020E-013
2728 5.6354E-013
2729 5.6680E-013
2730 6.4067E-013
2732 6.6181E-013
2733 6.2324E-013
2735 5.8217E-013
2736 5.5372E-013
2737 5.3039E-013
2739 4.5411E-013
2740 4.6361E-013
2741 4.4404E-013
2743 4.4763E-013
2744 3.8061E-013
2746 4.0061E-013
2747 4.3730E-013
2748 3.4644E-013
2750 3.8159E-013
2751 3.5176E-013
2752 4.3950E-013
2754 5.4298E-013
2755 5.0758E-013
2757 4.2302E-013
2758 3.9289E-013
2759 5.2899E-013
2761 6.2132E-013
2762 5.9736E-013
2763 5.4725E-013
2765 5.6056E-013
2766 6.0679E-013
2768 5.9905E-013
2769 5.7327E-013
2770 5.5256E-013
2772 5.8846E-013
2773 6.2151E-013
2774 6.0609E-013
2776 6.1183E-013
2777 5.6907E-013
2779 5.1048E-013
2780 4.5650E-013
2781 4.2032E-013
2783 4.1727E-013
2784 4.1745E-013
2785 3.9638E-013
2787 3.8944E-013
2788 3.6000E-013
2790 2.9464E-013
2791 2.2767E-013
2792 1.6617E-013
2794 1.2500E-013
2795 9.7099E-014
2796 7.7753E-014
2798 7.9311E-014
2799 7.7892E-014
2800 8.6257E-014
2802 9.1779E-014
2803 7.9929E-014
2805 8.3637E-014
2806 1.0873E-013
2807 1.3790E-013
2809 1.9019E-013
2810 2.5937E-013
2811 3.1785E-013
2813 3.4122E-013
2814 3.9205E-013
2816 4.5701E-013
2817 5.0979E-013
2818 5.1426E-013
2820 5.5208E-013
2821 5.8670E-013
2822 6.1523E-013
2824 6.3605E-013
2825 6.6480E-013
2827 6.5844E-013
2828 6.3423E-013
2829 6.6257E-013
2831 6.7165E-013
2832 6.8261E-013
2833 6.7965E-013
2835 6.8656E-013
2836 6.4999E-013
2838 5.9835E-013
2839 6.8820E-013
2840 6.7990E-013
2842 6.4196E-013
2843 6.6068E-013
2844 6.1940E-013
2846 6.1431E-013
2847 6.0457E-013
2848 5.7065E-013
2850 4.7162E-013
2851 3.4681E-013
2853 2.1716E-013
2854 1.6816E-013
2855 2.5772E-013
2857 3.9443E-013
2858 5.0059E-013
2859 5.8323E-013
2861 6.6960E-013
2862 7.2461E-013
2864 7.1116E-013
2865 7.2455E-013
2866 7.1539E-013
2868 6.9987E-013
2869 6.8550E-013
2870 6.6792E-013
2872 7.1966E-013
2873 7.7799E-013
2875 7.6851E-013
2876 7.3049E-013
2877 6.8516E-013
2879 6.7880E-013
2880 6.5855E-013
2881 5.6942E-013
2883 3.9526E-013
2884 4.8115E-013
2886 6.5237E-013
2887 7.4135E-013
2888 7.6813E-013
2890 7.5215E-013
2891 7.2606E-013
2892 7.2201E-013
2894 7.1157E-013
2895 7.0617E-013
2896 7.6398E-013
2898 8.1419E-013
2899 8.4021E-013
2901 8.6645E-013
2902 9.1792E-013
2903 8.8529E-013
2905 9.1934E-013
2906 9.3039E-013
2907 9.1610E-013
2909 8.8025E-013
2910 8.3530E-013
2912 8.2303E-013
2913 8.5384E-013
2914 9.0882E-013
2916 8.9222E-013
2917 8.6815E-013
2918 8.5024E-013
2920 8.3252E-013
2921 8.7300E-013
2923 8.7428E-013
2924 8.5910E-013
2925 7.9922E-013
2927 7.9551E-013
2928 7.8249E-013
2929 7.7884E-013
2931 7.9441E-013
2932 8.8994E-013
2934 9.2682E-013
2935 9.0777E-013
2936 9.0510E-013
2938 8.0269E-013
2939 7.6853E-013
2940 8.2020E-013
2942 8.5306E-013
2943 8.3463E-013
2944 9.0826E-013
2946 8.4894E-013
2947 8.8302E-013
2949 8.2648E-013
2950 7.8151E-013
2951 8.1939E-013
2953 8.8769E-013
2954 9.0145E-013
2955 8.1216E-013
2957 9.1754E-013
2958 9.0053E-013
2960 9.2338E-013
2961 9.2279E-013
2962 9.0929E-013
2964 9.4644E-013
2965 9.3710E-013
2966 8.2297E-013
2968 7.6715E-013
2969 7.9100E-013
2971 7.8593E-013
2972 7.4532E-013
2973 8.3821E-013
2975 8.3833E-013
2976 9.3948E-013
2977 9.1855E-013
2979 9.6033E-013
2980 9.7594E-013
2981 8.9174E-013
2983 8.3489E-013
2984 8.2224E-013
2986 7.3383E-013
2987 7.1736E-013
2988 7.7807E-013
2990 8.3369E-013
2991 9.2253E-013
2992 9.6609E-013
2994 9.3397E-013
2995 8.9420E-013
2997 8.5634E-013
2998 9.5326E-013
2999 9.7311E-013
3001 8.5989E-013
3002 7.7543E-013
3003 7.7468E-013
3005 7.7444E-013
3006 8.9283E-013
3007 9.3649E-013
3009 8.6498E-013
3010 8.5698E-013
3012 9.4635E-013
3013 9.6007E-013
3014 9.3489E-013
3016 9.1341E-013
3017 8.9534E-013
3018 8.5254E-013
3020 7.8938E-013
3021 7.4522E-013
3023 6.7633E-013
3024 9.0131E-013
3025 9.6956E-013
3027 9.3399E-013
3028 9.3086E-013
3029 1.0251E-012
3031 9.8733E-013
3032 9.3985E-013
3034 9.6520E-013
3035 1.0090E-012
3036 1.0304E-012
3038 1.0197E-012
3039 8.8995E-013
3040 9.5104E-013
3042 9.6302E-013
3043 9.1303E-013
3044 9.5078E-013
3046 9.9629E-013
3047 1.0081E-012
3049 9.4792E-013
3050 9.3659E-013
3051 1.0055E-012
3053 1.0410E-012
3054 1.0717E-012
3055 9.8787E-013
3057 9.8519E-013
3058 9.0947E-013
3060 8.1131E-013
3061 8.5271E-013
3065 8.4886E-013
3068 8.3665E-013
3071 8.9649E-013
3074 9.1029E-013
3076 9.2263E-013
3079 9.3098E-013
3082 9.3359E-013
3085 9.5210E-013
3087 9.2865E-013
3090 8.4438E-013
3093 8.0010E-013
3096 7.9855E-013
3098 7.9624E-013
3101 7.8827E-013
3104 8.7042E-013
3107 9.3865E-013
3109 1.0034E-012
3112 9.9577E-013
3115 9.9182E-013
3118 9.4770E-013
3120 8.9470E-013
3123 8.9342E-013
3126 9.1065E-013
3129 9.1579E-013
3131 9.0369E-013
3134 9.2484E-013
3137 9.6095E-013
3140 9.7833E-013
3142 9.4580E-013
3145 8.0834E-013
3148 8.7796E-013
3151 9.5745E-013
3153 9.7168E-013
3156 9.2650E-013
3159 8.3766E-013
3162 8.1689E-013
3164 8.7934E-013
3167 9.3079E-013
3170 9.7604E-013
3173 1.0373E-012
3175 1.0549E-012
3178 9.9243E-013
3181 8.7867E-013
3184 8.6428E-013
3186 9.2139E-013
3189 9.7317E-013
3192 9.5099E-013
3195 9.1759E-013
3197 9.6820E-013
3200 1.0350E-012
3203 1.0535E-012
3206 1.0845E-012
3208 1.0752E-012
3211 9.8677E-013
3214 9.4698E-013
3217 9.5984E-013
3219 1.0124E-012
3222 1.0314E-012
3225 9.9884E-013
3228 9.6192E-013
3230 9.1801E-013
3233 9.4070E-013
3236 9.2948E-013
3239 9.6041E-013
3241 1.0119E-012
3244 1.0464E-012
3247 1.0730E-012
3250 1.0256E-012
3252 1.0362E-012
3255 1.0806E-012
3258 1.1473E-012
3261 1.1840E-012
3263 1.1633E-012
3266 1.1610E-012
3269 1.1825E-012
3272 1.1682E-012
3274 1.1430E-012
3277 1.1327E-012
3280 1.1109E-012
3282 1.1365E-012
3285 1.1502E-012
3288 1.1293E-012
3291 1.1622E-012
3293 1.2329E-012
3296 1.2623E-012
3299 1.2565E-012
3302 1.2472E-012
3304 1.1884E-012
3307 1.1635E-012
3310 1.1920E-012
3313 1.2155E-012
3315 1.1915E-012
3318 1.2026E-012
3321 1.1976E-012
3324 1.1423E-012
3326 1.1650E-012
3329 1.1650E-012
3332 1.1678E-012
3335 1.1609E-012
3337 1.1263E-012
3340 1.1374E-012
3343 1.1417E-012
3346 1.1771E-012
3348 1.1499E-012
3351 1.0942E-012
3354 1.1683E-012
3357 1.1869E-012
3359 1.1533E-012
3362 1.0572E-012
3365 1.1295E-012
3368 1.1563E-012
3370 1.1071E-012
3373 1.0817E-012
3376 1.1363E-012
3379 1.1849E-012
3381 1.1023E-012
3384 1.1265E-012
3387 1.1810E-012
3390 1.1848E-012
3392 1.1822E-012
3395 1.1736E-012
3398 1.2183E-012
3401 1.2556E-012
3403 1.2456E-012
3406 1.1809E-012
3409 1.1698E-012
3412 1.1756E-012
3414 1.1686E-012
3417 1.1693E-012
3420 1.2362E-012
3423 1.2461E-012
3425 1.2135E-012
3428 1.2279E-012
3431 1.2749E-012
3434 1.2586E-012
3436 1.2517E-012
3439 1.1982E-012
3442 1.1086E-012
3445 1.0776E-012
3447 1.1517E-012
3450 1.2170E-012
3453 1.2246E-012
3456 1.2123E-012
3458 1.2313E-012
3461 1.1871E-012
3464 1.1867E-012
3467 1.2197E-012
3469 1.2346E-012
3472 1.2547E-012
3475 1.1877E-012
3478 1.1297E-012
3480 1.1881E-012
3483 1.2323E-012
3486 1.2326E-012
3489 1.2436E-012
3491 1.1942E-012
3494 1.1735E-012
3497 1.1695E-012
3500 1.1848E-012
3502 1.2341E-012
3505 1.2530E-012
3508 1.2406E-012
3511 1.2351E-012
3513 1.2004E-012
3516 1.1953E-012
3519 1.2349E-012
3522 1.2251E-012
3524 1.1728E-012
3527 1.1244E-012
3530 1.1843E-012
3533 1.2447E-012
3535 1.2596E-012
3538 1.2854E-012
3541 1.3089E-012
3544 1.3100E-012
3546 1.3302E-012
3549 1.3240E-012
3552 1.3201E-012
3555 1.2967E-012
3557 1.2821E-012
3560 1.2877E-012
3563 1.2925E-012
3566 1.2673E-012
3568 1.1714E-012
3571 1.1431E-012
3574 1.1412E-012
3577 1.1777E-012
3579 1.1898E-012
3582 1.1638E-012
3585 1.1267E-012
3588 1.0737E-012
3590 1.1078E-012
3593 1.2175E-012
3596 1.2624E-012
3599 1.2985E-012
3601 1.3104E-012
3604 1.2620E-012
3607 1.2172E-012
3610 1.2021E-012
3612 1.1940E-012
3615 1.2023E-012
3618 1.2293E-012
3621 1.1781E-012
3623 1.2073E-012
3626 1.2652E-012
3629 1.3183E-012
3632 1.2636E-012
3634 1.1688E-012
3637 1.2121E-012
3640 1.2691E-012
3643 1.3008E-012
3645 1.2353E-012
3648 1.2165E-012
3651 1.2227E-012
3654 1.2774E-012
3656 1.3260E-012
3659 1.3620E-012
3662 1.3716E-012
3665 1.3600E-012
3667 1.3417E-012
3670 1.3420E-012
3673 1.3326E-012
3676 1.3585E-012
3678 1.3136E-012
3681 1.2923E-012
3684 1.2940E-012
3687 1.2849E-012
3689 1.2710E-012
3692 1.3299E-012
3695 1.3784E-012
3698 1.3818E-012
3700 1.3860E-012
3703 1.4227E-012
3706 1.3099E-012
3708 1.2473E-012
3711 1.2861E-012
3714 1.3267E-012
3717 1.4283E-012
3719 1.4374E-012
3722 1.2626E-012
3725 1.2569E-012
3728 1.3893E-012
3730 1.4053E-012
3733 1.3284E-012
3736 1.1673E-012
3739 1.1666E-012
3741 1.3344E-012
3744 1.4299E-012
3747 1.3207E-012
3750 1.2006E-012
3752 1.2231E-012
3755 1.3612E-012
3758 1.5019E-012
3761 1.4201E-012
3763 1.4439E-012
3766 1.4913E-012
3769 1.4163E-012
3772 1.3178E-012
3774 1.3472E-012
3777 1.5032E-012
3780 1.6089E-012
3783 1.6821E-012
3785 1.6980E-012
3788 1.6347E-012
3791 1.5854E-012
3794 1.5466E-012
3796 1.4388E-012
3799 1.2845E-012
3802 1.3313E-012
3805 1.5394E-012
3807 1.6434E-012
3810 1.6484E-012
3813 1.6884E-012
3816 1.6067E-012
3818 1.5572E-012
3821 1.5974E-012
3824 1.5412E-012
3827 1.4818E-012
3829 1.3837E-012
3832 1.3025E-012
3835 1.1559E-012
3838 1.0810E-012
3840 1.1485E-012
3843 1.3425E-012
3846 1.5471E-012
3849 1.6559E-012
3851 1.7178E-012
3854 1.7287E-012
3857 1.7290E-012
3860 1.6630E-012
3862 1.6219E-012
3865 1.7411E-012
3868 1.7793E-012
3871 1.7701E-012
3873 1.6922E-012
3876 1.6130E-012
3879 1.6278E-012
3882 1.5984E-012
3884 1.6041E-012
3887 1.4701E-012
3890 1.2887E-012
3893 1.2580E-012
3895 1.4222E-012
3898 1.5164E-012
3901 1.5648E-012
3904 1.5882E-012
3906 1.5654E-012
3909 1.5908E-012
3912 1.6703E-012
3915 1.6824E-012
3917 1.6634E-012
3920 1.6163E-012
3923 1.5470E-012
3926 1.5085E-012
3928 1.4042E-012
3931 1.0835E-012
3934 7.1757E-013
3937 5.7232E-013
3939 8.3091E-013
3942 1.1987E-012
3945 1.3873E-012
3948 1.4907E-012
3950 1.5663E-012
3953 1.5981E-012
3956 1.6072E-012
3959 1.5886E-012
3961 1.5556E-012
3964 1.3716E-012
3967 1.1200E-012
3970 7.5711E-013
3972 7.1076E-013
3975 1.0453E-012
3978 1.3720E-012
3981 1.5639E-012
3983 1.6642E-012
3986 1.6979E-012
3989 1.7241E-012
3992 1.7740E-012
3994 1.8210E-012
3997 1.8011E-012
4000 1.7791E-012
4003 1.8242E-012
4005 1.8387E-012
4008 1.7847E-012
4011 1.8342E-012
4014 1.8740E-012
4016 1.8736E-012
4019 1.8737E-012
4022 1.8896E-012
4025 1.8888E-012
4027 1.8827E-012
4030 1.8685E-012
4033 1.8056E-012
4036 1.7945E-012
4038 1.8544E-012
4041 1.9104E-012
4044 1.8723E-012
4047 1.8033E-012
4049 1.8042E-012
4052 1.8644E-012
4055 1.8772E-012
4058 1.8440E-012
4060 1.8284E-012
4063 1.8527E-012
4066 1.7889E-012
4069 1.7965E-012
4071 1.8475E-012
4074 1.8278E-012
4077 1.8132E-012
4080 1.7696E-012
4082 1.8003E-012
4085 1.8406E-012
4088 1.8347E-012
4091 1.8724E-012
4093 1.8616E-012
4096 1.7997E-012
4099 1.7230E-012
4102 1.5543E-012
4104 1.3775E-012
4107 1.5427E-012
4110 1.7008E-012
4113 1.7749E-012
4115 1.8350E-012
4118 1.8798E-012
4121 1.8522E-012
4124 1.8445E-012
4126 1.8668E-012
4129 1.8769E-012
4132 1.8750E-012
4135 1.8471E-012
4137 1.8610E-012
4140 1.9222E-012
4143 1.9337E-012
4146 1.8659E-012
4148 1.8881E-012
4151 1.8963E-012
4154 1.8774E-012
4157 1.8564E-012
4159 1.8591E-012
4162 1.8873E-012
4165 1.9079E-012
4168 1.9180E-012
4170 1.8961E-012
4173 1.8556E-012
4176 1.7929E-012
4179 1.8165E-012
4181 1.8332E-012
4184 1.8531E-012
4187 1.8453E-012
4190 1.8341E-012
4192 1.8476E-012
4195 1.8796E-012
4198 1.8581E-012
4201 1.8149E-012
4203 1.8061E-012
4206 1.8305E-012
4209 1.8483E-012
4212 1.8639E-012
4214 1.8702E-012
4217 1.8494E-012
4220 1.8331E-012
4223 1.8475E-012
4225 1.8183E-012
4228 1.7136E-012
4231 1.7191E-012
4234 1.8328E-012
4236 1.8182E-012
4239 1.8020E-012
4242 1.8187E-012
4245 1.8372E-012
4247 1.8378E-012
4250 1.7910E-012
4253 1.7866E-012
4256 1.8225E-012
4258 1.8262E-012
4261 1.8303E-012
4264 1.7963E-012
4267 1.8481E-012
4269 1.8429E-012
4272 1.7888E-012
4275 1.7296E-012
4278 1.7573E-012
4280 1.8141E-012
4283 1.7825E-012
4286 1.7584E-012
4289 1.7264E-012
4291 1.6786E-012
4294 1.6592E-012
4297 1.6681E-012
4299 1.6250E-012
4302 1.5080E-012
4305 1.4712E-012
4308 1.4923E-012
4310 1.4675E-012
4313 1.4906E-012
4316 1.6033E-012
4319 1.7405E-012
4321 1.8117E-012
4324 1.7677E-012
4327 1.6767E-012
4330 1.6922E-012
4332 1.7708E-012
4335 1.7772E-012
4338 1.6979E-012
4341 1.5044E-012
4343 1.3567E-012
4346 1.5084E-012
4349 1.6813E-012
4352 1.7555E-012
4354 1.7163E-012
4357 1.7581E-012
4360 1.8056E-012
4363 1.8249E-012
4365 1.8643E-012
4368 1.8585E-012
4371 1.8244E-012
4374 1.8164E-012
4376 1.7972E-012
4379 1.7962E-012
4382 1.8266E-012
4385 1.7776E-012
4387 1.7076E-012
4390 1.7687E-012
4393 1.8111E-012
4396 1.8181E-012
4398 1.8074E-012
4401 1.8136E-012
4404 1.8075E-012
4407 1.8177E-012
4409 1.8260E-012
4412 1.8474E-012
4415 1.8841E-012
4418 1.8548E-012
4420 1.8494E-012
4423 1.8788E-012
4426 1.8857E-012
4429 1.8872E-012
4431 1.8860E-012
4434 1.8878E-012
4437 1.8641E-012
4440 1.8755E-012
4442 1.9038E-012
4445 1.8583E-012
4448 1.8596E-012
4451 1.8663E-012
4453 1.8791E-012
4456 1.8475E-012
4459 1.8091E-012
4462 1.8358E-012
4464 1.8417E-012
4467 1.8638E-012
4470 1.8567E-012
4473 1.8535E-012
4475 1.8902E-012
4478 1.9049E-012
4481 1.9154E-012
4484 1.8669E-012
4486 1.8626E-012
4489 1.9031E-012
4492 1.8877E-012
4495 1.8836E-012
4497 1.8934E-012
4500 1.9036E-012
4503 1.9092E-012
4506 1.9264E-012
4508 1.9470E-012
4511 1.9479E-012
4514 1.9471E-012
4517 1.9174E-012
4519 1.9084E-012
4522 1.9002E-012
4525 1.8704E-012
4528 1.8620E-012
4530 1.8379E-012
4533 1.8262E-012
4536 1.8216E-012
4539 1.8338E-012
4541 1.8843E-012
4544 1.9078E-012
4547 1.8942E-012
4550 1.8655E-012
4552 1.8372E-012
4555 1.8337E-012
4558 1.8383E-012
4561 1.8787E-012
4563 1.8978E-012
4566 1.9055E-012
4569 1.9208E-012
4572 1.9104E-012
4574 1.8859E-012
4577 1.9051E-012
4580 1.9105E-012
4582 1.8834E-012
4585 1.8654E-012
4588 1.8614E-012
4591 1.8865E-012
4593 1.8798E-012
4596 1.8831E-012
4599 1.8973E-012
4602 1.8967E-012
4604 1.8901E-012
4607 1.8933E-012
4610 1.8995E-012
4613 1.9125E-012
4615 1.9109E-012
4618 1.9017E-012
4621 1.8993E-012
4624 1.9036E-012
4626 1.9195E-012
4629 1.9093E-012
4632 1.9058E-012
4635 1.9044E-012
4637 1.9000E-012
4640 1.8988E-012
4643 1.9125E-012
4646 1.8973E-012
4648 1.8909E-012
4651 1.8736E-012
4654 1.8785E-012
4657 1.8762E-012
4659 1.8742E-012
4662 1.8980E-012
4665 1.9113E-012
4668 1.8941E-012
4670 1.8502E-012
4673 1.8677E-012
4676 1.8878E-012
4679 1.9000E-012
4681 1.8930E-012
4684 1.8817E-012
4687 1.8895E-012
4690 1.9012E-012
4692 1.8988E-012
4695 1.9071E-012
4698 1.9091E-012
4701 1.9091E-012
4703 1.8798E-012
4706 1.8425E-012
4709 1.8406E-012
4712 1.8518E-012
4714 1.8704E-012
4717 1.8809E-012
4720 1.8845E-012
4723 1.8924E-012
4725 1.8898E-012
4728 1.8815E-012
4731 1.8825E-012
4734 1.8731E-012
4736 1.8672E-012
4739 1.8681E-012
4742 1.8741E-012
4745 1.8879E-012
4747 1.8927E-012
4750 1.8909E-012
4753 1.8910E-012
4756 1.8850E-012
4758 1.8720E-012
4761 1.8703E-012
4764 1.8614E-012
4766 1.8545E-012
4769 1.8620E-012
4772 1.8690E-012
4775 1.8595E-012
4777 1.8685E-012
4780 1.8772E-012
4783 1.8741E-012
4786 1.8656E-012
4788 1.8483E-012
4791 1.8482E-012
4794 1.8470E-012
4797 1.8696E-012
4799 1.8750E-012
4802 1.8511E-012
4805 1.8524E-012
4808 1.8506E-012
4810 1.8490E-012
4813 1.8516E-012
4816 1.8546E-012
4819 1.8539E-012
4821 1.8576E-012
4824 1.8480E-012
4827 1.8374E-012
4830 1.8479E-012
4832 1.8508E-012
4835 1.8394E-012
4838 1.8362E-012
4841 1.8337E-012
4843 1.8205E-012
4846 1.8116E-012
4849 1.7978E-012
4852 1.7935E-012
4854 1.7778E-012
4857 1.7241E-012
4860 1.6211E-012
4863 1.4428E-012
4865 1.3636E-012
4868 1.5262E-012
4871 1.6670E-012
4874 1.6992E-012
4876 1.7135E-012
4879 1.7372E-012
4882 1.7640E-012
4885 1.7866E-012
4887 1.7775E-012
4890 1.7787E-012
4893 1.7629E-012
4896 1.7784E-012
4898 1.8169E-012
4901 1.8261E-012
4904 1.8225E-012
4906 1.8123E-012
4909 1.8190E-012
4912 1.8083E-012
4915 1.8033E-012
4917 1.8111E-012
4920 1.7872E-012
4923 1.7514E-012
4926 1.7577E-012
4928 1.7796E-012
4931 1.8141E-012
4934 1.8071E-012
4937 1.7801E-012
4939 1.7814E-012
4942 1.7834E-012
4945 1.8070E-012
4948 1.8273E-012
4950 1.8333E-012
4953 1.8329E-012
4956 1.8210E-012
4959 1.8022E-012
4961 1.7736E-012
4964 1.8083E-012
4967 1.8225E-012
4970 1.8147E-012
4972 1.8198E-012
4975 1.8189E-012
4978 1.8260E-012
4981 1.8129E-012
4983 1.7875E-012
4986 1.7646E-012
4989 1.7626E-012
4992 1.7853E-012
4994 1.7920E-012
4997 1.7963E-012
5000 1.8060E-012
5003 1.7855E-012
5005 1.7669E-012
5008 1.7599E-012
5011 1.7591E-012
5013 1.7654E-012
5016 1.7338E-012
5019 1.7417E-012
5022 1.7527E-012
5024 1.7689E-012
5027 1.7797E-012
5030 1.7879E-012
5033 1.7803E-012
5035 1.7935E-012
5038 1.7788E-012
5041 1.7561E-012
5044 1.7305E-012
5046 1.7546E-012
5049 1.7902E-012
5052 1.7865E-012
5055 1.7736E-012
5057 1.7994E-012
5060 1.7999E-012
5063 1.8055E-012
5066 1.8078E-012
5068 1.7855E-012
5071 1.7782E-012
5074 1.7816E-012
5077 1.7757E-012
5079 1.7647E-012
5082 1.7425E-012
5085 1.7344E-012
5088 1.7590E-012
5090 1.7784E-012
5093 1.7931E-012
5096 1.7803E-012
5099 1.7771E-012
5101 1.7600E-012
5104 1.7642E-012
5107 1.7775E-012
5109 1.7669E-012
5112 1.7536E-012
5115 1.7677E-012
5118 1.7782E-012
5120 1.7798E-012
5123 1.7818E-012
5126 1.7616E-012
5129 1.7462E-012
5131 1.7442E-012
5134 1.7505E-012
5137 1.7482E-012
5140 1.7318E-012
5142 1.7132E-012
5145 1.7182E-012
5148 1.7344E-012
5151 1.7419E-012
5153 1.7411E-012
5156 1.7395E-012
5159 1.7549E-012
5162 1.7651E-012
5164 1.7414E-012
5167 1.7106E-012
5170 1.6158E-012
5173 1.5729E-012
5175 1.5657E-012
5178 1.6414E-012
5181 1.7150E-012
5184 1.6978E-012
5186 1.6297E-012
5189 1.6257E-012
5192 1.6734E-012
5194 1.6797E-012
5197 1.6846E-012
5200 1.7002E-012
5203 1.7063E-012
5205 1.7024E-012
5208 1.6821E-012
5211 1.6865E-012
5214 1.7110E-012
5216 1.7290E-012
5219 1.7248E-012
5222 1.7380E-012
5225 1.7457E-012
5227 1.7201E-012
5230 1.6800E-012
5233 1.6885E-012
5236 1.7104E-012
5238 1.7150E-012
5241 1.7412E-012
5244 1.7412E-012
5247 1.7399E-012
5249 1.7368E-012
5252 1.7318E-012
5255 1.7276E-012
5258 1.7348E-012
5260 1.7382E-012
5263 1.7205E-012
5266 1.6700E-012
5268 1.6325E-012
5271 1.6314E-012
5274 1.6346E-012
5277 1.6737E-012
5279 1.7020E-012
5282 1.7147E-012
5285 1.7043E-012
5288 1.7112E-012
5290 1.7351E-012
5293 1.7461E-012
5296 1.7390E-012
5299 1.7325E-012
5301 1.7096E-012
5304 1.7161E-012
5307 1.7251E-012
5310 1.7345E-012
5312 1.7360E-012
5315 1.7310E-012
5318 1.7235E-012
5321 1.7107E-012
5323 1.7173E-012
5326 1.6992E-012
5329 1.6783E-012
5332 1.6564E-012
5334 1.6862E-012
5337 1.6989E-012
5340 1.7024E-012
5342 1.6867E-012
5345 1.6937E-012
5348 1.6988E-012
5351 1.7048E-012
5353 1.7097E-012
5356 1.7115E-012
5359 1.7322E-012
5362 1.7295E-012
5364 1.7172E-012
5367 1.7000E-012
5370 1.6762E-012
5373 1.6613E-012
5375 1.6724E-012
5378 1.7038E-012
5381 1.7115E-012
5384 1.6992E-012
5386 1.6933E-012
5389 1.7037E-012
5392 1.7011E-012
5395 1.6901E-012
5397 1.6801E-012
5400 1.6618E-012
5403 1.6595E-012
5405 1.6634E-012
5408 1.6489E-012
5411 1.6607E-012
5414 1.6661E-012
5416 1.6830E-012
5419 1.6862E-012
5422 1.6880E-012
5425 1.6854E-012
5427 1.6801E-012
5430 1.6770E-012
5433 1.6617E-012
5436 1.6617E-012
5438 1.6730E-012
5441 1.6897E-012
5444 1.6943E-012
5447 1.6854E-012
5449 1.6603E-012
5454 1.6746E-012
5459 1.6654E-012
5464 1.6723E-012
5469 1.6694E-012
5474 1.6807E-012
5479 1.6712E-012
5483 1.6668E-012
5488 1.6747E-012
5493 1.6763E-012
5498 1.6771E-012
5503 1.6745E-012
5508 1.6599E-012
5513 1.6632E-012
5518 1.6693E-012
5522 1.6866E-012
5527 1.6690E-012
5532 1.6440E-012
5537 1.6603E-012
5542 1.6532E-012
5547 1.6711E-012
5552 1.6686E-012
5557 1.6603E-012
5561 1.6609E-012
5566 1.6538E-012
5571 1.6461E-012
5576 1.6310E-012
5581 1.6389E-012
5586 1.6476E-012
5591 1.6238E-012
5595 1.6071E-012
5600 1.6153E-012
5605 1.6107E-012
5610 1.6361E-012
5615 1.6291E-012
5620 1.6096E-012
5625 1.6285E-012
5630 1.6311E-012
5634 1.6336E-012
5639 1.6263E-012
5644 1.6269E-012
5649 1.6286E-012
5654 1.6302E-012
5659 1.6173E-012
5664 1.6104E-012
5669 1.6161E-012
5673 1.6202E-012
5678 1.6060E-012
5683 1.6177E-012
5688 1.6087E-012
5693 1.6073E-012
5698 1.6090E-012
5703 1.6127E-012
5708 1.6023E-012
5712 1.5878E-012
5717 1.6026E-012
5722 1.6094E-012
5727 1.6110E-012
5732 1.6115E-012
5737 1.6076E-012
5742 1.6079E-012
5747 1.6103E-012
5751 1.6090E-012
5756 1.5936E-012
5761 1.5908E-012
5766 1.5951E-012
5771 1.6005E-012
5776 1.6037E-012
5781 1.6127E-012
5786 1.5932E-012
5790 1.5862E-012
5795 1.5835E-012
5800 1.5869E-012
5805 1.5875E-012
5810 1.5835E-012
5815 1.5878E-012
5820 1.5886E-012
5825 1.5835E-012
5829 1.5802E-012
5834 1.5776E-012
5839 1.5788E-012
5844 1.5802E-012
5849 1.5732E-012
5854 1.5554E-012
5859 1.5376E-012
5864 1.5449E-012
5868 1.5564E-012
5873 1.5668E-012
5878 1.5638E-012
5883 1.5553E-012
5888 1.5488E-012
5893 1.5096E-012
5898 1.5099E-012
5903 1.5232E-012
5907 1.5446E-012
5912 1.5609E-012
5917 1.5420E-012
5922 1.5529E-012
5927 1.5363E-012
5932 1.5483E-012
5937 1.5459E-012
5942 1.5505E-012
5946 1.5427E-012
5951 1.5456E-012
5956 1.5469E-012
5961 1.5359E-012
5966 1.5414E-012
5971 1.5414E-012
5976 1.5420E-012
5981 1.5284E-012
5985 1.5293E-012
5990 1.5274E-012
5995 1.5259E-012
6000 1.5321E-012
6005 1.5168E-012
6010 1.5214E-012
6015 1.5176E-012
6020 1.5159E-012
6024 1.5134E-012
6029 1.5085E-012
6034 1.5127E-012
6039 1.5184E-012
6044 1.5347E-012
6049 1.5207E-012
6054 1.5115E-012
6059 1.5078E-012
6064 1.5022E-012
6068 1.4996E-012
6073 1.5019E-012
6078 1.4991E-012
6083 1.5003E-012
6088 1.4946E-012
6093 1.4968E-012
6098 1.4947E-012
6103 1.4973E-012
6107 1.4938E-012
6112 1.4913E-012
6117 1.4897E-012
6122 1.4861E-012
6127 1.4620E-012
6132 1.4833E-012
6137 1.4694E-012
6142 1.4590E-012
6146 1.4599E-012
6151 1.4633E-012
6156 1.4662E-012
6161 1.4645E-012
6166 1.4454E-012
6171 1.4466E-012
6176 1.4609E-012
6181 1.4686E-012
6185 1.4694E-012
6190 1.4671E-012
6195 1.4679E-012
6200 1.4634E-012
6205 1.4658E-012
6210 1.4646E-012
6215 1.4614E-012
6220 1.4551E-012
6224 1.4499E-012
6229 1.4530E-012
6234 1.4470E-012
6239 1.4472E-012
6244 1.4432E-012
6249 1.4388E-012
6254 1.4329E-012
6259 1.4333E-012
6264 1.4356E-012
6268 1.4338E-012
6273 1.4356E-012
6278 1.4436E-012
6283 1.4446E-012
6288 1.4396E-012
6293 1.4394E-012
6298 1.4393E-012
6303 1.4268E-012
6307 1.4186E-012
6312 1.4222E-012
6317 1.4160E-012
6322 1.4071E-012
6327 1.4049E-012
6332 1.4004E-012
6337 1.3998E-012
6342 1.4058E-012
6346 1.4056E-012
6351 1.4105E-012
6356 1.4093E-012
6361 1.4173E-012
6366 1.4096E-012
6371 1.4080E-012
6376 1.4093E-012
6381 1.4174E-012
6386 1.4090E-012
6390 1.4154E-012
6395 1.3962E-012
6400 1.3978E-012
6405 1.3918E-012
6410 1.3869E-012
6415 1.3828E-012
6420 1.3845E-012
6425 1.3828E-012
6429 1.3879E-012
6434 1.3857E-012
6439 1.3786E-012
6444 1.3714E-012
6449 1.3748E-012
6454 1.3732E-012
6459 1.3724E-012
6464 1.3681E-012
6468 1.3676E-012
6473 1.3729E-012
6478 1.3655E-012
6483 1.3654E-012
6488 1.3715E-012
6493 1.3581E-012
6498 1.3472E-012
6503 1.3422E-012
6508 1.3631E-012
6512 1.3616E-012
6517 1.3687E-012
6522 1.3592E-012
6527 1.3587E-012
6532 1.3571E-012
6537 1.3543E-012
6542 1.3544E-012
6547 1.3376E-012
6551 1.3150E-012
6556 1.2756E-012
6561 1.2260E-012
6566 1.1338E-012
6571 1.1549E-012
6576 1.2535E-012
6581 1.2943E-012
6586 1.3165E-012
6590 1.3330E-012
6595 1.3273E-012
6600 1.3337E-012
6605 1.3374E-012
6610 1.3407E-012
6615 1.3358E-012
6620 1.3420E-012
6625 1.3339E-012
6630 1.3365E-012
6634 1.3323E-012
6639 1.3271E-012
6644 1.3317E-012
6649 1.3325E-012
6654 1.3315E-012
6659 1.3303E-012
6664 1.3272E-012
6669 1.3248E-012
6673 1.3254E-012
6678 1.3308E-012
6683 1.3125E-012
6688 1.3180E-012
6693 1.3216E-012
6698 1.3199E-012
6703 1.3249E-012
6708 1.3168E-012
6713 1.3102E-012
6717 1.3096E-012
6722 1.3065E-012
6727 1.3137E-012
6732 1.3100E-012
6737 1.3102E-012
6742 1.3162E-012
6747 1.3146E-012
6752 1.3050E-012
6756 1.3018E-012
6761 1.2968E-012
6766 1.3052E-012
6771 1.3036E-012
6776 1.2974E-012
6781 1.2995E-012
6786 1.2966E-012
6791 1.3019E-012
6796 1.2928E-012
6800 1.2919E-012
6805 1.2844E-012
6810 1.2940E-012
6815 1.2929E-012
6820 1.2876E-012
6825 1.2852E-012
6830 1.2945E-012
6835 1.2876E-012
6839 1.2862E-012
6844 1.2793E-012
6849 1.2775E-012
6854 1.2829E-012
6859 1.2656E-012
6864 1.2698E-012
6869 1.2651E-012
6874 1.2673E-012
6879 1.2734E-012
6883 1.2649E-012
6888 1.2700E-012
6893 1.2783E-012
6898 1.2747E-012
6903 1.2587E-012
6908 1.2599E-012
6913 1.2574E-012
6918 1.2647E-012
6922 1.2550E-012
6927 1.2554E-012
6932 1.2600E-012
6937 1.2510E-012
6942 1.2579E-012
6947 1.2550E-012
6952 1.2478E-012
6957 1.2474E-012
6962 1.2451E-012
6966 1.2476E-012
6971 1.2476E-012
6976 1.2434E-012
6981 1.2439E-012
6986 1.2383E-012
6991 1.2387E-012
6996 1.2370E-012
7001 1.2427E-012
7005 1.2325E-012
7010 1.2260E-012
7015 1.2297E-012
7020 1.2227E-012
7025 1.2275E-012
7030 1.2271E-012
7035 1.2268E-012
7040 1.2161E-012
7045 1.2221E-012
7049 1.2178E-012
7054 1.2198E-012
7059 1.2193E-012
7064 1.2219E-012
7069 1.2143E-012
7074 1.2160E-012
7079 1.2119E-012
7084 1.2141E-012
7089 1.2092E-012
7093 1.2089E-012
7098 1.2107E-012
7103 1.2110E-012
7108 1.2097E-012
7113 1.2058E-012
7118 1.1962E-012
7123 1.1958E-012
7128 1.1983E-012
7132 1.1923E-012
7137 1.1938E-012
7142 1.1998E-012
7147 1.1964E-012
7152 1.1922E-012
7157 1.1884E-012
7162 1.1881E-012
7167 1.1844E-012
7172 1.1827E-012
7176 1.1876E-012
7181 1.1813E-012
7186 1.1802E-012
7191 1.1810E-012
7196 1.1776E-012
7201 1.1769E-012
7206 1.1719E-012
7211 1.1709E-012
7215 1.1789E-012
7220 1.1739E-012
7225 1.1802E-012
7230 1.1713E-012
7235 1.1768E-012
7240 1.1674E-012
7245 1.1732E-012
7250 1.1714E-012
7255 1.1693E-012
7259 1.1609E-012
7264 1.1654E-012
7269 1.1682E-012
7274 1.1689E-012
7279 1.1594E-012
7284 1.1585E-012
7289 1.1542E-012
7294 1.1544E-012
7299 1.1483E-012
7303 1.1457E-012
7308 1.1441E-012
7313 1.1509E-012
7318 1.1508E-012
7323 1.1522E-012
7328 1.1416E-012
7333 1.1420E-012
7338 1.1456E-012
7342 1.1485E-012
7347 1.1440E-012
7352 1.1506E-012
7357 1.1395E-012
7362 1.1373E-012
7367 1.1322E-012
7372 1.1397E-012
7377 1.1340E-012
7382 1.1324E-012
7386 1.1346E-012
7391 1.1234E-012
7396 1.1254E-012
7401 1.1257E-012
7406 1.1241E-012
7411 1.1126E-012
7416 1.1157E-012
7421 1.1172E-012
7426 1.1163E-012
7430 1.1123E-012
7435 1.1160E-012
7440 1.1154E-012
7445 1.1201E-012
7450 1.1156E-012
7455 1.1188E-012
7460 1.1185E-012
7465 1.1138E-012
7469 1.1120E-012
7474 1.1101E-012
7479 1.1122E-012
7484 1.1065E-012
7489 1.1091E-012
7494 1.1090E-012
7499 1.0999E-012
7504 1.1012E-012
7509 1.0991E-012
7513 1.1001E-012
7518 1.1015E-012
7523 1.1006E-012
7528 1.0917E-012
7533 1.0910E-012
7538 1.0951E-012
7543 1.0986E-012
7548 1.0949E-012
7553 1.0876E-012
7557 1.0954E-012
7562 1.0943E-012
7567 1.0951E-012
7572 1.0862E-012
7577 1.0877E-012
7582 1.0818E-012
7587 1.0812E-012
7592 1.0730E-012
7596 1.0799E-012
7601 1.0784E-012
7606 1.0811E-012
7611 1.0809E-012
7616 1.0782E-012
7621 1.0764E-012
7626 1.0775E-012
7631 1.0720E-012
7636 1.0768E-012
7640 1.0714E-012
7645 1.0691E-012
7650 1.0699E-012
7655 1.0708E-012
7660 1.0573E-012
7665 1.0534E-012
7670 1.0560E-012
7675 1.0571E-012
7680 1.0623E-012
7684 1.0629E-012
7689 1.0587E-012
7694 1.0598E-012
7699 1.0477E-012
7704 1.0428E-012
7709 1.0515E-012
7714 1.0456E-012
7719 1.0519E-012
7724 1.0598E-012
7728 1.0556E-012
7733 1.0604E-012
7738 1.0548E-012
7743 1.0470E-012
7748 1.0418E-012
7753 1.0337E-012
7758 1.0440E-012
7763 1.0470E-012
7767 1.0441E-012
7772 1.0412E-012
7777 1.0391E-012
7782 1.0333E-012
7787 1.0373E-012
7792 1.0391E-012
7797 1.0322E-012
7802 1.0295E-012
7807 1.0348E-012
7811 1.0363E-012
7816 1.0332E-012
7821 1.0294E-012
7826 1.0339E-012
7831 1.0306E-012
7836 1.0273E-012
7841 1.0249E-012
7846 1.0240E-012
7851 1.0193E-012
7855 1.0239E-012
7860 1.0309E-012
7865 1.0275E-012
7870 1.0192E-012
7875 1.0233E-012
7880 1.0170E-012
7885 1.0239E-012
7890 1.0243E-012
7894 1.0317E-012
7899 1.0191E-012
7904 1.0195E-012
7909 1.0085E-012
7914 1.0007E-012
7919 1.0022E-012
7924 1.0027E-012
7929 1.0023E-012
7934 9.9263E-013
7938 9.9633E-013
7943 9.9017E-013
7948 9.9524E-013
7953 9.9213E-013
7958 9.9402E-013
7963 1.0022E-012
7968 1.0050E-012
7973 1.0054E-012
7978 1.0125E-012
7982 1.0098E-012
7987 9.9896E-013
7992 9.9615E-013
7997 9.8652E-013
8002 9.8432E-013
8007 9.8935E-013
8012 9.9548E-013
8017 9.9628E-013
8021 9.9398E-013
8026 9.9749E-013
8031 9.9574E-013
8036 9.7975E-013
8041 9.8292E-013
8046 9.8149E-013
8051 9.7933E-013
8056 9.8054E-013
8061 9.7987E-013
8065 9.8046E-013
8070 9.8095E-013
8075 9.7662E-013
8080 9.7008E-013
8085 9.6714E-013
8090 9.7068E-013
8095 9.6597E-013
8100 9.6541E-013
8105 9.6933E-013
8109 9.6797E-013
8114 9.7275E-013
8119 9.7187E-013
8124 9.6664E-013
8129 9.6864E-013
8134 9.7203E-013
8139 9.6439E-013
8144 9.5843E-013
8149 9.6586E-013
8153 9.5979E-013
8158 9.5954E-013
8163 9.5820E-013
8168 9.5961E-013
8173 9.5707E-013
8178 9.5692E-013
8183 9.4992E-013
8188 9.4167E-013
8192 9.4372E-013
8197 9.4442E-013
8202 9.4353E-013
8207 9.3756E-013
8212 9.3989E-013
8217 9.3762E-013
8222 9.3754E-013
8227 9.4311E-013
8232 9.4867E-013
8236 9.3894E-013
8241 9.4595E-013
8246 9.4035E-013
8251 9.4205E-013
8256 9.3923E-013
8261 9.3886E-013
8266 9.3328E-013
8271 9.3683E-013
8276 9.3370E-013
8280 9.3576E-013
8285 9.3347E-013
8290 9.3142E-013
8295 9.3135E-013
8300 9.2976E-013
8305 9.2565E-013
8310 9.2646E-013
8315 9.2584E-013
8319 9.2509E-013
8324 9.2096E-013
8329 9.1922E-013
8334 9.1841E-013
8339 9.1506E-013
8344 9.1432E-013
8349 9.1553E-013
8354 9.1511E-013
8359 9.1401E-013
8363 9.0926E-013
8368 9.0761E-013
8373 9.0649E-013
8378 9.1491E-013
8383 9.0990E-013
8388 9.1522E-013
8393 9.0845E-013
8398 9.1106E-013
8403 9.0877E-013
8407 9.0366E-013
8412 9.1013E-013
8417 9.0900E-013
8422 9.0604E-013
8427 9.0324E-013
8432 9.0683E-013
8437 9.0395E-013
8442 8.9512E-013
8446 8.9270E-013
8451 8.8961E-013
8456 8.9346E-013
8461 8.9762E-013
8466 9.0253E-013
8471 8.9926E-013
8476 8.8880E-013
8481 8.9188E-013
8486 8.9245E-013
8490 8.9065E-013
8495 8.8235E-013
8500 8.6759E-013
8505 8.4509E-013
8510 8.6531E-013
8515 8.7034E-013
8520 8.7375E-013
8525 8.7924E-013
8530 8.7463E-013
8534 8.5981E-013
8539 8.5320E-013
8544 8.1418E-013
8549 7.7565E-013
8554 8.1886E-013
8559 8.5820E-013
8564 8.6063E-013
8569 8.8206E-013
8573 8.8079E-013
8578 8.8918E-013
8583 8.7759E-013
8588 8.7030E-013
8593 8.6756E-013
8598 8.6812E-013
8603 8.6760E-013
8608 8.6328E-013
8613 8.6334E-013
8617 8.6199E-013
8622 8.6744E-013
8627 8.6902E-013
8632 8.6712E-013
8637 8.6627E-013
8642 8.6844E-013
8647 8.6641E-013
8652 8.5716E-013
8656 8.4055E-013
8661 8.3643E-013
8666 7.9145E-013
8671 7.7910E-013
8676 8.1473E-013
8681 8.3234E-013
8686 8.4472E-013
8691 8.5111E-013
8696 8.4729E-013
8700 8.4954E-013
8705 8.5670E-013
8710 8.5102E-013
8715 8.5029E-013
8720 8.4656E-013
8725 8.4854E-013
8730 8.4615E-013
8735 8.4569E-013
8740 8.4494E-013
8744 8.4114E-013
8749 8.3549E-013
8754 8.3622E-013
8759 8.3396E-013
8764 8.4025E-013
8769 8.4392E-013
8774 8.4075E-013
8779 8.4576E-013
8783 8.3890E-013
8788 8.3689E-013
8793 8.3167E-013
8798 8.3192E-013
8803 8.3209E-013
8808 8.2882E-013
8813 8.3222E-013
8818 8.3219E-013
8823 8.3193E-013
8827 8.2463E-013
8832 8.2298E-013
8837 8.3013E-013
8842 8.2785E-013
8847 8.3422E-013
8852 8.2963E-013
8857 8.2175E-013
8862 8.1574E-013
8866 8.0890E-013
8871 8.0378E-013
8876 8.1974E-013
8881 8.2554E-013
8886 8.2226E-013
8891 8.2352E-013
8896 8.1861E-013
8901 8.1107E-013
8906 8.1509E-013
8910 8.1809E-013
8915 8.1554E-013
8920 8.1474E-013
8925 8.1873E-013
8930 8.1649E-013
8935 8.0527E-013
8940 8.1301E-013
8945 8.0758E-013
8949 8.0965E-013
8954 8.1160E-013
8959 8.1751E-013
8964 8.1736E-013
8969 8.1650E-013
8974 8.0907E-013
8979 8.0652E-013
8984 8.1167E-013
8989 8.0658E-013
8993 8.1816E-013
8998 8.0024E-013
9003 7.9455E-013
9008 7.9145E-013
9013 7.8401E-013
9018 7.8178E-013
9023 7.7937E-013
9028 7.9234E-013
9032 7.9431E-013
9037 8.0078E-013
9042 7.9980E-013
9047 7.9544E-013
9052 7.9853E-013
9057 7.9163E-013
9062 7.9225E-013
9067 7.9240E-013
9072 7.8579E-013
9076 7.9809E-013
9081 7.9786E-013
9086 7.9020E-013
9091 7.8046E-013
9096 7.7304E-013
9101 7.7419E-013
9106 7.8699E-013
9111 7.8787E-013
9115 7.8788E-013
9120 7.8221E-013
9125 7.8371E-013
9130 7.8609E-013
9135 7.8624E-013
9140 7.8702E-013
9145 7.9061E-013
9150 7.8905E-013
9154 7.9443E-013
9159 7.9317E-013
9164 7.8936E-013
9169 7.7959E-013
9174 7.7213E-013
9179 7.6920E-013
9184 7.7164E-013
9189 7.8185E-013
9194 7.8119E-013
9198 7.8397E-013
9203 7.7561E-013
9208 7.6889E-013
9213 7.6608E-013
9218 7.5756E-013
9223 7.5722E-013
9228 7.5691E-013
9233 7.4656E-013
9237 7.4853E-013
9242 7.4808E-013
9247 7.4197E-013
9252 7.4915E-013
9257 7.4850E-013
9262 7.5906E-013
9267 7.5747E-013
9272 7.5614E-013
9277 7.5801E-013
9281 7.5691E-013
9286 7.5985E-013
9291 7.6076E-013
9296 7.6676E-013
9301 7.6128E-013
9306 7.5840E-013
9311 7.5441E-013
9316 7.4647E-013
9320 7.3796E-013
9325 7.4139E-013
9330 7.4141E-013
9335 7.4177E-013
9340 7.4000E-013
9345 7.3667E-013
9350 7.3463E-013
9355 7.3127E-013
9359 7.3881E-013
9364 7.3919E-013
9369 7.3911E-013
9374 7.4429E-013
9379 7.4016E-013
9384 7.4013E-013
9389 7.4024E-013
9394 7.4043E-013
9399 7.3747E-013
9403 7.3820E-013
9408 7.3548E-013
9413 7.3663E-013
9418 7.2767E-013
9423 7.1354E-013
9428 7.2198E-013
9433 7.2318E-013
9438 7.2454E-013
9442 7.3080E-013
9447 7.2980E-013
9452 7.3076E-013
9457 7.2997E-013
9462 7.2701E-013
9467 7.3297E-013
9472 7.3181E-013
9477 7.3103E-013
9481 7.3133E-013
9486 7.1996E-013
9491 7.1883E-013
9496 7.2005E-013
9501 7.1880E-013
9506 7.1687E-013
9511 7.2052E-013
9516 7.1795E-013
9520 7.1526E-013
9525 7.1485E-013
9530 7.1244E-013
9535 7.1588E-013
9540 7.0491E-013
9545 7.0128E-013
9550 6.9189E-013
9555 6.8507E-013
9560 6.9662E-013
9564 7.0647E-013
9569 7.0756E-013
9574 7.0270E-013
9579 6.9846E-013
9584 7.0113E-013
9589 7.0620E-013
9594 7.0753E-013
9599 7.0888E-013
9603 7.1299E-013
9608 7.1079E-013
9613 7.0705E-013
9618 6.9883E-013
9623 7.0131E-013
9628 6.8927E-013
9633 6.9754E-013
9638 6.9677E-013
9642 6.9568E-013
9647 6.8935E-013
9652 6.8802E-013
9657 6.8547E-013
9662 6.8276E-013
9667 6.8955E-013
9672 6.9858E-013
9677 6.9035E-013
9681 6.9519E-013
9686 6.9135E-013
9691 6.9639E-013
9696 7.0117E-013
9701 6.9948E-013
9706 6.9358E-013
9711 6.8788E-013
9716 6.8106E-013
9720 6.8483E-013
9725 6.7775E-013
9730 6.7978E-013
9735 6.8005E-013
9740 6.8049E-013
9745 6.7978E-013
9750 6.7836E-013
9755 6.8748E-013
9759 6.8526E-013
9764 6.8331E-013
9769 6.8330E-013
9774 6.8394E-013
9779 6.7952E-013
9784 6.7587E-013
9789 6.6655E-013
9794 6.6582E-013
9798 6.7153E-013
9803 6.7956E-013
9808 6.7422E-013
9813 6.7092E-013
9818 6.6891E-013
9823 6.6856E-013
9828 6.6958E-013
9833 6.7033E-013
9837 6.7243E-013
9842 6.6830E-013
9847 6.6938E-013
9852 6.7193E-013
9857 6.7505E-013
9862 6.7043E-013
9867 6.6446E-013
9872 6.5891E-013
9877 6.5654E-013
9881 6.7094E-013
9886 6.6734E-013
9891 6.6629E-013
9896 6.6607E-013
9901 6.6294E-013
9906 6.5335E-013
9911 6.5997E-013
9916 6.5378E-013
9920 6.4594E-013
9925 6.6395E-013
9930 6.6163E-013
9935 6.5687E-013
9940 6.4898E-013
9945 6.5312E-013
9950 6.5700E-013
9955 6.5472E-013
9959 6.5120E-013
9964 6.5353E-013
9969 6.5013E-013
9974 6.5056E-013
9979 6.5478E-013
9984 6.5659E-013
9989 6.5264E-013
9993 6.4850E-013
9998 6.4665E-013
1E+004 6.5182E-013
1.001E+004 6.4845E-013
1.001E+004 6.5032E-013
1.002E+004 6.4829E-013
1.002E+004 6.4181E-013
1.003E+004 6.3619E-013
1.003E+004 6.3848E-013
1.004E+004 6.3869E-013
1.004E+004 6.3389E-013
1.005E+004 6.2716E-013
1.005E+004 6.1995E-013
1.006E+004 6.1708E-013
1.006E+004 6.1761E-013
1.007E+004 6.2605E-013
1.007E+004 6.2876E-013
1.008E+004 6.3263E-013
1.008E+004 6.2756E-013
1.009E+004 6.2926E-013
1.009E+004 6.3152E-013
1.01E+004 6.3167E-013
1.01E+004 6.3715E-013
1.011E+004 6.3259E-013
1.011E+004 6.2795E-013
1.012E+004 6.3201E-013
1.013E+004 6.2709E-013
1.018E+004 6.1861E-013
1.023E+004 6.1312E-013
1.028E+004 6.0771E-013
1.033E+004 6.0016E-013
1.038E+004 5.9439E-013
1.043E+004 5.8803E-013
1.048E+004 5.8242E-013
1.053E+004 5.7693E-013
1.058E+004 5.7010E-013
1.063E+004 5.6386E-013
1.068E+004 5.5485E-013
1.073E+004 5.4993E-013
1.078E+004 5.4617E-013
1.083E+004 5.3836E-013
1.088E+004 5.3368E-013
1.093E+004 5.1908E-013
1.098E+004 5.2205E-013
1.103E+004 5.2042E-013
1.108E+004 5.1554E-013
1.113E+004 5.1043E-013
1.118E+004 5.0504E-013
1.123E+004 4.9994E-013
1.128E+004 4.9365E-013
1.133E+004 4.8965E-013
1.138E+004 4.8538E-013
1.143E+004 4.7923E-013
1.148E+004 4.7774E-013
1.153E+004 4.7276E-013
1.158E+004 4.6838E-013
1.163E+004 4.6035E-013
1.168E+004 4.5809E-013
1.173E+004 4.5458E-013
1.178E+004 4.4871E-013
1.183E+004 4.4421E-013
1.188E+004 4.3983E-013
1.193E+004 4.3797E-013
1.198E+004 4.3017E-013
1.203E+004 4.2810E-013
1.208E+004 4.2331E-013
1.213E+004 4.2238E-013
1.218E+004 4.1952E-013
1.223E+004 4.1530E-013
1.228E+004 4.1130E-013
1.233E+004 4.0765E-013
1.238E+004 4.0478E-013
1.243E+004 3.9988E-013
1.248E+004 3.9716E-013
1.253E+004 3.9341E-013
1.258E+004 3.8983E-013
1.263E+004 3.8596E-013
1.268E+004 3.8275E-013
1.273E+004 3.8026E-013
1.278E+004 3.7640E-013
1.283E+004 3.5719E-013
1.288E+004 3.6917E-013
1.293E+004 3.6701E-013
1.298E+004 3.6373E-013
1.303E+004 3.6012E-013
1.308E+004 3.5766E-013
1.313E+004 3.5282E-013
1.318E+004 3.5108E-013
1.323E+004 3.4868E-013
1.328E+004 3.4536E-013
1.333E+004 3.4206E-013
1.338E+004 3.3982E-013
1.343E+004 3.3681E-013
1.348E+004 3.3431E-013
1.353E+004 3.3098E-013
1.358E+004 3.2811E-013
1.363E+004 3.2589E-013
1.368E+004 3.2263E-013
1.373E+004 3.2078E-013
1.378E+004 3.1744E-013
1.383E+004 3.1530E-013
1.388E+004 3.1302E-013
1.393E+004 3.1086E-013
1.398E+004 3.0856E-013
1.403E+004 3.0450E-013
1.408E+004 3.0336E-013
1.413E+004 3.0000E-013
1.418E+004 2.9801E-013
1.423E+004 2.9461E-013
1.428E+004 2.9265E-013
1.433E+004 2.9037E-013
1.438E+004 2.8790E-013
1.443E+004 2.8554E-013
1.448E+004 2.8338E-013
1.453E+004 2.8105E-013
1.457E+004 2.7920E-013
1.462E+004 2.7746E-013
1.468E+004 2.7548E-013
1.473E+004 2.7235E-013
1.478E+004 2.7056E-013
1.483E+004 2.6891E-013
1.488E+004 2.6432E-013
1.493E+004 2.6545E-013
1.498E+004 2.6302E-013
1.503E+004 2.5768E-013
1.508E+004 2.5709E-013
1.513E+004 2.5724E-013
1.518E+004 2.5485E-013
1.523E+004 2.5328E-013
1.528E+004 2.5097E-013
1.533E+004 2.4882E-013
1.538E+004 2.4759E-013
1.543E+004 2.4512E-013
1.548E+004 2.4347E-013
1.553E+004 2.4168E-013
1.558E+004 2.3851E-013
1.563E+004 2.3753E-013
1.568E+004 2.3525E-013
1.573E+004 2.3152E-013
1.578E+004 2.2948E-013
1.583E+004 2.2970E-013
1.588E+004 2.2260E-013
1.593E+004 2.2464E-013
1.598E+004 2.2473E-013
1.605E+004 2.2128E-013
1.615E+004 2.1448E-013
1.625E+004 2.1580E-013
1.635E+004 2.0950E-013
1.645E+004 2.0218E-013
1.655E+004 2.0321E-013
1.665E+004 1.9917E-013
1.675E+004 1.9281E-013
1.685E+004 1.8582E-013
1.695E+004 1.8728E-013
1.705E+004 1.8318E-013
1.715E+004 1.7955E-013
1.725E+004 1.7559E-013
1.735E+004 1.6613E-013
1.745E+004 1.6827E-013
1.755E+004 1.6574E-013
1.765E+004 1.6244E-013
1.775E+004 1.5948E-013
1.785E+004 1.5624E-013
1.795E+004 1.5317E-013
1.805E+004 1.5030E-013
1.815E+004 1.4243E-013
1.825E+004 1.4363E-013
1.835E+004 1.4174E-013
1.845E+004 1.3867E-013
1.855E+004 1.3646E-013
1.865E+004 1.3325E-013
1.875E+004 1.2491E-013
1.885E+004 1.2825E-013
1.895E+004 1.2563E-013
1.905E+004 1.2414E-013
1.915E+004 1.2201E-013
1.925E+004 1.1937E-013
1.935E+004 1.1707E-013
1.945E+004 1.1045E-013
1.955E+004 1.1291E-013
1.965E+004 1.1093E-013
1.975E+004 1.0886E-013
1.985E+004 1.0701E-013
1.995E+004 1.0532E-013
2.005E+004 1.0362E-013
2.015E+004 1.0184E-013
2.025E+004 9.9758E-014
2.035E+004 9.8119E-014
2.045E+004 9.6563E-014
2.055E+004 9.4826E-014
2.065E+004 9.2962E-014
2.075E+004 9.1676E-014
2.085E+004 9.0033E-014
2.095E+004 8.8249E-014
2.105E+004 8.7085E-014
2.115E+004 8.5462E-014
2.125E+004 8.3975E-014
2.135E+004 8.2751E-014
2.145E+004 8.1348E-014
2.155E+004 8.0011E-014
2.165E+004 7.5680E-014
2.175E+004 7.7134E-014
2.185E+004 7.5870E-014
2.195E+004 7.4875E-014
2.205E+004 7.3385E-014
2.215E+004 7.2375E-014
2.225E+004 7.1170E-014
2.235E+004 7.0081E-014
2.245E+004 6.8846E-014
2.255E+004 6.7800E-014
2.265E+004 6.6693E-014
2.275E+004 6.5673E-014
2.285E+004 6.4562E-014
2.295E+004 6.3372E-014
2.305E+004 6.2556E-014
2.315E+004 6.1552E-014
2.325E+004 6.0193E-014
2.335E+004 5.9478E-014
2.345E+004 5.8769E-014
2.355E+004 5.7380E-014
2.365E+004 5.6799E-014
2.375E+004 5.5985E-014
2.385E+004 5.4720E-014
2.395E+004 5.4170E-014
2.405E+004 5.3531E-014
2.415E+004 5.2330E-014
2.425E+004 5.1755E-014
2.435E+004 5.0980E-014
2.445E+004 5.0112E-014
2.455E+004 4.9287E-014
2.465E+004 4.8714E-014
2.475E+004 4.7980E-014
2.485E+004 4.7035E-014
2.495E+004 4.6596E-014
2.505E+004 4.6033E-014
2.515E+004 4.5227E-014
2.525E+004 4.4627E-014
2.535E+004 4.4041E-014
2.545E+004 4.3300E-014
2.555E+004 4.2676E-014
2.565E+004 4.1975E-014
2.575E+004 4.1640E-014
2.585E+004 4.0793E-014
2.595E+004 4.0417E-014
2.605E+004 3.9875E-014
2.615E+004 3.9048E-014
2.625E+004 3.7230E-014
2.635E+004 3.8152E-014
2.645E+004 3.7582E-014
2.655E+004 3.7128E-014
2.665E+004 3.6401E-014
2.675E+004 3.5820E-014
2.685E+004 3.5710E-014
2.695E+004 3.5202E-014
2.705E+004 3.4735E-014
2.715E+004 3.4279E-014
2.725E+004 3.3794E-014
2.735E+004 3.3375E-014
2.745E+004 3.2916E-014
2.755E+004 3.2051E-014
2.765E+004 3.1907E-014
2.775E+004 3.1573E-014
2.785E+004 3.1189E-014
2.795E+004 3.0822E-014
2.805E+004 3.0382E-014
2.815E+004 3.0002E-014
2.825E+004 2.9594E-014
2.835E+004 2.9200E-014
2.845E+004 2.8830E-014
2.855E+004 2.8433E-014
2.865E+004 2.8013E-014
2.875E+004 2.7277E-014
2.885E+004 2.7361E-014
2.895E+004 2.7013E-014
2.905E+004 2.6669E-014
2.915E+004 2.6339E-014
2.925E+004 2.5969E-014
2.935E+004 2.5670E-014
2.945E+004 2.5311E-014
2.955E+004 2.5024E-014
2.965E+004 2.4730E-014
2.975E+004 2.4418E-014
2.985E+004 2.4090E-014
2.995E+004 2.3762E-014
3.005E+004 2.3520E-014
3.015E+004 2.3203E-014
3.025E+004 2.2920E-014
3.035E+004 2.2287E-014
3.045E+004 2.2200E-014
3.055E+004 2.2074E-014
3.065E+004 2.1792E-014
3.075E+004 2.1547E-014
3.085E+004 2.1281E-014
3.095E+004 2.1022E-014
3.105E+004 2.0785E-014
3.115E+004 2.0430E-014
3.125E+004 2.0278E-014
3.135E+004 2.0059E-014
3.145E+004 1.9791E-014
3.155E+004 1.9523E-014
3.165E+004 1.9293E-014
3.175E+004 1.9110E-014
3.185E+004 1.8887E-014
3.195E+004 1.8602E-014
3.21E+004 1.8310E-014
3.23E+004 1.7906E-014
3.25E+004 1.7473E-014
3.27E+004 1.7081E-014
3.29E+004 1.6492E-014
3.31E+004 1.6248E-014
3.33E+004 1.5926E-014
3.35E+004 1.5588E-014
3.37E+004 1.5222E-014
3.39E+004 1.4874E-014
3.41E+004 1.4533E-014
3.43E+004 1.4241E-014
3.45E+004 1.3952E-014
3.47E+004 1.3634E-014
3.49E+004 1.3342E-014
3.51E+004 1.3071E-014
3.53E+004 1.2774E-014
3.55E+004 1.2493E-014
3.57E+004 1.2237E-014
3.59E+004 1.1979E-014
3.61E+004 1.1739E-014
3.63E+004 1.1496E-014
3.65E+004 1.1222E-014
3.67E+004 1.1000E-014
3.69E+004 1.0717E-014
3.71E+004 1.0476E-014
3.73E+004 1.0289E-014
3.75E+004 9.9729E-015
3.77E+004 9.9012E-015
3.79E+004 9.7064E-015
3.81E+004 9.5194E-015
3.83E+004 9.3504E-015
3.85E+004 9.1800E-015
3.87E+004 8.9791E-015
3.89E+004 8.8043E-015
3.91E+004 8.6366E-015
3.93E+004 8.4801E-015
3.95E+004 8.2982E-015
3.97E+004 8.1419E-015
3.99E+004 7.9601E-015
4.01E+004 7.8149E-015
4.03E+004 7.6822E-015
4.05E+004 7.4367E-015
4.07E+004 7.3970E-015
4.09E+004 7.2634E-015
4.11E+004 7.1381E-015
4.13E+004 7.0100E-015
4.15E+004 6.8719E-015
4.17E+004 6.7319E-015
4.19E+004 6.6169E-015
4.21E+004 6.4792E-015
4.23E+004 6.3708E-015
4.25E+004 6.2551E-015
4.27E+004 6.1444E-015
4.29E+004 6.0311E-015
4.31E+004 5.9187E-015
4.33E+004 5.8142E-015
4.35E+004 5.7059E-015
4.37E+004 5.5813E-015
4.39E+004 5.5035E-015
4.41E+004 5.4028E-015
4.43E+004 5.3106E-015
4.45E+004 5.2192E-015
4.47E+004 5.1265E-015
4.49E+004 5.0420E-015
4.51E+004 4.9544E-015
4.53E+004 4.8695E-015
4.55E+004 4.7901E-015
4.57E+004 4.7116E-015
4.59E+004 4.6303E-015
4.61E+004 4.5574E-015
4.63E+004 4.4810E-015
4.65E+004 4.3715E-015
4.67E+004 4.3181E-015
4.69E+004 4.2688E-015
4.71E+004 4.2007E-015
4.73E+004 4.1347E-015
4.75E+004 4.0672E-015
4.77E+004 4.0025E-015
4.79E+004 3.9393E-015
4.81E+004 3.8752E-015
4.83E+004 3.8151E-015
4.85E+004 3.7543E-015
4.87E+004 3.6951E-015
4.89E+004 3.6371E-015
4.91E+004 3.5810E-015
4.93E+004 3.5245E-015
4.95E+004 3.4701E-015
4.97E+004 3.4158E-015
4.99E+004 3.3652E-015
5.01E+004 3.3118E-015
5.03E+004 3.2628E-015
5.05E+004 3.2111E-015
5.07E+004 3.1635E-015
5.09E+004 3.1169E-015
5.11E+004 3.0685E-015
5.13E+004 3.0080E-015
5.15E+004 2.9782E-015
5.17E+004 2.9353E-015
5.19E+004 2.8908E-015
5.21E+004 2.8480E-015
5.23E+004 2.8063E-015
5.25E+004 2.7661E-015
5.27E+004 2.7261E-015
5.29E+004 2.6855E-015
5.31E+004 2.6477E-015
5.33E+004 2.6090E-015
5.35E+004 2.5721E-015
5.37E+004 2.5348E-015
5.39E+004 2.4990E-015
5.41E+004 2.4640E-015
5.43E+004 2.4282E-015
5.45E+004 2.3950E-015
5.47E+004 2.3602E-015
5.49E+004 2.3278E-015
5.51E+004 2.2959E-015
5.53E+004 2.2635E-015
5.55E+004 2.2324E-015
5.57E+004 2.2021E-015
5.59E+004 2.1706E-015
5.61E+004 2.1417E-015
5.63E+004 2.1123E-015
5.65E+004 2.0840E-015
5.67E+004 2.0558E-015
5.69E+004 2.0276E-015
5.71E+004 1.9994E-015
5.73E+004 1.9737E-015
5.75E+004 1.9472E-015
5.77E+004 1.9212E-015
5.79E+004 1.8957E-015
5.81E+004 1.8705E-015
5.83E+004 1.8458E-015
5.85E+004 1.8217E-015
5.87E+004 1.7976E-015
5.89E+004 1.7737E-015
5.91E+004 1.7419E-015
5.93E+004 1.7281E-015
5.95E+004 1.7036E-015
5.97E+004 1.6836E-015
5.99E+004 1.6620E-015
6.01E+004 1.6406E-015
6.03E+004 1.6197E-015
6.05E+004 1.5991E-015
6.07E+004 1.5786E-015
6.09E+004 1.5584E-015
6.11E+004 1.5384E-015
6.13E+004 1.5195E-015
6.15E+004 1.5005E-015
6.17E+004 1.4817E-015
6.19E+004 1.4632E-015
6.21E+004 1.4449E-015
6.23E+004 1.4265E-015
6.25E+004 1.4091E-015
6.27E+004 1.3918E-015
6.29E+004 1.3728E-015
6.31E+004 1.3577E-015
6.33E+004 1.3414E-015
6.35E+004 1.3250E-015
6.37E+004 1.3089E-015
6.39E+004 1.2930E-015
6.42E+004 1.2697E-015
6.46E+004 1.2393E-015
6.5E+004 1.2098E-015
6.54E+004 1.1815E-015
6.58E+004 1.1538E-015
6.62E+004 1.1269E-015
6.66E+004 1.1008E-015
6.7E+004 1.0754E-015
6.74E+004 1.0507E-015
6.78E+004 1.0258E-015
6.82E+004 1.0035E-015
6.86E+004 9.8095E-016
6.9E+004 9.5895E-016
6.94E+004 9.3756E-016
6.98E+004 9.1684E-016
7.02E+004 8.9501E-016
7.06E+004 8.7676E-016
7.1E+004 8.5796E-016
7.14E+004 8.3943E-016
7.18E+004 8.2123E-016
7.22E+004 8.0329E-016
7.26E+004 7.8615E-016
7.3E+004 7.7011E-016
7.34E+004 7.5291E-016
7.38E+004 7.3797E-016
7.42E+004 7.2176E-016
7.46E+004 7.0169E-016
7.5E+004 6.8872E-016
7.54E+004 6.7812E-016
7.58E+004 6.6461E-016
7.62E+004 6.5110E-016
7.66E+004 6.3811E-016
7.7E+004 6.2457E-016
7.74E+004 6.1266E-016
7.78E+004 6.0053E-016
7.82E+004 5.8863E-016
7.86E+004 5.7705E-016
7.9E+004 5.6565E-016
7.94E+004 5.5445E-016
7.98E+004 5.4388E-016
8.02E+004 5.3286E-016
8.06E+004 5.2229E-016
8.1E+004 5.1293E-016
8.14E+004 5.0222E-016
8.18E+004 4.9290E-016
8.22E+004 4.8421E-016
8.26E+004 4.7496E-016
8.3E+004 4.6616E-016
8.34E+004 4.5684E-016
8.38E+004 4.4872E-016
8.42E+004 4.4063E-016
8.46E+004 4.3255E-016
8.5E+004 4.2465E-016
8.54E+004 4.1691E-016
8.58E+004 4.0929E-016
8.62E+004 4.0189E-016
8.66E+004 3.9462E-016
8.7E+004 3.8779E-016
8.74E+004 3.8039E-016
8.78E+004 3.7355E-016
8.82E+004 3.6702E-016
8.86E+004 3.6020E-016
8.9E+004 3.5428E-016
8.94E+004 3.4824E-016
8.98E+004 3.4182E-016
9.02E+004 3.3632E-016
9.06E+004 3.3069E-016
9.1E+004 3.2450E-016
9.14E+004 3.1923E-016
9.18E+004 3.1402E-016
9.22E+004 3.0889E-016
9.26E+004 3.0362E-016
9.3E+004 2.9856E-016
9.34E+004 2.9351E-016
9.38E+004 2.8848E-016
9.42E+004 2.8388E-016
9.46E+004 2.7922E-016
9.5E+004 2.7448E-016
9.54E+004 2.7001E-016
9.58E+004 2.6580E-016
9.62E+004 2.6123E-016
9.66E+004 2.5725E-016
9.7E+004 2.5306E-016
9.74E+004 2.4846E-016
9.78E+004 2.4484E-016
9.82E+004 2.4106E-016
9.86E+004 2.3734E-016
9.9E+004 2.3367E-016
9.94E+004 2.2989E-016
9.98E+004 2.2621E-016
1.002E+005 2.2309E-016
1.005E+005 2.1981E-016
1.01E+005 2.1594E-016
1.015E+005 2.1185E-016
1.02E+005 2.0779E-016
1.025E+005 2.0381E-016
1.03E+005 1.9995E-016
1.035E+005 1.9621E-016
1.04E+005 1.9254E-016
1.045E+005 1.8895E-016
1.05E+005 1.8526E-016
1.055E+005 1.8197E-016
1.06E+005 1.7862E-016
1.065E+005 1.7532E-016
1.07E+005 1.7213E-016
1.075E+005 1.6905E-016
1.08E+005 1.6593E-016
1.085E+005 1.6293E-016
1.09E+005 1.5999E-016
1.095E+005 1.5720E-016
1.1E+005 1.5438E-016
1.105E+005 1.5165E-016
1.11E+005 1.4899E-016
1.115E+005 1.4642E-016
1.12E+005 1.4381E-016
1.125E+005 1.4136E-016
1.13E+005 1.3867E-016
1.135E+005 1.3649E-016
1.14E+005 1.3416E-016
1.145E+005 1.3186E-016
1.15E+005 1.2966E-016
1.155E+005 1.2739E-016
1.16E+005 1.2529E-016
1.165E+005 1.2319E-016
1.17E+005 1.2115E-016
1.175E+005 1.1911E-016
1.18E+005 1.1714E-016
1.185E+005 1.1521E-016
1.19E+005 1.1329E-016
1.195E+005 1.1144E-016
1.2E+005 1.0961E-016
1.205E+005 1.0786E-016
1.21E+005 1.0612E-016
1.215E+005 1.0441E-016
1.22E+005 1.0273E-016
1.225E+005 1.0109E-016
1.23E+005 9.9456E-017
1.235E+005 9.7843E-017
1.24E+005 9.6291E-017
1.245E+005 9.4799E-017
1.25E+005 9.3340E-017
1.255E+005 9.1897E-017
1.26E+005 9.0457E-017
1.265E+005 8.9050E-017
1.27E+005 8.7688E-017
1.275E+005 8.6342E-017
1.28E+005 8.4979E-017
1.285E+005 8.3720E-017
1.29E+005 8.2433E-017
1.295E+005 8.1195E-017
1.3E+005 7.9982E-017
1.305E+005 7.8774E-017
1.31E+005 7.7601E-017
1.315E+005 7.6441E-017
1.32E+005 7.5304E-017
1.325E+005 7.4187E-017
1.33E+005 7.3093E-017
1.335E+005 7.2014E-017
1.34E+005 7.0964E-017
1.345E+005 6.9936E-017
1.35E+005 6.8919E-017
1.355E+005 6.7911E-017
1.36E+005 6.6941E-017
1.365E+005 6.5976E-017
1.37E+005 6.5024E-017
1.375E+005 6.4105E-017
1.38E+005 6.3196E-017
1.385E+005 6.2296E-017
1.39E+005 6.1419E-017
1.395E+005 6.0551E-017
1.4E+005 5.9705E-017
1.405E+005 5.8859E-017
1.41E+005 5.8046E-017
1.415E+005 5.7238E-017
1.42E+005 5.6433E-017
1.425E+005 5.5668E-017
1.43E+005 5.4905E-017
1.435E+005 5.4157E-017
1.44E+005 5.3416E-017
1.445E+005 5.2691E-017
1.45E+005 5.1983E-017
1.455E+005 5.1272E-017
1.46E+005 5.0586E-017
1.465E+005 4.9902E-017
1.47E+005 4.9239E-017
1.475E+005 4.8573E-017
1.48E+005 4.7932E-017
1.485E+005 4.7300E-017
1.49E+005 4.6676E-017
1.495E+005 4.6053E-017
1.5E+005 4.5449E-017
1.505E+005 4.4871E-017
1.51E+005 4.4282E-017
1.515E+005 4.3711E-017
1.52E+005 4.3146E-017
1.525E+005 4.2587E-017
1.53E+005 4.2041E-017
1.535E+005 4.1501E-017
1.54E+005 4.0972E-017
1.545E+005 4.0448E-017
1.55E+005 3.9937E-017
1.555E+005 3.9430E-017
1.56E+005 3.8932E-017
1.565E+005 3.8442E-017
1.57E+005 3.7964E-017
1.575E+005 3.7486E-017
1.58E+005 3.7020E-017
1.585E+005 3.6561E-017
1.59E+005 3.6112E-017
1.595E+005 3.5663E-017
1.6E+005 3.5223E-017
1.605E+005 3.4785E-017
1.61E+005 3.4367E-017
1.615E+005 3.3945E-017
1.62E+005 3.3492E-017
1.625E+005 3.3125E-017
1.63E+005 3.2731E-017
1.635E+005 3.2336E-017
1.64E+005 3.1946E-017
1.645E+005 3.1560E-017
1.65E+005 3.1185E-017
1.655E+005 3.0818E-017
1.66E+005 3.0451E-017
1.665E+005 3.0091E-017
1.67E+005 2.9737E-017
1.675E+005 2.9387E-017
1.68E+005 2.9039E-017
1.685E+005 2.8694E-017
1.69E+005 2.8351E-017
1.695E+005 2.8038E-017
1.7E+005 2.7714E-017
1.705E+005 2.7395E-017
1.71E+005 2.7077E-017
1.715E+005 2.6764E-017
1.72E+005 2.6457E-017
1.725E+005 2.6155E-017
1.73E+005 2.5856E-017
1.735E+005 2.5567E-017
1.74E+005 2.5277E-017
1.745E+005 2.4991E-017
1.75E+005 2.4709E-017
1.755E+005 2.4431E-017
1.76E+005 2.4157E-017
1.765E+005 2.3884E-017
1.77E+005 2.3619E-017
1.775E+005 2.3357E-017
1.78E+005 2.3101E-017
1.785E+005 2.2846E-017
1.79E+005 2.2595E-017
1.795E+005 2.2346E-017
1.8E+005 2.2101E-017
1.805E+005 2.1860E-017
1.81E+005 2.1623E-017
1.815E+005 2.1387E-017
1.82E+005 2.1155E-017
1.825E+005 2.0924E-017
1.83E+005 2.0689E-017
1.835E+005 2.0477E-017
1.84E+005 2.0258E-017
1.845E+005 2.0042E-017
1.85E+005 1.9828E-017
1.855E+005 1.9618E-017
1.86E+005 1.9406E-017
1.865E+005 1.9203E-017
1.87E+005 1.9001E-017
1.875E+005 1.8797E-017
1.88E+005 1.8604E-017
1.885E+005 1.8409E-017
1.89E+005 1.8217E-017
1.895E+005 1.8027E-017
1.9E+005 1.7837E-017
1.905E+005 1.7576E-017
1.91E+005 1.7466E-017
1.915E+005 1.7293E-017
1.92E+005 1.7115E-017
1.925E+005 1.6940E-017
1.93E+005 1.6767E-017
1.935E+005 1.6595E-017
1.94E+005 1.6426E-017
1.945E+005 1.6259E-017
1.95E+005 1.6095E-017
1.955E+005 1.5932E-017
1.96E+005 1.5771E-017
1.965E+005 1.5614E-017
1.97E+005 1.5457E-017
1.975E+005 1.5302E-017
1.98E+005 1.5149E-017
1.985E+005 1.4999E-017
1.99E+005 1.4850E-017
1.995E+005 1.4703E-017
2E+005 1.4522E-017
2.01E+005 1.4273E-017
2.02E+005 1.3995E-017
2.03E+005 1.3723E-017
2.04E+005 1.3459E-017
2.05E+005 1.3200E-017
2.06E+005 1.2948E-017
2.07E+005 1.2702E-017
2.08E+005 1.2461E-017
2.09E+005 1.2225E-017
2.1E+005 1.1996E-017
2.11E+005 1.1772E-017
2.12E+005 1.1554E-017
2.13E+005 1.1340E-017
2.14E+005 1.1131E-017
2.15E+005 1.0927E-017
2.16E+005 1.0728E-017
2.17E+005 1.0533E-017
2.18E+005 1.0342E-017
2.19E+005 1.0155E-017
2.2E+005 9.9745E-018
2.21E+005 9.7964E-018
2.22E+005 9.6225E-018
2.23E+005 9.4455E-018
2.24E+005 9.2838E-018
2.25E+005 9.1230E-018
2.26E+005 8.9634E-018
2.27E+005 8.8078E-018
2.28E+005 8.6552E-018
2.29E+005 8.5064E-018
2.3E+005 8.3603E-018
2.31E+005 8.2174E-018
2.32E+005 8.0779E-018
2.33E+005 7.9411E-018
2.34E+005 7.8070E-018
2.35E+005 7.6763E-018
2.36E+005 7.5480E-018
2.37E+005 7.4217E-018
2.38E+005 7.2987E-018
2.39E+005 7.1771E-018
2.4E+005 7.0603E-018
2.41E+005 6.9447E-018
2.42E+005 6.8310E-018
2.43E+005 6.7201E-018
2.44E+005 6.6111E-018
2.45E+005 6.5045E-018
2.46E+005 6.4008E-018
2.47E+005 6.2986E-018
2.48E+005 6.1974E-018
2.49E+005 6.0988E-018
2.5E+005 6.0026E-018
2.51E+005 5.9085E-018
2.52E+005 5.8156E-018
2.53E+005 5.7250E-018
2.54E+005 5.6357E-018
2.55E+005 5.5484E-018
2.56E+005 5.4626E-018
2.57E+005 5.3786E-018
2.58E+005 5.2963E-018
2.59E+005 5.2151E-018
2.6E+005 5.1363E-018
2.61E+005 5.0588E-018
2.62E+005 4.9816E-018
2.63E+005 4.9071E-018
2.64E+005 4.8340E-018
2.65E+005 4.7614E-018
2.66E+005 4.6908E-018
2.67E+005 4.6211E-018
2.68E+005 4.5530E-018
2.69E+005 4.4861E-018
2.7E+005 4.4206E-018
2.71E+005 4.3556E-018
2.72E+005 4.2924E-018
2.73E+005 4.2302E-018
2.74E+005 4.1691E-018
2.75E+005 4.1090E-018
2.76E+005 4.0501E-018
2.77E+005 3.9924E-018
2.78E+005 3.9274E-018
2.79E+005 3.8801E-018
2.8E+005 3.8259E-018
2.81E+005 3.7718E-018
2.82E+005 3.7180E-018
2.83E+005 3.6660E-018
2.84E+005 3.6147E-018
2.85E+005 3.5644E-018
2.86E+005 3.5155E-018
2.87E+005 3.4669E-018
2.88E+005 3.4188E-018
2.89E+005 3.3720E-018
2.9E+005 3.3262E-018
2.91E+005 3.2811E-018
2.92E+005 3.2365E-018
2.93E+005 3.1928E-018
2.94E+005 3.1498E-018
2.95E+005 3.1074E-018
2.96E+005 3.0658E-018
2.97E+005 3.0251E-018
2.98E+005 2.9836E-018
2.99E+005 2.9444E-018
3E+005 2.9064E-018
3.01E+005 2.8683E-018
3.02E+005 2.8304E-018
3.03E+005 2.7938E-018
3.04E+005 2.7572E-018
3.05E+005 2.7214E-018
3.06E+005 2.6858E-018
3.07E+005 2.6512E-018
3.08E+005 2.6172E-018
3.09E+005 2.5844E-018
3.1E+005 2.5512E-018
3.11E+005 2.5181E-018
3.12E+005 2.4862E-018
3.13E+005 2.4546E-018
3.14E+005 2.4237E-018
3.15E+005 2.3931E-018
3.16E+005 2.3631E-018
3.17E+005 2.3336E-018
3.18E+005 2.3045E-018
3.19E+005 2.2758E-018
3.2E+005 2.2476E-018
3.21E+005 2.2199E-018
3.22E+005 2.1924E-018
3.23E+005 2.1656E-018
3.24E+005 2.1391E-018
3.25E+005 2.1130E-018
3.26E+005 2.0873E-018
3.27E+005 2.0620E-018
3.28E+005 2.0371E-018
3.29E+005 2.0125E-018
3.3E+005 1.9883E-018
3.31E+005 1.9644E-018
3.32E+005 1.9410E-018
3.33E+005 1.9178E-018
3.34E+005 1.8952E-018
3.35E+005 1.8726E-018
3.36E+005 1.8506E-018
3.37E+005 1.8287E-018
3.38E+005 1.8073E-018
3.39E+005 1.7862E-018
3.4E+005 1.7653E-018
3.41E+005 1.7448E-018
3.42E+005 1.7245E-018
3.43E+005 1.7046E-018
3.44E+005 1.6849E-018
3.45E+005 1.6655E-018
3.46E+005 1.6464E-018
3.47E+005 1.6276E-018
3.48E+005 1.6090E-018
3.49E+005 1.5908E-018
3.5E+005 1.5727E-018
3.51E+005 1.5549E-018
3.52E+005 1.5374E-018
3.53E+005 1.5201E-018
3.54E+005 1.5030E-018
3.55E+005 1.4862E-018
3.56E+005 1.4696E-018
3.57E+005 1.4533E-018
3.58E+005 1.4372E-018
3.59E+005 1.4213E-018
3.6E+005 1.4055E-018
3.61E+005 1.3901E-018
3.62E+005 1.3749E-018
3.63E+005 1.3598E-018
3.64E+005 1.3449E-018
3.65E+005 1.3302E-018
3.66E+005 1.3159E-018
3.67E+005 1.3017E-018
3.68E+005 1.2876E-018
3.69E+005 1.2738E-018
3.7E+005 1.2601E-018
3.71E+005 1.2465E-018
3.72E+005 1.2332E-018
3.73E+005 1.2202E-018
3.74E+005 1.2072E-018
3.75E+005 1.1944E-018
3.76E+005 1.1818E-018
3.77E+005 1.1693E-018
3.78E+005 1.1570E-018
3.79E+005 1.1449E-018
3.8E+005 1.1329E-018
3.81E+005 1.1211E-018
3.82E+005 1.1095E-018
3.83E+005 1.0979E-018
3.84E+005 1.0866E-018
3.85E+005 1.0754E-018
3.86E+005 1.0643E-018
3.87E+005 1.0534E-018
3.88E+005 1.0419E-018
3.89E+005 1.0302E-018
3.9E+005 1.0215E-018
3.91E+005 1.0111E-018
3.92E+005 1.0007E-018
3.93E+005 9.9062E-019
3.94E+005 9.8066E-019
3.95E+005 9.7080E-019
3.96E+005 9.6100E-019
3.97E+005 9.5141E-019
3.98E+005 9.4190E-019
3.99E+005 9.3253E-019
