1142 2.0315E-015
1142 2.0315E-015
1143 0.0000E+000
1143 0.0000E+000
1144 0.0000E+000
1144 1.1632E-015
1145 0.0000E+000
1146 1.1329E-015
1146 -4.2949E-016
1147 9.2036E-016
1147 0.0000E+000
1148 1.6155E-015
1148 6.7052E-016
1149 1.7429E-015
1150 1.9764E-015
1150 3.4494E-016
1151 4.9255E-016
1151 0.0000E+000
1152 0.0000E+000
1153 1.2906E-015
1153 2.4931E-016
1154 7.2721E-016
1154 7.1680E-016
1155 2.0335E-016
1155 0.0000E+000
1156 1.0895E-015
1157 0.0000E+000
1157 5.7038E-016
1158 9.4158E-016
1158 5.5087E-016
1159 9.0917E-016
1160 1.6206E-015
1160 4.8446E-016
1161 2.3456E-016
1161 1.5038E-016
1162 1.3445E-015
1162 2.2730E-015
1163 1.0602E-015
1164 1.3335E-016
1164 1.9264E-015
1165 7.4167E-016
1165 4.3581E-016
1166 6.3947E-016
1167 2.4742E-015
1167 1.2365E-015
1168 3.7421E-016
1168 5.4383E-016
1169 1.0504E-015
1169 8.2361E-016
1170 7.8987E-016
1171 5.9728E-016
1171 8.1871E-016
1172 1.0115E-015
1172 1.0385E-015
1173 7.5652E-016
1174 1.2813E-015
1174 7.3390E-016
1175 3.3026E-016
1175 5.2674E-016
1176 1.4141E-015
1176 1.8869E-015
1177 2.5541E-015
1178 9.6565E-016
1178 1.5455E-015
1179 8.6123E-016
1179 1.0012E-015
1180 1.3812E-015
1181 1.5388E-015
1181 9.6890E-016
1182 1.1264E-015
1182 9.9790E-016
1183 7.1018E-016
1183 1.4971E-015
1184 8.5965E-016
1185 1.5160E-015
1185 1.3887E-015
1186 1.0549E-015
1186 1.6429E-015
1187 1.0058E-015
1188 1.2688E-015
1188 8.9579E-016
1189 1.7795E-015
1189 1.4847E-015
1190 4.6576E-016
1190 1.3624E-015
1191 4.4901E-016
1192 6.0937E-016
1192 1.2772E-015
1193 8.6386E-016
1193 2.2305E-015
1194 1.6408E-015
1195 9.7652E-016
1195 3.1802E-015
1196 2.0992E-015
1196 -3.5774E-016
1197 1.6842E-015
1197 -8.2985E-016
1198 -1.2620E-015
1199 7.2306E-016
1199 2.6018E-015
1200 3.1456E-015
1200 2.6720E-015
1201 -1.5110E-016
1202 8.0976E-016
1202 2.7347E-015
1203 -7.5784E-019
1203 4.8874E-015
1204 3.2978E-015
1204 1.9429E-015
1205 -1.1992E-016
1206 2.0139E-015
1206 2.8712E-015
1207 1.7002E-015
1207 -5.6175E-017
1208 6.4130E-016
1209 5.0322E-016
1209 -8.4056E-017
1210 -1.2570E-015
1210 1.8726E-015
1211 1.7031E-015
1211 -1.9428E-015
1212 2.7269E-016
1213 1.3075E-015
1213 -9.5818E-016
1214 8.3910E-016
1214 9.8523E-016
1215 1.8962E-015
1216 2.3152E-015
1216 1.8425E-015
1217 -4.2850E-016
1217 1.8910E-016
1218 -1.3176E-015
1218 6.8112E-016
1219 -1.8429E-015
1220 -2.5341E-016
1220 1.9560E-015
1221 -1.3050E-015
1221 1.8049E-015
1222 -3.5844E-016
1223 2.3738E-016
1223 4.1960E-016
1224 -6.2374E-016
1224 5.1352E-016
1225 2.1862E-016
1225 -6.0333E-016
1226 -1.1746E-016
1227 1.6253E-017
1227 2.3067E-015
1228 5.9973E-016
1228 1.4165E-015
1229 1.4229E-015
1230 -5.6785E-016
1230 1.3476E-015
1231 1.2077E-015
1231 1.9032E-015
1232 1.3149E-015
1232 1.9121E-015
1233 3.7899E-016
1234 7.1468E-016
1234 2.5982E-015
1235 2.5535E-016
1235 1.9029E-015
1236 1.5334E-015
1237 1.8358E-015
1237 2.2931E-015
1238 2.3684E-015
1238 3.7892E-015
1239 4.3829E-016
1239 2.0768E-015
1240 2.0064E-015
1241 1.7599E-015
1241 1.7818E-015
1242 2.3644E-015
1242 3.2902E-015
1243 2.6136E-015
1244 2.7209E-015
1244 2.7688E-015
1245 2.3157E-015
1245 3.4205E-015
1246 2.4232E-015
1246 3.5785E-015
1247 3.0235E-015
1248 3.7157E-015
1248 4.0340E-015
1249 3.2736E-015
1249 4.3777E-015
1250 4.8228E-015
1251 4.7388E-015
1251 4.0544E-015
1252 3.2483E-015
1252 4.1878E-015
1253 3.9955E-015
1253 4.0857E-015
1254 4.0453E-015
1255 4.9942E-015
1255 4.4444E-015
1256 4.7444E-015
1256 4.8012E-015
1257 4.5031E-015
1258 5.3027E-015
1258 4.4624E-015
1259 4.1054E-015
1259 4.9314E-015
1260 4.6869E-015
1260 4.3967E-015
1261 4.5333E-015
1262 4.3492E-015
1262 5.3435E-015
1263 5.3886E-015
1263 5.6407E-015
1264 4.2651E-015
1265 3.9060E-015
1265 5.2857E-015
1266 4.2120E-015
1266 4.6143E-015
1267 6.7175E-015
1267 6.1664E-015
1268 5.0889E-015
1269 7.1046E-015
1269 7.3681E-015
1270 8.2383E-015
1270 5.9106E-015
1271 6.0205E-015
1272 7.6113E-015
1272 6.7058E-015
1273 7.7899E-015
1273 6.9768E-015
1274 7.5830E-015
1274 7.0804E-015
1275 7.2808E-015
1276 7.1890E-015
1276 7.2708E-015
1277 5.1227E-015
1277 6.0889E-015
1278 6.7325E-015
1279 6.1579E-015
1279 6.9571E-015
1280 7.7470E-015
1280 7.7764E-015
1281 8.4334E-015
1281 7.5497E-015
1282 7.8909E-015
1283 9.2567E-015
1283 8.7709E-015
1284 1.0183E-014
1284 9.0570E-015
1285 8.8933E-015
1286 9.5557E-015
1286 9.5507E-015
1287 8.4891E-015
1287 8.1353E-015
1288 9.2743E-015
1288 8.7698E-015
1289 9.2531E-015
1290 9.0940E-015
1290 1.1243E-014
1291 1.0692E-014
1291 9.4224E-015
1292 1.1153E-014
1293 1.0795E-014
1293 1.1440E-014
1294 1.2071E-014
1294 1.0304E-014
1295 1.2082E-014
1295 1.0280E-014
1296 1.0070E-014
1297 8.4352E-015
1297 1.3070E-014
1298 1.2498E-014
1298 1.0779E-014
1299 1.1921E-014
1300 9.6872E-015
1300 1.0777E-014
1301 1.0501E-014
1301 9.6987E-015
1302 9.1565E-015
1302 9.1516E-015
1303 1.0306E-014
1304 1.0612E-014
1304 8.6075E-015
1305 8.9001E-015
1305 9.1292E-015
1306 1.0547E-014
1307 1.1780E-014
1307 1.0762E-014
1308 1.1908E-014
1308 1.2813E-014
1309 1.0969E-014
1309 9.7674E-015
1310 1.1458E-014
1311 1.0455E-014
1311 1.0408E-014
1312 1.1643E-014
1312 1.2263E-014
1313 1.3078E-014
1314 1.2505E-014
1314 1.2123E-014
1315 1.4661E-014
1315 1.3219E-014
1316 1.4878E-014
1316 1.3242E-014
1317 1.3514E-014
1318 1.4153E-014
1318 1.3706E-014
1319 1.3394E-014
1319 1.6533E-014
1320 1.4838E-014
1321 1.5792E-014
1321 1.6118E-014
1322 1.5798E-014
1322 1.4720E-014
1323 1.5812E-014
1323 1.3999E-014
1324 1.6011E-014
1325 1.6295E-014
1325 1.5559E-014
1326 1.6277E-014
1326 1.6936E-014
1327 1.4487E-014
1328 1.6280E-014
1328 1.5108E-014
1329 1.3809E-014
1329 1.3419E-014
1330 1.3612E-014
1330 1.3002E-014
1331 1.5239E-014
1332 1.7621E-014
1332 1.6486E-014
1333 1.7866E-014
1333 1.7760E-014
1334 1.7921E-014
1335 1.5102E-014
1335 1.5110E-014
1336 1.4461E-014
1336 1.6514E-014
1337 1.7344E-014
1337 1.5338E-014
1338 1.9139E-014
1339 1.7778E-014
1339 1.7480E-014
1340 1.7805E-014
1340 1.8746E-014
1341 1.9414E-014
1342 1.7028E-014
1342 1.8056E-014
1343 1.9966E-014
1343 1.9681E-014
1344 1.9074E-014
1344 1.9568E-014
1345 1.9515E-014
1346 1.9127E-014
1346 2.0632E-014
1347 2.3353E-014
1347 1.9911E-014
1348 2.1181E-014
1349 2.0903E-014
1349 1.9180E-014
1350 1.8345E-014
1350 2.2715E-014
1351 2.0033E-014
1351 2.2744E-014
1352 2.0953E-014
1353 2.0961E-014
1353 2.0972E-014
1354 1.8810E-014
1354 2.1574E-014
1355 2.3700E-014
1356 2.0540E-014
1356 2.1206E-014
1357 1.9108E-014
1357 1.8519E-014
1358 2.0160E-014
1358 1.9484E-014
1359 1.7333E-014
1360 2.1017E-014
1360 2.2158E-014
1361 2.1786E-014
1361 2.1245E-014
1362 1.9020E-014
1363 2.1844E-014
1363 2.2407E-014
1364 2.2309E-014
1364 2.1593E-014
1365 2.1717E-014
1365 2.2941E-014
1366 2.0175E-014
1367 2.1523E-014
1367 2.0217E-014
1368 2.0899E-014
1368 2.1825E-014
1369 2.1318E-014
1370 2.0906E-014
1370 2.1567E-014
1371 2.1940E-014
1371 2.3028E-014
1372 2.3931E-014
1372 2.0296E-014
1373 2.4317E-014
1374 2.3457E-014
1374 2.1678E-014
1375 2.2758E-014
1375 2.6614E-014
1376 2.6361E-014
1377 2.6161E-014
1377 2.6229E-014
1378 2.6542E-014
1378 2.4756E-014
1379 2.4164E-014
1379 2.3652E-014
1380 2.5150E-014
1381 2.6088E-014
1381 2.3280E-014
1382 2.6321E-014
1382 2.4285E-014
1383 2.7547E-014
1384 2.5986E-014
1384 2.5480E-014
1385 2.7850E-014
1385 2.6805E-014
1386 2.7368E-014
1386 2.7221E-014
1387 3.0267E-014
1388 2.9239E-014
1388 2.7733E-014
1389 3.0211E-014
1389 2.8395E-014
1390 2.7682E-014
1391 2.6493E-014
1391 3.0787E-014
1392 2.9121E-014
1392 2.8262E-014
1393 3.2139E-014
1393 3.1332E-014
1394 2.9919E-014
1395 3.1587E-014
1395 3.3397E-014
1396 3.1245E-014
1396 3.0190E-014
1397 3.0828E-014
1398 3.0678E-014
1398 3.1575E-014
1399 2.9642E-014
1399 2.9498E-014
1400 2.9282E-014
1400 2.8839E-014
1401 3.4413E-014
1402 3.1239E-014
1402 3.0955E-014
1403 3.1399E-014
1403 3.4974E-014
1404 3.0631E-014
1405 3.2389E-014
1405 3.5413E-014
1406 3.5111E-014
1406 3.1838E-014
1407 3.4928E-014
1407 3.2476E-014
1408 3.6154E-014
1409 3.1139E-014
1409 3.0611E-014
1410 3.3549E-014
1410 3.4330E-014
1411 3.4860E-014
1412 3.0412E-014
1412 3.3196E-014
1413 3.4091E-014
1413 3.2148E-014
1414 3.3737E-014
1414 3.4876E-014
1415 3.7616E-014
1416 3.1811E-014
1416 3.7939E-014
1417 3.6675E-014
1417 3.4957E-014
1418 3.4839E-014
1419 3.6275E-014
1419 3.3361E-014
1420 3.7959E-014
1420 3.8847E-014
1421 3.7690E-014
1421 3.6552E-014
1422 3.6373E-014
1423 3.7491E-014
1423 3.7304E-014
1424 3.4549E-014
1424 3.6551E-014
1425 3.4476E-014
1426 3.9678E-014
1426 3.8129E-014
1427 3.7962E-014
1427 3.9302E-014
1428 3.8573E-014
1428 3.7565E-014
1429 4.4282E-014
1430 3.7931E-014
1430 3.3787E-014
1431 3.4990E-014
1431 3.1942E-014
1432 3.3585E-014
1433 3.1926E-014
1433 3.5053E-014
1434 3.7174E-014
1434 3.9297E-014
1435 3.7034E-014
1435 3.6707E-014
1436 3.9910E-014
1437 3.5882E-014
1437 3.6983E-014
1438 3.8676E-014
1438 4.0514E-014
1439 3.8715E-014
1439 4.4318E-014
1440 4.1202E-014
1441 4.3669E-014
1441 4.1336E-014
1442 4.1627E-014
1442 4.4083E-014
1443 4.3259E-014
1444 4.1249E-014
1444 4.3978E-014
1445 4.4194E-014
1445 4.3713E-014
1446 4.7317E-014
1446 4.4531E-014
1447 4.5919E-014
1448 4.3421E-014
1448 4.1823E-014
1449 4.6946E-014
1449 4.5708E-014
1450 4.9118E-014
1451 4.6940E-014
1451 4.7724E-014
1452 4.7855E-014
1452 4.5803E-014
1453 5.1353E-014
1453 5.1505E-014
1454 4.9559E-014
1455 4.5591E-014
1455 4.9297E-014
1456 5.0779E-014
1456 5.4305E-014
1457 4.7772E-014
1458 4.9549E-014
1458 5.1310E-014
1459 4.7337E-014
1459 4.6811E-014
1460 4.9305E-014
1460 4.9688E-014
1461 4.8377E-014
1462 4.7971E-014
1462 5.1525E-014
1463 4.9241E-014
1463 4.7825E-014
1464 4.8724E-014
1465 5.1705E-014
1465 5.4767E-014
1466 4.6873E-014
1466 5.1923E-014
1467 5.0675E-014
1467 4.5107E-014
1468 4.9221E-014
1469 5.2914E-014
1469 5.5501E-014
1470 5.3745E-014
1470 5.4436E-014
1471 5.9528E-014
1472 5.3410E-014
1472 4.8805E-014
1473 4.4710E-014
1473 4.3288E-014
1474 5.0184E-014
1474 5.2300E-014
1475 5.0845E-014
1476 5.3595E-014
1476 5.2902E-014
1477 5.2467E-014
1477 5.1981E-014
1478 5.3658E-014
1479 5.5485E-014
1479 5.6703E-014
1480 5.7149E-014
1480 5.5189E-014
1481 6.0473E-014
1481 5.5925E-014
1482 5.3010E-014
1483 5.0968E-014
1483 5.5509E-014
1484 6.0954E-014
1484 6.1847E-014
1485 5.9622E-014
1486 5.9896E-014
1486 6.3143E-014
1487 6.1343E-014
1487 6.3001E-014
1488 6.4847E-014
1488 6.4099E-014
1489 6.4439E-014
1490 6.1311E-014
1490 6.6914E-014
1491 6.6247E-014
1491 6.1397E-014
1492 6.1675E-014
1493 6.7191E-014
1493 6.2557E-014
1494 6.1912E-014
1494 6.2751E-014
1495 5.9198E-014
1495 6.8624E-014
1496 6.7905E-014
1497 6.4559E-014
1497 7.1527E-014
1498 6.5785E-014
1498 6.8009E-014
1499 6.6970E-014
1500 6.7885E-014
1500 6.5202E-014
1501 6.9704E-014
1501 6.7203E-014
1502 6.5579E-014
1502 7.0580E-014
1503 7.0413E-014
1504 6.7825E-014
1504 6.3087E-014
1505 7.4540E-014
1505 7.0530E-014
1506 6.7160E-014
1507 6.7258E-014
1507 7.5248E-014
1508 7.3506E-014
1508 7.3580E-014
1509 6.8384E-014
1509 7.2955E-014
1510 7.6108E-014
1511 7.0004E-014
1511 6.9897E-014
1512 7.4894E-014
1512 7.4388E-014
1513 7.5320E-014
1514 7.3241E-014
1514 7.8553E-014
1515 8.3172E-014
1515 7.2955E-014
1516 7.8833E-014
1516 7.9486E-014
1517 8.2876E-014
1518 7.7146E-014
1518 7.7934E-014
1519 7.7994E-014
1519 7.1630E-014
1520 7.6058E-014
1521 8.4836E-014
1521 8.3459E-014
1522 7.8192E-014
1522 8.3151E-014
1523 7.5123E-014
1523 7.6747E-014
1524 7.9199E-014
1525 8.2253E-014
1525 8.0310E-014
1526 7.7602E-014
1526 7.3200E-014
1527 7.2347E-014
1528 8.7771E-014
1528 8.7174E-014
1529 8.5805E-014
1529 9.1711E-014
1530 9.6461E-014
1530 1.0674E-013
1531 1.0420E-013
1532 9.0638E-014
1532 9.4027E-014
1533 8.6992E-014
1533 7.8153E-014
1534 7.9859E-014
1534 9.0646E-014
1535 1.0458E-013
1536 1.0684E-013
1536 1.0433E-013
1537 1.0937E-013
1537 1.0782E-013
1538 1.1044E-013
1539 1.2996E-013
1539 1.3978E-013
1540 1.3879E-013
1540 1.2813E-013
1541 1.2169E-013
1541 1.3172E-013
1542 1.4493E-013
1543 1.6710E-013
1543 1.6321E-013
1544 1.4976E-013
1544 1.3720E-013
1545 1.4110E-013
1546 1.5158E-013
1546 1.5548E-013
1547 1.6144E-013
1547 1.5563E-013
1548 1.6286E-013
1548 1.7216E-013
1549 1.8847E-013
1550 1.9446E-013
1550 1.9005E-013
1551 1.6993E-013
1551 1.6331E-013
1552 1.5221E-013
1553 1.7425E-013
1553 1.7122E-013
1554 1.7682E-013
1554 1.6590E-013
1555 1.7412E-013
1555 1.7804E-013
1556 1.8096E-013
1557 2.1164E-013
1557 2.3087E-013
1558 2.1093E-013
1558 1.8466E-013
1559 1.6533E-013
1560 1.6162E-013
1560 1.4604E-013
1561 1.3951E-013
1561 1.4185E-013
1562 1.6243E-013
1562 2.0292E-013
1563 2.3969E-013
1564 2.4926E-013
1564 2.5325E-013
1565 2.6698E-013
1565 2.8213E-013
1566 2.9155E-013
1567 2.5904E-013
1567 2.3585E-013
1568 2.1902E-013
1568 2.2465E-013
1569 2.2371E-013
1569 2.1346E-013
1570 2.2352E-013
1571 2.0888E-013
1571 2.0633E-013
1572 2.4137E-013
1572 2.4730E-013
1573 2.1911E-013
1574 2.2262E-013
1574 2.0923E-013
1575 2.1667E-013
1575 2.4745E-013
1576 3.0084E-013
1576 2.7272E-013
1577 2.8965E-013
1578 3.3665E-013
1578 3.3124E-013
1579 3.3486E-013
1579 3.5513E-013
1580 3.2631E-013
1581 3.2579E-013
1581 3.6088E-013
1582 3.6844E-013
1582 3.9687E-013
1583 3.9214E-013
1583 3.6717E-013
1584 3.2539E-013
1585 3.1187E-013
1585 3.2530E-013
1586 3.1055E-013
1586 3.1332E-013
1587 3.1467E-013
1588 3.1940E-013
1588 3.2815E-013
1589 3.2807E-013
1589 3.3188E-013
1590 3.4590E-013
1590 3.2034E-013
1591 3.4286E-013
1592 3.5247E-013
1592 3.1300E-013
1593 3.2424E-013
1593 3.1840E-013
1594 2.8149E-013
1595 2.8049E-013
1595 2.9203E-013
1596 2.8665E-013
1596 3.2287E-013
1597 3.2167E-013
1597 3.2351E-013
1598 3.7536E-013
1599 4.3285E-013
1599 4.3300E-013
1600 4.3769E-013
1600 4.3822E-013
1601 4.2607E-013
1601 3.8772E-013
1602 3.7182E-013
1603 3.4203E-013
1603 3.9422E-013
1604 4.3352E-013
1604 4.5892E-013
1605 4.3671E-013
1606 4.0972E-013
1606 3.9930E-013
1607 4.0848E-013
1607 3.8696E-013
1608 3.7767E-013
1608 3.8744E-013
1609 4.4501E-013
1610 4.8545E-013
1610 4.7619E-013
1611 4.4575E-013
1611 4.2026E-013
1612 4.2644E-013
1613 4.0667E-013
1613 4.1313E-013
1614 4.2730E-013
1614 4.9569E-013
1615 5.2011E-013
1615 5.3220E-013
1616 5.1006E-013
1617 5.2636E-013
1617 5.7033E-013
1618 5.6450E-013
1618 5.0889E-013
1619 4.7208E-013
1620 4.7146E-013
1620 4.2296E-013
1621 4.2477E-013
1621 3.9231E-013
1622 4.1510E-013
1622 4.3056E-013
1623 4.5727E-013
1624 5.4635E-013
1624 6.5580E-013
1625 6.9625E-013
1625 5.6130E-013
1626 5.5395E-013
1627 6.0446E-013
1627 5.7317E-013
1628 5.8301E-013
1628 5.8276E-013
1629 4.9895E-013
1629 4.3910E-013
1630 4.4931E-013
1631 5.2716E-013
1631 5.9728E-013
1632 6.3357E-013
1632 6.2103E-013
1633 5.2858E-013
1634 4.9451E-013
1634 5.5787E-013
1635 6.2842E-013
1635 6.0528E-013
1636 5.7624E-013
1636 6.7313E-013
1637 7.1256E-013
1638 7.3815E-013
1638 8.0662E-013
1639 7.7671E-013
1639 7.4795E-013
1640 7.4568E-013
1641 8.0517E-013
1641 7.9609E-013
1642 8.0630E-013
1642 8.5218E-013
1643 8.7013E-013
1643 8.8246E-013
1644 9.9271E-013
1645 1.1158E-012
1645 1.2194E-012
1646 1.2469E-012
1646 1.1916E-012
1647 1.2534E-012
1648 1.1133E-012
1648 1.1052E-012
1649 1.0117E-012
1649 8.9572E-013
1650 9.1311E-013
1650 9.3895E-013
1651 9.3361E-013
1652 1.0197E-012
1652 1.0875E-012
1653 1.1787E-012
1653 1.0598E-012
1654 8.9803E-013
1655 8.1125E-013
1655 7.4601E-013
1656 6.2317E-013
1656 4.5884E-013
1657 3.5852E-013
1657 3.8213E-013
1658 4.2118E-013
1659 5.6711E-013
1659 7.9014E-013
1660 1.0455E-012
1660 1.1852E-012
1661 1.2814E-012
1661 1.3810E-012
1662 1.4251E-012
1663 1.3645E-012
1663 1.3089E-012
1664 1.3571E-012
1664 1.3689E-012
1665 1.4184E-012
1666 1.4292E-012
1666 1.2552E-012
1667 1.1851E-012
1667 1.1528E-012
1668 1.0565E-012
1668 9.3671E-013
1669 8.2412E-013
1670 5.9043E-013
1670 4.8328E-013
1671 4.3605E-013
1671 4.7842E-013
1672 6.0734E-013
1673 7.4225E-013
1673 8.4689E-013
1674 8.5410E-013
1674 8.3876E-013
1675 9.8212E-013
1675 1.1636E-012
1676 1.2708E-012
1677 1.3767E-012
1677 1.5616E-012
1678 1.5509E-012
1678 1.7191E-012
1680 1.8054E-012
1681 1.7738E-012
1682 1.7570E-012
1684 1.9383E-012
1685 1.9385E-012
1687 2.0881E-012
1688 1.8305E-012
1689 2.0593E-012
1691 1.9810E-012
1692 2.0137E-012
1693 2.0465E-012
1695 1.9012E-012
1696 1.8628E-012
1697 2.0337E-012
1699 2.2441E-012
1700 2.5711E-012
1702 2.7249E-012
1703 2.7959E-012
1704 2.5558E-012
1706 2.8817E-012
1707 3.2709E-012
1708 3.7687E-012
1710 4.0945E-012
1711 3.9485E-012
1713 3.5638E-012
1714 3.7059E-012
1715 4.6100E-012
1717 4.9653E-012
1718 4.9463E-012
1719 4.5838E-012
1721 3.9453E-012
1722 3.5987E-012
1724 3.3443E-012
1725 3.5977E-012
1726 4.2854E-012
1728 5.0066E-012
1729 5.2754E-012
1730 5.1359E-012
1732 4.9568E-012
1733 4.6386E-012
1735 4.4881E-012
1736 4.5902E-012
1737 4.5734E-012
1739 4.6080E-012
1740 4.5055E-012
1741 4.4359E-012
1743 4.7808E-012
1744 5.0825E-012
1745 5.1521E-012
1747 5.0157E-012
1748 5.1058E-012
1750 5.9199E-012
1751 5.9545E-012
1752 5.9031E-012
1754 6.3635E-012
1755 6.6896E-012
1756 6.5483E-012
1758 6.1418E-012
1759 5.8086E-012
1761 5.4026E-012
1762 5.1275E-012
1763 4.9240E-012
1765 4.5255E-012
1766 4.6904E-012
1767 5.3241E-012
1769 5.3255E-012
1770 5.4657E-012
1772 6.0761E-012
1773 6.4981E-012
1774 6.7752E-012
1776 6.9284E-012
1777 7.2489E-012
1778 7.5623E-012
1780 7.8748E-012
1781 7.3457E-012
1783 7.0382E-012
1784 6.8148E-012
1785 6.5782E-012
1787 6.3510E-012
1788 6.4302E-012
1789 6.9976E-012
1791 7.7338E-012
1792 8.5728E-012
1793 8.8424E-012
1795 8.7619E-012
1796 8.4052E-012
1798 8.0810E-012
1799 8.2302E-012
1800 8.4016E-012
1802 8.3928E-012
1803 8.1028E-012
1804 7.8237E-012
1806 7.3452E-012
1807 6.3611E-012
1809 6.0591E-012
1810 6.7746E-012
1811 7.7709E-012
1813 7.8286E-012
1814 7.4738E-012
1815 7.1214E-012
1817 7.3151E-012
1818 7.4581E-012
1820 7.6205E-012
1821 7.5230E-012
1822 7.9282E-012
1824 8.1422E-012
1825 7.9136E-012
1826 7.6446E-012
1828 7.3134E-012
1829 7.2487E-012
1831 6.9084E-012
1832 6.7189E-012
1833 6.9750E-012
1835 7.2636E-012
1836 7.0784E-012
1837 6.8110E-012
1839 6.3429E-012
1840 5.8140E-012
1841 5.4485E-012
1843 5.7724E-012
1844 6.0350E-012
1846 5.9036E-012
1847 5.5548E-012
1848 5.4020E-012
1850 5.9749E-012
1851 5.2793E-012
1852 4.9540E-012
1854 5.5534E-012
1855 6.3314E-012
1857 6.5863E-012
1858 6.0694E-012
1859 5.6622E-012
1861 6.1714E-012
1862 6.6040E-012
1863 6.6360E-012
1865 6.1575E-012
1866 6.2685E-012
1868 6.8794E-012
1869 7.0902E-012
1870 7.2923E-012
1872 7.4908E-012
1873 7.2497E-012
1874 7.3575E-012
1876 6.6942E-012
1877 6.4881E-012
1879 6.8914E-012
1880 7.2420E-012
1881 7.3010E-012
1883 7.8247E-012
1884 7.9730E-012
1885 7.8813E-012
1887 7.7088E-012
1888 7.5098E-012
1890 7.5734E-012
1891 7.6120E-012
1892 7.7200E-012
1894 7.8706E-012
1895 8.1292E-012
1896 7.6891E-012
1898 6.9432E-012
1899 6.3978E-012
1900 6.3463E-012
1902 6.3003E-012
1903 7.0959E-012
1905 7.5365E-012
1906 7.5401E-012
1907 7.5282E-012
1909 7.2550E-012
1910 6.7770E-012
1911 6.8104E-012
1913 7.3609E-012
1914 7.7535E-012
1916 7.8749E-012
1917 8.1543E-012
1918 8.0763E-012
1920 8.3447E-012
1921 8.7527E-012
1922 8.4634E-012
1924 8.3141E-012
1925 8.0289E-012
1927 7.3868E-012
1928 7.3184E-012
1929 6.9688E-012
1931 5.5383E-012
1932 4.8391E-012
1933 5.3251E-012
1935 5.2675E-012
1936 5.0317E-012
1938 5.6193E-012
1939 6.7727E-012
1940 7.5977E-012
1942 8.2211E-012
1943 8.8036E-012
1944 8.7772E-012
1946 8.7423E-012
1947 8.6361E-012
1949 8.7556E-012
1950 8.5015E-012
1951 8.6185E-012
1953 8.2839E-012
1954 8.4172E-012
1955 8.5782E-012
1957 8.7500E-012
1958 8.6401E-012
1960 8.8848E-012
1961 8.5248E-012
1962 8.1708E-012
1964 7.9359E-012
1965 8.3176E-012
1966 8.7305E-012
1968 9.0736E-012
1969 8.9322E-012
1971 8.7177E-012
1972 8.7459E-012
1973 8.7443E-012
1975 8.4525E-012
1976 8.3235E-012
1977 8.6568E-012
1979 8.7226E-012
1980 8.4768E-012
1981 8.9558E-012
1983 8.8002E-012
1984 8.3939E-012
1986 8.2582E-012
1987 8.0497E-012
1988 8.0289E-012
1990 7.8935E-012
1991 7.6597E-012
1992 7.9230E-012
1994 7.5494E-012
1995 7.2768E-012
1997 7.5251E-012
1998 7.8868E-012
1999 7.6232E-012
2001 7.3823E-012
2002 7.7424E-012
2003 7.9366E-012
2005 7.5099E-012
2006 7.5985E-012
2008 7.5645E-012
2009 7.8397E-012
2010 8.2297E-012
2012 7.2989E-012
2013 7.0691E-012
2014 7.3703E-012
2016 7.2541E-012
2017 7.4597E-012
2019 7.7548E-012
2020 7.6291E-012
2021 7.3408E-012
2023 7.0698E-012
2024 7.3511E-012
2025 7.3047E-012
2027 7.0911E-012
2028 7.6367E-012
2030 8.1578E-012
2031 8.2553E-012
2032 7.9115E-012
2034 7.4146E-012
2035 7.2464E-012
2036 7.4771E-012
2038 7.5410E-012
2039 7.5261E-012
2041 7.2528E-012
2042 7.5162E-012
2043 8.1249E-012
2045 8.4386E-012
2046 8.6867E-012
2047 8.9271E-012
2049 8.9932E-012
2050 9.0799E-012
2052 9.0466E-012
2053 9.0599E-012
2054 8.5425E-012
2056 7.9377E-012
2057 7.8870E-012
2058 8.2330E-012
2060 8.2450E-012
2061 8.4068E-012
2063 7.9262E-012
2064 8.0359E-012
2065 8.2551E-012
2067 7.9808E-012
2068 7.8293E-012
2069 8.2240E-012
2071 8.5651E-012
2072 8.9748E-012
2073 9.0500E-012
2075 9.3332E-012
2076 9.5760E-012
2078 1.0040E-011
2079 9.8500E-012
2080 9.4891E-012
2082 9.3831E-012
2083 9.3045E-012
2084 9.0563E-012
2086 8.9446E-012
2087 9.3621E-012
2089 9.4569E-012
2090 9.3109E-012
2091 9.0917E-012
2093 9.0962E-012
2094 8.8656E-012
2095 8.5270E-012
2097 8.7074E-012
2098 8.6443E-012
2100 8.6807E-012
2101 8.3070E-012
2102 8.2170E-012
2104 8.0625E-012
2105 8.1107E-012
2106 9.2319E-012
2108 8.8341E-012
2109 7.7021E-012
2111 7.2562E-012
2112 7.2128E-012
2113 7.2280E-012
2115 7.2892E-012
2116 8.1766E-012
2117 9.4450E-012
2119 9.7134E-012
2120 9.6823E-012
2122 9.8562E-012
2123 9.2259E-012
2124 8.3884E-012
2126 7.9565E-012
2127 8.0058E-012
2128 7.9402E-012
2130 7.4653E-012
2131 6.8526E-012
2133 6.3887E-012
2134 5.8571E-012
2135 5.3370E-012
2137 6.0713E-012
2138 7.4965E-012
2139 7.4477E-012
2141 7.3547E-012
2142 8.2680E-012
2144 8.4894E-012
2145 8.6438E-012
2146 8.4162E-012
2148 7.9685E-012
2149 8.1440E-012
2150 8.4019E-012
2152 8.0439E-012
2153 8.2319E-012
2155 8.5509E-012
2156 8.6114E-012
2157 8.5009E-012
2159 7.9029E-012
2160 7.0713E-012
2161 7.7182E-012
2163 7.8839E-012
2164 8.1742E-012
2166 7.6696E-012
2167 7.1745E-012
2168 6.9792E-012
2170 6.9589E-012
2171 7.2014E-012
2172 7.5053E-012
2174 7.5390E-012
2175 6.5465E-012
2177 6.5554E-012
2178 7.1516E-012
2179 8.0433E-012
2181 8.4837E-012
2182 8.8709E-012
2183 9.2871E-012
2185 8.6003E-012
2186 8.4445E-012
2188 7.9287E-012
2189 7.4743E-012
2190 8.0800E-012
2192 8.2235E-012
2193 8.3997E-012
2194 8.9519E-012
2196 9.6381E-012
2197 9.9416E-012
2199 9.8797E-012
2200 9.8057E-012
2201 9.2212E-012
2203 9.0919E-012
2204 9.4505E-012
2205 9.2383E-012
2207 8.5991E-012
2208 8.2311E-012
2209 7.9630E-012
2211 7.1521E-012
2212 6.6718E-012
2214 7.3619E-012
2215 7.2992E-012
2216 7.3454E-012
2218 7.1709E-012
2219 7.4073E-012
2220 7.7338E-012
2222 7.8073E-012
2223 7.7604E-012
2225 7.3951E-012
2226 7.3298E-012
2227 7.1990E-012
2229 7.0975E-012
2230 7.8523E-012
2231 8.1365E-012
2233 8.4460E-012
2234 9.0683E-012
2236 9.0407E-012
2237 9.3633E-012
2238 9.0873E-012
2240 8.9207E-012
2241 8.9042E-012
2242 7.9357E-012
2244 7.1928E-012
2245 6.7999E-012
2247 7.2354E-012
2248 7.6308E-012
2249 7.1368E-012
2251 6.7142E-012
2252 6.9609E-012
2253 7.3277E-012
2255 6.5557E-012
2256 6.3846E-012
2258 6.5964E-012
2259 7.2327E-012
2260 7.6222E-012
2262 7.2318E-012
2263 7.5010E-012
2264 7.4217E-012
2266 6.9399E-012
2267 6.5010E-012
2269 6.4531E-012
2270 6.7451E-012
2271 7.1259E-012
2273 7.4794E-012
2274 7.4743E-012
2275 7.2964E-012
2277 7.0429E-012
2278 7.0691E-012
2280 7.3305E-012
2281 7.5776E-012
2282 8.3498E-012
2284 8.4061E-012
2285 8.2115E-012
2286 8.7412E-012
2288 8.3354E-012
2289 8.2357E-012
2291 8.5166E-012
2292 8.2442E-012
2293 7.8066E-012
2295 7.5200E-012
2296 7.5533E-012
2297 6.7342E-012
2299 5.7600E-012
2300 5.9387E-012
2302 6.3392E-012
2303 6.8836E-012
2304 6.7984E-012
2306 7.1506E-012
2307 7.6363E-012
2308 7.4391E-012
2310 7.5630E-012
2311 7.6184E-012
2313 6.7743E-012
2314 6.1778E-012
2315 6.4967E-012
2317 6.9938E-012
2318 7.0680E-012
2319 6.9703E-012
2321 6.8331E-012
2322 7.1237E-012
2324 7.6504E-012
2325 7.7904E-012
2326 6.6617E-012
2328 5.8430E-012
2329 6.1477E-012
2330 6.6515E-012
2332 6.2755E-012
2333 5.3978E-012
2335 5.0610E-012
2336 5.5850E-012
2337 5.5565E-012
2339 5.0199E-012
2340 4.8634E-012
2341 5.2878E-012
2343 5.4011E-012
2344 4.5794E-012
2346 3.6098E-012
2347 3.9325E-012
2348 4.2102E-012
2350 4.5452E-012
2351 5.6321E-012
2352 6.3845E-012
2354 6.7525E-012
2355 6.4059E-012
2356 6.1006E-012
2358 6.3730E-012
2359 6.1421E-012
2361 4.8706E-012
2362 4.6649E-012
2363 5.6251E-012
2365 5.7521E-012
2366 5.2513E-012
2367 5.4131E-012
2369 5.6896E-012
2370 5.9298E-012
2372 6.1829E-012
2373 6.4412E-012
2374 5.6860E-012
2376 5.2773E-012
2377 5.8104E-012
2378 6.1370E-012
2380 5.7014E-012
2381 4.6136E-012
2383 3.4129E-012
2384 2.9702E-012
2385 4.2701E-012
2387 5.5861E-012
2388 5.3809E-012
2389 4.8142E-012
2391 4.7671E-012
2392 5.8609E-012
2394 6.4570E-012
2395 5.9287E-012
2396 4.2150E-012
2398 4.2587E-012
2399 4.8485E-012
2400 4.7701E-012
2402 5.3013E-012
2403 5.6232E-012
2405 5.1526E-012
2406 4.2658E-012
2407 3.7716E-012
2409 4.2799E-012
2410 4.8696E-012
2411 4.2141E-012
2413 4.0881E-012
2414 4.6666E-012
2416 5.3514E-012
2417 5.9005E-012
2418 6.1012E-012
2420 6.7300E-012
2421 7.5297E-012
2422 8.1948E-012
2424 7.5537E-012
2425 6.2066E-012
2427 6.5052E-012
2428 7.1571E-012
2429 6.6469E-012
2431 6.2435E-012
2432 6.8784E-012
2433 6.7359E-012
2435 6.3227E-012
2436 6.2011E-012
2438 6.2060E-012
2439 6.3163E-012
2440 6.7285E-012
2442 7.2828E-012
2443 7.9331E-012
2444 7.6376E-012
2446 6.8704E-012
2447 6.3221E-012
2449 6.4312E-012
2450 6.6018E-012
2451 6.1349E-012
2453 6.2868E-012
2454 6.2120E-012
2455 6.1748E-012
2457 6.5593E-012
2458 6.6436E-012
2460 6.7403E-012
2461 6.4555E-012
2462 6.1374E-012
2464 5.7902E-012
2465 5.7961E-012
2466 5.9388E-012
2468 5.9746E-012
2469 6.3175E-012
2471 6.2548E-012
2472 6.2729E-012
2473 6.3543E-012
2475 6.5463E-012
2476 6.9014E-012
2477 6.4796E-012
2479 6.1905E-012
2480 5.9100E-012
2482 6.5048E-012
2483 6.6855E-012
2484 5.8103E-012
2486 5.9736E-012
2487 6.4362E-012
2488 6.5838E-012
2490 6.2887E-012
2491 5.4417E-012
2493 5.3517E-012
2494 5.8209E-012
2495 6.7116E-012
2497 7.6876E-012
2498 7.5450E-012
2499 7.4346E-012
2501 8.0131E-012
2502 7.5780E-012
2503 7.2151E-012
2505 7.3181E-012
2506 6.8998E-012
2508 6.2837E-012
2509 6.8509E-012
2510 7.5243E-012
2512 6.7928E-012
2513 6.2167E-012
2514 6.1997E-012
2516 6.1413E-012
2517 6.0288E-012
2519 5.7380E-012
2520 5.6224E-012
2521 5.5278E-012
2523 5.3872E-012
2524 5.2332E-012
2525 5.0003E-012
2527 4.5413E-012
2528 4.5049E-012
2530 4.3699E-012
2531 4.4437E-012
2532 5.3843E-012
2534 5.5255E-012
2535 5.0887E-012
2536 5.0190E-012
2538 4.9543E-012
2539 4.7145E-012
2541 4.8778E-012
2542 5.0026E-012
2543 5.0914E-012
2545 5.4219E-012
2546 5.1872E-012
2547 5.1382E-012
2549 4.8611E-012
2550 4.2447E-012
2552 4.8567E-012
2553 6.2378E-012
2554 6.9003E-012
2556 7.1212E-012
2557 6.6153E-012
2558 6.5496E-012
2560 6.6716E-012
2561 6.6497E-012
2563 6.2302E-012
2564 5.6258E-012
2565 6.1886E-012
2567 7.1150E-012
2568 6.9944E-012
2569 7.4289E-012
2571 7.8066E-012
2572 7.5841E-012
2574 7.4211E-012
2575 7.4577E-012
2576 7.1306E-012
2578 6.9060E-012
2579 7.1102E-012
2580 7.7092E-012
2582 7.9869E-012
2583 7.4671E-012
2585 7.0883E-012
2586 6.8362E-012
2587 6.2638E-012
2589 7.0588E-012
2590 7.7944E-012
2591 7.9199E-012
2593 7.5807E-012
2594 7.3101E-012
2596 7.1285E-012
2597 7.4820E-012
2598 6.6824E-012
2600 4.7611E-012
2601 4.9268E-012
2602 6.4118E-012
2604 7.7206E-012
2605 7.0891E-012
2606 5.9311E-012
2608 5.1162E-012
2609 5.4608E-012
2611 5.7695E-012
2612 5.1937E-012
2613 4.8402E-012
2615 5.1744E-012
2616 6.3049E-012
2617 7.1031E-012
2619 6.7663E-012
2620 6.8382E-012
2622 7.0874E-012
2623 7.4100E-012
2624 7.7568E-012
2626 7.4843E-012
2627 7.2688E-012
2628 6.5852E-012
2630 5.7680E-012
2631 5.5456E-012
2633 5.0681E-012
2634 6.4355E-012
2635 8.1983E-012
2637 8.7814E-012
2638 8.9085E-012
2639 9.2138E-012
2641 9.7081E-012
2642 1.0044E-011
2644 1.0356E-011
2645 1.0675E-011
2646 1.0445E-011
2648 1.0360E-011
2649 1.0154E-011
2650 1.0007E-011
2652 9.8722E-012
2653 9.9524E-012
2655 1.0092E-011
2656 1.0434E-011
2657 1.0539E-011
2659 1.0204E-011
2660 9.7595E-012
2661 9.5530E-012
2663 8.9607E-012
2664 8.3364E-012
2666 8.1845E-012
2667 8.2205E-012
2668 8.2314E-012
2670 8.3636E-012
2671 8.5304E-012
2672 8.6349E-012
2674 8.5489E-012
2675 9.2848E-012
2677 9.6806E-012
2678 9.5803E-012
2679 8.9073E-012
2681 8.5599E-012
2682 8.8236E-012
2683 9.0114E-012
2685 9.0358E-012
2686 8.8186E-012
2688 8.7397E-012
2689 8.5127E-012
2690 8.3050E-012
2692 8.2947E-012
2693 8.3351E-012
2694 8.2932E-012
2696 8.4052E-012
2697 8.5852E-012
2698 8.1384E-012
2700 7.9161E-012
2701 8.4960E-012
2703 8.7904E-012
2704 9.0822E-012
2705 9.3379E-012
2707 9.0433E-012
2708 8.6447E-012
2709 8.3582E-012
2711 8.1468E-012
2712 8.1829E-012
2714 8.4055E-012
2715 8.6026E-012
2716 8.4022E-012
2718 8.1642E-012
2719 7.9653E-012
2720 8.0064E-012
2722 8.3913E-012
2723 8.6738E-012
2725 8.4711E-012
2726 8.2372E-012
2727 8.1419E-012
2729 8.0733E-012
2730 8.6172E-012
2731 9.3307E-012
2733 9.2043E-012
2734 9.0299E-012
2736 8.7289E-012
2737 8.5196E-012
2738 8.0131E-012
2740 7.4642E-012
2741 7.0396E-012
2742 6.8382E-012
2744 6.5634E-012
2745 6.3444E-012
2747 6.5136E-012
2748 6.1382E-012
2749 5.9326E-012
2751 5.8973E-012
2752 6.0550E-012
2753 6.7908E-012
2755 7.0928E-012
2756 6.5336E-012
2757 6.2237E-012
2759 7.0543E-012
2760 7.8375E-012
2762 7.6408E-012
2763 7.4987E-012
2764 7.4822E-012
2766 7.9430E-012
2767 8.0550E-012
2768 7.9560E-012
2770 7.9154E-012
2771 7.9936E-012
2773 8.7571E-012
2774 9.1160E-012
2775 9.1453E-012
2777 8.7755E-012
2778 8.3484E-012
2779 7.9488E-012
2781 7.6084E-012
2782 7.6484E-012
2784 7.7765E-012
2785 7.6883E-012
2786 7.9595E-012
2788 8.3505E-012
2789 8.2057E-012
2790 7.5548E-012
2792 6.4637E-012
2793 5.3024E-012
2795 4.1037E-012
2796 2.8435E-012
2797 2.1366E-012
2799 2.6939E-012
2800 3.3999E-012
2801 3.7215E-012
2803 3.2351E-012
2804 2.6634E-012
2806 3.4782E-012
2807 5.1941E-012
2808 6.7707E-012
2810 7.9422E-012
2811 8.4088E-012
2812 8.3561E-012
2814 8.4727E-012
2815 9.1659E-012
2816 9.7623E-012
2818 9.4946E-012
2819 9.4824E-012
2821 9.9868E-012
2822 1.0359E-011
2823 1.0385E-011
2825 1.0502E-011
2826 1.0501E-011
2827 9.8219E-012
2829 9.8004E-012
2830 9.9073E-012
2832 9.9340E-012
2833 9.4822E-012
2834 9.7038E-012
2836 9.6084E-012
2837 9.1802E-012
2838 9.2785E-012
2840 9.2006E-012
2841 8.6452E-012
2843 8.3870E-012
2844 8.5818E-012
2845 8.7567E-012
2847 9.1512E-012
2848 8.8748E-012
2849 8.4734E-012
2851 8.1476E-012
2852 7.7888E-012
2854 7.1053E-012
2855 8.1865E-012
2856 8.7521E-012
2858 8.1260E-012
2859 8.2201E-012
2860 9.2365E-012
2862 1.0095E-011
2863 9.7514E-012
2864 9.6711E-012
2866 9.3242E-012
2867 8.9705E-012
2869 8.8790E-012
2870 8.4221E-012
2871 8.5390E-012
2873 9.3057E-012
2874 9.3384E-012
2875 9.0924E-012
2877 8.7780E-012
2878 8.6066E-012
2880 8.8812E-012
2881 8.8359E-012
2882 8.8517E-012
2884 9.6028E-012
2885 1.0175E-011
2886 1.0218E-011
2888 1.0063E-011
2889 9.2905E-012
2891 8.6784E-012
2892 8.7402E-012
2893 8.6233E-012
2895 8.4991E-012
2896 8.8060E-012
2897 8.9710E-012
2899 9.4079E-012
2900 9.9353E-012
2902 1.0844E-011
2903 1.0923E-011
2904 1.0844E-011
2906 1.1194E-011
2907 1.0979E-011
2908 1.0538E-011
2910 1.0272E-011
2911 9.9236E-012
2912 1.0005E-011
2914 1.0740E-011
2915 1.1014E-011
2917 1.0607E-011
2918 1.0329E-011
2919 1.0393E-011
2921 1.0573E-011
2922 1.0387E-011
2923 1.0149E-011
2925 9.5089E-012
2926 9.5237E-012
2928 9.5041E-012
2929 9.2804E-012
2930 9.2218E-012
2932 1.0000E-011
2933 1.0332E-011
2934 1.0232E-011
2936 1.0097E-011
2937 9.9081E-012
2939 9.9159E-012
2940 1.0158E-011
2941 1.0210E-011
2943 1.0241E-011
2944 1.0483E-011
2945 1.0204E-011
2947 1.0374E-011
2948 1.0045E-011
2949 9.5382E-012
2951 9.6008E-012
2952 9.9772E-012
2954 1.0164E-011
2955 9.9094E-012
2956 1.0496E-011
2958 1.0965E-011
2959 1.0932E-011
2960 1.0844E-011
2962 1.0735E-011
2963 1.1037E-011
2965 1.0967E-011
2966 1.0141E-011
2967 1.0143E-011
2969 1.0397E-011
2970 9.9610E-012
2971 9.4480E-012
2973 9.9056E-012
2974 1.0606E-011
2976 1.1268E-011
2977 1.0981E-011
2978 1.0784E-011
2980 1.0837E-011
2981 1.0359E-011
2982 1.0062E-011
2984 1.0189E-011
2985 9.8983E-012
2986 9.2873E-012
2988 9.6645E-012
2989 1.0313E-011
2991 1.0830E-011
2992 1.1406E-011
2993 1.1442E-011
2995 1.1407E-011
2996 1.1350E-011
2997 1.1684E-011
2999 1.1522E-011
3000 1.1075E-011
3002 1.0221E-011
3003 9.9443E-012
3004 9.8053E-012
3006 1.0532E-011
3007 1.1230E-011
3008 1.1294E-011
3010 1.1096E-011
3011 1.1467E-011
3013 1.1621E-011
3014 1.1478E-011
3015 1.1373E-011
3017 1.1048E-011
3018 1.0694E-011
3019 1.0573E-011
3021 1.0489E-011
3022 1.0484E-011
3023 1.1088E-011
3025 1.1589E-011
3026 1.1226E-011
3028 1.1038E-011
3029 1.1312E-011
3030 1.1366E-011
3032 1.0967E-011
3033 1.0684E-011
3034 1.0822E-011
3036 1.1092E-011
3037 1.1183E-011
3039 1.0842E-011
3040 1.0853E-011
3041 1.1106E-011
3043 1.0885E-011
3044 1.0896E-011
3045 1.1090E-011
3047 1.1188E-011
3048 1.0985E-011
3049 1.0831E-011
3051 1.1024E-011
3052 1.1442E-011
3054 1.1676E-011
3055 1.1311E-011
3056 1.0966E-011
3058 1.0429E-011
3059 9.8410E-012
3060 1.0115E-011
3067 1.1069E-011
3070 1.1260E-011
3073 1.0964E-011
3075 1.1011E-011
3078 1.1091E-011
3081 1.1354E-011
3084 1.1627E-011
3086 1.1605E-011
3089 1.1229E-011
3092 1.0759E-011
3095 1.0422E-011
3097 1.0454E-011
3100 1.0336E-011
3103 1.0503E-011
3106 1.0890E-011
3108 1.1495E-011
3111 1.1405E-011
3114 1.1117E-011
3116 1.0676E-011
3119 1.0412E-011
3122 1.0717E-011
3125 1.0699E-011
3127 1.0872E-011
3130 1.0343E-011
3133 1.0614E-011
3136 1.1138E-011
3138 1.1573E-011
3141 1.1423E-011
3144 1.1004E-011
3147 1.1086E-011
3149 1.1494E-011
3152 1.1452E-011
3155 1.1069E-011
3158 1.0538E-011
3160 1.0191E-011
3163 1.0428E-011
3166 1.1043E-011
3169 1.1326E-011
3171 1.1781E-011
3174 1.1818E-011
3177 1.0875E-011
3180 9.8500E-012
3182 1.0172E-011
3185 1.0796E-011
3188 1.0945E-011
3191 1.0562E-011
3193 1.0285E-011
3196 1.0712E-011
3199 1.1367E-011
3202 1.1555E-011
3204 1.1673E-011
3207 1.1321E-011
3210 1.0569E-011
3213 1.0249E-011
3215 1.0340E-011
3218 1.0712E-011
3221 1.1097E-011
3224 1.0819E-011
3226 1.0427E-011
3229 9.8368E-012
3232 9.8700E-012
3235 1.0055E-011
3237 1.0327E-011
3240 1.0577E-011
3243 1.0982E-011
3246 1.1174E-011
3248 1.0510E-011
3251 1.0717E-011
3254 1.1012E-011
3257 1.1520E-011
3259 1.1614E-011
3262 1.1570E-011
3265 1.1459E-011
3268 1.1508E-011
3270 1.1217E-011
3273 1.0982E-011
3276 1.0666E-011
3279 1.0506E-011
3281 1.0934E-011
3284 1.1286E-011
3287 1.1081E-011
3290 1.1329E-011
3292 1.1897E-011
3295 1.2024E-011
3298 1.2065E-011
3301 1.1989E-011
3303 1.1592E-011
3306 1.1307E-011
3309 1.1604E-011
3312 1.1569E-011
3314 1.1426E-011
3317 1.1621E-011
3320 1.1609E-011
3323 1.1006E-011
3325 1.1246E-011
3328 1.1315E-011
3331 1.1533E-011
3334 1.1444E-011
3336 1.1045E-011
3339 1.0967E-011
3342 1.1023E-011
3345 1.1264E-011
3347 1.1036E-011
3350 1.0873E-011
3353 1.1323E-011
3355 1.1482E-011
3358 1.1039E-011
3361 1.0616E-011
3364 1.1095E-011
3366 1.1082E-011
3369 1.0625E-011
3372 1.0735E-011
3375 1.1136E-011
3377 1.1248E-011
3380 1.0563E-011
3383 1.1090E-011
3386 1.1395E-011
3388 1.1282E-011
3391 1.1048E-011
3394 1.0946E-011
3397 1.1568E-011
3399 1.1792E-011
3402 1.1350E-011
3405 1.1085E-011
3408 1.0956E-011
3410 1.1322E-011
3413 1.1341E-011
3416 1.1409E-011
3419 1.1675E-011
3421 1.1474E-011
3424 1.1353E-011
3427 1.1588E-011
3430 1.1858E-011
3432 1.1614E-011
3435 1.1547E-011
3438 1.1253E-011
3441 1.0864E-011
3443 1.0683E-011
3446 1.1190E-011
3449 1.1593E-011
3452 1.1481E-011
3454 1.1196E-011
3457 1.1173E-011
3460 1.0900E-011
3463 1.1024E-011
3465 1.1217E-011
3468 1.1456E-011
3471 1.1511E-011
3474 1.0931E-011
3476 1.0675E-011
3479 1.0991E-011
3482 1.1150E-011
3485 1.1205E-011
3487 1.1291E-011
3490 1.0990E-011
3493 1.0733E-011
3496 1.0486E-011
3498 1.0830E-011
3501 1.1170E-011
3504 1.1210E-011
3507 1.1119E-011
3509 1.1136E-011
3512 1.1053E-011
3515 1.1205E-011
3518 1.1438E-011
3520 1.1375E-011
3523 1.1154E-011
3526 1.0973E-011
3529 1.1241E-011
3531 1.1456E-011
3534 1.1415E-011
3537 1.1500E-011
3540 1.1735E-011
3542 1.1761E-011
3545 1.1849E-011
3548 1.1813E-011
3551 1.1861E-011
3553 1.1681E-011
3556 1.1480E-011
3559 1.1580E-011
3562 1.1611E-011
3564 1.1425E-011
3567 1.0967E-011
3570 1.0782E-011
3573 1.0671E-011
3575 1.0856E-011
3578 1.0895E-011
3581 1.0984E-011
3584 1.0743E-011
3586 1.0211E-011
3589 1.0407E-011
3592 1.1030E-011
3595 1.1273E-011
3597 1.1484E-011
3600 1.1451E-011
3603 1.1153E-011
3606 1.1005E-011
3608 1.0971E-011
3611 1.0816E-011
3614 1.0777E-011
3617 1.1083E-011
3619 1.0971E-011
3622 1.1074E-011
3625 1.1378E-011
3628 1.1611E-011
3630 1.1096E-011
3633 1.0802E-011
3636 1.1337E-011
3639 1.1544E-011
3641 1.1405E-011
3644 1.0972E-011
3647 1.1077E-011
3650 1.1150E-011
3652 1.1379E-011
3655 1.1730E-011
3658 1.1841E-011
3661 1.1778E-011
3663 1.1740E-011
3666 1.1716E-011
3669 1.1769E-011
3672 1.1832E-011
3674 1.1871E-011
3677 1.1492E-011
3680 1.1349E-011
3683 1.1404E-011
3685 1.1289E-011
3688 1.1339E-011
3691 1.1687E-011
3694 1.1866E-011
3696 1.1718E-011
3699 1.1906E-011
3702 1.2132E-011
3705 1.1287E-011
3707 1.1468E-011
3710 1.1634E-011
3713 1.1467E-011
3716 1.2832E-011
3718 1.3360E-011
3721 1.1719E-011
3724 1.1915E-011
3727 1.3459E-011
3729 1.3937E-011
3732 1.2680E-011
3735 1.0803E-011
3738 1.2048E-011
3740 1.4255E-011
3743 1.5382E-011
3746 1.3883E-011
3749 1.1615E-011
3751 1.1820E-011
3754 1.3810E-011
3757 1.5952E-011
3760 1.6269E-011
3762 1.6585E-011
3765 1.6075E-011
3768 1.3845E-011
3771 1.1862E-011
3773 1.2637E-011
3776 1.5637E-011
3779 1.8674E-011
3781 2.0272E-011
3784 2.0806E-011
3787 1.9959E-011
3790 1.8739E-011
3792 1.7023E-011
3795 1.4042E-011
3798 1.1605E-011
3801 1.3151E-011
3803 1.6427E-011
3806 1.8982E-011
3809 2.0943E-011
3812 2.2186E-011
3814 2.1857E-011
3817 2.2367E-011
3820 2.2754E-011
3823 2.1787E-011
3825 1.9888E-011
3828 1.7851E-011
3831 1.5446E-011
3834 1.2370E-011
3836 1.1105E-011
3839 1.3343E-011
3842 1.6560E-011
3845 1.9407E-011
3847 2.1665E-011
3850 2.3267E-011
3853 2.4579E-011
3856 2.5006E-011
3858 2.5411E-011
3861 2.5979E-011
3864 2.6587E-011
3867 2.6664E-011
3869 2.6428E-011
3872 2.4997E-011
3875 2.3757E-011
3878 2.2293E-011
3880 2.0369E-011
3883 1.8277E-011
3886 1.4832E-011
3889 1.2367E-011
3891 1.2495E-011
3894 1.5311E-011
3897 1.7820E-011
3900 1.9865E-011
3902 2.1642E-011
3905 2.2776E-011
3908 2.4166E-011
3911 2.6040E-011
3913 2.6144E-011
3916 2.6038E-011
3919 2.6026E-011
3922 2.6138E-011
3924 2.6040E-011
3927 2.4714E-011
3930 2.0013E-011
3933 1.3762E-011
3935 1.2934E-011
3938 1.8825E-011
3941 2.3382E-011
3944 2.4565E-011
3946 2.4873E-011
3949 2.4430E-011
3952 2.3794E-011
3955 2.3307E-011
3957 2.1895E-011
3960 2.0566E-011
3963 1.7841E-011
3966 1.4299E-011
3968 1.0106E-011
3971 9.8686E-012
3974 1.3173E-011
3977 1.6715E-011
3979 1.9458E-011
3982 2.1242E-011
3985 2.2809E-011
3988 2.4083E-011
3990 2.5326E-011
3993 2.6738E-011
3996 2.7023E-011
3999 2.7212E-011
4001 2.8121E-011
4004 2.8064E-011
4007 2.8029E-011
4010 2.9138E-011
4012 2.9568E-011
4015 2.9710E-011
4018 3.0070E-011
4021 3.0566E-011
4023 3.0085E-011
4026 2.9905E-011
4029 2.9420E-011
4032 2.8561E-011
4034 2.9064E-011
4037 3.0016E-011
4040 3.0455E-011
4043 2.9918E-011
4045 2.8963E-011
4048 2.9355E-011
4051 2.9526E-011
4054 2.9045E-011
4056 2.8504E-011
4059 2.8550E-011
4062 2.8546E-011
4065 2.7931E-011
4067 2.7516E-011
4070 2.7753E-011
4073 2.6930E-011
4076 2.5936E-011
4078 2.4778E-011
4081 2.5177E-011
4084 2.4731E-011
4087 2.3749E-011
4089 2.2759E-011
4092 2.1327E-011
4095 1.9009E-011
4098 1.6271E-011
4100 1.3471E-011
4103 1.2158E-011
4106 1.4394E-011
4109 1.7134E-011
4111 1.9403E-011
4114 2.1498E-011
4117 2.3087E-011
4120 2.3652E-011
4122 2.4466E-011
4125 2.5186E-011
4128 2.5414E-011
4131 2.5523E-011
4133 2.6073E-011
4136 2.7353E-011
4139 2.8486E-011
4142 2.8652E-011
4144 2.7973E-011
4147 2.8361E-011
4150 2.8437E-011
4153 2.8064E-011
4155 2.7650E-011
4158 2.7791E-011
4161 2.8018E-011
4164 2.8466E-011
4166 2.8685E-011
4169 2.8455E-011
4172 2.7299E-011
4175 2.6856E-011
4177 2.6988E-011
4180 2.7117E-011
4183 2.7575E-011
4186 2.7664E-011
4188 2.7870E-011
4191 2.8420E-011
4194 2.8918E-011
4197 2.8153E-011
4199 2.7506E-011
4202 2.7525E-011
4205 2.7998E-011
4208 2.8398E-011
4210 2.8556E-011
4213 2.8722E-011
4216 2.8306E-011
4219 2.8215E-011
4221 2.8145E-011
4224 2.7503E-011
4227 2.6736E-011
4230 2.7571E-011
4232 2.8067E-011
4235 2.7442E-011
4238 2.7557E-011
4241 2.7828E-011
4243 2.8027E-011
4246 2.7486E-011
4249 2.7040E-011
4252 2.7306E-011
4254 2.7734E-011
4257 2.7805E-011
4260 2.7461E-011
4263 2.7587E-011
4265 2.8229E-011
4268 2.8021E-011
4271 2.7094E-011
4274 2.6611E-011
4276 2.7116E-011
4279 2.7369E-011
4282 2.7147E-011
4284 2.6584E-011
4287 2.6148E-011
4290 2.5445E-011
4293 2.5617E-011
4295 2.5500E-011
4298 2.4809E-011
4301 2.3724E-011
4304 2.3652E-011
4306 2.3975E-011
4309 2.3903E-011
4312 2.3904E-011
4315 2.3142E-011
4317 2.3113E-011
4320 2.2750E-011
4323 2.2036E-011
4326 2.0790E-011
4328 1.9939E-011
4331 1.8952E-011
4334 1.7351E-011
4337 1.4765E-011
4339 1.2015E-011
4342 1.1308E-011
4345 1.3441E-011
4348 1.6046E-011
4350 1.7809E-011
4353 1.8867E-011
4356 2.0557E-011
4359 2.1831E-011
4361 2.2840E-011
4364 2.3824E-011
4367 2.4064E-011
4370 2.3891E-011
4372 2.4276E-011
4375 2.4202E-011
4378 2.4921E-011
4381 2.5449E-011
4383 2.4632E-011
4386 2.4046E-011
4389 2.4635E-011
4392 2.5276E-011
4394 2.5206E-011
4397 2.4983E-011
4400 2.4816E-011
4403 2.4949E-011
4405 2.5471E-011
4408 2.5843E-011
4411 2.5723E-011
4414 2.5608E-011
4416 2.5004E-011
4419 2.5112E-011
4422 2.5662E-011
4425 2.5822E-011
4427 2.6026E-011
4430 2.5901E-011
4433 2.5725E-011
4436 2.5444E-011
4438 2.5900E-011
4441 2.5847E-011
4444 2.5081E-011
4447 2.5185E-011
4449 2.5363E-011
4452 2.5457E-011
4455 2.4902E-011
4458 2.4602E-011
4460 2.4846E-011
4463 2.4932E-011
4466 2.4930E-011
4469 2.4551E-011
4471 2.4716E-011
4474 2.5306E-011
4477 2.5466E-011
4480 2.4848E-011
4482 2.3619E-011
4485 2.4480E-011
4488 2.5090E-011
4491 2.4812E-011
4493 2.5016E-011
4496 2.5288E-011
4499 2.5536E-011
4502 2.5499E-011
4504 2.5819E-011
4507 2.5938E-011
4510 2.5706E-011
4513 2.5907E-011
4515 2.5505E-011
4518 2.5197E-011
4521 2.4937E-011
4524 2.4327E-011
4526 2.4323E-011
4529 2.4001E-011
4532 2.4001E-011
4535 2.4037E-011
4537 2.4584E-011
4540 2.4942E-011
4543 2.4976E-011
4546 2.4657E-011
4548 2.4024E-011
4551 2.3506E-011
4554 2.3400E-011
4556 2.3455E-011
4559 2.4045E-011
4562 2.4441E-011
4565 2.4422E-011
4567 2.4800E-011
4570 2.4815E-011
4573 2.4598E-011
4576 2.4674E-011
4578 2.4470E-011
4581 2.3928E-011
4584 2.3345E-011
4587 2.3511E-011
4589 2.3729E-011
4592 2.3815E-011
4595 2.4073E-011
4598 2.4253E-011
4600 2.4326E-011
4603 2.4438E-011
4606 2.4444E-011
4609 2.4545E-011
4611 2.4581E-011
4614 2.4513E-011
4617 2.4218E-011
4620 2.4030E-011
4622 2.4201E-011
4625 2.4458E-011
4628 2.4204E-011
4631 2.3974E-011
4633 2.3929E-011
4636 2.3811E-011
4639 2.4026E-011
4642 2.4231E-011
4644 2.3904E-011
4647 2.3709E-011
4650 2.3673E-011
4653 2.3832E-011
4655 2.3785E-011
4658 2.3656E-011
4661 2.3835E-011
4664 2.3688E-011
4666 2.3200E-011
4669 2.2751E-011
4672 2.3041E-011
4675 2.3458E-011
4677 2.3709E-011
4680 2.3617E-011
4683 2.3611E-011
4686 2.3629E-011
4688 2.3676E-011
4691 2.3623E-011
4694 2.3646E-011
4697 2.3535E-011
4699 2.3348E-011
4702 2.2874E-011
4705 2.2717E-011
4708 2.2678E-011
4710 2.2914E-011
4713 2.3032E-011
4716 2.2983E-011
4719 2.3169E-011
4721 2.3308E-011
4724 2.3295E-011
4727 2.3069E-011
4730 2.2858E-011
4732 2.2684E-011
4735 2.2745E-011
4738 2.2808E-011
4740 2.2868E-011
4743 2.2917E-011
4746 2.2956E-011
4749 2.2828E-011
4751 2.2797E-011
4754 2.2690E-011
4757 2.2569E-011
4760 2.2593E-011
4762 2.2322E-011
4765 2.2094E-011
4768 2.2258E-011
4771 2.2365E-011
4773 2.2176E-011
4776 2.2395E-011
4779 2.2459E-011
4782 2.2369E-011
4784 2.2236E-011
4787 2.2030E-011
4790 2.2001E-011
4793 2.2071E-011
4795 2.2130E-011
4798 2.2036E-011
4801 2.1626E-011
4804 2.1536E-011
4806 2.1479E-011
4809 2.1449E-011
4812 2.1515E-011
4815 2.1448E-011
4817 2.1216E-011
4820 2.1037E-011
4823 2.0739E-011
4826 2.0437E-011
4828 2.0375E-011
4831 2.0203E-011
4834 1.9929E-011
4837 1.9529E-011
4839 1.9124E-011
4842 1.8694E-011
4845 1.8077E-011
4848 1.7200E-011
4850 1.6260E-011
4853 1.5219E-011
4856 1.3624E-011
4859 1.1750E-011
4861 1.0227E-011
4864 1.0347E-011
4867 1.2045E-011
4870 1.3662E-011
4872 1.4754E-011
4875 1.5685E-011
4878 1.6431E-011
4880 1.7385E-011
4883 1.7835E-011
4886 1.8032E-011
4889 1.8459E-011
4891 1.8722E-011
4894 1.9259E-011
4897 1.9620E-011
4900 1.9699E-011
4902 1.9816E-011
4905 2.0018E-011
4908 2.0089E-011
4911 1.9927E-011
4913 2.0070E-011
4916 2.0158E-011
4919 1.9598E-011
4922 1.9380E-011
4924 1.9608E-011
4927 1.9992E-011
4930 2.0354E-011
4933 2.0112E-011
4935 1.9875E-011
4938 2.0010E-011
4941 2.0290E-011
4944 2.0488E-011
4946 2.0638E-011
4949 2.0659E-011
4952 2.0546E-011
4955 2.0422E-011
4957 2.0122E-011
4960 2.0190E-011
4963 2.0497E-011
4966 2.0526E-011
4968 2.0450E-011
4971 2.0413E-011
4974 2.0445E-011
4977 2.0494E-011
4979 2.0206E-011
4982 1.9743E-011
4985 1.9586E-011
4987 1.9749E-011
4990 1.9975E-011
4993 2.0023E-011
4996 2.0087E-011
4998 2.0026E-011
5001 1.9566E-011
5004 1.9263E-011
5007 1.9230E-011
5009 1.9443E-011
5012 1.9400E-011
5015 1.9137E-011
5018 1.8912E-011
5020 1.8878E-011
5023 1.9272E-011
5026 1.9572E-011
5029 1.9671E-011
5031 1.9473E-011
5034 1.9614E-011
5037 1.9550E-011
5040 1.9243E-011
5042 1.9124E-011
5045 1.9518E-011
5048 1.9709E-011
5051 1.9485E-011
5053 1.9456E-011
5056 1.9534E-011
5059 1.9692E-011
5062 1.9794E-011
5064 1.9724E-011
5067 1.9529E-011
5070 1.9405E-011
5073 1.9326E-011
5075 1.9226E-011
5078 1.9103E-011
5081 1.8906E-011
5083 1.8932E-011
5086 1.9211E-011
5089 1.9312E-011
5092 1.9423E-011
5094 1.9290E-011
5097 1.9106E-011
5100 1.8946E-011
5103 1.9023E-011
5105 1.9278E-011
5108 1.9202E-011
5111 1.9172E-011
5114 1.9283E-011
5116 1.9303E-011
5119 1.9243E-011
5122 1.9069E-011
5125 1.8844E-011
5127 1.8659E-011
5130 1.8624E-011
5133 1.8618E-011
5136 1.8534E-011
5138 1.8418E-011
5141 1.8314E-011
5144 1.8470E-011
5147 1.8517E-011
5149 1.8536E-011
5152 1.8555E-011
5155 1.8501E-011
5158 1.8599E-011
5160 1.8562E-011
5163 1.8277E-011
5166 1.7869E-011
5168 1.7144E-011
5171 1.7138E-011
5174 1.7608E-011
5177 1.8318E-011
5179 1.8466E-011
5182 1.8140E-011
5185 1.7686E-011
5188 1.7566E-011
5190 1.7567E-011
5193 1.7588E-011
5196 1.7613E-011
5199 1.7695E-011
5201 1.7759E-011
5204 1.7712E-011
5207 1.7607E-011
5210 1.7764E-011
5212 1.8010E-011
5215 1.8013E-011
5218 1.7970E-011
5221 1.8145E-011
5223 1.8110E-011
5226 1.7554E-011
5229 1.7204E-011
5232 1.7326E-011
5234 1.7387E-011
5237 1.7435E-011
5240 1.7731E-011
5243 1.7876E-011
5245 1.7948E-011
5248 1.7936E-011
5251 1.7854E-011
5253 1.7830E-011
5256 1.7844E-011
5259 1.7787E-011
5262 1.7295E-011
5264 1.6705E-011
5267 1.6488E-011
5270 1.6523E-011
5273 1.6736E-011
5275 1.6840E-011
5278 1.7082E-011
5281 1.7235E-011
5284 1.7193E-011
5286 1.7442E-011
5289 1.7797E-011
5292 1.7877E-011
5295 1.7699E-011
5297 1.7681E-011
5300 1.7550E-011
5303 1.7534E-011
5306 1.7505E-011
5308 1.7496E-011
5311 1.7493E-011
5314 1.7274E-011
5316 1.6983E-011
5319 1.7110E-011
5322 1.7185E-011
5325 1.6945E-011
5327 1.6685E-011
5330 1.6769E-011
5333 1.7006E-011
5336 1.6966E-011
5338 1.6762E-011
5341 1.6712E-011
5344 1.6947E-011
5347 1.7071E-011
5349 1.7116E-011
5352 1.7253E-011
5355 1.7237E-011
5358 1.7448E-011
5360 1.7325E-011
5363 1.6985E-011
5366 1.6761E-011
5369 1.6611E-011
5371 1.6521E-011
5374 1.6825E-011
5377 1.7043E-011
5380 1.6943E-011
5382 1.6755E-011
5385 1.6805E-011
5388 1.6863E-011
5390 1.6847E-011
5393 1.6764E-011
5396 1.6585E-011
5399 1.6380E-011
5401 1.6292E-011
5404 1.6188E-011
5407 1.6231E-011
5410 1.6302E-011
5412 1.6367E-011
5415 1.6446E-011
5418 1.6540E-011
5421 1.6526E-011
5423 1.6416E-011
5426 1.6322E-011
5429 1.6339E-011
5432 1.6369E-011
5434 1.6378E-011
5437 1.6513E-011
5440 1.6649E-011
5442 1.6593E-011
5445 1.6353E-011
5448 1.6315E-011
5453 1.6321E-011
5458 1.6301E-011
5463 1.6409E-011
5468 1.6268E-011
5473 1.6187E-011
5478 1.6108E-011
5483 1.6185E-011
5487 1.6281E-011
5492 1.6253E-011
5497 1.6229E-011
5502 1.6081E-011
5507 1.6065E-011
5512 1.5983E-011
5517 1.6113E-011
5521 1.6153E-011
5526 1.5974E-011
5531 1.5769E-011
5536 1.5785E-011
5541 1.5850E-011
5546 1.5869E-011
5551 1.5970E-011
5556 1.5875E-011
5560 1.5738E-011
5565 1.5572E-011
5570 1.5573E-011
5575 1.5535E-011
5580 1.5600E-011
5585 1.5383E-011
5590 1.5120E-011
5595 1.5120E-011
5599 1.5145E-011
5604 1.5238E-011
5609 1.5398E-011
5614 1.5327E-011
5619 1.5237E-011
5624 1.5343E-011
5629 1.5310E-011
5634 1.5218E-011
5638 1.5074E-011
5643 1.5102E-011
5648 1.5165E-011
5653 1.4995E-011
5658 1.4859E-011
5663 1.4792E-011
5668 1.4900E-011
5673 1.4950E-011
5677 1.4960E-011
5682 1.4869E-011
5687 1.4717E-011
5692 1.4887E-011
5697 1.4880E-011
5702 1.4843E-011
5707 1.4768E-011
5712 1.4604E-011
5716 1.4755E-011
5721 1.4752E-011
5726 1.4811E-011
5731 1.4764E-011
5736 1.4763E-011
5741 1.4779E-011
5746 1.4720E-011
5751 1.4648E-011
5755 1.4595E-011
5760 1.4517E-011
5765 1.4511E-011
5770 1.4505E-011
5775 1.4522E-011
5780 1.4551E-011
5785 1.4391E-011
5789 1.4319E-011
5794 1.4366E-011
5799 1.4287E-011
5804 1.4347E-011
5809 1.4183E-011
5814 1.4233E-011
5819 1.4227E-011
5824 1.4172E-011
5828 1.4245E-011
5833 1.4075E-011
5838 1.4107E-011
5843 1.4068E-011
5848 1.4023E-011
5853 1.3800E-011
5858 1.3575E-011
5863 1.3714E-011
5867 1.3875E-011
5872 1.3920E-011
5877 1.3901E-011
5882 1.3873E-011
5887 1.3632E-011
5892 1.3314E-011
5897 1.3401E-011
5902 1.3578E-011
5907 1.3623E-011
5911 1.3671E-011
5916 1.3621E-011
5921 1.3651E-011
5926 1.3521E-011
5931 1.3486E-011
5936 1.3528E-011
5941 1.3562E-011
5946 1.3378E-011
5950 1.3428E-011
5955 1.3422E-011
5960 1.3332E-011
5965 1.3406E-011
5970 1.3398E-011
5975 1.3304E-011
5980 1.3241E-011
5985 1.3185E-011
5989 1.3175E-011
5994 1.3113E-011
5999 1.3164E-011
6004 1.3112E-011
6009 1.3019E-011
6014 1.2968E-011
6019 1.2958E-011
6024 1.2904E-011
6028 1.2997E-011
6033 1.2982E-011
6038 1.2930E-011
6043 1.3061E-011
6048 1.2923E-011
6053 1.2846E-011
6058 1.2725E-011
6063 1.2765E-011
6067 1.2777E-011
6072 1.2786E-011
6077 1.2751E-011
6082 1.2716E-011
6087 1.2626E-011
6092 1.2567E-011
6097 1.2493E-011
6102 1.2503E-011
6106 1.2449E-011
6111 1.2458E-011
6116 1.2399E-011
6121 1.2351E-011
6126 1.2306E-011
6131 1.2330E-011
6136 1.2328E-011
6141 1.2166E-011
6145 1.2129E-011
6150 1.2092E-011
6155 1.2101E-011
6160 1.1999E-011
6165 1.1996E-011
6170 1.2000E-011
6175 1.2106E-011
6180 1.2156E-011
6184 1.2096E-011
6189 1.2166E-011
6194 1.2094E-011
6199 1.2179E-011
6204 1.2200E-011
6209 1.2100E-011
6214 1.2078E-011
6219 1.1967E-011
6224 1.1946E-011
6228 1.1952E-011
6233 1.1848E-011
6238 1.1788E-011
6243 1.1624E-011
6248 1.1588E-011
6253 1.1604E-011
6258 1.1734E-011
6263 1.1740E-011
6267 1.1699E-011
6272 1.1783E-011
6277 1.1757E-011
6282 1.1701E-011
6287 1.1698E-011
6292 1.1716E-011
6297 1.1702E-011
6302 1.1623E-011
6306 1.1479E-011
6311 1.1482E-011
6316 1.1374E-011
6321 1.1278E-011
6326 1.1243E-011
6331 1.1214E-011
6336 1.1100E-011
6341 1.1184E-011
6345 1.1203E-011
6350 1.1206E-011
6355 1.1329E-011
6360 1.1273E-011
6365 1.1212E-011
6370 1.1122E-011
6375 1.1101E-011
6380 1.1163E-011
6385 1.1203E-011
6389 1.1197E-011
6394 1.1130E-011
6399 1.1175E-011
6404 1.1041E-011
6409 1.0889E-011
6414 1.0851E-011
6419 1.0855E-011
6424 1.0909E-011
6428 1.0893E-011
6433 1.0829E-011
6438 1.0802E-011
6443 1.0717E-011
6448 1.0615E-011
6453 1.0642E-011
6458 1.0484E-011
6463 1.0512E-011
6467 1.0651E-011
6472 1.0706E-011
6477 1.0667E-011
6482 1.0619E-011
6487 1.0585E-011
6492 1.0450E-011
6497 1.0333E-011
6502 1.0344E-011
6507 1.0416E-011
6511 1.0388E-011
6516 1.0299E-011
6521 1.0114E-011
6526 1.0077E-011
6531 1.0053E-011
6536 9.9271E-012
6541 9.6364E-012
6546 9.2442E-012
6550 8.7686E-012
6555 8.1011E-012
6560 7.3052E-012
6565 6.9826E-012
6570 7.3728E-012
6575 8.1751E-012
6580 8.7599E-012
6585 9.1802E-012
6589 9.5073E-012
6594 9.5750E-012
6599 9.7617E-012
6604 9.8334E-012
6609 9.9203E-012
6614 9.9610E-012
6619 1.0067E-011
6624 1.0042E-011
6629 1.0057E-011
6633 9.9745E-012
6638 9.9593E-012
6643 1.0007E-011
6648 9.9747E-012
6653 1.0010E-011
6658 1.0003E-011
6663 1.0038E-011
6668 9.9730E-012
6672 9.9707E-012
6677 9.9291E-012
6682 9.9619E-012
6687 9.9741E-012
6692 9.9771E-012
6697 9.9470E-012
6702 9.8909E-012
6707 9.8960E-012
6712 9.8475E-012
6716 9.8514E-012
6721 9.7890E-012
6726 9.7645E-012
6731 9.7669E-012
6736 9.7217E-012
6741 9.7811E-012
6746 9.7644E-012
6751 9.6833E-012
6755 9.6873E-012
6760 9.6870E-012
6765 9.6865E-012
6770 9.6437E-012
6775 9.6359E-012
6780 9.6439E-012
6785 9.5699E-012
6790 9.5537E-012
6795 9.5574E-012
6799 9.5623E-012
6804 9.5624E-012
6809 9.5320E-012
6814 9.5399E-012
6819 9.4741E-012
6824 9.4732E-012
6829 9.4714E-012
6834 9.4309E-012
6838 9.3910E-012
6843 9.3784E-012
6848 9.3617E-012
6853 9.2873E-012
6858 9.2550E-012
6863 9.2583E-012
6868 9.3063E-012
6873 9.3097E-012
6878 9.3197E-012
6882 9.2147E-012
6887 9.2502E-012
6892 9.2739E-012
6897 9.2797E-012
6902 9.2225E-012
6907 9.1719E-012
6912 9.1816E-012
6917 9.1436E-012
6921 9.1077E-012
6926 9.0926E-012
6931 9.1237E-012
6936 9.0869E-012
6941 9.0714E-012
6946 9.0285E-012
6951 8.9481E-012
6956 8.9655E-012
6961 8.9850E-012
6965 9.0168E-012
6970 8.9200E-012
6975 8.9234E-012
6980 8.8759E-012
6985 8.8966E-012
6990 8.8927E-012
6995 8.8455E-012
7000 8.7902E-012
7004 8.7127E-012
7009 8.7299E-012
7014 8.7678E-012
7019 8.7163E-012
7024 8.7216E-012
7029 8.7069E-012
7034 8.7011E-012
7039 8.6629E-012
7044 8.7095E-012
7048 8.6456E-012
7053 8.6801E-012
7058 8.6807E-012
7063 8.6377E-012
7068 8.6082E-012
7073 8.5938E-012
7078 8.6060E-012
7083 8.5750E-012
7087 8.4800E-012
7092 8.4977E-012
7097 8.4769E-012
7102 8.4545E-012
7107 8.4586E-012
7112 8.4174E-012
7117 8.3634E-012
7122 8.3673E-012
7127 8.4186E-012
7131 8.3889E-012
7136 8.3564E-012
7141 8.3622E-012
7146 8.3397E-012
7151 8.2912E-012
7156 8.2923E-012
7161 8.3012E-012
7166 8.3000E-012
7171 8.2010E-012
7175 8.2225E-012
7180 8.2280E-012
7185 8.2064E-012
7190 8.1374E-012
7195 8.1278E-012
7200 8.0960E-012
7205 8.1407E-012
7210 8.1231E-012
7214 8.1400E-012
7219 8.0876E-012
7224 8.0453E-012
7229 8.0523E-012
7234 8.0853E-012
7239 8.0654E-012
7244 8.0556E-012
7249 7.9979E-012
7254 8.0005E-012
7258 7.9683E-012
7263 7.9585E-012
7268 7.9625E-012
7273 8.0003E-012
7278 7.9181E-012
7283 7.9243E-012
7288 7.8320E-012
7293 7.8013E-012
7297 7.8396E-012
7302 7.8193E-012
7307 7.8241E-012
7312 7.8222E-012
7317 7.8536E-012
7322 7.7963E-012
7327 7.7617E-012
7332 7.7581E-012
7337 7.8090E-012
7341 7.7610E-012
7346 7.7465E-012
7351 7.7746E-012
7356 7.6958E-012
7361 7.7374E-012
7366 7.7251E-012
7371 7.6911E-012
7376 7.6574E-012
7381 7.6301E-012
7385 7.6008E-012
7390 7.5310E-012
7395 7.5832E-012
7400 7.5711E-012
7405 7.5231E-012
7410 7.4577E-012
7415 7.4618E-012
7420 7.4627E-012
7424 7.4629E-012
7429 7.4525E-012
7434 7.4473E-012
7439 7.4434E-012
7444 7.4283E-012
7449 7.4045E-012
7454 7.4128E-012
7459 7.3979E-012
7464 7.3975E-012
7468 7.3764E-012
7473 7.3818E-012
7478 7.3399E-012
7483 7.3642E-012
7488 7.3047E-012
7493 7.2826E-012
7498 7.2796E-012
7503 7.2767E-012
7508 7.2642E-012
7512 7.2516E-012
7517 7.2756E-012
7522 7.2532E-012
7527 7.1963E-012
7532 7.1899E-012
7537 7.2006E-012
7542 7.2197E-012
7547 7.2249E-012
7551 7.1818E-012
7556 7.1523E-012
7561 7.1657E-012
7566 7.1594E-012
7571 7.1348E-012
7576 7.0940E-012
7581 7.1189E-012
7586 7.0903E-012
7591 7.1072E-012
7595 7.0933E-012
7600 7.0595E-012
7605 7.0352E-012
7610 7.0303E-012
7615 6.9734E-012
7620 6.9755E-012
7625 6.9758E-012
7630 6.9838E-012
7635 6.9804E-012
7639 6.9952E-012
7644 6.9775E-012
7649 6.9479E-012
7654 6.8884E-012
7659 6.8736E-012
7664 6.8113E-012
7669 6.8474E-012
7674 6.8728E-012
7678 6.8706E-012
7683 6.8224E-012
7688 6.8329E-012
7693 6.8065E-012
7698 6.8637E-012
7703 6.8301E-012
7708 6.8430E-012
7713 6.7648E-012
7718 6.7501E-012
7722 6.7549E-012
7727 6.7334E-012
7732 6.7392E-012
7737 6.7366E-012
7742 6.6908E-012
7747 6.6664E-012
7752 6.7217E-012
7757 6.6931E-012
7762 6.6969E-012
7766 6.6539E-012
7771 6.5328E-012
7776 6.3380E-012
7781 6.4524E-012
7786 6.5294E-012
7791 6.5629E-012
7796 6.5716E-012
7801 6.6103E-012
7805 6.5921E-012
7810 6.6071E-012
7815 6.5880E-012
7820 6.5900E-012
7825 6.5514E-012
7830 6.5648E-012
7835 6.4667E-012
7840 6.4785E-012
7845 6.4519E-012
7849 6.4119E-012
7854 6.4705E-012
7859 6.4769E-012
7864 6.4950E-012
7869 6.5066E-012
7874 6.4366E-012
7879 6.3759E-012
7884 6.3433E-012
7889 6.3503E-012
7893 6.3446E-012
7898 6.3519E-012
7903 6.3766E-012
7908 6.3718E-012
7913 6.3377E-012
7918 6.3204E-012
7923 6.3157E-012
7928 6.3188E-012
7932 6.2589E-012
7937 6.2429E-012
7942 6.2440E-012
7947 6.1972E-012
7952 6.2560E-012
7957 6.2456E-012
7962 6.2351E-012
7967 6.2149E-012
7972 6.1527E-012
7976 6.2234E-012
7981 6.2059E-012
7986 6.2363E-012
7991 6.2435E-012
7996 6.1726E-012
8001 6.1471E-012
8006 6.1280E-012
8011 6.1383E-012
8016 6.1408E-012
8020 6.1471E-012
8025 6.1030E-012
8030 6.1202E-012
8035 6.0695E-012
8040 6.0435E-012
8045 6.0557E-012
8050 6.0235E-012
8055 6.0190E-012
8059 6.0213E-012
8064 6.0257E-012
8069 6.0135E-012
8074 5.9431E-012
8079 5.9182E-012
8084 5.9350E-012
8089 5.9144E-012
8094 5.9298E-012
8099 5.8910E-012
8103 5.9403E-012
8108 5.9341E-012
8113 5.9048E-012
8118 5.9010E-012
8123 5.9190E-012
8128 5.9219E-012
8133 5.9183E-012
8138 5.8294E-012
8143 5.8115E-012
8147 5.8526E-012
8152 5.7947E-012
8157 5.8622E-012
8162 5.8663E-012
8167 5.8331E-012
8172 5.7810E-012
8177 5.7760E-012
8182 5.7563E-012
8186 5.6375E-012
8191 5.6750E-012
8196 5.6601E-012
8201 5.6562E-012
8206 5.6109E-012
8211 5.6156E-012
8216 5.6033E-012
8221 5.6121E-012
8226 5.6172E-012
8230 5.6107E-012
8235 5.5617E-012
8240 5.5525E-012
8245 5.6034E-012
8250 5.5720E-012
8255 5.5623E-012
8260 5.5730E-012
8265 5.5563E-012
8270 5.5848E-012
8274 5.5685E-012
8279 5.5989E-012
8284 5.5782E-012
8289 5.5585E-012
8294 5.5136E-012
8299 5.5508E-012
8304 5.5362E-012
8309 5.5290E-012
8313 5.5050E-012
8318 5.5276E-012
8323 5.4706E-012
8328 5.4493E-012
8333 5.4004E-012
8338 5.3848E-012
8343 5.3863E-012
8348 5.3777E-012
8353 5.4275E-012
8357 5.4136E-012
8362 5.4253E-012
8367 5.3712E-012
8372 5.3806E-012
8377 5.3909E-012
8382 5.4130E-012
8387 5.4209E-012
8392 5.3815E-012
8397 5.3714E-012
8401 5.3813E-012
8406 5.3387E-012
8411 5.3417E-012
8416 5.3000E-012
8421 5.3207E-012
8426 5.3364E-012
8431 5.3228E-012
8436 5.2886E-012
8440 5.1944E-012
8445 5.1611E-012
8450 5.1236E-012
8455 5.1682E-012
8460 5.2137E-012
8465 5.2112E-012
8470 5.2024E-012
8475 5.1913E-012
8480 5.2529E-012
8484 5.2318E-012
8489 5.2036E-012
8494 5.1220E-012
8499 4.9464E-012
8504 4.9015E-012
8509 5.0136E-012
8514 5.1027E-012
8519 5.1492E-012
8523 5.1907E-012
8528 5.1572E-012
8533 5.0403E-012
8538 4.8853E-012
8543 4.6902E-012
8548 4.5255E-012
8553 4.8299E-012
8558 4.9345E-012
8563 5.0530E-012
8567 5.1867E-012
8572 5.1981E-012
8577 5.1904E-012
8582 5.1591E-012
8587 5.0652E-012
8592 4.9595E-012
8597 4.8606E-012
8602 4.7950E-012
8607 4.8585E-012
8611 5.0276E-012
8616 5.0494E-012
8621 5.1310E-012
8626 5.1243E-012
8631 5.1420E-012
8636 5.1251E-012
8641 5.0613E-012
8646 5.0042E-012
8650 4.9176E-012
8655 4.7345E-012
8660 4.4989E-012
8665 4.3490E-012
8670 4.3982E-012
8675 4.6252E-012
8680 4.7468E-012
8685 4.8836E-012
8690 4.9917E-012
8694 5.0250E-012
8699 5.0548E-012
8704 5.1135E-012
8709 5.1496E-012
8714 5.1221E-012
8719 5.0877E-012
8724 5.0535E-012
8729 4.9767E-012
8733 4.8839E-012
8738 4.7464E-012
8743 4.5730E-012
8748 4.4067E-012
8753 4.3099E-012
8758 4.4105E-012
8763 4.6144E-012
8768 4.7401E-012
8773 4.8604E-012
8777 4.9063E-012
8782 5.0042E-012
8787 5.0276E-012
8792 5.0607E-012
8797 5.0684E-012
8802 5.0769E-012
8807 5.0639E-012
8812 5.0703E-012
8816 5.0554E-012
8821 5.0348E-012
8826 4.9905E-012
8831 4.9563E-012
8836 4.9070E-012
8841 4.8337E-012
8846 4.7270E-012
8851 4.5362E-012
8856 4.3603E-012
8860 4.1727E-012
8865 4.0348E-012
8870 4.1423E-012
8875 4.3737E-012
8880 4.5254E-012
8885 4.6418E-012
8890 4.7589E-012
8895 4.8154E-012
8899 4.8409E-012
8904 4.8516E-012
8909 4.8723E-012
8914 4.8648E-012
8919 4.9250E-012
8924 4.9566E-012
8929 4.9050E-012
8934 4.8970E-012
8939 4.9264E-012
8943 4.8788E-012
8948 4.9502E-012
8953 4.9185E-012
8958 4.9698E-012
8963 4.9128E-012
8968 4.8915E-012
8973 4.8426E-012
8978 4.8389E-012
8982 4.8046E-012
8987 4.7217E-012
8992 4.6488E-012
8997 4.4740E-012
9002 4.3284E-012
9007 4.1052E-012
9012 3.9178E-012
9017 3.7922E-012
9022 3.9119E-012
9026 4.1239E-012
9031 4.2792E-012
9036 4.4799E-012
9041 4.5320E-012
9046 4.5838E-012
9051 4.6575E-012
9056 4.6351E-012
9061 4.6357E-012
9065 4.6256E-012
9070 4.6835E-012
9075 4.7556E-012
9080 4.7371E-012
9085 4.6848E-012
9090 4.6354E-012
9095 4.6154E-012
9100 4.6342E-012
9105 4.6925E-012
9109 4.6836E-012
9114 4.7055E-012
9119 4.7237E-012
9124 4.7297E-012
9129 4.7468E-012
9134 4.7603E-012
9139 4.7578E-012
9144 4.7926E-012
9148 4.8115E-012
9153 4.7729E-012
9158 4.8171E-012
9163 4.7495E-012
9168 4.6900E-012
9173 4.5960E-012
9178 4.5504E-012
9183 4.4992E-012
9187 4.5180E-012
9192 4.5166E-012
9197 4.4543E-012
9202 4.3912E-012
9207 4.2614E-012
9212 4.1321E-012
9217 3.9124E-012
9222 3.8274E-012
9227 3.6568E-012
9231 3.5263E-012
9236 3.6098E-012
9241 3.7622E-012
9246 3.8807E-012
9251 4.0292E-012
9256 4.1175E-012
9261 4.1986E-012
9266 4.2160E-012
9270 4.2727E-012
9275 4.3902E-012
9280 4.4301E-012
9285 4.4698E-012
9290 4.5461E-012
9295 4.5541E-012
9300 4.5507E-012
9305 4.5365E-012
9309 4.5348E-012
9314 4.4676E-012
9319 4.4312E-012
9324 4.4591E-012
9329 4.4849E-012
9334 4.4911E-012
9339 4.4870E-012
9344 4.4725E-012
9349 4.4722E-012
9353 4.4479E-012
9358 4.4685E-012
9363 4.4781E-012
9368 4.4791E-012
9373 4.4652E-012
9378 4.4371E-012
9383 4.4126E-012
9388 4.4033E-012
9392 4.4202E-012
9397 4.3833E-012
9402 4.3765E-012
9407 4.2722E-012
9412 4.2622E-012
9417 4.2180E-012
9422 4.1878E-012
9427 4.2589E-012
9431 4.2728E-012
9436 4.3047E-012
9441 4.3031E-012
9446 4.2846E-012
9451 4.2718E-012
9456 4.2633E-012
9461 4.2965E-012
9466 4.3382E-012
9470 4.3388E-012
9475 4.3272E-012
9480 4.3263E-012
9485 4.2115E-012
9490 4.1955E-012
9495 4.1155E-012
9500 4.1306E-012
9505 4.1215E-012
9510 4.0774E-012
9514 4.0287E-012
9519 3.9495E-012
9524 3.8383E-012
9529 3.7505E-012
9534 3.6336E-012
9539 3.4862E-012
9544 3.3375E-012
9549 3.1989E-012
9553 3.2663E-012
9558 3.4106E-012
9563 3.6172E-012
9568 3.7127E-012
9573 3.8339E-012
9578 3.8829E-012
9583 3.8647E-012
9588 3.9176E-012
9592 3.9699E-012
9597 3.9730E-012
9602 3.9851E-012
9607 3.9640E-012
9612 3.9649E-012
9617 4.0769E-012
9622 4.0387E-012
9627 4.0902E-012
9631 4.0628E-012
9636 4.0395E-012
9641 4.0064E-012
9646 3.9619E-012
9651 3.9471E-012
9656 3.9174E-012
9661 3.9416E-012
9666 3.9749E-012
9670 3.9988E-012
9675 4.0083E-012
9680 3.9953E-012
9685 3.9916E-012
9690 4.0442E-012
9695 4.0993E-012
9700 4.0707E-012
9705 4.0590E-012
9709 4.0028E-012
9714 3.9879E-012
9719 3.9722E-012
9724 3.9524E-012
9729 3.9908E-012
9734 3.9836E-012
9739 3.9412E-012
9744 3.9120E-012
9749 3.8977E-012
9753 3.9452E-012
9758 3.9485E-012
9763 3.9168E-012
9768 3.9108E-012
9773 3.9124E-012
9778 3.9369E-012
9783 3.9594E-012
9788 4.0137E-012
9792 3.9998E-012
9797 3.9543E-012
9802 3.9230E-012
9807 3.9115E-012
9812 3.8720E-012
9817 3.8559E-012
9822 3.8288E-012
9827 3.7955E-012
9831 3.8009E-012
9836 3.8112E-012
9841 3.8105E-012
9846 3.8135E-012
9851 3.8205E-012
9856 3.8232E-012
9861 3.8345E-012
9866 3.8763E-012
9870 3.8315E-012
9875 3.7909E-012
9880 3.8556E-012
9885 3.8481E-012
9890 3.7736E-012
9895 3.7779E-012
9900 3.7717E-012
9905 3.6923E-012
9909 3.7144E-012
9914 3.7257E-012
9919 3.6537E-012
9924 3.7932E-012
9929 3.7317E-012
9934 3.7301E-012
9939 3.6459E-012
9944 3.7228E-012
9948 3.7271E-012
9953 3.7208E-012
9958 3.6966E-012
9963 3.7240E-012
9968 3.6942E-012
9973 3.6538E-012
9978 3.6411E-012
9983 3.6666E-012
9987 3.6084E-012
9992 3.6060E-012
9997 3.6265E-012
1E+004 3.6188E-012
1.001E+004 3.5966E-012
1.001E+004 3.5526E-012
1.002E+004 3.5095E-012
1.002E+004 3.4496E-012
1.003E+004 3.3644E-012
1.003E+004 3.3065E-012
1.004E+004 3.2049E-012
1.004E+004 3.1307E-012
1.005E+004 2.9614E-012
1.005E+004 2.8674E-012
1.006E+004 2.9146E-012
1.006E+004 3.0417E-012
1.007E+004 3.0916E-012
1.007E+004 3.1565E-012
1.008E+004 3.2433E-012
1.008E+004 3.2970E-012
1.008E+004 3.3590E-012
1.009E+004 3.3525E-012
1.009E+004 3.4049E-012
1.01E+004 3.4008E-012
1.01E+004 3.4378E-012
1.011E+004 3.3950E-012
1.011E+004 3.4390E-012
1.012E+004 3.4150E-012
1.013E+004 3.5016E-012
1.018E+004 3.5017E-012
1.023E+004 3.4712E-012
1.028E+004 3.4266E-012
1.033E+004 3.3664E-012
1.038E+004 3.3214E-012
1.043E+004 3.2731E-012
1.048E+004 3.1932E-012
1.053E+004 3.1646E-012
1.058E+004 3.1224E-012
1.063E+004 3.0781E-012
1.068E+004 2.9814E-012
1.073E+004 2.9709E-012
1.078E+004 2.9311E-012
1.083E+004 2.8773E-012
1.088E+004 2.7954E-012
1.093E+004 2.3692E-012
1.098E+004 2.5773E-012
1.103E+004 2.7185E-012
1.108E+004 2.7093E-012
1.113E+004 2.6723E-012
1.118E+004 2.6391E-012
1.123E+004 2.6080E-012
1.128E+004 2.5330E-012
1.133E+004 2.5013E-012
1.138E+004 2.4894E-012
1.143E+004 2.4440E-012
1.148E+004 2.4342E-012
1.153E+004 2.4031E-012
1.158E+004 2.3677E-012
1.163E+004 2.3114E-012
1.168E+004 2.2680E-012
1.173E+004 2.2759E-012
1.178E+004 2.2048E-012
1.183E+004 2.1948E-012
1.188E+004 2.1540E-012
1.193E+004 2.1598E-012
1.198E+004 2.1089E-012
1.203E+004 2.0935E-012
1.208E+004 2.0609E-012
1.213E+004 2.0365E-012
1.218E+004 2.0177E-012
1.223E+004 1.9889E-012
1.228E+004 1.9594E-012
1.233E+004 1.9360E-012
1.238E+004 1.9137E-012
1.243E+004 1.8930E-012
1.248E+004 1.8648E-012
1.253E+004 1.8393E-012
1.258E+004 1.8058E-012
1.263E+004 1.7864E-012
1.268E+004 1.7664E-012
1.273E+004 1.7339E-012
1.278E+004 1.6513E-012
1.283E+004 1.4070E-012
1.288E+004 1.6256E-012
1.293E+004 1.6491E-012
1.298E+004 1.6387E-012
1.303E+004 1.6229E-012
1.308E+004 1.6062E-012
1.313E+004 1.5835E-012
1.318E+004 1.5597E-012
1.323E+004 1.5474E-012
1.328E+004 1.5275E-012
1.333E+004 1.5100E-012
1.338E+004 1.4912E-012
1.343E+004 1.4732E-012
1.348E+004 1.4552E-012
1.353E+004 1.4343E-012
1.358E+004 1.4160E-012
1.363E+004 1.4028E-012
1.368E+004 1.3844E-012
1.373E+004 1.3575E-012
1.378E+004 1.3493E-012
1.383E+004 1.3342E-012
1.388E+004 1.3225E-012
1.393E+004 1.3017E-012
1.398E+004 1.2889E-012
1.403E+004 1.2740E-012
1.408E+004 1.2606E-012
1.413E+004 1.2434E-012
1.418E+004 1.2305E-012
1.423E+004 1.2142E-012
1.428E+004 1.1988E-012
1.433E+004 1.1876E-012
1.438E+004 1.1754E-012
1.443E+004 1.1404E-012
1.448E+004 1.1469E-012
1.453E+004 1.1232E-012
1.457E+004 1.1210E-012
1.462E+004 1.1056E-012
1.468E+004 1.0955E-012
1.473E+004 1.0808E-012
1.478E+004 1.0650E-012
1.483E+004 1.0562E-012
1.488E+004 1.0396E-012
1.493E+004 1.0381E-012
1.498E+004 1.0239E-012
1.503E+004 1.0085E-012
1.508E+004 9.9708E-013
1.513E+004 9.9129E-013
1.518E+004 9.8037E-013
1.523E+004 9.6869E-013
1.528E+004 9.5674E-013
1.533E+004 9.4514E-013
1.538E+004 9.3693E-013
1.543E+004 9.1659E-013
1.548E+004 9.1449E-013
1.553E+004 9.0534E-013
1.558E+004 8.8048E-013
1.563E+004 8.9448E-013
1.568E+004 8.6688E-013
1.573E+004 8.4362E-013
1.578E+004 8.6257E-013
1.583E+004 8.5523E-013
1.588E+004 7.8618E-013
1.593E+004 8.2614E-013
1.598E+004 8.3695E-013
1.605E+004 8.0862E-013
1.615E+004 7.6084E-013
1.625E+004 7.9833E-013
1.635E+004 7.5469E-013
1.645E+004 7.0461E-013
1.655E+004 7.5125E-013
1.665E+004 7.3708E-013
1.675E+004 6.8958E-013
1.685E+004 6.4197E-013
1.695E+004 6.9039E-013
1.705E+004 6.7733E-013
1.715E+004 6.6460E-013
1.725E+004 6.4083E-013
1.735E+004 5.6172E-013
1.745E+004 6.0466E-013
1.755E+004 6.0762E-013
1.765E+004 5.9662E-013
1.775E+004 5.8656E-013
1.785E+004 5.7395E-013
1.795E+004 5.6334E-013
1.805E+004 5.4525E-013
1.815E+004 4.8309E-013
1.825E+004 5.0942E-013
1.835E+004 5.1699E-013
1.845E+004 5.0828E-013
1.855E+004 4.9669E-013
1.865E+004 4.8217E-013
1.875E+004 4.2420E-013
1.885E+004 4.6065E-013
1.895E+004 4.5710E-013
1.905E+004 4.5298E-013
1.915E+004 4.4415E-013
1.925E+004 4.3453E-013
1.935E+004 4.2001E-013
1.945E+004 3.7113E-013
1.955E+004 4.0454E-013
1.965E+004 4.0301E-013
1.975E+004 3.9578E-013
1.985E+004 3.8957E-013
1.995E+004 3.8242E-013
2.005E+004 3.7563E-013
2.015E+004 3.6895E-013
2.025E+004 3.6186E-013
2.035E+004 3.5491E-013
2.045E+004 3.4928E-013
2.055E+004 3.4292E-013
2.065E+004 3.3617E-013
2.075E+004 3.3048E-013
2.085E+004 3.2478E-013
2.095E+004 3.1882E-013
2.105E+004 3.1326E-013
2.115E+004 3.0712E-013
2.125E+004 3.0179E-013
2.135E+004 2.9658E-013
2.145E+004 2.9132E-013
2.155E+004 2.8301E-013
2.165E+004 2.5171E-013
2.175E+004 2.7081E-013
2.185E+004 2.7138E-013
2.195E+004 2.6823E-013
2.205E+004 2.6321E-013
2.215E+004 2.5870E-013
2.225E+004 2.5510E-013
2.235E+004 2.5085E-013
2.245E+004 2.4671E-013
2.255E+004 2.4189E-013
2.265E+004 2.3846E-013
2.275E+004 2.3465E-013
2.285E+004 2.3080E-013
2.295E+004 2.2694E-013
2.305E+004 2.2365E-013
2.315E+004 2.1998E-013
2.325E+004 2.1663E-013
2.335E+004 2.1312E-013
2.345E+004 2.0984E-013
2.355E+004 2.0655E-013
2.365E+004 2.0336E-013
2.375E+004 2.0002E-013
2.385E+004 1.9692E-013
2.395E+004 1.9392E-013
2.405E+004 1.9083E-013
2.415E+004 1.8784E-013
2.425E+004 1.8507E-013
2.435E+004 1.8204E-013
2.445E+004 1.7926E-013
2.455E+004 1.7651E-013
2.465E+004 1.7374E-013
2.475E+004 1.7107E-013
2.485E+004 1.6863E-013
2.495E+004 1.6490E-013
2.505E+004 1.6406E-013
2.515E+004 1.6160E-013
2.525E+004 1.5696E-013
2.535E+004 1.5670E-013
2.545E+004 1.5493E-013
2.555E+004 1.5185E-013
2.565E+004 1.4620E-013
2.575E+004 1.4773E-013
2.585E+004 1.4596E-013
2.595E+004 1.4408E-013
2.605E+004 1.4003E-013
2.615E+004 1.3311E-013
2.625E+004 1.2429E-013
2.635E+004 1.3331E-013
2.645E+004 1.3397E-013
2.655E+004 1.3229E-013
2.665E+004 1.2908E-013
2.675E+004 1.2074E-013
2.685E+004 1.2572E-013
2.695E+004 1.2549E-013
2.705E+004 1.2396E-013
2.715E+004 1.2239E-013
2.725E+004 1.2069E-013
2.735E+004 1.1882E-013
2.745E+004 1.1638E-013
2.755E+004 1.0776E-013
2.765E+004 1.1026E-013
2.775E+004 1.1211E-013
2.785E+004 1.1111E-013
2.795E+004 1.0984E-013
2.805E+004 1.0836E-013
2.815E+004 1.0690E-013
2.825E+004 1.0546E-013
2.835E+004 1.0407E-013
2.845E+004 1.0241E-013
2.855E+004 1.0071E-013
2.865E+004 9.7100E-014
2.875E+004 9.0390E-014
2.885E+004 9.5996E-014
2.895E+004 9.5690E-014
2.905E+004 9.4799E-014
2.915E+004 9.3460E-014
2.925E+004 9.2334E-014
2.935E+004 9.1202E-014
2.945E+004 9.0013E-014
2.955E+004 8.8876E-014
2.965E+004 8.7742E-014
2.975E+004 8.6611E-014
2.985E+004 8.5522E-014
2.995E+004 8.4394E-014
3.005E+004 8.3295E-014
3.015E+004 8.2038E-014
3.025E+004 8.0461E-014
3.035E+004 7.4628E-014
3.045E+004 7.5514E-014
3.055E+004 7.7647E-014
3.065E+004 7.7108E-014
3.075E+004 7.6315E-014
3.085E+004 7.5275E-014
3.095E+004 7.4415E-014
3.105E+004 7.3495E-014
3.115E+004 7.2463E-014
3.125E+004 7.1694E-014
3.135E+004 7.0830E-014
3.145E+004 6.9960E-014
3.155E+004 6.9169E-014
3.165E+004 6.8383E-014
3.175E+004 6.7490E-014
3.185E+004 6.6751E-014
3.195E+004 6.5952E-014
3.21E+004 6.4765E-014
3.23E+004 6.3267E-014
3.25E+004 6.1781E-014
3.27E+004 6.0170E-014
3.29E+004 5.5634E-014
3.31E+004 5.6463E-014
3.33E+004 5.6014E-014
3.35E+004 5.4851E-014
3.37E+004 5.3542E-014
3.39E+004 5.2372E-014
3.41E+004 5.1221E-014
3.43E+004 5.0135E-014
3.45E+004 4.9085E-014
3.47E+004 4.7997E-014
3.49E+004 4.6964E-014
3.51E+004 4.5949E-014
3.53E+004 4.4955E-014
3.55E+004 4.3993E-014
3.57E+004 4.3034E-014
3.59E+004 4.2142E-014
3.61E+004 4.1226E-014
3.63E+004 4.0401E-014
3.65E+004 3.9491E-014
3.67E+004 3.8727E-014
3.69E+004 3.7754E-014
3.71E+004 3.7051E-014
3.73E+004 3.5368E-014
3.75E+004 3.4209E-014
3.77E+004 3.4856E-014
3.79E+004 3.4241E-014
3.81E+004 3.3368E-014
3.83E+004 3.2758E-014
3.85E+004 3.2283E-014
3.87E+004 3.1616E-014
3.89E+004 3.0927E-014
3.91E+004 2.9959E-014
3.93E+004 2.9807E-014
3.95E+004 2.9268E-014
3.97E+004 2.8720E-014
3.99E+004 2.8095E-014
4.01E+004 2.7257E-014
4.03E+004 2.6595E-014
4.05E+004 2.5337E-014
4.07E+004 2.5963E-014
4.09E+004 2.5596E-014
4.11E+004 2.5178E-014
4.13E+004 2.4702E-014
4.15E+004 2.4120E-014
4.17E+004 2.2947E-014
4.19E+004 2.3217E-014
4.21E+004 2.2902E-014
4.23E+004 2.2532E-014
4.25E+004 2.2121E-014
4.27E+004 2.1726E-014
4.29E+004 2.1337E-014
4.31E+004 2.0955E-014
4.33E+004 2.0575E-014
4.35E+004 2.0154E-014
4.37E+004 1.9118E-014
4.39E+004 1.9229E-014
4.41E+004 1.9138E-014
4.43E+004 1.8833E-014
4.45E+004 1.8507E-014
4.47E+004 1.8211E-014
4.49E+004 1.7875E-014
4.51E+004 1.7573E-014
4.53E+004 1.7273E-014
4.55E+004 1.6981E-014
4.57E+004 1.6687E-014
4.59E+004 1.6400E-014
4.61E+004 1.6121E-014
4.63E+004 1.5793E-014
4.65E+004 1.4800E-014
4.67E+004 1.4594E-014
4.69E+004 1.4954E-014
4.71E+004 1.4824E-014
4.73E+004 1.4602E-014
4.75E+004 1.4364E-014
4.77E+004 1.4135E-014
4.79E+004 1.3912E-014
4.81E+004 1.3689E-014
4.83E+004 1.3471E-014
4.85E+004 1.3256E-014
4.87E+004 1.3046E-014
4.89E+004 1.2840E-014
4.91E+004 1.2635E-014
4.93E+004 1.2438E-014
4.95E+004 1.2245E-014
4.97E+004 1.2052E-014
4.99E+004 1.1867E-014
5.01E+004 1.1683E-014
5.03E+004 1.1498E-014
5.05E+004 1.1327E-014
5.07E+004 1.1152E-014
5.09E+004 1.0962E-014
5.11E+004 1.0733E-014
5.13E+004 1.0147E-014
5.15E+004 1.0436E-014
5.17E+004 1.0313E-014
5.19E+004 1.0181E-014
5.21E+004 1.0045E-014
5.23E+004 9.8971E-015
5.25E+004 9.7302E-015
5.27E+004 9.5761E-015
5.29E+004 9.4652E-015
5.31E+004 9.3363E-015
5.33E+004 9.2002E-015
5.35E+004 9.0594E-015
5.37E+004 8.8921E-015
5.39E+004 8.7666E-015
5.41E+004 8.6758E-015
5.43E+004 8.5544E-015
5.45E+004 8.4341E-015
5.47E+004 8.3115E-015
5.49E+004 8.1943E-015
5.51E+004 8.0489E-015
5.53E+004 7.8996E-015
5.55E+004 7.8432E-015
5.57E+004 7.7454E-015
5.59E+004 7.6336E-015
5.61E+004 7.5327E-015
5.63E+004 7.4290E-015
5.65E+004 7.3277E-015
5.67E+004 7.2261E-015
5.69E+004 7.1068E-015
5.71E+004 6.9338E-015
5.73E+004 6.9075E-015
5.75E+004 6.8416E-015
5.77E+004 6.7498E-015
5.79E+004 6.6580E-015
5.81E+004 6.5701E-015
5.83E+004 6.4792E-015
5.85E+004 6.3897E-015
5.87E+004 6.2982E-015
5.89E+004 6.1690E-015
5.91E+004 5.8450E-015
5.93E+004 6.0166E-015
5.95E+004 5.8668E-015
5.97E+004 5.8492E-015
5.99E+004 5.8195E-015
6.01E+004 5.7507E-015
6.03E+004 5.6851E-015
6.05E+004 5.6139E-015
6.07E+004 5.5419E-015
6.09E+004 5.4707E-015
6.11E+004 5.3986E-015
6.13E+004 5.3338E-015
6.15E+004 5.2664E-015
6.17E+004 5.1998E-015
6.19E+004 5.1332E-015
6.21E+004 5.0699E-015
6.23E+004 5.0015E-015
6.25E+004 4.9321E-015
6.27E+004 4.8505E-015
6.29E+004 4.6704E-015
6.31E+004 4.7194E-015
6.33E+004 4.6906E-015
6.35E+004 4.6431E-015
6.37E+004 4.5890E-015
6.39E+004 4.5327E-015
6.42E+004 4.4510E-015
6.46E+004 4.3433E-015
6.5E+004 4.2391E-015
6.54E+004 4.1393E-015
6.58E+004 4.0408E-015
6.62E+004 3.9457E-015
6.66E+004 3.8540E-015
6.7E+004 3.7635E-015
6.74E+004 3.6598E-015
6.78E+004 3.5093E-015
6.82E+004 3.5043E-015
6.86E+004 3.4310E-015
6.9E+004 3.3530E-015
6.94E+004 3.2766E-015
6.98E+004 3.2048E-015
7.02E+004 3.1338E-015
7.06E+004 3.0645E-015
7.1E+004 2.9955E-015
7.14E+004 2.9322E-015
7.18E+004 2.8685E-015
7.22E+004 2.8050E-015
7.26E+004 2.7413E-015
7.3E+004 2.6868E-015
7.34E+004 2.6305E-015
7.38E+004 2.5740E-015
7.42E+004 2.5120E-015
7.46E+004 2.3916E-015
7.5E+004 2.3155E-015
7.54E+004 2.3508E-015
7.58E+004 2.3152E-015
7.62E+004 2.2708E-015
7.66E+004 2.2245E-015
7.7E+004 2.1795E-015
7.74E+004 2.1338E-015
7.78E+004 2.0806E-015
7.82E+004 2.0493E-015
7.86E+004 2.0104E-015
7.9E+004 1.9707E-015
7.94E+004 1.9318E-015
7.98E+004 1.8938E-015
8.02E+004 1.8567E-015
8.06E+004 1.8204E-015
8.1E+004 1.7851E-015
8.14E+004 1.7379E-015
8.18E+004 1.7107E-015
8.22E+004 1.6844E-015
8.26E+004 1.6524E-015
8.3E+004 1.6211E-015
8.34E+004 1.5901E-015
8.38E+004 1.5600E-015
8.42E+004 1.5311E-015
8.46E+004 1.5029E-015
8.5E+004 1.4751E-015
8.54E+004 1.4477E-015
8.58E+004 1.4210E-015
8.62E+004 1.3933E-015
8.66E+004 1.3510E-015
8.7E+004 1.3400E-015
8.74E+004 1.2987E-015
8.78E+004 1.2755E-015
8.82E+004 1.2727E-015
8.86E+004 1.2504E-015
8.9E+004 1.2283E-015
8.94E+004 1.2066E-015
8.98E+004 1.1851E-015
9.02E+004 1.1644E-015
9.06E+004 1.1440E-015
9.1E+004 1.1239E-015
9.14E+004 1.1044E-015
9.18E+004 1.0854E-015
9.22E+004 1.0666E-015
9.26E+004 1.0480E-015
9.3E+004 1.0303E-015
9.34E+004 1.0116E-015
9.38E+004 9.7809E-016
9.42E+004 9.7293E-016
9.46E+004 9.6241E-016
9.5E+004 9.4611E-016
9.54E+004 9.3026E-016
9.58E+004 9.1554E-016
9.62E+004 9.0042E-016
9.66E+004 8.8578E-016
9.7E+004 8.7135E-016
9.74E+004 8.5712E-016
9.78E+004 8.4340E-016
9.82E+004 8.2950E-016
9.86E+004 8.1557E-016
9.9E+004 8.0382E-016
9.94E+004 7.9114E-016
9.98E+004 7.7872E-016
1.002E+005 7.6657E-016
1.005E+005 7.5756E-016
1.01E+005 7.4282E-016
1.015E+005 7.2850E-016
1.02E+005 7.1457E-016
1.025E+005 7.0091E-016
1.03E+005 6.8762E-016
1.035E+005 6.7459E-016
1.04E+005 6.6192E-016
1.045E+005 6.4948E-016
1.05E+005 6.3739E-016
1.055E+005 6.2551E-016
1.06E+005 6.1396E-016
1.065E+005 6.0271E-016
1.07E+005 5.9157E-016
1.075E+005 5.8083E-016
1.08E+005 5.7028E-016
1.085E+005 5.5991E-016
1.09E+005 5.4983E-016
1.095E+005 5.4002E-016
1.1E+005 5.3039E-016
1.105E+005 5.2093E-016
1.11E+005 5.1172E-016
1.115E+005 5.0276E-016
1.12E+005 4.9396E-016
1.125E+005 4.8531E-016
1.13E+005 4.7690E-016
1.135E+005 4.6863E-016
1.14E+005 4.6058E-016
1.145E+005 4.5275E-016
1.15E+005 4.4498E-016
1.155E+005 4.3740E-016
1.16E+005 4.3003E-016
1.165E+005 4.2278E-016
1.17E+005 4.1573E-016
1.175E+005 4.0871E-016
1.18E+005 4.0195E-016
1.185E+005 3.9530E-016
1.19E+005 3.8876E-016
1.195E+005 3.8233E-016
1.2E+005 3.7606E-016
1.205E+005 3.6996E-016
1.21E+005 3.6395E-016
1.215E+005 3.5805E-016
1.22E+005 3.5230E-016
1.225E+005 3.4664E-016
1.23E+005 3.4108E-016
1.235E+005 3.3565E-016
1.24E+005 3.3032E-016
1.245E+005 3.2512E-016
1.25E+005 3.2000E-016
1.255E+005 3.1496E-016
1.26E+005 3.1005E-016
1.265E+005 3.0522E-016
1.27E+005 3.0046E-016
1.275E+005 2.9582E-016
1.28E+005 2.9125E-016
1.285E+005 2.8680E-016
1.29E+005 2.8242E-016
1.295E+005 2.7810E-016
1.3E+005 2.7390E-016
1.305E+005 2.6976E-016
1.31E+005 2.6568E-016
1.315E+005 2.6170E-016
1.32E+005 2.5779E-016
1.325E+005 2.5393E-016
1.33E+005 2.5017E-016
1.335E+005 2.4647E-016
1.34E+005 2.4286E-016
1.345E+005 2.3926E-016
1.35E+005 2.3576E-016
1.355E+005 2.3235E-016
1.36E+005 2.2895E-016
1.365E+005 2.2563E-016
1.37E+005 2.2240E-016
1.375E+005 2.1918E-016
1.38E+005 2.1604E-016
1.385E+005 2.1295E-016
1.39E+005 2.0994E-016
1.395E+005 2.0696E-016
1.4E+005 2.0403E-016
1.405E+005 2.0118E-016
1.41E+005 1.9833E-016
1.415E+005 1.9559E-016
1.42E+005 1.9285E-016
1.425E+005 1.9019E-016
1.43E+005 1.8756E-016
1.435E+005 1.8496E-016
1.44E+005 1.8241E-016
1.445E+005 1.7992E-016
1.45E+005 1.7746E-016
1.455E+005 1.7506E-016
1.46E+005 1.7267E-016
1.465E+005 1.7034E-016
1.47E+005 1.6807E-016
1.475E+005 1.6580E-016
1.48E+005 1.6359E-016
1.485E+005 1.6141E-016
1.49E+005 1.5926E-016
1.495E+005 1.5716E-016
1.5E+005 1.5509E-016
1.505E+005 1.5305E-016
1.51E+005 1.5103E-016
1.515E+005 1.4907E-016
1.52E+005 1.4713E-016
1.525E+005 1.4522E-016
1.53E+005 1.4333E-016
1.535E+005 1.4149E-016
1.54E+005 1.3967E-016
1.545E+005 1.3788E-016
1.55E+005 1.3611E-016
1.555E+005 1.3438E-016
1.56E+005 1.3268E-016
1.565E+005 1.3100E-016
1.57E+005 1.2934E-016
1.575E+005 1.2772E-016
1.58E+005 1.2612E-016
1.585E+005 1.2454E-016
1.59E+005 1.2299E-016
1.595E+005 1.2147E-016
1.6E+005 1.1997E-016
1.605E+005 1.1849E-016
1.61E+005 1.1703E-016
1.615E+005 1.1560E-016
1.62E+005 1.1417E-016
1.625E+005 1.1278E-016
1.63E+005 1.1141E-016
1.635E+005 1.1007E-016
1.64E+005 1.0873E-016
1.645E+005 1.0742E-016
1.65E+005 1.0613E-016
1.655E+005 1.0487E-016
1.66E+005 1.0361E-016
1.665E+005 1.0239E-016
1.67E+005 1.0117E-016
1.675E+005 9.9975E-017
1.68E+005 9.8790E-017
1.685E+005 9.7636E-017
1.69E+005 9.6479E-017
1.695E+005 9.5351E-017
1.7E+005 9.4253E-017
1.705E+005 9.3151E-017
1.71E+005 9.2079E-017
1.715E+005 9.1003E-017
1.72E+005 8.9955E-017
1.725E+005 8.8933E-017
1.73E+005 8.7908E-017
1.735E+005 8.6910E-017
1.74E+005 8.5909E-017
1.745E+005 8.4934E-017
1.75E+005 8.3970E-017
1.755E+005 8.3030E-017
1.76E+005 8.2087E-017
1.765E+005 8.1169E-017
1.77E+005 8.0261E-017
1.775E+005 7.9363E-017
1.78E+005 7.8476E-017
1.785E+005 7.7611E-017
1.79E+005 7.6755E-017
1.795E+005 7.5910E-017
1.8E+005 7.5074E-017
1.805E+005 7.4247E-017
1.81E+005 7.3428E-017
1.815E+005 7.2632E-017
1.82E+005 7.1844E-017
1.825E+005 7.1064E-017
1.83E+005 7.0293E-017
1.835E+005 6.9531E-017
1.84E+005 6.8789E-017
1.845E+005 6.8042E-017
1.85E+005 6.7315E-017
1.855E+005 6.6597E-017
1.86E+005 6.5886E-017
1.865E+005 6.5194E-017
1.87E+005 6.4497E-017
1.875E+005 6.3820E-017
1.88E+005 6.3149E-017
1.885E+005 6.2486E-017
1.89E+005 6.1829E-017
1.895E+005 6.1180E-017
1.9E+005 6.0548E-017
1.905E+005 5.9922E-017
1.91E+005 5.9293E-017
1.915E+005 5.8690E-017
1.92E+005 5.8084E-017
1.925E+005 5.7484E-017
1.93E+005 5.6900E-017
1.935E+005 5.6312E-017
1.94E+005 5.5740E-017
1.945E+005 5.5173E-017
1.95E+005 5.4612E-017
1.955E+005 5.4058E-017
1.96E+005 5.3517E-017
1.965E+005 5.2983E-017
1.97E+005 5.2444E-017
1.975E+005 5.1920E-017
1.98E+005 5.1402E-017
1.985E+005 5.0888E-017
1.99E+005 5.0388E-017
1.995E+005 4.9885E-017
2E+005 4.9395E-017
2.01E+005 4.8419E-017
2.02E+005 4.7471E-017
2.03E+005 4.6541E-017
2.04E+005 4.5638E-017
2.05E+005 4.4751E-017
2.06E+005 4.3890E-017
2.07E+005 4.3053E-017
2.08E+005 4.2231E-017
2.09E+005 4.1433E-017
2.1E+005 4.0650E-017
2.11E+005 3.9881E-017
2.12E+005 3.9140E-017
2.13E+005 3.8406E-017
2.14E+005 3.7699E-017
2.15E+005 3.7005E-017
2.16E+005 3.6324E-017
2.17E+005 3.5661E-017
2.18E+005 3.5010E-017
2.19E+005 3.4377E-017
2.2E+005 3.3755E-017
2.21E+005 3.3151E-017
2.22E+005 3.2556E-017
2.23E+005 3.1979E-017
2.24E+005 3.1411E-017
2.25E+005 3.0859E-017
2.26E+005 3.0316E-017
2.27E+005 2.9788E-017
2.28E+005 2.9269E-017
2.29E+005 2.8759E-017
2.3E+005 2.8263E-017
2.31E+005 2.7780E-017
2.32E+005 2.7305E-017
2.33E+005 2.6838E-017
2.34E+005 2.6384E-017
2.35E+005 2.5938E-017
2.36E+005 2.5503E-017
2.37E+005 2.5076E-017
2.38E+005 2.4656E-017
2.39E+005 2.4246E-017
2.4E+005 2.3844E-017
2.41E+005 2.3453E-017
2.42E+005 2.3067E-017
2.43E+005 2.2692E-017
2.44E+005 2.2323E-017
2.45E+005 2.1960E-017
2.46E+005 2.1607E-017
2.47E+005 2.1259E-017
2.48E+005 2.0917E-017
2.49E+005 2.0584E-017
2.5E+005 2.0259E-017
2.51E+005 1.9937E-017
2.52E+005 1.9623E-017
2.53E+005 1.9317E-017
2.54E+005 1.9012E-017
2.55E+005 1.8716E-017
2.56E+005 1.8427E-017
2.57E+005 1.8142E-017
2.58E+005 1.7862E-017
2.59E+005 1.7590E-017
2.6E+005 1.7318E-017
2.61E+005 1.7057E-017
2.62E+005 1.6797E-017
2.63E+005 1.6543E-017
2.64E+005 1.6296E-017
2.65E+005 1.6050E-017
2.66E+005 1.5810E-017
2.67E+005 1.5574E-017
2.68E+005 1.5344E-017
2.69E+005 1.5118E-017
2.7E+005 1.4894E-017
2.71E+005 1.4677E-017
2.72E+005 1.4462E-017
2.73E+005 1.4251E-017
2.74E+005 1.4045E-017
2.75E+005 1.3843E-017
2.76E+005 1.3643E-017
2.77E+005 1.3446E-017
2.78E+005 1.3254E-017
2.79E+005 1.3065E-017
2.8E+005 1.2880E-017
2.81E+005 1.2699E-017
2.82E+005 1.2519E-017
2.83E+005 1.2343E-017
2.84E+005 1.2169E-017
2.85E+005 1.1999E-017
2.86E+005 1.1834E-017
2.87E+005 1.1669E-017
2.88E+005 1.1508E-017
2.89E+005 1.1350E-017
2.9E+005 1.1193E-017
2.91E+005 1.1041E-017
2.92E+005 1.0891E-017
2.93E+005 1.0743E-017
2.94E+005 1.0597E-017
2.95E+005 1.0454E-017
2.96E+005 1.0314E-017
2.97E+005 1.0177E-017
2.98E+005 1.0040E-017
2.99E+005 9.9068E-018
3E+005 9.7753E-018
3.01E+005 9.6455E-018
3.02E+005 9.5192E-018
3.03E+005 9.3944E-018
3.04E+005 9.2713E-018
3.05E+005 9.1498E-018
3.06E+005 9.0314E-018
3.07E+005 8.9146E-018
3.08E+005 8.7993E-018
3.09E+005 8.6854E-018
3.1E+005 8.5745E-018
3.11E+005 8.4650E-018
3.12E+005 8.3569E-018
3.13E+005 8.2502E-018
3.14E+005 8.1462E-018
3.15E+005 8.0436E-018
3.16E+005 7.9422E-018
3.17E+005 7.8421E-018
3.18E+005 7.7446E-018
3.19E+005 7.6470E-018
3.2E+005 7.5519E-018
3.21E+005 7.4592E-018
3.22E+005 7.3665E-018
3.23E+005 7.2761E-018
3.24E+005 7.1869E-018
3.25E+005 7.0987E-018
3.26E+005 7.0116E-018
3.27E+005 6.9268E-018
3.28E+005 6.8429E-018
3.29E+005 6.7601E-018
3.3E+005 6.6783E-018
3.31E+005 6.5986E-018
3.32E+005 6.5188E-018
3.33E+005 6.4410E-018
3.34E+005 6.3641E-018
3.35E+005 6.2892E-018
3.36E+005 6.2142E-018
3.37E+005 6.1411E-018
3.38E+005 6.0688E-018
3.39E+005 5.9974E-018
3.4E+005 5.9268E-018
3.41E+005 5.8581E-018
3.42E+005 5.7902E-018
3.43E+005 5.7230E-018
3.44E+005 5.6566E-018
3.45E+005 5.5910E-018
3.46E+005 5.5271E-018
3.47E+005 5.4639E-018
3.48E+005 5.4014E-018
3.49E+005 5.3397E-018
3.5E+005 5.2787E-018
3.51E+005 5.2191E-018
3.52E+005 5.1602E-018
3.53E+005 5.1020E-018
3.54E+005 5.0444E-018
3.55E+005 4.9875E-018
3.56E+005 4.9320E-018
3.57E+005 4.8764E-018
3.58E+005 4.8222E-018
3.59E+005 4.7686E-018
3.6E+005 4.7156E-018
3.61E+005 4.6640E-018
3.62E+005 4.6121E-018
3.63E+005 4.5616E-018
3.64E+005 4.5117E-018
3.65E+005 4.4623E-018
3.66E+005 4.4142E-018
3.67E+005 4.3658E-018
3.68E+005 4.3188E-018
3.69E+005 4.2722E-018
3.7E+005 4.2261E-018
3.71E+005 4.1806E-018
3.72E+005 4.1355E-018
3.73E+005 4.0916E-018
3.74E+005 4.0482E-018
3.75E+005 4.0045E-018
3.76E+005 3.9627E-018
3.77E+005 3.9207E-018
3.78E+005 3.8790E-018
3.79E+005 3.8385E-018
3.8E+005 3.7978E-018
3.81E+005 3.7581E-018
3.82E+005 3.7189E-018
3.83E+005 3.6806E-018
3.84E+005 3.6422E-018
3.85E+005 3.6041E-018
3.86E+005 3.5671E-018
3.87E+005 3.5304E-018
3.88E+005 3.4941E-018
3.89E+005 3.4582E-018
3.9E+005 3.4227E-018
3.91E+005 3.3881E-018
3.92E+005 3.3538E-018
3.93E+005 3.3194E-018
3.94E+005 3.2858E-018
3.95E+005 3.2526E-018
3.96E+005 3.2202E-018
3.97E+005 3.1877E-018
3.98E+005 3.1554E-018
3.99E+005 3.1241E-018
