1710 -1.3515E-016
1710 -1.3515E-016
1712 -1.7939E-015
1713 1.5689E-015
1714 4.4538E-015
1716 1.9413E-015
1717 -4.1557E-015
1719 5.3756E-016
1720 -3.7780E-015
1721 -8.5044E-016
1723 -4.5151E-015
1724 -3.5600E-015
1725 5.0954E-015
1727 2.7394E-015
1728 4.8727E-015
1729 1.9812E-015
1731 2.9498E-015
1732 -3.5997E-015
1734 -1.3875E-015
1735 -4.5698E-015
1736 -5.9696E-015
1738 -2.8860E-016
1739 -1.7190E-015
1740 -2.3640E-015
1742 4.1915E-015
1743 5.8071E-015
1745 4.5686E-015
1746 2.4265E-015
1747 3.3001E-015
1749 1.3849E-015
1750 3.9712E-015
1751 7.2280E-017
1753 2.1622E-015
1754 9.7736E-015
1756 4.6333E-015
1757 5.2727E-015
1758 4.8438E-015
1760 5.0427E-015
1761 9.3524E-016
1762 4.5075E-015
1764 4.0325E-015
1765 1.0062E-014
1767 7.9182E-015
1768 6.5053E-015
1769 4.1995E-015
1771 -2.8416E-016
1772 1.1080E-015
1773 4.4227E-015
1775 8.6845E-016
1776 7.4887E-015
1777 5.6480E-015
1779 5.0857E-015
1780 4.0405E-015
1782 7.6662E-015
1783 3.0705E-015
1784 -6.1395E-016
1786 3.7043E-015
1787 6.7711E-015
1788 1.3761E-015
1790 3.2789E-015
1791 2.6350E-015
1793 6.0371E-015
1794 2.9760E-015
1795 1.6781E-014
1797 3.0987E-015
1798 1.4166E-015
1799 3.7705E-015
1801 6.8490E-016
1802 4.7724E-015
1804 2.9173E-015
1805 2.4301E-015
1806 4.1193E-015
1808 3.5643E-015
1809 2.5820E-015
1810 4.6744E-015
1812 5.4377E-015
1813 4.1396E-015
1815 -6.1851E-016
1816 3.9363E-015
1817 7.4502E-015
1819 1.0381E-014
1820 1.0214E-014
1821 6.2509E-015
1823 4.2202E-015
1824 6.8002E-015
1825 3.5133E-015
1827 4.7150E-015
1828 2.8107E-015
1830 3.3454E-015
1831 5.6595E-015
1832 5.7825E-015
1834 2.9338E-015
1835 2.4817E-015
1836 4.7848E-015
1838 5.5878E-015
1839 4.3196E-015
1841 5.0537E-015
1842 4.9426E-015
1843 3.8196E-015
1845 4.9528E-015
1846 3.0819E-015
1847 5.8254E-016
1849 2.7891E-015
1850 5.3684E-015
1852 8.1599E-015
1853 5.3890E-015
1854 5.2378E-015
1856 8.0190E-015
1857 6.8001E-015
1858 5.4472E-015
1860 5.8038E-015
1861 5.0829E-015
1863 5.3387E-015
1864 5.7624E-015
1865 3.3554E-015
1867 7.6905E-015
1868 1.8210E-015
1869 4.1359E-015
1871 6.2272E-015
1872 2.7931E-015
1874 5.3551E-015
1875 4.2773E-015
1876 6.4293E-015
1878 5.2543E-015
1879 7.2710E-015
1880 5.6121E-015
1882 4.8707E-015
1883 7.6951E-015
1884 5.0587E-015
1886 5.4196E-015
1887 3.8701E-015
1889 5.2589E-015
1890 5.6047E-015
1891 6.0670E-015
1893 5.9549E-015
1894 5.9343E-015
1895 4.2632E-015
1897 2.8968E-015
1898 6.9623E-015
1900 4.6077E-015
1901 6.2805E-015
1902 6.5034E-015
1904 8.1909E-015
1905 7.6733E-015
1906 4.0342E-015
1908 8.4959E-015
1909 1.0356E-014
1911 5.5318E-015
1912 6.3575E-015
1913 6.9286E-015
1915 6.2593E-015
1916 4.7569E-015
1917 5.7374E-015
1919 7.0156E-015
1920 6.5935E-015
1922 5.4662E-015
1923 8.2381E-015
1924 7.8079E-015
1926 5.4896E-015
1927 5.4559E-015
1928 6.4893E-015
1930 5.5559E-015
1931 3.0062E-015
1933 6.2122E-015
1934 5.9334E-015
1935 3.4319E-015
1937 6.8184E-015
1938 5.9104E-015
1939 6.6171E-015
1941 6.5534E-015
1942 8.5215E-015
1944 8.9278E-015
1945 7.2430E-015
1946 6.1361E-015
1948 7.6706E-015
1949 7.7558E-015
1950 5.1295E-015
1952 5.6479E-015
1953 8.2453E-015
1954 5.9205E-015
1956 6.6558E-015
1957 5.0211E-015
1959 8.7049E-015
1960 7.8337E-015
1961 8.8706E-015
1963 8.6292E-015
1964 9.0261E-015
1965 8.3592E-015
1967 1.0191E-014
1968 9.1333E-015
1970 6.3916E-015
1971 1.0128E-014
1972 9.2990E-015
1974 7.8936E-015
1975 8.6908E-015
1976 9.8220E-015
1978 7.9036E-015
1979 7.5767E-015
1981 7.7410E-015
1982 7.9787E-015
1983 8.2321E-015
1985 8.0578E-015
1986 7.9405E-015
1987 6.5336E-015
1989 1.0132E-014
1990 8.4009E-015
1992 8.5557E-015
1993 8.0608E-015
1994 6.7476E-015
1996 8.9543E-015
1997 1.0176E-014
1998 7.3061E-015
2000 9.3539E-015
2001 9.2174E-015
2003 8.7230E-015
2004 9.4493E-015
2005 7.4147E-015
2007 9.8431E-015
2008 5.9038E-015
2009 8.3881E-015
2011 7.3747E-015
2012 8.8766E-015
2014 8.3147E-015
2015 8.8635E-015
2016 9.0603E-015
2018 8.1206E-015
2019 7.7346E-015
2020 9.4135E-015
2022 9.3942E-015
2023 9.9673E-015
2025 9.1058E-015
2026 8.9392E-015
2027 8.8658E-015
2029 9.4597E-015
2030 1.0109E-014
2031 9.6702E-015
2033 1.0200E-014
2034 9.6250E-015
2036 1.0583E-014
2037 9.8005E-015
2038 9.7538E-015
2040 1.0057E-014
2041 9.3310E-015
2042 9.6182E-015
2044 1.0171E-014
2045 1.0397E-014
2046 1.1614E-014
2048 1.0815E-014
2049 1.0988E-014
2051 9.9391E-015
2052 9.4755E-015
2053 1.1456E-014
2055 1.0913E-014
2056 1.0946E-014
2057 1.0167E-014
2059 9.9534E-015
2060 1.1188E-014
2062 1.0530E-014
2063 1.0352E-014
2064 1.1605E-014
2066 1.2833E-014
2067 1.1335E-014
2068 1.0657E-014
2070 1.1077E-014
2071 1.1376E-014
2073 1.0727E-014
2074 1.2195E-014
2075 1.2415E-014
2077 1.1712E-014
2078 1.3601E-014
2079 1.4815E-014
2081 1.3705E-014
2082 1.2489E-014
2084 1.2879E-014
2085 1.2546E-014
2086 1.4557E-014
2088 1.4671E-014
2089 1.6482E-014
2090 1.6418E-014
2092 1.5405E-014
2093 1.7702E-014
2095 1.7600E-014
2096 1.8594E-014
2097 1.9764E-014
2099 2.0522E-014
2100 1.8800E-014
2101 2.1562E-014
2103 2.0982E-014
2104 2.0408E-014
2106 2.4812E-014
2107 2.2379E-014
2108 2.1659E-014
2110 1.9804E-014
2111 2.4402E-014
2112 2.5530E-014
2114 2.3152E-014
2115 2.3469E-014
2117 2.7686E-014
2118 2.9327E-014
2119 2.9698E-014
2121 3.0304E-014
2122 2.5224E-014
2123 2.0431E-014
2125 1.8493E-014
2126 2.1655E-014
2128 2.4220E-014
2129 2.7593E-014
2130 2.2038E-014
2132 2.2687E-014
2133 2.2495E-014
2134 2.2714E-014
2136 2.3388E-014
2137 2.5199E-014
2139 2.3583E-014
2140 2.4035E-014
2141 3.0892E-014
2143 3.1980E-014
2144 3.1760E-014
2145 2.8359E-014
2147 2.6857E-014
2148 2.7292E-014
2149 2.9861E-014
2151 2.7930E-014
2152 2.8506E-014
2154 2.9657E-014
2155 2.7366E-014
2156 2.3512E-014
2158 2.0590E-014
2159 2.1302E-014
2160 2.6013E-014
2162 2.8364E-014
2163 2.7627E-014
2165 2.5762E-014
2166 2.3088E-014
2167 2.0928E-014
2169 2.3489E-014
2170 2.4458E-014
2171 2.5887E-014
2173 2.6910E-014
2174 2.2935E-014
2176 2.3629E-014
2177 2.3920E-014
2178 2.4345E-014
2180 3.1600E-014
2181 3.4351E-014
2182 3.6175E-014
2184 3.1722E-014
2185 3.2323E-014
2187 2.8860E-014
2188 2.7266E-014
2189 2.8797E-014
2191 3.1929E-014
2192 3.1348E-014
2193 3.7900E-014
2195 3.3328E-014
2196 2.9927E-014
2198 3.3783E-014
2199 3.4880E-014
2200 3.2590E-014
2202 3.4050E-014
2203 3.9742E-014
2204 3.9845E-014
2206 3.6808E-014
2207 3.3679E-014
2209 2.8649E-014
2210 2.6678E-014
2211 2.2644E-014
2213 2.8748E-014
2214 3.2416E-014
2215 3.1451E-014
2217 2.7749E-014
2218 2.8019E-014
2220 3.4180E-014
2221 3.7176E-014
2222 3.6596E-014
2224 3.4687E-014
2225 3.6561E-014
2226 3.5456E-014
2228 3.4663E-014
2229 3.6621E-014
2231 3.5323E-014
2232 3.9058E-014
2233 4.8375E-014
2235 4.9398E-014
2236 5.0038E-014
2237 4.5443E-014
2239 4.2245E-014
2240 4.4610E-014
2242 3.9128E-014
2243 3.7823E-014
2244 3.7844E-014
2246 4.1787E-014
2247 4.5290E-014
2248 4.3981E-014
2250 3.9563E-014
2251 3.8909E-014
2253 3.9950E-014
2254 3.7944E-014
2255 3.6561E-014
2257 3.5434E-014
2258 3.5664E-014
2259 3.6071E-014
2261 3.3296E-014
2262 3.4003E-014
2264 3.2785E-014
2265 2.9211E-014
2266 2.7353E-014
2268 2.6251E-014
2269 2.6337E-014
2270 2.4924E-014
2272 2.7632E-014
2273 2.8505E-014
2275 2.9634E-014
2276 3.0154E-014
2277 3.2778E-014
2279 3.5268E-014
2280 3.5993E-014
2281 3.9789E-014
2283 4.2881E-014
2284 3.9787E-014
2286 4.2909E-014
2287 3.7992E-014
2288 3.5961E-014
2290 3.6095E-014
2291 3.5041E-014
2292 3.7507E-014
2294 3.8662E-014
2295 4.1262E-014
2296 3.8596E-014
2298 3.2004E-014
2299 3.0914E-014
2301 3.2630E-014
2302 3.5546E-014
2303 3.7203E-014
2305 4.0880E-014
2306 4.9322E-014
2307 4.8168E-014
2309 4.3056E-014
2310 3.5816E-014
2312 3.2067E-014
2313 3.0441E-014
2314 3.6493E-014
2316 4.4636E-014
2317 4.2918E-014
2318 4.1865E-014
2320 3.5835E-014
2321 3.7983E-014
2323 4.5219E-014
2324 5.1124E-014
2325 4.3054E-014
2327 3.7671E-014
2328 3.8535E-014
2329 4.2108E-014
2331 3.8010E-014
2332 3.2522E-014
2334 3.3060E-014
2335 3.9318E-014
2336 3.9990E-014
2338 3.2989E-014
2339 3.0196E-014
2340 3.4075E-014
2342 3.6851E-014
2343 3.0456E-014
2345 2.5296E-014
2346 2.7091E-014
2347 2.9016E-014
2349 2.9752E-014
2350 3.7408E-014
2351 4.1946E-014
2353 4.6079E-014
2354 4.2214E-014
2356 4.0811E-014
2357 4.5186E-014
2358 4.2915E-014
2360 3.4606E-014
2361 3.4232E-014
2362 3.9700E-014
2364 3.9082E-014
2365 3.5023E-014
2367 3.5606E-014
2368 3.6218E-014
2369 4.0471E-014
2371 4.4777E-014
2372 4.7952E-014
2373 3.8574E-014
2375 3.5264E-014
2376 3.9205E-014
2378 4.3552E-014
2379 3.7529E-014
2380 3.2590E-014
2382 2.5966E-014
2383 2.4016E-014
2384 3.0051E-014
2386 3.7417E-014
2387 3.9357E-014
2389 3.4062E-014
2390 3.6491E-014
2391 4.3369E-014
2393 4.2348E-014
2394 3.9024E-014
2395 2.9612E-014
2397 3.0011E-014
2398 3.4250E-014
2400 3.2508E-014
2401 3.8698E-014
2402 3.9683E-014
2404 3.5386E-014
2405 3.0301E-014
2406 2.9560E-014
2408 3.2656E-014
2409 3.7740E-014
2411 3.1262E-014
2412 2.9984E-014
2413 3.4032E-014
2415 3.8552E-014
2416 4.4181E-014
2417 4.7422E-014
2419 5.1110E-014
2420 5.3467E-014
2422 5.6680E-014
2423 5.5905E-014
2424 5.1774E-014
2426 5.4089E-014
2427 6.0324E-014
2428 5.7163E-014
2430 5.3524E-014
2431 5.6675E-014
2433 5.2904E-014
2434 5.1545E-014
2435 4.8352E-014
2437 5.0528E-014
2438 5.3961E-014
2439 4.9755E-014
2441 5.3669E-014
2442 5.7051E-014
2443 5.3483E-014
2445 5.0576E-014
2446 4.9062E-014
2448 4.6583E-014
2449 4.2906E-014
2450 4.3403E-014
2452 4.1821E-014
2453 4.1106E-014
2454 4.1765E-014
2456 4.3699E-014
2457 4.3514E-014
2459 4.5860E-014
2460 4.2843E-014
2461 4.0013E-014
2463 3.7266E-014
2464 3.9682E-014
2465 4.1966E-014
2467 4.2877E-014
2468 4.7748E-014
2470 4.6861E-014
2471 4.7558E-014
2472 4.6648E-014
2474 4.4971E-014
2475 5.2092E-014
2476 5.0027E-014
2478 4.9165E-014
2479 4.3297E-014
2481 4.2323E-014
2482 4.4756E-014
2483 3.6112E-014
2485 3.7014E-014
2486 4.0625E-014
2487 3.8674E-014
2489 3.4787E-014
2490 3.2433E-014
2492 3.3890E-014
2493 4.4467E-014
2494 5.1498E-014
2496 5.8486E-014
2497 5.7803E-014
2498 5.6584E-014
2500 5.8578E-014
2501 5.0818E-014
2503 5.0324E-014
2504 5.4516E-014
2505 4.9777E-014
2507 4.3441E-014
2508 4.5753E-014
2509 5.3311E-014
2511 4.9494E-014
2512 4.7477E-014
2514 4.4427E-014
2515 3.7571E-014
2516 3.4834E-014
2518 3.5016E-014
2519 3.8130E-014
2520 4.0843E-014
2522 4.0524E-014
2523 3.6326E-014
2525 3.4729E-014
2526 3.9047E-014
2527 3.8510E-014
2529 3.5082E-014
2530 3.8013E-014
2531 4.8851E-014
2533 4.9609E-014
2534 4.8717E-014
2536 4.7595E-014
2537 4.7032E-014
2538 4.9665E-014
2540 4.9845E-014
2541 4.9609E-014
2542 5.2327E-014
2544 5.5996E-014
2545 5.3919E-014
2547 5.2082E-014
2548 5.2070E-014
2549 4.8345E-014
2551 5.6982E-014
2552 7.0665E-014
2553 7.0303E-014
2555 7.4724E-014
2556 7.0554E-014
2558 7.2089E-014
2559 7.7488E-014
2560 7.9339E-014
2562 7.1679E-014
2563 6.3277E-014
2564 7.3126E-014
2566 8.9451E-014
2567 9.7806E-014
2568 1.0241E-013
2570 1.1188E-013
2571 1.1187E-013
2573 1.1358E-013
2574 1.1535E-013
2575 9.0017E-014
2577 8.0925E-014
2578 9.8208E-014
2579 1.1813E-013
2581 1.3311E-013
2582 1.3006E-013
2584 1.0842E-013
2585 8.9262E-014
2586 7.4046E-014
2588 9.6584E-014
2589 1.2245E-013
2590 1.2150E-013
2592 1.0199E-013
2593 9.5121E-014
2595 8.4474E-014
2596 9.3441E-014
2597 7.8452E-014
2599 5.4870E-014
2600 5.9615E-014
2601 7.7314E-014
2603 9.5208E-014
2604 9.1804E-014
2606 7.5462E-014
2607 6.6995E-014
2608 7.0386E-014
2610 8.0558E-014
2611 7.0147E-014
2612 5.9306E-014
2614 6.3360E-014
2615 7.8896E-014
2617 8.7766E-014
2618 8.3142E-014
2619 9.0497E-014
2621 9.6611E-014
2622 1.0251E-013
2623 1.0671E-013
2625 1.0330E-013
2626 9.7695E-014
2628 8.4558E-014
2629 7.5966E-014
2630 7.4468E-014
2632 7.0124E-014
2633 9.2059E-014
2634 1.2858E-013
2636 1.5201E-013
2637 1.8209E-013
2639 2.2079E-013
2640 2.1300E-013
2641 2.0364E-013
2643 2.3924E-013
2644 2.5246E-013
2645 2.1860E-013
2647 1.9845E-013
2648 1.7622E-013
2650 1.7061E-013
2651 1.7794E-013
2652 1.8925E-013
2654 2.1843E-013
2655 2.4355E-013
2656 2.3769E-013
2658 2.3132E-013
2659 2.2690E-013
2660 2.3175E-013
2662 2.0971E-013
2663 2.0471E-013
2665 2.0609E-013
2666 2.1059E-013
2667 2.0972E-013
2669 2.1249E-013
2670 2.0894E-013
2671 2.2405E-013
2673 1.9577E-013
2674 2.2438E-013
2676 2.5132E-013
2677 2.3791E-013
2678 2.0467E-013
2680 1.9279E-013
2681 2.0866E-013
2682 2.1144E-013
2684 2.0669E-013
2685 2.0326E-013
2687 2.1860E-013
2688 2.0664E-013
2689 1.9622E-013
2691 1.9271E-013
2692 2.0147E-013
2693 2.1200E-013
2695 1.9953E-013
2696 1.8185E-013
2698 2.0014E-013
2699 2.0841E-013
2700 2.4598E-013
2702 2.4270E-013
2703 2.3867E-013
2704 2.5159E-013
2706 2.4914E-013
2707 2.2525E-013
2709 2.2421E-013
2710 2.2431E-013
2711 2.2625E-013
2713 2.3470E-013
2714 2.2265E-013
2715 2.0641E-013
2717 2.0374E-013
2718 1.8350E-013
2720 1.3351E-013
2721 1.3115E-013
2722 1.5961E-013
2724 1.6971E-013
2725 1.7131E-013
2726 1.8097E-013
2728 1.8161E-013
2729 2.2077E-013
2730 2.4381E-013
2732 2.2252E-013
2733 2.0452E-013
2735 1.7876E-013
2736 1.8051E-013
2737 1.4774E-013
2739 1.3786E-013
2740 1.2334E-013
2741 1.2526E-013
2743 1.1285E-013
2744 1.0720E-013
2746 1.2866E-013
2747 1.1389E-013
2748 1.1263E-013
2750 1.0774E-013
2751 1.2377E-013
2752 1.6002E-013
2754 1.7449E-013
2755 1.4485E-013
2757 1.2859E-013
2758 1.7573E-013
2759 2.3690E-013
2761 2.2267E-013
2762 2.0563E-013
2763 1.9979E-013
2765 2.3845E-013
2766 2.3875E-013
2768 2.2205E-013
2769 2.1663E-013
2770 2.1548E-013
2772 2.3603E-013
2773 2.2757E-013
2774 2.4359E-013
2776 2.2014E-013
2777 1.9585E-013
2779 1.7164E-013
2780 1.5327E-013
2781 1.5029E-013
2783 1.4929E-013
2784 1.4583E-013
2785 1.4908E-013
2787 1.4434E-013
2788 1.2840E-013
2789 1.1163E-013
2791 9.5715E-014
2792 7.9685E-014
2794 6.7273E-014
2795 5.9517E-014
2796 6.1460E-014
2798 5.5036E-014
2799 5.8887E-014
2800 6.3932E-014
2802 5.9685E-014
2803 6.4352E-014
2805 6.3572E-014
2806 7.9384E-014
2807 1.0151E-013
2809 1.2202E-013
2810 1.4136E-013
2811 1.4926E-013
2813 1.5884E-013
2814 1.8245E-013
2816 2.1431E-013
2817 2.1450E-013
2818 2.2227E-013
2820 2.3732E-013
2821 2.4897E-013
2822 2.5744E-013
2824 2.7187E-013
2825 2.6735E-013
2827 2.5164E-013
2828 2.7466E-013
2829 2.8639E-013
2831 3.0512E-013
2832 3.0532E-013
2833 2.9779E-013
2835 2.8050E-013
2836 2.4654E-013
2838 2.9038E-013
2839 3.0077E-013
2840 2.7994E-013
2842 2.6833E-013
2843 2.6191E-013
2844 2.2747E-013
2846 2.3644E-013
2847 1.9650E-013
2848 1.5727E-013
2850 1.1907E-013
2851 8.5400E-014
2853 6.4658E-014
2854 8.4837E-014
2855 1.2013E-013
2857 1.5920E-013
2858 2.0154E-013
2859 2.4248E-013
2861 2.8701E-013
2862 3.0391E-013
2864 3.1189E-013
2865 3.3354E-013
2866 3.2799E-013
2868 2.9930E-013
2869 2.8535E-013
2870 3.2426E-013
2872 3.8495E-013
2873 3.7199E-013
2875 3.3766E-013
2876 3.2550E-013
2877 3.1023E-013
2879 2.9653E-013
2880 2.3603E-013
2881 1.8018E-013
2883 1.9783E-013
2884 2.8998E-013
2885 3.7448E-013
2887 3.7505E-013
2888 3.7104E-013
2890 3.6771E-013
2891 3.7575E-013
2892 3.8135E-013
2894 3.8859E-013
2895 4.2385E-013
2896 4.7496E-013
2898 4.9447E-013
2899 5.2087E-013
2901 5.9419E-013
2902 5.6745E-013
2903 5.7700E-013
2905 6.0196E-013
2906 5.7683E-013
2907 5.5367E-013
2909 5.3601E-013
2910 5.3475E-013
2912 5.4670E-013
2913 6.0405E-013
2914 5.7964E-013
2916 5.1107E-013
2917 5.2058E-013
2918 5.0630E-013
2920 5.2517E-013
2921 5.3026E-013
2923 5.3328E-013
2924 4.7440E-013
2925 4.5038E-013
2927 4.2672E-013
2928 4.4724E-013
2929 4.2645E-013
2931 5.5211E-013
2932 5.9675E-013
2933 5.8919E-013
2935 5.8888E-013
2936 5.2555E-013
2938 4.0254E-013
2939 4.4506E-013
2940 4.8289E-013
2942 4.6812E-013
2943 5.2784E-013
2944 5.0809E-013
2946 5.4085E-013
2947 4.9691E-013
2949 3.6388E-013
2950 4.3490E-013
2951 5.3755E-013
2953 5.7978E-013
2954 4.8892E-013
2955 5.3054E-013
2957 5.2272E-013
2958 5.3698E-013
2960 5.8387E-013
2961 5.3916E-013
2962 5.9371E-013
2964 5.9386E-013
2965 4.5832E-013
2966 3.5697E-013
2968 3.6911E-013
2969 3.8676E-013
2970 3.6645E-013
2972 4.4117E-013
2973 4.0702E-013
2975 5.0301E-013
2976 5.7415E-013
2977 6.3914E-013
2979 6.0823E-013
2980 5.1198E-013
2981 4.2041E-013
2983 3.6844E-013
2984 3.1229E-013
2986 3.1642E-013
2987 3.7717E-013
2988 4.2500E-013
2990 5.1945E-013
2991 5.7610E-013
2992 5.1785E-013
2994 4.5447E-013
2995 3.8817E-013
2997 4.9624E-013
2998 4.9308E-013
2999 4.1750E-013
3001 3.0554E-013
3002 3.0046E-013
3003 3.1565E-013
3005 3.9961E-013
3006 4.4645E-013
3007 3.8108E-013
3009 3.6347E-013
3010 4.4152E-013
3012 4.9117E-013
3013 4.9042E-013
3014 5.0547E-013
3016 4.6796E-013
3017 4.4236E-013
3018 3.7005E-013
3020 3.0986E-013
3021 2.7823E-013
3023 4.1897E-013
3024 5.2118E-013
3025 4.7426E-013
3027 4.9310E-013
3028 6.4528E-013
3029 6.2200E-013
3031 5.8644E-013
3032 6.1530E-013
3033 7.0083E-013
3035 6.8711E-013
3036 6.6294E-013
3038 5.0132E-013
3039 5.3171E-013
3040 5.7693E-013
3042 5.1875E-013
3043 5.6505E-013
3044 6.5162E-013
3046 6.6469E-013
3047 5.5909E-013
3049 5.2453E-013
3050 6.5381E-013
3051 6.9459E-013
3053 7.8249E-013
3054 6.4946E-013
3055 6.0024E-013
3057 5.4546E-013
3058 3.9750E-013
3060 4.1772E-013
3061 5.5464E-013
3066 5.1978E-013
3068 5.7942E-013
3071 6.1538E-013
3074 6.0136E-013
3077 6.0820E-013
3079 6.0763E-013
3082 6.0943E-013
3085 6.2783E-013
3088 5.7905E-013
3090 5.1252E-013
3093 4.9882E-013
3096 4.9859E-013
3099 4.6164E-013
3101 5.2372E-013
3104 6.5983E-013
3107 7.2388E-013
3110 7.4830E-013
3112 7.4303E-013
3115 6.8339E-013
3118 6.1139E-013
3121 6.0607E-013
3123 6.4081E-013
3126 6.4517E-013
3129 6.5944E-013
3132 6.4909E-013
3134 6.6481E-013
3137 7.0805E-013
3140 6.8328E-013
3143 6.0036E-013
3145 5.8067E-013
3148 6.5804E-013
3151 6.9227E-013
3154 6.5688E-013
3156 5.7493E-013
3159 5.3457E-013
3162 5.7386E-013
3165 6.3355E-013
3167 6.9260E-013
3170 7.8680E-013
3173 8.1610E-013
3176 7.9214E-013
3178 6.5871E-013
3181 5.8401E-013
3184 6.3039E-013
3187 6.9357E-013
3189 7.1270E-013
3192 6.3081E-013
3195 6.7416E-013
3198 7.6495E-013
3200 7.8883E-013
3203 8.2195E-013
3206 8.2628E-013
3208 7.2580E-013
3211 6.3323E-013
3214 6.5212E-013
3217 7.1992E-013
3219 7.6308E-013
3222 7.1066E-013
3225 6.4616E-013
3228 5.9183E-013
3230 6.2612E-013
3233 6.4144E-013
3236 6.5095E-013
3239 7.0827E-013
3241 7.6166E-013
3244 7.7877E-013
3247 7.5811E-013
3250 7.4170E-013
3252 8.0856E-013
3255 9.2283E-013
3258 9.9182E-013
3261 9.8616E-013
3263 9.4110E-013
3266 9.6699E-013
3269 9.6364E-013
3272 9.5060E-013
3274 9.5690E-013
3277 9.2578E-013
3280 9.0721E-013
3283 9.0202E-013
3285 8.6800E-013
3288 9.2314E-013
3291 1.0249E-012
3294 1.0827E-012
3296 1.1029E-012
3299 1.1299E-012
3302 1.0488E-012
3305 9.4712E-013
3307 9.4660E-013
3310 9.9865E-013
3313 9.6401E-013
3316 9.6043E-013
3318 9.8677E-013
3321 9.4753E-013
3324 9.4253E-013
3327 9.6863E-013
3329 9.4633E-013
3332 9.7012E-013
3335 9.1550E-013
3338 9.1077E-013
3340 9.3867E-013
3343 9.9197E-013
3346 9.9912E-013
3349 9.4830E-013
3351 9.8599E-013
3354 1.0289E-012
3357 9.4348E-013
3360 7.5596E-013
3362 8.0533E-013
3365 9.1280E-013
3368 8.2037E-013
3371 7.6562E-013
3373 8.5726E-013
3376 9.8195E-013
3379 8.9717E-013
3382 8.8482E-013
3384 9.6325E-013
3387 9.8539E-013
3390 9.7818E-013
3393 9.0712E-013
3395 9.8111E-013
3398 1.0586E-012
3401 1.0889E-012
3404 1.0444E-012
3406 9.9130E-013
3409 9.7171E-013
3412 9.6746E-013
3415 9.0892E-013
3417 9.8726E-013
3420 1.0610E-012
3423 9.9954E-013
3426 9.9753E-013
3428 1.0626E-012
3431 1.0603E-012
3434 1.0028E-012
3437 9.6055E-013
3439 8.1363E-013
3442 7.0679E-013
3445 7.7647E-013
3448 8.9245E-013
3450 9.8330E-013
3453 9.9359E-013
3456 9.8143E-013
3459 8.9733E-013
3461 8.7095E-013
3464 9.5369E-013
3467 9.7790E-013
3470 1.0196E-012
3472 9.5872E-013
3475 8.4259E-013
3478 8.7807E-013
3481 9.2001E-013
3483 8.9366E-013
3486 9.3558E-013
3489 8.9725E-013
3492 8.5790E-013
3494 8.7235E-013
3497 8.9543E-013
3500 1.0291E-012
3502 1.1180E-012
3505 1.0862E-012
3508 1.0504E-012
3511 9.9126E-013
3513 9.4018E-013
3516 1.0284E-012
3519 1.0508E-012
3522 9.6985E-013
3524 8.6089E-013
3527 9.2483E-013
3530 1.0291E-012
3533 1.0473E-012
3535 1.0963E-012
3538 1.1407E-012
3541 1.1416E-012
3544 1.1558E-012
3546 1.1720E-012
3549 1.1644E-012
3552 1.1210E-012
3555 1.0773E-012
3557 1.0737E-012
3560 1.0730E-012
3563 1.0657E-012
3566 9.1189E-013
3568 8.3963E-013
3571 8.3340E-013
3574 9.0484E-013
3577 9.3751E-013
3579 8.1433E-013
3582 7.0339E-013
3585 6.9144E-013
3588 7.4899E-013
3590 9.2834E-013
3593 1.0688E-012
3596 1.1583E-012
3599 1.2087E-012
3601 1.1554E-012
3604 1.0379E-012
3607 9.5253E-013
3610 9.0331E-013
3612 9.6055E-013
3615 1.0113E-012
3618 9.1556E-013
3621 9.1341E-013
3623 1.0571E-012
3626 1.1865E-012
3629 1.1787E-012
3632 9.7621E-013
3634 9.7506E-013
3637 1.0842E-012
3640 1.1825E-012
3643 1.1427E-012
3645 1.0408E-012
3648 1.0029E-012
3651 1.0871E-012
3654 1.2258E-012
3656 1.2997E-012
3659 1.3524E-012
3662 1.3424E-012
3665 1.2957E-012
3667 1.2522E-012
3670 1.2402E-012
3673 1.2938E-012
3676 1.2863E-012
3678 1.1792E-012
3681 1.1624E-012
3684 1.1919E-012
3687 1.1356E-012
3689 1.1842E-012
3692 1.3226E-012
3695 1.3085E-012
3698 1.3348E-012
3700 1.3946E-012
3703 1.2982E-012
3706 1.1141E-012
3709 1.0985E-012
3711 1.2493E-012
3714 1.4232E-012
3717 1.3857E-012
3720 1.1016E-012
3722 9.8937E-013
3725 1.1378E-012
3728 1.2137E-012
3731 1.1539E-012
3733 9.6656E-013
3736 8.2189E-013
3739 9.9932E-013
3742 1.1232E-012
3744 1.0253E-012
3747 8.8155E-013
3750 8.8100E-013
3753 1.1017E-012
3755 1.2305E-012
3758 1.1793E-012
3761 1.1322E-012
3764 1.1714E-012
3766 1.1866E-012
3769 1.2100E-012
3772 1.2913E-012
3775 1.4128E-012
3777 1.4654E-012
3780 1.5287E-012
3783 1.5586E-012
3786 1.4634E-012
3788 1.3044E-012
3791 1.2454E-012
3794 1.1869E-012
3797 1.1102E-012
3799 1.1104E-012
3802 1.2952E-012
3805 1.3976E-012
3808 1.3632E-012
3810 1.3959E-012
3813 1.2807E-012
3816 1.0953E-012
3819 1.0604E-012
3821 9.7245E-013
3824 9.3418E-013
3827 8.1367E-013
3830 7.9794E-013
3832 7.8141E-013
3835 7.6675E-013
3838 7.8467E-013
3841 8.3648E-013
3843 1.0473E-012
3846 1.1679E-012
3849 1.1890E-012
3852 1.1688E-012
3854 1.1362E-012
3857 1.0456E-012
3860 1.0027E-012
3863 1.1085E-012
3865 1.1901E-012
3868 1.1381E-012
3871 1.0207E-012
3874 1.0487E-012
3876 1.1600E-012
3879 1.0831E-012
3882 1.0451E-012
3885 1.0777E-012
3887 1.0391E-012
3890 1.1157E-012
3893 1.2783E-012
3896 1.3302E-012
3898 1.3821E-012
3901 1.3723E-012
3904 1.3081E-012
3907 1.2933E-012
3909 1.4148E-012
3912 1.5028E-012
3915 1.4837E-012
3918 1.4246E-012
3920 1.2907E-012
3923 1.1991E-012
3926 1.0907E-012
3929 8.4650E-013
3931 5.8935E-013
3934 4.5868E-013
3937 5.7530E-013
3940 8.2322E-013
3942 9.9359E-013
3945 1.1158E-012
3948 1.2860E-012
3951 1.4074E-012
3953 1.4207E-012
3956 1.4211E-012
3959 1.3808E-012
3962 1.1597E-012
3964 8.9684E-013
3967 6.5549E-013
3970 5.6783E-013
3973 7.7372E-013
3975 1.0768E-012
3978 1.3630E-012
3981 1.5554E-012
3984 1.5983E-012
3986 1.6560E-012
3989 1.7344E-012
3992 1.7819E-012
3995 1.7911E-012
3997 1.7916E-012
4000 1.8508E-012
4003 1.8932E-012
4005 1.7788E-012
4008 1.8120E-012
4011 1.9044E-012
4014 1.9523E-012
4016 1.9508E-012
4019 1.9573E-012
4022 1.9670E-012
4025 1.9598E-012
4027 1.9653E-012
4030 1.8563E-012
4033 1.7625E-012
4036 1.8491E-012
4038 1.9745E-012
4041 1.9677E-012
4044 1.8188E-012
4047 1.7048E-012
4049 1.8506E-012
4052 1.9147E-012
4055 1.8299E-012
4058 1.7638E-012
4060 1.7907E-012
4063 1.7134E-012
4066 1.7247E-012
4069 1.8161E-012
4071 1.8266E-012
4074 1.8093E-012
4077 1.7591E-012
4080 1.8361E-012
4082 1.9353E-012
4085 1.9341E-012
4088 2.0265E-012
4091 2.0561E-012
4093 1.9853E-012
4096 1.8697E-012
4099 1.7434E-012
4102 1.6421E-012
4104 1.7258E-012
4107 1.8803E-012
4110 1.9257E-012
4113 1.9843E-012
4115 2.0651E-012
4118 2.0488E-012
4121 2.0122E-012
4124 2.0153E-012
4126 2.0014E-012
4129 1.9550E-012
4132 1.8925E-012
4135 1.9067E-012
4137 2.0397E-012
4140 2.0788E-012
4143 1.9465E-012
4146 1.9302E-012
4148 1.9854E-012
4151 1.9941E-012
4154 1.9372E-012
4157 1.9324E-012
4159 2.0063E-012
4162 2.0799E-012
4165 2.0982E-012
4168 2.0292E-012
4170 1.9739E-012
4173 1.8489E-012
4176 1.8608E-012
4179 1.9045E-012
4181 1.9253E-012
4184 1.9166E-012
4187 1.9076E-012
4190 1.9435E-012
4192 1.9895E-012
4195 1.9716E-012
4198 1.8597E-012
4201 1.8107E-012
4203 1.8648E-012
4206 1.9887E-012
4209 2.0686E-012
4212 2.0763E-012
4214 2.0486E-012
4217 2.0086E-012
4220 2.0335E-012
4223 1.9833E-012
4225 1.7401E-012
4228 1.7064E-012
4231 1.9400E-012
4234 1.9616E-012
4236 1.8776E-012
4239 1.8779E-012
4242 1.9586E-012
4245 2.0022E-012
4247 1.9403E-012
4250 1.8406E-012
4253 1.8940E-012
4256 1.9008E-012
4258 1.8815E-012
4261 1.8146E-012
4264 1.9461E-012
4267 1.9971E-012
4269 1.8584E-012
4272 1.6799E-012
4275 1.7119E-012
4278 1.8732E-012
4280 1.8818E-012
4283 1.8633E-012
4286 1.8036E-012
4289 1.7148E-012
4291 1.6693E-012
4294 1.7213E-012
4297 1.6236E-012
4300 1.4103E-012
4302 1.3241E-012
4305 1.3305E-012
4308 1.2959E-012
4311 1.3275E-012
4313 1.5339E-012
4316 1.8979E-012
4319 2.0995E-012
4322 2.0294E-012
4324 1.7922E-012
4327 1.7406E-012
4330 1.9687E-012
4333 2.0587E-012
4335 2.0340E-012
4338 1.8049E-012
4341 1.6110E-012
4344 1.7439E-012
4346 1.9405E-012
4349 2.0262E-012
4352 1.9531E-012
4355 1.9417E-012
4357 2.0160E-012
4360 2.0559E-012
4363 2.1365E-012
4366 2.1787E-012
4368 2.1037E-012
4371 2.0386E-012
4374 1.9775E-012
4377 1.9521E-012
4379 2.0089E-012
4382 1.8925E-012
4385 1.6739E-012
4388 1.7897E-012
4390 1.8742E-012
4393 1.9518E-012
4396 1.9915E-012
4398 2.0580E-012
4401 1.9940E-012
4404 1.9341E-012
4407 1.9270E-012
4409 2.0354E-012
4412 2.1619E-012
4415 2.1160E-012
4418 2.1099E-012
4420 2.1851E-012
4423 2.1653E-012
4426 2.1680E-012
4429 2.1952E-012
4431 2.1630E-012
4434 2.1192E-012
4437 2.1303E-012
4440 2.2241E-012
4442 2.1777E-012
4445 2.1974E-012
4448 2.2494E-012
4451 2.2291E-012
4453 2.1713E-012
4456 2.0390E-012
4459 2.0130E-012
4462 2.0289E-012
4464 2.1168E-012
4467 2.1681E-012
4470 2.1844E-012
4473 2.2598E-012
4475 2.3340E-012
4478 2.3403E-012
4481 2.2246E-012
4484 2.2190E-012
4486 2.3038E-012
4489 2.2706E-012
4492 2.2473E-012
4495 2.2492E-012
4497 2.2816E-012
4500 2.3467E-012
4503 2.3947E-012
4506 2.4533E-012
4508 2.4706E-012
4511 2.4497E-012
4514 2.3915E-012
4517 2.3417E-012
4519 2.3456E-012
4522 2.3458E-012
4525 2.2522E-012
4528 2.1346E-012
4530 2.1074E-012
4533 2.1262E-012
4536 2.1613E-012
4539 2.2663E-012
4541 2.2959E-012
4544 2.3023E-012
4547 2.2572E-012
4550 2.2020E-012
4552 2.2087E-012
4555 2.2279E-012
4558 2.3098E-012
4561 2.3776E-012
4563 2.3505E-012
4566 2.2924E-012
4569 2.3687E-012
4572 2.3702E-012
4574 2.3776E-012
4577 2.3861E-012
4580 2.3075E-012
4583 2.2176E-012
4585 2.2257E-012
4588 2.2819E-012
4591 2.3225E-012
4594 2.2727E-012
4596 2.2501E-012
4599 2.2602E-012
4602 2.2686E-012
4605 2.2999E-012
4607 2.3489E-012
4610 2.3850E-012
4613 2.3703E-012
4616 2.3715E-012
4618 2.3690E-012
4621 2.3820E-012
4624 2.3899E-012
4626 2.4037E-012
4629 2.3984E-012
4632 2.3952E-012
4635 2.3623E-012
4637 2.3159E-012
4640 2.2949E-012
4643 2.3152E-012
4646 2.2476E-012
4648 2.2053E-012
4651 2.2562E-012
4654 2.2876E-012
4657 2.2855E-012
4659 2.3403E-012
4662 2.3228E-012
4665 2.2349E-012
4668 2.1216E-012
4670 2.1664E-012
4673 2.2468E-012
4676 2.2938E-012
4679 2.2716E-012
4681 2.2381E-012
4684 2.2648E-012
4687 2.2728E-012
4690 2.2705E-012
4692 2.2753E-012
4695 2.2956E-012
4698 2.2680E-012
4701 2.2098E-012
4703 2.1603E-012
4706 2.1757E-012
4709 2.1769E-012
4712 2.2262E-012
4714 2.2513E-012
4717 2.3165E-012
4720 2.3758E-012
4723 2.3920E-012
4725 2.3677E-012
4728 2.2684E-012
4731 2.2228E-012
4734 2.2619E-012
4736 2.2797E-012
4739 2.3104E-012
4742 2.3418E-012
4745 2.3686E-012
4747 2.3929E-012
4750 2.3893E-012
4753 2.3451E-012
4756 2.3149E-012
4758 2.3200E-012
4761 2.3145E-012
4764 2.2550E-012
4767 2.2324E-012
4769 2.3060E-012
4772 2.3537E-012
4775 2.3769E-012
4778 2.4049E-012
4780 2.4079E-012
4783 2.3791E-012
4786 2.3345E-012
4788 2.3054E-012
4791 2.3320E-012
4794 2.3901E-012
4797 2.4086E-012
4799 2.3757E-012
4802 2.3468E-012
4805 2.3398E-012
4808 2.3323E-012
4810 2.3308E-012
4813 2.3660E-012
4816 2.3877E-012
4819 2.3989E-012
4821 2.3720E-012
4824 2.3454E-012
4827 2.3375E-012
4830 2.3353E-012
4832 2.3283E-012
4835 2.3257E-012
4838 2.3061E-012
4841 2.2630E-012
4843 2.2601E-012
4846 2.2821E-012
4849 2.2565E-012
4852 2.2413E-012
4854 2.1731E-012
4857 2.0364E-012
4860 1.8543E-012
4863 1.7598E-012
4865 1.9040E-012
4868 2.0367E-012
4871 2.0555E-012
4874 2.0637E-012
4876 2.1444E-012
4879 2.1973E-012
4882 2.2343E-012
4885 2.1979E-012
4887 2.1244E-012
4890 2.1126E-012
4893 2.1825E-012
4896 2.3067E-012
4898 2.3385E-012
4901 2.3221E-012
4904 2.3084E-012
4907 2.3114E-012
4909 2.2580E-012
4912 2.2107E-012
4915 2.2460E-012
4917 2.2015E-012
4920 2.0520E-012
4923 2.0843E-012
4926 2.1794E-012
4928 2.2623E-012
4931 2.2954E-012
4934 2.2298E-012
4937 2.1879E-012
4939 2.2051E-012
4942 2.2688E-012
4945 2.3238E-012
4948 2.3448E-012
4950 2.3618E-012
4953 2.3258E-012
4956 2.2597E-012
4959 2.1998E-012
4961 2.2992E-012
4964 2.3271E-012
4967 2.3016E-012
4970 2.2725E-012
4972 2.3033E-012
4975 2.3305E-012
4978 2.2870E-012
4981 2.2071E-012
4983 2.1420E-012
4986 2.1641E-012
4989 2.2366E-012
4992 2.2598E-012
4994 2.2678E-012
4997 2.2659E-012
5000 2.2216E-012
5003 2.1538E-012
5005 2.1278E-012
5008 2.1251E-012
5011 2.1680E-012
5014 2.1038E-012
5016 2.0646E-012
5019 2.0899E-012
5022 2.1419E-012
5024 2.1671E-012
5027 2.1867E-012
5030 2.2162E-012
5033 2.2498E-012
5035 2.2379E-012
5038 2.1614E-012
5041 2.0999E-012
5044 2.1455E-012
5046 2.2417E-012
5049 2.2275E-012
5052 2.2025E-012
5055 2.2580E-012
5057 2.3136E-012
5060 2.3289E-012
5063 2.3145E-012
5066 2.2493E-012
5068 2.2339E-012
5071 2.2367E-012
5074 2.2220E-012
5077 2.2048E-012
5079 2.1549E-012
5082 2.1190E-012
5085 2.1760E-012
5088 2.2474E-012
5090 2.2689E-012
5093 2.2950E-012
5096 2.2459E-012
5099 2.1724E-012
5101 2.1871E-012
5104 2.2196E-012
5107 2.2067E-012
5109 2.1801E-012
5112 2.2206E-012
5115 2.2755E-012
5118 2.2933E-012
5120 2.2699E-012
5123 2.1897E-012
5126 2.1324E-012
5129 2.1376E-012
5131 2.1616E-012
5134 2.1721E-012
5137 2.1550E-012
5140 2.0954E-012
5142 2.0977E-012
5145 2.1133E-012
5148 2.1202E-012
5151 2.1343E-012
5153 2.1383E-012
5156 2.1536E-012
5159 2.1872E-012
5162 2.1601E-012
5164 2.0264E-012
5167 1.8429E-012
5170 1.7645E-012
5173 1.7984E-012
5175 1.9298E-012
5178 2.1100E-012
5181 2.0688E-012
5184 1.8709E-012
5186 1.8898E-012
5189 2.0405E-012
5192 2.0839E-012
5194 2.0703E-012
5197 2.1070E-012
5200 2.1696E-012
5203 2.1635E-012
5205 2.1165E-012
5208 2.0896E-012
5211 2.1344E-012
5214 2.1679E-012
5216 2.1629E-012
5219 2.1749E-012
5222 2.2083E-012
5225 2.1329E-012
5227 2.0312E-012
5230 2.0878E-012
5233 2.1147E-012
5236 2.1488E-012
5238 2.2236E-012
5241 2.2527E-012
5244 2.2487E-012
5247 2.2310E-012
5249 2.1875E-012
5252 2.1840E-012
5255 2.1908E-012
5258 2.2130E-012
5260 2.2044E-012
5263 2.0526E-012
5266 1.9253E-012
5268 1.9104E-012
5271 1.9294E-012
5274 2.0467E-012
5277 2.1064E-012
5279 2.1843E-012
5282 2.1589E-012
5285 2.1746E-012
5288 2.2630E-012
5290 2.2981E-012
5293 2.2888E-012
5296 2.2093E-012
5299 2.1509E-012
5301 2.1846E-012
5304 2.2412E-012
5307 2.2825E-012
5310 2.3072E-012
5312 2.3080E-012
5315 2.2661E-012
5318 2.2298E-012
5321 2.2257E-012
5323 2.1663E-012
5326 2.0936E-012
5329 2.0350E-012
5332 2.1302E-012
5334 2.1977E-012
5337 2.2119E-012
5340 2.1674E-012
5342 2.1587E-012
5345 2.1917E-012
5348 2.1954E-012
5351 2.2120E-012
5353 2.2655E-012
5356 2.2903E-012
5359 2.3136E-012
5362 2.2701E-012
5364 2.2047E-012
5367 2.1635E-012
5370 2.1196E-012
5373 2.1214E-012
5375 2.2120E-012
5378 2.2337E-012
5381 2.2186E-012
5384 2.1996E-012
5386 2.2239E-012
5389 2.2018E-012
5392 2.1530E-012
5395 2.1344E-012
5397 2.1070E-012
5400 2.1004E-012
5403 2.0877E-012
5405 2.0347E-012
5408 2.0648E-012
5411 2.0992E-012
5414 2.1450E-012
5416 2.1729E-012
5419 2.1827E-012
5422 2.1636E-012
5425 2.1452E-012
5427 2.1705E-012
5430 2.1567E-012
5433 2.1356E-012
5436 2.1207E-012
5438 2.1959E-012
5441 2.2310E-012
5444 2.2087E-012
5447 2.1422E-012
5449 2.1770E-012
5451 2.1749E-012
5456 2.1630E-012
5461 2.1800E-012
5466 2.1620E-012
5471 2.1621E-012
5476 2.1326E-012
5480 2.1176E-012
5485 2.1442E-012
5490 2.1566E-012
5495 2.1735E-012
5500 2.1661E-012
5505 2.1568E-012
5510 2.1457E-012
5515 2.1446E-012
5519 2.1788E-012
5524 2.1847E-012
5529 2.1279E-012
5534 2.1435E-012
5539 2.1566E-012
5544 2.1576E-012
5549 2.1855E-012
5553 2.1941E-012
5558 2.1525E-012
5563 2.1361E-012
5568 2.1119E-012
5573 2.1081E-012
5578 2.1139E-012
5583 2.1148E-012
5588 2.0702E-012
5592 2.0527E-012
5597 2.0612E-012
5602 2.0718E-012
5607 2.1262E-012
5612 2.1570E-012
5617 2.0855E-012
5622 2.0887E-012
5627 2.1053E-012
5631 2.1513E-012
5636 2.1107E-012
5641 2.0868E-012
5646 2.1095E-012
5651 2.1121E-012
5656 2.0824E-012
5661 2.0675E-012
5666 2.0900E-012
5670 2.1166E-012
5675 2.1393E-012
5680 2.1048E-012
5685 2.0991E-012
5690 2.0930E-012
5695 2.1159E-012
5700 2.1011E-012
5705 2.0865E-012
5709 2.0337E-012
5714 2.0569E-012
5719 2.1296E-012
5724 2.1599E-012
5729 2.1579E-012
5734 2.1513E-012
5739 2.1583E-012
5744 2.1566E-012
5748 2.1337E-012
5753 2.1088E-012
5758 2.1010E-012
5763 2.0974E-012
5768 2.1404E-012
5773 2.1385E-012
5778 2.1273E-012
5783 2.0971E-012
5787 2.0720E-012
5792 2.0927E-012
5797 2.1068E-012
5802 2.1177E-012
5807 2.1011E-012
5812 2.1085E-012
5817 2.1206E-012
5822 2.1402E-012
5826 2.1429E-012
5831 2.1317E-012
5836 2.1198E-012
5841 2.1234E-012
5846 2.1271E-012
5851 2.1033E-012
5856 2.0558E-012
5861 2.0255E-012
5865 2.0709E-012
5870 2.0902E-012
5875 2.1111E-012
5880 2.0919E-012
5885 2.0586E-012
5890 1.9674E-012
5895 1.9201E-012
5900 1.9655E-012
5904 2.0521E-012
5909 2.0707E-012
5914 2.0776E-012
5919 2.0689E-012
5924 2.0982E-012
5929 2.0542E-012
5934 2.0687E-012
5939 2.0801E-012
5943 2.0853E-012
5948 2.0594E-012
5953 2.0582E-012
5958 2.0689E-012
5963 2.0712E-012
5968 2.0813E-012
5973 2.0792E-012
5978 2.0577E-012
5982 2.0376E-012
5987 2.0354E-012
5992 2.0479E-012
5997 2.0377E-012
6002 2.0378E-012
6007 2.0111E-012
6012 2.0040E-012
6017 1.9978E-012
6021 1.9926E-012
6026 2.0080E-012
6031 2.0311E-012
6036 2.0464E-012
6041 2.0514E-012
6046 2.0751E-012
6051 2.0586E-012
6056 2.0309E-012
6060 2.0175E-012
6065 2.0107E-012
6070 2.0172E-012
6075 2.0081E-012
6080 1.9968E-012
6085 1.9981E-012
6090 1.9800E-012
6095 1.9788E-012
6099 1.9871E-012
6104 1.9666E-012
6109 1.9921E-012
6114 1.9879E-012
6119 1.9793E-012
6124 1.9595E-012
6129 1.9418E-012
6134 1.9584E-012
6138 1.9256E-012
6143 1.9367E-012
6148 1.9540E-012
6153 1.9416E-012
6158 1.9260E-012
6163 1.8900E-012
6168 1.8858E-012
6173 1.9054E-012
6178 1.9467E-012
6182 1.9636E-012
6187 1.9619E-012
6192 1.9460E-012
6197 1.9605E-012
6202 1.9709E-012
6207 1.9833E-012
6212 1.9680E-012
6217 1.9409E-012
6221 1.9263E-012
6226 1.9383E-012
6231 1.9220E-012
6236 1.9287E-012
6241 1.9130E-012
6246 1.8873E-012
6251 1.8977E-012
6256 1.8774E-012
6260 1.8956E-012
6265 1.9212E-012
6270 1.9257E-012
6275 1.9349E-012
6280 1.9419E-012
6285 1.9412E-012
6290 1.9390E-012
6295 1.9212E-012
6299 1.9151E-012
6304 1.8974E-012
6309 1.9052E-012
6314 1.8797E-012
6319 1.8569E-012
6324 1.8649E-012
6329 1.8683E-012
6334 1.8701E-012
6339 1.8559E-012
6343 1.8753E-012
6348 1.8755E-012
6353 1.8872E-012
6358 1.8767E-012
6363 1.8724E-012
6368 1.8781E-012
6373 1.8882E-012
6378 1.9089E-012
6382 1.9060E-012
6387 1.8971E-012
6392 1.8998E-012
6397 1.8603E-012
6402 1.8671E-012
6407 1.8626E-012
6412 1.8389E-012
6417 1.8490E-012
6421 1.8417E-012
6426 1.8565E-012
6431 1.8612E-012
6436 1.8567E-012
6441 1.8497E-012
6446 1.8666E-012
6451 1.8280E-012
6456 1.8347E-012
6460 1.8373E-012
6465 1.8256E-012
6470 1.8482E-012
6475 1.8537E-012
6480 1.8503E-012
6485 1.8282E-012
6490 1.8400E-012
6495 1.7768E-012
6500 1.7796E-012
6504 1.8226E-012
6509 1.8493E-012
6514 1.8497E-012
6519 1.8373E-012
6524 1.8334E-012
6529 1.8290E-012
6534 1.8339E-012
6539 1.8366E-012
6543 1.8312E-012
6548 1.7944E-012
6553 1.7505E-012
6558 1.6353E-012
6563 1.5378E-012
6568 1.5986E-012
6573 1.7061E-012
6578 1.7572E-012
6583 1.7870E-012
6587 1.7875E-012
6592 1.7970E-012
6597 1.7838E-012
6602 1.8009E-012
6607 1.8003E-012
6612 1.8095E-012
6617 1.8145E-012
6622 1.8234E-012
6626 1.8068E-012
6631 1.8022E-012
6636 1.7842E-012
6641 1.7979E-012
6646 1.8016E-012
6651 1.8078E-012
6656 1.8106E-012
6661 1.7987E-012
6665 1.7822E-012
6670 1.7908E-012
6675 1.7963E-012
6680 1.7931E-012
6685 1.8024E-012
6690 1.8039E-012
6695 1.7964E-012
6700 1.7878E-012
6705 1.7810E-012
6709 1.7768E-012
6714 1.7658E-012
6719 1.7473E-012
6724 1.7702E-012
6729 1.7785E-012
6734 1.7707E-012
6739 1.7635E-012
6744 1.7759E-012
6748 1.7761E-012
6753 1.7614E-012
6758 1.7618E-012
6763 1.7586E-012
6768 1.7698E-012
6773 1.7653E-012
6778 1.7723E-012
6783 1.7654E-012
6788 1.7473E-012
6792 1.7581E-012
6797 1.7478E-012
6802 1.7556E-012
6807 1.7476E-012
6812 1.7434E-012
6817 1.7510E-012
6822 1.7494E-012
6827 1.7521E-012
6831 1.7475E-012
6836 1.7290E-012
6841 1.7135E-012
6846 1.7056E-012
6851 1.7205E-012
6856 1.7209E-012
6861 1.7047E-012
6866 1.7138E-012
6871 1.7182E-012
6875 1.7172E-012
6880 1.7268E-012
6885 1.7065E-012
6890 1.7257E-012
6895 1.7322E-012
6900 1.7311E-012
6905 1.7069E-012
6910 1.7143E-012
6914 1.6972E-012
6919 1.7063E-012
6924 1.6943E-012
6929 1.6907E-012
6934 1.7065E-012
6939 1.6994E-012
6944 1.7026E-012
6949 1.6938E-012
6954 1.6838E-012
6958 1.6871E-012
6963 1.6883E-012
6968 1.6899E-012
6973 1.6775E-012
6978 1.6580E-012
6983 1.6652E-012
6988 1.6794E-012
6993 1.6822E-012
6997 1.6687E-012
7002 1.6669E-012
7007 1.6379E-012
7012 1.6407E-012
7017 1.6294E-012
7022 1.6252E-012
7027 1.6373E-012
7032 1.6408E-012
7037 1.6414E-012
7041 1.6352E-012
7046 1.6548E-012
7051 1.6531E-012
7056 1.6496E-012
7061 1.6505E-012
7066 1.6459E-012
7071 1.6408E-012
7076 1.6481E-012
7080 1.6399E-012
7085 1.6333E-012
7090 1.6250E-012
7095 1.6340E-012
7100 1.6324E-012
7105 1.6395E-012
7110 1.6399E-012
7115 1.6210E-012
7120 1.6152E-012
7124 1.6086E-012
7129 1.6148E-012
7134 1.6055E-012
7139 1.6214E-012
7144 1.6223E-012
7149 1.6049E-012
7154 1.6120E-012
7159 1.6046E-012
7163 1.5909E-012
7168 1.5900E-012
7173 1.6060E-012
7178 1.5944E-012
7183 1.5699E-012
7188 1.5610E-012
7193 1.5644E-012
7198 1.5669E-012
7203 1.5741E-012
7207 1.5667E-012
7212 1.5638E-012
7217 1.5804E-012
7222 1.5658E-012
7227 1.5744E-012
7232 1.5832E-012
7237 1.5849E-012
7242 1.5773E-012
7247 1.5861E-012
7251 1.5721E-012
7256 1.5698E-012
7261 1.5680E-012
7266 1.5737E-012
7271 1.5788E-012
7276 1.5733E-012
7281 1.5543E-012
7286 1.5456E-012
7290 1.5191E-012
7295 1.5367E-012
7300 1.5506E-012
7305 1.5425E-012
7310 1.5328E-012
7315 1.5478E-012
7320 1.5488E-012
7325 1.5480E-012
7330 1.5356E-012
7334 1.5421E-012
7339 1.5501E-012
7344 1.5453E-012
7349 1.5424E-012
7354 1.5358E-012
7359 1.5208E-012
7364 1.5297E-012
7369 1.5291E-012
7374 1.5348E-012
7378 1.5229E-012
7383 1.5239E-012
7388 1.4978E-012
7393 1.4904E-012
7398 1.5065E-012
7403 1.5003E-012
7408 1.4947E-012
7413 1.4784E-012
7417 1.4863E-012
7422 1.4849E-012
7427 1.5019E-012
7432 1.5099E-012
7437 1.5070E-012
7442 1.5009E-012
7447 1.4986E-012
7452 1.5038E-012
7457 1.5172E-012
7461 1.5014E-012
7466 1.5016E-012
7471 1.5097E-012
7476 1.4990E-012
7481 1.5000E-012
7486 1.4967E-012
7491 1.4949E-012
7496 1.4791E-012
7500 1.4825E-012
7505 1.4858E-012
7510 1.4752E-012
7515 1.4807E-012
7520 1.4901E-012
7525 1.4775E-012
7530 1.4726E-012
7535 1.4733E-012
7540 1.4835E-012
7544 1.4879E-012
7549 1.4854E-012
7554 1.4675E-012
7559 1.4671E-012
7564 1.4805E-012
7569 1.4789E-012
7574 1.4622E-012
7579 1.4667E-012
7584 1.4610E-012
7588 1.4574E-012
7593 1.4624E-012
7598 1.4583E-012
7603 1.4589E-012
7608 1.4550E-012
7613 1.4487E-012
7618 1.4493E-012
7623 1.4518E-012
7627 1.4631E-012
7632 1.4581E-012
7637 1.4655E-012
7642 1.4618E-012
7647 1.4588E-012
7652 1.4503E-012
7657 1.4265E-012
7662 1.3975E-012
7667 1.3976E-012
7671 1.4253E-012
7676 1.4487E-012
7681 1.4408E-012
7686 1.4377E-012
7691 1.4225E-012
7696 1.4249E-012
7701 1.4156E-012
7706 1.4282E-012
7711 1.4190E-012
7715 1.3991E-012
7720 1.4182E-012
7725 1.4270E-012
7730 1.4218E-012
7735 1.4417E-012
7740 1.4292E-012
7745 1.4054E-012
7750 1.3911E-012
7754 1.4006E-012
7759 1.4192E-012
7764 1.4242E-012
7769 1.4218E-012
7774 1.4075E-012
7779 1.4031E-012
7784 1.4052E-012
7789 1.4065E-012
7794 1.4123E-012
7798 1.4029E-012
7803 1.4009E-012
7808 1.4078E-012
7813 1.3974E-012
7818 1.4130E-012
7823 1.4072E-012
7828 1.4040E-012
7833 1.3941E-012
7838 1.3830E-012
7842 1.3971E-012
7847 1.3939E-012
7852 1.3832E-012
7857 1.3969E-012
7862 1.4033E-012
7867 1.4014E-012
7872 1.3891E-012
7877 1.3887E-012
7881 1.3824E-012
7886 1.3844E-012
7891 1.3962E-012
7896 1.4031E-012
7901 1.3842E-012
7906 1.3787E-012
7911 1.3612E-012
7916 1.3491E-012
7921 1.3375E-012
7925 1.3349E-012
7930 1.3324E-012
7935 1.3175E-012
7940 1.3268E-012
7945 1.3121E-012
7950 1.3242E-012
7955 1.3500E-012
7960 1.3403E-012
7965 1.3631E-012
7969 1.3584E-012
7974 1.3576E-012
7979 1.3735E-012
7984 1.3687E-012
7989 1.3539E-012
7994 1.3519E-012
7999 1.3369E-012
8004 1.3283E-012
8008 1.3476E-012
8013 1.3532E-012
8018 1.3498E-012
8023 1.3479E-012
8028 1.3402E-012
8033 1.3410E-012
8038 1.3302E-012
8043 1.3286E-012
8048 1.3138E-012
8052 1.3166E-012
8057 1.3221E-012
8062 1.3271E-012
8067 1.3177E-012
8072 1.3125E-012
8077 1.3033E-012
8082 1.3030E-012
8087 1.2890E-012
8092 1.2999E-012
8096 1.2958E-012
8101 1.2873E-012
8106 1.3005E-012
8111 1.3006E-012
8116 1.3077E-012
8121 1.3122E-012
8126 1.3113E-012
8131 1.3147E-012
8135 1.3190E-012
8140 1.3024E-012
8145 1.2976E-012
8150 1.3063E-012
8155 1.2973E-012
8160 1.3044E-012
8165 1.2984E-012
8170 1.2982E-012
8175 1.2910E-012
8179 1.2898E-012
8184 1.2783E-012
8189 1.2577E-012
8194 1.2684E-012
8199 1.2509E-012
8204 1.2566E-012
8209 1.2536E-012
8214 1.2561E-012
8219 1.2583E-012
8223 1.2554E-012
8228 1.2657E-012
8233 1.2724E-012
8238 1.2542E-012
8243 1.2705E-012
8248 1.2711E-012
8253 1.2663E-012
8258 1.2723E-012
8262 1.2662E-012
8267 1.2530E-012
8272 1.2631E-012
8277 1.2623E-012
8282 1.2676E-012
8287 1.2614E-012
8292 1.2589E-012
8297 1.2484E-012
8302 1.2523E-012
8306 1.2453E-012
8311 1.2399E-012
8316 1.2423E-012
8321 1.2503E-012
8326 1.2332E-012
8331 1.2214E-012
8336 1.2189E-012
8341 1.2188E-012
8346 1.2169E-012
8350 1.2160E-012
8355 1.2265E-012
8360 1.2286E-012
8365 1.2201E-012
8370 1.2208E-012
8375 1.2203E-012
8380 1.2344E-012
8385 1.2275E-012
8389 1.2250E-012
8394 1.2263E-012
8399 1.2389E-012
8404 1.2372E-012
8409 1.2255E-012
8414 1.2300E-012
8419 1.2279E-012
8424 1.2178E-012
8429 1.2125E-012
8433 1.2134E-012
8438 1.2041E-012
8443 1.1926E-012
8448 1.1959E-012
8453 1.1994E-012
8458 1.2040E-012
8463 1.2065E-012
8468 1.2124E-012
8473 1.2011E-012
8477 1.2040E-012
8482 1.2088E-012
8487 1.1971E-012
8492 1.1778E-012
8497 1.1386E-012
8502 1.0998E-012
8507 1.1487E-012
8512 1.1774E-012
8516 1.1606E-012
8521 1.1642E-012
8526 1.1649E-012
8531 1.1440E-012
8536 1.1098E-012
8541 1.0270E-012
8546 1.0055E-012
8551 1.0683E-012
8556 1.1209E-012
8560 1.1490E-012
8565 1.1720E-012
8570 1.1929E-012
8575 1.1849E-012
8580 1.1917E-012
8585 1.1739E-012
8590 1.1657E-012
8595 1.1615E-012
8599 1.1590E-012
8604 1.1670E-012
8609 1.1617E-012
8614 1.1577E-012
8619 1.1596E-012
8624 1.1767E-012
8629 1.1728E-012
8634 1.1680E-012
8639 1.1658E-012
8643 1.1677E-012
8648 1.1374E-012
8653 1.1228E-012
8658 1.0833E-012
8663 9.9625E-013
8668 1.0190E-012
8673 1.0901E-012
8678 1.0980E-012
8682 1.1214E-012
8687 1.1279E-012
8692 1.1291E-012
8697 1.1423E-012
8702 1.1332E-012
8707 1.1472E-012
8712 1.1349E-012
8717 1.1244E-012
8722 1.1391E-012
8726 1.1360E-012
8731 1.1310E-012
8736 1.1354E-012
8741 1.1308E-012
8746 1.1261E-012
8751 1.1183E-012
8756 1.1251E-012
8761 1.1349E-012
8766 1.1341E-012
8770 1.1349E-012
8775 1.1306E-012
8780 1.1366E-012
8785 1.1302E-012
8790 1.1180E-012
8795 1.1020E-012
8800 1.1186E-012
8805 1.1043E-012
8809 1.0872E-012
8814 1.1205E-012
8819 1.1262E-012
8824 1.1237E-012
8829 1.1191E-012
8834 1.1262E-012
8839 1.1202E-012
8844 1.1116E-012
8849 1.1255E-012
8853 1.1105E-012
8858 1.1165E-012
8863 1.0931E-012
8868 1.0882E-012
8873 1.0992E-012
8878 1.1064E-012
8883 1.1149E-012
8888 1.1143E-012
8892 1.1126E-012
8897 1.0993E-012
8902 1.0971E-012
8907 1.1018E-012
8912 1.0950E-012
8917 1.0966E-012
8922 1.0965E-012
8927 1.0979E-012
8932 1.0955E-012
8936 1.0904E-012
8941 1.1019E-012
8946 1.0770E-012
8951 1.0959E-012
8956 1.1003E-012
8961 1.1113E-012
8966 1.0958E-012
8971 1.0917E-012
8975 1.0924E-012
8980 1.0973E-012
8985 1.1026E-012
8990 1.0875E-012
8995 1.0953E-012
9000 1.0680E-012
9005 1.0710E-012
9010 1.0563E-012
9014 1.0396E-012
9019 1.0528E-012
9024 1.0580E-012
9029 1.0773E-012
9034 1.0787E-012
9039 1.0913E-012
9044 1.0842E-012
9049 1.0767E-012
9054 1.0833E-012
9058 1.0636E-012
9063 1.0522E-012
9068 1.0633E-012
9073 1.0617E-012
9078 1.0651E-012
9083 1.0658E-012
9088 1.0482E-012
9093 1.0346E-012
9097 1.0421E-012
9102 1.0485E-012
9107 1.0522E-012
9112 1.0642E-012
9117 1.0584E-012
9122 1.0561E-012
9127 1.0629E-012
9132 1.0622E-012
9137 1.0651E-012
9141 1.0575E-012
9146 1.0606E-012
9151 1.0567E-012
9156 1.0614E-012
9161 1.0614E-012
9166 1.0588E-012
9171 1.0388E-012
9176 1.0336E-012
9180 1.0357E-012
9185 1.0427E-012
9190 1.0564E-012
9195 1.0503E-012
9200 1.0443E-012
9205 1.0388E-012
9210 1.0230E-012
9215 1.0126E-012
9219 9.9995E-013
9224 1.0114E-012
9229 1.0082E-012
9234 1.0009E-012
9239 1.0071E-012
9244 1.0022E-012
9249 1.0018E-012
9254 1.0091E-012
9259 9.9687E-013
9263 1.0111E-012
9268 1.0182E-012
9273 1.0268E-012
9278 1.0282E-012
9283 1.0266E-012
9288 1.0278E-012
9293 1.0324E-012
9298 1.0373E-012
9302 1.0296E-012
9307 1.0231E-012
9312 1.0112E-012
9317 1.0064E-012
9322 1.0010E-012
9327 1.0123E-012
9332 1.0132E-012
9337 1.0137E-012
9341 1.0146E-012
9346 1.0016E-012
9351 1.0011E-012
9356 9.9496E-013
9361 9.9952E-013
9366 1.0037E-012
9371 1.0054E-012
9376 1.0034E-012
9381 9.9406E-013
9385 9.8568E-013
9390 9.8062E-013
9395 9.8502E-013
9400 9.8242E-013
9405 9.7745E-013
9410 9.6890E-013
9415 9.6462E-013
9420 9.5541E-013
9424 9.6508E-013
9429 9.7315E-013
9434 9.6323E-013
9439 9.6301E-013
9444 9.7457E-013
9449 9.7315E-013
9454 9.8282E-013
9459 9.8185E-013
9463 9.8743E-013
9468 9.9629E-013
9473 9.9888E-013
9478 9.9933E-013
9483 9.9113E-013
9488 9.7877E-013
9493 9.8234E-013
9498 9.7937E-013
9502 9.7752E-013
9507 9.7544E-013
9512 9.7972E-013
9517 9.7377E-013
9522 9.7246E-013
9527 9.6507E-013
9532 9.6293E-013
9537 9.6681E-013
9542 9.5181E-013
9546 9.4047E-013
9551 9.4607E-013
9556 9.5393E-013
9561 9.4872E-013
9566 9.5844E-013
9571 9.5882E-013
9576 9.4345E-013
9581 9.5026E-013
9585 9.4953E-013
9590 9.5833E-013
9595 9.5631E-013
9600 9.6280E-013
9605 9.6118E-013
9610 9.6271E-013
9615 9.6368E-013
9620 9.5931E-013
9624 9.5745E-013
9629 9.4803E-013
9634 9.4675E-013
9639 9.3743E-013
9644 9.3133E-013
9649 9.3320E-013
9654 9.3376E-013
9659 9.1606E-013
9663 9.1874E-013
9668 9.2575E-013
9673 9.3620E-013
9678 9.3316E-013
9683 9.4150E-013
9688 9.3344E-013
9693 9.3332E-013
9698 9.4985E-013
9702 9.4839E-013
9707 9.3927E-013
9712 9.2615E-013
9717 9.2309E-013
9722 9.2564E-013
9727 9.2346E-013
9732 9.2960E-013
9737 9.2807E-013
9741 9.2367E-013
9746 9.2969E-013
9751 9.2572E-013
9756 9.3920E-013
9761 9.3170E-013
9766 9.2036E-013
9771 9.2791E-013
9776 9.2601E-013
9780 9.1998E-013
9785 9.1840E-013
9790 9.0433E-013
9795 9.0895E-013
9800 9.0950E-013
9805 9.0960E-013
9810 9.1164E-013
9815 9.0941E-013
9819 9.0996E-013
9824 9.0526E-013
9829 9.0452E-013
9834 9.0873E-013
9839 9.1286E-013
9844 9.1039E-013
9849 9.1418E-013
9854 9.1498E-013
9858 9.1537E-013
9863 9.1129E-013
9868 9.0897E-013
9873 8.9699E-013
9878 9.0251E-013
9883 9.0958E-013
9888 8.9619E-013
9893 8.9748E-013
9897 8.9464E-013
9902 9.0287E-013
9907 8.8690E-013
9912 8.9530E-013
9917 8.9662E-013
9922 8.9002E-013
9927 9.1268E-013
9932 9.0493E-013
9936 9.0218E-013
9941 8.8698E-013
9946 8.9199E-013
9951 8.9395E-013
9956 8.9634E-013
9961 8.9839E-013
9966 8.9867E-013
9971 8.9760E-013
9975 8.9921E-013
9980 8.9580E-013
9985 8.9235E-013
9990 8.9404E-013
9995 8.8697E-013
1E+004 8.8880E-013
1E+004 8.9279E-013
1.001E+004 8.9614E-013
1.001E+004 8.8504E-013
1.002E+004 8.8209E-013
1.002E+004 8.7581E-013
1.003E+004 8.7304E-013
1.003E+004 8.6799E-013
1.004E+004 8.6404E-013
1.004E+004 8.6285E-013
1.005E+004 8.5154E-013
1.005E+004 8.4989E-013
1.006E+004 8.5556E-013
1.006E+004 8.6109E-013
1.007E+004 8.5051E-013
1.007E+004 8.5769E-013
1.008E+004 8.7150E-013
1.008E+004 8.6878E-013
1.009E+004 8.7368E-013
1.009E+004 8.6284E-013
1.01E+004 8.6468E-013
1.01E+004 8.7546E-013
1.011E+004 8.5750E-013
1.011E+004 8.6673E-013
1.012E+004 8.6070E-013
1.013E+004 8.5923E-013
1.018E+004 8.4312E-013
1.023E+004 8.3982E-013
1.028E+004 8.3668E-013
1.033E+004 8.2107E-013
1.038E+004 8.1371E-013
1.043E+004 8.0850E-013
1.048E+004 7.9547E-013
1.053E+004 7.9208E-013
1.058E+004 7.8211E-013
1.063E+004 7.7387E-013
1.068E+004 7.5470E-013
1.073E+004 7.5138E-013
1.078E+004 7.4567E-013
1.083E+004 7.3073E-013
1.088E+004 7.2529E-013
1.093E+004 7.0903E-013
1.098E+004 7.0097E-013
1.103E+004 7.0380E-013
1.108E+004 7.0105E-013
1.113E+004 6.9251E-013
1.118E+004 6.8643E-013
1.123E+004 6.8210E-013
1.128E+004 6.6702E-013
1.133E+004 6.6501E-013
1.138E+004 6.5883E-013
1.143E+004 6.4909E-013
1.148E+004 6.5536E-013
1.153E+004 6.4895E-013
1.158E+004 6.3978E-013
1.163E+004 6.2572E-013
1.168E+004 6.2344E-013
1.173E+004 6.2634E-013
1.178E+004 6.1149E-013
1.183E+004 6.0719E-013
1.188E+004 5.9877E-013
1.193E+004 6.0532E-013
1.198E+004 5.8481E-013
1.203E+004 5.8796E-013
1.208E+004 5.7964E-013
1.213E+004 5.7903E-013
1.218E+004 5.7948E-013
1.223E+004 5.7343E-013
1.228E+004 5.6668E-013
1.233E+004 5.6215E-013
1.238E+004 5.5823E-013
1.243E+004 5.5090E-013
1.248E+004 5.4915E-013
1.253E+004 5.4198E-013
1.258E+004 5.3697E-013
1.263E+004 5.3251E-013
1.268E+004 5.2678E-013
1.273E+004 5.2580E-013
1.278E+004 5.2127E-013
1.283E+004 4.8941E-013
1.288E+004 5.0882E-013
1.293E+004 5.0465E-013
1.298E+004 5.0324E-013
1.303E+004 4.9580E-013
1.308E+004 4.9514E-013
1.313E+004 4.8534E-013
1.318E+004 4.8265E-013
1.323E+004 4.8225E-013
1.328E+004 4.7387E-013
1.333E+004 4.7197E-013
1.338E+004 4.6825E-013
1.343E+004 4.6619E-013
1.348E+004 4.6234E-013
1.353E+004 4.5771E-013
1.358E+004 4.5021E-013
1.363E+004 4.4853E-013
1.368E+004 4.4409E-013
1.373E+004 4.4095E-013
1.378E+004 4.3712E-013
1.383E+004 4.3495E-013
1.388E+004 4.3240E-013
1.393E+004 4.2911E-013
1.398E+004 4.2602E-013
1.403E+004 4.1833E-013
1.408E+004 4.1807E-013
1.413E+004 4.1003E-013
1.418E+004 4.1016E-013
1.423E+004 4.0166E-013
1.428E+004 3.9654E-013
1.433E+004 3.9810E-013
1.438E+004 3.9701E-013
1.443E+004 3.8488E-013
1.448E+004 3.8952E-013
1.453E+004 3.8212E-013
1.457E+004 3.8245E-013
1.462E+004 3.7877E-013
1.468E+004 3.7707E-013
1.473E+004 3.6924E-013
1.478E+004 3.6751E-013
1.483E+004 3.6628E-013
1.488E+004 3.5845E-013
1.493E+004 3.6506E-013
1.498E+004 3.5915E-013
1.503E+004 3.5046E-013
1.508E+004 3.4819E-013
1.513E+004 3.5137E-013
1.518E+004 3.4965E-013
1.523E+004 3.4469E-013
1.528E+004 3.4436E-013
1.533E+004 3.4014E-013
1.538E+004 3.3906E-013
1.543E+004 3.3507E-013
1.548E+004 3.3302E-013
1.553E+004 3.2899E-013
1.558E+004 3.2402E-013
1.563E+004 3.2662E-013
1.568E+004 3.1858E-013
1.573E+004 3.1637E-013
1.578E+004 3.0875E-013
1.583E+004 3.1174E-013
1.588E+004 2.9630E-013
1.593E+004 3.0375E-013
1.598E+004 3.0677E-013
1.605E+004 3.0134E-013
1.615E+004 2.9082E-013
1.625E+004 2.9544E-013
1.635E+004 2.8599E-013
1.645E+004 2.7521E-013
1.655E+004 2.7908E-013
1.665E+004 2.7423E-013
1.675E+004 2.6449E-013
1.685E+004 2.5390E-013
1.695E+004 2.5947E-013
1.705E+004 2.5117E-013
1.715E+004 2.4778E-013
1.725E+004 2.4017E-013
1.735E+004 2.2655E-013
1.745E+004 2.3035E-013
1.755E+004 2.2793E-013
1.765E+004 2.2344E-013
1.775E+004 2.1911E-013
1.785E+004 2.1540E-013
1.795E+004 2.1163E-013
1.805E+004 2.0671E-013
1.815E+004 1.9615E-013
1.825E+004 1.9709E-013
1.835E+004 1.9500E-013
1.845E+004 1.8995E-013
1.855E+004 1.8762E-013
1.865E+004 1.8215E-013
1.875E+004 1.7172E-013
1.885E+004 1.7602E-013
1.895E+004 1.6973E-013
1.905E+004 1.7110E-013
1.915E+004 1.6767E-013
1.925E+004 1.6427E-013
1.935E+004 1.6010E-013
1.945E+004 1.5129E-013
1.955E+004 1.5530E-013
1.965E+004 1.5226E-013
1.975E+004 1.4925E-013
1.985E+004 1.4714E-013
1.995E+004 1.4476E-013
2.005E+004 1.4298E-013
2.015E+004 1.4106E-013
2.025E+004 1.3716E-013
2.035E+004 1.3432E-013
2.045E+004 1.3367E-013
2.055E+004 1.3082E-013
2.065E+004 1.2795E-013
2.075E+004 1.2635E-013
2.085E+004 1.2401E-013
2.095E+004 1.2118E-013
2.105E+004 1.2029E-013
2.115E+004 1.1777E-013
2.125E+004 1.1564E-013
2.135E+004 1.1425E-013
2.145E+004 1.1245E-013
2.155E+004 1.1058E-013
2.165E+004 1.0431E-013
2.175E+004 1.0596E-013
2.185E+004 1.0449E-013
2.195E+004 1.0358E-013
2.205E+004 1.0089E-013
2.215E+004 9.9963E-014
2.225E+004 9.8226E-014
2.235E+004 9.6706E-014
2.245E+004 9.5043E-014
2.255E+004 9.3300E-014
2.265E+004 9.1771E-014
2.275E+004 9.0754E-014
2.285E+004 8.8741E-014
2.295E+004 8.6242E-014
2.305E+004 8.5954E-014
2.315E+004 8.4500E-014
2.325E+004 8.1446E-014
2.335E+004 8.1177E-014
2.345E+004 8.0752E-014
2.355E+004 7.7317E-014
2.365E+004 7.7670E-014
2.375E+004 7.6392E-014
2.385E+004 7.3591E-014
2.395E+004 7.3902E-014
2.405E+004 7.3158E-014
2.415E+004 7.0548E-014
2.425E+004 7.0395E-014
2.435E+004 6.9447E-014
2.445E+004 6.7992E-014
2.455E+004 6.6544E-014
2.465E+004 6.6619E-014
2.475E+004 6.5175E-014
2.485E+004 6.3633E-014
2.495E+004 6.3492E-014
2.505E+004 6.2883E-014
2.515E+004 6.1419E-014
2.525E+004 6.1046E-014
2.535E+004 6.0214E-014
2.545E+004 5.8928E-014
2.555E+004 5.8136E-014
2.565E+004 5.7214E-014
2.575E+004 5.7113E-014
2.585E+004 5.5308E-014
2.595E+004 5.5287E-014
2.605E+004 5.4696E-014
2.615E+004 5.3458E-014
2.625E+004 5.1041E-014
2.635E+004 5.2218E-014
2.645E+004 5.1347E-014
2.655E+004 5.0768E-014
2.665E+004 4.9614E-014
2.675E+004 4.9153E-014
2.685E+004 4.9146E-014
2.695E+004 4.8405E-014
2.705E+004 4.7801E-014
2.715E+004 4.7160E-014
2.725E+004 4.6517E-014
2.735E+004 4.5945E-014
2.745E+004 4.5408E-014
2.755E+004 4.4050E-014
2.765E+004 4.3854E-014
2.775E+004 4.3439E-014
2.785E+004 4.2949E-014
2.795E+004 4.2535E-014
2.805E+004 4.1910E-014
2.815E+004 4.1403E-014
2.825E+004 4.0829E-014
2.835E+004 4.0359E-014
2.845E+004 3.9718E-014
2.855E+004 3.9237E-014
2.865E+004 3.8635E-014
2.875E+004 3.7529E-014
2.885E+004 3.7726E-014
2.895E+004 3.7298E-014
2.905E+004 3.6823E-014
2.915E+004 3.6362E-014
2.925E+004 3.5737E-014
2.935E+004 3.5441E-014
2.945E+004 3.4886E-014
2.955E+004 3.4549E-014
2.965E+004 3.4155E-014
2.975E+004 3.3719E-014
2.985E+004 3.3278E-014
2.995E+004 3.2761E-014
3.005E+004 3.2434E-014
3.015E+004 3.2045E-014
3.025E+004 3.1626E-014
3.035E+004 3.0685E-014
3.045E+004 3.0623E-014
3.055E+004 3.0456E-014
3.065E+004 3.0031E-014
3.075E+004 2.9767E-014
3.085E+004 2.9304E-014
3.095E+004 2.8974E-014
3.105E+004 2.8703E-014
3.115E+004 2.8067E-014
3.125E+004 2.7972E-014
3.135E+004 2.7675E-014
3.145E+004 2.7325E-014
3.155E+004 2.6903E-014
3.165E+004 2.6605E-014
3.175E+004 2.6356E-014
3.185E+004 2.6058E-014
3.195E+004 2.5697E-014
3.21E+004 2.5258E-014
3.23E+004 2.4708E-014
3.25E+004 2.4101E-014
3.27E+004 2.3554E-014
3.29E+004 2.2714E-014
3.31E+004 2.2373E-014
3.33E+004 2.1909E-014
3.35E+004 2.1484E-014
3.37E+004 2.0952E-014
3.39E+004 2.0452E-014
3.41E+004 1.9970E-014
3.43E+004 1.9623E-014
3.45E+004 1.9247E-014
3.47E+004 1.8796E-014
3.49E+004 1.8403E-014
3.51E+004 1.8030E-014
3.53E+004 1.7592E-014
3.55E+004 1.7230E-014
3.57E+004 1.6858E-014
3.59E+004 1.6493E-014
3.61E+004 1.6199E-014
3.63E+004 1.5859E-014
3.65E+004 1.5424E-014
3.67E+004 1.5126E-014
3.69E+004 1.4679E-014
3.71E+004 1.4340E-014
3.73E+004 1.4129E-014
3.75E+004 1.3619E-014
3.77E+004 1.3596E-014
3.79E+004 1.3328E-014
3.81E+004 1.3081E-014
3.83E+004 1.2875E-014
3.85E+004 1.2651E-014
3.87E+004 1.2351E-014
3.89E+004 1.2101E-014
3.91E+004 1.1898E-014
3.93E+004 1.1683E-014
3.95E+004 1.1395E-014
3.97E+004 1.1207E-014
3.99E+004 1.0900E-014
4.01E+004 1.0726E-014
4.03E+004 1.0576E-014
4.05E+004 1.0235E-014
4.07E+004 1.0166E-014
4.09E+004 9.9882E-015
4.11E+004 9.8292E-015
4.13E+004 9.6611E-015
4.15E+004 9.4485E-015
4.17E+004 9.2650E-015
4.19E+004 9.1048E-015
4.21E+004 8.8912E-015
4.23E+004 8.7853E-015
4.25E+004 8.6049E-015
4.27E+004 8.4670E-015
4.29E+004 8.1810E-015
4.31E+004 7.9615E-015
4.33E+004 7.8832E-015
4.35E+004 7.6057E-015
4.37E+004 7.4339E-015
4.39E+004 7.3764E-015
4.41E+004 7.0817E-015
4.43E+004 7.0368E-015
4.45E+004 6.9369E-015
4.47E+004 6.6833E-015
4.49E+004 6.6634E-015
4.51E+004 6.5475E-015
4.53E+004 6.3377E-015
4.55E+004 6.2954E-015
4.57E+004 6.2176E-015
4.59E+004 6.0195E-015
4.61E+004 5.9845E-015
4.63E+004 5.8802E-015
4.65E+004 5.7570E-015
4.67E+004 5.6886E-015
4.69E+004 5.6245E-015
4.71E+004 5.5268E-015
4.73E+004 5.4797E-015
4.75E+004 5.3779E-015
4.77E+004 5.2870E-015
4.79E+004 5.2135E-015
4.81E+004 5.1089E-015
4.83E+004 5.0755E-015
4.85E+004 4.9818E-015
4.87E+004 4.8989E-015
4.89E+004 4.8326E-015
4.91E+004 4.7567E-015
4.93E+004 4.6878E-015
4.95E+004 4.6118E-015
4.97E+004 4.5462E-015
4.99E+004 4.4857E-015
5.01E+004 4.4009E-015
5.03E+004 4.3591E-015
5.05E+004 4.2731E-015
5.07E+004 4.2182E-015
5.09E+004 4.1658E-015
5.11E+004 4.0922E-015
5.13E+004 4.0234E-015
5.15E+004 3.9794E-015
5.17E+004 3.9418E-015
5.19E+004 3.8665E-015
5.21E+004 3.8065E-015
5.23E+004 3.7514E-015
5.25E+004 3.7102E-015
5.27E+004 3.6661E-015
5.29E+004 3.5919E-015
5.31E+004 3.5517E-015
5.33E+004 3.5001E-015
5.35E+004 3.4546E-015
5.37E+004 3.4045E-015
5.39E+004 3.3622E-015
5.41E+004 3.3155E-015
5.43E+004 3.2557E-015
5.45E+004 3.2255E-015
5.47E+004 3.1762E-015
5.49E+004 3.1305E-015
5.51E+004 3.0941E-015
5.53E+004 3.0614E-015
5.55E+004 3.0033E-015
5.57E+004 2.9808E-015
5.59E+004 2.9255E-015
5.61E+004 2.8921E-015
5.63E+004 2.8495E-015
5.65E+004 2.8232E-015
5.67E+004 2.7856E-015
5.69E+004 2.7378E-015
5.71E+004 2.7111E-015
5.73E+004 2.6766E-015
5.75E+004 2.6405E-015
5.77E+004 2.6048E-015
5.79E+004 2.5749E-015
5.81E+004 2.5376E-015
5.83E+004 2.5067E-015
5.85E+004 2.4775E-015
5.87E+004 2.4407E-015
5.89E+004 2.4072E-015
5.91E+004 2.3723E-015
5.93E+004 2.3511E-015
5.95E+004 2.3129E-015
5.97E+004 2.2935E-015
5.99E+004 2.2646E-015
6.01E+004 2.2355E-015
6.03E+004 2.2086E-015
6.05E+004 2.1795E-015
6.07E+004 2.1511E-015
6.09E+004 2.1239E-015
6.11E+004 2.0938E-015
6.13E+004 2.0731E-015
6.15E+004 2.0486E-015
6.17E+004 2.0236E-015
6.19E+004 1.9996E-015
6.21E+004 1.9753E-015
6.23E+004 1.9460E-015
6.25E+004 1.9240E-015
6.27E+004 1.9011E-015
6.29E+004 1.8764E-015
6.31E+004 1.8529E-015
6.33E+004 1.8359E-015
6.35E+004 1.8121E-015
6.37E+004 1.7916E-015
6.39E+004 1.7680E-015
6.42E+004 1.7381E-015
6.46E+004 1.6953E-015
6.5E+004 1.6550E-015
6.54E+004 1.6178E-015
6.58E+004 1.5808E-015
6.62E+004 1.5431E-015
6.66E+004 1.5083E-015
6.7E+004 1.4731E-015
6.74E+004 1.4385E-015
6.78E+004 1.4054E-015
6.82E+004 1.3748E-015
6.86E+004 1.3440E-015
6.9E+004 1.3137E-015
6.94E+004 1.2840E-015
6.98E+004 1.2563E-015
7.02E+004 1.2253E-015
7.06E+004 1.2011E-015
7.1E+004 1.1754E-015
7.14E+004 1.1500E-015
7.18E+004 1.1249E-015
7.22E+004 1.1001E-015
7.26E+004 1.0765E-015
7.3E+004 1.0550E-015
7.34E+004 1.0307E-015
7.38E+004 1.0108E-015
7.42E+004 9.8788E-016
7.46E+004 9.6025E-016
7.5E+004 9.4341E-016
7.54E+004 9.2810E-016
7.58E+004 9.0997E-016
7.62E+004 8.9138E-016
7.66E+004 8.7365E-016
7.7E+004 8.5457E-016
7.74E+004 8.3864E-016
7.78E+004 8.2207E-016
7.82E+004 8.0568E-016
7.86E+004 7.8980E-016
7.9E+004 7.7411E-016
7.94E+004 7.5870E-016
7.98E+004 7.4417E-016
8.02E+004 7.2869E-016
8.06E+004 7.1408E-016
8.1E+004 7.0159E-016
8.14E+004 6.8629E-016
8.18E+004 6.7373E-016
8.22E+004 6.6207E-016
8.26E+004 6.4924E-016
8.3E+004 6.3721E-016
8.34E+004 6.2395E-016
8.38E+004 6.1299E-016
8.42E+004 6.0208E-016
8.46E+004 5.9097E-016
8.5E+004 5.8011E-016
8.54E+004 5.6941E-016
8.58E+004 5.5896E-016
8.62E+004 5.4867E-016
8.66E+004 5.3887E-016
8.7E+004 5.2941E-016
8.74E+004 5.1923E-016
8.78E+004 5.0984E-016
8.82E+004 5.0053E-016
8.86E+004 4.9124E-016
8.9E+004 4.8304E-016
8.94E+004 4.7487E-016
8.98E+004 4.6576E-016
9.02E+004 4.5834E-016
9.06E+004 4.5085E-016
9.1E+004 4.4198E-016
9.14E+004 4.3477E-016
9.18E+004 4.2779E-016
9.22E+004 4.2080E-016
9.26E+004 4.1348E-016
9.3E+004 4.0660E-016
9.34E+004 3.9954E-016
9.38E+004 3.9274E-016
9.42E+004 3.8639E-016
9.46E+004 3.7993E-016
9.5E+004 3.7350E-016
9.54E+004 3.6730E-016
9.58E+004 3.6155E-016
9.62E+004 3.5525E-016
9.66E+004 3.4982E-016
9.7E+004 3.4418E-016
9.74E+004 3.3756E-016
9.78E+004 3.3270E-016
9.82E+004 3.2772E-016
9.86E+004 3.2267E-016
9.9E+004 3.1766E-016
9.94E+004 3.1239E-016
9.98E+004 3.0749E-016
1.002E+005 3.0325E-016
1.005E+005 2.9879E-016
1.01E+005 2.9352E-016
1.015E+005 2.8795E-016
1.02E+005 2.8243E-016
1.025E+005 2.7702E-016
1.03E+005 2.7176E-016
1.035E+005 2.6668E-016
1.04E+005 2.6169E-016
1.045E+005 2.5680E-016
1.05E+005 2.5178E-016
1.055E+005 2.4732E-016
1.06E+005 2.4275E-016
1.065E+005 2.3826E-016
1.07E+005 2.3392E-016
1.075E+005 2.2972E-016
1.08E+005 2.2548E-016
1.085E+005 2.2140E-016
1.09E+005 2.1740E-016
1.095E+005 2.1360E-016
1.1E+005 2.0977E-016
1.105E+005 2.0605E-016
1.11E+005 2.0242E-016
1.115E+005 1.9893E-016
1.12E+005 1.9538E-016
1.125E+005 1.9205E-016
1.13E+005 1.8839E-016
1.135E+005 1.8542E-016
1.14E+005 1.8226E-016
1.145E+005 1.7913E-016
1.15E+005 1.7613E-016
1.155E+005 1.7305E-016
1.16E+005 1.7019E-016
1.165E+005 1.6732E-016
1.17E+005 1.6455E-016
1.175E+005 1.6178E-016
1.18E+005 1.5910E-016
1.185E+005 1.5647E-016
1.19E+005 1.5385E-016
1.195E+005 1.5135E-016
1.2E+005 1.4885E-016
1.205E+005 1.4646E-016
1.21E+005 1.4410E-016
1.215E+005 1.4177E-016
1.22E+005 1.3948E-016
1.225E+005 1.3725E-016
1.23E+005 1.3503E-016
1.235E+005 1.3284E-016
1.24E+005 1.3072E-016
1.245E+005 1.2869E-016
1.25E+005 1.2671E-016
1.255E+005 1.2474E-016
1.26E+005 1.2278E-016
1.265E+005 1.2087E-016
1.27E+005 1.1901E-016
1.275E+005 1.1718E-016
1.28E+005 1.1532E-016
1.285E+005 1.1361E-016
1.29E+005 1.1186E-016
1.295E+005 1.1017E-016
1.3E+005 1.0852E-016
1.305E+005 1.0687E-016
1.31E+005 1.0528E-016
1.315E+005 1.0370E-016
1.32E+005 1.0215E-016
1.325E+005 1.0063E-016
1.33E+005 9.9137E-017
1.335E+005 9.7668E-017
1.34E+005 9.6239E-017
1.345E+005 9.4838E-017
1.35E+005 9.3454E-017
1.355E+005 9.2081E-017
1.36E+005 9.0760E-017
1.365E+005 8.9446E-017
1.37E+005 8.8150E-017
1.375E+005 8.6899E-017
1.38E+005 8.5662E-017
1.385E+005 8.4437E-017
1.39E+005 8.3243E-017
1.395E+005 8.2060E-017
1.4E+005 8.0909E-017
1.405E+005 7.9758E-017
1.41E+005 7.8651E-017
1.415E+005 7.7551E-017
1.42E+005 7.6456E-017
1.425E+005 7.5416E-017
1.43E+005 7.4376E-017
1.435E+005 7.3359E-017
1.44E+005 7.2350E-017
1.445E+005 7.1364E-017
1.45E+005 7.0401E-017
1.455E+005 6.9433E-017
1.46E+005 6.8500E-017
1.465E+005 6.7570E-017
1.47E+005 6.6668E-017
1.475E+005 6.5762E-017
1.48E+005 6.4890E-017
1.485E+005 6.4031E-017
1.49E+005 6.3182E-017
1.495E+005 6.2336E-017
1.5E+005 6.1513E-017
1.505E+005 6.0727E-017
1.51E+005 5.9927E-017
1.515E+005 5.9150E-017
1.52E+005 5.8382E-017
1.525E+005 5.7622E-017
1.53E+005 5.6880E-017
1.535E+005 5.6147E-017
1.54E+005 5.5427E-017
1.545E+005 5.4715E-017
1.55E+005 5.4021E-017
1.555E+005 5.3331E-017
1.56E+005 5.2655E-017
1.565E+005 5.1989E-017
1.57E+005 5.1339E-017
1.575E+005 5.0690E-017
1.58E+005 5.0056E-017
1.585E+005 4.9433E-017
1.59E+005 4.8823E-017
1.595E+005 4.8214E-017
1.6E+005 4.7616E-017
1.605E+005 4.7020E-017
1.61E+005 4.6453E-017
1.615E+005 4.5879E-017
1.62E+005 4.5265E-017
1.625E+005 4.4766E-017
1.63E+005 4.4231E-017
1.635E+005 4.3695E-017
1.64E+005 4.3165E-017
1.645E+005 4.2642E-017
1.65E+005 4.2131E-017
1.655E+005 4.1634E-017
1.66E+005 4.1136E-017
1.665E+005 4.0647E-017
1.67E+005 4.0166E-017
1.675E+005 3.9691E-017
1.68E+005 3.9219E-017
1.685E+005 3.8751E-017
1.69E+005 3.8286E-017
1.695E+005 3.7860E-017
1.7E+005 3.7420E-017
1.705E+005 3.6988E-017
1.71E+005 3.6556E-017
1.715E+005 3.6132E-017
1.72E+005 3.5715E-017
1.725E+005 3.5305E-017
1.73E+005 3.4900E-017
1.735E+005 3.4507E-017
1.74E+005 3.4114E-017
1.745E+005 3.3726E-017
1.75E+005 3.3345E-017
1.755E+005 3.2967E-017
1.76E+005 3.2595E-017
1.765E+005 3.2225E-017
1.77E+005 3.1865E-017
1.775E+005 3.1511E-017
1.78E+005 3.1163E-017
1.785E+005 3.0817E-017
1.79E+005 3.0477E-017
1.795E+005 3.0140E-017
1.8E+005 2.9808E-017
1.805E+005 2.9481E-017
1.81E+005 2.9160E-017
1.815E+005 2.8841E-017
1.82E+005 2.8526E-017
1.825E+005 2.8214E-017
1.83E+005 2.7895E-017
1.835E+005 2.7607E-017
1.84E+005 2.7311E-017
1.845E+005 2.7019E-017
1.85E+005 2.6729E-017
1.855E+005 2.6445E-017
1.86E+005 2.6158E-017
1.865E+005 2.5883E-017
1.87E+005 2.5610E-017
1.875E+005 2.5333E-017
1.88E+005 2.5072E-017
1.885E+005 2.4808E-017
1.89E+005 2.4549E-017
1.895E+005 2.4291E-017
1.9E+005 2.4034E-017
1.905E+005 2.3681E-017
1.91E+005 2.3533E-017
1.915E+005 2.3299E-017
1.92E+005 2.3058E-017
1.925E+005 2.2820E-017
1.93E+005 2.2587E-017
1.935E+005 2.2355E-017
1.94E+005 2.2126E-017
1.945E+005 2.1900E-017
1.95E+005 2.1678E-017
1.955E+005 2.1459E-017
1.96E+005 2.1240E-017
1.965E+005 2.1028E-017
1.97E+005 2.0816E-017
1.975E+005 2.0606E-017
1.98E+005 2.0400E-017
1.985E+005 2.0198E-017
1.99E+005 1.9996E-017
1.995E+005 1.9797E-017
2E+005 1.9552E-017
2.01E+005 1.9216E-017
2.02E+005 1.8841E-017
2.03E+005 1.8474E-017
2.04E+005 1.8117E-017
2.05E+005 1.7767E-017
2.06E+005 1.7427E-017
2.07E+005 1.7095E-017
2.08E+005 1.6770E-017
2.09E+005 1.6452E-017
2.1E+005 1.6142E-017
2.11E+005 1.5841E-017
2.12E+005 1.5545E-017
2.13E+005 1.5257E-017
2.14E+005 1.4975E-017
2.15E+005 1.4700E-017
2.16E+005 1.4431E-017
2.17E+005 1.4168E-017
2.18E+005 1.3911E-017
2.19E+005 1.3659E-017
2.2E+005 1.3415E-017
2.21E+005 1.3175E-017
2.22E+005 1.2940E-017
2.23E+005 1.2701E-017
2.24E+005 1.2483E-017
2.25E+005 1.2266E-017
2.26E+005 1.2051E-017
2.27E+005 1.1841E-017
2.28E+005 1.1636E-017
2.29E+005 1.1435E-017
2.3E+005 1.1238E-017
2.31E+005 1.1045E-017
2.32E+005 1.0857E-017
2.33E+005 1.0673E-017
2.34E+005 1.0492E-017
2.35E+005 1.0316E-017
2.36E+005 1.0143E-017
2.37E+005 9.9727E-018
2.38E+005 9.8069E-018
2.39E+005 9.6431E-018
2.4E+005 9.4856E-018
2.41E+005 9.3299E-018
2.42E+005 9.1767E-018
2.43E+005 9.0273E-018
2.44E+005 8.8805E-018
2.45E+005 8.7367E-018
2.46E+005 8.5971E-018
2.47E+005 8.4593E-018
2.48E+005 8.3230E-018
2.49E+005 8.1902E-018
2.5E+005 8.0607E-018
2.51E+005 7.9339E-018
2.52E+005 7.8087E-018
2.53E+005 7.6868E-018
2.54E+005 7.5665E-018
2.55E+005 7.4489E-018
2.56E+005 7.3334E-018
2.57E+005 7.2202E-018
2.58E+005 7.1094E-018
2.59E+005 7.0001E-018
2.6E+005 6.8940E-018
2.61E+005 6.7896E-018
2.62E+005 6.6857E-018
2.63E+005 6.5854E-018
2.64E+005 6.4869E-018
2.65E+005 6.3893E-018
2.66E+005 6.2942E-018
2.67E+005 6.2004E-018
2.68E+005 6.1087E-018
2.69E+005 6.0187E-018
2.7E+005 5.9306E-018
2.71E+005 5.8430E-018
2.72E+005 5.7581E-018
2.73E+005 5.6742E-018
2.74E+005 5.5920E-018
2.75E+005 5.5111E-018
2.76E+005 5.4319E-018
2.77E+005 5.3542E-018
2.78E+005 5.2667E-018
2.79E+005 5.2031E-018
2.8E+005 5.1302E-018
2.81E+005 5.0575E-018
2.82E+005 4.9850E-018
2.83E+005 4.9151E-018
2.84E+005 4.8461E-018
2.85E+005 4.7784E-018
2.86E+005 4.7126E-018
2.87E+005 4.6473E-018
2.88E+005 4.5826E-018
2.89E+005 4.5196E-018
2.9E+005 4.4580E-018
2.91E+005 4.3974E-018
2.92E+005 4.3374E-018
2.93E+005 4.2786E-018
2.94E+005 4.2208E-018
2.95E+005 4.1638E-018
2.96E+005 4.1079E-018
2.97E+005 4.0531E-018
2.98E+005 3.9974E-018
2.99E+005 3.9447E-018
3E+005 3.8936E-018
3.01E+005 3.8424E-018
3.02E+005 3.7914E-018
3.03E+005 3.7422E-018
3.04E+005 3.6931E-018
3.05E+005 3.6449E-018
3.06E+005 3.5972E-018
3.07E+005 3.5507E-018
3.08E+005 3.5050E-018
3.09E+005 3.4609E-018
3.1E+005 3.4163E-018
3.11E+005 3.3719E-018
3.12E+005 3.3289E-018
3.13E+005 3.2866E-018
3.14E+005 3.2449E-018
3.15E+005 3.2039E-018
3.16E+005 3.1636E-018
3.17E+005 3.1240E-018
3.18E+005 3.0849E-018
3.19E+005 3.0464E-018
3.2E+005 3.0085E-018
3.21E+005 2.9713E-018
3.22E+005 2.9344E-018
3.23E+005 2.8984E-018
3.24E+005 2.8628E-018
3.25E+005 2.8277E-018
3.26E+005 2.7933E-018
3.27E+005 2.7592E-018
3.28E+005 2.7258E-018
3.29E+005 2.6928E-018
3.3E+005 2.6603E-018
3.31E+005 2.6283E-018
3.32E+005 2.5968E-018
3.33E+005 2.5657E-018
3.34E+005 2.5353E-018
3.35E+005 2.5051E-018
3.36E+005 2.4754E-018
3.37E+005 2.4462E-018
3.38E+005 2.4174E-018
3.39E+005 2.3891E-018
3.4E+005 2.3610E-018
3.41E+005 2.3335E-018
3.42E+005 2.3063E-018
3.43E+005 2.2795E-018
3.44E+005 2.2532E-018
3.45E+005 2.2271E-018
3.46E+005 2.2015E-018
3.47E+005 2.1762E-018
3.48E+005 2.1514E-018
3.49E+005 2.1269E-018
3.5E+005 2.1026E-018
3.51E+005 2.0787E-018
3.52E+005 2.0552E-018
3.53E+005 2.0321E-018
3.54E+005 2.0091E-018
3.55E+005 1.9865E-018
3.56E+005 1.9643E-018
3.57E+005 1.9424E-018
3.58E+005 1.9208E-018
3.59E+005 1.8994E-018
3.6E+005 1.8782E-018
3.61E+005 1.8576E-018
3.62E+005 1.8372E-018
3.63E+005 1.8170E-018
3.64E+005 1.7969E-018
3.65E+005 1.7772E-018
3.66E+005 1.7580E-018
3.67E+005 1.7390E-018
3.68E+005 1.7201E-018
3.69E+005 1.7016E-018
3.7E+005 1.6833E-018
3.71E+005 1.6650E-018
3.72E+005 1.6472E-018
3.73E+005 1.6296E-018
3.74E+005 1.6122E-018
3.75E+005 1.5951E-018
3.76E+005 1.5782E-018
3.77E+005 1.5615E-018
3.78E+005 1.5450E-018
3.79E+005 1.5288E-018
3.8E+005 1.5126E-018
3.81E+005 1.4969E-018
3.82E+005 1.4812E-018
3.83E+005 1.4658E-018
3.84E+005 1.4506E-018
3.85E+005 1.4355E-018
3.86E+005 1.4207E-018
3.87E+005 1.4061E-018
3.88E+005 1.3907E-018
3.89E+005 1.3750E-018
3.9E+005 1.3633E-018
3.91E+005 1.3493E-018
3.92E+005 1.3355E-018
3.93E+005 1.3220E-018
3.94E+005 1.3086E-018
3.95E+005 1.2954E-018
3.96E+005 1.2823E-018
3.97E+005 1.2694E-018
3.98E+005 1.2567E-018
3.99E+005 1.2441E-018
