1711 8.6711E-015
1711 8.6711E-015
1712 1.1556E-015
1714 -1.0235E-015
1715 -5.2426E-015
1717 -8.6433E-016
1718 5.6316E-015
1719 -2.8925E-017
1721 1.2013E-014
1722 -7.0535E-015
1723 3.7285E-015
1725 -5.6769E-015
1726 -3.7253E-015
1728 2.8347E-015
1729 -3.0977E-015
1730 5.0899E-016
1732 -1.5432E-015
1733 7.9935E-016
1734 1.9880E-015
1736 3.1859E-015
1737 8.7316E-016
1739 -4.4233E-016
1740 2.1826E-015
1741 -1.2924E-016
1743 5.5149E-015
1744 -8.6155E-016
1745 6.2675E-016
1747 1.0067E-014
1748 1.6704E-014
1750 5.4330E-015
1751 9.8895E-015
1752 1.0387E-014
1754 7.8779E-015
1755 7.7412E-015
1756 6.9689E-015
1758 9.8578E-015
1759 6.5534E-015
1760 5.2843E-015
1762 1.1559E-015
1763 7.2355E-015
1765 6.9424E-015
1766 6.9692E-016
1767 4.7042E-015
1769 3.3568E-015
1770 4.0067E-015
1771 6.9689E-015
1773 4.5222E-015
1774 1.5037E-016
1776 5.6274E-015
1777 4.9692E-015
1778 3.0899E-015
1780 9.3844E-015
1781 1.9998E-015
1782 2.9646E-015
1784 9.5080E-015
1785 7.5047E-015
1787 8.7974E-015
1788 5.8853E-015
1789 1.7928E-015
1791 6.3083E-015
1792 4.2843E-015
1793 6.5737E-016
1795 8.4891E-015
1796 3.1484E-015
1798 3.0282E-015
1799 5.8854E-015
1800 4.2260E-015
1802 8.3958E-015
1803 1.1912E-014
1804 7.9734E-015
1806 9.5144E-015
1807 9.0402E-015
1808 8.3656E-015
1810 1.9688E-015
1811 5.0013E-015
1813 7.3315E-015
1814 9.5853E-015
1815 5.6271E-015
1817 8.5463E-015
1818 7.2669E-015
1819 6.4402E-015
1821 4.5037E-015
1822 8.6824E-015
1824 6.9354E-015
1825 2.4826E-015
1826 4.1303E-015
1828 5.4062E-015
1829 5.0440E-015
1830 1.0211E-014
1832 6.5381E-015
1833 9.0964E-015
1835 1.3343E-014
1836 1.4771E-014
1837 6.4677E-015
1839 8.5078E-015
1840 5.8978E-015
1841 5.7834E-015
1843 7.5634E-015
1844 3.6035E-015
1846 5.9859E-015
1847 4.8250E-015
1848 4.6211E-015
1850 1.2864E-015
1851 7.9930E-015
1852 4.3844E-015
1854 8.1843E-015
1855 7.2355E-015
1856 6.0261E-015
1858 6.5112E-015
1859 6.8155E-015
1861 8.7646E-015
1862 8.3127E-015
1863 9.1657E-015
1865 1.1645E-014
1866 7.2813E-015
1867 6.2060E-015
1869 5.2001E-015
1870 9.3141E-015
1872 6.2787E-015
1873 1.0210E-014
1874 1.0137E-014
1876 4.9334E-015
1877 1.0194E-014
1878 1.0443E-014
1880 6.7040E-015
1881 7.9031E-015
1883 6.0544E-015
1884 8.7221E-015
1885 7.1638E-015
1887 8.1728E-015
1888 9.1438E-015
1889 1.0810E-014
1891 8.0811E-015
1892 1.1111E-014
1894 1.2654E-014
1895 1.0810E-014
1896 6.4780E-015
1898 9.1213E-015
1899 9.4592E-015
1900 9.1359E-015
1902 9.6493E-015
1903 8.8212E-015
1905 1.0032E-014
1906 8.8756E-015
1907 1.1502E-014
1909 1.0300E-014
1910 1.1471E-014
1911 1.3552E-014
1913 1.2622E-014
1914 1.2797E-014
1916 1.0693E-014
1917 9.2148E-015
1918 1.0206E-014
1920 1.2376E-014
1921 1.0973E-014
1922 1.3295E-014
1924 7.7525E-015
1925 1.1149E-014
1926 9.4238E-015
1928 1.1216E-014
1929 1.1181E-014
1931 1.4616E-014
1932 8.9300E-015
1933 8.7610E-015
1935 9.4090E-015
1936 1.2822E-014
1937 1.2168E-014
1939 1.0819E-014
1940 1.2088E-014
1942 1.2636E-014
1943 1.2723E-014
1944 1.2924E-014
1946 1.1568E-014
1947 1.3028E-014
1948 1.3199E-014
1950 1.4078E-014
1951 1.2181E-014
1953 1.4941E-014
1954 1.3616E-014
1955 1.4728E-014
1957 1.2059E-014
1958 1.2761E-014
1959 1.5540E-014
1961 1.2123E-014
1962 1.4001E-014
1964 1.4047E-014
1965 1.3865E-014
1966 1.4111E-014
1968 1.6785E-014
1969 1.5928E-014
1970 1.6781E-014
1972 1.4174E-014
1973 1.6620E-014
1975 1.5185E-014
1976 1.6929E-014
1977 1.4031E-014
1979 1.5830E-014
1980 1.4576E-014
1981 1.5058E-014
1983 1.2822E-014
1984 1.5180E-014
1986 1.5873E-014
1987 1.1143E-014
1988 1.2413E-014
1990 1.4461E-014
1991 1.3667E-014
1992 1.6697E-014
1994 1.5290E-014
1995 1.6380E-014
1997 1.6929E-014
1998 1.5812E-014
1999 1.7159E-014
2001 1.6868E-014
2002 1.6327E-014
2003 1.7301E-014
2005 1.6290E-014
2006 2.0123E-014
2007 1.6024E-014
2009 1.8471E-014
2010 1.7135E-014
2012 1.8761E-014
2013 1.9296E-014
2014 1.7131E-014
2016 1.7902E-014
2017 2.2156E-014
2018 1.7417E-014
2020 2.0627E-014
2021 1.9006E-014
2023 2.1659E-014
2024 1.8513E-014
2025 1.5640E-014
2027 2.0263E-014
2028 1.8805E-014
2029 2.0349E-014
2031 2.5368E-014
2032 2.3590E-014
2034 2.0211E-014
2035 1.9666E-014
2036 2.1986E-014
2038 2.4536E-014
2039 2.0944E-014
2040 2.0859E-014
2042 2.2777E-014
2043 2.6307E-014
2045 2.4412E-014
2046 2.8045E-014
2047 2.4114E-014
2049 2.6041E-014
2050 2.3678E-014
2051 2.4623E-014
2053 2.4358E-014
2054 2.4676E-014
2056 2.3595E-014
2057 2.0588E-014
2058 2.2846E-014
2060 2.4384E-014
2061 2.2951E-014
2062 2.4303E-014
2064 2.4172E-014
2065 2.3353E-014
2067 2.5052E-014
2068 2.6083E-014
2069 2.4543E-014
2071 2.7462E-014
2072 2.6363E-014
2073 2.6851E-014
2075 3.0273E-014
2076 2.9399E-014
2078 3.1799E-014
2079 2.8377E-014
2080 3.1301E-014
2082 2.8503E-014
2083 3.0135E-014
2084 3.1681E-014
2086 3.2173E-014
2087 3.7076E-014
2089 4.0596E-014
2090 3.8711E-014
2091 4.0823E-014
2093 4.6937E-014
2094 4.5394E-014
2095 4.7442E-014
2097 5.3095E-014
2098 5.3929E-014
2100 4.9640E-014
2101 5.5685E-014
2102 5.7945E-014
2104 5.6905E-014
2105 6.6912E-014
2106 6.9809E-014
2108 6.0830E-014
2109 5.3750E-014
2110 6.1394E-014
2112 6.7715E-014
2113 6.8248E-014
2115 6.9238E-014
2116 7.8934E-014
2117 8.7112E-014
2119 8.3279E-014
2120 8.7385E-014
2121 7.8626E-014
2123 5.6847E-014
2124 4.5730E-014
2126 5.5310E-014
2127 6.9446E-014
2128 7.2241E-014
2130 6.6094E-014
2131 6.3644E-014
2132 6.3566E-014
2134 6.6600E-014
2135 6.5799E-014
2137 7.0970E-014
2138 7.2334E-014
2139 7.1063E-014
2141 8.9928E-014
2142 9.7535E-014
2143 9.3411E-014
2145 9.0110E-014
2146 7.8433E-014
2148 8.0092E-014
2149 8.4097E-014
2150 8.0156E-014
2152 7.7619E-014
2153 8.7763E-014
2154 8.6867E-014
2156 7.8814E-014
2157 6.2453E-014
2159 5.6113E-014
2160 6.8108E-014
2161 8.1486E-014
2163 7.9889E-014
2164 7.5032E-014
2165 6.5185E-014
2167 5.6648E-014
2168 5.6397E-014
2170 6.1577E-014
2171 7.2927E-014
2172 7.3732E-014
2174 7.0035E-014
2175 6.2403E-014
2176 6.3559E-014
2178 6.5406E-014
2179 8.7200E-014
2181 1.0551E-013
2182 1.1379E-013
2183 1.0592E-013
2185 9.5650E-014
2186 9.1847E-014
2187 7.6973E-014
2189 8.6654E-014
2190 9.0296E-014
2192 9.0723E-014
2193 1.0466E-013
2194 1.0553E-013
2196 9.3050E-014
2197 9.6776E-014
2198 1.0582E-013
2200 1.0247E-013
2201 9.9258E-014
2203 1.1657E-013
2204 1.2130E-013
2205 1.1469E-013
2207 9.9113E-014
2208 7.9926E-014
2209 7.0574E-014
2211 6.0194E-014
2212 6.5811E-014
2214 8.1106E-014
2215 8.2009E-014
2216 6.9838E-014
2218 6.6228E-014
2219 8.3960E-014
2220 1.0297E-013
2222 1.1148E-013
2223 1.0768E-013
2225 1.0774E-013
2226 1.0703E-013
2227 1.0367E-013
2229 1.1025E-013
2230 1.1111E-013
2231 1.1603E-013
2233 1.4201E-013
2234 1.5774E-013
2235 1.5940E-013
2237 1.5049E-013
2238 1.3961E-013
2240 1.3864E-013
2241 1.2661E-013
2242 1.1644E-013
2244 1.1199E-013
2245 1.2240E-013
2246 1.3314E-013
2248 1.3579E-013
2249 1.2173E-013
2251 1.1289E-013
2252 1.1253E-013
2253 1.0742E-013
2255 1.0621E-013
2256 1.0371E-013
2257 1.0494E-013
2259 1.0626E-013
2260 9.3928E-014
2262 9.3998E-014
2263 9.1522E-014
2264 8.0066E-014
2266 6.9554E-014
2267 6.6615E-014
2268 6.5295E-014
2270 6.2450E-014
2271 6.4856E-014
2273 7.0162E-014
2274 7.3851E-014
2275 7.7306E-014
2277 8.0136E-014
2278 8.8223E-014
2279 9.6608E-014
2281 1.0489E-013
2282 1.1816E-013
2284 1.1549E-013
2285 1.1668E-013
2286 1.0812E-013
2288 9.4023E-014
2289 9.8549E-014
2290 9.1747E-014
2292 9.4253E-014
2293 1.0019E-013
2295 1.0595E-013
2296 1.0361E-013
2297 8.6016E-014
2299 7.4778E-014
2300 7.9145E-014
2301 8.6852E-014
2303 9.6081E-014
2304 1.0523E-013
2306 1.3223E-013
2307 1.3242E-013
2308 1.2445E-013
2310 9.9746E-014
2311 8.0667E-014
2312 7.3989E-014
2314 8.5451E-014
2315 1.0789E-013
2317 1.1253E-013
2318 1.0691E-013
2319 9.9465E-014
2321 8.7237E-014
2322 1.0424E-013
2323 1.2100E-013
2325 1.2165E-013
2326 9.1752E-014
2328 9.0527E-014
2329 9.9069E-014
2330 9.4989E-014
2332 7.8713E-014
2333 7.3413E-014
2334 8.5170E-014
2336 9.5463E-014
2337 8.3935E-014
2339 6.9240E-014
2340 7.0855E-014
2341 8.1453E-014
2343 7.3689E-014
2344 5.6401E-014
2345 5.5159E-014
2347 5.7474E-014
2348 6.0260E-014
2350 7.8159E-014
2351 9.6980E-014
2352 1.0645E-013
2354 1.0587E-013
2355 1.0415E-013
2356 1.1175E-013
2358 1.1040E-013
2359 8.6856E-014
2361 7.7160E-014
2362 8.4645E-014
2363 9.1546E-014
2365 8.3064E-014
2366 7.5803E-014
2367 7.7864E-014
2369 8.5967E-014
2370 9.8808E-014
2372 1.0757E-013
2373 9.8594E-014
2374 8.2269E-014
2376 8.5149E-014
2377 9.5882E-014
2378 9.2977E-014
2380 7.2943E-014
2381 5.9537E-014
2383 5.2569E-014
2384 5.7285E-014
2385 6.7828E-014
2387 7.2456E-014
2388 7.4756E-014
2389 7.1461E-014
2391 9.1390E-014
2392 9.6938E-014
2393 9.1651E-014
2395 7.0686E-014
2396 6.4734E-014
2398 6.7434E-014
2399 7.0397E-014
2400 7.3923E-014
2402 8.4325E-014
2403 7.7047E-014
2404 6.4175E-014
2406 5.7158E-014
2407 6.1433E-014
2409 7.3823E-014
2410 7.1931E-014
2411 6.0354E-014
2413 6.8244E-014
2414 7.7134E-014
2415 9.4612E-014
2417 1.0929E-013
2418 1.1893E-013
2420 1.3095E-013
2421 1.4009E-013
2422 1.4484E-013
2424 1.2832E-013
2425 1.2748E-013
2426 1.4246E-013
2428 1.4785E-013
2429 1.3733E-013
2431 1.3639E-013
2432 1.3010E-013
2433 1.2110E-013
2435 1.1388E-013
2436 1.0602E-013
2437 1.1935E-013
2439 1.1504E-013
2440 1.1487E-013
2442 1.2972E-013
2443 1.3014E-013
2444 1.1777E-013
2446 1.1356E-013
2447 1.0526E-013
2448 9.5295E-014
2450 9.1441E-014
2451 8.5251E-014
2453 8.2457E-014
2454 8.2523E-014
2455 8.5978E-014
2457 8.5310E-014
2458 9.0955E-014
2459 8.8616E-014
2461 7.9956E-014
2462 7.3257E-014
2464 7.4399E-014
2465 8.5374E-014
2466 8.8360E-014
2468 9.3869E-014
2469 9.5005E-014
2470 9.7274E-014
2472 9.5799E-014
2473 9.5555E-014
2475 1.0316E-013
2476 1.0609E-013
2477 1.0044E-013
2479 9.0811E-014
2480 8.2146E-014
2481 8.6377E-014
2483 7.5284E-014
2484 6.6591E-014
2486 7.5334E-014
2487 7.6836E-014
2488 6.6661E-014
2490 6.0948E-014
2491 6.0235E-014
2492 7.5006E-014
2494 9.6140E-014
2495 1.1513E-013
2497 1.1698E-013
2498 1.2093E-013
2499 1.1803E-013
2501 1.1214E-013
2502 9.9395E-014
2503 1.0394E-013
2505 1.0637E-013
2506 8.8099E-014
2508 8.6118E-014
2509 9.7506E-014
2510 9.5748E-014
2512 8.8389E-014
2513 8.2571E-014
2514 7.1488E-014
2516 6.3344E-014
2517 6.1415E-014
2518 6.3852E-014
2520 6.8238E-014
2521 7.4495E-014
2523 6.4763E-014
2524 5.9809E-014
2525 6.5864E-014
2527 6.7288E-014
2528 6.2852E-014
2529 6.5999E-014
2531 8.3030E-014
2532 9.0885E-014
2534 9.0996E-014
2535 8.9998E-014
2536 8.8983E-014
2538 8.9712E-014
2539 9.2509E-014
2540 9.4439E-014
2542 9.6053E-014
2543 1.0148E-013
2545 1.0440E-013
2546 9.9631E-014
2547 9.8148E-014
2549 9.5373E-014
2550 1.0302E-013
2551 1.3522E-013
2553 1.4898E-013
2554 1.5654E-013
2556 1.5433E-013
2557 1.5352E-013
2558 1.6296E-013
2560 1.7060E-013
2561 1.6473E-013
2562 1.4085E-013
2564 1.4363E-013
2565 1.7368E-013
2567 2.0461E-013
2568 2.1093E-013
2569 2.2896E-013
2571 2.4256E-013
2572 2.4284E-013
2573 2.5214E-013
2575 2.1284E-013
2576 1.6762E-013
2578 1.8925E-013
2579 2.3819E-013
2580 2.7892E-013
2582 2.7405E-013
2583 2.4198E-013
2584 2.0327E-013
2586 1.5921E-013
2587 1.7938E-013
2589 2.3047E-013
2590 2.7392E-013
2591 2.4033E-013
2593 2.0569E-013
2594 1.8354E-013
2595 1.8705E-013
2597 1.7095E-013
2598 1.2662E-013
2600 1.0882E-013
2601 1.4052E-013
2602 1.8102E-013
2604 1.8593E-013
2605 1.6352E-013
2606 1.3277E-013
2608 1.2948E-013
2609 1.4673E-013
2611 1.4745E-013
2612 1.2161E-013
2613 1.1970E-013
2615 1.4547E-013
2616 1.7860E-013
2617 1.7252E-013
2619 1.7366E-013
2620 2.0200E-013
2621 2.0369E-013
2623 2.1331E-013
2624 2.0608E-013
2626 1.9043E-013
2627 1.7003E-013
2628 1.5717E-013
2630 1.4802E-013
2631 1.3919E-013
2632 1.6418E-013
2634 2.3369E-013
2635 2.9905E-013
2637 3.5709E-013
2638 4.3447E-013
2639 4.6770E-013
2641 4.6009E-013
2642 4.9289E-013
2643 5.3911E-013
2645 4.9596E-013
2646 4.5247E-013
2648 4.1449E-013
2649 3.8350E-013
2650 3.8853E-013
2652 4.0941E-013
2653 4.3763E-013
2654 4.8747E-013
2656 5.1005E-013
2657 5.1472E-013
2659 4.9803E-013
2660 4.9064E-013
2661 4.5949E-013
2663 4.3142E-013
2664 4.2049E-013
2665 4.3308E-013
2667 4.2635E-013
2668 4.2796E-013
2670 4.3151E-013
2671 4.4009E-013
2672 4.1995E-013
2674 4.4207E-013
2675 4.9602E-013
2676 4.8962E-013
2678 4.4133E-013
2679 4.1372E-013
2681 4.2233E-013
2682 4.4213E-013
2683 4.5662E-013
2685 4.5013E-013
2686 4.6402E-013
2687 4.5762E-013
2689 4.2936E-013
2690 4.0218E-013
2692 4.1672E-013
2693 4.4435E-013
2694 4.3259E-013
2696 3.9442E-013
2697 3.8846E-013
2698 4.1543E-013
2700 4.6911E-013
2701 5.0083E-013
2702 4.9513E-013
2704 5.1201E-013
2705 5.1889E-013
2707 4.7256E-013
2708 4.4676E-013
2709 4.4440E-013
2711 4.4215E-013
2712 4.4655E-013
2713 4.2825E-013
2715 4.0294E-013
2716 3.7488E-013
2718 3.5567E-013
2719 2.7933E-013
2720 2.3358E-013
2722 2.5979E-013
2723 2.9525E-013
2724 3.1081E-013
2726 3.2925E-013
2727 3.5213E-013
2729 3.9258E-013
2730 4.5094E-013
2731 4.3714E-013
2733 3.9190E-013
2734 3.4506E-013
2735 3.1408E-013
2737 2.8274E-013
2738 2.4852E-013
2740 2.4095E-013
2741 2.2702E-013
2742 2.1547E-013
2744 1.9787E-013
2745 2.1260E-013
2746 2.2699E-013
2748 2.1028E-013
2749 2.0468E-013
2751 2.1291E-013
2752 2.8131E-013
2753 3.2859E-013
2755 2.9012E-013
2756 2.5505E-013
2757 2.8619E-013
2759 3.9322E-013
2760 4.3844E-013
2761 4.0640E-013
2763 3.7799E-013
2764 4.1528E-013
2766 4.5330E-013
2767 4.3076E-013
2768 4.0351E-013
2770 4.1086E-013
2771 4.3129E-013
2772 4.3693E-013
2774 4.4174E-013
2775 4.3598E-013
2777 3.9162E-013
2778 3.4442E-013
2779 2.9849E-013
2781 2.7630E-013
2782 2.7636E-013
2783 2.7188E-013
2785 2.7516E-013
2786 2.7202E-013
2788 2.4778E-013
2789 2.1192E-013
2790 1.8360E-013
2792 1.5794E-013
2793 1.3707E-013
2794 1.2792E-013
2796 1.4232E-013
2797 1.2917E-013
2799 1.1111E-013
2800 1.2069E-013
2801 1.2257E-013
2803 1.3127E-013
2804 1.3735E-013
2805 1.4014E-013
2807 1.6793E-013
2808 2.0073E-013
2810 2.3348E-013
2811 2.5895E-013
2812 2.7456E-013
2814 3.0564E-013
2815 3.6573E-013
2816 3.8822E-013
2818 3.9808E-013
2819 4.2691E-013
2820 4.5616E-013
2822 4.6584E-013
2823 4.8760E-013
2825 5.1838E-013
2826 4.9650E-013
2827 5.0189E-013
2829 5.2009E-013
2830 5.5213E-013
2831 5.5094E-013
2833 5.3987E-013
2834 5.3422E-013
2836 4.8393E-013
2837 4.8737E-013
2838 5.4488E-013
2840 5.3085E-013
2841 4.9065E-013
2842 4.8722E-013
2844 4.2525E-013
2845 4.2112E-013
2847 3.6949E-013
2848 3.0464E-013
2849 2.3338E-013
2851 1.7537E-013
2852 1.3048E-013
2853 1.3606E-013
2855 1.8337E-013
2856 2.4344E-013
2858 3.0689E-013
2859 3.7880E-013
2860 4.6729E-013
2862 5.0334E-013
2863 5.1920E-013
2864 5.6320E-013
2866 5.7374E-013
2867 5.5646E-013
2868 5.2278E-013
2870 5.4881E-013
2871 6.3869E-013
2873 6.7320E-013
2874 6.1836E-013
2875 5.9447E-013
2877 5.5943E-013
2878 5.2052E-013
2879 4.5204E-013
2881 3.4404E-013
2882 2.9465E-013
2884 4.0054E-013
2885 5.5906E-013
2886 6.4681E-013
2888 6.5466E-013
2889 6.5936E-013
2890 6.6196E-013
2892 6.6786E-013
2893 6.7423E-013
2895 7.1039E-013
2896 8.0219E-013
2897 8.4917E-013
2899 8.6856E-013
2900 9.5963E-013
2901 9.8013E-013
2903 9.6772E-013
2904 1.0346E-012
2906 1.0152E-012
2907 9.7398E-013
2908 9.3130E-013
2910 9.1082E-013
2911 9.2062E-013
2912 9.6738E-013
2914 1.0009E-012
2915 9.2693E-013
2916 9.0275E-013
2918 8.8906E-013
2919 8.8408E-013
2921 9.1210E-013
2922 9.1307E-013
2923 8.4216E-013
2925 7.8661E-013
2926 7.5736E-013
2927 7.5297E-013
2929 7.3312E-013
2930 8.5867E-013
2932 9.8589E-013
2933 9.9169E-013
2934 9.7000E-013
2936 8.9065E-013
2937 7.2519E-013
2938 7.0780E-013
2940 7.7380E-013
2941 7.9813E-013
2943 8.4665E-013
2944 8.7657E-013
2945 8.6667E-013
2947 8.2270E-013
2948 6.8341E-013
2949 6.7483E-013
2951 8.1460E-013
2952 9.3787E-013
2953 8.7386E-013
2955 8.4251E-013
2956 8.9657E-013
2958 8.8036E-013
2959 9.5109E-013
2960 9.3352E-013
2962 9.4663E-013
2963 9.5276E-013
2964 8.5963E-013
2966 6.4725E-013
2967 5.8760E-013
2969 6.5506E-013
2970 6.3801E-013
2971 6.7175E-013
2973 6.9904E-013
2974 7.5589E-013
2975 9.2012E-013
2977 1.0144E-012
2978 1.0668E-012
2980 9.5859E-013
2981 7.9901E-013
2982 6.6570E-013
2984 5.7804E-013
2985 5.3842E-013
2986 6.0595E-013
2988 7.0383E-013
2989 8.4239E-013
2990 9.6893E-013
2992 9.4740E-013
2993 8.3438E-013
2995 7.2286E-013
2996 7.8241E-013
2997 8.9420E-013
2999 8.1255E-013
3000 6.1423E-013
3001 5.2478E-013
3003 5.4717E-013
3004 6.6280E-013
3006 7.9480E-013
3007 7.3554E-013
3008 6.4738E-013
3010 7.2475E-013
3011 8.3821E-013
3012 8.4444E-013
3014 8.6844E-013
3015 8.5711E-013
3016 8.1018E-013
3018 6.9008E-013
3019 5.6293E-013
3021 4.7862E-013
3022 5.7544E-013
3023 7.8297E-013
3025 8.0055E-013
3026 8.0546E-013
3027 9.7188E-013
3029 1.0752E-012
3030 1.0183E-012
3032 1.0209E-012
3033 1.1162E-012
3034 1.1465E-012
3036 1.1081E-012
3037 9.5372E-013
3038 8.4333E-013
3040 9.0022E-013
3041 9.0192E-013
3043 8.9326E-013
3044 1.0167E-012
3045 1.0774E-012
3047 1.0005E-012
3048 9.6801E-013
3049 9.6069E-013
3051 1.0776E-012
3052 1.1608E-012
3053 1.1278E-012
3055 9.9707E-013
3056 9.2986E-013
3058 7.6226E-013
3059 6.8509E-013
3060 8.3864E-013
3067 9.2367E-013
3070 1.0217E-012
3073 1.0155E-012
3076 1.0127E-012
3078 1.0287E-012
3081 9.9017E-013
3084 1.0288E-012
3087 9.8788E-013
3089 8.5885E-013
3092 8.0454E-013
3095 8.0719E-013
3098 7.7769E-013
3100 7.7397E-013
3103 9.9415E-013
3106 1.1787E-012
3109 1.2442E-012
3111 1.2363E-012
3114 1.1902E-012
3117 1.0742E-012
3120 1.0099E-012
3122 1.0339E-012
3125 1.0573E-012
3128 1.0882E-012
3131 1.0953E-012
3133 1.0998E-012
3136 1.1412E-012
3139 1.1112E-012
3142 1.0622E-012
3144 9.2336E-013
3147 1.0392E-012
3150 1.1363E-012
3153 1.0866E-012
3155 9.9588E-013
3158 9.1680E-013
3161 8.6958E-013
3164 1.0064E-012
3166 1.0880E-012
3169 1.1899E-012
3172 1.2703E-012
3175 1.2663E-012
3177 1.1352E-012
3180 9.5092E-013
3183 9.7123E-013
3185 1.0760E-012
3188 1.1576E-012
3191 1.0720E-012
3194 1.0252E-012
3196 1.1348E-012
3199 1.2421E-012
3202 1.2919E-012
3205 1.3441E-012
3207 1.2337E-012
3210 1.0531E-012
3213 9.9319E-013
3216 1.0915E-012
3218 1.2041E-012
3221 1.1745E-012
3224 1.0938E-012
3227 9.9797E-013
3229 9.8154E-013
3232 1.0515E-012
3235 1.0446E-012
3238 1.1136E-012
3240 1.1986E-012
3243 1.2355E-012
3246 1.2645E-012
3249 1.2079E-012
3251 1.2651E-012
3254 1.3947E-012
3257 1.5184E-012
3260 1.5770E-012
3262 1.5282E-012
3265 1.4955E-012
3268 1.5609E-012
3271 1.5083E-012
3273 1.5126E-012
3276 1.4960E-012
3279 1.4610E-012
3282 1.4541E-012
3284 1.4253E-012
3287 1.3917E-012
3290 1.5546E-012
3293 1.6762E-012
3295 1.7185E-012
3298 1.7143E-012
3301 1.6973E-012
3304 1.5515E-012
3306 1.4439E-012
3309 1.5342E-012
3312 1.5478E-012
3315 1.5052E-012
3317 1.5557E-012
3320 1.5177E-012
3323 1.4400E-012
3326 1.4982E-012
3328 1.4861E-012
3331 1.4724E-012
3334 1.4481E-012
3337 1.3573E-012
3339 1.4371E-012
3342 1.4846E-012
3345 1.5357E-012
3348 1.5019E-012
3350 1.4493E-012
3353 1.5733E-012
3356 1.5663E-012
3359 1.3133E-012
3361 1.1600E-012
3364 1.3867E-012
3367 1.3729E-012
3370 1.2252E-012
3372 1.2392E-012
3375 1.4465E-012
3378 1.4832E-012
3381 1.3375E-012
3383 1.4222E-012
3386 1.4594E-012
3389 1.4895E-012
3392 1.4421E-012
3394 1.4381E-012
3397 1.6080E-012
3400 1.7202E-012
3403 1.6514E-012
3405 1.5543E-012
3408 1.4909E-012
3411 1.4950E-012
3414 1.3964E-012
3416 1.4361E-012
3419 1.5799E-012
3422 1.5862E-012
3425 1.5283E-012
3427 1.5690E-012
3430 1.6756E-012
3433 1.5961E-012
3436 1.5595E-012
3438 1.3873E-012
3441 1.1269E-012
3444 1.1300E-012
3446 1.3009E-012
3449 1.4554E-012
3452 1.5053E-012
3455 1.5374E-012
3457 1.4861E-012
3460 1.3741E-012
3463 1.4330E-012
3466 1.5003E-012
3468 1.5598E-012
3471 1.5503E-012
3474 1.3791E-012
3477 1.3034E-012
3479 1.4743E-012
3482 1.5225E-012
3485 1.4883E-012
3488 1.5129E-012
3490 1.4144E-012
3493 1.3510E-012
3496 1.3957E-012
3499 1.5070E-012
3501 1.6820E-012
3504 1.7167E-012
3507 1.6722E-012
3510 1.5888E-012
3512 1.4921E-012
3515 1.4781E-012
3518 1.6390E-012
3521 1.5584E-012
3523 1.3732E-012
3526 1.3921E-012
3529 1.5060E-012
3532 1.6116E-012
3534 1.6684E-012
3537 1.7223E-012
3540 1.7533E-012
3543 1.7428E-012
3545 1.8058E-012
3548 1.7911E-012
3551 1.7901E-012
3554 1.6849E-012
3556 1.6339E-012
3559 1.6285E-012
3562 1.6845E-012
3565 1.5360E-012
3567 1.3145E-012
3570 1.2203E-012
3573 1.3160E-012
3576 1.4242E-012
3578 1.3695E-012
3581 1.1447E-012
3584 1.1088E-012
3587 1.1040E-012
3589 1.3084E-012
3592 1.5712E-012
3595 1.6505E-012
3598 1.7662E-012
3600 1.7730E-012
3603 1.6251E-012
3606 1.4717E-012
3609 1.3495E-012
3611 1.3816E-012
3614 1.4714E-012
3617 1.4863E-012
3620 1.3056E-012
3622 1.4916E-012
3625 1.6663E-012
3628 1.8046E-012
3631 1.5772E-012
3633 1.4011E-012
3636 1.5279E-012
3639 1.6897E-012
3642 1.7521E-012
3644 1.6140E-012
3647 1.4805E-012
3650 1.4966E-012
3653 1.6989E-012
3655 1.8731E-012
3658 1.9511E-012
3661 1.9915E-012
3664 1.9344E-012
3666 1.8805E-012
3669 1.8503E-012
3672 1.8668E-012
3675 1.8776E-012
3677 1.8347E-012
3680 1.6799E-012
3683 1.7154E-012
3686 1.7044E-012
3688 1.6526E-012
3691 1.8435E-012
3694 1.9429E-012
3697 1.9459E-012
3699 2.0138E-012
3702 1.9837E-012
3705 1.7247E-012
3708 1.5616E-012
3710 1.6664E-012
3713 1.9290E-012
3716 2.0321E-012
3719 1.7662E-012
3721 1.3905E-012
3724 1.5254E-012
3727 1.7573E-012
3730 1.7181E-012
3732 1.5363E-012
3735 1.1954E-012
3738 1.2444E-012
3741 1.5612E-012
3743 1.5816E-012
3746 1.3055E-012
3749 1.1943E-012
3752 1.4373E-012
3754 1.7470E-012
3757 1.8450E-012
3760 1.5641E-012
3763 1.6657E-012
3765 1.6559E-012
3768 1.6820E-012
3771 1.7840E-012
3774 1.9638E-012
3776 2.0727E-012
3779 2.1481E-012
3782 2.2401E-012
3785 2.2107E-012
3787 1.9604E-012
3790 1.8214E-012
3793 1.8033E-012
3796 1.6744E-012
3798 1.5961E-012
3801 1.7468E-012
3804 2.0327E-012
3807 2.0534E-012
3809 2.0391E-012
3812 2.0226E-012
3815 1.7060E-012
3818 1.5575E-012
3820 1.4832E-012
3823 1.4230E-012
3826 1.2463E-012
3829 1.1529E-012
3831 1.1645E-012
3834 1.0860E-012
3837 1.1287E-012
3840 1.1366E-012
3842 1.3838E-012
3845 1.7266E-012
3848 1.8514E-012
3851 1.8406E-012
3853 1.8324E-012
3856 1.7078E-012
3859 1.5665E-012
3862 1.5194E-012
3864 1.7346E-012
3867 1.8568E-012
3870 1.7635E-012
3873 1.6018E-012
3875 1.7173E-012
3878 1.6960E-012
3881 1.6373E-012
3884 1.6142E-012
3886 1.5349E-012
3889 1.4632E-012
3892 1.6718E-012
3895 1.8075E-012
3897 1.8909E-012
3900 1.8840E-012
3903 1.8333E-012
3906 1.7490E-012
3908 1.8780E-012
3911 2.0609E-012
3914 2.0967E-012
3916 2.0260E-012
3919 1.9074E-012
3922 1.7134E-012
3925 1.6330E-012
3927 1.3998E-012
3930 1.0151E-012
3933 7.3873E-013
3936 7.2093E-013
3938 1.0084E-012
3941 1.3350E-012
3944 1.4916E-012
3947 1.7175E-012
3949 1.8617E-012
3952 1.9806E-012
3955 1.9836E-012
3958 1.9150E-012
3960 1.8026E-012
3963 1.4209E-012
3966 1.1101E-012
3969 8.3634E-013
3971 9.5598E-013
3974 1.3259E-012
3977 1.7271E-012
3980 2.0564E-012
3982 2.1765E-012
3985 2.2450E-012
3988 2.3130E-012
3991 2.4045E-012
3993 2.4784E-012
3996 2.4590E-012
3999 2.4564E-012
4002 2.5381E-012
4004 2.4941E-012
4007 2.3703E-012
4010 2.5359E-012
4013 2.6149E-012
4015 2.6163E-012
4018 2.6016E-012
4021 2.6431E-012
4024 2.6498E-012
4026 2.6609E-012
4029 2.6297E-012
4032 2.4291E-012
4035 2.4036E-012
4037 2.6024E-012
4040 2.6896E-012
4043 2.5727E-012
4046 2.2776E-012
4048 2.3844E-012
4051 2.5709E-012
4054 2.5676E-012
4057 2.4662E-012
4059 2.4515E-012
4062 2.4462E-012
4065 2.2716E-012
4068 2.3787E-012
4070 2.4801E-012
4073 2.3851E-012
4076 2.4303E-012
4079 2.3481E-012
4081 2.5247E-012
4084 2.6046E-012
4087 2.6456E-012
4090 2.7742E-012
4092 2.7414E-012
4095 2.6297E-012
4098 2.4677E-012
4101 2.2587E-012
4103 2.1368E-012
4106 2.4008E-012
4109 2.5650E-012
4112 2.6359E-012
4114 2.7213E-012
4117 2.7923E-012
4120 2.7172E-012
4123 2.7122E-012
4125 2.7156E-012
4128 2.6473E-012
4131 2.5956E-012
4134 2.5800E-012
4136 2.6807E-012
4139 2.7886E-012
4142 2.7497E-012
4145 2.5404E-012
4147 2.6286E-012
4150 2.6997E-012
4153 2.6733E-012
4156 2.5663E-012
4158 2.6264E-012
4161 2.7285E-012
4164 2.8113E-012
4167 2.7871E-012
4169 2.6927E-012
4172 2.5974E-012
4175 2.4713E-012
4178 2.5496E-012
4180 2.6164E-012
4183 2.5888E-012
4186 2.5615E-012
4189 2.4941E-012
4191 2.6242E-012
4194 2.6986E-012
4197 2.5760E-012
4200 2.4315E-012
4202 2.4512E-012
4205 2.5950E-012
4208 2.7250E-012
4211 2.7566E-012
4213 2.7597E-012
4216 2.6736E-012
4219 2.6500E-012
4222 2.6586E-012
4224 2.4847E-012
4227 2.1729E-012
4230 2.3545E-012
4233 2.5968E-012
4235 2.5516E-012
4238 2.4577E-012
4241 2.5183E-012
4244 2.6133E-012
4246 2.6189E-012
4249 2.4782E-012
4252 2.4241E-012
4255 2.5239E-012
4257 2.5266E-012
4260 2.4629E-012
4263 2.5036E-012
4266 2.6289E-012
4268 2.5935E-012
4271 2.3541E-012
4274 2.2035E-012
4277 2.3329E-012
4279 2.5366E-012
4282 2.4615E-012
4285 2.4110E-012
4288 2.3380E-012
4290 2.2253E-012
4293 2.2630E-012
4296 2.2659E-012
4299 2.0754E-012
4301 1.8329E-012
4304 1.8172E-012
4307 1.8188E-012
4310 1.7375E-012
4312 1.8927E-012
4315 2.2545E-012
4318 2.6110E-012
4321 2.7554E-012
4323 2.5462E-012
4326 2.2240E-012
4329 2.4313E-012
4332 2.6774E-012
4334 2.7089E-012
4337 2.5599E-012
4340 2.2715E-012
4342 2.1034E-012
4345 2.4246E-012
4348 2.6196E-012
4351 2.6724E-012
4353 2.4908E-012
4356 2.6241E-012
4359 2.7099E-012
4362 2.7745E-012
4364 2.8277E-012
4367 2.8134E-012
4370 2.7197E-012
4373 2.6628E-012
4375 2.5643E-012
4378 2.6219E-012
4381 2.6037E-012
4384 2.3173E-012
4386 2.2644E-012
4389 2.4809E-012
4392 2.5697E-012
4395 2.6485E-012
4397 2.6826E-012
4400 2.6890E-012
4403 2.6063E-012
4406 2.4820E-012
4408 2.6069E-012
4411 2.7375E-012
4414 2.8495E-012
4417 2.7164E-012
4419 2.8296E-012
4422 2.9075E-012
4425 2.8335E-012
4428 2.8471E-012
4430 2.8733E-012
4433 2.8409E-012
4436 2.7593E-012
4439 2.8701E-012
4441 2.8953E-012
4444 2.8811E-012
4447 2.9255E-012
4450 2.9018E-012
4452 2.8389E-012
4455 2.7350E-012
4458 2.6414E-012
4461 2.6681E-012
4463 2.7171E-012
4466 2.8327E-012
4469 2.8477E-012
4472 2.8659E-012
4474 2.9789E-012
4477 3.0268E-012
4480 2.9900E-012
4483 2.8445E-012
4485 2.9665E-012
4488 3.0012E-012
4491 2.9154E-012
4494 2.9698E-012
4496 2.9352E-012
4499 3.0100E-012
4502 3.0444E-012
4505 3.1353E-012
4507 3.1669E-012
4510 3.1550E-012
4513 3.1249E-012
4516 3.0472E-012
4518 3.0459E-012
4521 3.0672E-012
4524 2.9937E-012
4527 2.8790E-012
4529 2.7553E-012
4532 2.7758E-012
4535 2.8149E-012
4538 2.9055E-012
4540 2.9943E-012
4543 3.0076E-012
4546 2.9525E-012
4549 2.8846E-012
4551 2.8587E-012
4554 2.8807E-012
4557 2.9186E-012
4560 3.0399E-012
4562 3.0782E-012
4565 3.0176E-012
4568 3.0086E-012
4571 3.0540E-012
4573 3.0278E-012
4576 3.0881E-012
4579 3.0650E-012
4582 2.9352E-012
4584 2.8887E-012
4587 2.9392E-012
4590 2.9988E-012
4592 2.9773E-012
4595 2.9606E-012
4598 2.9521E-012
4601 2.9637E-012
4603 2.9837E-012
4606 3.0180E-012
4609 3.0492E-012
4612 3.0660E-012
4614 3.0545E-012
4617 3.0645E-012
4620 3.0409E-012
4623 3.0753E-012
4625 3.0817E-012
4628 3.0848E-012
4631 3.0912E-012
4634 3.0693E-012
4636 3.0399E-012
4639 2.9923E-012
4642 3.0191E-012
4645 2.9949E-012
4647 2.9133E-012
4650 2.9366E-012
4653 2.9651E-012
4656 2.9799E-012
4658 3.0303E-012
4661 3.0615E-012
4664 2.9982E-012
4667 2.9093E-012
4669 2.8161E-012
4672 2.9473E-012
4675 2.9878E-012
4678 3.0188E-012
4680 2.9846E-012
4683 2.9663E-012
4686 2.9725E-012
4689 2.9977E-012
4691 2.9995E-012
4694 2.9931E-012
4697 3.0280E-012
4700 2.9434E-012
4702 2.8630E-012
4705 2.8392E-012
4708 2.8644E-012
4711 2.9010E-012
4713 2.9394E-012
4716 2.9709E-012
4719 3.0514E-012
4722 3.1025E-012
4724 3.0822E-012
4727 3.0330E-012
4730 2.9804E-012
4733 2.9398E-012
4735 2.9838E-012
4738 2.9770E-012
4741 3.0096E-012
4744 3.0214E-012
4746 3.0524E-012
4749 3.0790E-012
4752 3.0585E-012
4754 2.9939E-012
4757 2.9607E-012
4760 2.9995E-012
4763 2.9476E-012
4765 2.9338E-012
4768 2.9434E-012
4771 3.0137E-012
4774 3.0404E-012
4776 3.0715E-012
4779 3.0883E-012
4782 3.0581E-012
4785 3.0069E-012
4787 2.9633E-012
4790 2.9538E-012
4793 3.0058E-012
4796 3.0485E-012
4798 3.0517E-012
4801 3.0137E-012
4804 3.0092E-012
4807 2.9961E-012
4809 2.9812E-012
4812 3.0277E-012
4815 3.0346E-012
4818 3.0570E-012
4820 3.0343E-012
4823 3.0135E-012
4826 2.9909E-012
4829 2.9923E-012
4831 2.9778E-012
4834 2.9717E-012
4837 2.9683E-012
4840 2.9445E-012
4842 2.9220E-012
4845 2.9428E-012
4848 2.9432E-012
4851 2.9210E-012
4853 2.8697E-012
4856 2.7337E-012
4859 2.5305E-012
4862 2.3703E-012
4864 2.3166E-012
4867 2.5635E-012
4870 2.6780E-012
4873 2.6077E-012
4875 2.6936E-012
4878 2.7948E-012
4881 2.8758E-012
4884 2.8832E-012
4886 2.8003E-012
4889 2.7554E-012
4892 2.7213E-012
4894 2.8467E-012
4897 2.9310E-012
4900 2.9691E-012
4903 2.9507E-012
4905 2.9122E-012
4908 2.9271E-012
4911 2.8686E-012
4914 2.8676E-012
4916 2.8835E-012
4919 2.7353E-012
4922 2.6229E-012
4925 2.7352E-012
4927 2.8416E-012
4930 2.9349E-012
4933 2.8973E-012
4936 2.8331E-012
4938 2.8138E-012
4941 2.8238E-012
4944 2.9227E-012
4947 2.9778E-012
4949 2.9951E-012
4952 2.9721E-012
4955 2.9146E-012
4958 2.8112E-012
4960 2.8056E-012
4963 2.9383E-012
4966 2.9508E-012
4969 2.9023E-012
4971 2.9125E-012
4974 2.9504E-012
4977 2.9600E-012
4980 2.9024E-012
4982 2.7959E-012
4985 2.7135E-012
4988 2.7749E-012
4991 2.8650E-012
4993 2.8900E-012
4996 2.9078E-012
4999 2.8892E-012
5001 2.8157E-012
5004 2.7853E-012
5007 2.7215E-012
5010 2.7640E-012
5012 2.7877E-012
5015 2.7237E-012
5018 2.7307E-012
5021 2.7608E-012
5023 2.8060E-012
5026 2.8181E-012
5029 2.8218E-012
5032 2.8360E-012
5034 2.9168E-012
5037 2.8408E-012
5040 2.7610E-012
5043 2.6818E-012
5045 2.8196E-012
5048 2.9007E-012
5051 2.8511E-012
5054 2.8606E-012
5056 2.9398E-012
5059 2.9664E-012
5062 2.9648E-012
5065 2.9196E-012
5067 2.8589E-012
5070 2.8529E-012
5073 2.8486E-012
5076 2.8453E-012
5078 2.8248E-012
5081 2.7371E-012
5084 2.7586E-012
5087 2.8550E-012
5089 2.8997E-012
5092 2.9300E-012
5095 2.9369E-012
5097 2.8824E-012
5100 2.8530E-012
5103 2.8515E-012
5106 2.8621E-012
5108 2.8161E-012
5111 2.7752E-012
5114 2.8608E-012
5117 2.9251E-012
5119 2.9465E-012
5122 2.8815E-012
5125 2.8026E-012
5128 2.7584E-012
5130 2.7762E-012
5133 2.7900E-012
5136 2.7917E-012
5139 2.7327E-012
5141 2.6773E-012
5144 2.7011E-012
5147 2.7439E-012
5150 2.7607E-012
5152 2.7617E-012
5155 2.7766E-012
5158 2.8049E-012
5161 2.8044E-012
5163 2.7406E-012
5166 2.5785E-012
5169 2.2725E-012
5172 2.2991E-012
5174 2.2445E-012
5177 2.5565E-012
5180 2.6615E-012
5182 2.5316E-012
5185 2.4342E-012
5188 2.5009E-012
5191 2.6325E-012
5193 2.6063E-012
5196 2.6503E-012
5199 2.7163E-012
5202 2.7710E-012
5204 2.7211E-012
5207 2.6320E-012
5210 2.6749E-012
5213 2.7586E-012
5215 2.8016E-012
5218 2.7368E-012
5221 2.8135E-012
5224 2.8192E-012
5226 2.6785E-012
5229 2.5769E-012
5232 2.6987E-012
5235 2.6720E-012
5237 2.7783E-012
5240 2.8393E-012
5243 2.8782E-012
5246 2.8504E-012
5248 2.8339E-012
5251 2.7929E-012
5254 2.7892E-012
5256 2.7991E-012
5259 2.8634E-012
5262 2.7432E-012
5265 2.5445E-012
5267 2.4713E-012
5270 2.4400E-012
5273 2.5569E-012
5276 2.6529E-012
5278 2.7436E-012
5281 2.7852E-012
5284 2.7370E-012
5287 2.8045E-012
5289 2.8868E-012
5292 2.9107E-012
5295 2.8663E-012
5298 2.7934E-012
5300 2.7534E-012
5303 2.7931E-012
5306 2.8453E-012
5309 2.8802E-012
5311 2.9157E-012
5314 2.8963E-012
5317 2.8587E-012
5319 2.8480E-012
5322 2.8111E-012
5325 2.6904E-012
5328 2.6110E-012
5330 2.5848E-012
5333 2.7590E-012
5336 2.8023E-012
5339 2.7912E-012
5341 2.7134E-012
5344 2.7729E-012
5347 2.7725E-012
5350 2.7792E-012
5352 2.8322E-012
5355 2.8686E-012
5358 2.9029E-012
5361 2.8874E-012
5363 2.8357E-012
5366 2.7691E-012
5369 2.7350E-012
5372 2.6550E-012
5374 2.7316E-012
5377 2.8396E-012
5380 2.8172E-012
5383 2.7896E-012
5385 2.7826E-012
5388 2.8123E-012
5391 2.7664E-012
5393 2.7017E-012
5396 2.6873E-012
5399 2.6720E-012
5402 2.6897E-012
5404 2.6387E-012
5407 2.6149E-012
5410 2.6644E-012
5413 2.6890E-012
5415 2.7242E-012
5418 2.7597E-012
5421 2.7696E-012
5424 2.7521E-012
5426 2.7230E-012
5429 2.7294E-012
5432 2.7154E-012
5435 2.7157E-012
5437 2.7569E-012
5440 2.8315E-012
5443 2.8104E-012
5445 2.7601E-012
5448 2.7234E-012
5452 2.7692E-012
5456 2.7655E-012
5461 2.7890E-012
5466 2.7351E-012
5471 2.7689E-012
5476 2.7271E-012
5481 2.7104E-012
5486 2.7443E-012
5491 2.7633E-012
5495 2.7799E-012
5500 2.7603E-012
5505 2.7403E-012
5510 2.7430E-012
5515 2.7362E-012
5520 2.7670E-012
5525 2.7658E-012
5529 2.7077E-012
5534 2.7175E-012
5539 2.7344E-012
5544 2.7523E-012
5549 2.7737E-012
5554 2.7515E-012
5559 2.7330E-012
5564 2.7030E-012
5568 2.6712E-012
5573 2.6641E-012
5578 2.6681E-012
5583 2.6576E-012
5588 2.5866E-012
5593 2.6007E-012
5598 2.6202E-012
5603 2.6439E-012
5607 2.7041E-012
5612 2.7029E-012
5617 2.6651E-012
5622 2.6636E-012
5627 2.6518E-012
5632 2.7017E-012
5637 2.6960E-012
5642 2.6714E-012
5646 2.6846E-012
5651 2.6779E-012
5656 2.6470E-012
5661 2.6406E-012
5666 2.6643E-012
5671 2.6910E-012
5676 2.7102E-012
5681 2.6685E-012
5685 2.6544E-012
5690 2.6583E-012
5695 2.6614E-012
5700 2.6561E-012
5705 2.6211E-012
5710 2.5777E-012
5715 2.6291E-012
5720 2.6893E-012
5724 2.7218E-012
5729 2.7156E-012
5734 2.7009E-012
5739 2.7024E-012
5744 2.7078E-012
5749 2.6851E-012
5754 2.6610E-012
5759 2.6619E-012
5763 2.6475E-012
5768 2.6865E-012
5773 2.6769E-012
5778 2.6689E-012
5783 2.6242E-012
5788 2.6150E-012
5793 2.6377E-012
5798 2.6596E-012
5802 2.6683E-012
5807 2.6562E-012
5812 2.6574E-012
5817 2.6321E-012
5822 2.6624E-012
5827 2.6787E-012
5832 2.6731E-012
5837 2.6569E-012
5841 2.6628E-012
5846 2.6547E-012
5851 2.6350E-012
5856 2.6060E-012
5861 2.5955E-012
5866 2.6179E-012
5871 2.6401E-012
5876 2.6310E-012
5880 2.6158E-012
5885 2.5626E-012
5890 2.4259E-012
5895 2.4229E-012
5900 2.4940E-012
5905 2.5674E-012
5910 2.6102E-012
5915 2.6000E-012
5919 2.6048E-012
5924 2.6101E-012
5929 2.6027E-012
5934 2.6012E-012
5939 2.6138E-012
5944 2.5871E-012
5949 2.5904E-012
5954 2.5909E-012
5958 2.5967E-012
5963 2.6112E-012
5968 2.6085E-012
5973 2.5855E-012
5978 2.5544E-012
5983 2.5584E-012
5988 2.5619E-012
5993 2.5719E-012
5997 2.5697E-012
6002 2.5562E-012
6007 2.5419E-012
6012 2.5370E-012
6017 2.5291E-012
6022 2.4943E-012
6027 2.5247E-012
6032 2.5593E-012
6036 2.5653E-012
6041 2.5762E-012
6046 2.5684E-012
6051 2.5587E-012
6056 2.5390E-012
6061 2.5338E-012
6066 2.5256E-012
6071 2.5409E-012
6075 2.5465E-012
6080 2.5255E-012
6085 2.5196E-012
6090 2.5146E-012
6095 2.4874E-012
6100 2.4874E-012
6105 2.4660E-012
6110 2.4988E-012
6114 2.4747E-012
6119 2.4694E-012
6124 2.4577E-012
6129 2.4640E-012
6134 2.4603E-012
6139 2.4273E-012
6144 2.4395E-012
6149 2.4411E-012
6153 2.4439E-012
6158 2.4194E-012
6163 2.3672E-012
6168 2.3864E-012
6173 2.4169E-012
6178 2.4490E-012
6183 2.4572E-012
6188 2.4556E-012
6192 2.4358E-012
6197 2.4692E-012
6202 2.4716E-012
6207 2.4765E-012
6212 2.4584E-012
6217 2.4228E-012
6222 2.4227E-012
6227 2.4267E-012
6232 2.4054E-012
6236 2.4258E-012
6241 2.4036E-012
6246 2.3776E-012
6251 2.3822E-012
6256 2.3652E-012
6261 2.3860E-012
6266 2.4058E-012
6271 2.4258E-012
6275 2.4344E-012
6280 2.4212E-012
6285 2.4366E-012
6290 2.4309E-012
6295 2.4261E-012
6300 2.4013E-012
6305 2.3726E-012
6310 2.3857E-012
6314 2.3570E-012
6319 2.3425E-012
6324 2.3570E-012
6329 2.3405E-012
6334 2.3264E-012
6339 2.3384E-012
6344 2.3587E-012
6349 2.3848E-012
6353 2.3811E-012
6358 2.3599E-012
6363 2.3515E-012
6368 2.3545E-012
6373 2.3757E-012
6378 2.3840E-012
6383 2.3872E-012
6388 2.3867E-012
6393 2.3559E-012
6397 2.3318E-012
6402 2.3251E-012
6407 2.3130E-012
6412 2.3119E-012
6417 2.3221E-012
6422 2.3255E-012
6427 2.3412E-012
6432 2.3236E-012
6436 2.3182E-012
6441 2.2944E-012
6446 2.3183E-012
6451 2.3007E-012
6456 2.3134E-012
6461 2.2981E-012
6466 2.3026E-012
6471 2.3027E-012
6475 2.3082E-012
6480 2.3143E-012
6485 2.3112E-012
6490 2.2946E-012
6495 2.2501E-012
6500 2.2376E-012
6505 2.2913E-012
6510 2.3091E-012
6515 2.3145E-012
6519 2.2943E-012
6524 2.2957E-012
6529 2.2911E-012
6534 2.2911E-012
6539 2.2848E-012
6544 2.2661E-012
6549 2.2302E-012
6554 2.1487E-012
6558 2.0573E-012
6563 1.9345E-012
6568 1.9955E-012
6573 2.1265E-012
6578 2.1916E-012
6583 2.2331E-012
6588 2.2450E-012
6593 2.2164E-012
6597 2.2364E-012
6602 2.2446E-012
6607 2.2520E-012
6612 2.2607E-012
6617 2.2663E-012
6622 2.2621E-012
6627 2.2643E-012
6632 2.2534E-012
6637 2.2346E-012
6641 2.2403E-012
6646 2.2440E-012
6651 2.2595E-012
6656 2.2576E-012
6661 2.2574E-012
6666 2.2477E-012
6671 2.2291E-012
6676 2.2441E-012
6680 2.2348E-012
6685 2.2513E-012
6690 2.2424E-012
6695 2.2429E-012
6700 2.2153E-012
6705 2.2238E-012
6710 2.2144E-012
6715 2.2150E-012
6720 2.1872E-012
6724 2.1889E-012
6729 2.2066E-012
6734 2.2151E-012
6739 2.2122E-012
6744 2.2010E-012
6749 2.1794E-012
6754 2.1966E-012
6759 2.1938E-012
6763 2.1841E-012
6768 2.1951E-012
6773 2.1858E-012
6778 2.2060E-012
6783 2.1945E-012
6788 2.1907E-012
6793 2.1968E-012
6798 2.1841E-012
6803 2.1862E-012
6807 2.1874E-012
6812 2.1748E-012
6817 2.1717E-012
6822 2.1719E-012
6827 2.1759E-012
6832 2.1563E-012
6837 2.1572E-012
6842 2.1466E-012
6846 2.1385E-012
6851 2.1395E-012
6856 2.1383E-012
6861 2.1329E-012
6866 2.1401E-012
6871 2.1643E-012
6876 2.1471E-012
6881 2.1344E-012
6886 2.1359E-012
6890 2.1432E-012
6895 2.1496E-012
6900 2.1479E-012
6905 2.1394E-012
6910 2.1419E-012
6915 2.1224E-012
6920 2.1196E-012
6925 2.1220E-012
6929 2.1201E-012
6934 2.1132E-012
6939 2.1194E-012
6944 2.1129E-012
6949 2.0974E-012
6954 2.1118E-012
6959 2.1133E-012
6964 2.1170E-012
6969 2.1052E-012
6973 2.0975E-012
6978 2.0690E-012
6983 2.0776E-012
6988 2.0831E-012
6993 2.1002E-012
6998 2.0731E-012
7003 2.0597E-012
7008 2.0551E-012
7012 2.0530E-012
7017 2.0499E-012
7022 2.0560E-012
7027 2.0467E-012
7032 2.0552E-012
7037 2.0557E-012
7042 2.0609E-012
7047 2.0601E-012
7052 2.0764E-012
7056 2.0655E-012
7061 2.0570E-012
7066 2.0521E-012
7071 2.0419E-012
7076 2.0555E-012
7081 2.0538E-012
7086 2.0419E-012
7091 2.0305E-012
7095 2.0436E-012
7100 2.0394E-012
7105 2.0390E-012
7110 2.0346E-012
7115 2.0256E-012
7120 2.0278E-012
7125 2.0201E-012
7130 2.0211E-012
7135 2.0108E-012
7139 2.0126E-012
7144 2.0224E-012
7149 2.0032E-012
7154 2.0085E-012
7159 2.0176E-012
7164 1.9970E-012
7169 1.9889E-012
7174 1.9993E-012
7178 1.9903E-012
7183 1.9761E-012
7188 1.9490E-012
7193 1.9676E-012
7198 1.9569E-012
7203 1.9613E-012
7208 1.9564E-012
7213 1.9654E-012
7218 1.9752E-012
7222 1.9672E-012
7227 1.9586E-012
7232 1.9777E-012
7237 1.9873E-012
7242 1.9692E-012
7247 1.9677E-012
7252 1.9644E-012
7257 1.9745E-012
7262 1.9644E-012
7266 1.9579E-012
7271 1.9565E-012
7276 1.9613E-012
7281 1.9413E-012
7286 1.9218E-012
7291 1.9224E-012
7296 1.9306E-012
7301 1.9432E-012
7305 1.9345E-012
7310 1.9347E-012
7315 1.9414E-012
7320 1.9452E-012
7325 1.9374E-012
7330 1.9346E-012
7335 1.9503E-012
7340 1.9435E-012
7345 1.9313E-012
7349 1.9248E-012
7354 1.9222E-012
7359 1.9335E-012
7364 1.9208E-012
7369 1.9221E-012
7374 1.9142E-012
7379 1.9000E-012
7384 1.8973E-012
7389 1.8756E-012
7393 1.8801E-012
7398 1.8795E-012
7403 1.8743E-012
7408 1.8673E-012
7413 1.8577E-012
7418 1.8652E-012
7423 1.8544E-012
7428 1.8748E-012
7432 1.8867E-012
7437 1.8917E-012
7442 1.8730E-012
7447 1.8682E-012
7452 1.8732E-012
7457 1.8769E-012
7462 1.8716E-012
7467 1.8759E-012
7472 1.8787E-012
7476 1.8812E-012
7481 1.8710E-012
7486 1.8651E-012
7491 1.8558E-012
7496 1.8403E-012
7501 1.8508E-012
7506 1.8481E-012
7511 1.8351E-012
7515 1.8469E-012
7520 1.8554E-012
7525 1.8390E-012
7530 1.8540E-012
7535 1.8518E-012
7540 1.8508E-012
7545 1.8486E-012
7550 1.8569E-012
7555 1.8418E-012
7559 1.8346E-012
7564 1.8422E-012
7569 1.8283E-012
7574 1.8265E-012
7579 1.8336E-012
7584 1.8254E-012
7589 1.8182E-012
7594 1.8301E-012
7599 1.8340E-012
7603 1.8173E-012
7608 1.8134E-012
7613 1.8196E-012
7618 1.8047E-012
7623 1.8092E-012
7628 1.8181E-012
7633 1.8195E-012
7638 1.8188E-012
7642 1.8179E-012
7647 1.8067E-012
7652 1.7926E-012
7657 1.7717E-012
7662 1.7490E-012
7667 1.7518E-012
7672 1.7884E-012
7677 1.8010E-012
7682 1.7893E-012
7686 1.7866E-012
7691 1.7771E-012
7696 1.7757E-012
7701 1.7700E-012
7706 1.7919E-012
7711 1.7788E-012
7716 1.7600E-012
7721 1.7701E-012
7726 1.7718E-012
7730 1.7790E-012
7735 1.7839E-012
7740 1.7670E-012
7745 1.7563E-012
7750 1.7535E-012
7755 1.7635E-012
7760 1.7812E-012
7765 1.7742E-012
7769 1.7692E-012
7774 1.7532E-012
7779 1.7558E-012
7784 1.7388E-012
7789 1.7454E-012
7794 1.7502E-012
7799 1.7510E-012
7804 1.7473E-012
7809 1.7518E-012
7813 1.7515E-012
7818 1.7564E-012
7823 1.7549E-012
7828 1.7411E-012
7833 1.7335E-012
7838 1.7320E-012
7843 1.7410E-012
7848 1.7337E-012
7853 1.7317E-012
7857 1.7364E-012
7862 1.7463E-012
7867 1.7455E-012
7872 1.7353E-012
7877 1.7327E-012
7882 1.7260E-012
7887 1.7196E-012
7892 1.7207E-012
7896 1.7394E-012
7901 1.7375E-012
7906 1.7372E-012
7911 1.7155E-012
7916 1.7088E-012
7921 1.7094E-012
7926 1.6993E-012
7931 1.6931E-012
7936 1.6729E-012
7940 1.6719E-012
7945 1.6607E-012
7950 1.6782E-012
7955 1.6986E-012
7960 1.6961E-012
7965 1.6966E-012
7970 1.6877E-012
7975 1.6871E-012
7980 1.7012E-012
7984 1.7011E-012
7989 1.6947E-012
7994 1.6876E-012
7999 1.6713E-012
8004 1.6675E-012
8009 1.6720E-012
8014 1.6795E-012
8019 1.6791E-012
8023 1.6760E-012
8028 1.6676E-012
8033 1.6534E-012
8038 1.6581E-012
8043 1.6636E-012
8048 1.6365E-012
8053 1.6462E-012
8058 1.6463E-012
8063 1.6566E-012
8067 1.6569E-012
8072 1.6486E-012
8077 1.6398E-012
8082 1.6410E-012
8087 1.6261E-012
8092 1.6223E-012
8097 1.6289E-012
8102 1.6158E-012
8107 1.6385E-012
8111 1.6411E-012
8116 1.6406E-012
8121 1.6521E-012
8126 1.6418E-012
8131 1.6367E-012
8136 1.6345E-012
8141 1.6256E-012
8146 1.6253E-012
8150 1.6220E-012
8155 1.6260E-012
8160 1.6299E-012
8165 1.6237E-012
8170 1.6261E-012
8175 1.6058E-012
8180 1.5975E-012
8185 1.5858E-012
8190 1.5812E-012
8194 1.5653E-012
8199 1.5723E-012
8204 1.5773E-012
8209 1.5757E-012
8214 1.5686E-012
8219 1.5689E-012
8224 1.5687E-012
8229 1.5866E-012
8234 1.5752E-012
8238 1.5756E-012
8243 1.5883E-012
8248 1.5787E-012
8253 1.5800E-012
8258 1.5838E-012
8263 1.5877E-012
8268 1.5737E-012
8273 1.5720E-012
8277 1.5770E-012
8282 1.5803E-012
8287 1.5761E-012
8292 1.5650E-012
8297 1.5622E-012
8302 1.5641E-012
8307 1.5655E-012
8312 1.5563E-012
8317 1.5522E-012
8321 1.5514E-012
8326 1.5384E-012
8331 1.5183E-012
8336 1.5251E-012
8341 1.5225E-012
8346 1.5216E-012
8351 1.5286E-012
8356 1.5376E-012
8361 1.5355E-012
8365 1.5300E-012
8370 1.5369E-012
8375 1.5386E-012
8380 1.5360E-012
8385 1.5374E-012
8390 1.5317E-012
8395 1.5373E-012
8400 1.5410E-012
8404 1.5337E-012
8409 1.5327E-012
8414 1.5287E-012
8419 1.5269E-012
8424 1.5266E-012
8429 1.5226E-012
8434 1.5213E-012
8439 1.5046E-012
8444 1.4974E-012
8448 1.5018E-012
8453 1.5059E-012
8458 1.5056E-012
8463 1.5136E-012
8468 1.5086E-012
8473 1.5038E-012
8478 1.5124E-012
8483 1.4996E-012
8487 1.4979E-012
8492 1.4796E-012
8497 1.4258E-012
8502 1.3959E-012
8507 1.4542E-012
8512 1.4752E-012
8517 1.4781E-012
8522 1.4698E-012
8527 1.4588E-012
8531 1.4150E-012
8536 1.3835E-012
8541 1.3158E-012
8546 1.2434E-012
8551 1.3696E-012
8556 1.3852E-012
8561 1.4352E-012
8566 1.4746E-012
8571 1.4767E-012
8575 1.4807E-012
8580 1.4789E-012
8585 1.4732E-012
8590 1.4710E-012
8595 1.4698E-012
8600 1.4521E-012
8605 1.4528E-012
8610 1.4603E-012
8614 1.4515E-012
8619 1.4495E-012
8624 1.4489E-012
8629 1.4546E-012
8634 1.4367E-012
8639 1.4416E-012
8644 1.4420E-012
8649 1.4170E-012
8654 1.3860E-012
8658 1.3205E-012
8663 1.2662E-012
8668 1.2823E-012
8673 1.3699E-012
8678 1.3821E-012
8683 1.4117E-012
8688 1.4145E-012
8693 1.4215E-012
8697 1.4288E-012
8702 1.4295E-012
8707 1.4373E-012
8712 1.4289E-012
8717 1.4251E-012
8722 1.4292E-012
8727 1.4302E-012
8732 1.4157E-012
8737 1.4138E-012
8741 1.4077E-012
8746 1.4112E-012
8751 1.3940E-012
8756 1.3972E-012
8761 1.4053E-012
8766 1.4035E-012
8771 1.4081E-012
8776 1.3974E-012
8780 1.4119E-012
8785 1.4083E-012
8790 1.4064E-012
8795 1.3828E-012
8800 1.3930E-012
8805 1.3841E-012
8810 1.3807E-012
8815 1.3886E-012
8820 1.3969E-012
8824 1.3876E-012
8829 1.3951E-012
8834 1.4009E-012
8839 1.3969E-012
8844 1.4023E-012
8849 1.3992E-012
8854 1.3880E-012
8859 1.3794E-012
8863 1.3709E-012
8868 1.3702E-012
8873 1.3781E-012
8878 1.3881E-012
8883 1.3865E-012
8888 1.3830E-012
8893 1.3735E-012
8898 1.3712E-012
8903 1.3651E-012
8907 1.3754E-012
8912 1.3858E-012
8917 1.3865E-012
8922 1.3933E-012
8927 1.3745E-012
8932 1.3623E-012
8937 1.3643E-012
8942 1.3584E-012
8946 1.3586E-012
8951 1.3617E-012
8956 1.3730E-012
8961 1.3732E-012
8966 1.3713E-012
8971 1.3596E-012
8976 1.3553E-012
8981 1.3560E-012
8986 1.3584E-012
8990 1.3580E-012
8995 1.3465E-012
9000 1.3360E-012
9005 1.3146E-012
9010 1.3062E-012
9015 1.3114E-012
9020 1.3202E-012
9025 1.3251E-012
9029 1.3393E-012
9034 1.3543E-012
9039 1.3506E-012
9044 1.3495E-012
9049 1.3427E-012
9054 1.3315E-012
9059 1.3323E-012
9064 1.3260E-012
9069 1.3305E-012
9073 1.3473E-012
9078 1.3304E-012
9083 1.3213E-012
9088 1.3046E-012
9093 1.2937E-012
9098 1.3052E-012
9103 1.3135E-012
9108 1.3144E-012
9112 1.3137E-012
9117 1.3151E-012
9122 1.3072E-012
9127 1.3109E-012
9132 1.3257E-012
9137 1.3220E-012
9142 1.3182E-012
9147 1.3226E-012
9151 1.3132E-012
9156 1.3326E-012
9161 1.3287E-012
9166 1.3134E-012
9171 1.3002E-012
9176 1.2981E-012
9181 1.2937E-012
9186 1.3002E-012
9191 1.3107E-012
9195 1.3041E-012
9200 1.3038E-012
9205 1.2874E-012
9210 1.2712E-012
9215 1.2548E-012
9220 1.2529E-012
9225 1.2552E-012
9230 1.2451E-012
9234 1.2545E-012
9239 1.2599E-012
9244 1.2473E-012
9249 1.2477E-012
9254 1.2507E-012
9259 1.2453E-012
9264 1.2570E-012
9269 1.2600E-012
9273 1.2662E-012
9278 1.2735E-012
9283 1.2699E-012
9288 1.2788E-012
9293 1.2784E-012
9298 1.2786E-012
9303 1.2773E-012
9308 1.2735E-012
9313 1.2595E-012
9317 1.2511E-012
9322 1.2533E-012
9327 1.2606E-012
9332 1.2617E-012
9337 1.2597E-012
9342 1.2540E-012
9347 1.2549E-012
9352 1.2575E-012
9356 1.2568E-012
9361 1.2548E-012
9366 1.2531E-012
9371 1.2472E-012
9376 1.2476E-012
9381 1.2448E-012
9386 1.2470E-012
9391 1.2505E-012
9395 1.2414E-012
9400 1.2342E-012
9405 1.2186E-012
9410 1.2172E-012
9415 1.1953E-012
9420 1.1935E-012
9425 1.2091E-012
9430 1.2199E-012
9435 1.2264E-012
9439 1.2201E-012
9444 1.2210E-012
9449 1.2188E-012
9454 1.2186E-012
9459 1.2220E-012
9464 1.2238E-012
9469 1.2219E-012
9474 1.2263E-012
9478 1.2290E-012
9483 1.2283E-012
9488 1.2265E-012
9493 1.2116E-012
9498 1.2143E-012
9503 1.2090E-012
9508 1.2076E-012
9513 1.2093E-012
9517 1.2115E-012
9522 1.1995E-012
9527 1.2021E-012
9532 1.2024E-012
9537 1.1869E-012
9542 1.1885E-012
9547 1.1712E-012
9552 1.1620E-012
9556 1.1668E-012
9561 1.1935E-012
9566 1.1913E-012
9571 1.1872E-012
9576 1.1821E-012
9581 1.1780E-012
9586 1.1835E-012
9591 1.1853E-012
9595 1.1785E-012
9600 1.1823E-012
9605 1.1684E-012
9610 1.1675E-012
9615 1.1912E-012
9620 1.1796E-012
9625 1.1820E-012
9630 1.1810E-012
9635 1.1762E-012
9639 1.1654E-012
9644 1.1612E-012
9649 1.1570E-012
9654 1.1620E-012
9659 1.1660E-012
9664 1.1679E-012
9669 1.1723E-012
9674 1.1691E-012
9678 1.1586E-012
9683 1.1630E-012
9688 1.1667E-012
9693 1.1635E-012
9698 1.1704E-012
9703 1.1731E-012
9708 1.1526E-012
9713 1.1569E-012
9717 1.1469E-012
9722 1.1475E-012
9727 1.1428E-012
9732 1.1460E-012
9737 1.1389E-012
9742 1.1423E-012
9747 1.1410E-012
9752 1.1479E-012
9756 1.1406E-012
9761 1.1453E-012
9766 1.1427E-012
9771 1.1450E-012
9776 1.1420E-012
9781 1.1470E-012
9786 1.1508E-012
9791 1.1568E-012
9795 1.1393E-012
9800 1.1378E-012
9805 1.1348E-012
9810 1.1363E-012
9815 1.1261E-012
9820 1.1216E-012
9825 1.1167E-012
9830 1.1223E-012
9834 1.1290E-012
9839 1.1256E-012
9844 1.1228E-012
9849 1.1279E-012
9854 1.1246E-012
9859 1.1242E-012
9864 1.1356E-012
9869 1.1137E-012
9873 1.1145E-012
9878 1.1305E-012
9883 1.1323E-012
9888 1.1200E-012
9893 1.1178E-012
9898 1.1173E-012
9903 1.1135E-012
9908 1.1085E-012
9912 1.1014E-012
9917 1.0974E-012
9922 1.1090E-012
9927 1.1097E-012
9932 1.1029E-012
9937 1.0985E-012
9942 1.1083E-012
9947 1.1067E-012
9951 1.0973E-012
9956 1.1009E-012
9961 1.1027E-012
9966 1.1011E-012
9971 1.1025E-012
9976 1.0992E-012
9981 1.0954E-012
9986 1.0902E-012
9990 1.0872E-012
9995 1.0996E-012
1E+004 1.0964E-012
1.001E+004 1.1096E-012
1.001E+004 1.0952E-012
1.001E+004 1.0998E-012
1.002E+004 1.0866E-012
1.002E+004 1.0884E-012
1.003E+004 1.0803E-012
1.003E+004 1.0720E-012
1.004E+004 1.0638E-012
1.004E+004 1.0553E-012
1.005E+004 1.0371E-012
1.005E+004 1.0388E-012
1.006E+004 1.0422E-012
1.006E+004 1.0544E-012
1.007E+004 1.0483E-012
1.007E+004 1.0564E-012
1.008E+004 1.0565E-012
1.008E+004 1.0509E-012
1.009E+004 1.0575E-012
1.009E+004 1.0711E-012
1.01E+004 1.0771E-012
1.01E+004 1.0625E-012
1.011E+004 1.0651E-012
1.011E+004 1.0729E-012
1.012E+004 1.0703E-012
1.013E+004 1.0661E-012
1.018E+004 1.0477E-012
1.023E+004 1.0417E-012
1.028E+004 1.0352E-012
1.033E+004 1.0186E-012
1.038E+004 1.0089E-012
1.043E+004 1.0015E-012
1.048E+004 9.8905E-013
1.053E+004 9.8259E-013
1.058E+004 9.6875E-013
1.063E+004 9.5838E-013
1.068E+004 9.3873E-013
1.073E+004 9.3392E-013
1.078E+004 9.2579E-013
1.083E+004 9.0805E-013
1.088E+004 9.0174E-013
1.093E+004 8.8498E-013
1.098E+004 8.7715E-013
1.103E+004 8.7818E-013
1.108E+004 8.7394E-013
1.113E+004 8.6381E-013
1.118E+004 8.5513E-013
1.123E+004 8.4899E-013
1.128E+004 8.3299E-013
1.133E+004 8.3022E-013
1.138E+004 8.2177E-013
1.143E+004 8.1033E-013
1.148E+004 8.1378E-013
1.153E+004 8.0581E-013
1.158E+004 7.9593E-013
1.163E+004 7.7991E-013
1.168E+004 7.7789E-013
1.173E+004 7.7675E-013
1.178E+004 7.6201E-013
1.183E+004 7.5384E-013
1.188E+004 7.4632E-013
1.193E+004 7.4962E-013
1.198E+004 7.2636E-013
1.203E+004 7.2831E-013
1.208E+004 7.1908E-013
1.213E+004 7.1968E-013
1.218E+004 7.1847E-013
1.223E+004 7.1126E-013
1.228E+004 7.0264E-013
1.233E+004 6.9797E-013
1.238E+004 6.9283E-013
1.243E+004 6.8388E-013
1.248E+004 6.8095E-013
1.253E+004 6.7370E-013
1.258E+004 6.6778E-013
1.263E+004 6.6118E-013
1.268E+004 6.5466E-013
1.273E+004 6.5232E-013
1.278E+004 6.4659E-013
1.283E+004 6.1249E-013
1.288E+004 6.3279E-013
1.293E+004 6.2795E-013
1.298E+004 6.2465E-013
1.303E+004 6.1701E-013
1.308E+004 6.1456E-013
1.313E+004 6.0284E-013
1.318E+004 5.9999E-013
1.323E+004 5.9913E-013
1.328E+004 5.9045E-013
1.333E+004 5.8666E-013
1.338E+004 5.8268E-013
1.343E+004 5.7934E-013
1.348E+004 5.7478E-013
1.353E+004 5.6932E-013
1.358E+004 5.6163E-013
1.363E+004 5.5896E-013
1.368E+004 5.5369E-013
1.373E+004 5.5093E-013
1.378E+004 5.4522E-013
1.383E+004 5.4217E-013
1.388E+004 5.3832E-013
1.393E+004 5.3486E-013
1.398E+004 5.3072E-013
1.403E+004 5.2221E-013
1.408E+004 5.2166E-013
1.413E+004 5.1320E-013
1.418E+004 5.1240E-013
1.423E+004 5.0301E-013
1.428E+004 4.9734E-013
1.433E+004 4.9837E-013
1.438E+004 4.9578E-013
1.443E+004 4.8540E-013
1.448E+004 4.8754E-013
1.453E+004 4.8019E-013
1.457E+004 4.7857E-013
1.462E+004 4.7600E-013
1.468E+004 4.7283E-013
1.473E+004 4.6477E-013
1.478E+004 4.6267E-013
1.483E+004 4.6067E-013
1.488E+004 4.4867E-013
1.493E+004 4.5741E-013
1.498E+004 4.5114E-013
1.503E+004 4.3653E-013
1.508E+004 4.3736E-013
1.513E+004 4.4219E-013
1.518E+004 4.3917E-013
1.523E+004 4.3393E-013
1.528E+004 4.3222E-013
1.533E+004 4.2816E-013
1.538E+004 4.2600E-013
1.543E+004 4.2305E-013
1.548E+004 4.1974E-013
1.553E+004 4.1516E-013
1.558E+004 4.1079E-013
1.563E+004 4.0962E-013
1.568E+004 4.0362E-013
1.573E+004 3.9995E-013
1.578E+004 3.8805E-013
1.583E+004 3.9288E-013
1.588E+004 3.8085E-013
1.593E+004 3.8488E-013
1.598E+004 3.8514E-013
1.605E+004 3.8011E-013
1.615E+004 3.7038E-013
1.625E+004 3.7097E-013
1.635E+004 3.6035E-013
1.645E+004 3.5051E-013
1.655E+004 3.5055E-013
1.665E+004 3.4372E-013
1.675E+004 3.3229E-013
1.685E+004 3.2259E-013
1.695E+004 3.2450E-013
1.705E+004 3.1557E-013
1.715E+004 3.0939E-013
1.725E+004 3.0200E-013
1.735E+004 2.8794E-013
1.745E+004 2.8956E-013
1.755E+004 2.8624E-013
1.765E+004 2.8042E-013
1.775E+004 2.7525E-013
1.785E+004 2.7028E-013
1.795E+004 2.6510E-013
1.805E+004 2.5957E-013
1.815E+004 2.4781E-013
1.825E+004 2.4774E-013
1.835E+004 2.4463E-013
1.845E+004 2.3829E-013
1.855E+004 2.3551E-013
1.865E+004 2.2921E-013
1.875E+004 2.1583E-013
1.885E+004 2.2112E-013
1.895E+004 2.1444E-013
1.905E+004 2.1441E-013
1.915E+004 2.1035E-013
1.925E+004 2.0597E-013
1.935E+004 2.0127E-013
1.945E+004 1.9076E-013
1.955E+004 1.9472E-013
1.965E+004 1.9111E-013
1.975E+004 1.8718E-013
1.985E+004 1.8446E-013
1.995E+004 1.8155E-013
2.005E+004 1.7917E-013
2.015E+004 1.7648E-013
2.025E+004 1.7211E-013
2.035E+004 1.6874E-013
2.045E+004 1.6726E-013
2.055E+004 1.6398E-013
2.065E+004 1.6022E-013
2.075E+004 1.5838E-013
2.085E+004 1.5557E-013
2.095E+004 1.5194E-013
2.105E+004 1.5066E-013
2.115E+004 1.4769E-013
2.125E+004 1.4511E-013
2.135E+004 1.4309E-013
2.145E+004 1.4082E-013
2.155E+004 1.3849E-013
2.165E+004 1.3115E-013
2.175E+004 1.3297E-013
2.185E+004 1.3084E-013
2.195E+004 1.2965E-013
2.205E+004 1.2637E-013
2.215E+004 1.2528E-013
2.225E+004 1.2304E-013
2.235E+004 1.2117E-013
2.245E+004 1.1905E-013
2.255E+004 1.1710E-013
2.265E+004 1.1513E-013
2.275E+004 1.1365E-013
2.285E+004 1.1128E-013
2.295E+004 1.0885E-013
2.305E+004 1.0797E-013
2.315E+004 1.0616E-013
2.325E+004 1.0301E-013
2.335E+004 1.0216E-013
2.345E+004 1.0141E-013
2.355E+004 9.7948E-014
2.365E+004 9.7744E-014
2.375E+004 9.6160E-014
2.385E+004 9.3246E-014
2.395E+004 9.3119E-014
2.405E+004 9.2107E-014
2.415E+004 8.9339E-014
2.425E+004 8.8823E-014
2.435E+004 8.7558E-014
2.445E+004 8.5914E-014
2.455E+004 8.4112E-014
2.465E+004 8.3828E-014
2.475E+004 8.2245E-014
2.485E+004 8.0190E-014
2.495E+004 8.0136E-014
2.505E+004 7.9143E-014
2.515E+004 7.7504E-014
2.525E+004 7.6925E-014
2.535E+004 7.5733E-014
2.545E+004 7.4220E-014
2.555E+004 7.3222E-014
2.565E+004 7.2250E-014
2.575E+004 7.1740E-014
2.585E+004 6.9739E-014
2.595E+004 6.9494E-014
2.605E+004 6.8729E-014
2.615E+004 6.7474E-014
2.625E+004 6.4154E-014
2.635E+004 6.5559E-014
2.645E+004 6.4494E-014
2.655E+004 6.3740E-014
2.665E+004 6.2380E-014
2.675E+004 6.2083E-014
2.685E+004 6.1617E-014
2.695E+004 6.0683E-014
2.705E+004 5.9910E-014
2.715E+004 5.9098E-014
2.725E+004 5.8275E-014
2.735E+004 5.7556E-014
2.745E+004 5.6829E-014
2.755E+004 5.5598E-014
2.765E+004 5.5047E-014
2.775E+004 5.4444E-014
2.785E+004 5.3801E-014
2.795E+004 5.3211E-014
2.805E+004 5.2438E-014
2.815E+004 5.1804E-014
2.825E+004 5.1094E-014
2.835E+004 5.0459E-014
2.845E+004 4.9725E-014
2.855E+004 4.9090E-014
2.865E+004 4.8378E-014
2.875E+004 4.7368E-014
2.885E+004 4.7228E-014
2.895E+004 4.6654E-014
2.905E+004 4.6051E-014
2.915E+004 4.5493E-014
2.925E+004 4.4747E-014
2.935E+004 4.4323E-014
2.945E+004 4.3656E-014
2.955E+004 4.3209E-014
2.965E+004 4.2702E-014
2.975E+004 4.2167E-014
2.985E+004 4.1611E-014
2.995E+004 4.0999E-014
3.005E+004 4.0581E-014
3.015E+004 4.0073E-014
3.025E+004 3.9558E-014
3.035E+004 3.8626E-014
3.045E+004 3.8355E-014
3.055E+004 3.8100E-014
3.065E+004 3.7580E-014
3.075E+004 3.7215E-014
3.085E+004 3.6697E-014
3.095E+004 3.6255E-014
3.105E+004 3.5896E-014
3.115E+004 3.5120E-014
3.125E+004 3.5000E-014
3.135E+004 3.4614E-014
3.145E+004 3.4173E-014
3.155E+004 3.3632E-014
3.165E+004 3.3291E-014
3.175E+004 3.2958E-014
3.185E+004 3.2584E-014
3.195E+004 3.2120E-014
3.21E+004 3.1586E-014
3.23E+004 3.0891E-014
3.25E+004 3.0147E-014
3.27E+004 2.9465E-014
3.29E+004 2.8506E-014
3.31E+004 2.7999E-014
3.33E+004 2.7410E-014
3.35E+004 2.6874E-014
3.37E+004 2.6232E-014
3.39E+004 2.5594E-014
3.41E+004 2.5002E-014
3.43E+004 2.4555E-014
3.45E+004 2.4057E-014
3.47E+004 2.3509E-014
3.49E+004 2.3011E-014
3.51E+004 2.2539E-014
3.53E+004 2.2007E-014
3.55E+004 2.1543E-014
3.57E+004 2.1080E-014
3.59E+004 2.0633E-014
3.61E+004 2.0250E-014
3.63E+004 1.9821E-014
3.65E+004 1.9315E-014
3.67E+004 1.8923E-014
3.69E+004 1.8404E-014
3.71E+004 1.7988E-014
3.73E+004 1.7710E-014
3.75E+004 1.7137E-014
3.77E+004 1.7032E-014
3.79E+004 1.6698E-014
3.81E+004 1.6387E-014
3.83E+004 1.6110E-014
3.85E+004 1.5818E-014
3.87E+004 1.5457E-014
3.89E+004 1.5149E-014
3.91E+004 1.4894E-014
3.93E+004 1.4608E-014
3.95E+004 1.4273E-014
3.97E+004 1.4022E-014
3.99E+004 1.3668E-014
4.01E+004 1.3441E-014
4.03E+004 1.3240E-014
4.05E+004 1.2809E-014
4.07E+004 1.2722E-014
4.09E+004 1.2498E-014
4.11E+004 1.2288E-014
4.13E+004 1.2075E-014
4.15E+004 1.1822E-014
4.17E+004 1.1608E-014
4.19E+004 1.1386E-014
4.21E+004 1.1119E-014
4.23E+004 1.0976E-014
4.25E+004 1.0763E-014
4.27E+004 1.0582E-014
4.29E+004 1.0287E-014
4.31E+004 1.0032E-014
4.33E+004 9.9005E-015
4.35E+004 9.6093E-015
4.37E+004 9.4015E-015
4.39E+004 9.2904E-015
4.41E+004 8.9973E-015
4.43E+004 8.8946E-015
4.45E+004 8.7578E-015
4.47E+004 8.5041E-015
4.49E+004 8.4321E-015
4.51E+004 8.2815E-015
4.53E+004 8.0700E-015
4.55E+004 7.9843E-015
4.57E+004 7.8756E-015
4.59E+004 7.6715E-015
4.61E+004 7.5953E-015
4.63E+004 7.4646E-015
4.65E+004 7.3177E-015
4.67E+004 7.2307E-015
4.69E+004 7.1357E-015
4.71E+004 7.0211E-015
4.73E+004 6.9419E-015
4.75E+004 6.8173E-015
4.77E+004 6.7069E-015
4.79E+004 6.6107E-015
4.81E+004 6.4855E-015
4.83E+004 6.4207E-015
4.85E+004 6.3101E-015
4.87E+004 6.2068E-015
4.89E+004 6.1163E-015
4.91E+004 6.0249E-015
4.93E+004 5.9315E-015
4.95E+004 5.8380E-015
4.97E+004 5.7498E-015
4.99E+004 5.6741E-015
5.01E+004 5.5703E-015
5.03E+004 5.5072E-015
5.05E+004 5.4042E-015
5.07E+004 5.3319E-015
5.09E+004 5.2635E-015
5.11E+004 5.1722E-015
5.13E+004 5.0893E-015
5.15E+004 5.0256E-015
5.17E+004 4.9706E-015
5.19E+004 4.8814E-015
5.21E+004 4.8079E-015
5.23E+004 4.7376E-015
5.25E+004 4.6796E-015
5.27E+004 4.6196E-015
5.29E+004 4.5343E-015
5.31E+004 4.4808E-015
5.33E+004 4.4137E-015
5.35E+004 4.3562E-015
5.37E+004 4.2935E-015
5.39E+004 4.2371E-015
5.41E+004 4.1777E-015
5.43E+004 4.1073E-015
5.45E+004 4.0631E-015
5.47E+004 4.0029E-015
5.49E+004 3.9455E-015
5.51E+004 3.8978E-015
5.53E+004 3.8521E-015
5.55E+004 3.7856E-015
5.57E+004 3.7485E-015
5.59E+004 3.6853E-015
5.61E+004 3.6402E-015
5.63E+004 3.5889E-015
5.65E+004 3.5496E-015
5.67E+004 3.5025E-015
5.69E+004 3.4475E-015
5.71E+004 3.4095E-015
5.73E+004 3.3643E-015
5.75E+004 3.3191E-015
5.77E+004 3.2749E-015
5.79E+004 3.2348E-015
5.81E+004 3.1899E-015
5.83E+004 3.1497E-015
5.85E+004 3.1111E-015
5.87E+004 3.0673E-015
5.89E+004 3.0259E-015
5.91E+004 2.9824E-015
5.93E+004 2.9524E-015
5.95E+004 2.9095E-015
5.97E+004 2.8786E-015
5.99E+004 2.8421E-015
6.01E+004 2.8052E-015
6.03E+004 2.7707E-015
6.05E+004 2.7348E-015
6.07E+004 2.6996E-015
6.09E+004 2.6648E-015
6.11E+004 2.6284E-015
6.13E+004 2.6000E-015
6.15E+004 2.5686E-015
6.17E+004 2.5369E-015
6.19E+004 2.5061E-015
6.21E+004 2.4751E-015
6.23E+004 2.4402E-015
6.25E+004 2.4114E-015
6.27E+004 2.3827E-015
6.29E+004 2.3538E-015
6.31E+004 2.3238E-015
6.33E+004 2.2991E-015
6.35E+004 2.2702E-015
6.37E+004 2.2431E-015
6.39E+004 2.2150E-015
6.42E+004 2.1763E-015
6.46E+004 2.1233E-015
6.5E+004 2.0727E-015
6.54E+004 2.0254E-015
6.58E+004 1.9784E-015
6.62E+004 1.9317E-015
6.66E+004 1.8874E-015
6.7E+004 1.8436E-015
6.74E+004 1.8007E-015
6.78E+004 1.7598E-015
6.82E+004 1.7205E-015
6.86E+004 1.6818E-015
6.9E+004 1.6440E-015
6.94E+004 1.6070E-015
6.98E+004 1.5719E-015
7.02E+004 1.5335E-015
7.06E+004 1.5029E-015
7.1E+004 1.4708E-015
7.14E+004 1.4389E-015
7.18E+004 1.4076E-015
7.22E+004 1.3767E-015
7.26E+004 1.3472E-015
7.3E+004 1.3199E-015
7.34E+004 1.2899E-015
7.38E+004 1.2647E-015
7.42E+004 1.2365E-015
7.46E+004 1.2027E-015
7.5E+004 1.1820E-015
7.54E+004 1.1617E-015
7.58E+004 1.1386E-015
7.62E+004 1.1154E-015
7.66E+004 1.0932E-015
7.7E+004 1.0696E-015
7.74E+004 1.0494E-015
7.78E+004 1.0286E-015
7.82E+004 1.0082E-015
7.86E+004 9.8830E-016
7.9E+004 9.6871E-016
7.94E+004 9.4948E-016
7.98E+004 9.3133E-016
8.02E+004 9.1226E-016
8.06E+004 8.9402E-016
8.1E+004 8.7819E-016
8.14E+004 8.5958E-016
8.18E+004 8.4365E-016
8.22E+004 8.2889E-016
8.26E+004 8.1300E-016
8.3E+004 7.9791E-016
8.34E+004 7.8168E-016
8.38E+004 7.6785E-016
8.42E+004 7.5410E-016
8.46E+004 7.4023E-016
8.5E+004 7.2667E-016
8.54E+004 7.1339E-016
8.58E+004 7.0032E-016
8.62E+004 6.8758E-016
8.66E+004 6.7535E-016
8.7E+004 6.6346E-016
8.74E+004 6.5101E-016
8.78E+004 6.3931E-016
8.82E+004 6.2769E-016
8.86E+004 6.1599E-016
8.9E+004 6.0581E-016
8.94E+004 5.9556E-016
8.98E+004 5.8439E-016
9.02E+004 5.7506E-016
9.06E+004 5.6554E-016
9.1E+004 5.5473E-016
9.14E+004 5.4570E-016
9.18E+004 5.3689E-016
9.22E+004 5.2812E-016
9.26E+004 5.1905E-016
9.3E+004 5.1044E-016
9.34E+004 5.0171E-016
9.38E+004 4.9331E-016
9.42E+004 4.8526E-016
9.46E+004 4.7719E-016
9.5E+004 4.6915E-016
9.54E+004 4.6146E-016
9.58E+004 4.5420E-016
9.62E+004 4.4639E-016
9.66E+004 4.3951E-016
9.7E+004 4.3245E-016
9.74E+004 4.2437E-016
9.78E+004 4.1817E-016
9.82E+004 4.1186E-016
9.86E+004 4.0550E-016
9.9E+004 3.9917E-016
9.94E+004 3.9262E-016
9.98E+004 3.8642E-016
1.002E+005 3.8108E-016
1.005E+005 3.7547E-016
1.01E+005 3.6884E-016
1.015E+005 3.6183E-016
1.02E+005 3.5488E-016
1.025E+005 3.4807E-016
1.03E+005 3.4145E-016
1.035E+005 3.3505E-016
1.04E+005 3.2878E-016
1.045E+005 3.2262E-016
1.05E+005 3.1630E-016
1.055E+005 3.1068E-016
1.06E+005 3.0493E-016
1.065E+005 2.9929E-016
1.07E+005 2.9382E-016
1.075E+005 2.8855E-016
1.08E+005 2.8321E-016
1.085E+005 2.7809E-016
1.09E+005 2.7306E-016
1.095E+005 2.6828E-016
1.1E+005 2.6346E-016
1.105E+005 2.5878E-016
1.11E+005 2.5422E-016
1.115E+005 2.4983E-016
1.12E+005 2.4537E-016
1.125E+005 2.4117E-016
1.13E+005 2.3658E-016
1.135E+005 2.3284E-016
1.14E+005 2.2886E-016
1.145E+005 2.2492E-016
1.15E+005 2.2116E-016
1.155E+005 2.1728E-016
1.16E+005 2.1369E-016
1.165E+005 2.1009E-016
1.17E+005 2.0660E-016
1.175E+005 2.0312E-016
1.18E+005 1.9975E-016
1.185E+005 1.9645E-016
1.19E+005 1.9316E-016
1.195E+005 1.9001E-016
1.2E+005 1.8688E-016
1.205E+005 1.8388E-016
1.21E+005 1.8091E-016
1.215E+005 1.7799E-016
1.22E+005 1.7511E-016
1.225E+005 1.7231E-016
1.23E+005 1.6952E-016
1.235E+005 1.6676E-016
1.24E+005 1.6411E-016
1.245E+005 1.6156E-016
1.25E+005 1.5907E-016
1.255E+005 1.5660E-016
1.26E+005 1.5414E-016
1.265E+005 1.5173E-016
1.27E+005 1.4941E-016
1.275E+005 1.4711E-016
1.28E+005 1.4478E-016
1.285E+005 1.4263E-016
1.29E+005 1.4043E-016
1.295E+005 1.3832E-016
1.3E+005 1.3624E-016
1.305E+005 1.3418E-016
1.31E+005 1.3218E-016
1.315E+005 1.3020E-016
1.32E+005 1.2825E-016
1.325E+005 1.2635E-016
1.33E+005 1.2448E-016
1.335E+005 1.2264E-016
1.34E+005 1.2084E-016
1.345E+005 1.1909E-016
1.35E+005 1.1735E-016
1.355E+005 1.1563E-016
1.36E+005 1.1397E-016
1.365E+005 1.1233E-016
1.37E+005 1.1070E-016
1.375E+005 1.0913E-016
1.38E+005 1.0758E-016
1.385E+005 1.0604E-016
1.39E+005 1.0455E-016
1.395E+005 1.0307E-016
1.4E+005 1.0162E-016
1.405E+005 1.0018E-016
1.41E+005 9.8790E-017
1.415E+005 9.7411E-017
1.42E+005 9.6038E-017
1.425E+005 9.4733E-017
1.43E+005 9.3430E-017
1.435E+005 9.2154E-017
1.44E+005 9.0890E-017
1.445E+005 8.9652E-017
1.45E+005 8.8445E-017
1.455E+005 8.7231E-017
1.46E+005 8.6061E-017
1.465E+005 8.4895E-017
1.47E+005 8.3764E-017
1.475E+005 8.2628E-017
1.48E+005 8.1534E-017
1.485E+005 8.0456E-017
1.49E+005 7.9391E-017
1.495E+005 7.8330E-017
1.5E+005 7.7299E-017
1.505E+005 7.6313E-017
1.51E+005 7.5310E-017
1.515E+005 7.4335E-017
1.52E+005 7.3372E-017
1.525E+005 7.2418E-017
1.53E+005 7.1488E-017
1.535E+005 7.0568E-017
1.54E+005 6.9666E-017
1.545E+005 6.8772E-017
1.55E+005 6.7901E-017
1.555E+005 6.7036E-017
1.56E+005 6.6188E-017
1.565E+005 6.5353E-017
1.57E+005 6.4537E-017
1.575E+005 6.3723E-017
1.58E+005 6.2928E-017
1.585E+005 6.2146E-017
1.59E+005 6.1380E-017
1.595E+005 6.0616E-017
1.6E+005 5.9866E-017
1.605E+005 5.9119E-017
1.61E+005 5.8407E-017
1.615E+005 5.7687E-017
1.62E+005 5.6916E-017
1.625E+005 5.6290E-017
1.63E+005 5.5619E-017
1.635E+005 5.4946E-017
1.64E+005 5.4281E-017
1.645E+005 5.3625E-017
1.65E+005 5.2984E-017
1.655E+005 5.2360E-017
1.66E+005 5.1735E-017
1.665E+005 5.1122E-017
1.67E+005 5.0518E-017
1.675E+005 4.9922E-017
1.68E+005 4.9329E-017
1.685E+005 4.8742E-017
1.69E+005 4.8158E-017
1.695E+005 4.7624E-017
1.7E+005 4.7072E-017
1.705E+005 4.6529E-017
1.71E+005 4.5988E-017
1.715E+005 4.5455E-017
1.72E+005 4.4932E-017
1.725E+005 4.4417E-017
1.73E+005 4.3908E-017
1.735E+005 4.3415E-017
1.74E+005 4.2922E-017
1.745E+005 4.2435E-017
1.75E+005 4.1956E-017
1.755E+005 4.1481E-017
1.76E+005 4.1015E-017
1.765E+005 4.0550E-017
1.77E+005 4.0099E-017
1.775E+005 3.9654E-017
1.78E+005 3.9217E-017
1.785E+005 3.8783E-017
1.79E+005 3.8355E-017
1.795E+005 3.7932E-017
1.8E+005 3.7515E-017
1.805E+005 3.7104E-017
1.81E+005 3.6701E-017
1.815E+005 3.6301E-017
1.82E+005 3.5905E-017
1.825E+005 3.5513E-017
1.83E+005 3.5113E-017
1.835E+005 3.4751E-017
1.84E+005 3.4379E-017
1.845E+005 3.4012E-017
1.85E+005 3.3647E-017
1.855E+005 3.3290E-017
1.86E+005 3.2930E-017
1.865E+005 3.2584E-017
1.87E+005 3.2240E-017
1.875E+005 3.1893E-017
1.88E+005 3.1565E-017
1.885E+005 3.1233E-017
1.89E+005 3.0907E-017
1.895E+005 3.0583E-017
1.9E+005 3.0260E-017
1.905E+005 2.9816E-017
1.91E+005 2.9629E-017
1.915E+005 2.9335E-017
1.92E+005 2.9032E-017
1.925E+005 2.8733E-017
1.93E+005 2.8439E-017
1.935E+005 2.8148E-017
1.94E+005 2.7860E-017
1.945E+005 2.7575E-017
1.95E+005 2.7296E-017
1.955E+005 2.7021E-017
1.96E+005 2.6746E-017
1.965E+005 2.6478E-017
1.97E+005 2.6211E-017
1.975E+005 2.5948E-017
1.98E+005 2.5689E-017
1.985E+005 2.5434E-017
1.99E+005 2.5180E-017
1.995E+005 2.4930E-017
2E+005 2.4622E-017
2.01E+005 2.4198E-017
2.02E+005 2.3726E-017
2.03E+005 2.3264E-017
2.04E+005 2.2815E-017
2.05E+005 2.2375E-017
2.06E+005 2.1946E-017
2.07E+005 2.1529E-017
2.08E+005 2.1119E-017
2.09E+005 2.0719E-017
2.1E+005 2.0329E-017
2.11E+005 1.9949E-017
2.12E+005 1.9578E-017
2.13E+005 1.9215E-017
2.14E+005 1.8860E-017
2.15E+005 1.8513E-017
2.16E+005 1.8175E-017
2.17E+005 1.7843E-017
2.18E+005 1.7520E-017
2.19E+005 1.7202E-017
2.2E+005 1.6895E-017
2.21E+005 1.6593E-017
2.22E+005 1.6298E-017
2.23E+005 1.5997E-017
2.24E+005 1.5722E-017
2.25E+005 1.5449E-017
2.26E+005 1.5178E-017
2.27E+005 1.4914E-017
2.28E+005 1.4655E-017
2.29E+005 1.4403E-017
2.3E+005 1.4154E-017
2.31E+005 1.3912E-017
2.32E+005 1.3675E-017
2.33E+005 1.3443E-017
2.34E+005 1.3215E-017
2.35E+005 1.2994E-017
2.36E+005 1.2776E-017
2.37E+005 1.2562E-017
2.38E+005 1.2353E-017
2.39E+005 1.2147E-017
2.4E+005 1.1948E-017
2.41E+005 1.1752E-017
2.42E+005 1.1559E-017
2.43E+005 1.1371E-017
2.44E+005 1.1186E-017
2.45E+005 1.1005E-017
2.46E+005 1.0829E-017
2.47E+005 1.0656E-017
2.48E+005 1.0484E-017
2.49E+005 1.0317E-017
2.5E+005 1.0154E-017
2.51E+005 9.9944E-018
2.52E+005 9.8368E-018
2.53E+005 9.6833E-018
2.54E+005 9.5319E-018
2.55E+005 9.3837E-018
2.56E+005 9.2384E-018
2.57E+005 9.0959E-018
2.58E+005 8.9563E-018
2.59E+005 8.8186E-018
2.6E+005 8.6850E-018
2.61E+005 8.5537E-018
2.62E+005 8.4228E-018
2.63E+005 8.2965E-018
2.64E+005 8.1725E-018
2.65E+005 8.0496E-018
2.66E+005 7.9298E-018
2.67E+005 7.8117E-018
2.68E+005 7.6963E-018
2.69E+005 7.5830E-018
2.7E+005 7.4720E-018
2.71E+005 7.3618E-018
2.72E+005 7.2548E-018
2.73E+005 7.1492E-018
2.74E+005 7.0458E-018
2.75E+005 6.9439E-018
2.76E+005 6.8442E-018
2.77E+005 6.7464E-018
2.78E+005 6.6362E-018
2.79E+005 6.5561E-018
2.8E+005 6.4643E-018
2.81E+005 6.3727E-018
2.82E+005 6.2815E-018
2.83E+005 6.1935E-018
2.84E+005 6.1066E-018
2.85E+005 6.0213E-018
2.86E+005 5.9385E-018
2.87E+005 5.8562E-018
2.88E+005 5.7748E-018
2.89E+005 5.6955E-018
2.9E+005 5.6180E-018
2.91E+005 5.5416E-018
2.92E+005 5.4660E-018
2.93E+005 5.3921E-018
2.94E+005 5.3193E-018
2.95E+005 5.2474E-018
2.96E+005 5.1771E-018
2.97E+005 5.1081E-018
2.98E+005 5.0379E-018
2.99E+005 4.9715E-018
3E+005 4.9072E-018
3.01E+005 4.8427E-018
3.02E+005 4.7785E-018
3.03E+005 4.7165E-018
3.04E+005 4.6547E-018
3.05E+005 4.5940E-018
3.06E+005 4.5338E-018
3.07E+005 4.4753E-018
3.08E+005 4.4177E-018
3.09E+005 4.3622E-018
3.1E+005 4.3061E-018
3.11E+005 4.2501E-018
3.12E+005 4.1960E-018
3.13E+005 4.1426E-018
3.14E+005 4.0902E-018
3.15E+005 4.0385E-018
3.16E+005 3.9878E-018
3.17E+005 3.9378E-018
3.18E+005 3.8886E-018
3.19E+005 3.8401E-018
3.2E+005 3.7924E-018
3.21E+005 3.7455E-018
3.22E+005 3.6990E-018
3.23E+005 3.6536E-018
3.24E+005 3.6088E-018
3.25E+005 3.5647E-018
3.26E+005 3.5212E-018
3.27E+005 3.4783E-018
3.28E+005 3.4363E-018
3.29E+005 3.3946E-018
3.3E+005 3.3538E-018
3.31E+005 3.3134E-018
3.32E+005 3.2738E-018
3.33E+005 3.2345E-018
3.34E+005 3.1963E-018
3.35E+005 3.1582E-018
3.36E+005 3.1208E-018
3.37E+005 3.0840E-018
3.38E+005 3.0477E-018
3.39E+005 3.0120E-018
3.4E+005 2.9767E-018
3.41E+005 2.9420E-018
3.42E+005 2.9077E-018
3.43E+005 2.8740E-018
3.44E+005 2.8408E-018
3.45E+005 2.8080E-018
3.46E+005 2.7756E-018
3.47E+005 2.7439E-018
3.48E+005 2.7125E-018
3.49E+005 2.6816E-018
3.5E+005 2.6511E-018
3.51E+005 2.6210E-018
3.52E+005 2.5914E-018
3.53E+005 2.5623E-018
3.54E+005 2.5333E-018
3.55E+005 2.5049E-018
3.56E+005 2.4769E-018
3.57E+005 2.4493E-018
3.58E+005 2.4221E-018
3.59E+005 2.3953E-018
3.6E+005 2.3686E-018
3.61E+005 2.3425E-018
3.62E+005 2.3169E-018
3.63E+005 2.2914E-018
3.64E+005 2.2662E-018
3.65E+005 2.2413E-018
3.66E+005 2.2172E-018
3.67E+005 2.1932E-018
3.68E+005 2.1695E-018
3.69E+005 2.1461E-018
3.7E+005 2.1230E-018
3.71E+005 2.1000E-018
3.72E+005 2.0776E-018
3.73E+005 2.0555E-018
3.74E+005 2.0335E-018
3.75E+005 2.0119E-018
3.76E+005 1.9907E-018
3.77E+005 1.9697E-018
3.78E+005 1.9488E-018
3.79E+005 1.9284E-018
3.8E+005 1.9081E-018
3.81E+005 1.8883E-018
3.82E+005 1.8686E-018
3.83E+005 1.8491E-018
3.84E+005 1.8299E-018
3.85E+005 1.8110E-018
3.86E+005 1.7922E-018
3.87E+005 1.7738E-018
3.88E+005 1.7545E-018
3.89E+005 1.7347E-018
3.9E+005 1.7200E-018
3.91E+005 1.7024E-018
3.92E+005 1.6849E-018
3.93E+005 1.6679E-018
3.94E+005 1.6511E-018
3.95E+005 1.6344E-018
3.96E+005 1.6179E-018
3.97E+005 1.6017E-018
3.98E+005 1.5857E-018
3.99E+005 1.5698E-018
