1141 2.5455E-015
1141 2.5455E-015
1142 0.0000E+000
1143 -9.7026E-018
1143 0.0000E+000
1144 0.0000E+000
1144 0.0000E+000
1145 0.0000E+000
1146 0.0000E+000
1146 0.0000E+000
1147 0.0000E+000
1147 0.0000E+000
1148 5.3991E-016
1148 4.3755E-016
1149 0.0000E+000
1150 0.0000E+000
1150 2.5555E-016
1151 3.3874E-016
1151 0.0000E+000
1152 0.0000E+000
1153 2.4232E-016
1153 0.0000E+000
1154 2.2824E-016
1154 5.2747E-016
1155 0.0000E+000
1155 2.0538E-016
1156 0.0000E+000
1157 1.8885E-016
1157 2.2224E-016
1158 0.0000E+000
1158 6.1132E-016
1159 0.0000E+000
1160 0.0000E+000
1160 0.0000E+000
1161 1.5262E-016
1161 0.0000E+000
1162 0.0000E+000
1162 0.0000E+000
1163 5.3401E-016
1164 1.7343E-016
1164 3.2765E-016
1165 1.1862E-016
1165 1.3766E-016
1166 1.1905E-016
1167 6.2443E-016
1167 0.0000E+000
1168 2.7950E-016
1168 1.1023E-016
1169 2.6772E-016
1169 0.0000E+000
1170 1.1382E-016
1171 1.1030E-016
1171 0.0000E+000
1172 1.0353E-016
1172 2.6239E-016
1173 3.8618E-016
1174 9.8469E-017
1174 9.9280E-017
1175 2.2221E-016
1175 6.2452E-016
1176 9.4901E-017
1176 0.0000E+000
1177 9.4403E-017
1178 3.6227E-016
1178 3.3813E-016
1179 0.0000E+000
1179 8.3863E-017
1180 2.0456E-016
1181 4.4501E-016
1181 7.9089E-017
1182 1.9525E-016
1182 2.0215E-016
1183 7.7637E-017
1183 1.9837E-016
1184 6.8418E-016
1185 3.9618E-016
1185 2.8506E-016
1186 2.0676E-016
1186 1.0280E-016
1187 7.2338E-017
1188 2.8629E-016
1188 1.6034E-016
1189 -1.3565E-016
1189 2.1941E-016
1190 1.6834E-016
1190 1.8461E-016
1191 1.6173E-016
1192 -1.6990E-016
1192 5.5300E-016
1193 5.7586E-016
1193 -1.0519E-016
1194 -1.6707E-016
1195 1.6515E-016
1195 2.0373E-016
1196 3.7653E-016
1196 -3.7395E-016
1197 2.3849E-018
1197 5.4945E-016
1198 1.1486E-016
1199 8.1923E-017
1199 3.6336E-016
1200 -1.6337E-016
1200 1.5037E-015
1201 -4.2640E-016
1202 2.4764E-016
1202 4.9052E-017
1203 6.6876E-016
1203 2.6532E-016
1204 -7.9495E-016
1204 1.0634E-016
1205 -3.0032E-016
1206 2.2377E-016
1206 4.2992E-016
1207 2.4380E-016
1207 8.3963E-017
1208 -1.2117E-016
1209 5.6138E-017
1209 -8.2234E-016
1210 1.0923E-016
1210 5.4228E-017
1211 -4.3907E-016
1212 -3.5848E-016
1212 5.0016E-016
1213 9.2679E-017
1213 -4.4958E-016
1214 2.4509E-017
1214 3.3410E-016
1215 6.0161E-016
1216 6.3937E-016
1216 -5.9263E-016
1217 -4.3878E-016
1217 1.7254E-016
1218 -1.6605E-016
1219 -3.9835E-017
1219 -1.1033E-016
1220 -2.9464E-016
1220 9.5023E-017
1221 -2.0676E-016
1221 3.9013E-016
1222 -1.6847E-016
1223 3.7010E-017
1223 1.1770E-016
1224 3.8610E-016
1224 -1.3279E-016
1225 1.1335E-016
1226 2.2184E-016
1226 1.2155E-016
1227 -2.9990E-016
1227 5.4841E-016
1228 3.1776E-016
1228 6.4519E-016
1229 -2.7341E-017
1230 -1.3434E-016
1230 7.6239E-016
1231 5.4592E-016
1231 6.9381E-016
1232 7.6591E-017
1233 5.9462E-017
1233 3.5569E-016
1234 2.0260E-016
1234 1.2567E-016
1235 4.8906E-016
1235 1.1561E-016
1236 3.2690E-016
1237 1.5376E-019
1237 3.0185E-016
1238 5.4594E-016
1238 5.1611E-016
1239 4.2817E-016
1240 5.3301E-016
1240 1.8089E-016
1241 5.2497E-016
1241 4.1178E-016
1242 3.6880E-016
1242 3.6072E-016
1243 6.3655E-016
1244 6.8807E-016
1244 6.1054E-016
1245 4.7598E-016
1245 6.5518E-016
1246 4.7035E-016
1247 7.6350E-016
1247 7.4983E-016
1248 5.8310E-016
1248 8.3998E-016
1249 5.8113E-016
1249 8.4925E-016
1250 1.0156E-015
1251 5.9599E-016
1251 7.5875E-016
1252 6.9378E-016
1252 5.9617E-016
1253 1.3679E-015
1254 7.0388E-016
1254 1.1026E-015
1255 9.0063E-016
1255 7.9222E-016
1256 8.9584E-016
1256 1.5634E-015
1257 1.4320E-015
1258 9.9125E-016
1258 1.1227E-015
1259 8.8641E-016
1259 1.2933E-015
1260 8.4483E-016
1261 1.0412E-015
1261 1.0276E-015
1262 7.5064E-016
1262 1.1256E-015
1263 1.1391E-015
1263 1.3587E-015
1264 7.9702E-016
1265 1.2401E-015
1265 8.0904E-016
1266 8.3180E-016
1266 9.6267E-016
1267 1.0321E-015
1268 1.2822E-015
1268 1.4714E-015
1269 1.2506E-015
1269 1.6122E-015
1270 1.3745E-015
1270 1.0917E-015
1271 1.3073E-015
1272 1.5406E-015
1272 1.4233E-015
1273 1.1929E-015
1273 1.9151E-015
1274 1.3964E-015
1275 1.2254E-015
1275 1.0459E-015
1276 1.3733E-015
1276 1.7504E-015
1277 1.5142E-015
1277 1.1781E-015
1278 1.8755E-015
1279 8.8887E-016
1279 1.1428E-015
1280 9.1539E-016
1280 1.5574E-015
1281 1.6155E-015
1282 2.2570E-015
1282 2.1983E-015
1283 1.8423E-015
1283 1.8301E-015
1284 2.1265E-015
1284 2.5804E-015
1285 2.5569E-015
1286 1.8962E-015
1286 2.2512E-015
1287 1.4393E-015
1287 2.2356E-015
1288 1.7130E-015
1289 2.3517E-015
1289 1.4731E-015
1290 1.7932E-015
1290 2.2045E-015
1291 2.5574E-015
1291 2.3191E-015
1292 2.1457E-015
1293 2.7627E-015
1293 2.0433E-015
1294 2.3643E-015
1294 2.3853E-015
1295 2.3444E-015
1296 1.4508E-015
1296 2.4478E-015
1297 2.1142E-015
1297 2.1141E-015
1298 2.9614E-015
1298 2.8316E-015
1299 3.0940E-015
1300 2.6398E-015
1300 2.3573E-015
1301 2.5660E-015
1301 2.1758E-015
1302 2.1820E-015
1303 2.4241E-015
1303 2.3039E-015
1304 1.9767E-015
1304 1.9393E-015
1305 2.4035E-015
1305 2.0979E-015
1306 2.5733E-015
1307 2.2032E-015
1307 2.3058E-015
1308 1.7784E-015
1308 1.6613E-015
1309 2.2077E-015
1310 2.4588E-015
1310 2.3174E-015
1311 1.8201E-015
1311 2.4570E-015
1312 2.1567E-015
1312 2.5957E-015
1313 3.2329E-015
1314 3.1667E-015
1314 3.2574E-015
1315 3.2507E-015
1315 3.3022E-015
1316 3.2958E-015
1317 3.1055E-015
1317 3.2511E-015
1318 3.0608E-015
1318 3.8784E-015
1319 3.0970E-015
1319 3.6821E-015
1320 3.4545E-015
1321 3.4310E-015
1321 3.8274E-015
1322 2.7395E-015
1322 3.3276E-015
1323 3.3724E-015
1324 3.1927E-015
1324 3.2148E-015
1325 3.2358E-015
1325 3.3054E-015
1326 3.6086E-015
1326 3.9187E-015
1327 3.9539E-015
1328 2.9906E-015
1328 3.3081E-015
1329 2.9592E-015
1329 2.9102E-015
1330 3.0948E-015
1331 3.9529E-015
1331 3.7414E-015
1332 2.8013E-015
1332 3.8025E-015
1333 4.2927E-015
1333 3.7718E-015
1334 3.0844E-015
1335 3.7415E-015
1335 2.9325E-015
1336 4.1538E-015
1336 3.6456E-015
1337 4.8131E-015
1338 4.3112E-015
1338 3.7395E-015
1339 4.7216E-015
1339 5.2168E-015
1340 4.5256E-015
1340 3.7982E-015
1341 4.6425E-015
1342 3.7787E-015
1342 4.3677E-015
1343 4.0718E-015
1343 4.4803E-015
1344 5.0914E-015
1345 3.9864E-015
1345 4.0851E-015
1346 4.5649E-015
1346 4.4500E-015
1347 4.8753E-015
1347 3.9464E-015
1348 5.4744E-015
1349 4.8487E-015
1349 4.0457E-015
1350 5.5493E-015
1350 4.9152E-015
1351 4.1211E-015
1352 4.8215E-015
1352 5.4092E-015
1353 4.1769E-015
1353 4.6206E-015
1354 4.1289E-015
1354 4.0799E-015
1355 5.0153E-015
1356 4.0457E-015
1356 4.4143E-015
1357 4.5610E-015
1357 3.9287E-015
1358 4.7896E-015
1359 4.8033E-015
1359 4.7607E-015
1360 4.7961E-015
1360 4.1918E-015
1361 4.2430E-015
1361 4.4514E-015
1362 5.1225E-015
1363 4.8358E-015
1363 5.5253E-015
1364 3.8714E-015
1364 4.9096E-015
1365 5.2199E-015
1366 5.1909E-015
1366 5.5977E-015
1367 4.6518E-015
1367 4.9233E-015
1368 5.8239E-015
1368 5.7817E-015
1369 5.3385E-015
1370 4.6610E-015
1370 5.4367E-015
1371 4.9135E-015
1371 6.0137E-015
1372 5.8464E-015
1373 5.2085E-015
1373 5.4895E-015
1374 5.3930E-015
1374 5.5978E-015
1375 5.9475E-015
1375 5.9848E-015
1376 6.8988E-015
1377 5.7306E-015
1377 5.6032E-015
1378 6.2125E-015
1378 5.8910E-015
1379 5.8440E-015
1380 5.5325E-015
1380 5.4872E-015
1381 5.2700E-015
1381 6.5258E-015
1382 5.9620E-015
1382 5.7078E-015
1383 6.3583E-015
1384 6.5484E-015
1384 6.8152E-015
1385 6.3715E-015
1385 6.5994E-015
1386 7.1228E-015
1386 6.7203E-015
1387 7.2972E-015
1388 4.8941E-015
1388 6.3803E-015
1389 6.1399E-015
1389 6.5045E-015
1390 6.0559E-015
1391 6.4569E-015
1391 5.9582E-015
1392 5.5903E-015
1392 6.1908E-015
1393 6.3799E-015
1393 6.5943E-015
1394 6.6447E-015
1395 6.5779E-015
1395 5.6126E-015
1396 6.7996E-015
1396 8.3367E-015
1397 5.9359E-015
1398 6.8608E-015
1398 7.0940E-015
1399 6.5256E-015
1399 6.6908E-015
1400 6.4244E-015
1400 6.6405E-015
1401 6.1551E-015
1402 7.4827E-015
1402 6.8433E-015
1403 7.2274E-015
1403 8.1494E-015
1404 7.0359E-015
1405 6.8049E-015
1405 8.2977E-015
1406 8.3688E-015
1406 7.3478E-015
1407 7.2856E-015
1407 8.8718E-015
1408 7.5616E-015
1409 6.4942E-015
1409 7.7022E-015
1410 8.3057E-015
1410 8.1732E-015
1411 7.7445E-015
1412 7.3167E-015
1412 7.8258E-015
1413 8.4058E-015
1413 6.9140E-015
1414 7.5838E-015
1414 7.8767E-015
1415 7.4861E-015
1416 8.7279E-015
1416 7.3598E-015
1417 9.2367E-015
1417 6.8957E-015
1418 8.0334E-015
1419 8.6303E-015
1419 7.1835E-015
1420 9.0625E-015
1420 7.4251E-015
1421 7.4582E-015
1421 8.8912E-015
1422 9.0470E-015
1423 8.7559E-015
1423 6.6656E-015
1424 7.1796E-015
1424 8.0078E-015
1425 8.2791E-015
1426 7.6223E-015
1426 7.7376E-015
1427 8.5560E-015
1427 8.7118E-015
1428 7.8069E-015
1428 9.9369E-015
1429 8.9734E-015
1430 8.2056E-015
1430 7.6545E-015
1431 8.4422E-015
1431 7.5552E-015
1432 6.7023E-015
1433 6.7216E-015
1433 5.9758E-015
1434 7.9272E-015
1434 7.5597E-015
1435 6.4577E-015
1435 8.6871E-015
1436 7.4293E-015
1437 1.0610E-014
1437 9.1431E-015
1438 9.0949E-015
1438 8.9832E-015
1439 9.2801E-015
1440 9.4192E-015
1440 1.0870E-014
1441 9.0668E-015
1441 1.0839E-014
1442 9.0686E-015
1442 8.1842E-015
1443 9.2568E-015
1444 9.7957E-015
1444 1.0457E-014
1445 1.0457E-014
1445 1.0346E-014
1446 9.6946E-015
1447 1.0896E-014
1447 8.5846E-015
1448 9.8324E-015
1448 1.0614E-014
1449 8.8170E-015
1449 1.0441E-014
1450 1.0741E-014
1451 9.4769E-015
1451 1.1090E-014
1452 1.0636E-014
1452 1.0247E-014
1453 1.1617E-014
1454 1.2118E-014
1454 1.1755E-014
1455 9.7299E-015
1455 1.1113E-014
1456 1.0727E-014
1456 1.1155E-014
1457 1.1676E-014
1458 1.1274E-014
1458 1.0440E-014
1459 1.0902E-014
1459 1.2388E-014
1460 1.0653E-014
1461 1.1602E-014
1461 1.0829E-014
1462 1.2349E-014
1462 1.1068E-014
1463 1.0658E-014
1463 1.1545E-014
1464 1.2957E-014
1465 1.0303E-014
1465 1.1239E-014
1466 1.1444E-014
1466 1.1999E-014
1467 1.3147E-014
1468 8.9106E-015
1468 1.1334E-014
1469 1.0859E-014
1469 1.1642E-014
1470 1.1585E-014
1470 1.1626E-014
1471 1.2464E-014
1472 1.0873E-014
1472 1.2986E-014
1473 1.0558E-014
1473 1.0083E-014
1474 1.1547E-014
1475 1.0531E-014
1475 1.2125E-014
1476 1.0642E-014
1476 1.2537E-014
1477 1.2186E-014
1477 1.1549E-014
1478 1.3871E-014
1479 1.1245E-014
1479 1.2198E-014
1480 1.0889E-014
1480 1.2262E-014
1481 1.2009E-014
1482 1.3481E-014
1482 1.1596E-014
1483 1.1905E-014
1483 1.2763E-014
1484 1.4048E-014
1484 1.4361E-014
1485 1.4410E-014
1486 1.4374E-014
1486 1.3046E-014
1487 1.5182E-014
1487 1.4439E-014
1488 1.6031E-014
1489 1.4787E-014
1489 1.4687E-014
1490 1.3754E-014
1490 1.4633E-014
1491 1.4737E-014
1491 1.3150E-014
1492 1.4585E-014
1493 1.3533E-014
1493 1.3493E-014
1494 1.5192E-014
1494 1.3620E-014
1495 1.3291E-014
1496 1.7099E-014
1496 1.5625E-014
1497 1.5030E-014
1497 1.4948E-014
1498 1.3876E-014
1498 1.5253E-014
1499 1.9182E-014
1500 1.5239E-014
1500 1.6804E-014
1501 1.5967E-014
1501 1.8715E-014
1502 1.5801E-014
1503 1.5595E-014
1503 1.6330E-014
1504 1.5553E-014
1504 1.5650E-014
1505 1.6261E-014
1505 1.7476E-014
1506 1.6767E-014
1507 1.8207E-014
1507 1.5776E-014
1508 1.4838E-014
1508 1.5280E-014
1509 1.6332E-014
1509 1.5760E-014
1510 1.6266E-014
1511 1.6584E-014
1511 1.6160E-014
1512 1.5866E-014
1512 1.5717E-014
1513 1.5593E-014
1514 1.5378E-014
1514 1.6549E-014
1515 1.6803E-014
1515 1.8928E-014
1516 1.8131E-014
1516 1.7705E-014
1517 1.8137E-014
1518 1.7287E-014
1518 1.7838E-014
1519 2.0519E-014
1519 1.8404E-014
1520 1.7335E-014
1521 1.7718E-014
1521 1.8098E-014
1522 1.7222E-014
1522 1.7875E-014
1523 2.0228E-014
1523 1.7422E-014
1524 1.8209E-014
1525 1.8207E-014
1525 1.8317E-014
1526 1.5324E-014
1526 1.5273E-014
1527 1.5962E-014
1528 1.6550E-014
1528 1.7154E-014
1529 2.1542E-014
1529 2.0798E-014
1530 2.2019E-014
1530 2.3065E-014
1531 2.1799E-014
1532 1.8245E-014
1532 1.9358E-014
1533 1.8501E-014
1533 1.6521E-014
1534 1.8311E-014
1535 2.1758E-014
1535 2.4513E-014
1536 2.7632E-014
1536 2.5906E-014
1537 2.6446E-014
1537 2.5741E-014
1538 3.1822E-014
1539 3.7882E-014
1539 4.3429E-014
1540 3.8775E-014
1540 3.3006E-014
1541 3.1103E-014
1542 3.6794E-014
1542 4.1273E-014
1543 4.8025E-014
1543 5.8880E-014
1544 4.0775E-014
1544 3.8378E-014
1545 3.9140E-014
1546 3.9309E-014
1546 4.8867E-014
1547 4.8441E-014
1547 4.9815E-014
1548 5.2152E-014
1549 4.8960E-014
1549 6.0933E-014
1550 7.3585E-014
1550 7.5590E-014
1551 5.9117E-014
1551 4.5769E-014
1552 4.7606E-014
1553 4.8625E-014
1553 5.5964E-014
1554 6.7810E-014
1554 6.3653E-014
1555 5.9559E-014
1556 5.9801E-014
1556 6.4713E-014
1557 7.3678E-014
1557 8.8381E-014
1558 8.4259E-014
1558 5.6864E-014
1559 4.3308E-014
1560 4.2030E-014
1560 3.8244E-014
1561 3.4146E-014
1561 3.7434E-014
1562 4.6137E-014
1563 6.5954E-014
1563 9.5631E-014
1564 9.4137E-014
1564 9.9334E-014
1565 1.1066E-013
1565 1.1578E-013
1566 1.1703E-013
1567 1.1094E-013
1567 8.9966E-014
1568 8.2953E-014
1568 7.9092E-014
1569 8.2091E-014
1570 7.5692E-014
1570 7.6581E-014
1571 7.9692E-014
1571 8.3243E-014
1572 8.6005E-014
1572 8.9126E-014
1573 8.3724E-014
1574 6.9647E-014
1574 6.6944E-014
1575 7.8222E-014
1575 8.7879E-014
1576 1.2047E-013
1577 1.3532E-013
1577 1.1971E-013
1578 1.4696E-013
1578 1.3309E-013
1579 1.4774E-013
1579 1.4431E-013
1580 1.4032E-013
1581 1.3693E-013
1581 1.4713E-013
1582 1.6409E-013
1582 1.7116E-013
1583 1.7403E-013
1583 1.5376E-013
1584 1.3032E-013
1585 1.2308E-013
1585 1.1737E-013
1586 1.1952E-013
1586 1.1370E-013
1587 1.1745E-013
1588 1.2376E-013
1588 1.2390E-013
1589 1.2327E-013
1589 1.2921E-013
1590 1.3345E-013
1590 1.2574E-013
1591 1.3343E-013
1592 1.2054E-013
1592 1.0994E-013
1593 1.1718E-013
1593 1.0989E-013
1594 9.5851E-014
1595 8.3946E-014
1595 8.5817E-014
1596 9.0037E-014
1596 1.1009E-013
1597 1.2997E-013
1597 1.2742E-013
1598 1.4774E-013
1599 1.6900E-013
1599 1.8565E-013
1600 1.9140E-013
1600 1.6829E-013
1601 1.7121E-013
1602 1.5882E-013
1602 1.4134E-013
1603 1.1044E-013
1603 1.3524E-013
1604 1.7230E-013
1604 2.0053E-013
1605 1.6608E-013
1606 1.6066E-013
1606 1.4482E-013
1607 1.5897E-013
1607 1.4437E-013
1608 1.4964E-013
1609 1.4973E-013
1609 1.7810E-013
1610 1.9581E-013
1610 1.9507E-013
1611 1.9369E-013
1611 1.6517E-013
1612 1.7339E-013
1613 1.5404E-013
1613 1.5688E-013
1614 1.8490E-013
1614 1.9478E-013
1615 2.0431E-013
1616 2.2143E-013
1616 2.0807E-013
1617 2.0865E-013
1617 2.2712E-013
1618 2.4190E-013
1618 1.9804E-013
1619 1.9464E-013
1620 1.9257E-013
1620 1.6056E-013
1621 1.7513E-013
1621 1.6245E-013
1622 1.7056E-013
1623 1.8714E-013
1623 1.9840E-013
1624 2.2824E-013
1624 2.7887E-013
1625 2.9423E-013
1625 2.2178E-013
1626 2.2838E-013
1627 2.6918E-013
1627 2.2889E-013
1628 2.2846E-013
1628 2.1879E-013
1629 1.9509E-013
1630 1.5017E-013
1630 1.6067E-013
1631 1.9384E-013
1631 2.1044E-013
1632 2.5605E-013
1632 2.5487E-013
1633 2.0343E-013
1634 1.9168E-013
1634 2.0953E-013
1635 2.6719E-013
1635 2.6102E-013
1636 2.5707E-013
1637 2.5889E-013
1637 2.9754E-013
1638 2.7664E-013
1638 3.2614E-013
1639 3.2346E-013
1639 2.9139E-013
1640 3.0752E-013
1641 3.1611E-013
1641 3.2677E-013
1642 3.1664E-013
1642 3.1345E-013
1643 3.3573E-013
1643 3.5331E-013
1644 3.7080E-013
1645 4.2574E-013
1645 4.3390E-013
1646 4.6128E-013
1646 4.5235E-013
1647 4.3222E-013
1648 4.2623E-013
1648 4.0161E-013
1649 3.7902E-013
1649 3.3655E-013
1650 3.3322E-013
1650 3.4933E-013
1651 3.5254E-013
1652 3.7619E-013
1652 3.7119E-013
1653 3.8070E-013
1653 3.7116E-013
1654 3.0444E-013
1655 2.5072E-013
1655 2.1979E-013
1656 1.7118E-013
1656 1.1076E-013
1657 9.6924E-014
1657 9.4126E-014
1658 1.2260E-013
1659 1.7880E-013
1659 2.6200E-013
1660 3.3747E-013
1660 3.9309E-013
1661 4.2067E-013
1662 4.6044E-013
1662 4.7586E-013
1663 4.6243E-013
1663 4.3662E-013
1664 4.1571E-013
1664 4.5461E-013
1665 5.1591E-013
1666 5.1659E-013
1666 4.7341E-013
1667 4.1479E-013
1667 4.4695E-013
1668 4.3393E-013
1669 3.9927E-013
1669 3.6326E-013
1670 2.8167E-013
1670 2.0909E-013
1671 1.7748E-013
1671 2.4080E-013
1672 3.1065E-013
1673 3.3767E-013
1673 3.8525E-013
1674 3.7222E-013
1674 3.4106E-013
1675 3.8016E-013
1676 4.4304E-013
1676 4.4550E-013
1677 4.7754E-013
1677 5.2018E-013
1678 5.4177E-013
1679 4.6683E-013
1680 4.3129E-013
1682 4.7595E-013
1683 4.9757E-013
1685 4.8933E-013
1686 5.1794E-013
1687 4.8803E-013
1689 5.4451E-013
1690 5.1640E-013
1691 5.3567E-013
1693 5.0898E-013
1694 4.7453E-013
1696 4.5797E-013
1697 4.7253E-013
1698 5.2218E-013
1700 5.4843E-013
1701 5.8372E-013
1702 6.1220E-013
1704 6.3331E-013
1705 6.1335E-013
1706 6.1740E-013
1708 7.2415E-013
1709 8.0573E-013
1711 7.8861E-013
1712 7.0856E-013
1713 6.9700E-013
1715 7.8376E-013
1716 9.0409E-013
1717 9.1835E-013
1719 8.3067E-013
1720 7.4120E-013
1722 7.2500E-013
1723 6.6889E-013
1724 7.0769E-013
1726 7.8787E-013
1727 9.0583E-013
1728 9.9560E-013
1730 9.9084E-013
1731 9.1163E-013
1733 8.4164E-013
1734 8.0392E-013
1735 8.4928E-013
1737 8.6757E-013
1738 8.8545E-013
1739 9.1357E-013
1741 8.7115E-013
1742 8.7617E-013
1744 9.0965E-013
1745 9.0025E-013
1746 8.9974E-013
1748 8.9648E-013
1749 9.5938E-013
1750 1.0594E-012
1752 1.0087E-012
1753 1.0616E-012
1754 1.1376E-012
1756 1.1684E-012
1757 1.1308E-012
1759 1.0202E-012
1760 9.8355E-013
1761 9.4374E-013
1763 9.2406E-013
1764 8.6048E-013
1765 8.1789E-013
1767 9.1084E-013
1768 9.5451E-013
1770 9.4696E-013
1771 1.0195E-012
1772 1.0641E-012
1774 1.1204E-012
1775 1.1844E-012
1776 1.1998E-012
1778 1.2181E-012
1779 1.2844E-012
1781 1.2607E-012
1782 1.1360E-012
1783 1.1488E-012
1785 1.1352E-012
1786 1.0926E-012
1787 1.0811E-012
1789 1.1523E-012
1790 1.2487E-012
1792 1.3641E-012
1793 1.3972E-012
1794 1.3876E-012
1796 1.3751E-012
1797 1.3164E-012
1798 1.2926E-012
1800 1.3402E-012
1801 1.3878E-012
1802 1.3469E-012
1804 1.2873E-012
1805 1.2241E-012
1807 1.0642E-012
1808 1.0152E-012
1809 1.0336E-012
1811 1.2216E-012
1812 1.2429E-012
1813 1.2095E-012
1815 1.1625E-012
1816 1.1579E-012
1818 1.1396E-012
1819 1.1883E-012
1820 1.1709E-012
1822 1.2540E-012
1823 1.2464E-012
1824 1.2651E-012
1826 1.2065E-012
1827 1.1622E-012
1829 1.1744E-012
1830 1.1190E-012
1831 1.0797E-012
1833 1.0949E-012
1834 1.1813E-012
1835 1.1567E-012
1837 1.1323E-012
1838 1.0980E-012
1840 1.0167E-012
1841 9.5150E-013
1842 9.4154E-013
1844 1.0016E-012
1845 9.8610E-013
1846 9.2063E-013
1848 9.1308E-013
1849 1.0252E-012
1851 9.6740E-013
1852 8.7892E-013
1853 9.2231E-013
1855 1.0280E-012
1856 1.0792E-012
1857 1.0100E-012
1859 9.8194E-013
1860 1.0095E-012
1861 1.1074E-012
1863 1.0688E-012
1864 1.0409E-012
1866 1.0090E-012
1867 1.0717E-012
1868 1.1390E-012
1870 1.1687E-012
1871 1.1807E-012
1872 1.1784E-012
1874 1.1757E-012
1875 1.1055E-012
1877 1.0432E-012
1878 1.0886E-012
1879 1.1821E-012
1881 1.1607E-012
1882 1.2251E-012
1883 1.2532E-012
1885 1.2303E-012
1886 1.2466E-012
1888 1.1907E-012
1889 1.1948E-012
1890 1.1954E-012
1892 1.2195E-012
1893 1.2217E-012
1894 1.2462E-012
1896 1.2012E-012
1897 1.1619E-012
1899 1.0406E-012
1900 1.0127E-012
1901 9.8491E-013
1903 1.0940E-012
1904 1.1804E-012
1905 1.1451E-012
1907 1.1724E-012
1908 1.1582E-012
1910 1.0731E-012
1911 1.0655E-012
1912 1.1431E-012
1914 1.1795E-012
1915 1.1972E-012
1916 1.2154E-012
1918 1.2105E-012
1919 1.2512E-012
1921 1.3005E-012
1922 1.2883E-012
1923 1.2482E-012
1925 1.2610E-012
1926 1.1621E-012
1927 1.1324E-012
1929 1.0919E-012
1930 8.9296E-013
1931 8.2816E-013
1933 9.5494E-013
1934 1.0024E-012
1936 1.0235E-012
1937 1.0207E-012
1938 1.1513E-012
1940 1.2353E-012
1941 1.2520E-012
1942 1.3252E-012
1944 1.3217E-012
1945 1.3117E-012
1947 1.2791E-012
1948 1.3008E-012
1949 1.2515E-012
1951 1.2492E-012
1952 1.2323E-012
1953 1.2205E-012
1955 1.2499E-012
1956 1.2542E-012
1958 1.2681E-012
1959 1.2632E-012
1960 1.2839E-012
1962 1.2373E-012
1963 1.1831E-012
1964 1.2239E-012
1966 1.2927E-012
1967 1.3251E-012
1969 1.2887E-012
1970 1.2918E-012
1971 1.2931E-012
1973 1.3037E-012
1974 1.2825E-012
1975 1.2580E-012
1977 1.2806E-012
1978 1.2943E-012
1980 1.2439E-012
1981 1.2845E-012
1982 1.3140E-012
1984 1.2564E-012
1985 1.2403E-012
1986 1.2277E-012
1988 1.2403E-012
1989 1.2051E-012
1991 1.1745E-012
1992 1.1763E-012
1993 1.1418E-012
1995 1.1091E-012
1996 1.1476E-012
1997 1.2120E-012
1999 1.2097E-012
2000 1.1370E-012
2002 1.1708E-012
2003 1.1868E-012
2004 1.1349E-012
2006 1.1328E-012
2007 1.1376E-012
2008 1.1329E-012
2010 1.2175E-012
2011 1.1035E-012
2012 1.0105E-012
2014 1.0749E-012
2015 1.0939E-012
2017 1.1142E-012
2018 1.1425E-012
2019 1.1527E-012
2021 1.1151E-012
2022 1.0941E-012
2023 1.1094E-012
2025 1.1267E-012
2026 1.0902E-012
2028 1.1297E-012
2029 1.2047E-012
2030 1.2168E-012
2032 1.1772E-012
2033 1.1050E-012
2034 1.0715E-012
2036 1.1091E-012
2037 1.1220E-012
2039 1.1165E-012
2040 1.1139E-012
2041 1.0786E-012
2043 1.1669E-012
2044 1.2224E-012
2045 1.2602E-012
2047 1.3095E-012
2048 1.2686E-012
2050 1.2683E-012
2051 1.2943E-012
2052 1.2762E-012
2054 1.2333E-012
2055 1.1275E-012
2056 1.0934E-012
2058 1.1611E-012
2059 1.1601E-012
2061 1.1626E-012
2062 1.1311E-012
2063 1.0938E-012
2065 1.1637E-012
2066 1.1337E-012
2067 1.0923E-012
2069 1.1323E-012
2070 1.1914E-012
2072 1.2324E-012
2073 1.2325E-012
2074 1.2494E-012
2076 1.2833E-012
2077 1.3285E-012
2078 1.3343E-012
2080 1.3030E-012
2081 1.2846E-012
2083 1.2786E-012
2084 1.2480E-012
2085 1.2064E-012
2087 1.2533E-012
2088 1.2873E-012
2089 1.2849E-012
2091 1.2556E-012
2092 1.2477E-012
2094 1.2456E-012
2095 1.1763E-012
2096 1.2140E-012
2098 1.1993E-012
2099 1.1897E-012
2100 1.1969E-012
2102 1.1387E-012
2103 1.1338E-012
2105 1.1194E-012
2106 1.1986E-012
2107 1.2100E-012
2109 1.0787E-012
2110 1.0330E-012
2111 1.0097E-012
2113 1.0043E-012
2114 1.0017E-012
2116 1.0953E-012
2117 1.2492E-012
2118 1.2783E-012
2120 1.2544E-012
2121 1.3037E-012
2122 1.2348E-012
2124 1.1616E-012
2125 1.0965E-012
2126 1.0868E-012
2128 1.0981E-012
2129 1.0466E-012
2131 9.7585E-013
2132 8.9523E-013
2133 8.1600E-013
2135 7.4481E-013
2136 7.7813E-013
2137 9.7722E-013
2139 1.0042E-012
2140 9.6812E-013
2142 1.0497E-012
2143 1.1091E-012
2144 1.1447E-012
2146 1.1364E-012
2147 1.0557E-012
2148 1.0521E-012
2150 1.0752E-012
2151 1.0370E-012
2153 1.0571E-012
2154 1.1084E-012
2155 1.1226E-012
2157 1.1123E-012
2158 1.0863E-012
2159 9.6963E-013
2161 1.0038E-012
2162 1.0400E-012
2164 1.0589E-012
2165 1.0319E-012
2166 9.7143E-013
2168 9.4141E-013
2169 9.3719E-013
2170 9.5029E-013
2172 9.8411E-013
2173 1.0102E-012
2175 9.2144E-013
2176 8.9175E-013
2177 9.5801E-013
2179 1.0213E-012
2180 1.1151E-012
2181 1.1359E-012
2183 1.2019E-012
2184 1.1366E-012
2186 1.0793E-012
2187 1.0526E-012
2188 9.5935E-013
2190 1.0321E-012
2191 1.0661E-012
2192 1.0542E-012
2194 1.1155E-012
2195 1.2156E-012
2197 1.2644E-012
2198 1.2422E-012
2199 1.2382E-012
2201 1.1824E-012
2202 1.1487E-012
2203 1.1998E-012
2205 1.1916E-012
2206 1.1355E-012
2208 1.0741E-012
2209 1.0503E-012
2210 9.5803E-013
2212 8.8502E-013
2213 9.5005E-013
2214 9.7939E-013
2216 9.7887E-013
2217 9.8127E-013
2219 9.8620E-013
2220 1.0301E-012
2221 1.0278E-012
2223 1.0510E-012
2224 1.0113E-012
2225 1.0112E-012
2227 9.9821E-013
2228 9.6510E-013
2230 1.0242E-012
2231 1.0923E-012
2232 1.0793E-012
2234 1.1631E-012
2235 1.1295E-012
2236 1.1985E-012
2238 1.1846E-012
2239 1.1393E-012
2241 1.1262E-012
2242 1.0435E-012
2243 9.6043E-013
2245 9.1868E-013
2246 9.1477E-013
2247 1.0016E-012
2249 9.3649E-013
2250 8.7708E-013
2252 9.0804E-013
2253 9.6711E-013
2254 9.0640E-013
2256 8.5674E-013
2257 8.5832E-013
2258 9.3392E-013
2260 9.9786E-013
2261 9.6235E-013
2263 9.8541E-013
2264 1.0129E-012
2265 9.6350E-013
2267 9.0386E-013
2268 8.8955E-013
2269 9.4029E-013
2271 9.9144E-013
2272 1.0355E-012
2274 1.0431E-012
2275 1.0416E-012
2276 9.9867E-013
2278 9.7699E-013
2279 1.0151E-012
2280 1.0304E-012
2282 1.1012E-012
2283 1.1481E-012
2284 1.0639E-012
2286 1.1326E-012
2287 1.0992E-012
2289 1.0803E-012
2290 1.1270E-012
2291 1.0995E-012
2293 1.0606E-012
2294 1.0169E-012
2295 1.0331E-012
2297 9.9184E-013
2298 8.4348E-013
2300 8.3250E-013
2301 8.7333E-013
2302 9.4997E-013
2304 9.6347E-013
2305 9.6306E-013
2306 1.0167E-012
2308 1.0156E-012
2309 1.0074E-012
2311 1.0586E-012
2312 9.7080E-013
2313 8.3891E-013
2315 8.7077E-013
2316 9.5740E-013
2317 9.8262E-013
2319 9.6165E-013
2320 9.3278E-013
2322 9.5262E-013
2323 1.0210E-012
2324 1.0580E-012
2326 9.3644E-013
2327 8.0679E-013
2328 8.5475E-013
2330 9.3875E-013
2331 9.1287E-013
2333 8.2086E-013
2334 7.6347E-013
2335 8.0544E-013
2337 8.8496E-013
2338 7.9563E-013
2339 7.4901E-013
2341 7.9528E-013
2342 8.0726E-013
2344 7.5491E-013
2345 5.6449E-013
2346 6.1129E-013
2348 6.8542E-013
2349 6.8660E-013
2350 8.1972E-013
2352 9.1949E-013
2353 9.5594E-013
2355 9.2691E-013
2356 8.6069E-013
2357 9.1061E-013
2359 9.1859E-013
2360 7.6302E-013
2361 7.4916E-013
2363 8.1390E-013
2364 8.6006E-013
2366 7.9152E-013
2367 8.0337E-013
2368 8.4301E-013
2370 8.7101E-013
2371 8.7041E-013
2372 9.1556E-013
2374 8.3657E-013
2375 7.7296E-013
2377 8.3884E-013
2378 8.8364E-013
2379 8.5674E-013
2381 7.2862E-013
2382 5.9128E-013
2383 4.7420E-013
2385 6.3697E-013
2386 8.2812E-013
2388 8.3880E-013
2389 7.5425E-013
2390 6.9589E-013
2392 8.3563E-013
2393 9.3275E-013
2394 9.2311E-013
2396 6.8964E-013
2397 6.4645E-013
2399 7.7778E-013
2400 7.6088E-013
2401 7.6727E-013
2403 8.4226E-013
2404 8.0919E-013
2405 6.5317E-013
2407 5.9608E-013
2408 6.4479E-013
2410 7.4758E-013
2411 6.8775E-013
2412 6.2817E-013
2414 7.3737E-013
2415 7.9781E-013
2416 8.6334E-013
2418 8.3950E-013
2419 9.1486E-013
2421 1.0040E-012
2422 1.0851E-012
2423 1.0576E-012
2425 8.7236E-013
2426 8.5119E-013
2427 9.5075E-013
2429 9.0162E-013
2430 8.2813E-013
2432 9.0072E-013
2433 9.2713E-013
2434 8.6789E-013
2436 8.1942E-013
2437 8.2641E-013
2438 8.2757E-013
2440 9.0079E-013
2441 9.5203E-013
2443 1.0514E-012
2444 1.0228E-012
2445 9.4796E-013
2447 8.7008E-013
2448 8.6298E-013
2449 9.2240E-013
2451 8.5853E-013
2452 8.6703E-013
2453 8.8803E-013
2455 8.5111E-013
2456 9.1607E-013
2458 9.2665E-013
2459 9.5041E-013
2460 9.0170E-013
2462 8.8225E-013
2463 8.2226E-013
2464 8.1538E-013
2466 8.3110E-013
2467 8.3369E-013
2469 8.6702E-013
2470 8.5490E-013
2471 8.5921E-013
2473 8.7101E-013
2474 8.5051E-013
2475 9.2640E-013
2477 8.7975E-013
2478 8.4470E-013
2480 8.1318E-013
2481 8.6214E-013
2482 9.3133E-013
2484 8.2381E-013
2485 8.1029E-013
2486 8.8519E-013
2488 9.2989E-013
2489 9.0141E-013
2491 7.9638E-013
2492 7.4782E-013
2493 8.1050E-013
2495 8.9139E-013
2496 1.0318E-012
2497 1.0415E-012
2499 9.9205E-013
2500 1.0436E-012
2502 1.0376E-012
2503 9.6254E-013
2504 9.7376E-013
2506 9.4543E-013
2507 8.6311E-013
2508 8.8415E-013
2510 9.9573E-013
2511 9.4538E-013
2513 8.5997E-013
2514 8.7555E-013
2515 8.6446E-013
2517 8.5528E-013
2518 8.1247E-013
2519 8.0022E-013
2521 7.8174E-013
2522 7.7385E-013
2524 7.5168E-013
2525 7.2272E-013
2526 6.5611E-013
2528 6.4634E-013
2529 6.4668E-013
2530 6.2048E-013
2532 7.5158E-013
2533 8.0773E-013
2535 7.5444E-013
2536 7.2971E-013
2537 7.1258E-013
2539 6.8603E-013
2540 6.7836E-013
2541 7.4374E-013
2543 7.2493E-013
2544 7.5615E-013
2546 7.4628E-013
2547 7.1608E-013
2548 7.1950E-013
2550 6.1742E-013
2551 6.5615E-013
2552 8.3698E-013
2554 9.5476E-013
2555 9.9388E-013
2557 9.3703E-013
2558 9.1065E-013
2559 9.1803E-013
2561 8.9786E-013
2562 8.7283E-013
2563 8.1254E-013
2565 8.3278E-013
2566 9.8175E-013
2568 9.6036E-013
2569 9.8830E-013
2570 1.0282E-012
2572 1.0104E-012
2573 9.8531E-013
2574 9.9822E-013
2576 9.6379E-013
2577 9.0622E-013
2578 9.3230E-013
2580 1.0099E-012
2581 1.0507E-012
2583 1.0152E-012
2584 9.3310E-013
2585 9.5832E-013
2587 8.6665E-013
2588 9.4921E-013
2589 1.0070E-012
2591 1.0371E-012
2592 9.8783E-013
2594 9.7107E-013
2595 9.3214E-013
2596 9.9058E-013
2598 9.7746E-013
2599 7.3203E-013
2600 6.5053E-013
2602 8.6903E-013
2603 1.0415E-012
2605 9.8678E-013
2606 8.3519E-013
2607 7.1258E-013
2609 7.4923E-013
2610 8.1698E-013
2611 7.7978E-013
2613 7.1507E-013
2614 7.6788E-013
2616 8.5166E-013
2617 1.0070E-012
2618 9.5852E-013
2620 9.2642E-013
2621 9.5652E-013
2622 9.9312E-013
2624 1.0300E-012
2625 1.0125E-012
2627 9.9330E-013
2628 9.3919E-013
2629 8.6225E-013
2631 8.2244E-013
2632 7.2522E-013
2633 8.3207E-013
2635 1.0567E-012
2636 1.1417E-012
2638 1.1391E-012
2639 1.1368E-012
2640 1.1951E-012
2642 1.2390E-012
2643 1.2529E-012
2644 1.3189E-012
2646 1.2910E-012
2647 1.2700E-012
2649 1.2782E-012
2650 1.2589E-012
2651 1.2407E-012
2653 1.2334E-012
2654 1.2272E-012
2655 1.2613E-012
2657 1.2858E-012
2658 1.2764E-012
2660 1.1957E-012
2661 1.1910E-012
2662 1.1336E-012
2664 1.0556E-012
2665 1.0176E-012
2666 1.0422E-012
2668 1.0259E-012
2669 1.0626E-012
2670 1.0683E-012
2672 1.0903E-012
2673 1.0478E-012
2675 1.1205E-012
2676 1.1667E-012
2677 1.1931E-012
2679 1.1157E-012
2680 1.0711E-012
2681 1.0886E-012
2683 1.1261E-012
2684 1.1502E-012
2686 1.1032E-012
2687 1.1113E-012
2688 1.0738E-012
2690 1.0419E-012
2691 1.0337E-012
2692 1.0438E-012
2694 1.0214E-012
2695 1.0570E-012
2697 1.0941E-012
2698 1.0623E-012
2699 9.8081E-013
2701 1.0601E-012
2702 1.1038E-012
2703 1.1215E-012
2705 1.1456E-012
2706 1.1305E-012
2708 1.0639E-012
2709 1.0461E-012
2710 1.0095E-012
2712 1.0135E-012
2713 1.0308E-012
2714 1.1041E-012
2716 1.0841E-012
2717 1.0589E-012
2719 1.0172E-012
2720 9.9300E-013
2721 1.0289E-012
2723 1.0864E-012
2724 1.0622E-012
2725 1.0357E-012
2727 1.0578E-012
2728 1.0291E-012
2730 1.0723E-012
2731 1.1666E-012
2732 1.1639E-012
2734 1.1468E-012
2735 1.1181E-012
2736 1.1073E-012
2738 1.0336E-012
2739 9.9081E-013
2741 9.6664E-013
2742 9.4693E-013
2743 9.1808E-013
2745 8.5616E-013
2746 9.0509E-013
2747 8.6215E-013
2749 8.4132E-013
2750 8.3917E-013
2751 8.1225E-013
2753 9.1003E-013
2754 9.5997E-013
2756 9.0103E-013
2757 8.2919E-013
2758 8.9937E-013
2760 1.0181E-012
2761 9.9469E-013
2762 9.8415E-013
2764 9.4550E-013
2765 1.0103E-012
2767 1.0321E-012
2768 1.0171E-012
2769 9.9788E-013
2771 9.9307E-013
2772 1.0954E-012
2773 1.1253E-012
2775 1.1419E-012
2776 1.0996E-012
2778 1.0504E-012
2779 1.0046E-012
2780 9.6127E-013
2782 9.6167E-013
2783 9.8818E-013
2784 9.8351E-013
2786 1.0120E-012
2787 1.0610E-012
2789 1.0556E-012
2790 9.9064E-013
2791 8.8368E-013
2793 7.4222E-013
2794 6.0075E-013
2795 4.3554E-013
2797 3.0227E-013
2798 3.7901E-013
2800 4.8125E-013
2801 5.6577E-013
2802 5.0298E-013
2804 3.7939E-013
2805 4.6545E-013
2806 6.9527E-013
2808 8.9090E-013
2809 1.0336E-012
2810 1.0835E-012
2812 1.0580E-012
2813 1.0587E-012
2815 1.1059E-012
2816 1.1944E-012
2817 1.1717E-012
2819 1.1557E-012
2820 1.2253E-012
2821 1.2660E-012
2823 1.2525E-012
2824 1.2298E-012
2826 1.2579E-012
2827 1.1854E-012
2828 1.1805E-012
2830 1.1687E-012
2831 1.1923E-012
2832 1.1282E-012
2834 1.1513E-012
2835 1.1768E-012
2837 1.1261E-012
2838 1.1219E-012
2839 1.1129E-012
2841 1.0747E-012
2842 1.0200E-012
2843 1.0682E-012
2845 1.0550E-012
2846 1.1222E-012
2848 1.1002E-012
2849 1.0594E-012
2850 1.0054E-012
2852 9.9561E-013
2853 8.7481E-013
2854 9.9343E-013
2856 1.0989E-012
2857 1.0120E-012
2858 9.8783E-013
2860 1.0782E-012
2861 1.2158E-012
2863 1.1688E-012
2864 1.1633E-012
2865 1.1509E-012
2867 1.0881E-012
2868 1.0889E-012
2869 1.0573E-012
2871 1.0430E-012
2872 1.0983E-012
2874 1.1333E-012
2875 1.0936E-012
2876 1.0839E-012
2878 1.0560E-012
2879 1.0861E-012
2880 1.0909E-012
2882 1.0805E-012
2883 1.1347E-012
2885 1.2055E-012
2886 1.2122E-012
2887 1.1918E-012
2889 1.1381E-012
2890 1.0516E-012
2891 1.0779E-012
2893 1.0549E-012
2894 1.0392E-012
2896 1.0630E-012
2897 1.0843E-012
2898 1.1077E-012
2900 1.1422E-012
2901 1.2447E-012
2902 1.2953E-012
2904 1.2743E-012
2905 1.3229E-012
2906 1.3035E-012
2908 1.2667E-012
2909 1.2196E-012
2911 1.2025E-012
2912 1.1887E-012
2913 1.2750E-012
2915 1.3257E-012
2916 1.2845E-012
2917 1.2539E-012
2919 1.2447E-012
2920 1.2892E-012
2922 1.2468E-012
2923 1.2125E-012
2924 1.1494E-012
2926 1.1451E-012
2927 1.1621E-012
2928 1.1237E-012
2930 1.0822E-012
2931 1.1943E-012
2933 1.2265E-012
2934 1.2092E-012
2935 1.1913E-012
2937 1.1657E-012
2938 1.1498E-012
2939 1.1998E-012
2941 1.1863E-012
2942 1.2045E-012
2943 1.2339E-012
2945 1.2127E-012
2946 1.2222E-012
2948 1.2000E-012
2949 1.1427E-012
2950 1.1491E-012
2952 1.1999E-012
2953 1.2296E-012
2954 1.1711E-012
2956 1.2263E-012
2957 1.2953E-012
2959 1.2904E-012
2960 1.2782E-012
2961 1.2515E-012
2963 1.2848E-012
2964 1.3059E-012
2965 1.2026E-012
2967 1.1799E-012
2968 1.2278E-012
2970 1.2124E-012
2971 1.1345E-012
2972 1.1662E-012
2974 1.2214E-012
2975 1.2979E-012
2976 1.2988E-012
2978 1.2604E-012
2979 1.2924E-012
2980 1.2246E-012
2982 1.2096E-012
2983 1.2026E-012
2985 1.2031E-012
2986 1.1152E-012
2987 1.1464E-012
2989 1.2169E-012
2990 1.2677E-012
2991 1.3397E-012
2993 1.3469E-012
2994 1.3060E-012
2996 1.3130E-012
2997 1.3484E-012
2998 1.3615E-012
3000 1.3093E-012
3001 1.2115E-012
3002 1.1825E-012
3004 1.1577E-012
3005 1.2330E-012
3007 1.3317E-012
3008 1.3189E-012
3009 1.2879E-012
3011 1.3174E-012
3012 1.3399E-012
3013 1.3359E-012
3015 1.3350E-012
3016 1.2983E-012
3017 1.2569E-012
3019 1.2499E-012
3020 1.2386E-012
3022 1.2009E-012
3023 1.2568E-012
3024 1.3491E-012
3026 1.3029E-012
3027 1.2760E-012
3028 1.3039E-012
3030 1.3185E-012
3031 1.2769E-012
3033 1.2599E-012
3034 1.2676E-012
3035 1.2940E-012
3037 1.3082E-012
3038 1.2673E-012
3039 1.2656E-012
3041 1.2872E-012
3042 1.2609E-012
3044 1.2586E-012
3045 1.2955E-012
3046 1.3069E-012
3048 1.2895E-012
3049 1.2525E-012
3050 1.2692E-012
3052 1.2906E-012
3053 1.3426E-012
3054 1.3228E-012
3056 1.2909E-012
3057 1.2502E-012
3059 1.1756E-012
3060 1.1818E-012
3067 1.2953E-012
3070 1.2972E-012
3073 1.2828E-012
3076 1.2976E-012
3078 1.3064E-012
3081 1.3512E-012
3084 1.3478E-012
3087 1.3269E-012
3089 1.2784E-012
3092 1.2504E-012
3095 1.2383E-012
3098 1.2360E-012
3100 1.2125E-012
3103 1.2389E-012
3106 1.2887E-012
3109 1.3265E-012
3111 1.3437E-012
3114 1.2943E-012
3117 1.2372E-012
3120 1.2247E-012
3122 1.2662E-012
3125 1.2566E-012
3128 1.2792E-012
3130 1.2495E-012
3133 1.2613E-012
3136 1.3018E-012
3139 1.3080E-012
3141 1.3162E-012
3144 1.2924E-012
3147 1.3115E-012
3150 1.3237E-012
3152 1.3039E-012
3155 1.2902E-012
3158 1.2416E-012
3161 1.2046E-012
3163 1.2457E-012
3166 1.3037E-012
3169 1.3123E-012
3172 1.3450E-012
3174 1.3532E-012
3177 1.2613E-012
3180 1.1724E-012
3183 1.2316E-012
3185 1.2591E-012
3188 1.2744E-012
3191 1.2278E-012
3194 1.2305E-012
3196 1.2581E-012
3199 1.3164E-012
3202 1.3296E-012
3205 1.3418E-012
3207 1.2955E-012
3210 1.2199E-012
3213 1.2093E-012
3216 1.2252E-012
3218 1.2665E-012
3221 1.2946E-012
3224 1.2610E-012
3227 1.2149E-012
3229 1.1754E-012
3232 1.1918E-012
3235 1.1953E-012
3238 1.2117E-012
3240 1.2556E-012
3243 1.2865E-012
3246 1.2807E-012
3249 1.2447E-012
3251 1.2637E-012
3254 1.2803E-012
3257 1.3154E-012
3260 1.3165E-012
3262 1.3060E-012
3265 1.3050E-012
3268 1.3070E-012
3271 1.2907E-012
3273 1.2765E-012
3276 1.2458E-012
3279 1.2353E-012
3282 1.2721E-012
3284 1.3038E-012
3287 1.2961E-012
3290 1.3295E-012
3293 1.3518E-012
3295 1.3501E-012
3298 1.3681E-012
3301 1.3686E-012
3304 1.3237E-012
3306 1.2991E-012
3309 1.3369E-012
3312 1.3258E-012
3315 1.3288E-012
3317 1.3264E-012
3320 1.3248E-012
3323 1.2735E-012
3326 1.2951E-012
3328 1.3002E-012
3331 1.3116E-012
3334 1.2892E-012
3337 1.2618E-012
3339 1.2546E-012
3342 1.2637E-012
3345 1.2935E-012
3348 1.2572E-012
3350 1.2542E-012
3353 1.3054E-012
3356 1.3088E-012
3359 1.2683E-012
3361 1.2518E-012
3364 1.2858E-012
3367 1.2791E-012
3370 1.2345E-012
3372 1.2346E-012
3375 1.2887E-012
3378 1.2746E-012
3381 1.2300E-012
3383 1.2656E-012
3386 1.2817E-012
3389 1.2812E-012
3392 1.2611E-012
3394 1.2675E-012
3397 1.3199E-012
3400 1.3361E-012
3403 1.2906E-012
3405 1.2807E-012
3408 1.2723E-012
3411 1.3014E-012
3413 1.2838E-012
3416 1.3051E-012
3419 1.3142E-012
3422 1.2780E-012
3424 1.2880E-012
3427 1.3046E-012
3430 1.3302E-012
3433 1.3167E-012
3435 1.3105E-012
3438 1.2764E-012
3441 1.2351E-012
3444 1.2233E-012
3446 1.2685E-012
3449 1.3030E-012
3452 1.2916E-012
3455 1.2861E-012
3457 1.2699E-012
3460 1.2364E-012
3463 1.2789E-012
3466 1.2814E-012
3468 1.3038E-012
3471 1.2917E-012
3474 1.2352E-012
3477 1.2318E-012
3479 1.2658E-012
3482 1.2782E-012
3485 1.2847E-012
3488 1.2711E-012
3490 1.2373E-012
3493 1.2159E-012
3496 1.2061E-012
3499 1.2366E-012
3501 1.2789E-012
3504 1.2816E-012
3507 1.2881E-012
3510 1.2691E-012
3512 1.2527E-012
3515 1.2738E-012
3518 1.2926E-012
3521 1.2832E-012
3523 1.2755E-012
3526 1.2628E-012
3529 1.2893E-012
3532 1.3006E-012
3534 1.2972E-012
3537 1.2951E-012
3540 1.3004E-012
3543 1.3088E-012
3545 1.3261E-012
3548 1.3280E-012
3551 1.3247E-012
3554 1.3087E-012
3556 1.2908E-012
3559 1.2911E-012
3562 1.2958E-012
3565 1.2680E-012
3567 1.2468E-012
3570 1.2269E-012
3573 1.2255E-012
3576 1.2400E-012
3578 1.2525E-012
3581 1.2447E-012
3584 1.2228E-012
3587 1.1796E-012
3589 1.2103E-012
3592 1.2545E-012
3595 1.2662E-012
3598 1.2806E-012
3600 1.2880E-012
3603 1.2538E-012
3606 1.2438E-012
3609 1.2267E-012
3611 1.2332E-012
3614 1.2359E-012
3617 1.2607E-012
3620 1.2373E-012
3622 1.2525E-012
3625 1.2840E-012
3628 1.2948E-012
3631 1.2516E-012
3633 1.2419E-012
3636 1.2829E-012
3639 1.2935E-012
3642 1.2714E-012
3644 1.2554E-012
3647 1.2473E-012
3650 1.2597E-012
3653 1.2838E-012
3655 1.3008E-012
3658 1.3039E-012
3661 1.2975E-012
3664 1.3067E-012
3666 1.3061E-012
3669 1.3112E-012
3672 1.3224E-012
3675 1.3077E-012
3677 1.2696E-012
3680 1.2565E-012
3683 1.2693E-012
3686 1.2420E-012
3688 1.2475E-012
3691 1.2952E-012
3694 1.3091E-012
3697 1.3163E-012
3699 1.3214E-012
3702 1.3188E-012
3705 1.2477E-012
3708 1.2807E-012
3710 1.2768E-012
3713 1.2495E-012
3716 1.3996E-012
3719 1.4292E-012
3721 1.3075E-012
3724 1.3024E-012
3727 1.4748E-012
3730 1.5373E-012
3732 1.3580E-012
3735 1.1755E-012
3738 1.3448E-012
3741 1.5712E-012
3743 1.6585E-012
3746 1.4760E-012
3749 1.2427E-012
3752 1.3629E-012
3754 1.5090E-012
3757 1.7486E-012
3760 1.7781E-012
3763 1.8123E-012
3765 1.6992E-012
3768 1.4379E-012
3771 1.2277E-012
3774 1.3905E-012
3776 1.7359E-012
3779 2.0440E-012
3782 2.2316E-012
3785 2.2601E-012
3787 2.1649E-012
3790 2.0243E-012
3793 1.8078E-012
3796 1.4504E-012
3798 1.2295E-012
3801 1.4190E-012
3804 1.7922E-012
3807 2.0639E-012
3809 2.3029E-012
3812 2.4373E-012
3815 2.4192E-012
3818 2.4877E-012
3820 2.4647E-012
3823 2.3524E-012
3826 2.1282E-012
3829 1.8757E-012
3831 1.6190E-012
3834 1.3020E-012
3837 1.1998E-012
3840 1.4548E-012
3842 1.8062E-012
3845 2.1309E-012
3848 2.3760E-012
3851 2.5539E-012
3853 2.7027E-012
3856 2.7255E-012
3859 2.7837E-012
3862 2.8553E-012
3864 2.8944E-012
3867 2.8928E-012
3870 2.8565E-012
3873 2.7196E-012
3875 2.6016E-012
3878 2.3788E-012
3881 2.1798E-012
3884 1.9187E-012
3886 1.5330E-012
3889 1.2429E-012
3892 1.3411E-012
3895 1.6736E-012
3897 1.9652E-012
3900 2.1664E-012
3903 2.3634E-012
3906 2.5269E-012
3908 2.7471E-012
3911 2.9210E-012
3914 2.9360E-012
3917 2.9699E-012
3919 3.0040E-012
3922 3.0452E-012
3925 3.0556E-012
3928 2.9501E-012
3930 2.5753E-012
3933 1.9426E-012
3936 2.1421E-012
3939 2.5725E-012
3941 2.9030E-012
3944 2.8927E-012
3947 2.8655E-012
3950 2.7832E-012
3952 2.6930E-012
3955 2.5873E-012
3958 2.4198E-012
3961 2.2394E-012
3963 1.9662E-012
3966 1.5899E-012
3969 1.1632E-012
3972 1.1417E-012
3974 1.4752E-012
3977 1.8362E-012
3980 2.1231E-012
3982 2.3313E-012
3985 2.5139E-012
3988 2.6759E-012
3991 2.8263E-012
3993 2.9664E-012
3996 3.0307E-012
3999 3.0779E-012
4002 3.1327E-012
4004 3.1329E-012
4007 3.1441E-012
4010 3.2577E-012
4013 3.2838E-012
4015 3.3255E-012
4018 3.3550E-012
4021 3.3883E-012
4024 3.3445E-012
4026 3.3324E-012
4029 3.2846E-012
4032 3.2191E-012
4035 3.2489E-012
4037 3.3280E-012
4040 3.3808E-012
4043 3.3403E-012
4046 3.2352E-012
4048 3.2746E-012
4051 3.2942E-012
4054 3.2462E-012
4057 3.1585E-012
4059 3.1565E-012
4062 3.1531E-012
4065 3.0726E-012
4068 3.0421E-012
4070 3.0353E-012
4073 2.9354E-012
4076 2.8718E-012
4079 2.7661E-012
4081 2.7531E-012
4084 2.6764E-012
4087 2.5486E-012
4090 2.4168E-012
4092 2.2302E-012
4095 1.9571E-012
4098 1.6703E-012
4101 1.3534E-012
4103 1.2509E-012
4106 1.5140E-012
4109 1.8219E-012
4112 2.0704E-012
4114 2.2861E-012
4117 2.4577E-012
4120 2.5599E-012
4123 2.6991E-012
4125 2.7677E-012
4128 2.8072E-012
4131 2.8275E-012
4134 2.8857E-012
4136 2.9966E-012
4139 3.1137E-012
4142 3.1380E-012
4145 3.0850E-012
4147 3.1209E-012
4150 3.1627E-012
4153 3.1533E-012
4156 3.0910E-012
4158 3.1163E-012
4161 3.1603E-012
4164 3.1633E-012
4167 3.1471E-012
4169 3.1466E-012
4172 3.0687E-012
4175 3.0121E-012
4178 3.0325E-012
4180 3.0498E-012
4183 3.1057E-012
4186 3.0874E-012
4189 3.1280E-012
4191 3.1658E-012
4194 3.2025E-012
4197 3.1298E-012
4200 3.0721E-012
4202 3.0785E-012
4205 3.1453E-012
4208 3.1827E-012
4211 3.1652E-012
4213 3.1577E-012
4216 3.1222E-012
4219 3.1180E-012
4222 3.0783E-012
4224 3.0728E-012
4227 2.9839E-012
4230 3.0530E-012
4233 3.0714E-012
4235 3.0336E-012
4238 3.0565E-012
4241 3.0864E-012
4244 3.0850E-012
4246 3.0225E-012
4249 2.9851E-012
4252 3.0065E-012
4255 3.0522E-012
4257 3.0371E-012
4260 3.0531E-012
4263 3.0495E-012
4266 3.0760E-012
4268 3.0451E-012
4271 2.9499E-012
4274 2.9288E-012
4277 2.9476E-012
4279 3.0002E-012
4282 2.9881E-012
4285 2.9304E-012
4288 2.8952E-012
4290 2.8090E-012
4293 2.8236E-012
4296 2.8088E-012
4299 2.7373E-012
4301 2.6350E-012
4304 2.6333E-012
4307 2.6657E-012
4310 2.6092E-012
4312 2.5872E-012
4315 2.5099E-012
4318 2.4929E-012
4321 2.4292E-012
4323 2.3419E-012
4326 2.2016E-012
4329 2.1054E-012
4332 1.9747E-012
4334 1.7845E-012
4337 1.5135E-012
4340 1.2716E-012
4343 1.1720E-012
4345 1.4147E-012
4348 1.6872E-012
4351 1.8839E-012
4354 2.0094E-012
4356 2.1962E-012
4359 2.3413E-012
4362 2.4438E-012
4365 2.5466E-012
4367 2.5642E-012
4370 2.5830E-012
4373 2.6139E-012
4376 2.6405E-012
4378 2.7225E-012
4381 2.7528E-012
4384 2.6809E-012
4387 2.6527E-012
4389 2.7292E-012
4392 2.7552E-012
4395 2.7576E-012
4398 2.7478E-012
4400 2.7579E-012
4403 2.7614E-012
4406 2.7870E-012
4409 2.8289E-012
4411 2.8225E-012
4414 2.8083E-012
4417 2.7215E-012
4420 2.7648E-012
4422 2.8151E-012
4425 2.8314E-012
4428 2.8430E-012
4430 2.8371E-012
4433 2.8184E-012
4436 2.8003E-012
4439 2.8401E-012
4441 2.8050E-012
4444 2.7658E-012
4447 2.7906E-012
4450 2.7862E-012
4452 2.7874E-012
4455 2.7458E-012
4458 2.7533E-012
4461 2.7649E-012
4463 2.7648E-012
4466 2.7397E-012
4469 2.7209E-012
4472 2.7383E-012
4474 2.7700E-012
4477 2.7539E-012
4480 2.6675E-012
4483 2.5574E-012
4485 2.6932E-012
4488 2.7462E-012
4491 2.7173E-012
4494 2.7294E-012
4496 2.7685E-012
4499 2.7728E-012
4502 2.7633E-012
4505 2.7798E-012
4507 2.7938E-012
4510 2.7728E-012
4513 2.7832E-012
4516 2.7708E-012
4518 2.7352E-012
4521 2.7053E-012
4524 2.6818E-012
4527 2.6911E-012
4529 2.6590E-012
4532 2.6465E-012
4535 2.6528E-012
4538 2.6845E-012
4540 2.7013E-012
4543 2.7075E-012
4546 2.6820E-012
4549 2.6320E-012
4551 2.5700E-012
4554 2.5864E-012
4557 2.5861E-012
4560 2.6260E-012
4562 2.6706E-012
4565 2.6465E-012
4568 2.6948E-012
4571 2.6935E-012
4573 2.6553E-012
4576 2.6646E-012
4579 2.6545E-012
4582 2.6141E-012
4584 2.5447E-012
4587 2.5819E-012
4590 2.5833E-012
4593 2.6048E-012
4595 2.6337E-012
4598 2.6503E-012
4601 2.6542E-012
4604 2.6679E-012
4606 2.6627E-012
4609 2.6620E-012
4612 2.6569E-012
4615 2.6451E-012
4617 2.6132E-012
4620 2.6172E-012
4623 2.6199E-012
4626 2.6376E-012
4628 2.6115E-012
4631 2.5967E-012
4634 2.5968E-012
4637 2.5912E-012
4639 2.6013E-012
4642 2.5930E-012
4645 2.5819E-012
4648 2.5810E-012
4650 2.5721E-012
4653 2.5814E-012
4656 2.5714E-012
4658 2.5771E-012
4661 2.5835E-012
4664 2.5723E-012
4667 2.5246E-012
4669 2.4947E-012
4672 2.5303E-012
4675 2.5628E-012
4678 2.5645E-012
4680 2.5537E-012
4683 2.5627E-012
4686 2.5459E-012
4689 2.5424E-012
4691 2.5569E-012
4694 2.5462E-012
4697 2.5368E-012
4700 2.5192E-012
4702 2.4787E-012
4705 2.4654E-012
4708 2.4804E-012
4711 2.5100E-012
4713 2.5006E-012
4716 2.5055E-012
4719 2.5086E-012
4722 2.5121E-012
4724 2.4917E-012
4727 2.4831E-012
4730 2.4650E-012
4733 2.4569E-012
4735 2.4606E-012
4738 2.4632E-012
4741 2.4645E-012
4744 2.4682E-012
4746 2.4795E-012
4749 2.4709E-012
4752 2.4607E-012
4755 2.4397E-012
4757 2.4258E-012
4760 2.4198E-012
4763 2.3955E-012
4766 2.4016E-012
4768 2.4094E-012
4771 2.4033E-012
4774 2.3887E-012
4777 2.3943E-012
4779 2.3900E-012
4782 2.3847E-012
4785 2.3817E-012
4788 2.3671E-012
4790 2.3602E-012
4793 2.3669E-012
4796 2.3772E-012
4799 2.3572E-012
4801 2.3334E-012
4804 2.3137E-012
4807 2.3021E-012
4810 2.2932E-012
4812 2.2962E-012
4815 2.2852E-012
4818 2.2725E-012
4820 2.2351E-012
4823 2.2087E-012
4826 2.1739E-012
4829 2.1563E-012
4831 2.1408E-012
4834 2.1105E-012
4837 2.0450E-012
4840 2.0035E-012
4842 1.9547E-012
4845 1.8738E-012
4848 1.7824E-012
4851 1.6946E-012
4853 1.5671E-012
4856 1.4056E-012
4859 1.2077E-012
4862 1.0827E-012
4864 1.0788E-012
4867 1.2579E-012
4870 1.4362E-012
4873 1.5544E-012
4875 1.6600E-012
4878 1.7527E-012
4881 1.8376E-012
4884 1.8968E-012
4886 1.9400E-012
4889 1.9767E-012
4892 2.0095E-012
4895 2.0527E-012
4897 2.1006E-012
4900 2.1194E-012
4903 2.1265E-012
4906 2.1465E-012
4908 2.1581E-012
4911 2.1485E-012
4914 2.1590E-012
4917 2.1784E-012
4919 2.1301E-012
4922 2.1119E-012
4925 2.1211E-012
4928 2.1529E-012
4930 2.1820E-012
4933 2.1654E-012
4936 2.1584E-012
4939 2.1727E-012
4941 2.1927E-012
4944 2.2104E-012
4947 2.2243E-012
4949 2.2204E-012
4952 2.2049E-012
4955 2.1821E-012
4958 2.1656E-012
4960 2.1663E-012
4963 2.2033E-012
4966 2.2090E-012
4969 2.1976E-012
4971 2.2006E-012
4974 2.1923E-012
4977 2.2024E-012
4980 2.1840E-012
4982 2.1465E-012
4985 2.1265E-012
4988 2.1504E-012
4991 2.1673E-012
4993 2.1634E-012
4996 2.1808E-012
4999 2.1704E-012
5002 2.1363E-012
5004 2.1080E-012
5007 2.0991E-012
5010 2.1243E-012
5013 2.1230E-012
5015 2.1077E-012
5018 2.0776E-012
5021 2.0584E-012
5024 2.1018E-012
5026 2.1267E-012
5029 2.1195E-012
5032 2.0850E-012
5035 2.1308E-012
5037 2.1177E-012
5040 2.0966E-012
5043 2.0706E-012
5046 2.1091E-012
5048 2.1338E-012
5051 2.1041E-012
5054 2.0927E-012
5056 2.1016E-012
5059 2.1164E-012
5062 2.1292E-012
5065 2.1198E-012
5067 2.1064E-012
5070 2.0925E-012
5073 2.0865E-012
5076 2.0747E-012
5078 2.0872E-012
5081 2.0671E-012
5084 2.0690E-012
5087 2.0958E-012
5089 2.0962E-012
5092 2.1066E-012
5095 2.0734E-012
5098 2.0679E-012
5100 2.0675E-012
5103 2.0670E-012
5106 2.0854E-012
5109 2.0763E-012
5111 2.0640E-012
5114 2.0763E-012
5117 2.0753E-012
5120 2.0916E-012
5122 2.0675E-012
5125 2.0498E-012
5128 2.0247E-012
5131 2.0324E-012
5133 2.0201E-012
5136 2.0129E-012
5139 1.9987E-012
5142 1.9889E-012
5144 2.0060E-012
5147 2.0098E-012
5150 2.0174E-012
5152 2.0104E-012
5155 1.9973E-012
5158 2.0075E-012
5161 2.0037E-012
5163 1.9755E-012
5166 1.9488E-012
5169 1.8558E-012
5172 1.8687E-012
5174 1.8966E-012
5177 1.9810E-012
5180 2.0011E-012
5183 1.9559E-012
5185 1.8959E-012
5188 1.9210E-012
5191 1.9287E-012
5194 1.9214E-012
5196 1.9155E-012
5199 1.9298E-012
5202 1.9535E-012
5205 1.9355E-012
5207 1.9242E-012
5210 1.9316E-012
5213 1.9450E-012
5216 1.9561E-012
5218 1.9388E-012
5221 1.9513E-012
5224 1.9509E-012
5226 1.9028E-012
5229 1.8680E-012
5232 1.8833E-012
5235 1.8655E-012
5237 1.8897E-012
5240 1.9216E-012
5243 1.9459E-012
5246 1.9483E-012
5248 1.9419E-012
5251 1.9272E-012
5254 1.9233E-012
5257 1.9222E-012
5259 1.9201E-012
5262 1.8812E-012
5265 1.8299E-012
5268 1.8215E-012
5270 1.8075E-012
5273 1.8334E-012
5276 1.8389E-012
5279 1.8545E-012
5281 1.8772E-012
5284 1.8672E-012
5287 1.8801E-012
5290 1.9127E-012
5292 1.9243E-012
5295 1.8998E-012
5298 1.9061E-012
5300 1.8812E-012
5303 1.8860E-012
5306 1.8824E-012
5309 1.8876E-012
5311 1.8886E-012
5314 1.8619E-012
5317 1.8315E-012
5320 1.8480E-012
5322 1.8488E-012
5325 1.8253E-012
5328 1.8039E-012
5331 1.8184E-012
5333 1.8456E-012
5336 1.8230E-012
5339 1.8097E-012
5342 1.8165E-012
5344 1.8398E-012
5347 1.8409E-012
5350 1.8493E-012
5353 1.8530E-012
5355 1.8573E-012
5358 1.8637E-012
5361 1.8479E-012
5364 1.8159E-012
5366 1.8054E-012
5369 1.7957E-012
5372 1.7918E-012
5374 1.8153E-012
5377 1.8285E-012
5380 1.8171E-012
5383 1.7945E-012
5385 1.8031E-012
5388 1.8137E-012
5391 1.8110E-012
5394 1.7995E-012
5396 1.7933E-012
5399 1.7779E-012
5402 1.7747E-012
5405 1.7488E-012
5407 1.7629E-012
5410 1.7604E-012
5413 1.7649E-012
5416 1.7707E-012
5418 1.7840E-012
5421 1.7848E-012
5424 1.7673E-012
5427 1.7580E-012
5429 1.7653E-012
5432 1.7652E-012
5435 1.7523E-012
5437 1.7788E-012
5440 1.7892E-012
5443 1.7815E-012
5446 1.7617E-012
5448 1.7596E-012
5453 1.7496E-012
5458 1.7478E-012
5463 1.7636E-012
5468 1.7548E-012
5473 1.7497E-012
5478 1.7418E-012
5483 1.7429E-012
5488 1.7471E-012
5492 1.7446E-012
5497 1.7390E-012
5502 1.7209E-012
5507 1.7235E-012
5512 1.7221E-012
5517 1.7318E-012
5522 1.7205E-012
5527 1.7042E-012
5531 1.6888E-012
5536 1.6908E-012
5541 1.6931E-012
5546 1.7036E-012
5551 1.7092E-012
5556 1.7042E-012
5561 1.6981E-012
5566 1.6769E-012
5570 1.6700E-012
5575 1.6639E-012
5580 1.6693E-012
5585 1.6638E-012
5590 1.6333E-012
5595 1.6378E-012
5600 1.6343E-012
5605 1.6414E-012
5609 1.6513E-012
5614 1.6465E-012
5619 1.6415E-012
5624 1.6439E-012
5629 1.6439E-012
5634 1.6334E-012
5639 1.6327E-012
5643 1.6295E-012
5648 1.6261E-012
5653 1.6134E-012
5658 1.6092E-012
5663 1.6011E-012
5668 1.6059E-012
5673 1.6057E-012
5678 1.6129E-012
5682 1.6134E-012
5687 1.5894E-012
5692 1.5925E-012
5697 1.5996E-012
5702 1.5888E-012
5707 1.5796E-012
5712 1.5712E-012
5717 1.5810E-012
5721 1.5761E-012
5726 1.5821E-012
5731 1.5765E-012
5736 1.5753E-012
5741 1.5760E-012
5746 1.5730E-012
5751 1.5585E-012
5756 1.5586E-012
5760 1.5485E-012
5765 1.5490E-012
5770 1.5498E-012
5775 1.5469E-012
5780 1.5364E-012
5785 1.5310E-012
5790 1.5320E-012
5795 1.5286E-012
5799 1.5289E-012
5804 1.5254E-012
5809 1.5239E-012
5814 1.5220E-012
5819 1.5121E-012
5824 1.5120E-012
5829 1.5162E-012
5834 1.5086E-012
5838 1.5131E-012
5843 1.5015E-012
5848 1.4970E-012
5853 1.4906E-012
5858 1.4794E-012
5863 1.4677E-012
5868 1.4885E-012
5873 1.4883E-012
5877 1.4875E-012
5882 1.4728E-012
5887 1.4491E-012
5892 1.4220E-012
5897 1.4187E-012
5902 1.4450E-012
5907 1.4632E-012
5912 1.4554E-012
5916 1.4508E-012
5921 1.4550E-012
5926 1.4545E-012
5931 1.4408E-012
5936 1.4428E-012
5941 1.4464E-012
5946 1.4369E-012
5951 1.4314E-012
5955 1.4300E-012
5960 1.4232E-012
5965 1.4344E-012
5970 1.4287E-012
5975 1.4187E-012
5980 1.4125E-012
5985 1.4087E-012
5990 1.4043E-012
5995 1.3976E-012
5999 1.4007E-012
6004 1.3954E-012
6009 1.3863E-012
6014 1.3839E-012
6019 1.3799E-012
6024 1.3750E-012
6029 1.3866E-012
6034 1.3823E-012
6038 1.3783E-012
6043 1.3776E-012
6048 1.3782E-012
6053 1.3679E-012
6058 1.3672E-012
6063 1.3610E-012
6068 1.3583E-012
6073 1.3610E-012
6077 1.3576E-012
6082 1.3569E-012
6087 1.3441E-012
6092 1.3463E-012
6097 1.3396E-012
6102 1.3359E-012
6107 1.3319E-012
6112 1.3324E-012
6116 1.3231E-012
6121 1.3218E-012
6126 1.3163E-012
6131 1.3155E-012
6136 1.3204E-012
6141 1.3053E-012
6146 1.2995E-012
6151 1.2988E-012
6155 1.2883E-012
6160 1.2802E-012
6165 1.2805E-012
6170 1.2878E-012
6175 1.2930E-012
6180 1.2952E-012
6185 1.2901E-012
6190 1.2912E-012
6194 1.2918E-012
6199 1.2962E-012
6204 1.2950E-012
6209 1.2862E-012
6214 1.2849E-012
6219 1.2743E-012
6224 1.2724E-012
6229 1.2683E-012
6234 1.2714E-012
6238 1.2596E-012
6243 1.2446E-012
6248 1.2464E-012
6253 1.2474E-012
6258 1.2569E-012
6263 1.2527E-012
6268 1.2520E-012
6273 1.2569E-012
6277 1.2537E-012
6282 1.2407E-012
6287 1.2443E-012
6292 1.2487E-012
6297 1.2454E-012
6302 1.2405E-012
6307 1.2236E-012
6312 1.2252E-012
6316 1.2167E-012
6321 1.2061E-012
6326 1.1986E-012
6331 1.1931E-012
6336 1.1932E-012
6341 1.1951E-012
6346 1.1916E-012
6351 1.1920E-012
6356 1.2118E-012
6360 1.2041E-012
6365 1.2007E-012
6370 1.1840E-012
6375 1.1840E-012
6380 1.1944E-012
6385 1.1930E-012
6390 1.1913E-012
6395 1.1838E-012
6399 1.1749E-012
6404 1.1700E-012
6409 1.1642E-012
6414 1.1633E-012
6419 1.1649E-012
6424 1.1667E-012
6429 1.1633E-012
6434 1.1581E-012
6438 1.1538E-012
6443 1.1471E-012
6448 1.1381E-012
6453 1.1375E-012
6458 1.1229E-012
6463 1.1272E-012
6468 1.1341E-012
6473 1.1408E-012
6478 1.1355E-012
6482 1.1270E-012
6487 1.1293E-012
6492 1.1183E-012
6497 1.1057E-012
6502 1.1008E-012
6507 1.1037E-012
6512 1.1023E-012
6517 1.0954E-012
6521 1.0795E-012
6526 1.0667E-012
6531 1.0578E-012
6536 1.0403E-012
6541 1.0087E-012
6546 9.6385E-013
6551 9.1124E-013
6556 8.3767E-013
6560 7.5307E-013
6565 7.3199E-013
6570 7.7070E-013
6575 8.5541E-013
6580 9.1980E-013
6585 9.6407E-013
6590 9.9432E-013
6595 1.0080E-012
6600 1.0292E-012
6604 1.0381E-012
6609 1.0502E-012
6614 1.0536E-012
6619 1.0546E-012
6624 1.0577E-012
6629 1.0604E-012
6634 1.0602E-012
6639 1.0597E-012
6643 1.0627E-012
6648 1.0590E-012
6653 1.0604E-012
6658 1.0601E-012
6663 1.0676E-012
6668 1.0637E-012
6673 1.0577E-012
6678 1.0479E-012
6683 1.0568E-012
6687 1.0553E-012
6692 1.0586E-012
6697 1.0530E-012
6702 1.0482E-012
6707 1.0468E-012
6712 1.0455E-012
6717 1.0458E-012
6722 1.0383E-012
6726 1.0399E-012
6731 1.0440E-012
6736 1.0415E-012
6741 1.0414E-012
6746 1.0383E-012
6751 1.0315E-012
6756 1.0327E-012
6761 1.0325E-012
6766 1.0326E-012
6770 1.0263E-012
6775 1.0250E-012
6780 1.0288E-012
6785 1.0207E-012
6790 1.0190E-012
6795 1.0218E-012
6800 1.0166E-012
6805 1.0065E-012
6809 9.9506E-013
6814 1.0079E-012
6819 1.0119E-012
6824 1.0093E-012
6829 1.0048E-012
6834 1.0004E-012
6839 9.9848E-013
6844 9.9871E-013
6849 9.9807E-013
6853 9.9637E-013
6858 9.8848E-013
6863 9.7685E-013
6868 9.8455E-013
6873 9.8831E-013
6878 9.8832E-013
6883 9.8343E-013
6888 9.7893E-013
6892 9.8189E-013
6897 9.8373E-013
6902 9.7867E-013
6907 9.7495E-013
6912 9.7565E-013
6917 9.6697E-013
6922 9.6536E-013
6927 9.6662E-013
6932 9.7037E-013
6936 9.6554E-013
6941 9.5909E-013
6946 9.6120E-013
6951 9.5140E-013
6956 9.5431E-013
6961 9.5606E-013
6966 9.5852E-013
6971 9.5226E-013
6975 9.5073E-013
6980 9.4676E-013
6985 9.4673E-013
6990 9.4072E-013
6995 9.4122E-013
7000 9.3503E-013
7005 9.3123E-013
7010 9.2913E-013
7015 9.3616E-013
7019 9.2481E-013
7024 9.2527E-013
7029 9.2854E-013
7034 9.2328E-013
7039 9.2429E-013
7044 9.2655E-013
7049 9.2034E-013
7054 9.2476E-013
7059 9.2089E-013
7063 9.1820E-013
7068 9.1395E-013
7073 9.1419E-013
7078 9.1091E-013
7083 9.1326E-013
7088 9.0185E-013
7093 9.0415E-013
7098 9.0163E-013
7102 8.9582E-013
7107 8.9656E-013
7112 8.8731E-013
7117 8.8075E-013
7122 8.8753E-013
7127 8.9388E-013
7132 8.8846E-013
7137 8.8624E-013
7142 8.8534E-013
7146 8.8697E-013
7151 8.8449E-013
7156 8.8353E-013
7161 8.8127E-013
7166 8.7934E-013
7171 8.7658E-013
7176 8.7533E-013
7181 8.7423E-013
7185 8.7329E-013
7190 8.7012E-013
7195 8.6977E-013
7200 8.6685E-013
7205 8.6928E-013
7210 8.6751E-013
7215 8.6874E-013
7220 8.6261E-013
7225 8.5976E-013
7229 8.6282E-013
7234 8.6078E-013
7239 8.5808E-013
7244 8.5076E-013
7249 8.5101E-013
7254 8.5107E-013
7259 8.5302E-013
7264 8.5094E-013
7269 8.4636E-013
7273 8.5096E-013
7278 8.4304E-013
7283 8.4152E-013
7288 8.3582E-013
7293 8.3657E-013
7298 8.3498E-013
7303 8.3572E-013
7308 8.3513E-013
7312 8.3142E-013
7317 8.3191E-013
7322 8.3272E-013
7327 8.2604E-013
7332 8.2639E-013
7337 8.2712E-013
7342 8.2804E-013
7347 8.2418E-013
7352 8.2328E-013
7356 8.2202E-013
7361 8.2344E-013
7366 8.2134E-013
7371 8.1455E-013
7376 8.1287E-013
7381 8.1189E-013
7386 8.1180E-013
7391 8.0430E-013
7396 8.0509E-013
7400 8.1221E-013
7405 8.0450E-013
7410 7.9490E-013
7415 7.9474E-013
7420 7.9599E-013
7425 7.9399E-013
7430 7.9211E-013
7435 7.9331E-013
7439 7.9312E-013
7444 7.9200E-013
7449 7.8806E-013
7454 7.8933E-013
7459 7.8319E-013
7464 7.8105E-013
7469 7.8278E-013
7474 7.8521E-013
7479 7.8298E-013
7483 7.8231E-013
7488 7.7767E-013
7493 7.7900E-013
7498 7.7428E-013
7503 7.7529E-013
7508 7.7430E-013
7513 7.6972E-013
7518 7.6798E-013
7523 7.7172E-013
7527 7.6840E-013
7532 7.6821E-013
7537 7.6941E-013
7542 7.7036E-013
7547 7.6905E-013
7552 7.6642E-013
7557 7.6452E-013
7562 7.6425E-013
7566 7.5643E-013
7571 7.5672E-013
7576 7.5375E-013
7581 7.5412E-013
7586 7.5707E-013
7591 7.5820E-013
7596 7.5131E-013
7601 7.5113E-013
7606 7.4536E-013
7610 7.4599E-013
7615 7.4416E-013
7620 7.4631E-013
7625 7.4259E-013
7630 7.4364E-013
7635 7.4176E-013
7640 7.4298E-013
7645 7.4062E-013
7650 7.3652E-013
7654 7.3381E-013
7659 7.3108E-013
7664 7.2663E-013
7669 7.2485E-013
7674 7.2961E-013
7679 7.2649E-013
7684 7.2208E-013
7689 7.2008E-013
7693 7.2105E-013
7698 7.2618E-013
7703 7.2308E-013
7708 7.2313E-013
7713 7.1615E-013
7718 7.1673E-013
7723 7.1738E-013
7728 7.1516E-013
7733 7.1553E-013
7737 7.1501E-013
7742 7.1676E-013
7747 7.0789E-013
7752 7.1279E-013
7757 7.1267E-013
7762 7.0821E-013
7767 7.0191E-013
7772 6.8941E-013
7777 6.6935E-013
7781 6.8526E-013
7786 6.9349E-013
7791 6.9965E-013
7796 7.0454E-013
7801 7.0179E-013
7806 7.0534E-013
7811 6.9938E-013
7816 7.0019E-013
7821 7.0071E-013
7825 6.9541E-013
7830 6.9713E-013
7835 6.8994E-013
7840 6.9094E-013
7845 6.8980E-013
7850 6.8341E-013
7855 6.8662E-013
7860 6.8658E-013
7864 6.8946E-013
7869 6.8931E-013
7874 6.8041E-013
7879 6.7937E-013
7884 6.7561E-013
7889 6.7575E-013
7894 6.7642E-013
7899 6.7458E-013
7904 6.7951E-013
7908 6.7938E-013
7913 6.7329E-013
7918 6.7361E-013
7923 6.7179E-013
7928 6.6970E-013
7933 6.5966E-013
7938 6.6463E-013
7943 6.6466E-013
7948 6.5927E-013
7952 6.6403E-013
7957 6.6250E-013
7962 6.6238E-013
7967 6.5998E-013
7972 6.5646E-013
7977 6.6528E-013
7982 6.6492E-013
7987 6.6629E-013
7991 6.6458E-013
7996 6.5696E-013
8001 6.5723E-013
8006 6.5175E-013
8011 6.5458E-013
8016 6.5482E-013
8021 6.5474E-013
8026 6.5347E-013
8031 6.5111E-013
8035 6.4673E-013
8040 6.4557E-013
8045 6.4431E-013
8050 6.3897E-013
8055 6.3971E-013
8060 6.4113E-013
8065 6.3956E-013
8070 6.4071E-013
8075 6.3490E-013
8079 6.3366E-013
8084 6.3157E-013
8089 6.3113E-013
8094 6.3070E-013
8099 6.3290E-013
8104 6.3067E-013
8109 6.3244E-013
8114 6.3026E-013
8118 6.3046E-013
8123 6.2721E-013
8128 6.3002E-013
8133 6.2689E-013
8138 6.2304E-013
8143 6.2267E-013
8148 6.2051E-013
8153 6.1969E-013
8158 6.2299E-013
8162 6.2100E-013
8167 6.1783E-013
8172 6.1725E-013
8177 6.1754E-013
8182 6.1579E-013
8187 6.0486E-013
8192 6.0693E-013
8197 6.0329E-013
8202 6.0415E-013
8206 6.0039E-013
8211 6.0296E-013
8216 5.9599E-013
8221 5.9771E-013
8226 5.9687E-013
8231 6.0127E-013
8236 5.9534E-013
8241 5.9410E-013
8246 5.9935E-013
8250 5.9564E-013
8255 5.9273E-013
8260 5.9278E-013
8265 5.9755E-013
8270 5.9512E-013
8275 5.9456E-013
8280 5.9685E-013
8285 5.9354E-013
8289 5.9176E-013
8294 5.8996E-013
8299 5.9167E-013
8304 5.8625E-013
8309 5.8543E-013
8314 5.8609E-013
8319 5.8260E-013
8324 5.7840E-013
8329 5.7954E-013
8333 5.7428E-013
8338 5.6828E-013
8343 5.7264E-013
8348 5.7555E-013
8353 5.8348E-013
8358 5.7958E-013
8363 5.7699E-013
8368 5.7402E-013
8373 5.7302E-013
8377 5.7555E-013
8382 5.7204E-013
8387 5.7626E-013
8392 5.7124E-013
8397 5.7050E-013
8402 5.7359E-013
8407 5.6816E-013
8412 5.6877E-013
8416 5.6845E-013
8421 5.6895E-013
8426 5.7092E-013
8431 5.6578E-013
8436 5.6480E-013
8441 5.5838E-013
8446 5.4993E-013
8451 5.4450E-013
8456 5.5330E-013
8460 5.5922E-013
8465 5.6047E-013
8470 5.5863E-013
8475 5.5844E-013
8480 5.6065E-013
8485 5.5986E-013
8490 5.5492E-013
8495 5.5094E-013
8499 5.3455E-013
8504 5.2985E-013
8509 5.4189E-013
8514 5.4771E-013
8519 5.5628E-013
8524 5.5367E-013
8529 5.5155E-013
8534 5.4086E-013
8539 5.3117E-013
8543 5.1744E-013
8548 5.0188E-013
8553 5.2327E-013
8558 5.3221E-013
8563 5.4058E-013
8568 5.5155E-013
8573 5.5314E-013
8578 5.5284E-013
8583 5.5124E-013
8587 5.4262E-013
8592 5.3047E-013
8597 5.2220E-013
8602 5.1531E-013
8607 5.2072E-013
8612 5.3158E-013
8617 5.4024E-013
8622 5.4697E-013
8626 5.4823E-013
8631 5.4703E-013
8636 5.4155E-013
8641 5.4108E-013
8646 5.3721E-013
8651 5.2476E-013
8656 5.0983E-013
8661 4.8885E-013
8666 4.7585E-013
8670 4.7644E-013
8675 4.9833E-013
8680 5.0629E-013
8685 5.1882E-013
8690 5.3324E-013
8695 5.3709E-013
8700 5.3977E-013
8705 5.4625E-013
8710 5.5296E-013
8714 5.4606E-013
8719 5.4279E-013
8724 5.3725E-013
8729 5.2998E-013
8734 5.1680E-013
8739 5.0688E-013
8744 4.8975E-013
8749 4.6995E-013
8753 4.5984E-013
8758 4.7095E-013
8763 4.8989E-013
8768 5.0666E-013
8773 5.1770E-013
8778 5.2572E-013
8783 5.3552E-013
8788 5.3702E-013
8793 5.4171E-013
8797 5.3826E-013
8802 5.4072E-013
8807 5.4185E-013
8812 5.4093E-013
8817 5.3755E-013
8822 5.3656E-013
8827 5.3282E-013
8832 5.3129E-013
8836 5.1932E-013
8841 5.0935E-013
8846 5.0227E-013
8851 4.8362E-013
8856 4.6308E-013
8861 4.4083E-013
8866 4.3184E-013
8871 4.4311E-013
8876 4.6388E-013
8880 4.8005E-013
8885 4.9633E-013
8890 5.0900E-013
8895 5.1258E-013
8900 5.1144E-013
8905 5.1470E-013
8910 5.1823E-013
8915 5.2067E-013
8919 5.2386E-013
8924 5.2740E-013
8929 5.2211E-013
8934 5.2598E-013
8939 5.3023E-013
8944 5.2523E-013
8949 5.2998E-013
8954 5.2884E-013
8959 5.3463E-013
8963 5.2688E-013
8968 5.2218E-013
8973 5.1592E-013
8978 5.1752E-013
8983 5.0995E-013
8988 5.0332E-013
8993 4.9476E-013
8998 4.6850E-013
9002 4.5737E-013
9007 4.3509E-013
9012 4.1374E-013
9017 4.0362E-013
9022 4.1552E-013
9027 4.3738E-013
9032 4.5425E-013
9037 4.7430E-013
9042 4.7938E-013
9046 4.8866E-013
9051 4.9525E-013
9056 4.9507E-013
9061 4.9519E-013
9066 4.9289E-013
9071 5.0041E-013
9076 5.0590E-013
9081 5.0334E-013
9085 5.0028E-013
9090 4.9272E-013
9095 4.8845E-013
9100 4.9705E-013
9105 5.0186E-013
9110 5.0173E-013
9115 5.0312E-013
9120 5.0637E-013
9125 5.0969E-013
9129 5.0702E-013
9134 5.1115E-013
9139 5.0770E-013
9144 5.1032E-013
9149 5.1011E-013
9154 5.0855E-013
9159 5.1173E-013
9164 5.0883E-013
9168 4.9716E-013
9173 4.9181E-013
9178 4.8739E-013
9183 4.8158E-013
9188 4.8633E-013
9193 4.8288E-013
9198 4.7582E-013
9203 4.6676E-013
9207 4.5322E-013
9212 4.3663E-013
9217 4.1767E-013
9222 4.0659E-013
9227 3.9040E-013
9232 3.7384E-013
9237 3.8241E-013
9242 3.9858E-013
9247 4.0733E-013
9251 4.2424E-013
9256 4.3520E-013
9261 4.4366E-013
9266 4.4215E-013
9271 4.5133E-013
9276 4.6311E-013
9281 4.7494E-013
9286 4.7898E-013
9290 4.8644E-013
9295 4.8736E-013
9300 4.8632E-013
9305 4.8271E-013
9310 4.8611E-013
9315 4.7751E-013
9320 4.7712E-013
9325 4.7872E-013
9329 4.8044E-013
9334 4.8368E-013
9339 4.8145E-013
9344 4.7516E-013
9349 4.8032E-013
9354 4.7905E-013
9359 4.7865E-013
9364 4.7963E-013
9369 4.7757E-013
9373 4.7804E-013
9378 4.7163E-013
9383 4.7183E-013
9388 4.7135E-013
9393 4.7027E-013
9398 4.6670E-013
9403 4.6642E-013
9408 4.6030E-013
9412 4.5724E-013
9417 4.5177E-013
9422 4.5430E-013
9427 4.5891E-013
9432 4.5993E-013
9437 4.5958E-013
9442 4.5896E-013
9447 4.6044E-013
9451 4.6187E-013
9456 4.6004E-013
9461 4.6390E-013
9466 4.6418E-013
9471 4.6580E-013
9476 4.6686E-013
9481 4.6304E-013
9486 4.5155E-013
9491 4.5154E-013
9495 4.4236E-013
9500 4.4071E-013
9505 4.3316E-013
9510 4.3219E-013
9515 4.2605E-013
9520 4.2083E-013
9525 4.0573E-013
9530 3.9504E-013
9534 3.8600E-013
9539 3.6812E-013
9544 3.4950E-013
9549 3.3633E-013
9554 3.4562E-013
9559 3.5997E-013
9564 3.7819E-013
9569 3.9493E-013
9573 4.0476E-013
9578 4.0964E-013
9583 4.1299E-013
9588 4.2035E-013
9593 4.1909E-013
9598 4.2383E-013
9603 4.2050E-013
9608 4.2208E-013
9612 4.2837E-013
9617 4.3453E-013
9622 4.3268E-013
9627 4.3895E-013
9632 4.3517E-013
9637 4.2858E-013
9642 4.2975E-013
9647 4.2638E-013
9651 4.2966E-013
9656 4.2526E-013
9661 4.1767E-013
9666 4.2274E-013
9671 4.3132E-013
9676 4.3164E-013
9681 4.2932E-013
9686 4.3050E-013
9691 4.3263E-013
9695 4.3891E-013
9700 4.3318E-013
9705 4.3320E-013
9710 4.2937E-013
9715 4.2756E-013
9720 4.2704E-013
9725 4.2059E-013
9730 4.2643E-013
9734 4.2861E-013
9739 4.2042E-013
9744 4.2164E-013
9749 4.2196E-013
9754 4.2895E-013
9759 4.2126E-013
9764 4.1837E-013
9769 4.2147E-013
9773 4.2097E-013
9778 4.2611E-013
9783 4.2849E-013
9788 4.2742E-013
9793 4.2891E-013
9798 4.1968E-013
9803 4.1911E-013
9808 4.2254E-013
9812 4.1668E-013
9817 4.1645E-013
9822 4.0764E-013
9827 4.0559E-013
9832 4.0917E-013
9837 4.1173E-013
9842 4.0489E-013
9847 4.0607E-013
9851 4.1000E-013
9856 4.1181E-013
9861 4.1274E-013
9866 4.1738E-013
9871 4.0313E-013
9876 4.0755E-013
9881 4.0983E-013
9886 4.0351E-013
9890 3.9933E-013
9895 3.9774E-013
9900 4.0491E-013
9905 3.9980E-013
9910 4.0244E-013
9915 3.9835E-013
9920 3.9189E-013
9925 3.9980E-013
9929 3.9796E-013
9934 4.0068E-013
9939 3.9689E-013
9944 3.9385E-013
9949 3.9570E-013
9954 3.9262E-013
9959 3.9373E-013
9964 3.9359E-013
9968 3.9157E-013
9973 3.8977E-013
9978 3.8645E-013
9983 3.9000E-013
9988 3.8655E-013
9993 3.8362E-013
9998 3.8721E-013
1E+004 3.8273E-013
1.001E+004 3.8498E-013
1.001E+004 3.7842E-013
1.002E+004 3.7324E-013
1.002E+004 3.6286E-013
1.003E+004 3.5619E-013
1.003E+004 3.4652E-013
1.004E+004 3.4054E-013
1.004E+004 3.3139E-013
1.005E+004 3.2038E-013
1.005E+004 3.0123E-013
1.006E+004 3.0782E-013
1.006E+004 3.1303E-013
1.007E+004 3.2073E-013
1.007E+004 3.3583E-013
1.008E+004 3.4093E-013
1.008E+004 3.4493E-013
1.009E+004 3.5073E-013
1.009E+004 3.5237E-013
1.01E+004 3.5735E-013
1.01E+004 3.6568E-013
1.01E+004 3.6320E-013
1.011E+004 3.6835E-013
1.011E+004 3.6688E-013
1.012E+004 3.7052E-013
1.013E+004 3.6544E-013
1.018E+004 3.6656E-013
1.023E+004 3.6341E-013
1.028E+004 3.5887E-013
1.033E+004 3.5279E-013
1.038E+004 3.4786E-013
1.043E+004 3.4269E-013
1.048E+004 3.3442E-013
1.053E+004 3.3127E-013
1.058E+004 3.2671E-013
1.063E+004 3.2205E-013
1.068E+004 3.1174E-013
1.073E+004 3.1044E-013
1.078E+004 3.0619E-013
1.083E+004 3.0016E-013
1.088E+004 2.9026E-013
1.093E+004 2.4325E-013
1.098E+004 2.6558E-013
1.103E+004 2.8263E-013
1.108E+004 2.8238E-013
1.113E+004 2.7870E-013
1.118E+004 2.7537E-013
1.123E+004 2.7207E-013
1.128E+004 2.6428E-013
1.133E+004 2.6092E-013
1.138E+004 2.5963E-013
1.143E+004 2.5495E-013
1.148E+004 2.5370E-013
1.153E+004 2.5041E-013
1.158E+004 2.4672E-013
1.163E+004 2.4093E-013
1.168E+004 2.3630E-013
1.173E+004 2.3697E-013
1.178E+004 2.2954E-013
1.183E+004 2.2850E-013
1.188E+004 2.2428E-013
1.193E+004 2.2467E-013
1.198E+004 2.1947E-013
1.203E+004 2.1775E-013
1.208E+004 2.1433E-013
1.213E+004 2.1174E-013
1.218E+004 2.0972E-013
1.223E+004 2.0671E-013
1.228E+004 2.0358E-013
1.233E+004 2.0113E-013
1.238E+004 1.9877E-013
1.243E+004 1.9657E-013
1.248E+004 1.9359E-013
1.253E+004 1.9095E-013
1.258E+004 1.8733E-013
1.263E+004 1.8520E-013
1.268E+004 1.8298E-013
1.273E+004 1.7917E-013
1.278E+004 1.6949E-013
1.283E+004 1.4355E-013
1.288E+004 1.6706E-013
1.293E+004 1.7043E-013
1.298E+004 1.6962E-013
1.303E+004 1.6802E-013
1.308E+004 1.6632E-013
1.313E+004 1.6406E-013
1.318E+004 1.6158E-013
1.323E+004 1.6025E-013
1.328E+004 1.5820E-013
1.333E+004 1.5633E-013
1.338E+004 1.5437E-013
1.343E+004 1.5247E-013
1.348E+004 1.5059E-013
1.353E+004 1.4842E-013
1.358E+004 1.4653E-013
1.363E+004 1.4511E-013
1.368E+004 1.4319E-013
1.373E+004 1.4046E-013
1.378E+004 1.3955E-013
1.383E+004 1.3796E-013
1.388E+004 1.3670E-013
1.393E+004 1.3456E-013
1.398E+004 1.3320E-013
1.403E+004 1.3165E-013
1.408E+004 1.3023E-013
1.413E+004 1.2846E-013
1.418E+004 1.2709E-013
1.423E+004 1.2542E-013
1.428E+004 1.2383E-013
1.433E+004 1.2261E-013
1.438E+004 1.2132E-013
1.443E+004 1.1779E-013
1.448E+004 1.1836E-013
1.453E+004 1.1597E-013
1.457E+004 1.1567E-013
1.462E+004 1.1409E-013
1.468E+004 1.1301E-013
1.473E+004 1.1152E-013
1.478E+004 1.0988E-013
1.483E+004 1.0894E-013
1.488E+004 1.0722E-013
1.493E+004 1.0702E-013
1.498E+004 1.0556E-013
1.503E+004 1.0399E-013
1.508E+004 1.0283E-013
1.513E+004 1.0220E-013
1.518E+004 1.0106E-013
1.523E+004 9.9844E-014
1.528E+004 9.8678E-014
1.533E+004 9.7489E-014
1.538E+004 9.6532E-014
1.543E+004 9.4664E-014
1.548E+004 9.4199E-014
1.553E+004 9.3204E-014
1.558E+004 9.1096E-014
1.563E+004 9.1884E-014
1.568E+004 8.9342E-014
1.573E+004 8.7327E-014
1.578E+004 8.8565E-014
1.583E+004 8.7762E-014
1.588E+004 8.1704E-014
1.593E+004 8.4834E-014
1.598E+004 8.5786E-014
1.605E+004 8.2886E-014
1.615E+004 7.8382E-014
1.625E+004 8.1740E-014
1.635E+004 7.7189E-014
1.645E+004 7.2294E-014
1.655E+004 7.6943E-014
1.665E+004 7.5501E-014
1.675E+004 7.0360E-014
1.685E+004 6.5607E-014
1.695E+004 7.0695E-014
1.705E+004 6.9478E-014
1.715E+004 6.8143E-014
1.725E+004 6.5559E-014
1.735E+004 5.7227E-014
1.745E+004 6.1731E-014
1.755E+004 6.2284E-014
1.765E+004 6.1204E-014
1.775E+004 6.0170E-014
1.785E+004 5.8875E-014
1.795E+004 5.7748E-014
1.805E+004 5.5781E-014
1.815E+004 4.9143E-014
1.825E+004 5.1902E-014
1.835E+004 5.2948E-014
1.845E+004 5.2103E-014
1.855E+004 5.0902E-014
1.865E+004 4.9270E-014
1.875E+004 4.3085E-014
1.885E+004 4.7038E-014
1.895E+004 4.6863E-014
1.905E+004 4.6427E-014
1.915E+004 4.5524E-014
1.925E+004 4.4509E-014
1.935E+004 4.2874E-014
1.945E+004 3.7675E-014
1.955E+004 4.1286E-014
1.965E+004 4.1279E-014
1.975E+004 4.0577E-014
1.985E+004 3.9955E-014
1.995E+004 3.9220E-014
2.005E+004 3.8519E-014
2.015E+004 3.7831E-014
2.025E+004 3.7108E-014
2.035E+004 3.6398E-014
2.045E+004 3.5811E-014
2.055E+004 3.5158E-014
2.065E+004 3.4468E-014
2.075E+004 3.3882E-014
2.085E+004 3.3296E-014
2.095E+004 3.2685E-014
2.105E+004 3.2113E-014
2.115E+004 3.1484E-014
2.125E+004 3.0932E-014
2.135E+004 3.0377E-014
2.145E+004 2.9816E-014
2.155E+004 2.8878E-014
2.165E+004 2.5543E-014
2.175E+004 2.7595E-014
2.185E+004 2.7768E-014
2.195E+004 2.7459E-014
2.205E+004 2.6972E-014
2.215E+004 2.6512E-014
2.225E+004 2.6139E-014
2.235E+004 2.5703E-014
2.245E+004 2.5278E-014
2.255E+004 2.4792E-014
2.265E+004 2.4434E-014
2.275E+004 2.4041E-014
2.285E+004 2.3646E-014
2.295E+004 2.3252E-014
2.305E+004 2.2911E-014
2.315E+004 2.2536E-014
2.325E+004 2.2190E-014
2.335E+004 2.1831E-014
2.345E+004 2.1494E-014
2.355E+004 2.1156E-014
2.365E+004 2.0828E-014
2.375E+004 2.0489E-014
2.385E+004 2.0170E-014
2.395E+004 1.9863E-014
2.405E+004 1.9547E-014
2.415E+004 1.9243E-014
2.425E+004 1.8955E-014
2.435E+004 1.8650E-014
2.445E+004 1.8367E-014
2.455E+004 1.8079E-014
2.465E+004 1.7801E-014
2.475E+004 1.7528E-014
2.485E+004 1.7262E-014
2.495E+004 1.6921E-014
2.505E+004 1.6790E-014
2.515E+004 1.6534E-014
2.525E+004 1.6120E-014
2.535E+004 1.6033E-014
2.545E+004 1.5846E-014
2.555E+004 1.5533E-014
2.565E+004 1.5035E-014
2.575E+004 1.5105E-014
2.585E+004 1.4925E-014
2.595E+004 1.4722E-014
2.605E+004 1.4301E-014
2.615E+004 1.3636E-014
2.625E+004 1.2605E-014
2.635E+004 1.3559E-014
2.645E+004 1.3675E-014
2.655E+004 1.3514E-014
2.665E+004 1.3183E-014
2.675E+004 1.2411E-014
2.685E+004 1.2835E-014
2.695E+004 1.2823E-014
2.705E+004 1.2671E-014
2.715E+004 1.2510E-014
2.725E+004 1.2335E-014
2.735E+004 1.2142E-014
2.745E+004 1.1876E-014
2.755E+004 1.1029E-014
2.765E+004 1.1241E-014
2.775E+004 1.1448E-014
2.785E+004 1.1354E-014
2.795E+004 1.1229E-014
2.805E+004 1.1084E-014
2.815E+004 1.0935E-014
2.825E+004 1.0788E-014
2.835E+004 1.0640E-014
2.845E+004 1.0464E-014
2.855E+004 1.0282E-014
2.865E+004 9.8821E-015
2.875E+004 9.2240E-015
2.885E+004 9.7844E-015
2.895E+004 9.7742E-015
2.905E+004 9.6862E-015
2.915E+004 9.5585E-015
2.925E+004 9.4444E-015
2.935E+004 9.3280E-015
2.945E+004 9.2064E-015
2.955E+004 9.0900E-015
2.965E+004 8.9736E-015
2.975E+004 8.8579E-015
2.985E+004 8.7460E-015
2.995E+004 8.6307E-015
3.005E+004 8.5119E-015
3.015E+004 8.3788E-015
3.025E+004 8.2022E-015
3.035E+004 7.5946E-015
3.045E+004 7.6752E-015
3.055E+004 7.9192E-015
3.065E+004 7.8748E-015
3.075E+004 7.7995E-015
3.085E+004 7.6977E-015
3.095E+004 7.6097E-015
3.105E+004 7.5154E-015
3.115E+004 7.4111E-015
3.125E+004 7.3311E-015
3.135E+004 7.2428E-015
3.145E+004 7.1535E-015
3.155E+004 7.0726E-015
3.165E+004 6.9918E-015
3.175E+004 6.9006E-015
3.185E+004 6.8247E-015
3.195E+004 6.7427E-015
3.21E+004 6.6214E-015
3.23E+004 6.4678E-015
3.25E+004 6.3152E-015
3.27E+004 6.1421E-015
3.29E+004 5.6575E-015
3.31E+004 5.7494E-015
3.33E+004 5.7226E-015
3.35E+004 5.6059E-015
3.37E+004 5.4727E-015
3.39E+004 5.3535E-015
3.41E+004 5.2358E-015
3.43E+004 5.1243E-015
3.45E+004 5.0165E-015
3.47E+004 4.9054E-015
3.49E+004 4.7997E-015
3.51E+004 4.6958E-015
3.53E+004 4.5942E-015
3.55E+004 4.4959E-015
3.57E+004 4.3982E-015
3.59E+004 4.3061E-015
3.61E+004 4.2134E-015
3.63E+004 4.1276E-015
3.65E+004 4.0366E-015
3.67E+004 3.9558E-015
3.69E+004 3.8596E-015
3.71E+004 3.7821E-015
3.73E+004 3.5963E-015
3.75E+004 3.4826E-015
3.77E+004 3.5572E-015
3.79E+004 3.4963E-015
3.81E+004 3.4111E-015
3.83E+004 3.3476E-015
3.85E+004 3.2965E-015
3.87E+004 3.2286E-015
3.89E+004 3.1578E-015
3.91E+004 3.0665E-015
3.93E+004 3.0431E-015
3.95E+004 2.9885E-015
3.97E+004 2.9324E-015
3.99E+004 2.8683E-015
4.01E+004 2.7841E-015
4.03E+004 2.7168E-015
4.05E+004 2.5726E-015
4.07E+004 2.6462E-015
4.09E+004 2.6113E-015
4.11E+004 2.5695E-015
4.13E+004 2.5199E-015
4.15E+004 2.4604E-015
4.17E+004 2.3468E-015
4.19E+004 2.3680E-015
4.21E+004 2.3378E-015
4.23E+004 2.3010E-015
4.25E+004 2.2590E-015
4.27E+004 2.2187E-015
4.29E+004 2.1789E-015
4.31E+004 2.1398E-015
4.33E+004 2.1007E-015
4.35E+004 2.0552E-015
4.37E+004 1.9508E-015
4.39E+004 1.9585E-015
4.41E+004 1.9523E-015
4.43E+004 1.9230E-015
4.45E+004 1.8897E-015
4.47E+004 1.8593E-015
4.49E+004 1.8249E-015
4.51E+004 1.7941E-015
4.53E+004 1.7634E-015
4.55E+004 1.7335E-015
4.57E+004 1.7035E-015
4.59E+004 1.6739E-015
4.61E+004 1.6448E-015
4.63E+004 1.6092E-015
4.65E+004 1.5015E-015
4.67E+004 1.4850E-015
4.69E+004 1.5222E-015
4.71E+004 1.5121E-015
4.73E+004 1.4901E-015
4.75E+004 1.4660E-015
4.77E+004 1.4428E-015
4.79E+004 1.4201E-015
4.81E+004 1.3973E-015
4.83E+004 1.3750E-015
4.85E+004 1.3531E-015
4.87E+004 1.3317E-015
4.89E+004 1.3106E-015
4.91E+004 1.2897E-015
4.93E+004 1.2697E-015
4.95E+004 1.2498E-015
4.97E+004 1.2302E-015
4.99E+004 1.2112E-015
5.01E+004 1.1924E-015
5.03E+004 1.1737E-015
5.05E+004 1.1559E-015
5.07E+004 1.1379E-015
5.09E+004 1.1184E-015
5.11E+004 1.0925E-015
5.13E+004 1.0312E-015
5.15E+004 1.0627E-015
5.17E+004 1.0524E-015
5.19E+004 1.0388E-015
5.21E+004 1.0240E-015
5.23E+004 1.0092E-015
5.25E+004 9.9306E-016
5.27E+004 9.7773E-016
5.29E+004 9.6551E-016
5.31E+004 9.5269E-016
5.33E+004 9.3886E-016
5.35E+004 9.2410E-016
5.37E+004 9.0791E-016
5.39E+004 8.9501E-016
5.41E+004 8.8503E-016
5.43E+004 8.7286E-016
5.45E+004 8.6062E-016
5.47E+004 8.4819E-016
5.49E+004 8.3585E-016
5.51E+004 8.2133E-016
5.53E+004 8.0710E-016
5.55E+004 7.9996E-016
5.57E+004 7.9032E-016
5.59E+004 7.7899E-016
5.61E+004 7.6862E-016
5.63E+004 7.5801E-016
5.65E+004 7.4769E-016
5.67E+004 7.3722E-016
5.69E+004 7.2470E-016
5.71E+004 7.0882E-016
5.73E+004 7.0450E-016
5.75E+004 6.9773E-016
5.77E+004 6.8864E-016
5.79E+004 6.7932E-016
5.81E+004 6.7032E-016
5.83E+004 6.6100E-016
5.85E+004 6.5166E-016
5.87E+004 6.4201E-016
5.89E+004 6.2747E-016
5.91E+004 5.9325E-016
5.93E+004 6.1224E-016
5.95E+004 5.9934E-016
5.97E+004 5.9647E-016
5.99E+004 5.9331E-016
6.01E+004 5.8643E-016
6.03E+004 5.7938E-016
6.05E+004 5.7234E-016
6.07E+004 5.6519E-016
6.09E+004 5.5806E-016
6.11E+004 5.5073E-016
6.13E+004 5.4414E-016
6.15E+004 5.3725E-016
6.17E+004 5.3042E-016
6.19E+004 5.2365E-016
6.21E+004 5.1711E-016
6.23E+004 5.0975E-016
6.25E+004 5.0282E-016
6.27E+004 4.9419E-016
6.29E+004 4.7708E-016
6.31E+004 4.8079E-016
6.33E+004 4.7816E-016
6.35E+004 4.7317E-016
6.37E+004 4.6806E-016
6.39E+004 4.6235E-016
6.42E+004 4.5401E-016
6.46E+004 4.4302E-016
6.5E+004 4.3240E-016
6.54E+004 4.2220E-016
6.58E+004 4.1216E-016
6.62E+004 4.0244E-016
6.66E+004 3.9307E-016
6.7E+004 3.8369E-016
6.74E+004 3.7280E-016
6.78E+004 3.5743E-016
6.82E+004 3.5710E-016
6.86E+004 3.4989E-016
6.9E+004 3.4195E-016
6.94E+004 3.3421E-016
6.98E+004 3.2684E-016
7.02E+004 3.1959E-016
7.06E+004 3.1252E-016
7.1E+004 3.0554E-016
7.14E+004 2.9901E-016
7.18E+004 2.9252E-016
7.22E+004 2.8604E-016
7.26E+004 2.7965E-016
7.3E+004 2.7397E-016
7.34E+004 2.6823E-016
7.38E+004 2.6233E-016
7.42E+004 2.5586E-016
7.46E+004 2.4267E-016
7.5E+004 2.3514E-016
7.54E+004 2.3919E-016
7.58E+004 2.3579E-016
7.62E+004 2.3151E-016
7.66E+004 2.2680E-016
7.7E+004 2.2222E-016
7.74E+004 2.1747E-016
7.78E+004 2.1225E-016
7.82E+004 2.0887E-016
7.86E+004 2.0496E-016
7.9E+004 2.0091E-016
7.94E+004 1.9695E-016
7.98E+004 1.9307E-016
8.02E+004 1.8928E-016
8.06E+004 1.8558E-016
8.1E+004 1.8193E-016
8.14E+004 1.7728E-016
8.18E+004 1.7433E-016
8.22E+004 1.7170E-016
8.26E+004 1.6845E-016
8.3E+004 1.6524E-016
8.34E+004 1.6208E-016
8.38E+004 1.5902E-016
8.42E+004 1.5607E-016
8.46E+004 1.5318E-016
8.5E+004 1.5035E-016
8.54E+004 1.4756E-016
8.58E+004 1.4484E-016
8.62E+004 1.4191E-016
8.66E+004 1.3778E-016
8.7E+004 1.3645E-016
8.74E+004 1.3200E-016
8.78E+004 1.2964E-016
8.82E+004 1.2963E-016
8.86E+004 1.2743E-016
8.9E+004 1.2517E-016
8.94E+004 1.2295E-016
8.98E+004 1.2077E-016
9.02E+004 1.1865E-016
9.06E+004 1.1657E-016
9.1E+004 1.1453E-016
9.14E+004 1.1253E-016
9.18E+004 1.1059E-016
9.22E+004 1.0867E-016
9.26E+004 1.0679E-016
9.3E+004 1.0497E-016
9.34E+004 1.0296E-016
9.38E+004 9.9632E-017
9.42E+004 9.9006E-017
9.46E+004 9.7982E-017
9.5E+004 9.6385E-017
9.54E+004 9.4773E-017
9.58E+004 9.3266E-017
9.62E+004 9.1725E-017
9.66E+004 9.0231E-017
9.7E+004 8.8759E-017
9.74E+004 8.7309E-017
9.78E+004 8.5912E-017
9.82E+004 8.4497E-017
9.86E+004 8.3116E-017
9.9E+004 8.1877E-017
9.94E+004 8.0585E-017
9.98E+004 7.9320E-017
1.002E+005 7.8083E-017
1.005E+005 7.7165E-017
1.01E+005 7.5664E-017
1.015E+005 7.4205E-017
1.02E+005 7.2786E-017
1.025E+005 7.1394E-017
1.03E+005 7.0041E-017
1.035E+005 6.8714E-017
1.04E+005 6.7423E-017
1.045E+005 6.6157E-017
1.05E+005 6.4924E-017
1.055E+005 6.3715E-017
1.06E+005 6.2538E-017
1.065E+005 6.1392E-017
1.07E+005 6.0258E-017
1.075E+005 5.9163E-017
1.08E+005 5.8088E-017
1.085E+005 5.7033E-017
1.09E+005 5.6006E-017
1.095E+005 5.5007E-017
1.1E+005 5.4025E-017
1.105E+005 5.3061E-017
1.11E+005 5.2123E-017
1.115E+005 5.1211E-017
1.12E+005 5.0314E-017
1.125E+005 4.9433E-017
1.13E+005 4.8576E-017
1.135E+005 4.7734E-017
1.14E+005 4.6915E-017
1.145E+005 4.6117E-017
1.15E+005 4.5325E-017
1.155E+005 4.4554E-017
1.16E+005 4.3803E-017
1.165E+005 4.3064E-017
1.17E+005 4.2345E-017
1.175E+005 4.1631E-017
1.18E+005 4.0942E-017
1.185E+005 4.0265E-017
1.19E+005 3.9598E-017
1.195E+005 3.8943E-017
1.2E+005 3.8304E-017
1.205E+005 3.7683E-017
1.21E+005 3.7071E-017
1.215E+005 3.6470E-017
1.22E+005 3.5884E-017
1.225E+005 3.5308E-017
1.23E+005 3.4740E-017
1.235E+005 3.4188E-017
1.24E+005 3.3645E-017
1.245E+005 3.3115E-017
1.25E+005 3.2593E-017
1.255E+005 3.2080E-017
1.26E+005 3.1580E-017
1.265E+005 3.1088E-017
1.27E+005 3.0603E-017
1.275E+005 3.0130E-017
1.28E+005 2.9665E-017
1.285E+005 2.9211E-017
1.29E+005 2.8765E-017
1.295E+005 2.8325E-017
1.3E+005 2.7897E-017
1.305E+005 2.7475E-017
1.31E+005 2.7059E-017
1.315E+005 2.6654E-017
1.32E+005 2.6255E-017
1.325E+005 2.5862E-017
1.33E+005 2.5479E-017
1.335E+005 2.5102E-017
1.34E+005 2.4734E-017
1.345E+005 2.4368E-017
1.35E+005 2.4011E-017
1.355E+005 2.3663E-017
1.36E+005 2.3317E-017
1.365E+005 2.2979E-017
1.37E+005 2.2650E-017
1.375E+005 2.2322E-017
1.38E+005 2.2002E-017
1.385E+005 2.1687E-017
1.39E+005 2.1380E-017
1.395E+005 2.1077E-017
1.4E+005 2.0779E-017
1.405E+005 2.0488E-017
1.41E+005 2.0198E-017
1.415E+005 1.9918E-017
1.42E+005 1.9639E-017
1.425E+005 1.9368E-017
1.43E+005 1.9100E-017
1.435E+005 1.8836E-017
1.44E+005 1.8575E-017
1.445E+005 1.8321E-017
1.45E+005 1.8071E-017
1.455E+005 1.7827E-017
1.46E+005 1.7583E-017
1.465E+005 1.7346E-017
1.47E+005 1.7114E-017
1.475E+005 1.6883E-017
1.48E+005 1.6658E-017
1.485E+005 1.6436E-017
1.49E+005 1.6217E-017
1.495E+005 1.6003E-017
1.5E+005 1.5792E-017
1.505E+005 1.5584E-017
1.51E+005 1.5379E-017
1.515E+005 1.5179E-017
1.52E+005 1.4981E-017
1.525E+005 1.4786E-017
1.53E+005 1.4594E-017
1.535E+005 1.4407E-017
1.54E+005 1.4221E-017
1.545E+005 1.4039E-017
1.55E+005 1.3858E-017
1.555E+005 1.3683E-017
1.56E+005 1.3509E-017
1.565E+005 1.3338E-017
1.57E+005 1.3169E-017
1.575E+005 1.3004E-017
1.58E+005 1.2841E-017
1.585E+005 1.2681E-017
1.59E+005 1.2522E-017
1.595E+005 1.2367E-017
1.6E+005 1.2214E-017
1.605E+005 1.2064E-017
1.61E+005 1.1915E-017
1.615E+005 1.1769E-017
1.62E+005 1.1624E-017
1.625E+005 1.1482E-017
1.63E+005 1.1343E-017
1.635E+005 1.1206E-017
1.64E+005 1.1070E-017
1.645E+005 1.0937E-017
1.65E+005 1.0805E-017
1.655E+005 1.0677E-017
1.66E+005 1.0549E-017
1.665E+005 1.0424E-017
1.67E+005 1.0300E-017
1.675E+005 1.0178E-017
1.68E+005 1.0057E-017
1.685E+005 9.9396E-018
1.69E+005 9.8218E-018
1.695E+005 9.7069E-018
1.7E+005 9.5950E-018
1.705E+005 9.4829E-018
1.71E+005 9.3736E-018
1.715E+005 9.2640E-018
1.72E+005 9.1573E-018
1.725E+005 9.0532E-018
1.73E+005 8.9488E-018
1.735E+005 8.8472E-018
1.74E+005 8.7453E-018
1.745E+005 8.6459E-018
1.75E+005 8.5478E-018
1.755E+005 8.4520E-018
1.76E+005 8.3560E-018
1.765E+005 8.2625E-018
1.77E+005 8.1700E-018
1.775E+005 8.0786E-018
1.78E+005 7.9882E-018
1.785E+005 7.9001E-018
1.79E+005 7.8130E-018
1.795E+005 7.7269E-018
1.8E+005 7.6417E-018
1.805E+005 7.5575E-018
1.81E+005 7.4741E-018
1.815E+005 7.3930E-018
1.82E+005 7.3128E-018
1.825E+005 7.2334E-018
1.83E+005 7.1549E-018
1.835E+005 7.0773E-018
1.84E+005 7.0017E-018
1.845E+005 6.9257E-018
1.85E+005 6.8516E-018
1.855E+005 6.7785E-018
1.86E+005 6.7061E-018
1.865E+005 6.6356E-018
1.87E+005 6.5647E-018
1.875E+005 6.4957E-018
1.88E+005 6.4274E-018
1.885E+005 6.3599E-018
1.89E+005 6.2930E-018
1.895E+005 6.2269E-018
1.9E+005 6.1625E-018
1.905E+005 6.0988E-018
1.91E+005 6.0347E-018
1.915E+005 5.9734E-018
1.92E+005 5.9117E-018
1.925E+005 5.8506E-018
1.93E+005 5.7911E-018
1.935E+005 5.7313E-018
1.94E+005 5.6730E-018
1.945E+005 5.6153E-018
1.95E+005 5.5582E-018
1.955E+005 5.5017E-018
1.96E+005 5.4467E-018
1.965E+005 5.3923E-018
1.97E+005 5.3375E-018
1.975E+005 5.2842E-018
1.98E+005 5.2313E-018
1.985E+005 5.1791E-018
1.99E+005 5.1282E-018
1.995E+005 5.0769E-018
2E+005 5.0270E-018
2.01E+005 4.9277E-018
2.02E+005 4.8312E-018
2.03E+005 4.7366E-018
2.04E+005 4.6446E-018
2.05E+005 4.5544E-018
2.06E+005 4.4668E-018
2.07E+005 4.3815E-018
2.08E+005 4.2979E-018
2.09E+005 4.2166E-018
2.1E+005 4.1369E-018
2.11E+005 4.0587E-018
2.12E+005 3.9833E-018
2.13E+005 3.9086E-018
2.14E+005 3.8366E-018
2.15E+005 3.7660E-018
2.16E+005 3.6966E-018
2.17E+005 3.6292E-018
2.18E+005 3.5629E-018
2.19E+005 3.4985E-018
2.2E+005 3.4352E-018
2.21E+005 3.3737E-018
2.22E+005 3.3132E-018
2.23E+005 3.2544E-018
2.24E+005 3.1966E-018
2.25E+005 3.1404E-018
2.26E+005 3.0852E-018
2.27E+005 3.0314E-018
2.28E+005 2.9786E-018
2.29E+005 2.9267E-018
2.3E+005 2.8762E-018
2.31E+005 2.8271E-018
2.32E+005 2.7787E-018
2.33E+005 2.7312E-018
2.34E+005 2.6850E-018
2.35E+005 2.6396E-018
2.36E+005 2.5953E-018
2.37E+005 2.5519E-018
2.38E+005 2.5091E-018
2.39E+005 2.4674E-018
2.4E+005 2.4265E-018
2.41E+005 2.3866E-018
2.42E+005 2.3474E-018
2.43E+005 2.3093E-018
2.44E+005 2.2717E-018
2.45E+005 2.2348E-018
2.46E+005 2.1988E-018
2.47E+005 2.1634E-018
2.48E+005 2.1286E-018
2.49E+005 2.0947E-018
2.5E+005 2.0617E-018
2.51E+005 2.0288E-018
2.52E+005 1.9968E-018
2.53E+005 1.9657E-018
2.54E+005 1.9347E-018
2.55E+005 1.9045E-018
2.56E+005 1.8751E-018
2.57E+005 1.8462E-018
2.58E+005 1.8177E-018
2.59E+005 1.7900E-018
2.6E+005 1.7623E-018
2.61E+005 1.7357E-018
2.62E+005 1.7092E-018
2.63E+005 1.6834E-018
2.64E+005 1.6583E-018
2.65E+005 1.6332E-018
2.66E+005 1.6088E-018
2.67E+005 1.5848E-018
2.68E+005 1.5614E-018
2.69E+005 1.5383E-018
2.7E+005 1.5156E-018
2.71E+005 1.4935E-018
2.72E+005 1.4717E-018
2.73E+005 1.4502E-018
2.74E+005 1.4292E-018
2.75E+005 1.4086E-018
2.76E+005 1.3882E-018
2.77E+005 1.3682E-018
2.78E+005 1.3487E-018
2.79E+005 1.3294E-018
2.8E+005 1.3107E-018
2.81E+005 1.2922E-018
2.82E+005 1.2739E-018
2.83E+005 1.2560E-018
2.84E+005 1.2382E-018
2.85E+005 1.2210E-018
2.86E+005 1.2042E-018
2.87E+005 1.1874E-018
2.88E+005 1.1710E-018
2.89E+005 1.1549E-018
2.9E+005 1.1390E-018
2.91E+005 1.1235E-018
2.92E+005 1.1082E-018
2.93E+005 1.0931E-018
2.94E+005 1.0782E-018
2.95E+005 1.0637E-018
2.96E+005 1.0494E-018
2.97E+005 1.0355E-018
2.98E+005 1.0216E-018
2.99E+005 1.0080E-018
3E+005 9.9465E-019
3.01E+005 9.8145E-019
3.02E+005 9.6859E-019
3.03E+005 9.5589E-019
3.04E+005 9.4336E-019
3.05E+005 9.3100E-019
3.06E+005 9.1895E-019
3.07E+005 9.0706E-019
3.08E+005 8.9532E-019
3.09E+005 8.8374E-019
3.1E+005 8.7245E-019
3.11E+005 8.6131E-019
3.12E+005 8.5031E-019
3.13E+005 8.3945E-019
3.14E+005 8.2887E-019
3.15E+005 8.1842E-019
3.16E+005 8.0810E-019
3.17E+005 7.9792E-019
3.18E+005 7.8800E-019
3.19E+005 7.7806E-019
3.2E+005 7.6839E-019
3.21E+005 7.5896E-019
3.22E+005 7.4952E-019
3.23E+005 7.4032E-019
3.24E+005 7.3124E-019
3.25E+005 7.2226E-019
3.26E+005 7.1340E-019
3.27E+005 7.0477E-019
3.28E+005 6.9624E-019
3.29E+005 6.8781E-019
3.3E+005 6.7949E-019
3.31E+005 6.7138E-019
3.32E+005 6.6325E-019
3.33E+005 6.5534E-019
3.34E+005 6.4752E-019
3.35E+005 6.3990E-019
3.36E+005 6.3226E-019
3.37E+005 6.2482E-019
3.38E+005 6.1747E-019
3.39E+005 6.1020E-019
3.4E+005 6.0302E-019
3.41E+005 5.9602E-019
3.42E+005 5.8911E-019
3.43E+005 5.8227E-019
3.44E+005 5.7552E-019
3.45E+005 5.6884E-019
3.46E+005 5.6234E-019
3.47E+005 5.5591E-019
3.48E+005 5.4956E-019
3.49E+005 5.4327E-019
3.5E+005 5.3706E-019
3.51E+005 5.3100E-019
3.52E+005 5.2501E-019
3.53E+005 5.1908E-019
3.54E+005 5.1322E-019
3.55E+005 5.0743E-019
3.56E+005 5.0179E-019
3.57E+005 4.9612E-019
3.58E+005 4.9061E-019
3.59E+005 4.8515E-019
3.6E+005 4.7976E-019
3.61E+005 4.7451E-019
3.62E+005 4.6923E-019
3.63E+005 4.6409E-019
3.64E+005 4.5901E-019
3.65E+005 4.5398E-019
3.66E+005 4.4909E-019
3.67E+005 4.4417E-019
3.68E+005 4.3938E-019
3.69E+005 4.3464E-019
3.7E+005 4.2995E-019
3.71E+005 4.2532E-019
3.72E+005 4.2073E-019
3.73E+005 4.1626E-019
3.74E+005 4.1184E-019
3.75E+005 4.0740E-019
3.76E+005 4.0315E-019
3.77E+005 3.9887E-019
3.78E+005 3.9463E-019
3.79E+005 3.9051E-019
3.8E+005 3.8636E-019
3.81E+005 3.8233E-019
3.82E+005 3.7833E-019
3.83E+005 3.7444E-019
3.84E+005 3.7053E-019
3.85E+005 3.6666E-019
3.86E+005 3.6289E-019
3.87E+005 3.5916E-019
3.88E+005 3.5546E-019
3.89E+005 3.5181E-019
3.9E+005 3.4819E-019
3.91E+005 3.4467E-019
3.92E+005 3.4119E-019
3.93E+005 3.3768E-019
3.94E+005 3.3426E-019
3.95E+005 3.3088E-019
3.96E+005 3.2759E-019
3.97E+005 3.2428E-019
3.98E+005 3.2100E-019
3.99E+005 3.1781E-019
