1710 1.2614E-014
1710 1.2614E-014
1712 1.0938E-014
1713 9.4473E-015
1714 1.3365E-014
1716 -2.5654E-015
1717 1.1308E-014
1718 1.1102E-014
1720 2.0857E-015
1721 5.8978E-015
1722 4.2311E-015
1724 2.7962E-015
1725 1.4590E-014
1727 1.7817E-014
1728 1.0571E-014
1729 1.0674E-014
1731 6.6182E-015
1732 4.7534E-015
1733 1.9714E-014
1735 2.2620E-015
1736 1.0587E-014
1738 1.4760E-015
1739 3.6670E-015
1740 1.2761E-014
1742 6.4868E-015
1743 1.9616E-014
1744 1.6413E-014
1746 2.3027E-014
1747 1.9912E-014
1749 9.3955E-015
1750 7.2409E-015
1751 1.6774E-014
1753 1.1247E-014
1754 1.7807E-014
1755 1.1908E-014
1757 1.4325E-014
1758 1.4242E-014
1760 1.3751E-014
1761 1.9523E-014
1762 1.6057E-014
1764 1.6611E-014
1765 1.6983E-014
1766 1.5572E-014
1768 1.6244E-014
1769 9.5043E-015
1770 2.0170E-014
1772 1.6060E-014
1773 1.8969E-014
1775 2.0141E-014
1776 2.3759E-014
1777 2.3243E-014
1779 2.6115E-014
1780 2.5261E-014
1781 1.7306E-014
1783 1.9914E-014
1784 2.4285E-014
1786 2.0174E-014
1787 1.9423E-014
1788 2.2249E-014
1790 2.5002E-014
1791 2.1955E-014
1792 2.0375E-014
1794 2.1952E-014
1795 2.0189E-014
1797 1.9198E-014
1798 2.0465E-014
1799 2.0325E-014
1801 1.8215E-014
1802 1.9140E-014
1803 1.4141E-014
1805 2.1045E-014
1806 1.6137E-014
1808 1.8649E-014
1809 2.0533E-014
1810 1.9839E-014
1812 1.7044E-014
1813 2.0520E-014
1814 1.7807E-014
1816 2.4042E-014
1817 2.8441E-014
1818 2.4228E-014
1820 1.9656E-014
1821 2.5849E-014
1823 2.8432E-014
1824 2.5896E-014
1825 2.1598E-014
1827 1.7083E-014
1828 1.5239E-014
1829 1.8556E-014
1831 2.5190E-014
1832 2.0057E-014
1834 2.8347E-014
1835 2.1195E-014
1836 2.7494E-014
1838 2.1206E-014
1839 2.0988E-014
1840 1.7587E-014
1842 1.8735E-014
1843 2.0908E-014
1845 1.8662E-014
1846 2.0543E-014
1847 1.9240E-014
1849 1.9404E-014
1850 1.4431E-014
1851 2.1832E-014
1853 2.3250E-014
1854 2.3149E-014
1856 2.7277E-014
1857 2.3079E-014
1858 2.0878E-014
1860 2.1843E-014
1861 2.7267E-014
1862 2.9618E-014
1864 2.2138E-014
1865 2.3970E-014
1867 2.3078E-014
1868 2.7196E-014
1869 2.3945E-014
1871 3.3305E-014
1872 2.4211E-014
1873 3.0352E-014
1875 3.0400E-014
1876 2.5936E-014
1877 2.6610E-014
1879 2.5903E-014
1880 2.9825E-014
1882 2.9519E-014
1883 3.0261E-014
1884 3.0669E-014
1886 2.8389E-014
1887 2.9733E-014
1888 2.9543E-014
1890 3.1989E-014
1891 3.0814E-014
1893 4.0579E-014
1894 3.4076E-014
1895 3.2324E-014
1897 3.0442E-014
1898 2.8857E-014
1899 3.0208E-014
1901 2.4323E-014
1902 2.9153E-014
1904 3.8425E-014
1905 3.5201E-014
1906 3.5082E-014
1908 3.1299E-014
1909 3.6025E-014
1910 3.1844E-014
1912 3.4518E-014
1913 3.9489E-014
1915 3.6500E-014
1916 3.9843E-014
1917 3.9790E-014
1919 3.5569E-014
1920 3.7162E-014
1921 4.1496E-014
1923 3.6932E-014
1924 3.9136E-014
1926 3.7110E-014
1927 3.6072E-014
1928 3.7349E-014
1930 2.4570E-014
1931 2.4917E-014
1932 2.2764E-014
1934 2.4686E-014
1935 2.1834E-014
1937 2.6447E-014
1938 3.3496E-014
1939 3.8148E-014
1941 4.1812E-014
1942 4.8691E-014
1943 5.0730E-014
1945 4.4138E-014
1946 4.4079E-014
1947 4.5895E-014
1949 4.7586E-014
1950 4.7553E-014
1952 3.8242E-014
1953 4.2062E-014
1954 4.2174E-014
1956 4.4987E-014
1957 4.6097E-014
1958 4.4028E-014
1960 4.2955E-014
1961 3.9346E-014
1963 3.9013E-014
1964 4.6178E-014
1965 4.8325E-014
1967 5.2160E-014
1968 5.1236E-014
1969 4.8959E-014
1971 5.0972E-014
1972 4.9226E-014
1974 4.4927E-014
1975 4.5495E-014
1976 4.1616E-014
1978 4.1318E-014
1979 4.2550E-014
1980 4.6374E-014
1982 5.2159E-014
1983 4.3880E-014
1985 4.2393E-014
1986 3.7386E-014
1987 3.5569E-014
1989 3.8423E-014
1990 3.8334E-014
1991 4.3040E-014
1993 4.5745E-014
1994 4.7145E-014
1996 4.8039E-014
1997 4.4169E-014
1998 4.3806E-014
2000 4.7204E-014
2001 4.8060E-014
2002 5.0957E-014
2004 5.1298E-014
2005 5.2408E-014
2007 5.6908E-014
2008 5.4263E-014
2009 5.5217E-014
2011 5.3015E-014
2012 5.6177E-014
2013 5.7259E-014
2015 5.6609E-014
2016 5.4722E-014
2018 6.0114E-014
2019 6.4059E-014
2020 6.0513E-014
2022 5.4816E-014
2023 5.9417E-014
2024 5.7154E-014
2026 5.2132E-014
2027 5.3243E-014
2028 6.4868E-014
2030 6.6602E-014
2031 7.0971E-014
2033 6.5868E-014
2034 5.9257E-014
2035 6.5427E-014
2037 7.1861E-014
2038 6.9547E-014
2039 5.9778E-014
2041 6.6497E-014
2042 7.6535E-014
2044 7.6614E-014
2045 7.3281E-014
2046 8.3283E-014
2048 7.8155E-014
2049 8.1907E-014
2050 7.9842E-014
2052 8.3111E-014
2053 8.1546E-014
2055 7.9748E-014
2056 7.1256E-014
2057 7.3642E-014
2059 6.7312E-014
2060 7.6015E-014
2061 7.1045E-014
2063 7.2930E-014
2064 8.2059E-014
2066 8.3920E-014
2067 8.2637E-014
2068 8.5066E-014
2070 8.6358E-014
2071 8.9635E-014
2072 9.2912E-014
2074 1.0265E-013
2075 1.0412E-013
2077 1.0911E-013
2078 1.0409E-013
2079 1.0079E-013
2081 9.8566E-014
2082 9.5213E-014
2083 9.3303E-014
2085 9.5779E-014
2086 1.0825E-013
2088 1.1361E-013
2089 1.1415E-013
2090 1.0616E-013
2092 1.1292E-013
2093 1.2916E-013
2094 1.1793E-013
2096 1.2836E-013
2097 1.3590E-013
2099 1.3841E-013
2100 1.2795E-013
2101 1.3944E-013
2103 1.5321E-013
2104 1.3226E-013
2105 1.6820E-013
2107 1.8225E-013
2108 1.5093E-013
2110 1.2346E-013
2111 1.4306E-013
2112 1.7164E-013
2114 1.6128E-013
2115 1.6334E-013
2116 2.0164E-013
2118 2.1741E-013
2119 2.0577E-013
2121 2.3047E-013
2122 1.8741E-013
2123 1.3641E-013
2125 1.0194E-013
2126 1.4323E-013
2127 1.7919E-013
2129 1.8039E-013
2130 1.5361E-013
2131 1.4866E-013
2133 1.4910E-013
2134 1.4421E-013
2136 1.4133E-013
2137 1.7465E-013
2138 1.7350E-013
2140 1.6116E-013
2141 2.0457E-013
2142 2.2848E-013
2144 2.2859E-013
2145 2.1132E-013
2147 1.7967E-013
2148 1.8542E-013
2149 2.0018E-013
2151 1.8726E-013
2152 1.8444E-013
2153 2.1579E-013
2155 2.0730E-013
2156 1.8382E-013
2158 1.4522E-013
2159 1.3617E-013
2160 1.6982E-013
2162 1.9711E-013
2163 1.9249E-013
2164 1.7661E-013
2166 1.4745E-013
2167 1.1982E-013
2169 1.4708E-013
2170 1.4792E-013
2171 1.7281E-013
2173 1.8594E-013
2174 1.5434E-013
2175 1.3248E-013
2177 1.4284E-013
2178 1.5141E-013
2180 2.1509E-013
2181 2.5399E-013
2182 2.7147E-013
2184 2.4422E-013
2185 2.1621E-013
2186 2.1126E-013
2188 1.7375E-013
2189 1.9761E-013
2191 2.1011E-013
2192 2.1362E-013
2193 2.5473E-013
2195 2.4835E-013
2196 2.1094E-013
2197 2.3311E-013
2199 2.6449E-013
2200 2.4106E-013
2202 2.0616E-013
2203 2.6584E-013
2204 2.7474E-013
2206 2.5663E-013
2207 2.2073E-013
2208 1.7855E-013
2210 1.6301E-013
2211 1.2978E-013
2213 1.5596E-013
2214 1.8268E-013
2215 1.8911E-013
2217 1.5826E-013
2218 1.5352E-013
2219 2.0998E-013
2221 2.3091E-013
2222 2.4410E-013
2224 2.2061E-013
2225 2.2567E-013
2226 2.1872E-013
2228 2.0942E-013
2229 2.3311E-013
2230 2.3484E-013
2232 2.3864E-013
2233 3.0949E-013
2235 3.1529E-013
2236 3.2688E-013
2237 2.9987E-013
2239 2.7261E-013
2240 2.9159E-013
2241 2.6351E-013
2243 2.3428E-013
2244 2.2244E-013
2246 2.4462E-013
2247 2.7331E-013
2248 2.7457E-013
2250 2.2566E-013
2251 2.2165E-013
2252 2.2824E-013
2254 2.0853E-013
2255 2.1027E-013
2257 2.0327E-013
2258 2.3165E-013
2259 2.3761E-013
2261 1.9497E-013
2262 2.0908E-013
2263 1.9995E-013
2265 1.7082E-013
2266 1.5108E-013
2267 1.4323E-013
2269 1.3764E-013
2270 1.3406E-013
2272 1.4639E-013
2273 1.5681E-013
2274 1.5701E-013
2276 1.7479E-013
2277 1.7540E-013
2278 1.9266E-013
2280 1.9675E-013
2281 2.3027E-013
2283 2.6091E-013
2284 2.3004E-013
2285 2.5269E-013
2287 2.2144E-013
2288 1.9152E-013
2289 2.2100E-013
2291 2.0222E-013
2292 2.0425E-013
2294 2.1613E-013
2295 2.1709E-013
2296 2.1510E-013
2298 1.5293E-013
2299 1.5413E-013
2300 1.7188E-013
2302 1.9069E-013
2303 2.0421E-013
2305 2.1390E-013
2306 2.7190E-013
2307 2.7121E-013
2309 2.4671E-013
2310 2.0841E-013
2311 1.6719E-013
2313 1.5454E-013
2314 1.7615E-013
2316 2.3891E-013
2317 2.2809E-013
2318 2.2107E-013
2320 1.9826E-013
2321 1.8127E-013
2322 2.2371E-013
2324 2.5921E-013
2325 2.3387E-013
2327 1.6082E-013
2328 1.7000E-013
2329 2.0161E-013
2331 1.9043E-013
2332 1.4493E-013
2333 1.3025E-013
2335 1.5854E-013
2336 1.8660E-013
2338 1.4280E-013
2339 1.1611E-013
2340 1.3817E-013
2342 1.5269E-013
2343 1.3321E-013
2344 9.4401E-014
2346 1.0086E-013
2347 1.0921E-013
2349 1.0908E-013
2350 1.4816E-013
2351 1.8064E-013
2353 2.0350E-013
2354 2.0852E-013
2355 1.8291E-013
2357 2.1455E-013
2358 2.0519E-013
2360 1.4923E-013
2361 1.3735E-013
2362 1.5454E-013
2364 1.7996E-013
2365 1.4295E-013
2366 1.4284E-013
2368 1.4379E-013
2369 1.6577E-013
2371 1.9095E-013
2372 2.1552E-013
2373 1.8292E-013
2375 1.4347E-013
2376 1.6021E-013
2377 1.8132E-013
2379 1.6765E-013
2380 1.2411E-013
2382 1.0193E-013
2383 9.2179E-014
2384 1.0628E-013
2386 1.4339E-013
2387 1.5680E-013
2388 1.3999E-013
2390 1.2856E-013
2391 1.8154E-013
2393 1.8580E-013
2394 1.6998E-013
2395 1.1773E-013
2397 1.0202E-013
2398 1.2428E-013
2399 1.2506E-013
2401 1.3749E-013
2402 1.5878E-013
2404 1.4628E-013
2405 1.1911E-013
2406 1.0065E-013
2408 1.0977E-013
2409 1.4035E-013
2410 1.2378E-013
2412 1.0544E-013
2413 1.2483E-013
2414 1.4536E-013
2416 1.8292E-013
2417 2.0186E-013
2419 2.2166E-013
2420 2.4851E-013
2421 2.6909E-013
2423 2.8099E-013
2424 2.2375E-013
2425 2.2544E-013
2427 2.6684E-013
2428 2.6092E-013
2430 2.3194E-013
2431 2.4953E-013
2432 2.4151E-013
2434 2.2254E-013
2435 2.0745E-013
2436 2.0141E-013
2438 2.2256E-013
2439 2.2099E-013
2441 2.2629E-013
2442 2.6514E-013
2443 2.5914E-013
2445 2.2111E-013
2446 2.0601E-013
2447 1.9128E-013
2449 1.7857E-013
2450 1.7447E-013
2452 1.6094E-013
2453 1.5507E-013
2454 1.5600E-013
2456 1.6830E-013
2457 1.6344E-013
2458 1.8162E-013
2460 1.6560E-013
2461 1.5502E-013
2463 1.3982E-013
2464 1.4450E-013
2465 1.6433E-013
2467 1.6513E-013
2468 1.8509E-013
2469 1.8437E-013
2471 1.8435E-013
2472 1.9485E-013
2474 1.7970E-013
2475 2.1681E-013
2476 2.0712E-013
2478 1.9323E-013
2479 1.7019E-013
2480 1.6475E-013
2482 1.9017E-013
2483 1.4474E-013
2485 1.3383E-013
2486 1.6597E-013
2487 1.6536E-013
2489 1.4159E-013
2490 1.2456E-013
2491 1.1731E-013
2493 1.5707E-013
2494 1.9162E-013
2496 2.3675E-013
2497 2.3021E-013
2498 2.3566E-013
2500 2.3648E-013
2501 2.2457E-013
2502 1.9330E-013
2504 2.0676E-013
2505 2.1606E-013
2507 1.6702E-013
2508 1.6438E-013
2509 2.1043E-013
2511 2.0395E-013
2512 1.7544E-013
2513 1.6336E-013
2515 1.3111E-013
2516 1.2070E-013
2518 1.1692E-013
2519 1.2364E-013
2520 1.3513E-013
2522 1.4590E-013
2523 1.2519E-013
2524 1.1335E-013
2526 1.2373E-013
2527 1.2867E-013
2528 1.1728E-013
2530 1.1876E-013
2531 1.5897E-013
2533 1.7349E-013
2534 1.6344E-013
2535 1.6126E-013
2537 1.5720E-013
2538 1.5890E-013
2539 1.5728E-013
2541 1.7268E-013
2542 1.6418E-013
2544 1.8257E-013
2545 1.8303E-013
2546 1.6772E-013
2548 1.6918E-013
2549 1.6023E-013
2550 1.7187E-013
2552 2.3445E-013
2553 2.5644E-013
2555 2.7040E-013
2556 2.5291E-013
2557 2.4985E-013
2559 2.6993E-013
2560 2.8168E-013
2561 2.6229E-013
2563 2.1618E-013
2564 2.2485E-013
2566 2.9070E-013
2567 3.3273E-013
2568 3.3990E-013
2570 3.7170E-013
2571 3.8476E-013
2572 3.7665E-013
2574 3.9642E-013
2575 3.2730E-013
2577 2.5563E-013
2578 3.0203E-013
2579 3.8432E-013
2581 4.3687E-013
2582 4.1768E-013
2583 3.4980E-013
2585 3.1711E-013
2586 2.3908E-013
2588 2.8960E-013
2589 3.6427E-013
2590 4.4217E-013
2592 3.5392E-013
2593 3.2340E-013
2594 2.7154E-013
2596 3.0762E-013
2597 2.7049E-013
2599 1.9528E-013
2600 1.6763E-013
2601 2.2774E-013
2603 3.0412E-013
2604 3.0203E-013
2605 2.5447E-013
2607 1.9539E-013
2608 1.9985E-013
2610 2.4416E-013
2611 2.4002E-013
2612 1.8570E-013
2614 1.9129E-013
2615 2.2722E-013
2616 3.0708E-013
2618 2.7136E-013
2619 2.7468E-013
2621 3.2442E-013
2622 3.1793E-013
2623 3.4356E-013
2625 3.2637E-013
2626 3.0555E-013
2627 2.7144E-013
2629 2.4095E-013
2630 2.2750E-013
2631 2.1109E-013
2633 2.5277E-013
2634 3.7226E-013
2636 4.5577E-013
2637 5.4260E-013
2638 6.3029E-013
2640 6.7878E-013
2641 6.6605E-013
2642 7.1142E-013
2644 8.1755E-013
2645 7.4058E-013
2647 6.6069E-013
2648 6.1124E-013
2649 5.6679E-013
2651 5.8518E-013
2652 6.0611E-013
2653 6.5296E-013
2655 7.1729E-013
2656 7.5909E-013
2658 7.5407E-013
2659 6.9668E-013
2660 7.1539E-013
2662 6.5825E-013
2663 6.0860E-013
2664 5.6159E-013
2666 6.1978E-013
2667 5.7249E-013
2669 6.0334E-013
2670 5.8879E-013
2671 6.5422E-013
2673 5.8575E-013
2674 6.1659E-013
2675 7.0410E-013
2677 6.9795E-013
2678 6.1587E-013
2680 5.6932E-013
2681 6.0748E-013
2682 6.4700E-013
2684 6.6599E-013
2685 6.3264E-013
2686 6.5579E-013
2688 6.3966E-013
2689 6.0247E-013
2691 5.6444E-013
2692 6.0204E-013
2693 6.1703E-013
2695 6.2301E-013
2696 5.4805E-013
2697 5.7088E-013
2699 5.7374E-013
2700 6.6497E-013
2701 7.2118E-013
2703 6.6625E-013
2704 7.3080E-013
2706 7.5114E-013
2707 6.4442E-013
2708 6.3255E-013
2710 6.0539E-013
2711 6.3123E-013
2712 6.1494E-013
2714 6.1152E-013
2715 5.5477E-013
2717 5.5807E-013
2718 5.7133E-013
2719 4.6522E-013
2721 4.0819E-013
2722 4.6955E-013
2723 5.2560E-013
2725 4.8844E-013
2726 5.1686E-013
2728 5.0974E-013
2729 5.6432E-013
2730 7.0562E-013
2732 6.1989E-013
2733 6.0098E-013
2734 5.1493E-013
2736 5.0832E-013
2737 4.4549E-013
2739 3.8778E-013
2740 3.5498E-013
2741 3.4775E-013
2743 3.3756E-013
2744 2.8945E-013
2745 3.3591E-013
2747 3.3032E-013
2748 3.0388E-013
2750 2.9897E-013
2751 2.9880E-013
2752 4.4040E-013
2754 4.9724E-013
2755 4.1033E-013
2756 3.4078E-013
2758 4.1171E-013
2759 6.2414E-013
2761 6.1536E-013
2762 5.7573E-013
2763 5.0601E-013
2765 6.0537E-013
2766 6.5931E-013
2767 6.0284E-013
2769 5.7722E-013
2770 5.8291E-013
2771 6.4458E-013
2773 6.3377E-013
2774 6.6338E-013
2776 6.3497E-013
2777 5.6512E-013
2778 5.1304E-013
2780 4.3465E-013
2781 4.1496E-013
2782 4.2707E-013
2784 4.1544E-013
2785 4.1933E-013
2787 4.2316E-013
2788 3.8084E-013
2789 3.2268E-013
2791 2.7994E-013
2792 2.3532E-013
2793 2.1098E-013
2795 1.9916E-013
2796 2.9477E-013
2798 2.2297E-013
2799 1.7422E-013
2800 1.9290E-013
2802 1.9197E-013
2803 2.6023E-013
2804 2.3421E-013
2806 2.2065E-013
2807 2.6659E-013
2809 3.1984E-013
2810 3.7582E-013
2811 4.0964E-013
2813 4.3427E-013
2814 4.8087E-013
2815 5.9429E-013
2817 5.9746E-013
2818 6.0636E-013
2819 6.6954E-013
2821 7.1742E-013
2822 7.1267E-013
2824 7.2851E-013
2825 8.0274E-013
2826 7.1295E-013
2828 7.4959E-013
2829 7.6436E-013
2830 8.3337E-013
2832 7.9656E-013
2833 7.8495E-013
2835 7.8544E-013
2836 6.6947E-013
2837 7.2280E-013
2839 7.7951E-013
2840 7.7584E-013
2841 6.9591E-013
2843 7.3853E-013
2844 6.3047E-013
2846 7.1887E-013
2847 6.3940E-013
2848 5.4353E-013
2850 4.2516E-013
2851 3.1995E-013
2852 2.3742E-013
2854 2.6222E-013
2855 3.8884E-013
2857 4.8208E-013
2858 5.8950E-013
2859 6.7756E-013
2861 7.9620E-013
2862 8.3792E-013
2863 8.3574E-013
2865 8.7383E-013
2866 8.3049E-013
2867 7.9465E-013
2869 7.3904E-013
2870 7.6687E-013
2872 8.8412E-013
2873 9.4857E-013
2874 8.4726E-013
2876 8.4363E-013
2877 7.7519E-013
2878 7.7372E-013
2880 6.7113E-013
2881 5.3419E-013
2883 4.7062E-013
2884 6.8791E-013
2885 9.0308E-013
2887 9.5753E-013
2888 9.1160E-013
2889 8.7874E-013
2891 8.9303E-013
2892 8.8949E-013
2894 8.8686E-013
2895 9.3267E-013
2896 1.0564E-012
2898 1.0989E-012
2899 1.1202E-012
2900 1.2640E-012
2902 1.2876E-012
2903 1.2335E-012
2905 1.3353E-012
2906 1.3002E-012
2907 1.2464E-012
2909 1.1987E-012
2910 1.1675E-012
2911 1.1556E-012
2913 1.2527E-012
2914 1.3200E-012
2915 1.1829E-012
2917 1.1564E-012
2918 1.1300E-012
2920 1.1575E-012
2921 1.1536E-012
2922 1.1551E-012
2924 1.0708E-012
2925 1.0064E-012
2926 9.5013E-013
2928 9.4889E-013
2929 9.1082E-013
2931 1.1444E-012
2932 1.2336E-012
2933 1.2363E-012
2935 1.2094E-012
2936 1.2032E-012
2937 9.2690E-013
2939 1.0135E-012
2940 1.0453E-012
2942 1.0600E-012
2943 1.1485E-012
2944 1.1641E-012
2946 1.1299E-012
2947 1.0716E-012
2948 8.6965E-013
2950 8.9517E-013
2951 1.0994E-012
2952 1.2493E-012
2954 1.1533E-012
2955 1.1312E-012
2957 1.3795E-012
2958 1.4447E-012
2959 1.4370E-012
2961 1.1879E-012
2962 1.2318E-012
2963 1.3190E-012
2965 1.1319E-012
2966 8.9283E-013
2968 8.5976E-013
2969 1.0238E-012
2970 8.9122E-013
2972 9.9580E-013
2973 1.0283E-012
2974 1.0934E-012
2976 1.2757E-012
2977 1.2713E-012
2979 1.4029E-012
2980 1.1880E-012
2981 1.0616E-012
2983 9.1804E-013
2984 8.5436E-013
2985 7.5278E-013
2987 8.5034E-013
2988 9.6553E-013
2989 1.1463E-012
2991 1.3254E-012
2992 1.2597E-012
2994 1.1715E-012
2995 9.7299E-013
2996 1.1362E-012
2998 1.2892E-012
2999 1.1557E-012
3000 8.4688E-013
3002 7.9595E-013
3003 8.0951E-013
3005 9.6080E-013
3006 1.1650E-012
3007 1.0494E-012
3009 9.3971E-013
3010 1.0493E-012
3011 1.2239E-012
3013 1.1554E-012
3014 1.2032E-012
3015 1.1748E-012
3017 1.1320E-012
3018 9.7003E-013
3020 8.7627E-013
3021 7.2086E-013
3022 9.0899E-013
3024 1.2685E-012
3025 1.1799E-012
3026 1.0947E-012
3028 1.3655E-012
3029 1.4136E-012
3031 1.3091E-012
3032 1.2593E-012
3033 1.4361E-012
3035 1.4282E-012
3036 1.4489E-012
3037 1.2179E-012
3039 1.0992E-012
3040 1.2103E-012
3042 1.1943E-012
3043 1.1656E-012
3044 1.3630E-012
3046 1.4000E-012
3047 1.3356E-012
3048 1.1387E-012
3050 1.3399E-012
3051 1.4140E-012
3052 1.5922E-012
3054 1.4515E-012
3055 1.2937E-012
3057 1.2715E-012
3058 9.8086E-013
3059 9.3646E-013
3061 1.1509E-012
3065 1.1633E-012
3068 1.2937E-012
3071 1.3250E-012
3073 1.2846E-012
3076 1.3142E-012
3079 1.3389E-012
3082 1.3092E-012
3084 1.4070E-012
3087 1.2646E-012
3090 1.1296E-012
3093 1.0912E-012
3095 1.1072E-012
3098 1.0503E-012
3101 1.0860E-012
3104 1.3560E-012
3106 1.4765E-012
3109 1.5235E-012
3112 1.5360E-012
3115 1.4493E-012
3117 1.2864E-012
3120 1.2715E-012
3123 1.3665E-012
3126 1.3569E-012
3128 1.3982E-012
3131 1.3569E-012
3134 1.4030E-012
3137 1.5075E-012
3139 1.4128E-012
3142 1.3114E-012
3145 1.1901E-012
3148 1.3830E-012
3150 1.4437E-012
3153 1.3584E-012
3156 1.2265E-012
3159 1.1769E-012
3161 1.1682E-012
3164 1.3063E-012
3167 1.3999E-012
3170 1.5602E-012
3172 1.5992E-012
3175 1.5572E-012
3178 1.3298E-012
3181 1.1505E-012
3183 1.2784E-012
3186 1.4083E-012
3189 1.4689E-012
3192 1.2881E-012
3194 1.3384E-012
3197 1.4837E-012
3200 1.5575E-012
3203 1.6235E-012
3205 1.6704E-012
3208 1.4894E-012
3211 1.2743E-012
3214 1.2689E-012
3216 1.4019E-012
3219 1.5308E-012
3222 1.4662E-012
3225 1.3592E-012
3227 1.2142E-012
3230 1.2450E-012
3233 1.3213E-012
3236 1.3136E-012
3238 1.4065E-012
3241 1.5089E-012
3244 1.5614E-012
3247 1.5354E-012
3249 1.4788E-012
3252 1.5555E-012
3255 1.6898E-012
3258 1.8026E-012
3260 1.8421E-012
3263 1.7973E-012
3266 1.7926E-012
3268 1.8231E-012
3271 1.7427E-012
3274 1.7790E-012
3277 1.7090E-012
3279 1.6986E-012
3282 1.6963E-012
3285 1.6561E-012
3288 1.6586E-012
3290 1.8666E-012
3293 1.9690E-012
3296 1.9927E-012
3299 2.0249E-012
3301 1.9343E-012
3304 1.7794E-012
3307 1.7215E-012
3310 1.8565E-012
3312 1.8263E-012
3315 1.8148E-012
3318 1.8637E-012
3321 1.7681E-012
3323 1.6987E-012
3326 1.7923E-012
3329 1.7531E-012
3332 1.7947E-012
3334 1.7049E-012
3337 1.6513E-012
3340 1.7168E-012
3343 1.7804E-012
3345 1.8296E-012
3348 1.7332E-012
3351 1.7587E-012
3354 1.8689E-012
3356 1.8293E-012
3359 1.5350E-012
3362 1.5079E-012
3365 1.7569E-012
3367 1.6211E-012
3370 1.5265E-012
3373 1.5689E-012
3376 1.8023E-012
3378 1.6987E-012
3381 1.6186E-012
3384 1.7499E-012
3387 1.7486E-012
3389 1.7645E-012
3392 1.6879E-012
3395 1.7532E-012
3398 1.9239E-012
3400 2.0023E-012
3403 1.8744E-012
3406 1.7850E-012
3409 1.7338E-012
3411 1.7816E-012
3414 1.6805E-012
3417 1.7864E-012
3420 1.8858E-012
3422 1.8019E-012
3425 1.7910E-012
3428 1.8522E-012
3431 1.9468E-012
3433 1.8355E-012
3436 1.8335E-012
3439 1.6346E-012
3442 1.3845E-012
3444 1.4672E-012
3447 1.6643E-012
3450 1.7727E-012
3453 1.7934E-012
3455 1.8143E-012
3458 1.7076E-012
3461 1.6215E-012
3464 1.7556E-012
3466 1.7826E-012
3469 1.8302E-012
3472 1.7739E-012
3475 1.6015E-012
3477 1.6121E-012
3480 1.7518E-012
3483 1.7227E-012
3486 1.7376E-012
3488 1.7422E-012
3491 1.6639E-012
3494 1.6378E-012
3497 1.6188E-012
3499 1.8164E-012
3502 1.9480E-012
3505 1.9349E-012
3508 1.8781E-012
3510 1.8076E-012
3513 1.7041E-012
3516 1.7967E-012
3519 1.9245E-012
3521 1.7793E-012
3524 1.6182E-012
3527 1.6020E-012
3530 1.8380E-012
3532 1.8492E-012
3535 1.9168E-012
3538 1.9720E-012
3541 2.0078E-012
3543 2.0170E-012
3546 2.0702E-012
3549 2.0620E-012
3552 2.0418E-012
3554 1.9204E-012
3557 1.9382E-012
3560 1.9332E-012
3563 1.9889E-012
3565 1.7494E-012
3568 1.6173E-012
3571 1.5138E-012
3573 1.6488E-012
3576 1.7387E-012
3579 1.6623E-012
3582 1.4418E-012
3584 1.4452E-012
3587 1.4086E-012
3590 1.6752E-012
3593 1.8356E-012
3595 1.9419E-012
3598 2.0329E-012
3601 2.0236E-012
3604 1.8132E-012
3606 1.7313E-012
3609 1.6212E-012
3612 1.7004E-012
3615 1.7594E-012
3617 1.7110E-012
3620 1.5812E-012
3623 1.8066E-012
3626 1.9615E-012
3628 2.0660E-012
3631 1.7367E-012
3634 1.6740E-012
3637 1.8255E-012
3639 1.9897E-012
3642 1.9823E-012
3645 1.8098E-012
3648 1.7394E-012
3650 1.8226E-012
3653 1.9986E-012
3656 2.1296E-012
3659 2.2139E-012
3661 2.2153E-012
3664 2.1314E-012
3667 2.1065E-012
3670 2.0726E-012
3672 2.1046E-012
3675 2.0830E-012
3678 2.0168E-012
3681 1.9080E-012
3683 2.0168E-012
3686 1.9436E-012
3689 1.9386E-012
3692 2.1848E-012
3694 2.1875E-012
3697 2.2016E-012
3700 2.2831E-012
3703 2.1811E-012
3705 1.8923E-012
3708 1.8448E-012
3711 2.0067E-012
3714 2.2251E-012
3716 2.2859E-012
3719 2.0162E-012
3722 1.7223E-012
3725 1.9727E-012
3727 2.0653E-012
3730 2.0621E-012
3733 1.8025E-012
3736 1.5078E-012
3738 1.7167E-012
3741 2.0212E-012
3744 1.8969E-012
3747 1.6601E-012
3749 1.5415E-012
3752 1.8501E-012
3755 2.1124E-012
3758 2.1230E-012
3760 1.9570E-012
3763 2.0669E-012
3766 2.0369E-012
3769 2.0036E-012
3771 2.0264E-012
3774 2.2599E-012
3777 2.3953E-012
3780 2.5237E-012
3782 2.6108E-012
3785 2.5519E-012
3788 2.2725E-012
3791 2.1983E-012
3793 2.1122E-012
3796 1.9358E-012
3799 1.8581E-012
3802 2.1686E-012
3804 2.4346E-012
3807 2.4485E-012
3810 2.5319E-012
3813 2.4316E-012
3815 2.1032E-012
3818 2.0760E-012
3821 1.9465E-012
3824 1.9558E-012
3826 1.6891E-012
3829 1.6064E-012
3832 1.5484E-012
3835 1.4106E-012
3837 1.4522E-012
3840 1.5556E-012
3843 1.9338E-012
3846 2.2330E-012
3848 2.3844E-012
3851 2.4056E-012
3854 2.4167E-012
3857 2.2595E-012
3859 2.1525E-012
3862 2.2274E-012
3865 2.3906E-012
3868 2.4606E-012
3870 2.3407E-012
3873 2.1756E-012
3876 2.3060E-012
3879 2.1921E-012
3881 2.2183E-012
3884 2.1025E-012
3887 1.8612E-012
3890 1.7807E-012
3892 2.0281E-012
3895 2.1858E-012
3898 2.2764E-012
3901 2.3087E-012
3903 2.2607E-012
3906 2.1625E-012
3909 2.3788E-012
3912 2.5210E-012
3914 2.4827E-012
3917 2.4007E-012
3920 2.2788E-012
3923 2.1370E-012
3925 2.0335E-012
3928 1.6517E-012
3931 1.1959E-012
3934 9.1256E-013
3936 9.9690E-013
3939 1.3935E-012
3942 1.7569E-012
3945 1.9127E-012
3947 2.1737E-012
3950 2.2746E-012
3953 2.3460E-012
3956 2.3500E-012
3958 2.2781E-012
3961 2.1047E-012
3964 1.6857E-012
3967 1.2753E-012
3969 1.0138E-012
3972 1.2803E-012
3975 1.7209E-012
3978 2.1434E-012
3980 2.4705E-012
3983 2.5542E-012
3986 2.6149E-012
3989 2.7092E-012
3991 2.7820E-012
3994 2.8640E-012
3997 2.8307E-012
4000 2.8692E-012
4002 2.9362E-012
4005 2.8259E-012
4008 2.7902E-012
4011 2.9616E-012
4013 3.0062E-012
4016 3.0143E-012
4019 3.0077E-012
4022 3.0566E-012
4024 3.0337E-012
4027 3.0673E-012
4030 2.9888E-012
4033 2.7753E-012
4035 2.8568E-012
4038 3.0660E-012
4041 3.0598E-012
4044 2.9553E-012
4046 2.6576E-012
4049 2.8811E-012
4052 3.0056E-012
4055 2.9127E-012
4057 2.8131E-012
4060 2.8559E-012
4063 2.8118E-012
4065 2.7170E-012
4068 2.8329E-012
4071 2.8742E-012
4074 2.8061E-012
4076 2.7664E-012
4079 2.6870E-012
4082 2.9222E-012
4085 2.9279E-012
4087 3.0055E-012
4090 3.0928E-012
4093 3.0083E-012
4096 2.8500E-012
4098 2.6324E-012
4101 2.3338E-012
4104 2.3207E-012
4107 2.6949E-012
4109 2.8358E-012
4112 2.9387E-012
4115 3.0811E-012
4118 3.1299E-012
4120 3.0393E-012
4123 3.0473E-012
4126 3.0560E-012
4129 2.9950E-012
4131 2.9638E-012
4134 2.9221E-012
4137 3.0899E-012
4140 3.2159E-012
4142 3.1109E-012
4145 2.9762E-012
4148 3.0722E-012
4151 3.0946E-012
4153 3.0537E-012
4156 2.9768E-012
4159 3.0417E-012
4162 3.1399E-012
4164 3.2108E-012
4167 3.1540E-012
4170 3.0709E-012
4173 2.8935E-012
4175 2.8124E-012
4178 2.9121E-012
4181 3.0002E-012
4184 2.9509E-012
4186 2.9375E-012
4189 2.9096E-012
4192 3.0538E-012
4195 3.1111E-012
4197 2.9536E-012
4200 2.8213E-012
4203 2.8625E-012
4206 2.9928E-012
4208 3.1010E-012
4211 3.1257E-012
4214 3.1597E-012
4217 3.0601E-012
4219 3.0518E-012
4222 3.0541E-012
4225 2.8046E-012
4228 2.5417E-012
4230 2.8945E-012
4233 2.9919E-012
4236 2.8970E-012
4239 2.8572E-012
4241 2.9266E-012
4244 3.0116E-012
4247 2.9707E-012
4250 2.8609E-012
4252 2.8993E-012
4255 2.9541E-012
4258 2.9633E-012
4261 2.8215E-012
4263 2.9450E-012
4266 3.0622E-012
4269 2.9622E-012
4272 2.7050E-012
4274 2.6889E-012
4277 2.8482E-012
4280 2.9573E-012
4283 2.9006E-012
4285 2.8208E-012
4288 2.7255E-012
4291 2.5967E-012
4294 2.7078E-012
4296 2.6453E-012
4299 2.4123E-012
4302 2.2239E-012
4305 2.2619E-012
4307 2.2556E-012
4310 2.2139E-012
4313 2.4576E-012
4316 2.7641E-012
4318 3.0084E-012
4321 3.0343E-012
4324 2.8252E-012
4327 2.5977E-012
4329 2.8716E-012
4332 2.9840E-012
4335 2.9350E-012
4338 2.6605E-012
4340 2.3486E-012
4343 2.3223E-012
4346 2.6821E-012
4349 2.8791E-012
4351 2.9139E-012
4354 2.8452E-012
4357 2.9982E-012
4360 3.0438E-012
4362 3.1389E-012
4365 3.2073E-012
4368 3.1321E-012
4371 3.0554E-012
4373 3.0063E-012
4376 2.9264E-012
4379 3.0443E-012
4382 2.9637E-012
4384 2.6309E-012
4387 2.7439E-012
4390 2.9048E-012
4393 2.9615E-012
4395 3.0031E-012
4398 3.0646E-012
4401 3.0183E-012
4404 2.9647E-012
4406 2.8745E-012
4409 3.0183E-012
4412 3.1609E-012
4414 3.1591E-012
4417 3.0557E-012
4420 3.1695E-012
4423 3.1957E-012
4425 3.1422E-012
4428 3.1725E-012
4431 3.1675E-012
4434 3.1174E-012
4436 3.0685E-012
4439 3.2196E-012
4442 3.1694E-012
4445 3.1642E-012
4447 3.2265E-012
4450 3.1996E-012
4453 3.1486E-012
4456 2.9814E-012
4458 2.9559E-012
4461 2.9794E-012
4464 3.0329E-012
4467 3.0993E-012
4469 3.1157E-012
4472 3.1668E-012
4475 3.2795E-012
4478 3.3010E-012
4480 3.2078E-012
4483 3.0977E-012
4486 3.2718E-012
4489 3.2451E-012
4491 3.1779E-012
4494 3.2372E-012
4497 3.2272E-012
4500 3.3100E-012
4502 3.3399E-012
4505 3.4148E-012
4508 3.4261E-012
4511 3.3964E-012
4513 3.3833E-012
4516 3.3102E-012
4519 3.3069E-012
4522 3.3126E-012
4524 3.2130E-012
4527 3.1012E-012
4530 3.0038E-012
4533 3.0537E-012
4535 3.1091E-012
4538 3.2103E-012
4541 3.2439E-012
4544 3.2712E-012
4546 3.2077E-012
4549 3.1274E-012
4552 3.1042E-012
4555 3.1111E-012
4557 3.1730E-012
4560 3.2916E-012
4563 3.3234E-012
4566 3.2460E-012
4568 3.3044E-012
4571 3.3137E-012
4574 3.2943E-012
4577 3.3421E-012
4579 3.3013E-012
4582 3.1815E-012
4585 3.1294E-012
4588 3.1938E-012
4590 3.2571E-012
4593 3.2013E-012
4596 3.2133E-012
4599 3.2166E-012
4601 3.2208E-012
4604 3.2479E-012
4607 3.2837E-012
4610 3.3133E-012
4612 3.3073E-012
4615 3.2910E-012
4618 3.2962E-012
4621 3.2879E-012
4623 3.3188E-012
4626 3.3200E-012
4629 3.3244E-012
4631 3.3278E-012
4634 3.2999E-012
4637 3.2692E-012
4640 3.2350E-012
4642 3.2709E-012
4645 3.2077E-012
4648 3.1274E-012
4651 3.1789E-012
4653 3.2120E-012
4656 3.2138E-012
4659 3.2822E-012
4662 3.2711E-012
4664 3.2039E-012
4667 3.0804E-012
4670 3.0549E-012
4673 3.1865E-012
4675 3.2371E-012
4678 3.2404E-012
4681 3.2148E-012
4684 3.2157E-012
4686 3.2139E-012
4689 3.2308E-012
4692 3.2250E-012
4695 3.2431E-012
4697 3.2479E-012
4700 3.1451E-012
4703 3.0692E-012
4706 3.0929E-012
4708 3.0956E-012
4711 3.1500E-012
4714 3.1801E-012
4717 3.2330E-012
4719 3.2823E-012
4722 3.3211E-012
4725 3.3058E-012
4728 3.2310E-012
4730 3.1537E-012
4733 3.1667E-012
4736 3.2025E-012
4739 3.2138E-012
4741 3.2305E-012
4744 3.2500E-012
4747 3.2664E-012
4750 3.2832E-012
4752 3.2607E-012
4755 3.1932E-012
4758 3.1899E-012
4761 3.2130E-012
4763 3.1253E-012
4766 3.1229E-012
4769 3.1595E-012
4772 3.2306E-012
4774 3.2646E-012
4777 3.3078E-012
4780 3.3016E-012
4782 3.2695E-012
4785 3.2221E-012
4788 3.1664E-012
4791 3.1705E-012
4793 3.2311E-012
4796 3.2697E-012
4799 3.2493E-012
4802 3.2117E-012
4804 3.2093E-012
4807 3.1897E-012
4810 3.1792E-012
4813 3.2282E-012
4815 3.2378E-012
4818 3.2524E-012
4821 3.2084E-012
4824 3.1816E-012
4826 3.1904E-012
4829 3.1819E-012
4832 3.1686E-012
4835 3.1589E-012
4837 3.1450E-012
4840 3.1111E-012
4843 3.0948E-012
4846 3.1156E-012
4848 3.0828E-012
4851 3.0438E-012
4854 2.9651E-012
4857 2.7756E-012
4859 2.5181E-012
4862 2.3614E-012
4865 2.4240E-012
4868 2.6968E-012
4870 2.8126E-012
4873 2.7696E-012
4876 2.9021E-012
4879 2.9889E-012
4881 3.0644E-012
4884 3.0346E-012
4887 2.9411E-012
4890 2.9133E-012
4892 2.9125E-012
4895 3.0876E-012
4898 3.1726E-012
4901 3.1519E-012
4903 3.1281E-012
4906 3.1310E-012
4909 3.1234E-012
4911 3.0297E-012
4914 3.0549E-012
4917 3.0720E-012
4920 2.8854E-012
4922 2.8425E-012
4925 2.9556E-012
4928 3.0738E-012
4931 3.1314E-012
4933 3.0742E-012
4936 3.0003E-012
4939 3.0057E-012
4942 3.0465E-012
4944 3.1286E-012
4947 3.1577E-012
4950 3.1810E-012
4953 3.1462E-012
4955 3.0937E-012
4958 2.9662E-012
4961 3.0509E-012
4964 3.1342E-012
4966 3.1313E-012
4969 3.0821E-012
4972 3.1038E-012
4975 3.1287E-012
4977 3.1258E-012
4980 3.0517E-012
4983 2.9525E-012
4986 2.8910E-012
4988 3.0074E-012
4991 3.0592E-012
4994 3.0629E-012
4997 3.1034E-012
4999 3.0714E-012
5002 2.9824E-012
5005 2.9588E-012
5008 2.8864E-012
5010 2.9786E-012
5013 2.9472E-012
5016 2.8845E-012
5018 2.8919E-012
5021 2.9404E-012
5024 2.9965E-012
5027 3.0161E-012
5029 3.0156E-012
5032 3.0857E-012
5035 3.0810E-012
5038 2.9905E-012
5040 2.9155E-012
5043 2.8700E-012
5046 3.0429E-012
5049 3.0773E-012
5051 3.0089E-012
5054 3.0492E-012
5057 3.1168E-012
5060 3.1290E-012
5062 3.1113E-012
5065 3.0630E-012
5068 3.0381E-012
5071 3.0365E-012
5073 3.0300E-012
5076 3.0176E-012
5079 2.9898E-012
5082 2.8953E-012
5084 2.9678E-012
5087 3.0584E-012
5090 3.0775E-012
5093 3.1007E-012
5095 3.1008E-012
5098 3.0323E-012
5101 3.0170E-012
5103 3.0318E-012
5106 3.0289E-012
5109 2.9868E-012
5112 2.9703E-012
5114 3.0394E-012
5117 3.0713E-012
5120 3.0985E-012
5123 3.0424E-012
5125 2.9614E-012
5128 2.9396E-012
5131 2.9578E-012
5134 2.9622E-012
5136 2.9621E-012
5139 2.8804E-012
5142 2.8665E-012
5145 2.8865E-012
5147 2.9333E-012
5150 2.9428E-012
5153 2.9455E-012
5156 2.9566E-012
5158 2.9861E-012
5161 2.9875E-012
5164 2.8906E-012
5167 2.7255E-012
5169 2.4739E-012
5172 2.5368E-012
5175 2.5557E-012
5178 2.8433E-012
5180 2.8627E-012
5183 2.6995E-012
5186 2.6616E-012
5188 2.7596E-012
5191 2.8171E-012
5194 2.7795E-012
5197 2.8138E-012
5199 2.8806E-012
5202 2.9300E-012
5205 2.8638E-012
5208 2.8091E-012
5210 2.8344E-012
5213 2.9375E-012
5216 2.9299E-012
5219 2.8942E-012
5221 2.9712E-012
5224 2.9428E-012
5227 2.8023E-012
5230 2.7911E-012
5232 2.8576E-012
5235 2.8221E-012
5238 2.9309E-012
5241 2.9772E-012
5243 3.0005E-012
5246 2.9854E-012
5249 2.9559E-012
5252 2.9309E-012
5254 2.9401E-012
5257 2.9585E-012
5260 2.9800E-012
5262 2.8309E-012
5265 2.6603E-012
5268 2.6473E-012
5271 2.6280E-012
5273 2.7490E-012
5276 2.7989E-012
5279 2.8936E-012
5282 2.8964E-012
5284 2.9159E-012
5287 2.9698E-012
5290 3.0307E-012
5293 3.0445E-012
5295 2.9765E-012
5298 2.9061E-012
5301 2.9020E-012
5304 2.9418E-012
5306 2.9788E-012
5309 3.0058E-012
5312 3.0274E-012
5315 2.9912E-012
5317 2.9441E-012
5320 2.9580E-012
5323 2.9079E-012
5326 2.7907E-012
5328 2.7386E-012
5331 2.7795E-012
5334 2.9033E-012
5336 2.9257E-012
5339 2.8952E-012
5342 2.8397E-012
5345 2.9119E-012
5347 2.9159E-012
5350 2.9109E-012
5353 2.9637E-012
5356 3.0023E-012
5358 3.0293E-012
5361 2.9778E-012
5364 2.9099E-012
5367 2.8488E-012
5369 2.8223E-012
5372 2.7824E-012
5375 2.8914E-012
5378 2.9561E-012
5380 2.9215E-012
5383 2.8865E-012
5386 2.9043E-012
5389 2.9104E-012
5391 2.8774E-012
5394 2.8424E-012
5397 2.8286E-012
5399 2.8126E-012
5402 2.8153E-012
5405 2.7351E-012
5408 2.7669E-012
5410 2.7829E-012
5413 2.8224E-012
5416 2.8309E-012
5419 2.8699E-012
5421 2.8703E-012
5424 2.8358E-012
5427 2.8460E-012
5430 2.8334E-012
5432 2.8389E-012
5435 2.8203E-012
5438 2.8856E-012
5441 2.9434E-012
5443 2.9171E-012
5446 2.8426E-012
5449 2.8589E-012
5453 2.8798E-012
5458 2.8791E-012
5463 2.8989E-012
5468 2.8731E-012
5473 2.8849E-012
5477 2.8456E-012
5482 2.8673E-012
5487 2.8794E-012
5492 2.8867E-012
5497 2.8848E-012
5502 2.8645E-012
5507 2.8676E-012
5512 2.8658E-012
5516 2.8621E-012
5521 2.8900E-012
5526 2.8707E-012
5531 2.8419E-012
5536 2.8406E-012
5541 2.8620E-012
5546 2.8686E-012
5551 2.8913E-012
5555 2.8715E-012
5560 2.8511E-012
5565 2.7994E-012
5570 2.7878E-012
5575 2.7897E-012
5580 2.7996E-012
5585 2.7700E-012
5590 2.7046E-012
5594 2.7234E-012
5599 2.7404E-012
5604 2.7641E-012
5609 2.7986E-012
5614 2.7948E-012
5619 2.7641E-012
5624 2.7912E-012
5629 2.7965E-012
5633 2.7996E-012
5638 2.7958E-012
5643 2.7861E-012
5648 2.7956E-012
5653 2.7641E-012
5658 2.7223E-012
5663 2.7334E-012
5667 2.7667E-012
5672 2.7835E-012
5677 2.8017E-012
5682 2.7621E-012
5687 2.7462E-012
5692 2.7588E-012
5697 2.7610E-012
5702 2.7442E-012
5706 2.6879E-012
5711 2.7587E-012
5716 2.7541E-012
5721 2.7850E-012
5726 2.8034E-012
5731 2.7892E-012
5736 2.7903E-012
5741 2.7844E-012
5745 2.7916E-012
5750 2.7649E-012
5755 2.7479E-012
5760 2.7468E-012
5765 2.7482E-012
5770 2.7720E-012
5775 2.7531E-012
5780 2.7490E-012
5784 2.7118E-012
5789 2.7250E-012
5794 2.7393E-012
5799 2.7465E-012
5804 2.7430E-012
5809 2.7371E-012
5814 2.7478E-012
5819 2.7352E-012
5823 2.7442E-012
5828 2.7563E-012
5833 2.7416E-012
5838 2.7402E-012
5843 2.7373E-012
5848 2.7212E-012
5853 2.7011E-012
5858 2.6690E-012
5862 2.6702E-012
5867 2.7003E-012
5872 2.7181E-012
5877 2.7008E-012
5882 2.6815E-012
5887 2.6274E-012
5892 2.5383E-012
5897 2.5470E-012
5901 2.6276E-012
5906 2.6530E-012
5911 2.6842E-012
5916 2.6723E-012
5921 2.6806E-012
5926 2.6812E-012
5931 2.6563E-012
5936 2.6752E-012
5940 2.6862E-012
5945 2.6585E-012
5950 2.6517E-012
5955 2.6581E-012
5960 2.6607E-012
5965 2.6712E-012
5970 2.6650E-012
5975 2.6506E-012
5979 2.6311E-012
5984 2.6205E-012
5989 2.6278E-012
5994 2.6204E-012
5999 2.6213E-012
6004 2.6098E-012
6009 2.5962E-012
6014 2.5939E-012
6018 2.5852E-012
6023 2.5569E-012
6028 2.5983E-012
6033 2.6151E-012
6038 2.6202E-012
6043 2.6192E-012
6048 2.6140E-012
6053 2.6120E-012
6057 2.5989E-012
6062 2.5951E-012
6067 2.5801E-012
6072 2.5910E-012
6077 2.5900E-012
6082 2.5702E-012
6087 2.5629E-012
6092 2.5580E-012
6097 2.5418E-012
6101 2.5340E-012
6106 2.5282E-012
6111 2.5457E-012
6116 2.5272E-012
6121 2.5208E-012
6126 2.5093E-012
6131 2.5100E-012
6136 2.5055E-012
6140 2.4760E-012
6145 2.4909E-012
6150 2.4855E-012
6155 2.4816E-012
6160 2.4494E-012
6165 2.4250E-012
6170 2.4416E-012
6175 2.4768E-012
6179 2.4974E-012
6184 2.4952E-012
6189 2.4967E-012
6194 2.4919E-012
6199 2.5065E-012
6204 2.5153E-012
6209 2.5048E-012
6214 2.4830E-012
6218 2.4661E-012
6223 2.4697E-012
6228 2.4683E-012
6233 2.4507E-012
6238 2.4570E-012
6243 2.4278E-012
6248 2.4117E-012
6253 2.4165E-012
6257 2.4054E-012
6262 2.4248E-012
6267 2.4442E-012
6272 2.4693E-012
6277 2.4738E-012
6282 2.4569E-012
6287 2.4662E-012
6292 2.4673E-012
6296 2.4619E-012
6301 2.4457E-012
6306 2.4171E-012
6311 2.4236E-012
6316 2.3897E-012
6321 2.3802E-012
6326 2.3809E-012
6331 2.3742E-012
6336 2.3626E-012
6340 2.3735E-012
6345 2.3908E-012
6350 2.4112E-012
6355 2.4139E-012
6360 2.3874E-012
6365 2.3739E-012
6370 2.3865E-012
6375 2.3982E-012
6379 2.4021E-012
6384 2.4072E-012
6389 2.4075E-012
6394 2.3737E-012
6399 2.3511E-012
6404 2.3477E-012
6409 2.3289E-012
6414 2.3285E-012
6418 2.3406E-012
6423 2.3440E-012
6428 2.3519E-012
6433 2.3466E-012
6438 2.3432E-012
6443 2.3340E-012
6448 2.3369E-012
6453 2.3197E-012
6458 2.3154E-012
6462 2.3063E-012
6467 2.3234E-012
6472 2.3311E-012
6477 2.3272E-012
6482 2.3221E-012
6487 2.3278E-012
6492 2.2954E-012
6497 2.2608E-012
6501 2.2807E-012
6506 2.3080E-012
6511 2.3170E-012
6516 2.3127E-012
6521 2.3027E-012
6526 2.2922E-012
6531 2.2903E-012
6536 2.2970E-012
6540 2.2763E-012
6545 2.2385E-012
6550 2.1976E-012
6555 2.1076E-012
6560 1.9792E-012
6565 1.9253E-012
6570 2.0138E-012
6575 2.1298E-012
6580 2.1971E-012
6584 2.2232E-012
6589 2.2444E-012
6594 2.2160E-012
6599 2.2499E-012
6604 2.2560E-012
6609 2.2577E-012
6614 2.2641E-012
6619 2.2793E-012
6623 2.2703E-012
6628 2.2667E-012
6633 2.2405E-012
6638 2.2381E-012
6643 2.2431E-012
6648 2.2412E-012
6653 2.2562E-012
6658 2.2493E-012
6662 2.2566E-012
6667 2.2444E-012
6672 2.2460E-012
6677 2.2340E-012
6682 2.2332E-012
6687 2.2469E-012
6692 2.2452E-012
6697 2.2344E-012
6702 2.2167E-012
6706 2.2060E-012
6711 2.2013E-012
6716 2.2084E-012
6721 2.1911E-012
6726 2.1948E-012
6731 2.2145E-012
6736 2.2111E-012
6741 2.2088E-012
6745 2.2067E-012
6750 2.1917E-012
6755 2.1990E-012
6760 2.2000E-012
6765 2.1916E-012
6770 2.1859E-012
6775 2.1870E-012
6780 2.1915E-012
6785 2.1781E-012
6789 2.1705E-012
6794 2.1771E-012
6799 2.1792E-012
6804 2.1784E-012
6809 2.1670E-012
6814 2.1698E-012
6819 2.1697E-012
6824 2.1683E-012
6828 2.1639E-012
6833 2.1587E-012
6838 2.1481E-012
6843 2.1238E-012
6848 2.1311E-012
6853 2.1358E-012
6858 2.1310E-012
6863 2.1259E-012
6868 2.1383E-012
6872 2.1487E-012
6877 2.1480E-012
6882 2.1294E-012
6887 2.1290E-012
6892 2.1334E-012
6897 2.1377E-012
6902 2.1341E-012
6907 2.1273E-012
6911 2.1159E-012
6916 2.1036E-012
6921 2.1021E-012
6926 2.1007E-012
6931 2.1131E-012
6936 2.0983E-012
6941 2.1020E-012
6946 2.0992E-012
6951 2.0834E-012
6955 2.0901E-012
6960 2.0998E-012
6965 2.0960E-012
6970 2.0875E-012
6975 2.0789E-012
6980 2.0585E-012
6985 2.0681E-012
6990 2.0714E-012
6994 2.0720E-012
6999 2.0515E-012
7004 2.0400E-012
7009 2.0323E-012
7014 2.0440E-012
7019 2.0308E-012
7024 2.0352E-012
7029 2.0370E-012
7034 2.0376E-012
7038 2.0269E-012
7043 2.0460E-012
7048 2.0444E-012
7053 2.0543E-012
7058 2.0441E-012
7063 2.0356E-012
7068 2.0382E-012
7073 2.0270E-012
7077 2.0235E-012
7082 2.0277E-012
7087 2.0046E-012
7092 2.0112E-012
7097 2.0125E-012
7102 2.0179E-012
7107 2.0141E-012
7112 2.0056E-012
7117 2.0016E-012
7121 1.9992E-012
7126 2.0000E-012
7131 1.9969E-012
7136 1.9915E-012
7141 1.9950E-012
7146 1.9933E-012
7151 1.9747E-012
7156 1.9804E-012
7160 1.9866E-012
7165 1.9623E-012
7170 1.9604E-012
7175 1.9707E-012
7180 1.9571E-012
7185 1.9498E-012
7190 1.9357E-012
7195 1.9367E-012
7200 1.9355E-012
7204 1.9411E-012
7209 1.9302E-012
7214 1.9451E-012
7219 1.9379E-012
7224 1.9321E-012
7229 1.9426E-012
7234 1.9487E-012
7239 1.9423E-012
7244 1.9382E-012
7248 1.9308E-012
7253 1.9303E-012
7258 1.9332E-012
7263 1.9303E-012
7268 1.9284E-012
7273 1.9370E-012
7278 1.9251E-012
7283 1.9017E-012
7287 1.8891E-012
7292 1.8865E-012
7297 1.8915E-012
7302 1.9051E-012
7307 1.8965E-012
7312 1.8939E-012
7317 1.8993E-012
7322 1.9070E-012
7327 1.8946E-012
7331 1.8925E-012
7336 1.9111E-012
7341 1.9064E-012
7346 1.8968E-012
7351 1.8853E-012
7356 1.8793E-012
7361 1.8860E-012
7366 1.8857E-012
7370 1.8851E-012
7375 1.8770E-012
7380 1.8662E-012
7385 1.8530E-012
7390 1.8290E-012
7395 1.8445E-012
7400 1.8446E-012
7405 1.8376E-012
7410 1.8222E-012
7414 1.8202E-012
7419 1.8262E-012
7424 1.8279E-012
7429 1.8390E-012
7434 1.8444E-012
7439 1.8414E-012
7444 1.8318E-012
7449 1.8227E-012
7454 1.8274E-012
7458 1.8379E-012
7463 1.8412E-012
7468 1.8345E-012
7473 1.8371E-012
7478 1.8400E-012
7483 1.8318E-012
7488 1.8209E-012
7493 1.8073E-012
7497 1.8023E-012
7502 1.8101E-012
7507 1.8059E-012
7512 1.8001E-012
7517 1.8065E-012
7522 1.8041E-012
7527 1.7974E-012
7532 1.7937E-012
7537 1.7974E-012
7541 1.8053E-012
7546 1.7996E-012
7551 1.8039E-012
7556 1.7926E-012
7561 1.7949E-012
7566 1.7911E-012
7571 1.7815E-012
7576 1.7846E-012
7581 1.7825E-012
7585 1.7735E-012
7590 1.7800E-012
7595 1.7843E-012
7600 1.7840E-012
7605 1.7688E-012
7610 1.7679E-012
7615 1.7630E-012
7620 1.7544E-012
7624 1.7554E-012
7629 1.7596E-012
7634 1.7721E-012
7639 1.7700E-012
7644 1.7667E-012
7649 1.7590E-012
7654 1.7448E-012
7659 1.7279E-012
7664 1.7081E-012
7668 1.7206E-012
7673 1.7498E-012
7678 1.7430E-012
7683 1.7347E-012
7688 1.7363E-012
7693 1.7206E-012
7698 1.7117E-012
7703 1.7190E-012
7707 1.7321E-012
7712 1.7175E-012
7717 1.7191E-012
7722 1.7249E-012
7727 1.7216E-012
7732 1.7267E-012
7737 1.7162E-012
7742 1.7065E-012
7747 1.6953E-012
7751 1.7032E-012
7756 1.7111E-012
7761 1.7249E-012
7766 1.7190E-012
7771 1.7093E-012
7776 1.6888E-012
7781 1.6931E-012
7786 1.6914E-012
7791 1.6920E-012
7795 1.6959E-012
7800 1.6963E-012
7805 1.6947E-012
7810 1.6971E-012
7815 1.6939E-012
7820 1.7030E-012
7825 1.7026E-012
7830 1.6864E-012
7834 1.6699E-012
7839 1.6719E-012
7844 1.6663E-012
7849 1.6660E-012
7854 1.6757E-012
7859 1.6778E-012
7864 1.6863E-012
7869 1.6909E-012
7874 1.6761E-012
7878 1.6741E-012
7883 1.6706E-012
7888 1.6735E-012
7893 1.6703E-012
7898 1.6749E-012
7903 1.6659E-012
7908 1.6664E-012
7913 1.6468E-012
7918 1.6450E-012
7922 1.6479E-012
7927 1.6490E-012
7932 1.6284E-012
7937 1.6186E-012
7942 1.6205E-012
7947 1.6153E-012
7952 1.6334E-012
7957 1.6430E-012
7961 1.6376E-012
7966 1.6377E-012
7971 1.6288E-012
7976 1.6406E-012
7981 1.6448E-012
7986 1.6422E-012
7991 1.6374E-012
7996 1.6260E-012
8001 1.6127E-012
8005 1.6150E-012
8010 1.6243E-012
8015 1.6157E-012
8020 1.6217E-012
8025 1.6084E-012
8030 1.6046E-012
8035 1.5890E-012
8040 1.5995E-012
8045 1.5948E-012
8049 1.5713E-012
8054 1.5805E-012
8059 1.5907E-012
8064 1.5967E-012
8069 1.5959E-012
8074 1.5822E-012
8079 1.5801E-012
8084 1.5764E-012
8088 1.5687E-012
8093 1.5713E-012
8098 1.5647E-012
8103 1.5755E-012
8108 1.5822E-012
8113 1.5809E-012
8118 1.5839E-012
8123 1.5865E-012
8128 1.5761E-012
8132 1.5827E-012
8137 1.5682E-012
8142 1.5679E-012
8147 1.5560E-012
8152 1.5625E-012
8157 1.5694E-012
8162 1.5738E-012
8167 1.5656E-012
8172 1.5556E-012
8176 1.5535E-012
8181 1.5410E-012
8186 1.5246E-012
8191 1.5112E-012
8196 1.4726E-012
8201 1.4376E-012
8206 1.5001E-012
8211 1.5207E-012
8215 1.5051E-012
8220 1.5110E-012
8225 1.5185E-012
8230 1.5282E-012
8235 1.5141E-012
8240 1.5150E-012
8245 1.5257E-012
8250 1.5188E-012
8255 1.5193E-012
8259 1.5181E-012
8264 1.5191E-012
8269 1.5199E-012
8274 1.5198E-012
8279 1.5149E-012
8284 1.5158E-012
8289 1.5115E-012
8294 1.5006E-012
8299 1.5011E-012
8303 1.5067E-012
8308 1.5004E-012
8313 1.4913E-012
8318 1.4981E-012
8323 1.4892E-012
8328 1.4701E-012
8333 1.4633E-012
8338 1.4608E-012
8342 1.4612E-012
8347 1.4611E-012
8352 1.4674E-012
8357 1.4799E-012
8362 1.4724E-012
8367 1.4656E-012
8372 1.4780E-012
8377 1.4829E-012
8382 1.4850E-012
8386 1.4851E-012
8391 1.4683E-012
8396 1.4766E-012
8401 1.4737E-012
8406 1.4696E-012
8411 1.4643E-012
8416 1.4643E-012
8421 1.4628E-012
8425 1.4609E-012
8430 1.4492E-012
8435 1.4480E-012
8440 1.4297E-012
8445 1.4265E-012
8450 1.4309E-012
8455 1.4429E-012
8460 1.4456E-012
8465 1.4525E-012
8469 1.4443E-012
8474 1.4410E-012
8479 1.4351E-012
8484 1.4204E-012
8489 1.4162E-012
8494 1.3964E-012
8499 1.3422E-012
8504 1.3411E-012
8509 1.3875E-012
8513 1.3907E-012
8518 1.3944E-012
8523 1.3882E-012
8528 1.3793E-012
8533 1.3553E-012
8538 1.3159E-012
8543 1.2625E-012
8548 1.2230E-012
8552 1.3302E-012
8557 1.3491E-012
8562 1.3711E-012
8567 1.3969E-012
8572 1.3982E-012
8577 1.3994E-012
8582 1.3949E-012
8587 1.3844E-012
8592 1.3895E-012
8596 1.3888E-012
8601 1.3843E-012
8606 1.3846E-012
8611 1.3949E-012
8616 1.3828E-012
8621 1.3910E-012
8626 1.3831E-012
8631 1.3770E-012
8635 1.3705E-012
8640 1.3697E-012
8645 1.3600E-012
8650 1.3331E-012
8655 1.3077E-012
8660 1.2493E-012
8665 1.2268E-012
8670 1.2557E-012
8675 1.3029E-012
8679 1.3207E-012
8684 1.3406E-012
8689 1.3434E-012
8694 1.3507E-012
8699 1.3518E-012
8704 1.3565E-012
8709 1.3548E-012
8714 1.3437E-012
8718 1.3468E-012
8723 1.3507E-012
8728 1.3453E-012
8733 1.3449E-012
8738 1.3408E-012
8743 1.3316E-012
8748 1.3314E-012
8753 1.3242E-012
8758 1.3289E-012
8762 1.3374E-012
8767 1.3305E-012
8772 1.3292E-012
8777 1.3273E-012
8782 1.3339E-012
8787 1.3270E-012
8792 1.3219E-012
8797 1.3171E-012
8801 1.3267E-012
8806 1.3128E-012
8811 1.3172E-012
8816 1.3245E-012
8821 1.3233E-012
8826 1.3200E-012
8831 1.3272E-012
8836 1.3269E-012
8841 1.3247E-012
8845 1.3318E-012
8850 1.3141E-012
8855 1.3000E-012
8860 1.2805E-012
8865 1.2751E-012
8870 1.2858E-012
8875 1.3036E-012
8880 1.3114E-012
8884 1.3161E-012
8889 1.3089E-012
8894 1.3002E-012
8899 1.2954E-012
8904 1.3001E-012
8909 1.3065E-012
8914 1.3061E-012
8919 1.3119E-012
8924 1.3103E-012
8928 1.2937E-012
8933 1.2888E-012
8938 1.2917E-012
8943 1.2826E-012
8948 1.2856E-012
8953 1.2929E-012
8958 1.3051E-012
8963 1.3019E-012
8967 1.2962E-012
8972 1.2814E-012
8977 1.2807E-012
8982 1.2833E-012
8987 1.2866E-012
8992 1.2889E-012
8997 1.2674E-012
9002 1.2595E-012
9007 1.2441E-012
9011 1.2261E-012
9016 1.2248E-012
9021 1.2362E-012
9026 1.2429E-012
9031 1.2562E-012
9036 1.2717E-012
9041 1.2629E-012
9046 1.2643E-012
9050 1.2598E-012
9055 1.2578E-012
9060 1.2578E-012
9065 1.2534E-012
9070 1.2604E-012
9075 1.2744E-012
9080 1.2556E-012
9085 1.2497E-012
9090 1.2307E-012
9094 1.2272E-012
9099 1.2353E-012
9104 1.2449E-012
9109 1.2384E-012
9114 1.2407E-012
9119 1.2367E-012
9124 1.2369E-012
9129 1.2372E-012
9133 1.2456E-012
9138 1.2468E-012
9143 1.2505E-012
9148 1.2515E-012
9153 1.2518E-012
9158 1.2623E-012
9163 1.2526E-012
9168 1.2390E-012
9172 1.2309E-012
9177 1.2289E-012
9182 1.2276E-012
9187 1.2369E-012
9192 1.2419E-012
9197 1.2305E-012
9202 1.2213E-012
9207 1.2117E-012
9212 1.1935E-012
9216 1.1697E-012
9221 1.1766E-012
9226 1.1704E-012
9231 1.1617E-012
9236 1.1754E-012
9241 1.1753E-012
9246 1.1745E-012
9251 1.1779E-012
9255 1.1751E-012
9260 1.1795E-012
9265 1.1833E-012
9270 1.1901E-012
9275 1.2000E-012
9280 1.1978E-012
9285 1.1990E-012
9290 1.2079E-012
9294 1.2029E-012
9299 1.2044E-012
9304 1.2087E-012
9309 1.2040E-012
9314 1.1928E-012
9319 1.1888E-012
9324 1.1927E-012
9329 1.1921E-012
9334 1.1889E-012
9338 1.1890E-012
9343 1.1788E-012
9348 1.1838E-012
9353 1.1813E-012
9358 1.1882E-012
9363 1.1813E-012
9368 1.1789E-012
9373 1.1781E-012
9377 1.1754E-012
9382 1.1751E-012
9387 1.1713E-012
9392 1.1814E-012
9397 1.1727E-012
9402 1.1604E-012
9407 1.1503E-012
9412 1.1431E-012
9416 1.1271E-012
9421 1.1305E-012
9426 1.1446E-012
9431 1.1462E-012
9436 1.1508E-012
9441 1.1510E-012
9446 1.1506E-012
9451 1.1502E-012
9455 1.1493E-012
9460 1.1468E-012
9465 1.1527E-012
9470 1.1604E-012
9475 1.1632E-012
9480 1.1646E-012
9485 1.1587E-012
9490 1.1525E-012
9495 1.1501E-012
9499 1.1447E-012
9504 1.1395E-012
9509 1.1406E-012
9514 1.1390E-012
9519 1.1322E-012
9524 1.1226E-012
9529 1.1253E-012
9534 1.1178E-012
9538 1.1024E-012
9543 1.0890E-012
9548 1.0730E-012
9553 1.0730E-012
9558 1.0873E-012
9563 1.1156E-012
9568 1.1200E-012
9573 1.1204E-012
9577 1.1149E-012
9582 1.1054E-012
9587 1.1217E-012
9592 1.1232E-012
9597 1.1175E-012
9602 1.1055E-012
9607 1.1009E-012
9612 1.1027E-012
9616 1.1209E-012
9621 1.1127E-012
9626 1.1048E-012
9631 1.1028E-012
9636 1.1080E-012
9641 1.1093E-012
9646 1.0999E-012
9651 1.1031E-012
9655 1.0929E-012
9660 1.0881E-012
9665 1.0962E-012
9670 1.0971E-012
9675 1.0927E-012
9680 1.0859E-012
9685 1.0893E-012
9690 1.0955E-012
9694 1.1033E-012
9699 1.1137E-012
9704 1.1083E-012
9709 1.0909E-012
9714 1.0920E-012
9719 1.0891E-012
9724 1.0830E-012
9729 1.0767E-012
9733 1.0837E-012
9738 1.0723E-012
9743 1.0693E-012
9748 1.0703E-012
9753 1.0767E-012
9758 1.0826E-012
9763 1.0692E-012
9768 1.0637E-012
9772 1.0630E-012
9777 1.0714E-012
9782 1.0763E-012
9787 1.0846E-012
9792 1.0778E-012
9797 1.0718E-012
9802 1.0673E-012
9807 1.0792E-012
9811 1.0717E-012
9816 1.0659E-012
9821 1.0566E-012
9826 1.0603E-012
9831 1.0598E-012
9836 1.0603E-012
9841 1.0536E-012
9846 1.0533E-012
9850 1.0572E-012
9855 1.0511E-012
9860 1.0543E-012
9865 1.0588E-012
9870 1.0435E-012
9875 1.0493E-012
9880 1.0761E-012
9885 1.0653E-012
9889 1.0580E-012
9894 1.0526E-012
9899 1.0594E-012
9904 1.0418E-012
9909 1.0420E-012
9914 1.0404E-012
9919 1.0355E-012
9924 1.0516E-012
9928 1.0455E-012
9933 1.0384E-012
9938 1.0349E-012
9943 1.0358E-012
9948 1.0374E-012
9953 1.0270E-012
9958 1.0293E-012
9963 1.0376E-012
9967 1.0334E-012
9972 1.0346E-012
9977 1.0300E-012
9982 1.0350E-012
9987 1.0179E-012
9992 1.0269E-012
9997 1.0281E-012
1E+004 1.0289E-012
1.001E+004 1.0406E-012
1.001E+004 1.0359E-012
1.002E+004 1.0419E-012
1.002E+004 1.0208E-012
1.003E+004 1.0165E-012
1.003E+004 1.0058E-012
1.004E+004 1.0004E-012
1.004E+004 9.8966E-013
1.005E+004 9.7252E-013
1.005E+004 9.5181E-013
1.006E+004 9.6639E-013
1.006E+004 9.8368E-013
1.006E+004 9.8281E-013
1.007E+004 9.7633E-013
1.007E+004 9.9447E-013
1.008E+004 9.8589E-013
1.008E+004 9.8897E-013
1.009E+004 9.9857E-013
1.009E+004 9.9783E-013
1.01E+004 9.9884E-013
1.01E+004 9.9690E-013
1.011E+004 9.9985E-013
1.011E+004 1.0037E-012
1.012E+004 9.9803E-013
1.013E+004 9.9491E-013
1.018E+004 9.7670E-013
1.023E+004 9.7166E-013
1.028E+004 9.6560E-013
1.033E+004 9.4883E-013
1.038E+004 9.3942E-013
1.043E+004 9.3141E-013
1.048E+004 9.1673E-013
1.053E+004 9.1164E-013
1.058E+004 8.9876E-013
1.063E+004 8.8846E-013
1.068E+004 8.6608E-013
1.073E+004 8.6247E-013
1.078E+004 8.5556E-013
1.083E+004 8.3796E-013
1.088E+004 8.3146E-013
1.093E+004 8.0321E-013
1.098E+004 8.0621E-013
1.103E+004 8.1187E-013
1.108E+004 8.0758E-013
1.113E+004 7.9710E-013
1.118E+004 7.8799E-013
1.123E+004 7.8210E-013
1.128E+004 7.6494E-013
1.133E+004 7.6087E-013
1.138E+004 7.5466E-013
1.143E+004 7.4228E-013
1.148E+004 7.4669E-013
1.153E+004 7.3857E-013
1.158E+004 7.2881E-013
1.163E+004 7.1253E-013
1.168E+004 7.0888E-013
1.173E+004 7.0976E-013
1.178E+004 6.9308E-013
1.183E+004 6.8716E-013
1.188E+004 6.7878E-013
1.193E+004 6.8343E-013
1.198E+004 6.6126E-013
1.203E+004 6.6274E-013
1.208E+004 6.5354E-013
1.213E+004 6.5315E-013
1.218E+004 6.5247E-013
1.223E+004 6.4532E-013
1.228E+004 6.3688E-013
1.233E+004 6.3192E-013
1.238E+004 6.2712E-013
1.243E+004 6.1859E-013
1.248E+004 6.1564E-013
1.253E+004 6.0801E-013
1.258E+004 6.0168E-013
1.263E+004 5.9587E-013
1.268E+004 5.8970E-013
1.273E+004 5.8725E-013
1.278E+004 5.7954E-013
1.283E+004 5.3737E-013
1.288E+004 5.6657E-013
1.293E+004 5.6346E-013
1.298E+004 5.6045E-013
1.303E+004 5.5268E-013
1.308E+004 5.5068E-013
1.313E+004 5.3977E-013
1.318E+004 5.3656E-013
1.323E+004 5.3569E-013
1.328E+004 5.2735E-013
1.333E+004 5.2372E-013
1.338E+004 5.1954E-013
1.343E+004 5.1623E-013
1.348E+004 5.1179E-013
1.353E+004 5.0622E-013
1.358E+004 4.9878E-013
1.363E+004 4.9665E-013
1.368E+004 4.9099E-013
1.373E+004 4.8716E-013
1.378E+004 4.8245E-013
1.383E+004 4.7946E-013
1.388E+004 4.7667E-013
1.393E+004 4.7242E-013
1.398E+004 4.6854E-013
1.403E+004 4.6068E-013
1.408E+004 4.6015E-013
1.413E+004 4.5217E-013
1.418E+004 4.5151E-013
1.423E+004 4.4265E-013
1.428E+004 4.3712E-013
1.433E+004 4.3782E-013
1.438E+004 4.3549E-013
1.443E+004 4.2362E-013
1.448E+004 4.2701E-013
1.453E+004 4.1938E-013
1.457E+004 4.1896E-013
1.462E+004 4.1545E-013
1.468E+004 4.1294E-013
1.473E+004 4.0489E-013
1.478E+004 4.0237E-013
1.483E+004 4.0080E-013
1.488E+004 3.9025E-013
1.493E+004 3.9776E-013
1.498E+004 3.9163E-013
1.503E+004 3.8001E-013
1.508E+004 3.7927E-013
1.513E+004 3.8288E-013
1.518E+004 3.8012E-013
1.523E+004 3.7488E-013
1.528E+004 3.7365E-013
1.533E+004 3.6931E-013
1.538E+004 3.6730E-013
1.543E+004 3.6353E-013
1.548E+004 3.6067E-013
1.553E+004 3.5664E-013
1.558E+004 3.5232E-013
1.563E+004 3.5191E-013
1.568E+004 3.4542E-013
1.573E+004 3.4250E-013
1.578E+004 3.3258E-013
1.583E+004 3.3604E-013
1.588E+004 3.2368E-013
1.593E+004 3.2801E-013
1.598E+004 3.2898E-013
1.605E+004 3.2369E-013
1.615E+004 3.1408E-013
1.625E+004 3.1618E-013
1.635E+004 3.0569E-013
1.645E+004 2.9583E-013
1.655E+004 2.9822E-013
1.665E+004 2.9267E-013
1.675E+004 2.8147E-013
1.685E+004 2.7136E-013
1.695E+004 2.7618E-013
1.705E+004 2.6841E-013
1.715E+004 2.6372E-013
1.725E+004 2.5613E-013
1.735E+004 2.4074E-013
1.745E+004 2.4499E-013
1.755E+004 2.4303E-013
1.765E+004 2.3812E-013
1.775E+004 2.3382E-013
1.785E+004 2.2959E-013
1.795E+004 2.2534E-013
1.805E+004 2.2011E-013
1.815E+004 2.0724E-013
1.825E+004 2.0914E-013
1.835E+004 2.0754E-013
1.845E+004 2.0232E-013
1.855E+004 1.9973E-013
1.865E+004 1.9398E-013
1.875E+004 1.8023E-013
1.885E+004 1.8697E-013
1.895E+004 1.8134E-013
1.905E+004 1.8193E-013
1.915E+004 1.7839E-013
1.925E+004 1.7458E-013
1.935E+004 1.7019E-013
1.945E+004 1.5908E-013
1.955E+004 1.6472E-013
1.965E+004 1.6191E-013
1.975E+004 1.5873E-013
1.985E+004 1.5646E-013
1.995E+004 1.5392E-013
2.005E+004 1.5183E-013
2.015E+004 1.4961E-013
2.025E+004 1.4578E-013
2.035E+004 1.4281E-013
2.045E+004 1.4175E-013
2.055E+004 1.3890E-013
2.065E+004 1.3574E-013
2.075E+004 1.3412E-013
2.085E+004 1.3168E-013
2.095E+004 1.2864E-013
2.105E+004 1.2753E-013
2.115E+004 1.2492E-013
2.125E+004 1.2268E-013
2.135E+004 1.2106E-013
2.145E+004 1.1915E-013
2.155E+004 1.1693E-013
2.165E+004 1.0917E-013
2.175E+004 1.1207E-013
2.185E+004 1.1063E-013
2.195E+004 1.0970E-013
2.205E+004 1.0690E-013
2.215E+004 1.0586E-013
2.225E+004 1.0409E-013
2.235E+004 1.0248E-013
2.245E+004 1.0067E-013
2.255E+004 9.8857E-014
2.265E+004 9.7287E-014
2.275E+004 9.6036E-014
2.285E+004 9.3986E-014
2.295E+004 9.2261E-014
2.305E+004 9.1373E-014
2.315E+004 8.9745E-014
2.325E+004 8.7606E-014
2.335E+004 8.6552E-014
2.345E+004 8.5799E-014
2.355E+004 8.3367E-014
2.365E+004 8.2838E-014
2.375E+004 8.1279E-014
2.385E+004 7.9266E-014
2.395E+004 7.8910E-014
2.405E+004 7.7920E-014
2.415E+004 7.5820E-014
2.425E+004 7.5245E-014
2.435E+004 7.4059E-014
2.445E+004 7.2859E-014
2.455E+004 7.1230E-014
2.465E+004 7.0905E-014
2.475E+004 6.9606E-014
2.485E+004 6.7976E-014
2.495E+004 6.7741E-014
2.505E+004 6.6889E-014
2.515E+004 6.5655E-014
2.525E+004 6.5050E-014
2.535E+004 6.4014E-014
2.545E+004 6.2737E-014
2.555E+004 6.1861E-014
2.565E+004 6.0959E-014
2.575E+004 6.0590E-014
2.585E+004 5.8920E-014
2.595E+004 5.8697E-014
2.605E+004 5.7979E-014
2.615E+004 5.6776E-014
2.625E+004 5.3452E-014
2.635E+004 5.5223E-014
2.645E+004 5.4399E-014
2.655E+004 5.3830E-014
2.665E+004 5.2625E-014
2.675E+004 5.2180E-014
2.685E+004 5.1952E-014
2.695E+004 5.1229E-014
2.705E+004 5.0558E-014
2.715E+004 4.9862E-014
2.725E+004 4.9163E-014
2.735E+004 4.8559E-014
2.745E+004 4.7921E-014
2.755E+004 4.6621E-014
2.765E+004 4.6280E-014
2.775E+004 4.5891E-014
2.785E+004 4.5356E-014
2.795E+004 4.4885E-014
2.805E+004 4.4227E-014
2.815E+004 4.3692E-014
2.825E+004 4.3079E-014
2.835E+004 4.2544E-014
2.845E+004 4.1897E-014
2.855E+004 4.1370E-014
2.865E+004 4.0666E-014
2.875E+004 3.9601E-014
2.885E+004 3.9746E-014
2.895E+004 3.9310E-014
2.905E+004 3.8808E-014
2.915E+004 3.8316E-014
2.925E+004 3.7690E-014
2.935E+004 3.7345E-014
2.945E+004 3.6780E-014
2.955E+004 3.6401E-014
2.965E+004 3.5980E-014
2.975E+004 3.5518E-014
2.985E+004 3.5047E-014
2.995E+004 3.4520E-014
3.005E+004 3.4173E-014
3.015E+004 3.3739E-014
3.025E+004 3.3287E-014
3.035E+004 3.2280E-014
3.045E+004 3.2159E-014
3.055E+004 3.2063E-014
3.065E+004 3.1627E-014
3.075E+004 3.1332E-014
3.085E+004 3.0878E-014
3.095E+004 3.0517E-014
3.105E+004 3.0208E-014
3.115E+004 2.9553E-014
3.125E+004 2.9448E-014
3.135E+004 2.9139E-014
3.145E+004 2.8755E-014
3.155E+004 2.8309E-014
3.165E+004 2.8010E-014
3.175E+004 2.7737E-014
3.185E+004 2.7426E-014
3.195E+004 2.7033E-014
3.21E+004 2.6574E-014
3.23E+004 2.6000E-014
3.25E+004 2.5359E-014
3.27E+004 2.4781E-014
3.29E+004 2.3831E-014
3.31E+004 2.3508E-014
3.33E+004 2.3056E-014
3.35E+004 2.2601E-014
3.37E+004 2.2044E-014
3.39E+004 2.1527E-014
3.41E+004 2.1014E-014
3.43E+004 2.0639E-014
3.45E+004 2.0239E-014
3.47E+004 1.9766E-014
3.49E+004 1.9346E-014
3.51E+004 1.8954E-014
3.53E+004 1.8503E-014
3.55E+004 1.8109E-014
3.57E+004 1.7724E-014
3.59E+004 1.7345E-014
3.61E+004 1.7021E-014
3.63E+004 1.6665E-014
3.65E+004 1.6224E-014
3.67E+004 1.5901E-014
3.69E+004 1.5448E-014
3.71E+004 1.5099E-014
3.73E+004 1.4833E-014
3.75E+004 1.4315E-014
3.77E+004 1.4300E-014
3.79E+004 1.4018E-014
3.81E+004 1.3757E-014
3.83E+004 1.3530E-014
3.85E+004 1.3289E-014
3.87E+004 1.2978E-014
3.89E+004 1.2718E-014
3.91E+004 1.2503E-014
3.93E+004 1.2269E-014
3.95E+004 1.1980E-014
3.97E+004 1.1774E-014
3.99E+004 1.1469E-014
4.01E+004 1.1274E-014
4.03E+004 1.1109E-014
4.05E+004 1.0703E-014
4.07E+004 1.0678E-014
4.09E+004 1.0489E-014
4.11E+004 1.0319E-014
4.13E+004 1.0140E-014
4.15E+004 9.9222E-015
4.17E+004 9.7312E-015
4.19E+004 9.5578E-015
4.21E+004 9.3349E-015
4.23E+004 9.2168E-015
4.25E+004 9.0356E-015
4.27E+004 8.8850E-015
4.29E+004 8.6739E-015
4.31E+004 8.4777E-015
4.33E+004 8.3423E-015
4.35E+004 8.1317E-015
4.37E+004 7.9423E-015
4.39E+004 7.8509E-015
4.41E+004 7.6425E-015
4.43E+004 7.5408E-015
4.45E+004 7.4206E-015
4.47E+004 7.2403E-015
4.49E+004 7.1555E-015
4.51E+004 7.0291E-015
4.53E+004 6.8737E-015
4.55E+004 6.7851E-015
4.57E+004 6.6834E-015
4.59E+004 6.5345E-015
4.61E+004 6.4556E-015
4.63E+004 6.3455E-015
4.65E+004 6.1824E-015
4.67E+004 6.1199E-015
4.69E+004 6.0583E-015
4.71E+004 5.9615E-015
4.73E+004 5.8834E-015
4.75E+004 5.7830E-015
4.77E+004 5.6885E-015
4.79E+004 5.6046E-015
4.81E+004 5.5035E-015
4.83E+004 5.4357E-015
4.85E+004 5.3429E-015
4.87E+004 5.2587E-015
4.89E+004 5.1794E-015
4.91E+004 5.1009E-015
4.93E+004 5.0209E-015
4.95E+004 4.9411E-015
4.97E+004 4.8654E-015
4.99E+004 4.8005E-015
5.01E+004 4.7157E-015
5.03E+004 4.6556E-015
5.05E+004 4.5724E-015
5.07E+004 4.5090E-015
5.09E+004 4.4476E-015
5.11E+004 4.3712E-015
5.13E+004 4.2857E-015
5.15E+004 4.2470E-015
5.17E+004 4.1950E-015
5.19E+004 4.1241E-015
5.21E+004 4.0606E-015
5.23E+004 4.0014E-015
5.25E+004 3.9496E-015
5.27E+004 3.8964E-015
5.29E+004 3.8295E-015
5.31E+004 3.7815E-015
5.33E+004 3.7244E-015
5.35E+004 3.6742E-015
5.37E+004 3.6185E-015
5.39E+004 3.5713E-015
5.41E+004 3.5224E-015
5.43E+004 3.4642E-015
5.45E+004 3.4245E-015
5.47E+004 3.3722E-015
5.49E+004 3.3257E-015
5.51E+004 3.2842E-015
5.53E+004 3.2413E-015
5.55E+004 3.1909E-015
5.57E+004 3.1547E-015
5.59E+004 3.1013E-015
5.61E+004 3.0649E-015
5.63E+004 3.0216E-015
5.65E+004 2.9865E-015
5.67E+004 2.9466E-015
5.69E+004 2.9016E-015
5.71E+004 2.8665E-015
5.73E+004 2.8294E-015
5.75E+004 2.7911E-015
5.77E+004 2.7537E-015
5.79E+004 2.7182E-015
5.81E+004 2.6816E-015
5.83E+004 2.6474E-015
5.85E+004 2.6140E-015
5.87E+004 2.5775E-015
5.89E+004 2.5407E-015
5.91E+004 2.4956E-015
5.93E+004 2.4794E-015
5.95E+004 2.4405E-015
5.97E+004 2.4162E-015
5.99E+004 2.3857E-015
6.01E+004 2.3539E-015
6.03E+004 2.3255E-015
6.05E+004 2.2957E-015
6.07E+004 2.2656E-015
6.09E+004 2.2360E-015
6.11E+004 2.2049E-015
6.13E+004 2.1813E-015
6.15E+004 2.1549E-015
6.17E+004 2.1278E-015
6.19E+004 2.1016E-015
6.21E+004 2.0757E-015
6.23E+004 2.0453E-015
6.25E+004 2.0223E-015
6.27E+004 1.9977E-015
6.29E+004 1.9719E-015
6.31E+004 1.9473E-015
6.33E+004 1.9273E-015
6.35E+004 1.9032E-015
6.37E+004 1.8798E-015
6.39E+004 1.8567E-015
6.42E+004 1.8240E-015
6.46E+004 1.7792E-015
6.5E+004 1.7365E-015
6.54E+004 1.6971E-015
6.58E+004 1.6574E-015
6.62E+004 1.6182E-015
6.66E+004 1.5811E-015
6.7E+004 1.5441E-015
6.74E+004 1.5081E-015
6.78E+004 1.4729E-015
6.82E+004 1.4409E-015
6.86E+004 1.4084E-015
6.9E+004 1.3767E-015
6.94E+004 1.3455E-015
6.98E+004 1.3162E-015
7.02E+004 1.2839E-015
7.06E+004 1.2584E-015
7.1E+004 1.2314E-015
7.14E+004 1.2047E-015
7.18E+004 1.1784E-015
7.22E+004 1.1524E-015
7.26E+004 1.1277E-015
7.3E+004 1.1050E-015
7.34E+004 1.0797E-015
7.38E+004 1.0587E-015
7.42E+004 1.0349E-015
7.46E+004 1.0044E-015
7.5E+004 9.8684E-016
7.54E+004 9.7221E-016
7.58E+004 9.5299E-016
7.62E+004 9.3352E-016
7.66E+004 9.1491E-016
7.7E+004 8.9510E-016
7.74E+004 8.7827E-016
7.78E+004 8.6088E-016
7.82E+004 8.4373E-016
7.86E+004 8.2708E-016
7.9E+004 8.1065E-016
7.94E+004 7.9453E-016
7.98E+004 7.7932E-016
8.02E+004 7.6329E-016
8.06E+004 7.4800E-016
8.1E+004 7.3480E-016
8.14E+004 7.1902E-016
8.18E+004 7.0575E-016
8.22E+004 6.9347E-016
8.26E+004 6.8013E-016
8.3E+004 6.6752E-016
8.34E+004 6.5381E-016
8.38E+004 6.4227E-016
8.42E+004 6.3079E-016
8.46E+004 6.1917E-016
8.5E+004 6.0782E-016
8.54E+004 5.9668E-016
8.58E+004 5.8573E-016
8.62E+004 5.7502E-016
8.66E+004 5.6478E-016
8.7E+004 5.5485E-016
8.74E+004 5.4411E-016
8.78E+004 5.3431E-016
8.82E+004 5.2479E-016
8.86E+004 5.1503E-016
8.9E+004 5.0649E-016
8.94E+004 4.9793E-016
8.98E+004 4.8850E-016
9.02E+004 4.8073E-016
9.06E+004 4.7280E-016
9.1E+004 4.6368E-016
9.14E+004 4.5614E-016
9.18E+004 4.4879E-016
9.22E+004 4.4146E-016
9.26E+004 4.3385E-016
9.3E+004 4.2663E-016
9.34E+004 4.1932E-016
9.38E+004 4.1221E-016
9.42E+004 4.0554E-016
9.46E+004 3.9881E-016
9.5E+004 3.9205E-016
9.54E+004 3.8557E-016
9.58E+004 3.7957E-016
9.62E+004 3.7295E-016
9.66E+004 3.6729E-016
9.7E+004 3.6133E-016
9.74E+004 3.5450E-016
9.78E+004 3.4940E-016
9.82E+004 3.4409E-016
9.86E+004 3.3878E-016
9.9E+004 3.3352E-016
9.94E+004 3.2803E-016
9.98E+004 3.2281E-016
1.002E+005 3.1835E-016
1.005E+005 3.1366E-016
1.01E+005 3.0811E-016
1.015E+005 3.0226E-016
1.02E+005 2.9644E-016
1.025E+005 2.9075E-016
1.03E+005 2.8523E-016
1.035E+005 2.7987E-016
1.04E+005 2.7463E-016
1.045E+005 2.6948E-016
1.05E+005 2.6420E-016
1.055E+005 2.5951E-016
1.06E+005 2.5471E-016
1.065E+005 2.4999E-016
1.07E+005 2.4542E-016
1.075E+005 2.4101E-016
1.08E+005 2.3655E-016
1.085E+005 2.3227E-016
1.09E+005 2.2807E-016
1.095E+005 2.2407E-016
1.1E+005 2.2004E-016
1.105E+005 2.1613E-016
1.11E+005 2.1232E-016
1.115E+005 2.0865E-016
1.12E+005 2.0493E-016
1.125E+005 2.0142E-016
1.13E+005 1.9758E-016
1.135E+005 1.9445E-016
1.14E+005 1.9113E-016
1.145E+005 1.8784E-016
1.15E+005 1.8469E-016
1.155E+005 1.8145E-016
1.16E+005 1.7845E-016
1.165E+005 1.7544E-016
1.17E+005 1.7253E-016
1.175E+005 1.6962E-016
1.18E+005 1.6681E-016
1.185E+005 1.6404E-016
1.19E+005 1.6130E-016
1.195E+005 1.5867E-016
1.2E+005 1.5605E-016
1.205E+005 1.5354E-016
1.21E+005 1.5106E-016
1.215E+005 1.4862E-016
1.22E+005 1.4621E-016
1.225E+005 1.4388E-016
1.23E+005 1.4154E-016
1.235E+005 1.3924E-016
1.24E+005 1.3702E-016
1.245E+005 1.3489E-016
1.25E+005 1.3281E-016
1.255E+005 1.3075E-016
1.26E+005 1.2869E-016
1.265E+005 1.2668E-016
1.27E+005 1.2474E-016
1.275E+005 1.2282E-016
1.28E+005 1.2087E-016
1.285E+005 1.1907E-016
1.29E+005 1.1723E-016
1.295E+005 1.1547E-016
1.3E+005 1.1374E-016
1.305E+005 1.1201E-016
1.31E+005 1.1034E-016
1.315E+005 1.0868E-016
1.32E+005 1.0706E-016
1.325E+005 1.0546E-016
1.33E+005 1.0390E-016
1.335E+005 1.0236E-016
1.34E+005 1.0087E-016
1.345E+005 9.9399E-017
1.35E+005 9.7948E-017
1.355E+005 9.6510E-017
1.36E+005 9.5126E-017
1.365E+005 9.3749E-017
1.37E+005 9.2391E-017
1.375E+005 9.1081E-017
1.38E+005 8.9784E-017
1.385E+005 8.8501E-017
1.39E+005 8.7250E-017
1.395E+005 8.6011E-017
1.4E+005 8.4805E-017
1.405E+005 8.3599E-017
1.41E+005 8.2440E-017
1.415E+005 8.1287E-017
1.42E+005 8.0140E-017
1.425E+005 7.9050E-017
1.43E+005 7.7962E-017
1.435E+005 7.6896E-017
1.44E+005 7.5839E-017
1.445E+005 7.4805E-017
1.45E+005 7.3796E-017
1.455E+005 7.2783E-017
1.46E+005 7.1805E-017
1.465E+005 7.0831E-017
1.47E+005 6.9886E-017
1.475E+005 6.8937E-017
1.48E+005 6.8023E-017
1.485E+005 6.7123E-017
1.49E+005 6.6234E-017
1.495E+005 6.5347E-017
1.5E+005 6.4486E-017
1.505E+005 6.3662E-017
1.51E+005 6.2824E-017
1.515E+005 6.2010E-017
1.52E+005 6.1206E-017
1.525E+005 6.0409E-017
1.53E+005 5.9632E-017
1.535E+005 5.8864E-017
1.54E+005 5.8110E-017
1.545E+005 5.7364E-017
1.55E+005 5.6637E-017
1.555E+005 5.5914E-017
1.56E+005 5.5206E-017
1.565E+005 5.4509E-017
1.57E+005 5.3827E-017
1.575E+005 5.3147E-017
1.58E+005 5.2483E-017
1.585E+005 5.1831E-017
1.59E+005 5.1191E-017
1.595E+005 5.0553E-017
1.6E+005 4.9926E-017
1.605E+005 4.9303E-017
1.61E+005 4.8708E-017
1.615E+005 4.8107E-017
1.62E+005 4.7463E-017
1.625E+005 4.6940E-017
1.63E+005 4.6381E-017
1.635E+005 4.5819E-017
1.64E+005 4.5263E-017
1.645E+005 4.4715E-017
1.65E+005 4.4180E-017
1.655E+005 4.3659E-017
1.66E+005 4.3137E-017
1.665E+005 4.2625E-017
1.67E+005 4.2121E-017
1.675E+005 4.1624E-017
1.68E+005 4.1129E-017
1.685E+005 4.0639E-017
1.69E+005 4.0151E-017
1.695E+005 3.9705E-017
1.7E+005 3.9245E-017
1.705E+005 3.8791E-017
1.71E+005 3.8339E-017
1.715E+005 3.7895E-017
1.72E+005 3.7458E-017
1.725E+005 3.7028E-017
1.73E+005 3.6603E-017
1.735E+005 3.6192E-017
1.74E+005 3.5780E-017
1.745E+005 3.5374E-017
1.75E+005 3.4974E-017
1.755E+005 3.4578E-017
1.76E+005 3.4189E-017
1.765E+005 3.3801E-017
1.77E+005 3.3424E-017
1.775E+005 3.3053E-017
1.78E+005 3.2688E-017
1.785E+005 3.2326E-017
1.79E+005 3.1969E-017
1.795E+005 3.1616E-017
1.8E+005 3.1268E-017
1.805E+005 3.0925E-017
1.81E+005 3.0588E-017
1.815E+005 3.0254E-017
1.82E+005 2.9924E-017
1.825E+005 2.9597E-017
1.83E+005 2.9263E-017
1.835E+005 2.8961E-017
1.84E+005 2.8650E-017
1.845E+005 2.8344E-017
1.85E+005 2.8040E-017
1.855E+005 2.7742E-017
1.86E+005 2.7441E-017
1.865E+005 2.7153E-017
1.87E+005 2.6866E-017
1.875E+005 2.6576E-017
1.88E+005 2.6303E-017
1.885E+005 2.6026E-017
1.89E+005 2.5754E-017
1.895E+005 2.5484E-017
1.9E+005 2.5214E-017
1.905E+005 2.4844E-017
1.91E+005 2.4688E-017
1.915E+005 2.4442E-017
1.92E+005 2.4190E-017
1.925E+005 2.3941E-017
1.93E+005 2.3695E-017
1.935E+005 2.3452E-017
1.94E+005 2.3212E-017
1.945E+005 2.2975E-017
1.95E+005 2.2742E-017
1.955E+005 2.2512E-017
1.96E+005 2.2283E-017
1.965E+005 2.2060E-017
1.97E+005 2.1837E-017
1.975E+005 2.1618E-017
1.98E+005 2.1402E-017
1.985E+005 2.1189E-017
1.99E+005 2.0977E-017
1.995E+005 2.0769E-017
2E+005 2.0512E-017
2.01E+005 2.0159E-017
2.02E+005 1.9765E-017
2.03E+005 1.9380E-017
2.04E+005 1.9005E-017
2.05E+005 1.8638E-017
2.06E+005 1.8281E-017
2.07E+005 1.7933E-017
2.08E+005 1.7591E-017
2.09E+005 1.7258E-017
2.1E+005 1.6933E-017
2.11E+005 1.6616E-017
2.12E+005 1.6306E-017
2.13E+005 1.6003E-017
2.14E+005 1.5708E-017
2.15E+005 1.5419E-017
2.16E+005 1.5136E-017
2.17E+005 1.4860E-017
2.18E+005 1.4591E-017
2.19E+005 1.4326E-017
2.2E+005 1.4070E-017
2.21E+005 1.3818E-017
2.22E+005 1.3572E-017
2.23E+005 1.3321E-017
2.24E+005 1.3093E-017
2.25E+005 1.2865E-017
2.26E+005 1.2639E-017
2.27E+005 1.2419E-017
2.28E+005 1.2203E-017
2.29E+005 1.1993E-017
2.3E+005 1.1786E-017
2.31E+005 1.1584E-017
2.32E+005 1.1386E-017
2.33E+005 1.1193E-017
2.34E+005 1.1003E-017
2.35E+005 1.0818E-017
2.36E+005 1.0637E-017
2.37E+005 1.0458E-017
2.38E+005 1.0284E-017
2.39E+005 1.0112E-017
2.4E+005 9.9471E-018
2.41E+005 9.7837E-018
2.42E+005 9.6230E-018
2.43E+005 9.4663E-018
2.44E+005 9.3122E-018
2.45E+005 9.1614E-018
2.46E+005 9.0149E-018
2.47E+005 8.8704E-018
2.48E+005 8.7274E-018
2.49E+005 8.5881E-018
2.5E+005 8.4522E-018
2.51E+005 8.3192E-018
2.52E+005 8.1879E-018
2.53E+005 8.0599E-018
2.54E+005 7.9338E-018
2.55E+005 7.8104E-018
2.56E+005 7.6893E-018
2.57E+005 7.5705E-018
2.58E+005 7.4542E-018
2.59E+005 7.3396E-018
2.6E+005 7.2283E-018
2.61E+005 7.1188E-018
2.62E+005 7.0098E-018
2.63E+005 6.9046E-018
2.64E+005 6.8014E-018
2.65E+005 6.6989E-018
2.66E+005 6.5992E-018
2.67E+005 6.5008E-018
2.68E+005 6.4046E-018
2.69E+005 6.3103E-018
2.7E+005 6.2178E-018
2.71E+005 6.1260E-018
2.72E+005 6.0369E-018
2.73E+005 5.9490E-018
2.74E+005 5.8628E-018
2.75E+005 5.7780E-018
2.76E+005 5.6949E-018
2.77E+005 5.6134E-018
2.78E+005 5.5217E-018
2.79E+005 5.4550E-018
2.8E+005 5.3785E-018
2.81E+005 5.3022E-018
2.82E+005 5.2263E-018
2.83E+005 5.1530E-018
2.84E+005 5.0806E-018
2.85E+005 5.0096E-018
2.86E+005 4.9406E-018
2.87E+005 4.8721E-018
2.88E+005 4.8043E-018
2.89E+005 4.7382E-018
2.9E+005 4.6737E-018
2.91E+005 4.6100E-018
2.92E+005 4.5472E-018
2.93E+005 4.4856E-018
2.94E+005 4.4249E-018
2.95E+005 4.3651E-018
2.96E+005 4.3065E-018
2.97E+005 4.2491E-018
2.98E+005 4.1907E-018
2.99E+005 4.1353E-018
3E+005 4.0818E-018
3.01E+005 4.0281E-018
3.02E+005 3.9746E-018
3.03E+005 3.9231E-018
3.04E+005 3.8716E-018
3.05E+005 3.8210E-018
3.06E+005 3.7710E-018
3.07E+005 3.7222E-018
3.08E+005 3.6743E-018
3.09E+005 3.6281E-018
3.1E+005 3.5813E-018
3.11E+005 3.5347E-018
3.12E+005 3.4897E-018
3.13E+005 3.4453E-018
3.14E+005 3.4016E-018
3.15E+005 3.3586E-018
3.16E+005 3.3164E-018
3.17E+005 3.2748E-018
3.18E+005 3.2338E-018
3.19E+005 3.1934E-018
3.2E+005 3.1537E-018
3.21E+005 3.1147E-018
3.22E+005 3.0760E-018
3.23E+005 3.0382E-018
3.24E+005 3.0009E-018
3.25E+005 2.9642E-018
3.26E+005 2.9280E-018
3.27E+005 2.8923E-018
3.28E+005 2.8573E-018
3.29E+005 2.8227E-018
3.3E+005 2.7886E-018
3.31E+005 2.7550E-018
3.32E+005 2.7220E-018
3.33E+005 2.6894E-018
3.34E+005 2.6576E-018
3.35E+005 2.6258E-018
3.36E+005 2.5948E-018
3.37E+005 2.5641E-018
3.38E+005 2.5339E-018
3.39E+005 2.5042E-018
3.4E+005 2.4748E-018
3.41E+005 2.4459E-018
3.42E+005 2.4174E-018
3.43E+005 2.3893E-018
3.44E+005 2.3617E-018
3.45E+005 2.3344E-018
3.46E+005 2.3075E-018
3.47E+005 2.2810E-018
3.48E+005 2.2550E-018
3.49E+005 2.2293E-018
3.5E+005 2.2038E-018
3.51E+005 2.1788E-018
3.52E+005 2.1542E-018
3.53E+005 2.1299E-018
3.54E+005 2.1058E-018
3.55E+005 2.0822E-018
3.56E+005 2.0589E-018
3.57E+005 2.0359E-018
3.58E+005 2.0133E-018
3.59E+005 1.9909E-018
3.6E+005 1.9687E-018
3.61E+005 1.9471E-018
3.62E+005 1.9257E-018
3.63E+005 1.9045E-018
3.64E+005 1.8836E-018
3.65E+005 1.8629E-018
3.66E+005 1.8428E-018
3.67E+005 1.8228E-018
3.68E+005 1.8031E-018
3.69E+005 1.7837E-018
3.7E+005 1.7644E-018
3.71E+005 1.7453E-018
3.72E+005 1.7266E-018
3.73E+005 1.7082E-018
3.74E+005 1.6900E-018
3.75E+005 1.6720E-018
3.76E+005 1.6543E-018
3.77E+005 1.6368E-018
3.78E+005 1.6195E-018
3.79E+005 1.6025E-018
3.8E+005 1.5856E-018
3.81E+005 1.5691E-018
3.82E+005 1.5527E-018
3.83E+005 1.5365E-018
3.84E+005 1.5206E-018
3.85E+005 1.5048E-018
3.86E+005 1.4892E-018
3.87E+005 1.4739E-018
3.88E+005 1.4579E-018
3.89E+005 1.4414E-018
3.9E+005 1.4291E-018
3.91E+005 1.4145E-018
3.92E+005 1.4000E-018
3.93E+005 1.3858E-018
3.94E+005 1.3718E-018
3.95E+005 1.3580E-018
3.96E+005 1.3442E-018
3.97E+005 1.3307E-018
3.98E+005 1.3174E-018
3.99E+005 1.3042E-018
