1149 9.0059E-011
1149 9.0059E-011
1150 9.3270E-011
1151 9.0224E-011
1152 8.6799E-011
1153 8.5924E-011
1155 8.5549E-011
1156 8.9524E-011
1157 9.3481E-011
1158 9.1754E-011
1159 9.1972E-011
1160 9.2735E-011
1162 9.5787E-011
1163 9.5456E-011
1164 9.4386E-011
1165 9.2136E-011
1166 9.0115E-011
1168 8.9552E-011
1169 8.9259E-011
1170 8.7849E-011
1171 8.2581E-011
1172 7.5943E-011
1173 6.9915E-011
1175 6.6631E-011
1176 6.8943E-011
1177 7.5189E-011
1178 8.1907E-011
1179 8.7810E-011
1181 9.1933E-011
1182 9.5382E-011
1183 9.5696E-011
1184 9.4328E-011
1185 9.1367E-011
1186 8.7623E-011
1188 8.3369E-011
1189 7.8894E-011
1190 7.4352E-011
1191 7.1700E-011
1192 6.8367E-011
1194 6.5037E-011
1195 6.3333E-011
1196 6.2482E-011
1197 6.2351E-011
1198 6.1925E-011
1199 5.7252E-011
1201 5.0338E-011
1202 4.3760E-011
1203 3.5333E-011
1204 2.7237E-011
1205 1.9511E-011
1207 1.4800E-011
1208 1.3109E-011
1209 1.2580E-011
1210 1.1338E-011
1211 9.6153E-012
1212 8.3974E-012
1214 7.5708E-012
1215 7.3228E-012
1216 7.9931E-012
1217 9.7161E-012
1218 1.2035E-011
1219 1.7149E-011
1221 2.3993E-011
1222 3.1433E-011
1223 3.9557E-011
1224 4.7254E-011
1225 5.3117E-011
1227 5.7167E-011
1228 6.0509E-011
1229 6.5223E-011
1230 6.9433E-011
1231 7.3339E-011
1232 7.7165E-011
1234 8.0066E-011
1235 8.3872E-011
1236 8.9204E-011
1237 9.3770E-011
1238 9.6193E-011
1240 1.0015E-010
1241 1.0264E-010
1242 1.0223E-010
1243 1.0182E-010
1244 9.9186E-011
1245 9.6610E-011
1247 9.4850E-011
1248 9.4135E-011
1249 9.4312E-011
1250 9.4854E-011
1251 9.6528E-011
1253 9.9946E-011
1254 1.0183E-010
1255 1.0138E-010
1256 9.9565E-011
1257 9.3627E-011
1258 8.6478E-011
1260 8.2539E-011
1261 8.3818E-011
1262 8.4112E-011
1263 8.4180E-011
1264 8.5762E-011
1265 8.8722E-011
1267 9.4539E-011
1268 1.0037E-010
1269 1.0183E-010
1270 1.0318E-010
1271 1.0249E-010
1273 1.0062E-010
1274 9.9345E-011
1275 9.7968E-011
1276 9.4969E-011
1277 9.5782E-011
1278 9.8703E-011
1280 1.0297E-010
1281 1.0452E-010
1282 1.0529E-010
1283 1.0529E-010
1284 1.0453E-010
1286 1.0406E-010
1287 1.0272E-010
1288 1.0159E-010
1289 1.0076E-010
1290 9.8084E-011
1291 9.3489E-011
1293 8.8195E-011
1294 8.2694E-011
1295 7.8942E-011
1296 7.5271E-011
1297 7.2800E-011
1299 7.0964E-011
1300 6.8784E-011
1301 6.7695E-011
1302 6.6317E-011
1303 6.6294E-011
1304 6.7453E-011
1306 7.0745E-011
1307 7.5825E-011
1308 7.8438E-011
1309 8.0457E-011
1310 8.6690E-011
1312 9.3746E-011
1313 1.0005E-010
1314 1.0337E-010
1315 1.0481E-010
1316 1.0645E-010
1317 1.0680E-010
1319 1.0695E-010
1320 1.0581E-010
1321 1.0347E-010
1322 1.0062E-010
1323 9.7604E-011
1324 9.6278E-011
1326 9.6079E-011
1327 9.5477E-011
1328 9.4337E-011
1329 9.3213E-011
1330 9.2312E-011
1332 8.6771E-011
1333 7.8819E-011
1334 7.0595E-011
1335 6.9081E-011
1336 7.6622E-011
1337 8.8323E-011
1339 9.6664E-011
1340 9.9488E-011
1341 9.9101E-011
1342 9.8696E-011
1343 9.9355E-011
1345 9.9250E-011
1346 1.0013E-010
1347 1.0068E-010
1348 1.0177E-010
1349 1.0065E-010
1350 9.9559E-011
1352 9.9765E-011
1353 9.9905E-011
1354 1.0036E-010
1355 1.0173E-010
1356 1.0224E-010
1358 1.0175E-010
1359 1.0112E-010
1360 9.8348E-011
1361 9.5936E-011
1362 9.4907E-011
1363 9.3234E-011
1365 9.2736E-011
1366 9.3808E-011
1367 9.3394E-011
1368 9.2580E-011
1369 9.3898E-011
1370 9.4980E-011
1372 9.5246E-011
1373 9.5371E-011
1374 9.4046E-011
1375 9.3180E-011
1376 9.3100E-011
1378 9.1986E-011
1379 9.0726E-011
1380 9.0286E-011
1381 9.1443E-011
1382 9.1304E-011
1383 8.9631E-011
1385 9.0258E-011
1386 9.1091E-011
1387 9.0784E-011
1388 8.9937E-011
1389 8.7687E-011
1391 8.4253E-011
1392 7.9553E-011
1393 7.6824E-011
1394 7.6815E-011
1395 7.9722E-011
1396 8.2410E-011
1398 8.4391E-011
1399 8.6980E-011
1400 8.5999E-011
1401 8.3709E-011
1402 8.1357E-011
1404 8.1983E-011
1405 8.5202E-011
1406 8.8905E-011
1407 8.8011E-011
1408 8.5723E-011
1409 8.5363E-011
1411 8.5675E-011
1412 8.5751E-011
1413 8.5689E-011
1414 8.4544E-011
1415 8.3015E-011
1416 8.2794E-011
1418 8.3125E-011
1419 8.4743E-011
1420 8.4931E-011
1421 8.5738E-011
1422 8.6808E-011
1424 8.7182E-011
1425 8.7317E-011
1426 8.8524E-011
1427 8.8959E-011
1428 8.7994E-011
1429 8.8008E-011
1431 8.7829E-011
1432 8.6615E-011
1433 8.7500E-011
1434 8.7101E-011
1435 8.6439E-011
1437 8.7847E-011
1438 8.8508E-011
1439 8.8909E-011
1440 9.0259E-011
1441 9.0218E-011
1442 9.0292E-011
1444 9.0020E-011
1445 8.9053E-011
1446 8.8718E-011
1447 8.9677E-011
1448 9.0420E-011
1450 9.0394E-011
1451 9.0807E-011
1452 9.0293E-011
1453 8.9156E-011
1454 8.8126E-011
1455 8.8064E-011
1457 8.8599E-011
1458 8.9260E-011
1459 8.8858E-011
1460 8.8911E-011
1461 8.8936E-011
1463 8.7347E-011
1464 8.5405E-011
1465 8.4201E-011
1466 8.4130E-011
1467 8.3380E-011
1468 8.3482E-011
1470 8.3998E-011
1471 8.3949E-011
1472 8.3734E-011
1473 8.3147E-011
1474 8.2359E-011
1475 8.1491E-011
1477 8.1796E-011
1478 8.3293E-011
1479 8.3021E-011
1480 8.3037E-011
1481 8.2420E-011
1483 8.0473E-011
1484 7.8515E-011
1485 7.7954E-011
1486 7.9654E-011
1487 8.2280E-011
1488 8.3385E-011
1490 8.3541E-011
1491 8.2539E-011
1492 8.0988E-011
1493 7.9006E-011
1494 7.8109E-011
1496 7.8886E-011
1497 8.0087E-011
1498 7.9604E-011
1499 7.8392E-011
1500 7.7015E-011
1501 7.6278E-011
1503 7.6029E-011
1504 7.6022E-011
1505 7.6390E-011
1506 7.6877E-011
1507 7.6885E-011
1509 7.5819E-011
1510 7.4699E-011
1511 7.3004E-011
1512 7.2206E-011
1513 7.1464E-011
1514 7.1112E-011
1516 7.1245E-011
1517 7.1623E-011
1518 7.2907E-011
1519 7.5132E-011
1520 7.6276E-011
1521 7.6938E-011
1523 7.7215E-011
1524 7.5045E-011
1525 7.1980E-011
1526 6.9274E-011
1527 6.8032E-011
1529 6.8723E-011
1530 6.9812E-011
1531 6.9027E-011
1532 6.7951E-011
1533 6.7853E-011
1534 6.8433E-011
1536 6.9339E-011
1537 6.9161E-011
1538 6.9086E-011
1539 6.9898E-011
1540 7.0733E-011
1542 7.0672E-011
1543 7.1141E-011
1544 7.1077E-011
1545 6.9307E-011
1546 6.8664E-011
1547 6.8796E-011
1549 6.8107E-011
1550 6.7491E-011
1551 6.7853E-011
1552 6.9514E-011
1553 7.0418E-011
1555 7.0875E-011
1556 7.0671E-011
1557 7.0551E-011
1558 6.9899E-011
1559 6.8224E-011
1560 6.7092E-011
1562 6.7335E-011
1563 6.7546E-011
1564 6.8047E-011
1565 6.9273E-011
1566 7.0821E-011
1568 7.1645E-011
1569 6.9984E-011
1570 6.9253E-011
1571 7.0082E-011
1572 6.9973E-011
1573 6.9984E-011
1575 7.0240E-011
1576 7.0073E-011
1577 7.0508E-011
1578 7.0250E-011
1579 6.8999E-011
1580 6.8818E-011
1582 6.9789E-011
1583 7.0839E-011
1584 7.1647E-011
1585 7.2059E-011
1586 7.2210E-011
1588 7.2172E-011
1589 7.2020E-011
1590 7.1721E-011
1591 7.1097E-011
1592 6.9953E-011
1593 6.9297E-011
1595 6.8872E-011
1596 6.8646E-011
1597 6.9316E-011
1598 6.9535E-011
1599 6.9280E-011
1601 6.8955E-011
1602 6.7227E-011
1603 6.6363E-011
1604 6.6574E-011
1605 6.6330E-011
1606 6.6257E-011
1608 6.6188E-011
1609 6.5868E-011
1610 6.5594E-011
1611 6.6019E-011
1612 6.7013E-011
1614 6.8635E-011
1615 7.0427E-011
1616 7.1879E-011
1617 7.1841E-011
1618 7.1854E-011
1619 7.1454E-011
1621 7.1327E-011
1622 7.0839E-011
1623 7.0464E-011
1624 7.1094E-011
1625 7.1713E-011
1626 7.1700E-011
1628 7.1475E-011
1629 7.0976E-011
1630 7.0305E-011
1631 6.9896E-011
1632 7.0091E-011
1634 7.0596E-011
1635 7.1070E-011
1636 7.0637E-011
1637 7.0209E-011
1638 7.0858E-011
1639 7.0249E-011
1641 6.9409E-011
1642 6.9464E-011
1643 6.9539E-011
1644 7.0125E-011
1645 7.1228E-011
1647 7.1571E-011
1648 7.0871E-011
1649 7.0273E-011
1650 6.9861E-011
1651 6.9151E-011
1652 6.9017E-011
1654 6.8399E-011
1655 6.7149E-011
1656 6.6637E-011
1657 6.6583E-011
1658 6.6924E-011
1660 6.7770E-011
1661 6.8042E-011
1662 6.8205E-011
1663 6.8251E-011
1664 6.8970E-011
1665 6.9487E-011
1667 6.9476E-011
1668 6.8404E-011
1669 6.6882E-011
1670 6.5900E-011
1671 6.5444E-011
1673 6.7121E-011
1674 6.7504E-011
1676 6.9101E-011
1677 7.0368E-011
1678 7.0431E-011
1680 7.0513E-011
1681 7.0461E-011
1682 7.0079E-011
1684 7.0311E-011
1685 7.0221E-011
1687 6.9865E-011
1688 7.0040E-011
1689 6.8582E-011
1691 6.7968E-011
1692 6.7648E-011
1693 6.7128E-011
1695 6.7229E-011
1696 6.7731E-011
1697 6.8001E-011
1699 6.8026E-011
1700 6.7019E-011
1702 6.5924E-011
1703 6.6792E-011
1704 6.6286E-011
1706 6.4802E-011
1707 6.3033E-011
1708 6.1567E-011
1710 6.2179E-011
1711 6.3469E-011
1713 6.4143E-011
1714 6.3440E-011
1715 6.3114E-011
1717 6.2028E-011
1718 5.9639E-011
1719 5.6543E-011
1721 5.6535E-011
1722 5.7989E-011
1724 5.9001E-011
1725 6.1704E-011
1726 6.4105E-011
1728 6.4902E-011
1729 6.4028E-011
1730 6.3249E-011
1732 6.4024E-011
1733 6.4396E-011
1735 6.4845E-011
1736 6.4438E-011
1737 6.2958E-011
1739 6.2808E-011
1740 6.2769E-011
1741 6.2596E-011
1743 6.2875E-011
1744 6.2071E-011
1745 6.0865E-011
1747 5.9843E-011
1748 6.0153E-011
1750 6.0624E-011
1751 6.1356E-011
1752 6.2577E-011
1754 6.3925E-011
1755 6.4796E-011
1756 6.3772E-011
1758 6.1293E-011
1759 5.8234E-011
1761 5.8146E-011
1762 5.9502E-011
1763 6.0082E-011
1765 6.1638E-011
1766 6.2050E-011
1767 6.1551E-011
1769 6.0112E-011
1770 6.0003E-011
1772 5.9670E-011
1773 5.8524E-011
1774 5.8776E-011
1776 5.9215E-011
1777 6.0706E-011
1778 6.1610E-011
1780 6.1779E-011
1781 6.1765E-011
1783 6.1511E-011
1784 6.1113E-011
1785 6.0322E-011
1787 5.9316E-011
1788 5.9032E-011
1789 5.9786E-011
1791 5.9998E-011
1792 6.0232E-011
1793 6.0964E-011
1795 6.2474E-011
1796 6.2126E-011
1798 6.2033E-011
1799 6.2968E-011
1800 6.3289E-011
1802 6.2605E-011
1803 6.1922E-011
1804 6.1516E-011
1806 5.9823E-011
1807 5.8882E-011
1809 5.9643E-011
1810 5.9549E-011
1811 5.9059E-011
1813 5.9168E-011
1814 5.8231E-011
1815 5.7316E-011
1817 5.7651E-011
1818 5.7782E-011
1820 5.7784E-011
1821 5.7563E-011
1822 5.7802E-011
1824 5.8595E-011
1825 5.8826E-011
1826 5.8672E-011
1828 5.7708E-011
1829 5.6101E-011
1831 5.6323E-011
1832 5.7301E-011
1833 5.7602E-011
1835 5.7762E-011
1836 5.7539E-011
1837 5.6630E-011
1839 5.6138E-011
1840 5.5456E-011
1841 5.4111E-011
1843 5.2784E-011
1844 5.3029E-011
1846 5.3145E-011
1847 5.2938E-011
1848 5.2259E-011
1850 5.2885E-011
1851 5.3185E-011
1852 4.9887E-011
1854 4.5349E-011
1855 4.7463E-011
1857 5.1669E-011
1858 5.2670E-011
1859 5.2493E-011
1861 5.0803E-011
1862 4.7220E-011
1863 4.9343E-011
1865 5.1510E-011
1866 5.3734E-011
1868 5.5422E-011
1869 5.5273E-011
1870 5.4625E-011
1872 5.4575E-011
1873 5.6099E-011
1874 5.7017E-011
1876 5.6462E-011
1877 5.5416E-011
1879 5.4630E-011
1880 5.3113E-011
1881 5.2277E-011
1883 5.2172E-011
1884 5.1219E-011
1885 5.0613E-011
1887 5.0070E-011
1888 5.1118E-011
1890 4.9802E-011
1891 4.7564E-011
1892 4.7895E-011
1894 4.8350E-011
1895 4.8097E-011
1896 5.0369E-011
1898 5.2273E-011
1899 5.1969E-011
1900 5.1141E-011
1902 5.0314E-011
1903 5.0824E-011
1905 5.1137E-011
1906 5.0852E-011
1907 5.0756E-011
1909 5.1061E-011
1910 5.0480E-011
1911 5.0534E-011
1913 4.9443E-011
1914 4.8358E-011
1916 4.8721E-011
1917 4.7947E-011
1918 4.8380E-011
1920 4.9965E-011
1921 5.0293E-011
1922 4.9951E-011
1924 4.8823E-011
1925 4.6438E-011
1927 4.4746E-011
1928 4.4250E-011
1929 4.5275E-011
1931 4.7596E-011
1932 5.0103E-011
1933 5.0662E-011
1935 4.9169E-011
1936 4.7000E-011
1938 4.7770E-011
1939 4.7568E-011
1940 4.8205E-011
1942 4.8915E-011
1943 4.9319E-011
1944 4.9627E-011
1946 4.9767E-011
1947 4.8948E-011
1949 4.7405E-011
1950 4.7046E-011
1951 4.5971E-011
1953 4.4438E-011
1954 4.5480E-011
1955 4.6825E-011
1957 4.6888E-011
1958 4.6427E-011
1960 4.6382E-011
1961 4.6785E-011
1962 4.6088E-011
1964 4.5423E-011
1965 4.7006E-011
1966 4.8456E-011
1968 4.8857E-011
1969 4.9007E-011
1971 4.9361E-011
1972 4.9410E-011
1973 4.9479E-011
1975 4.9211E-011
1976 4.8886E-011
1977 4.8763E-011
1979 4.8101E-011
1980 4.7940E-011
1981 4.7319E-011
1983 4.6187E-011
1984 4.6289E-011
1986 4.6650E-011
1987 4.6118E-011
1988 4.5906E-011
1990 4.4998E-011
1991 4.3852E-011
1992 4.3389E-011
1994 4.3985E-011
1995 4.4607E-011
1997 4.5692E-011
1998 4.5266E-011
1999 4.3251E-011
2001 4.3051E-011
2002 4.3624E-011
2003 4.4868E-011
2005 4.5234E-011
2006 4.5212E-011
2008 4.5503E-011
2009 4.5978E-011
2010 4.5506E-011
2012 4.4365E-011
2013 4.4831E-011
2014 4.4946E-011
2016 4.4697E-011
2017 4.4827E-011
2019 4.5098E-011
2020 4.5891E-011
2021 4.6132E-011
2023 4.6055E-011
2024 4.5324E-011
2025 4.3944E-011
2027 4.3339E-011
2028 4.4478E-011
2030 4.4871E-011
2031 4.4974E-011
2032 4.4427E-011
2034 4.3252E-011
2035 4.1836E-011
2036 4.1818E-011
2038 4.1743E-011
2039 4.1836E-011
2041 4.2367E-011
2042 4.3493E-011
2043 4.3512E-011
2045 4.2489E-011
2046 4.2725E-011
2047 4.3533E-011
2049 4.3522E-011
2050 4.3166E-011
2052 4.3330E-011
2053 4.3400E-011
2054 4.2850E-011
2056 4.1379E-011
2057 4.0552E-011
2058 4.0589E-011
2060 4.1337E-011
2061 4.1262E-011
2063 4.0565E-011
2064 4.1860E-011
2065 4.2204E-011
2067 4.1571E-011
2068 4.1141E-011
2069 4.1039E-011
2071 4.1479E-011
2072 4.1682E-011
2073 4.2030E-011
2075 4.2706E-011
2076 4.2686E-011
2078 4.1486E-011
2079 4.0487E-011
2080 4.1092E-011
2082 4.1824E-011
2083 4.1362E-011
2084 4.0587E-011
2086 4.0368E-011
2087 4.0434E-011
2089 4.0060E-011
2090 3.9783E-011
2091 4.0025E-011
2093 4.0702E-011
2094 4.0324E-011
2095 3.9611E-011
2097 3.9068E-011
2098 3.8361E-011
2100 3.9259E-011
2101 3.9619E-011
2102 4.0170E-011
2104 3.9852E-011
2105 3.9798E-011
2106 3.9792E-011
2108 3.9398E-011
2109 3.9881E-011
2111 4.0349E-011
2112 4.0083E-011
2113 3.9045E-011
2115 3.8768E-011
2116 3.9619E-011
2117 3.9338E-011
2119 3.9096E-011
2120 3.9620E-011
2122 3.9479E-011
2123 3.9069E-011
2124 3.8849E-011
2126 3.9273E-011
2127 3.9669E-011
2128 3.9853E-011
2130 3.9571E-011
2131 3.9358E-011
2133 3.9348E-011
2134 3.9035E-011
2135 3.8418E-011
2137 3.7968E-011
2138 3.7915E-011
2139 3.8503E-011
2141 3.8838E-011
2142 3.8161E-011
2144 3.7413E-011
2145 3.7248E-011
2146 3.7286E-011
2148 3.7264E-011
2149 3.7835E-011
2150 3.8493E-011
2152 3.8452E-011
2153 3.8440E-011
2155 3.8868E-011
2156 3.8762E-011
2157 3.8383E-011
2159 3.7807E-011
2160 3.7741E-011
2161 3.7629E-011
2163 3.7787E-011
2164 3.8236E-011
2166 3.7664E-011
2167 3.7219E-011
2168 3.7248E-011
2170 3.7126E-011
2171 3.7549E-011
2172 3.7829E-011
2174 3.7137E-011
2175 3.6265E-011
2177 3.6626E-011
2178 3.7185E-011
2179 3.7389E-011
2181 3.7013E-011
2182 3.7224E-011
2183 3.6857E-011
2185 3.6128E-011
2186 3.6258E-011
2188 3.6944E-011
2189 3.6772E-011
2190 3.6707E-011
2192 3.6451E-011
2193 3.6849E-011
2194 3.7700E-011
2196 3.7834E-011
2197 3.7864E-011
2198 3.7557E-011
2200 3.7348E-011
2201 3.7005E-011
2203 3.6584E-011
2204 3.6901E-011
2205 3.6950E-011
2207 3.6546E-011
2208 3.6410E-011
2209 3.6192E-011
2211 3.6245E-011
2212 3.6217E-011
2214 3.5960E-011
2215 3.5725E-011
2216 3.5726E-011
2218 3.5574E-011
2219 3.5441E-011
2220 3.5067E-011
2222 3.5072E-011
2223 3.5203E-011
2225 3.5081E-011
2226 3.5050E-011
2227 3.5083E-011
2229 3.5747E-011
2230 3.6506E-011
2231 3.6328E-011
2233 3.5753E-011
2234 3.5721E-011
2236 3.5981E-011
2237 3.5948E-011
2238 3.5836E-011
2240 3.6185E-011
2241 3.6241E-011
2242 3.5572E-011
2244 3.5290E-011
2245 3.5345E-011
2247 3.5777E-011
2248 3.5361E-011
2249 3.4999E-011
2251 3.4724E-011
2252 3.4435E-011
2253 3.4568E-011
2255 3.4324E-011
2256 3.3993E-011
2258 3.4062E-011
2259 3.4387E-011
2260 3.4652E-011
2262 3.4905E-011
2263 3.5352E-011
2264 3.5228E-011
2266 3.5198E-011
2267 3.5628E-011
2269 3.5752E-011
2270 3.5850E-011
2271 3.5938E-011
2273 3.6246E-011
2274 3.6009E-011
2275 3.5372E-011
2277 3.4928E-011
2278 3.4932E-011
2280 3.5223E-011
2281 3.5893E-011
2282 3.6090E-011
2284 3.5842E-011
2285 3.5719E-011
2286 3.5466E-011
2288 3.5322E-011
2289 3.5821E-011
2291 3.6008E-011
2292 3.5883E-011
2293 3.5521E-011
2295 3.5019E-011
2296 3.3936E-011
2297 3.2705E-011
2299 3.3545E-011
2300 3.4410E-011
2302 3.4703E-011
2303 3.4764E-011
2304 3.4718E-011
2306 3.5216E-011
2307 3.5209E-011
2308 3.5117E-011
2310 3.5370E-011
2311 3.4908E-011
2313 3.4206E-011
2314 3.4076E-011
2315 3.4089E-011
2317 3.4258E-011
2318 3.4207E-011
2319 3.4022E-011
2321 3.4501E-011
2322 3.4574E-011
2324 3.4245E-011
2325 3.3657E-011
2326 3.2605E-011
2328 3.2981E-011
2329 3.3374E-011
2330 3.3213E-011
2332 3.2588E-011
2333 3.2882E-011
2335 3.3349E-011
2336 3.3608E-011
2337 3.3504E-011
2339 3.3283E-011
2340 3.3400E-011
2341 3.2884E-011
2343 3.1929E-011
2344 3.0215E-011
2345 3.1398E-011
2347 3.2410E-011
2348 3.2924E-011
2350 3.3512E-011
2351 3.3710E-011
2352 3.3577E-011
2354 3.3379E-011
2355 3.2843E-011
2356 3.3096E-011
2358 3.3327E-011
2359 3.2812E-011
2361 3.2461E-011
2362 3.2846E-011
2363 3.2795E-011
2365 3.2554E-011
2366 3.2589E-011
2367 3.2721E-011
2369 3.2993E-011
2370 3.2830E-011
2372 3.2807E-011
2373 3.2461E-011
2374 3.1083E-011
2376 3.1665E-011
2377 3.2433E-011
2378 3.2642E-011
2380 3.1458E-011
2381 3.0480E-011
2383 2.8301E-011
2384 3.0065E-011
2385 3.1984E-011
2387 3.2285E-011
2388 3.2019E-011
2389 3.1842E-011
2391 3.2798E-011
2392 3.3159E-011
2394 3.2937E-011
2395 3.2153E-011
2396 3.1734E-011
2398 3.2657E-011
2399 3.2437E-011
2400 3.2072E-011
2402 3.2387E-011
2403 3.2034E-011
2405 3.1802E-011
2406 3.1400E-011
2407 3.1804E-011
2409 3.2208E-011
2410 3.2035E-011
2411 3.1533E-011
2413 3.2053E-011
2414 3.1818E-011
2416 3.2056E-011
2417 3.1979E-011
2418 3.2162E-011
2420 3.2709E-011
2421 3.3071E-011
2422 3.2904E-011
2424 3.2075E-011
2425 3.1674E-011
2427 3.2212E-011
2428 3.2053E-011
2429 3.1283E-011
2431 3.1386E-011
2432 3.1708E-011
2433 3.1107E-011
2435 3.0721E-011
2436 3.1062E-011
2438 3.1394E-011
2439 3.1619E-011
2440 3.2261E-011
2442 3.2680E-011
2443 3.2852E-011
2444 3.2172E-011
2446 3.1219E-011
2447 3.0856E-011
2449 3.1411E-011
2450 3.1567E-011
2451 3.1795E-011
2453 3.2238E-011
2454 3.2027E-011
2455 3.1746E-011
2457 3.1970E-011
2458 3.1793E-011
2460 3.1526E-011
2461 3.1492E-011
2462 3.1115E-011
2464 3.1329E-011
2465 3.0920E-011
2466 3.0710E-011
2468 3.0951E-011
2469 3.1236E-011
2471 3.1086E-011
2472 3.0980E-011
2473 3.1000E-011
2475 3.1292E-011
2476 3.1357E-011
2477 3.1471E-011
2479 3.1408E-011
2480 3.1447E-011
2481 3.1098E-011
2483 3.0560E-011
2484 3.0764E-011
2486 3.1429E-011
2487 3.1919E-011
2488 3.1785E-011
2490 3.1146E-011
2491 3.0549E-011
2492 3.0635E-011
2494 3.0733E-011
2495 3.1459E-011
2497 3.1666E-011
2498 3.1338E-011
2499 3.1084E-011
2501 3.1494E-011
2502 3.1183E-011
2503 3.0798E-011
2505 3.0745E-011
2506 3.0999E-011
2508 3.0729E-011
2509 3.0784E-011
2510 3.0541E-011
2512 3.0004E-011
2513 2.9900E-011
2514 3.0619E-011
2516 3.0466E-011
2517 3.0716E-011
2519 3.0683E-011
2520 3.0392E-011
2521 3.0084E-011
2523 3.0075E-011
2524 3.0344E-011
2525 2.9699E-011
2527 2.8771E-011
2528 2.8844E-011
2530 2.9217E-011
2531 2.9975E-011
2532 3.0871E-011
2534 3.0518E-011
2535 2.9824E-011
2536 2.9293E-011
2538 2.8257E-011
2539 2.7649E-011
2541 2.8407E-011
2542 2.8824E-011
2543 2.9324E-011
2545 2.9431E-011
2546 2.9278E-011
2547 2.9186E-011
2549 2.8421E-011
2550 2.7621E-011
2552 2.8984E-011
2553 3.0465E-011
2554 3.0684E-011
2556 3.0547E-011
2557 3.0509E-011
2558 3.0319E-011
2560 3.0024E-011
2561 2.9682E-011
2563 2.9303E-011
2564 2.9007E-011
2565 2.9399E-011
2567 2.9187E-011
2568 2.9193E-011
2569 2.9822E-011
2571 3.0014E-011
2572 3.0136E-011
2574 3.0051E-011
2575 2.9338E-011
2576 2.8585E-011
2578 2.8568E-011
2579 2.9483E-011
2580 2.9799E-011
2582 2.9727E-011
2583 2.9318E-011
2585 2.9125E-011
2586 2.7872E-011
2587 2.7777E-011
2589 2.9172E-011
2590 2.9441E-011
2591 2.9375E-011
2593 2.8811E-011
2594 2.8471E-011
2595 2.9077E-011
2597 2.9239E-011
2598 2.8101E-011
2600 2.5921E-011
2601 2.7475E-011
2602 2.9451E-011
2604 2.9438E-011
2605 2.8582E-011
2606 2.7648E-011
2608 2.8287E-011
2609 2.8739E-011
2611 2.8722E-011
2612 2.8795E-011
2613 2.8919E-011
2615 2.9028E-011
2616 2.9412E-011
2617 2.9111E-011
2619 2.8688E-011
2620 2.8534E-011
2622 2.8471E-011
2623 2.8827E-011
2624 2.8683E-011
2626 2.8379E-011
2627 2.8291E-011
2628 2.8362E-011
2630 2.7833E-011
2631 2.7374E-011
2633 2.7819E-011
2634 2.8818E-011
2635 2.9236E-011
2637 2.9189E-011
2638 2.8847E-011
2639 2.9094E-011
2641 2.9142E-011
2642 2.9063E-011
2644 2.9204E-011
2645 2.9075E-011
2646 2.8897E-011
2648 2.9045E-011
2649 2.8928E-011
2650 2.8873E-011
2652 2.8901E-011
2653 2.8797E-011
2655 2.8780E-011
2656 2.8926E-011
2657 2.8941E-011
2659 2.8779E-011
2660 2.8718E-011
2661 2.8493E-011
2663 2.8372E-011
2664 2.8031E-011
2666 2.7900E-011
2667 2.7916E-011
2668 2.8251E-011
2670 2.8440E-011
2671 2.8612E-011
2672 2.8390E-011
2674 2.8429E-011
2675 2.8592E-011
2676 2.8278E-011
2678 2.7912E-011
2679 2.8181E-011
2681 2.8309E-011
2682 2.8325E-011
2683 2.8321E-011
2685 2.8204E-011
2686 2.8113E-011
2687 2.8195E-011
2689 2.8219E-011
2690 2.8040E-011
2692 2.7978E-011
2693 2.7599E-011
2694 2.7567E-011
2696 2.7486E-011
2697 2.7303E-011
2698 2.7441E-011
2700 2.7700E-011
2701 2.7805E-011
2703 2.7673E-011
2704 2.7652E-011
2705 2.7640E-011
2707 2.7531E-011
2708 2.7426E-011
2709 2.7424E-011
2711 2.7527E-011
2712 2.7283E-011
2714 2.7338E-011
2715 2.7350E-011
2716 2.7384E-011
2718 2.7374E-011
2719 2.7300E-011
2720 2.7268E-011
2722 2.7066E-011
2723 2.6667E-011
2725 2.6760E-011
2726 2.6946E-011
2727 2.6829E-011
2729 2.6825E-011
2730 2.7039E-011
2731 2.7103E-011
2733 2.7369E-011
2734 2.7430E-011
2736 2.7351E-011
2737 2.7118E-011
2738 2.6819E-011
2740 2.6716E-011
2741 2.6722E-011
2742 2.6663E-011
2744 2.6503E-011
2745 2.6291E-011
2746 2.5822E-011
2748 2.5248E-011
2749 2.5300E-011
2751 2.5456E-011
2752 2.6162E-011
2753 2.6202E-011
2755 2.6231E-011
2756 2.6094E-011
2757 2.6273E-011
2759 2.6700E-011
2760 2.6649E-011
2762 2.6420E-011
2763 2.5913E-011
2764 2.5857E-011
2766 2.6172E-011
2767 2.6047E-011
2768 2.5867E-011
2770 2.6001E-011
2771 2.6343E-011
2773 2.6591E-011
2774 2.6525E-011
2775 2.6451E-011
2777 2.6522E-011
2778 2.6340E-011
2779 2.6107E-011
2781 2.6171E-011
2782 2.6300E-011
2784 2.6181E-011
2785 2.6043E-011
2786 2.6122E-011
2788 2.6225E-011
2789 2.6198E-011
2790 2.5777E-011
2792 2.5381E-011
2793 2.5099E-011
2795 2.3434E-011
2796 2.0673E-011
2797 2.1970E-011
2799 2.3583E-011
2800 2.4621E-011
2801 2.4043E-011
2803 2.1585E-011
2804 2.1625E-011
2805 2.4869E-011
2807 2.5474E-011
2808 2.5759E-011
2810 2.6004E-011
2811 2.5911E-011
2812 2.5765E-011
2814 2.5703E-011
2815 2.5726E-011
2816 2.5592E-011
2818 2.5606E-011
2819 2.5783E-011
2821 2.5792E-011
2822 2.5762E-011
2823 2.5793E-011
2825 2.5787E-011
2826 2.5574E-011
2827 2.5266E-011
2829 2.4917E-011
2830 2.4698E-011
2832 2.4981E-011
2833 2.5204E-011
2834 2.5207E-011
2836 2.4684E-011
2837 2.4113E-011
2838 2.4449E-011
2840 2.4596E-011
2841 2.4398E-011
2843 2.4714E-011
2844 2.4928E-011
2845 2.4976E-011
2847 2.4951E-011
2848 2.4805E-011
2849 2.4534E-011
2851 2.4246E-011
2852 2.3420E-011
2853 2.3477E-011
2855 2.4726E-011
2856 2.4367E-011
2858 2.4246E-011
2859 2.4532E-011
2860 2.4956E-011
2862 2.4875E-011
2863 2.4795E-011
2864 2.4846E-011
2866 2.4759E-011
2867 2.4827E-011
2869 2.4675E-011
2870 2.4641E-011
2871 2.4558E-011
2873 2.4467E-011
2874 2.4435E-011
2875 2.4489E-011
2877 2.4510E-011
2878 2.4668E-011
2880 2.4612E-011
2881 2.4448E-011
2882 2.4331E-011
2884 2.4290E-011
2885 2.4348E-011
2886 2.4552E-011
2888 2.4501E-011
2889 2.4469E-011
2891 2.4437E-011
2892 2.4524E-011
2893 2.4410E-011
2895 2.4360E-011
2896 2.4098E-011
2897 2.4245E-011
2899 2.4357E-011
2900 2.4468E-011
2901 2.4385E-011
2903 2.4245E-011
2904 2.4225E-011
2906 2.4196E-011
2907 2.4239E-011
2908 2.4206E-011
2910 2.4273E-011
2911 2.4161E-011
2912 2.4193E-011
2914 2.4290E-011
2915 2.4271E-011
2917 2.4143E-011
2918 2.4025E-011
2919 2.4093E-011
2921 2.4096E-011
2922 2.3961E-011
2923 2.3898E-011
2925 2.3863E-011
2926 2.3680E-011
2928 2.3468E-011
2929 2.3167E-011
2930 2.3670E-011
2932 2.3782E-011
2933 2.3586E-011
2934 2.3606E-011
2936 2.3414E-011
2937 2.3024E-011
2938 2.3339E-011
2940 2.3488E-011
2941 2.3552E-011
2943 2.3512E-011
2944 2.3177E-011
2945 2.2619E-011
2947 2.2877E-011
2948 2.3046E-011
2949 2.3079E-011
2951 2.3391E-011
2952 2.3536E-011
2954 2.3357E-011
2955 2.3310E-011
2956 2.3537E-011
2958 2.3552E-011
2959 2.3477E-011
2960 2.3397E-011
2962 2.3388E-011
2963 2.3283E-011
2965 2.2984E-011
2966 2.3042E-011
2967 2.3193E-011
2969 2.3140E-011
2970 2.2998E-011
2971 2.2901E-011
2973 2.3019E-011
2974 2.3180E-011
2975 2.3114E-011
2977 2.3054E-011
2978 2.3077E-011
2980 2.2912E-011
2981 2.2867E-011
2982 2.2908E-011
2984 2.2759E-011
2985 2.2318E-011
2986 2.2408E-011
2988 2.2753E-011
2989 2.2806E-011
2991 2.2960E-011
2992 2.2991E-011
2993 2.2793E-011
2995 2.2892E-011
2996 2.2935E-011
2997 2.2794E-011
2999 2.2701E-011
3000 2.2792E-011
3002 2.2588E-011
3003 2.2430E-011
3004 2.2496E-011
3006 2.2580E-011
3007 2.2540E-011
3008 2.2535E-011
3010 2.2619E-011
3011 2.2623E-011
3012 2.2492E-011
3014 2.2415E-011
3015 2.2506E-011
3017 2.2434E-011
3018 2.2487E-011
3019 2.2515E-011
3021 2.2505E-011
3022 2.2358E-011
3023 2.2432E-011
3025 2.2371E-011
3026 2.2409E-011
3028 2.2442E-011
3029 2.2343E-011
3030 2.2282E-011
3032 2.2288E-011
3033 2.2296E-011
3034 2.2274E-011
3036 2.2266E-011
3037 2.2160E-011
3038 2.2157E-011
3040 2.2085E-011
3041 2.2125E-011
3043 2.2060E-011
3044 2.2125E-011
3045 2.2070E-011
3047 2.2084E-011
3048 2.1972E-011
3049 2.2035E-011
3051 2.1977E-011
3052 2.1984E-011
3054 2.1922E-011
3055 2.1960E-011
3056 2.1948E-011
3058 2.1933E-011
3059 2.1911E-011
3060 2.1881E-011
3062 2.1841E-011
3063 2.1794E-011
3067 2.1627E-011
3070 2.1513E-011
3072 2.1424E-011
3075 2.1336E-011
3078 2.1369E-011
3081 2.1313E-011
3083 2.1167E-011
3086 2.1266E-011
3089 2.1143E-011
3092 2.1133E-011
3094 2.1029E-011
3097 2.1001E-011
3100 2.0962E-011
3103 2.0826E-011
3105 2.0843E-011
3108 2.0955E-011
3111 2.0880E-011
3114 2.0745E-011
3116 2.0745E-011
3119 2.0681E-011
3122 2.0687E-011
3125 2.0532E-011
3127 2.0702E-011
3130 2.0652E-011
3133 2.0616E-011
3136 2.0477E-011
3138 2.0573E-011
3141 2.0539E-011
3144 2.0492E-011
3147 2.0325E-011
3149 2.0318E-011
3152 2.0302E-011
3155 2.0149E-011
3158 2.0085E-011
3160 2.0138E-011
3163 2.0120E-011
3166 1.9976E-011
3169 1.9929E-011
3171 1.9918E-011
3174 1.9766E-011
3177 1.9718E-011
3180 1.9693E-011
3182 1.9787E-011
3185 1.9673E-011
3188 1.9522E-011
3191 1.9550E-011
3193 1.9579E-011
3196 1.9544E-011
3199 1.9645E-011
3202 1.9551E-011
3204 1.9541E-011
3207 1.9551E-011
3210 1.9418E-011
3213 1.9270E-011
3215 1.9357E-011
3218 1.9312E-011
3221 1.9258E-011
3224 1.9227E-011
3226 1.9194E-011
3229 1.9132E-011
3232 1.9116E-011
3234 1.9082E-011
3237 1.8975E-011
3240 1.9039E-011
3243 1.9001E-011
3245 1.8973E-011
3248 1.8916E-011
3251 1.8920E-011
3254 1.8900E-011
3256 1.8770E-011
3259 1.8824E-011
3262 1.8826E-011
3265 1.8772E-011
3267 1.8772E-011
3270 1.8605E-011
3273 1.8664E-011
3276 1.8514E-011
3278 1.8593E-011
3281 1.8515E-011
3284 1.8482E-011
3287 1.8567E-011
3289 1.8324E-011
3292 1.8389E-011
3295 1.8336E-011
3298 1.8305E-011
3300 1.8214E-011
3303 1.8238E-011
3306 1.8240E-011
3309 1.8204E-011
3311 1.8182E-011
3314 1.8072E-011
3317 1.8121E-011
3320 1.8038E-011
3322 1.7961E-011
3325 1.7998E-011
3328 1.8007E-011
3331 1.7896E-011
3333 1.7890E-011
3336 1.7902E-011
3339 1.7861E-011
3342 1.7732E-011
3344 1.7735E-011
3347 1.7722E-011
3350 1.7640E-011
3353 1.7581E-011
3355 1.7565E-011
3358 1.7523E-011
3361 1.7516E-011
3364 1.7539E-011
3366 1.7489E-011
3369 1.7518E-011
3372 1.7511E-011
3375 1.7459E-011
3377 1.7415E-011
3380 1.7288E-011
3383 1.7275E-011
3386 1.7346E-011
3388 1.7225E-011
3391 1.7180E-011
3394 1.7143E-011
3397 1.7135E-011
3399 1.7158E-011
3402 1.7087E-011
3405 1.7066E-011
3408 1.7032E-011
3410 1.7019E-011
3413 1.6955E-011
3416 1.6984E-011
3419 1.6817E-011
3421 1.6845E-011
3424 1.6857E-011
3427 1.6848E-011
3430 1.6824E-011
3432 1.6772E-011
3435 1.6642E-011
3438 1.6660E-011
3441 1.6653E-011
3443 1.6540E-011
3446 1.6498E-011
3449 1.6486E-011
3452 1.6518E-011
3454 1.6455E-011
3457 1.6464E-011
3460 1.6421E-011
3463 1.6388E-011
3465 1.6427E-011
3468 1.6316E-011
3471 1.6252E-011
3474 1.6217E-011
3476 1.6192E-011
3479 1.6204E-011
3482 1.6179E-011
3485 1.6113E-011
3487 1.6006E-011
3490 1.6010E-011
3493 1.5989E-011
3496 1.5974E-011
3498 1.5888E-011
3501 1.5866E-011
3504 1.5844E-011
3507 1.5748E-011
3509 1.5676E-011
3512 1.5629E-011
3515 1.5791E-011
3518 1.5826E-011
3520 1.5816E-011
3523 1.5808E-011
3526 1.5752E-011
3529 1.5572E-011
3531 1.5567E-011
3534 1.5547E-011
3537 1.5627E-011
3540 1.5626E-011
3542 1.5570E-011
3545 1.5547E-011
3548 1.5537E-011
3551 1.5470E-011
3553 1.5381E-011
3556 1.5270E-011
3559 1.5343E-011
3561 1.5351E-011
3564 1.5355E-011
3567 1.5259E-011
3570 1.5253E-011
3572 1.5180E-011
3575 1.5253E-011
3578 1.5235E-011
3581 1.5171E-011
3583 1.5073E-011
3586 1.4944E-011
3589 1.4830E-011
3592 1.5032E-011
3594 1.4993E-011
3597 1.5019E-011
3600 1.5000E-011
3603 1.4980E-011
3605 1.4971E-011
3608 1.4946E-011
3611 1.4870E-011
3614 1.4788E-011
3616 1.4825E-011
3619 1.4876E-011
3622 1.4840E-011
3625 1.4817E-011
3627 1.4783E-011
3630 1.4674E-011
3633 1.4494E-011
3636 1.4442E-011
3638 1.4586E-011
3641 1.4677E-011
3644 1.4624E-011
3647 1.4588E-011
3649 1.4557E-011
3652 1.4564E-011
3655 1.4557E-011
3658 1.4442E-011
3660 1.4452E-011
3663 1.4420E-011
3666 1.4415E-011
3669 1.4438E-011
3671 1.4393E-011
3674 1.4416E-011
3677 1.4359E-011
3680 1.4314E-011
3682 1.4268E-011
3685 1.4272E-011
3688 1.4173E-011
3691 1.4215E-011
3693 1.4295E-011
3696 1.4203E-011
3699 1.4213E-011
3702 1.4255E-011
3704 1.3877E-011
3707 1.4327E-011
3710 1.4394E-011
3713 1.3779E-011
3715 1.4777E-011
3718 1.5356E-011
3721 1.4158E-011
3724 1.3873E-011
3726 1.5703E-011
3729 1.6521E-011
3732 1.5220E-011
3735 1.3515E-011
3737 1.4767E-011
3740 1.6930E-011
3743 1.8255E-011
3746 1.7251E-011
3748 1.4716E-011
3751 1.3581E-011
3754 1.5560E-011
3757 1.8172E-011
3759 1.9558E-011
3762 1.9719E-011
3765 1.8413E-011
3768 1.6113E-011
3770 1.4037E-011
3773 1.4139E-011
3776 1.7088E-011
3779 1.9554E-011
3781 2.0514E-011
3784 2.0981E-011
3787 2.0831E-011
3790 2.0141E-011
3792 1.8469E-011
3795 1.5665E-011
3798 1.3312E-011
3801 1.4112E-011
3803 1.7069E-011
3806 1.9226E-011
3809 2.0355E-011
3812 2.1015E-011
3814 2.1211E-011
3817 2.0340E-011
3820 1.8676E-011
3823 1.9455E-011
3825 2.0161E-011
3828 1.9283E-011
3831 1.7127E-011
3834 1.4369E-011
3836 1.2786E-011
3839 1.4847E-011
3842 1.7784E-011
3845 1.9670E-011
3847 2.0642E-011
3850 2.1112E-011
3853 2.1233E-011
3856 2.1236E-011
3858 2.1324E-011
3861 2.1436E-011
3864 2.1255E-011
3867 2.0949E-011
3869 2.0420E-011
3872 2.0313E-011
3875 2.0268E-011
3878 2.0127E-011
3880 1.9443E-011
3883 1.8071E-011
3886 1.5476E-011
3889 1.2911E-011
3891 1.2929E-011
3894 1.5710E-011
3897 1.8040E-011
3900 1.9455E-011
3902 2.0185E-011
3905 2.0479E-011
3908 2.0862E-011
3911 2.0945E-011
3913 2.0917E-011
3916 2.0872E-011
3919 2.0639E-011
3922 2.0297E-011
3924 1.9957E-011
3927 1.9566E-011
3930 1.9899E-011
3933 2.0106E-011
3935 2.0036E-011
3938 2.0466E-011
3941 2.0587E-011
3944 2.0541E-011
3946 2.0425E-011
3949 2.0255E-011
3952 2.0147E-011
3955 1.9900E-011
3957 1.9425E-011
3960 1.8912E-011
3963 1.7638E-011
3966 1.5429E-011
3968 1.2983E-011
3971 1.1706E-011
3974 1.3639E-011
3977 1.6142E-011
3979 1.7721E-011
3982 1.8597E-011
3985 1.9191E-011
3988 1.9429E-011
3990 1.9526E-011
3993 1.9594E-011
3996 1.9556E-011
3999 1.9634E-011
4001 1.9685E-011
4004 1.9439E-011
4007 1.8840E-011
4010 1.8079E-011
4012 1.8514E-011
4015 1.9099E-011
4018 1.9279E-011
4021 1.9001E-011
4023 1.8167E-011
4026 1.6666E-011
4029 1.7196E-011
4032 1.8468E-011
4034 1.9052E-011
4037 1.9138E-011
4040 1.9169E-011
4043 1.9121E-011
4045 1.9047E-011
4048 1.9098E-011
4051 1.9083E-011
4054 1.9076E-011
4056 1.9030E-011
4059 1.8953E-011
4062 1.8919E-011
4065 1.8875E-011
4067 1.8838E-011
4070 1.8704E-011
4073 1.8952E-011
4076 1.8501E-011
4078 1.8444E-011
4081 1.8339E-011
4084 1.8318E-011
4087 1.8139E-011
4089 1.7777E-011
4092 1.7143E-011
4095 1.6089E-011
4098 1.4390E-011
4100 1.2115E-011
4103 1.1021E-011
4106 1.2790E-011
4109 1.4926E-011
4111 1.6341E-011
4114 1.7086E-011
4117 1.7384E-011
4120 1.7431E-011
4122 1.7302E-011
4125 1.7744E-011
4128 1.7782E-011
4131 1.7683E-011
4133 1.7806E-011
4136 1.7864E-011
4139 1.7734E-011
4142 1.7135E-011
4144 1.6379E-011
4147 1.6930E-011
4150 1.7536E-011
4153 1.7934E-011
4155 1.7702E-011
4158 1.7743E-011
4161 1.7674E-011
4164 1.7609E-011
4166 1.7557E-011
4169 1.7406E-011
4172 1.7429E-011
4175 1.7380E-011
4177 1.7477E-011
4180 1.7475E-011
4183 1.7497E-011
4186 1.7384E-011
4188 1.7425E-011
4191 1.7367E-011
4194 1.7334E-011
4197 1.7094E-011
4199 1.7308E-011
4202 1.7291E-011
4205 1.7251E-011
4208 1.7206E-011
4210 1.7158E-011
4213 1.7085E-011
4216 1.7066E-011
4219 1.7021E-011
4221 1.7007E-011
4224 1.7059E-011
4227 1.6994E-011
4230 1.6875E-011
4232 1.6866E-011
4235 1.6889E-011
4238 1.6805E-011
4241 1.6784E-011
4243 1.6731E-011
4246 1.6667E-011
4249 1.6709E-011
4252 1.6707E-011
4254 1.6531E-011
4257 1.6560E-011
4260 1.6556E-011
4263 1.6485E-011
4265 1.6280E-011
4268 1.5958E-011
4271 1.6168E-011
4274 1.6304E-011
4276 1.6285E-011
4279 1.6227E-011
4282 1.6197E-011
4285 1.6017E-011
4287 1.6081E-011
4290 1.5804E-011
4293 1.6023E-011
4296 1.5875E-011
4298 1.5950E-011
4301 1.5920E-011
4304 1.5940E-011
4307 1.5869E-011
4309 1.5785E-011
4312 1.5796E-011
4315 1.5699E-011
4318 1.5637E-011
4320 1.5489E-011
4323 1.5375E-011
4326 1.5111E-011
4329 1.4819E-011
4331 1.4327E-011
4334 1.3427E-011
4337 1.1974E-011
4340 1.0261E-011
4342 9.5682E-012
4345 1.1059E-011
4348 1.2708E-011
4351 1.3699E-011
4353 1.4323E-011
4356 1.4719E-011
4359 1.4921E-011
4362 1.5083E-011
4364 1.5117E-011
4367 1.5124E-011
4370 1.5105E-011
4373 1.5110E-011
4375 1.5057E-011
4378 1.5047E-011
4381 1.4982E-011
4384 1.4804E-011
4386 1.4325E-011
4389 1.3714E-011
4392 1.4272E-011
4395 1.4699E-011
4397 1.4913E-011
4400 1.4949E-011
4403 1.4993E-011
4406 1.4904E-011
4408 1.4954E-011
4411 1.4865E-011
4414 1.4845E-011
4417 1.4618E-011
4419 1.4817E-011
4422 1.4747E-011
4425 1.4702E-011
4428 1.4693E-011
4430 1.4654E-011
4433 1.4583E-011
4436 1.4505E-011
4439 1.4413E-011
4441 1.4525E-011
4444 1.4589E-011
4447 1.4455E-011
4450 1.4472E-011
4452 1.4514E-011
4455 1.4507E-011
4458 1.4420E-011
4461 1.4431E-011
4463 1.4252E-011
4466 1.4183E-011
4469 1.3590E-011
4472 1.2583E-011
4474 1.2691E-011
4477 1.3535E-011
4480 1.3746E-011
4482 1.3616E-011
4485 1.3899E-011
4488 1.4098E-011
4491 1.4125E-011
4493 1.4074E-011
4496 1.4047E-011
4499 1.4070E-011
4502 1.4022E-011
4504 1.3923E-011
4507 1.4031E-011
4510 1.4046E-011
4513 1.4018E-011
4515 1.3940E-011
4518 1.3952E-011
4521 1.3920E-011
4524 1.3850E-011
4526 1.3773E-011
4529 1.3710E-011
4532 1.3768E-011
4535 1.3804E-011
4537 1.3821E-011
4540 1.3740E-011
4543 1.3700E-011
4546 1.3597E-011
4548 1.3541E-011
4551 1.3504E-011
4554 1.3452E-011
4557 1.3462E-011
4559 1.3543E-011
4562 1.3513E-011
4565 1.3516E-011
4568 1.3517E-011
4570 1.3322E-011
4573 1.3346E-011
4576 1.3399E-011
4579 1.3367E-011
4581 1.3390E-011
4584 1.3338E-011
4587 1.3306E-011
4590 1.3276E-011
4592 1.3227E-011
4595 1.3206E-011
4598 1.3181E-011
4601 1.3210E-011
4603 1.3182E-011
4606 1.3046E-011
4609 1.3039E-011
4612 1.3052E-011
4614 1.3117E-011
4617 1.3060E-011
4620 1.2956E-011
4623 1.2948E-011
4625 1.3008E-011
4628 1.2932E-011
4631 1.2900E-011
4634 1.2899E-011
4636 1.2888E-011
4639 1.2842E-011
4642 1.2786E-011
4645 1.2790E-011
4647 1.2732E-011
4650 1.2745E-011
4653 1.2685E-011
4656 1.2691E-011
4658 1.2671E-011
4661 1.2644E-011
4664 1.2606E-011
4667 1.2611E-011
4669 1.2580E-011
4672 1.2594E-011
4675 1.2542E-011
4678 1.2516E-011
4680 1.2530E-011
4683 1.2536E-011
4686 1.2444E-011
4689 1.2421E-011
4691 1.2457E-011
4694 1.2442E-011
4697 1.2380E-011
4700 1.2394E-011
4702 1.2320E-011
4705 1.2340E-011
4708 1.2288E-011
4711 1.2201E-011
4713 1.1928E-011
4716 1.1908E-011
4719 1.2057E-011
4722 1.2223E-011
4724 1.2169E-011
4727 1.2119E-011
4730 1.2125E-011
4733 1.2104E-011
4735 1.2107E-011
4738 1.2059E-011
4741 1.2045E-011
4744 1.2001E-011
4746 1.2028E-011
4749 1.1982E-011
4752 1.1959E-011
4755 1.1925E-011
4757 1.1883E-011
4760 1.1860E-011
4763 1.1844E-011
4766 1.1787E-011
4768 1.1770E-011
4771 1.1758E-011
4774 1.1743E-011
4777 1.1774E-011
4779 1.1722E-011
4782 1.1681E-011
4785 1.1637E-011
4788 1.1579E-011
4790 1.1551E-011
4793 1.1490E-011
4796 1.1466E-011
4798 1.1503E-011
4801 1.1468E-011
4804 1.1440E-011
4807 1.1432E-011
4809 1.1439E-011
4812 1.1432E-011
4815 1.1388E-011
4818 1.1297E-011
4820 1.1296E-011
4823 1.1326E-011
4826 1.1300E-011
4829 1.1285E-011
4831 1.1208E-011
4834 1.1211E-011
4837 1.1148E-011
4840 1.1110E-011
4842 1.1104E-011
4845 1.0931E-011
4848 1.0734E-011
4851 1.0485E-011
4853 1.0005E-011
4856 9.2608E-012
4859 8.2115E-012
4862 7.2503E-012
4864 7.5303E-012
4867 8.5870E-012
4870 9.4752E-012
4873 9.9857E-012
4875 1.0334E-011
4878 1.0540E-011
4881 1.0660E-011
4884 1.0699E-011
4886 1.0730E-011
4889 1.0783E-011
4892 1.0798E-011
4895 1.0838E-011
4897 1.0817E-011
4900 1.0795E-011
4903 1.0799E-011
4906 1.0774E-011
4908 1.0762E-011
4911 1.0711E-011
4914 1.0728E-011
4917 1.0598E-011
4919 1.0282E-011
4922 9.8952E-012
4925 9.9946E-012
4928 1.0353E-011
4930 1.0580E-011
4933 1.0657E-011
4936 1.0641E-011
4939 1.0638E-011
4941 1.0595E-011
4944 1.0566E-011
4947 1.0588E-011
4950 1.0574E-011
4952 1.0560E-011
4955 1.0547E-011
4958 1.0546E-011
4961 1.0530E-011
4963 1.0505E-011
4966 1.0485E-011
4969 1.0409E-011
4972 1.0415E-011
4974 1.0420E-011
4977 1.0432E-011
4980 1.0386E-011
4982 1.0391E-011
4985 1.0396E-011
4988 1.0367E-011
4991 1.0360E-011
4993 1.0308E-011
4996 1.0324E-011
4999 1.0291E-011
5002 1.0230E-011
5004 1.0199E-011
5007 1.0171E-011
5010 1.0104E-011
5013 1.0014E-011
5015 9.8412E-012
5018 9.8184E-012
5021 1.0041E-011
5024 1.0109E-011
5026 1.0084E-011
5029 1.0096E-011
5032 1.0053E-011
5035 1.0022E-011
5037 1.0041E-011
5040 9.9686E-012
5043 9.9334E-012
5046 9.9043E-012
5048 9.8215E-012
5051 9.8594E-012
5054 9.8702E-012
5057 9.8366E-012
5059 9.8394E-012
5062 9.8687E-012
5065 9.8796E-012
5068 9.8848E-012
5070 9.8555E-012
5073 9.8553E-012
5076 9.8319E-012
5079 9.8258E-012
5081 9.8197E-012
5084 9.7793E-012
5087 9.7919E-012
5090 9.7505E-012
5092 9.7680E-012
5095 9.7393E-012
5098 9.6896E-012
5101 9.6856E-012
5103 9.6498E-012
5106 9.6736E-012
5109 9.6342E-012
5112 9.6342E-012
5114 9.6050E-012
5117 9.5724E-012
5120 9.5957E-012
5122 9.5531E-012
5125 9.5436E-012
5128 9.5216E-012
5131 9.5086E-012
5133 9.4710E-012
5136 9.4637E-012
5139 9.4634E-012
5142 9.4548E-012
5144 9.4307E-012
5147 9.4269E-012
5150 9.4054E-012
5153 9.3838E-012
5155 9.3907E-012
5158 9.3505E-012
5161 9.2996E-012
5164 9.3254E-012
5166 9.3094E-012
5169 9.2355E-012
5172 9.2667E-012
5175 9.2381E-012
5177 9.2205E-012
5180 9.1995E-012
5183 9.2497E-012
5186 9.2222E-012
5188 9.1866E-012
5191 9.1923E-012
5194 9.1446E-012
5197 9.1491E-012
5199 9.1391E-012
5202 9.1168E-012
5205 9.0954E-012
5208 9.0885E-012
5210 9.1386E-012
5213 9.0776E-012
5216 9.0428E-012
5219 9.0377E-012
5221 9.0770E-012
5224 9.0670E-012
5227 9.0117E-012
5229 8.9990E-012
5232 8.9772E-012
5235 8.9804E-012
5238 8.9627E-012
5240 8.9663E-012
5243 8.9394E-012
5246 8.9056E-012
5249 8.9136E-012
5251 8.9160E-012
5254 8.8755E-012
5257 8.8799E-012
5260 8.8448E-012
5262 8.8083E-012
5265 8.8108E-012
5268 8.7990E-012
5271 8.7826E-012
5273 8.8128E-012
5276 8.7352E-012
5279 8.7192E-012
5282 8.7271E-012
5284 8.7271E-012
5287 8.7198E-012
5290 8.6781E-012
5293 8.6862E-012
5295 8.6669E-012
5298 8.6888E-012
5301 8.6522E-012
5304 8.6148E-012
5306 8.6173E-012
5309 8.6009E-012
5312 8.6021E-012
5315 8.5367E-012
5317 8.5420E-012
5320 8.5172E-012
5323 8.4846E-012
5325 8.5065E-012
5328 8.4371E-012
5331 8.4406E-012
5334 8.4996E-012
5336 8.4726E-012
5339 8.4595E-012
5342 8.4361E-012
5345 8.4080E-012
5347 8.4092E-012
5350 8.4205E-012
5353 8.4252E-012
5356 8.3857E-012
5358 8.3738E-012
5361 8.3890E-012
5364 8.3659E-012
5367 8.3445E-012
5369 8.3126E-012
5372 8.2795E-012
5375 8.3050E-012
5378 8.2977E-012
5380 8.2636E-012
5383 8.2645E-012
5386 8.2251E-012
5389 8.1950E-012
5391 8.2144E-012
5394 8.1783E-012
5397 8.1703E-012
5400 8.1442E-012
5402 8.1176E-012
5405 8.1230E-012
5408 8.1303E-012
5410 8.1060E-012
5413 8.0913E-012
5416 8.0878E-012
5419 8.0909E-012
5421 8.0617E-012
5424 8.0661E-012
5427 8.0416E-012
5430 7.9639E-012
5432 7.9428E-012
5435 7.9690E-012
5438 7.9814E-012
5441 7.9746E-012
5443 7.9923E-012
5446 7.9449E-012
5449 7.9390E-012
5452 7.8820E-012
5456 7.8869E-012
5461 7.9556E-012
5466 7.8848E-012
5471 7.8495E-012
5476 7.8686E-012
5481 7.8514E-012
5486 7.8231E-012
5490 7.7957E-012
5495 7.7952E-012
5500 7.7537E-012
5505 7.7486E-012
5510 7.6897E-012
5515 7.7050E-012
5520 7.7158E-012
5525 7.7122E-012
5529 7.6541E-012
5534 7.6010E-012
5539 7.5629E-012
5544 7.5792E-012
5549 7.5710E-012
5554 7.5480E-012
5559 7.5045E-012
5564 7.4683E-012
5568 7.4587E-012
5573 7.4482E-012
5578 7.4276E-012
5583 7.3839E-012
5588 7.3407E-012
5593 7.3258E-012
5598 7.3299E-012
5603 7.3089E-012
5607 7.2668E-012
5612 7.2628E-012
5617 7.2497E-012
5622 7.2570E-012
5627 7.2346E-012
5632 7.1670E-012
5637 7.0635E-012
5642 7.0934E-012
5646 7.0987E-012
5651 7.0746E-012
5656 7.1199E-012
5661 7.0761E-012
5666 7.0592E-012
5671 7.0291E-012
5676 7.0621E-012
5680 7.0499E-012
5685 6.9572E-012
5690 6.9810E-012
5695 6.9751E-012
5700 6.9243E-012
5705 6.9258E-012
5710 6.8981E-012
5715 6.8956E-012
5719 6.8581E-012
5724 6.8782E-012
5729 6.8404E-012
5734 6.8131E-012
5739 6.8234E-012
5744 6.7875E-012
5749 6.7693E-012
5754 6.7775E-012
5758 6.7365E-012
5763 6.7087E-012
5768 6.6666E-012
5773 6.6777E-012
5778 6.6949E-012
5783 6.6139E-012
5788 6.6027E-012
5793 6.6325E-012
5797 6.5856E-012
5802 6.5747E-012
5807 6.4871E-012
5812 6.5022E-012
5817 6.5241E-012
5822 6.4861E-012
5827 6.4923E-012
5832 6.4468E-012
5836 6.4637E-012
5841 6.4260E-012
5846 6.4093E-012
5851 6.3723E-012
5856 6.3842E-012
5861 6.3199E-012
5866 6.2864E-012
5871 6.2345E-012
5875 6.0745E-012
5880 6.0847E-012
5885 6.1698E-012
5890 6.0831E-012
5895 6.0835E-012
5900 6.1305E-012
5905 6.1749E-012
5910 6.2162E-012
5914 6.2014E-012
5919 6.1874E-012
5924 6.1304E-012
5929 6.1217E-012
5934 6.1354E-012
5939 6.1400E-012
5944 6.0432E-012
5949 6.0697E-012
5953 6.0798E-012
5958 6.0439E-012
5963 6.0539E-012
5968 6.0199E-012
5973 6.0005E-012
5978 5.9987E-012
5983 5.9796E-012
5988 5.9753E-012
5992 5.9412E-012
5997 5.9366E-012
6002 5.9181E-012
6007 5.9021E-012
6012 5.8944E-012
6017 5.8844E-012
6022 5.8632E-012
6027 5.8600E-012
6031 5.8355E-012
6036 5.8023E-012
6041 5.8614E-012
6046 5.8217E-012
6051 5.7869E-012
6056 5.7609E-012
6061 5.7262E-012
6066 5.7241E-012
6071 5.7013E-012
6075 5.6918E-012
6080 5.7034E-012
6085 5.6629E-012
6090 5.6339E-012
6095 5.6171E-012
6100 5.6236E-012
6105 5.6066E-012
6110 5.5879E-012
6114 5.5795E-012
6119 5.5645E-012
6124 5.5272E-012
6129 5.5322E-012
6134 5.5643E-012
6139 5.5250E-012
6144 5.4917E-012
6149 5.4768E-012
6153 5.4574E-012
6158 5.4257E-012
6163 5.4379E-012
6168 5.4254E-012
6173 5.4366E-012
6178 5.4296E-012
6183 5.3834E-012
6188 5.3939E-012
6192 5.3727E-012
6197 5.3686E-012
6202 5.3582E-012
6207 5.3245E-012
6212 5.3344E-012
6217 5.2939E-012
6222 5.2815E-012
6227 5.2876E-012
6231 5.2891E-012
6236 5.2897E-012
6241 5.2292E-012
6246 5.2238E-012
6251 5.2116E-012
6256 5.2254E-012
6261 5.1782E-012
6266 5.1363E-012
6271 5.1599E-012
6275 5.1496E-012
6280 5.1093E-012
6285 5.0906E-012
6290 5.1350E-012
6295 5.1436E-012
6300 5.1303E-012
6305 5.0549E-012
6310 5.0449E-012
6314 5.0217E-012
6319 4.9795E-012
6324 4.9395E-012
6329 4.9182E-012
6334 4.9002E-012
6339 4.9198E-012
6344 4.9387E-012
6349 4.9084E-012
6353 4.9503E-012
6358 4.9529E-012
6363 4.9410E-012
6368 4.8795E-012
6373 4.8483E-012
6378 4.8526E-012
6383 4.8753E-012
6388 4.8832E-012
6392 4.8633E-012
6397 4.8813E-012
6402 4.8257E-012
6407 4.7794E-012
6412 4.7780E-012
6417 4.7872E-012
6422 4.8099E-012
6427 4.7715E-012
6432 4.7667E-012
6436 4.7551E-012
6441 4.7339E-012
6446 4.6973E-012
6451 4.6927E-012
6456 4.6817E-012
6461 4.6495E-012
6466 4.6731E-012
6471 4.6712E-012
6475 4.6545E-012
6480 4.6268E-012
6485 4.6132E-012
6490 4.6249E-012
6495 4.6177E-012
6500 4.5933E-012
6505 4.5615E-012
6510 4.5608E-012
6514 4.5735E-012
6519 4.5476E-012
6524 4.5133E-012
6529 4.5192E-012
6534 4.5135E-012
6539 4.4609E-012
6544 4.3936E-012
6549 4.2990E-012
6554 4.0902E-012
6558 3.8879E-012
6563 3.5526E-012
6568 3.7102E-012
6573 4.0162E-012
6578 4.1667E-012
6583 4.2393E-012
6588 4.3380E-012
6593 4.3308E-012
6597 4.3665E-012
6602 4.3606E-012
6607 4.3721E-012
6612 4.3596E-012
6617 4.3594E-012
6622 4.3417E-012
6627 4.3473E-012
6632 4.3176E-012
6636 4.2808E-012
6641 4.2946E-012
6646 4.2735E-012
6651 4.2673E-012
6656 4.2658E-012
6661 4.2824E-012
6666 4.2597E-012
6671 4.2139E-012
6676 4.1556E-012
6680 4.0953E-012
6685 4.1719E-012
6690 4.1991E-012
6695 4.2070E-012
6700 4.1979E-012
6705 4.1974E-012
6710 4.1956E-012
6715 4.1824E-012
6719 4.1603E-012
6724 4.1364E-012
6729 4.1490E-012
6734 4.1306E-012
6739 4.1340E-012
6744 4.1341E-012
6749 4.1205E-012
6754 4.1181E-012
6759 4.1042E-012
6763 4.0946E-012
6768 4.0794E-012
6773 4.0719E-012
6778 4.0685E-012
6783 4.0412E-012
6788 4.0340E-012
6793 4.0223E-012
6798 4.0239E-012
6802 4.0237E-012
6807 4.0074E-012
6812 3.9949E-012
6817 3.9837E-012
6822 3.9795E-012
6827 3.9710E-012
6832 3.9657E-012
6837 3.9452E-012
6842 3.9506E-012
6846 3.9264E-012
6851 3.9044E-012
6856 3.8925E-012
6861 3.8914E-012
6866 3.8922E-012
6871 3.9065E-012
6876 3.9041E-012
6881 3.8533E-012
6885 3.8749E-012
6890 3.8618E-012
6895 3.8702E-012
6900 3.8504E-012
6905 3.8404E-012
6910 3.8348E-012
6915 3.8065E-012
6920 3.7905E-012
6925 3.7925E-012
6929 3.8004E-012
6934 3.7690E-012
6939 3.7570E-012
6944 3.7566E-012
6949 3.7198E-012
6954 3.7433E-012
6959 3.7348E-012
6964 3.7440E-012
6968 3.7201E-012
6973 3.7138E-012
6978 3.7110E-012
6983 3.6896E-012
6988 3.6810E-012
6993 3.6811E-012
6998 3.6450E-012
7003 3.6519E-012
7008 3.6541E-012
7012 3.6540E-012
7017 3.6317E-012
7022 3.6187E-012
7027 3.6159E-012
7032 3.5990E-012
7037 3.5969E-012
7042 3.6001E-012
7047 3.5735E-012
7051 3.5930E-012
7056 3.5652E-012
7061 3.5291E-012
7066 3.4618E-012
7071 3.4791E-012
7076 3.5137E-012
7081 3.5321E-012
7086 3.5075E-012
7091 3.5150E-012
7095 3.5033E-012
7100 3.4985E-012
7105 3.4854E-012
7110 3.4990E-012
7115 3.4804E-012
7120 3.4772E-012
7125 3.4765E-012
7130 3.4651E-012
7134 3.4511E-012
7139 3.4337E-012
7144 3.4414E-012
7149 3.4244E-012
7154 3.4193E-012
7159 3.4148E-012
7164 3.4231E-012
7169 3.3843E-012
7174 3.3910E-012
7178 3.3824E-012
7183 3.3782E-012
7188 3.3729E-012
7193 3.3619E-012
7198 3.3525E-012
7203 3.3491E-012
7208 3.3501E-012
7213 3.3456E-012
7218 3.3377E-012
7222 3.3182E-012
7227 3.3076E-012
7232 3.2950E-012
7237 3.2771E-012
7242 3.2640E-012
7247 3.2580E-012
7252 3.2619E-012
7257 3.2595E-012
7261 3.2606E-012
7266 3.2447E-012
7271 3.2433E-012
7276 3.2249E-012
7281 3.2028E-012
7286 3.1991E-012
7291 3.1980E-012
7296 3.2046E-012
7301 3.1963E-012
7305 3.1815E-012
7310 3.1854E-012
7315 3.1959E-012
7320 3.1977E-012
7325 3.1833E-012
7330 3.1621E-012
7335 3.1719E-012
7340 3.1546E-012
7345 3.1287E-012
7349 3.1375E-012
7354 3.1235E-012
7359 3.1307E-012
7364 3.1233E-012
7369 3.1154E-012
7374 3.1077E-012
7379 3.0896E-012
7384 3.0961E-012
7388 3.0842E-012
7393 3.0818E-012
7398 3.0901E-012
7403 3.0729E-012
7408 3.0495E-012
7413 3.0386E-012
7418 3.0455E-012
7423 3.0380E-012
7428 3.0235E-012
7432 3.0210E-012
7437 3.0126E-012
7442 3.0125E-012
7447 3.0032E-012
7452 3.0043E-012
7457 2.9837E-012
7462 2.9941E-012
7467 2.9827E-012
7471 2.9673E-012
7476 2.9541E-012
7481 2.9617E-012
7486 2.9488E-012
7491 2.9423E-012
7496 2.9404E-012
7501 2.9349E-012
7506 2.9234E-012
7511 2.9273E-012
7515 2.9265E-012
7520 2.9097E-012
7525 2.8925E-012
7530 2.8971E-012
7535 2.8972E-012
7540 2.8905E-012
7545 2.8972E-012
7550 2.8742E-012
7555 2.8734E-012
7559 2.8708E-012
7564 2.8590E-012
7569 2.8448E-012
7574 2.8409E-012
7579 2.8514E-012
7584 2.8425E-012
7589 2.8450E-012
7594 2.8249E-012
7598 2.8269E-012
7603 2.8082E-012
7608 2.7954E-012
7613 2.7771E-012
7618 2.7868E-012
7623 2.7756E-012
7628 2.7746E-012
7633 2.7735E-012
7638 2.7698E-012
7642 2.7617E-012
7647 2.7549E-012
7652 2.7571E-012
7657 2.7542E-012
7662 2.7432E-012
7667 2.7332E-012
7672 2.7346E-012
7677 2.7190E-012
7682 2.7056E-012
7686 2.7134E-012
7691 2.7111E-012
7696 2.7172E-012
7701 2.7022E-012
7706 2.7149E-012
7711 2.6917E-012
7716 2.6850E-012
7721 2.6731E-012
7725 2.6706E-012
7730 2.6784E-012
7735 2.6744E-012
7740 2.6742E-012
7745 2.6556E-012
7750 2.6644E-012
7755 2.6435E-012
7760 2.6600E-012
7765 2.6343E-012
7769 2.6091E-012
7774 2.5372E-012
7779 2.5528E-012
7784 2.5859E-012
7789 2.5946E-012
7794 2.5991E-012
7799 2.6144E-012
7804 2.6076E-012
7809 2.6057E-012
7813 2.5980E-012
7818 2.5831E-012
7823 2.5806E-012
7828 2.5747E-012
7833 2.5530E-012
7838 2.5560E-012
7843 2.5440E-012
7848 2.5271E-012
7852 2.5422E-012
7857 2.5404E-012
7862 2.5539E-012
7867 2.5473E-012
7872 2.5186E-012
7877 2.5095E-012
7882 2.5023E-012
7887 2.4916E-012
7892 2.4893E-012
7896 2.4934E-012
7901 2.5011E-012
7906 2.4974E-012
7911 2.4755E-012
7916 2.4761E-012
7921 2.4826E-012
7926 2.4806E-012
7931 2.4569E-012
7936 2.4749E-012
7940 2.4718E-012
7945 2.4524E-012
7950 2.4506E-012
7955 2.4372E-012
7960 2.4352E-012
7965 2.4179E-012
7970 2.4072E-012
7975 2.4282E-012
7979 2.4163E-012
7984 2.4333E-012
7989 2.4271E-012
7994 2.4214E-012
7999 2.4035E-012
8004 2.3898E-012
8009 2.3961E-012
8014 2.3860E-012
8019 2.3949E-012
8023 2.3828E-012
8028 2.3883E-012
8033 2.3542E-012
8038 2.3490E-012
8043 2.3546E-012
8048 2.3421E-012
8053 2.3481E-012
8058 2.3511E-012
8063 2.3486E-012
8067 2.3290E-012
8072 2.3165E-012
8077 2.3083E-012
8082 2.3109E-012
8087 2.3060E-012
8092 2.3150E-012
8097 2.3001E-012
8102 2.3005E-012
8106 2.2879E-012
8111 2.2922E-012
8116 2.2962E-012
8121 2.2926E-012
8126 2.2791E-012
8131 2.2834E-012
8136 2.2649E-012
8141 2.2624E-012
8146 2.2609E-012
8150 2.2504E-012
8155 2.2644E-012
8160 2.2615E-012
8165 2.2530E-012
8170 2.2492E-012
8175 2.2460E-012
8180 2.2328E-012
8185 2.2109E-012
8190 2.2193E-012
8194 2.2195E-012
8199 2.2232E-012
8204 2.2089E-012
8209 2.1980E-012
8214 2.1907E-012
8219 2.1823E-012
8224 2.1821E-012
8229 2.1838E-012
8233 2.1682E-012
8238 2.1610E-012
8243 2.1811E-012
8248 2.1808E-012
8253 2.1724E-012
8258 2.1620E-012
8263 2.1536E-012
8268 2.1449E-012
8273 2.1403E-012
8277 2.1514E-012
8282 2.1530E-012
8287 2.1386E-012
8292 2.1281E-012
8297 2.1358E-012
8302 2.1252E-012
8307 2.1294E-012
8312 2.1224E-012
8317 2.1082E-012
8321 2.1002E-012
8326 2.0955E-012
8331 2.0939E-012
8336 2.0938E-012
8341 2.0892E-012
8346 2.0830E-012
8351 2.0817E-012
8356 2.0794E-012
8360 2.0645E-012
8365 2.0468E-012
8370 2.0550E-012
8375 2.0678E-012
8380 2.0560E-012
8385 2.0719E-012
8390 2.0485E-012
8395 2.0502E-012
8400 2.0608E-012
8404 2.0329E-012
8409 2.0306E-012
8414 2.0226E-012
8419 2.0320E-012
8424 2.0443E-012
8429 2.0236E-012
8434 2.0281E-012
8439 1.9925E-012
8443 1.9782E-012
8448 1.9641E-012
8453 1.9895E-012
8458 1.9885E-012
8463 1.9940E-012
8468 1.9842E-012
8473 1.9820E-012
8478 1.9975E-012
8483 2.0092E-012
8487 2.0068E-012
8492 1.9887E-012
8497 1.9642E-012
8502 1.9399E-012
8507 1.9331E-012
8512 1.9605E-012
8517 1.9786E-012
8522 1.9924E-012
8527 2.0067E-012
8531 1.9982E-012
8536 1.9592E-012
8541 1.9122E-012
8546 1.8654E-012
8551 1.8857E-012
8556 1.9066E-012
8561 1.9489E-012
8566 1.9902E-012
8570 1.9991E-012
8575 1.9963E-012
8580 1.9803E-012
8585 1.9423E-012
8590 1.8985E-012
8595 1.8510E-012
8600 1.8128E-012
8605 1.8138E-012
8610 1.8813E-012
8614 1.9202E-012
8619 1.9688E-012
8624 1.9661E-012
8629 1.9800E-012
8634 1.9719E-012
8639 1.9639E-012
8644 1.9450E-012
8649 1.9297E-012
8653 1.8623E-012
8658 1.7977E-012
8663 1.7474E-012
8668 1.7293E-012
8673 1.7796E-012
8678 1.8288E-012
8683 1.8784E-012
8688 1.9345E-012
8693 1.9568E-012
8697 1.9640E-012
8702 1.9680E-012
8707 1.9970E-012
8712 1.9774E-012
8717 1.9613E-012
8722 1.9611E-012
8727 1.9306E-012
8732 1.9002E-012
8736 1.8552E-012
8741 1.7833E-012
8746 1.6979E-012
8751 1.6350E-012
8756 1.6533E-012
8761 1.7317E-012
8766 1.7970E-012
8771 1.8453E-012
8776 1.8675E-012
8780 1.8961E-012
8785 1.9097E-012
8790 1.9254E-012
8795 1.9316E-012
8800 1.9326E-012
8805 1.9477E-012
8810 1.9402E-012
8815 1.9230E-012
8820 1.9174E-012
8824 1.9055E-012
8829 1.8984E-012
8834 1.8878E-012
8839 1.8598E-012
8844 1.8350E-012
8849 1.7614E-012
8854 1.6893E-012
8859 1.5997E-012
8863 1.5480E-012
8868 1.5758E-012
8873 1.6539E-012
8878 1.7214E-012
8883 1.7801E-012
8888 1.8241E-012
8893 1.8316E-012
8898 1.8306E-012
8902 1.8465E-012
8907 1.8532E-012
8912 1.8595E-012
8917 1.8671E-012
8922 1.8780E-012
8927 1.8675E-012
8932 1.8593E-012
8937 1.8386E-012
8942 1.8204E-012
8946 1.8373E-012
8951 1.8358E-012
8956 1.8600E-012
8961 1.8401E-012
8966 1.8328E-012
8971 1.8161E-012
8976 1.8133E-012
8981 1.8230E-012
8985 1.8031E-012
8990 1.7821E-012
8995 1.7156E-012
9000 1.6712E-012
9005 1.6013E-012
9010 1.5251E-012
9015 1.4624E-012
9020 1.4719E-012
9025 1.5553E-012
9029 1.6175E-012
9034 1.6908E-012
9039 1.7219E-012
9044 1.7315E-012
9049 1.7621E-012
9054 1.7499E-012
9059 1.7560E-012
9064 1.7635E-012
9068 1.7593E-012
9073 1.7846E-012
9078 1.7843E-012
9083 1.7618E-012
9088 1.7530E-012
9093 1.7423E-012
9098 1.7432E-012
9103 1.7417E-012
9108 1.7459E-012
9112 1.7473E-012
9117 1.7511E-012
9122 1.7370E-012
9127 1.7391E-012
9132 1.7462E-012
9137 1.7333E-012
9142 1.7412E-012
9147 1.7475E-012
9151 1.7325E-012
9156 1.7490E-012
9161 1.7467E-012
9166 1.7153E-012
9171 1.6988E-012
9176 1.6920E-012
9181 1.6820E-012
9186 1.6938E-012
9190 1.6889E-012
9195 1.6815E-012
9200 1.6682E-012
9205 1.6313E-012
9210 1.5929E-012
9215 1.5440E-012
9220 1.5151E-012
9225 1.4489E-012
9230 1.3734E-012
9234 1.3756E-012
9239 1.4404E-012
9244 1.4846E-012
9249 1.5284E-012
9254 1.5719E-012
9259 1.5796E-012
9264 1.5695E-012
9269 1.5721E-012
9273 1.6086E-012
9278 1.6239E-012
9283 1.6343E-012
9288 1.6533E-012
9293 1.6588E-012
9298 1.6468E-012
9303 1.6373E-012
9308 1.6433E-012
9312 1.6217E-012
9317 1.6039E-012
9322 1.6172E-012
9327 1.6068E-012
9332 1.6159E-012
9337 1.6081E-012
9342 1.5960E-012
9347 1.5884E-012
9352 1.5981E-012
9356 1.6052E-012
9361 1.6033E-012
9366 1.5995E-012
9371 1.5877E-012
9376 1.5864E-012
9381 1.5879E-012
9386 1.5805E-012
9391 1.5939E-012
9395 1.5895E-012
9400 1.5879E-012
9405 1.5852E-012
9410 1.5892E-012
9415 1.5741E-012
9420 1.5531E-012
9425 1.5508E-012
9430 1.5543E-012
9434 1.5570E-012
9439 1.5511E-012
9444 1.5395E-012
9449 1.5367E-012
9454 1.5333E-012
9459 1.5458E-012
9464 1.5403E-012
9469 1.5524E-012
9474 1.5581E-012
9478 1.5466E-012
9483 1.5239E-012
9488 1.5224E-012
9493 1.5004E-012
9498 1.4943E-012
9503 1.4888E-012
9508 1.4835E-012
9513 1.4666E-012
9517 1.4452E-012
9522 1.4024E-012
9527 1.3954E-012
9532 1.3707E-012
9537 1.3250E-012
9542 1.2734E-012
9547 1.2172E-012
9552 1.2089E-012
9556 1.2632E-012
9561 1.3427E-012
9566 1.3801E-012
9571 1.4122E-012
9576 1.4188E-012
9581 1.4229E-012
9586 1.4423E-012
9591 1.4392E-012
9595 1.4430E-012
9600 1.4356E-012
9605 1.4404E-012
9610 1.4358E-012
9615 1.4553E-012
9620 1.4512E-012
9625 1.4915E-012
9630 1.4652E-012
9634 1.4517E-012
9639 1.4272E-012
9644 1.4171E-012
9649 1.4261E-012
9654 1.4109E-012
9659 1.4122E-012
9664 1.4162E-012
9669 1.4192E-012
9673 1.4226E-012
9678 1.4170E-012
9683 1.4258E-012
9688 1.4363E-012
9693 1.4445E-012
9698 1.4439E-012
9703 1.4338E-012
9708 1.4092E-012
9712 1.4045E-012
9717 1.3897E-012
9722 1.3789E-012
9727 1.3977E-012
9732 1.3946E-012
9737 1.3827E-012
9742 1.3790E-012
9747 1.3719E-012
9752 1.3868E-012
9756 1.3817E-012
9761 1.3670E-012
9766 1.3707E-012
9771 1.3715E-012
9776 1.3770E-012
9781 1.3863E-012
9786 1.4031E-012
9791 1.4007E-012
9795 1.3822E-012
9800 1.3692E-012
9805 1.3745E-012
9810 1.3706E-012
9815 1.3531E-012
9820 1.3477E-012
9825 1.3305E-012
9830 1.3356E-012
9834 1.3392E-012
9839 1.3326E-012
9844 1.3291E-012
9849 1.3376E-012
9854 1.3420E-012
9859 1.3457E-012
9864 1.3650E-012
9869 1.3294E-012
9873 1.3317E-012
9878 1.3635E-012
9883 1.3510E-012
9888 1.3433E-012
9893 1.3426E-012
9898 1.3415E-012
9903 1.3098E-012
9908 1.3112E-012
9912 1.3097E-012
9917 1.2935E-012
9922 1.3095E-012
9927 1.3078E-012
9932 1.3156E-012
9937 1.2911E-012
9942 1.2982E-012
9947 1.3057E-012
9951 1.2969E-012
9956 1.2862E-012
9961 1.2893E-012
9966 1.2938E-012
9971 1.2811E-012
9976 1.2700E-012
9981 1.2726E-012
9986 1.2796E-012
9990 1.2765E-012
9995 1.2861E-012
1E+004 1.2786E-012
1E+004 1.2801E-012
1.001E+004 1.2625E-012
1.001E+004 1.2613E-012
1.002E+004 1.2439E-012
1.002E+004 1.2232E-012
1.003E+004 1.1923E-012
1.003E+004 1.1845E-012
1.004E+004 1.1443E-012
1.004E+004 1.1038E-012
1.005E+004 1.0591E-012
1.005E+004 1.0464E-012
1.006E+004 1.0851E-012
1.006E+004 1.1187E-012
1.007E+004 1.1375E-012
1.007E+004 1.1697E-012
1.008E+004 1.1902E-012
1.008E+004 1.1950E-012
1.009E+004 1.1908E-012
1.009E+004 1.2114E-012
1.01E+004 1.2132E-012
1.01E+004 1.2134E-012
1.011E+004 1.2047E-012
1.011E+004 1.2230E-012
1.012E+004 1.2323E-012
1.012E+004 1.2275E-012
1.013E+004 1.2294E-012
1.013E+004 1.2331E-012
1.014E+004 1.2183E-012
1.014E+004 1.1958E-012
1.015E+004 1.2111E-012
1.015E+004 1.2238E-012
1.016E+004 1.2091E-012
1.016E+004 1.2089E-012
1.017E+004 1.2076E-012
1.017E+004 1.2056E-012
1.018E+004 1.2102E-012
1.018E+004 1.2049E-012
1.019E+004 1.2076E-012
1.019E+004 1.1931E-012
1.02E+004 1.2039E-012
1.02E+004 1.1904E-012
1.02E+004 1.1938E-012
1.021E+004 1.2014E-012
1.021E+004 1.2104E-012
1.022E+004 1.2174E-012
