3643.54199835 3.31578397199e-11
3648.4670423 6.75758601273e-12
3653.39191334 3.60797939554e-12
3658.31661008 2.45826337324e-12
3663.24113111 2.02985229679e-12
3668.16547504 1.62683599001e-12
3673.08964044 1.38611810291e-12
3678.01362595 1.2303486108e-12
3682.93743014 1.1821793354e-12
3687.86105162 1.05697119858e-12
3692.78448899 9.32330144887e-13
3697.70774084 9.1464053911e-13
3702.63080579 8.64689726032e-13
3707.55368243 8.31511771655e-13
3712.47636935 8.06208280088e-13
3717.39886515 8.04353818418e-13
3722.32116844 7.89642055635e-13
3727.24327783 8.14017666922e-13
3732.16519189 8.20604036258e-13
3737.08690924 8.3116266503e-13
3742.00842847 8.86921386935e-13
3746.9297482 8.86168506735e-13
3751.85086699 9.03445534902e-13
3756.77178349 9.64239256392e-13
3761.69249626 9.70475452959e-13
3766.61300391 1.06894127517e-12
3771.53330504 1.15928275276e-12
3776.45339827 1.29233047562e-12
3781.37328216 1.379060623e-12
3786.29295535 1.37493626093e-12
3791.2124164 1.39030605541e-12
3796.13166395 1.48057224533e-12
3801.05069658 1.69776125564e-12
3805.96951288 2.03199477742e-12
3810.88811146 2.33824720535e-12
3815.80649092 2.3771628483e-12
3820.72464986 2.19814921272e-12
3825.64258687 1.98827179977e-12
3830.56030058 1.79100932172e-12
3835.47778954 1.74673499004e-12
3840.3950524 1.91026815495e-12
3845.31208772 2.20522043904e-12
3850.22889413 2.43038811247e-12
3855.14547021 2.56289616687e-12
3860.06181457 2.57271639879e-12
3864.97792579 2.52377938219e-12
3869.89380251 2.41715544835e-12
3874.80944328 2.14558381992e-12
3879.72484674 1.88894710652e-12
3884.64001146 1.67627657172e-12
3889.55493607 1.6176915387e-12
3894.46961913 1.71574346377e-12
3899.38405928 2.02545663802e-12
3904.2982551 2.35874602815e-12
3909.2122052 2.61381773011e-12
3914.12590815 2.74637381689e-12
3919.03936259 2.81753763409e-12
3923.95256709 2.83751146777e-12
3928.86552027 2.80078840242e-12
3933.7782207 2.80898789439e-12
3938.69066702 2.76530400814e-12
3943.60285779 2.73792033204e-12
3948.51479164 2.66109812634e-12
3953.42646715 2.4677101655e-12
3958.33788295 2.21137293484e-12
3963.2490376 1.89591045885e-12
3968.15992973 1.66542515623e-12
3973.0705579 1.56988291391e-12
3977.98092077 1.6826860513e-12
3982.89101687 1.95087350147e-12
3987.80084487 2.24901399874e-12
3992.71040331 2.46374047559e-12
3997.61969081 2.59110662922e-12
4002.528706 2.66019261994e-12
4007.43744744 2.71052786241e-12
4012.34591375 2.72228715067e-12
4017.25410351 2.74811246222e-12
4022.16201535 2.75852763936e-12
4027.06964784 2.78003779561e-12
4031.9769996 2.77606189344e-12
4036.88406921 2.76284104082e-12
4041.7908553 2.71767048921e-12
4046.69735643 2.70870918847e-12
4051.60357124 2.68890654067e-12
4056.50949829 2.66703205289e-12
4061.41513622 2.64314223426e-12
4066.32048359 2.62991352226e-12
4071.22553904 2.57658662681e-12
4076.13030113 2.52898495197e-12
4081.03476849 2.46138661227e-12
4085.9389397 2.3181072034e-12
4090.84281337 2.13869280484e-12
4095.74638809 1.88698276752e-12
4100.64966248 1.64159666541e-12
4105.55263511 1.48354968865e-12
4110.45530462 1.54393035108e-12
4115.35766956 1.75564311614e-12
4120.25972857 2.02792940699e-12
4125.16148023 2.2052118822e-12
4130.06292314 2.31557522709e-12
4134.96405592 2.37628299459e-12
4139.86487714 2.43507658672e-12
4144.76538541 2.48908653645e-12
4149.66557934 2.51164657227e-12
4154.56545752 2.53452604109e-12
4159.46501855 2.52120852136e-12
4164.36426103 2.52267865046e-12
4169.26318357 2.48611561612e-12
4174.16178475 2.45146518585e-12
4179.06006319 2.42289008292e-12
4183.95801747 2.40224903697e-12
4188.8556462 2.40549501514e-12
4193.752948 2.42285008495e-12
4198.64992143 2.41359651005e-12
4203.54656511 2.4141357662e-12
4208.44287764 2.40865148429e-12
4213.33885762 2.3968954852e-12
4218.23450364 2.39288059145e-12
4223.12981432 2.38565622887e-12
4228.02478823 2.365271707e-12
4232.91942401 2.36912088635e-12
4237.81372021 2.35711746769e-12
4242.70767547 2.35375013239e-12
4247.60128837 2.3396204542e-12
4252.49455751 2.32863318174e-12
4257.3874815 2.32866554979e-12
4262.28005894 2.31236801605e-12
4267.17228841 2.29885651517e-12
4272.06416853 2.29457109817e-12
4276.95569789 2.3158196599e-12
4281.8468751 2.30668293947e-12
4286.73769874 2.31116659044e-12
4291.62816744 2.32581193404e-12
4296.51827976 2.30535138777e-12
4301.40803434 2.28268842474e-12
4306.29742974 2.24645161235e-12
4311.1864646 2.21776821594e-12
4316.07513748 2.1765591909e-12
4320.96344701 2.11453312487e-12
4325.85139177 2.00852627612e-12
4330.73897038 1.83476400312e-12
4335.62618143 1.61510805553e-12
4340.51302351 1.41770873247e-12
4345.39949523 1.29635435182e-12
4350.28559517 1.27849619312e-12
4355.17132197 1.42789819389e-12
4360.05667419 1.66029455454e-12
4364.94165046 1.87335977802e-12
4369.82624936 2.01417989179e-12
4374.71046949 2.079996375e-12
4379.59430946 2.12711852989e-12
4384.47776787 2.14241657007e-12
4389.3608433 2.1412977524e-12
4394.24353437 2.16427158702e-12
4399.12583967 2.13761871437e-12
4404.00775781 2.14507035097e-12
4408.88928737 2.14900260175e-12
4413.77042697 2.14436525649e-12
4418.65117519 2.13152763165e-12
4423.53153067 2.11593657072e-12
4428.41149195 2.11596055145e-12
4433.29105768 2.10724229077e-12
4438.17022643 2.11569921655e-12
4443.04899681 2.11183649104e-12
4447.92736742 2.10958236089e-12
4452.80533686 2.09606370232e-12
4457.68290372 2.07872853009e-12
4462.56006663 2.06697677199e-12
4467.43682414 2.05306071777e-12
4472.31317489 2.04039450097e-12
4477.18911747 2.0310487261e-12
4482.06465048 2.02228550592e-12
4486.9397725 2.00713653839e-12
4491.81448216 2.00540129152e-12
4496.68877804 1.99983653275e-12
4501.56265875 2.01626563672e-12
4506.43612287 2.01717850349e-12
4511.30916902 2.01214002774e-12
4516.1817958 2.01535053077e-12
4521.05400179 2.00131288069e-12
4525.92578562 2.00081446265e-12
4530.79714587 1.99361237734e-12
4535.66808113 1.98670117554e-12
4540.53859002 1.976071049e-12
4545.40867113 1.95117640067e-12
4550.27832306 1.93465219755e-12
4555.14754442 1.9041973233e-12
4560.01633378 1.90184577145e-12
4564.88468978 1.89658409845e-12
4569.75261099 1.90267227344e-12
4574.62009603 1.90251770777e-12
4579.48714347 1.90976745754e-12
4584.35375194 1.88945941667e-12
4589.21992002 1.88017840589e-12
4594.08564633 1.86608754135e-12
4598.95092944 1.87499042149e-12
4603.81576798 1.88525309524e-12
4608.68016053 1.89388826205e-12
4613.54410571 1.90332227437e-12
4618.40760208 1.90237668587e-12
4623.27064829 1.87789311475e-12
4628.1332429 1.85900470434e-12
4632.99538454 1.85709159024e-12
4637.85707177 1.85930855535e-12
4642.71830323 1.8481787131e-12
4647.57907749 1.84888241027e-12
4652.43939318 1.84981656897e-12
4657.29924887 1.84302125685e-12
4662.15864319 1.84290948814e-12
4667.01757469 1.83588373454e-12
4671.87604202 1.82943648297e-12
4676.73404376 1.82542108909e-12
4681.59157852 1.81968942942e-12
4686.44864487 1.8261434737e-12
4691.30524145 1.83639591882e-12
4696.16136683 1.82416727837e-12
4701.01701961 1.80586888917e-12
4705.87219841 1.79093902674e-12
4710.72690181 1.7831343632e-12
4715.58112843 1.77894018052e-12
4720.43487684 1.7731472092e-12
4725.28814568 1.77403718027e-12
4730.1409335 1.75747247165e-12
4734.99323895 1.75795868715e-12
4739.84506059 1.7513090764e-12
4744.69639704 1.74295741152e-12
4749.5472469 1.7429172287e-12
4754.39760877 1.75263000392e-12
4759.24748123 1.73858817155e-12
4764.0968629 1.7434690825e-12
4768.94575237 1.73753603574e-12
4773.79414825 1.7337128069e-12
4778.64204912 1.73528220167e-12
4783.48945361 1.74026566705e-12
4788.33636029 1.72643054445e-12
4793.18276777 1.71769694912e-12
4798.02867466 1.70275673792e-12
4802.87407955 1.69182420094e-12
4807.71898103 1.67379179785e-12
4812.56337773 1.6711048561e-12
4817.4072682 1.650854677e-12
4822.2506511 1.63744723557e-12
4827.09352497 1.61037847313e-12
4831.93588846 1.59479582933e-12
4836.77774014 1.56927761873e-12
4841.61907862 1.52441531352e-12
4846.45990249 1.47026803421e-12
4851.30021037 1.36793079939e-12
4856.14000084 1.22957491247e-12
4860.97927251 1.10208824711e-12
4865.81802397 1.01123664092e-12
4870.65625382 9.87231493767e-13
4875.49396067 1.05120883336e-12
4880.33114311 1.18013008915e-12
4885.16779976 1.31977368331e-12
4890.00392919 1.40700195555e-12
4894.83953002 1.48268975693e-12
4899.67460084 1.51439825537e-12
4904.50914026 1.53651017056e-12
4909.34314686 1.55214596648e-12
4914.17661927 1.5530555401e-12
4919.00955604 1.54319014725e-12
4923.84195583 1.54641243803e-12
4928.67381719 1.53749271314e-12
4933.50513876 1.54091908033e-12
4938.33591911 1.54747939067e-12
4943.16615686 1.5546408308e-12
4947.99585059 1.56080033238e-12
4952.82499891 1.54802301047e-12
4957.65360041 1.53916241788e-12
4962.48165371 1.53764715114e-12
4967.30915739 1.54093652874e-12
4972.13611006 1.54136818887e-12
4976.96251031 1.54052190517e-12
4981.78835676 1.52168333434e-12
4986.61364799 1.52182168066e-12
4991.43838261 1.51959988542e-12
4996.2625592 1.50765112636e-12
5001.0861764 1.49365592242e-12
5005.90923276 1.48088021779e-12
5010.73172692 1.47839789297e-12
5015.55365745 1.46674773435e-12
5020.37502298 1.46096998656e-12
5025.19582208 1.45773042261e-12
5030.01605337 1.44313432466e-12
5034.83571543 1.44717075013e-12
5039.65480688 1.45966565584e-12
5044.47332631 1.46649842568e-12
5049.29127232 1.46238226346e-12
5054.10864352 1.46458204783e-12
5058.92543849 1.46842668498e-12
5063.74165585 1.45898076171e-12
5068.55729419 1.45326525389e-12
5073.3723521 1.43538474667e-12
5078.18682818 1.40947026565e-12
5083.00072106 1.4170026872e-12
5087.81402931 1.40306767794e-12
5092.62675153 1.39645917708e-12
5097.43888633 1.39919407387e-12
5102.25043231 1.38481366157e-12
5107.06138807 1.37811350943e-12
5111.87175221 1.37052042634e-12
5116.6815233 1.38088070719e-12
5121.49069999 1.37838108781e-12
5126.29928085 1.36918107019e-12
5131.10726448 1.35896577539e-12
5135.91464949 1.35566132453e-12
5140.72143446 1.34360874042e-12
5145.52761801 1.33828304338e-12
5150.33319875 1.33565952164e-12
5155.13817524 1.32906961938e-12
5159.94254611 1.32311955985e-12
5164.74630995 1.32816976244e-12
5169.54946537 1.32375513999e-12
5174.35201095 1.31640434468e-12
5179.15394531 1.31072930049e-12
5183.95526702 1.30630414488e-12
5188.75597473 1.31055488458e-12
5193.55606698 1.30311562106e-12
5198.35554243 1.29914137953e-12
5203.15439963 1.29731522922e-12
5207.95263719 1.28340611003e-12
5212.75025373 1.27871087298e-12
5217.54724783 1.27970964883e-12
5222.34361811 1.26456438278e-12
5227.13936315 1.25335351336e-12
5231.93448156 1.25252194387e-12
5236.72897193 1.24655243623e-12
5241.52283287 1.2448045486e-12
5246.31606296 1.23753477701e-12
5251.10866083 1.24848207944e-12
5255.90062506 1.25034041278e-12
5260.69195426 1.25473962107e-12
5265.48264702 1.23470974111e-12
5270.27270194 1.23748550008e-12
5275.06211762 1.22512059229e-12
5279.85089268 1.22319641425e-12
5284.63902568 1.22255531134e-12
5289.42651526 1.22403182355e-12
5294.21335999 1.22939856048e-12
5298.99955848 1.23111062899e-12
5303.78510933 1.22007994369e-12
5308.57001115 1.20878112644e-12
5313.35426252 1.20373327719e-12
5318.13786205 1.2009400553e-12
5322.92080834 1.18898197174e-12
5327.7031 1.187126468e-12
5332.4847356 1.18685199521e-12
5337.26571377 1.18078046815e-12
5342.0460331 1.1909947176e-12
5346.82569218 1.18943738798e-12
5351.60468961 1.19560453363e-12
5356.38302401 1.19955652951e-12
5361.16069396 1.19734388297e-12
5365.93769807 1.19687307186e-12
5370.71403493 1.19722930458e-12
5375.48970314 1.18177415145e-12
5380.26470131 1.18319057323e-12
5385.03902802 1.18424729587e-12
5389.81268191 1.18321457649e-12
5394.58566154 1.1742742177e-12
5399.35796552 1.16550416891e-12
5404.12959245 1.16339074369e-12
5408.90054094 1.14684508882e-12
5413.67080958 1.14812394692e-12
5418.44039697 1.14127526295e-12
5423.20930171 1.13800254218e-12
5427.9775224 1.13707608815e-12
5432.74505764 1.13322888528e-12
5437.51190603 1.136606463e-12
5442.27806618 1.13496282747e-12
5447.04353667 1.13692284974e-12
5451.8083161 1.12886396941e-12
5456.57240308 1.12740811041e-12
5461.33579622 1.12866913729e-12
5466.0984941 1.12630433092e-12
5470.86049532 1.12885367946e-12
5475.62179851 1.12773881404e-12
5480.38240222 1.12815703553e-12
5485.14230509 1.12476442567e-12
5489.9015057 1.12528301237e-12
5494.66000265 1.12843430982e-12
5499.41779455 1.12280970914e-12
5504.17488 1.12489338112e-12
5508.93125759 1.12532771163e-12
5513.68692592 1.12890871994e-12
5518.44188359 1.1401118649e-12
5523.19612922 1.13568556202e-12
5527.94966138 1.14115775637e-12
5532.70247869 1.13941877661e-12
5537.45457972 1.13754264613e-12
5542.20596311 1.13108141246e-12
5546.95662744 1.12848265451e-12
5551.70657129 1.1266833895e-12
5556.45579331 1.12424678417e-12
5561.20429205 1.11102236127e-12
5565.95206614 1.10833252719e-12
5570.69911415 1.09638782281e-12
5575.44543473 1.09028736054e-12
5580.19102642 1.08980426746e-12
5584.93588787 1.09080347313e-12
5589.68001763 1.09024714139e-12
5594.42341435 1.08889295355e-12
5599.16607659 1.08489873198e-12
5603.90800298 1.09021146066e-12
5608.6491921 1.08541044874e-12
5613.38964256 1.08459276029e-12
5618.12935294 1.07915296658e-12
5622.86832188 1.07131194807e-12
5627.60654793 1.06731882475e-12
5632.34402973 1.06567116826e-12
5637.08076586 1.05559326865e-12
5641.81675492 1.05805805249e-12
5646.5519955 1.05385330116e-12
5651.28648623 1.04985998349e-12
5656.02022569 1.04406706726e-12
5660.75321248 1.03526432611e-12
5665.48544519 1.02770095873e-12
5670.21692245 1.0251244188e-12
5674.94764282 1.02391992079e-12
5679.67760493 1.02368006799e-12
5684.40680737 1.00787345008e-12
5689.13524874 1.01187706972e-12
5693.86292764 1.0111895383e-12
5698.58984267 1.00229826827e-12
5703.31599241 9.98093782094e-13
5708.0413755 9.96789410859e-13
5712.7659905 9.96597844449e-13
5717.48983605 1.00473405372e-12
5722.2129107 9.98158488512e-13
5726.93521308 9.97318096395e-13
5731.6567418 9.95950199487e-13
5736.37749543 9.9600751096e-13
5741.09747261 9.91716339089e-13
5745.81667188 9.91258204097e-13
5750.5350919 9.9188756441e-13
5755.25273123 9.9348407081e-13
5759.96958849 9.84190266532e-13
5764.68566227 9.78519243684e-13
5769.40095118 9.79593237307e-13
5774.11545381 9.77503433075e-13
5778.82916875 9.61591757959e-13
5783.54209462 9.50358397142e-13
5788.25423002 9.48115065527e-13
5792.96557353 9.44350005752e-13
5797.67612376 9.43078038062e-13
5802.38587931 9.40607371665e-13
5807.09483878 9.44349603289e-13
5811.80300076 9.50722820857e-13
5816.51036388 9.43799739354e-13
5821.2169267 9.37594808734e-13
5825.92268786 9.42589132039e-13
5830.62764591 9.38907210499e-13
5835.3317995 9.27868482504e-13
5840.03514718 9.347397074e-13
5844.7376876 9.38567061667e-13
5849.43941932 9.34386519714e-13
5854.14034097 9.38649912679e-13
5858.84045113 9.29258052074e-13
5863.53974841 9.34000376915e-13
5868.23823139 9.34986779262e-13
5872.9358987 9.30543204859e-13
5877.63274891 9.14269721428e-13
5882.32878064 9.14351227585e-13
5887.02399248 9.07513179432e-13
5891.71838303 8.8985748943e-13
5896.41195089 8.80922976347e-13
5901.10469467 8.8298352935e-13
5905.79661297 8.88464019647e-13
5910.48770436 8.95342021182e-13
5915.17796748 9.05779033753e-13
5919.86740089 9.05006954432e-13
5924.55600323 9.0521306079e-13
5929.24377306 9.05548350177e-13
5933.93070902 9.02067914232e-13
5938.61680967 9.02767390057e-13
5943.30207364 8.96276895798e-13
5947.98649951 8.89373443255e-13
5952.6700859 8.86591683495e-13
5957.35283138 8.85346133273e-13
5962.03473458 8.84518868315e-13
5966.71579408 8.7879724615e-13
5971.39600849 8.85315530182e-13
5976.0753764 8.88975808573e-13
5980.75389642 8.83171154382e-13
5985.43156713 8.81241687453e-13
5990.10838717 8.82165112557e-13
5994.7843551 8.81588770342e-13
5999.45946953 8.8571193712e-13
6004.13372907 8.85282879352e-13
6008.80713231 8.88285312103e-13
6013.47967785 8.89571405568e-13
6018.1513643 8.82995932465e-13
6022.82219024 8.79072185073e-13
6027.49215429 8.78973210372e-13
6032.16125503 8.81398025263e-13
6036.82949109 8.77729716682e-13
6041.49686103 8.7962935966e-13
6046.16336349 8.73374873633e-13
6050.82899703 8.67832741032e-13
6055.49376029 8.66315146938e-13
6060.15765181 8.69458659428e-13
6064.82067026 8.64458195535e-13
6069.48281421 8.57175899977e-13
6074.14408224 8.4907624454e-13
6078.80447298 8.47494843112e-13
6083.46398501 8.4749077336e-13
6088.12261694 8.4644791025e-13
6092.78036736 8.45073017645e-13
6097.43723489 8.44868393813e-13
6102.09321809 8.37541487035e-13
6106.74831561 8.28938707738e-13
6111.402526 8.23200818737e-13
6116.05584791 8.21683813082e-13
6120.70827989 8.16218516237e-13
6125.35982058 8.26428432252e-13
6130.01046855 8.16559950362e-13
6134.66022243 8.0742767544e-13
6139.30908078 8.06204051282e-13
6143.95704224 7.97904282502e-13
6148.60410538 8.04753520182e-13
6153.25026882 7.945594208e-13
6157.89553114 8.00339504587e-13
6162.53989095 7.89869224145e-13
6167.18334686 7.9644977628e-13
6171.82589746 7.99428336782e-13
6176.46754133 7.92806671658e-13
6181.10827711 7.90766477132e-13
6185.74810336 7.91743636647e-13
6190.38701872 7.86907888792e-13
6195.02502174 7.89309272933e-13
6199.66211107 7.83761637165e-13
6204.29828527 7.86282746723e-13
6208.93354297 7.83776328232e-13
6213.56788275 7.7292579021e-13
6218.20130322 7.65519052057e-13
6222.83380295 7.73444488583e-13
6227.46538058 7.63183226492e-13
6232.09603471 7.56467140837e-13
6236.7257639 7.53551566958e-13
6241.35456679 7.51708259437e-13
6245.98244196 7.4849862035e-13
6250.60938802 7.45041503435e-13
6255.23540355 7.50448367857e-13
6259.86048716 7.44780826193e-13
6264.48463745 7.36907633526e-13
6269.10785304 7.37728657851e-13
6273.73013249 7.22412094226e-13
6278.35147444 7.15370525195e-13
6282.97187745 7.13643163226e-13
6287.59134016 7.11296660546e-13
6292.20986112 7.07506542261e-13
6296.82743899 7.11300626161e-13
6301.44407232 7.04125609245e-13
6306.05975974 7.18967732791e-13
6310.67449982 7.14770746385e-13
6315.28829119 7.10558616411e-13
6319.90113243 7.12080468e-13
6324.51302215 7.16972526933e-13
6329.12395895 7.1493791956e-13
6333.73394142 7.14292060023e-13
6338.34296817 7.1317404747e-13
6342.9510378 7.09133741998e-13
6347.55814889 7.1242121503e-13
6352.16430006 7.25873076996e-13
6356.76948991 7.20447465333e-13
6361.37371703 7.2265793751e-13
6365.97698002 7.17770837698e-13
6370.57927748 7.17091468365e-13
6375.18060802 7.08414233856e-13
6379.78097022 7.13230720413e-13
6384.3803627 7.108081592e-13
6388.97878405 7.07642966181e-13
6393.57623287 7.15175585166e-13
6398.17270776 7.14481414901e-13
6402.76820732 7.14708775576e-13
6407.36273015 7.0015886986e-13
6411.95627485 6.97910493968e-13
6416.54884002 6.9779727173e-13
6421.14042426 6.96508536223e-13
6425.73102615 6.9014109603e-13
6430.32064433 6.87181921656e-13
6434.90927737 6.86678578866e-13
6439.49692388 6.85853608006e-13
6444.08358244 6.82920289311e-13
6448.66925169 6.80434503548e-13
6453.25393019 6.75802846308e-13
6457.83761657 6.71137287361e-13
6462.42030939 6.64819340816e-13
6467.0020073 6.58547479826e-13
6471.58270885 6.50429364506e-13
6476.16241268 6.56911324481e-13
6480.74111737 6.45796572615e-13
6485.31882152 6.34944959645e-13
6489.89552374 6.4163524731e-13
6494.47122261 6.45197940576e-13
6499.04591674 6.49061306861e-13
6503.61960475 6.52807007148e-13
6508.19228521 6.4902029946e-13
6512.76395674 6.428873512e-13
6517.33461791 6.42348024735e-13
6521.90426736 6.28273751826e-13
6526.47290365 6.2323334887e-13
6531.04052542 6.30763978368e-13
6535.60713123 6.23499824318e-13
6540.17271971 6.04397120023e-13
6544.73728944 5.925368009e-13
6549.30083903 5.54780898013e-13
6553.86336708 5.16917781484e-13
6558.42487218 4.81746208011e-13
6562.98535294 4.60110799779e-13
6567.54480796 4.53374801288e-13
6572.10323584 4.59565030643e-13
6576.66063516 5.03707200846e-13
6581.21700455 5.41263941088e-13
6585.77234258 5.66246958313e-13
6590.32664788 5.84274166598e-13
6594.87991902 5.89093809398e-13
6599.43215462 6.01407306823e-13
6603.98335327 6.07594272801e-13
6608.53351357 6.05924161201e-13
6613.08263412 6.0593396662e-13
6617.63071354 6.11314198028e-13
6622.17775039 6.14602314813e-13
6626.72374331 6.1348234574e-13
6631.26869086 6.14869171986e-13
6635.81259167 6.12220238325e-13
6640.35544433 6.14362346506e-13
6644.89724745 6.16644159403e-13
6649.43799959 6.15837875278e-13
6653.97769941 6.15179104773e-13
6658.51634546 6.16650325006e-13
6663.05393637 6.18486434261e-13
6667.59047071 6.1355574165e-13
6672.12594711 6.17152186528e-13
6676.66036415 6.29558024765e-13
6681.19372045 6.23426245831e-13
6685.72601458 6.20728481035e-13
6690.25724516 6.2099054361e-13
6694.78741078 6.23545806235e-13
6699.31651005 6.18986094113e-13
6703.84454157 6.15159524115e-13
6708.37150393 6.25788619881e-13
6712.89739572 6.14469244753e-13
6717.42221557 6.18183058281e-13
6721.94596206 6.148979168e-13
6726.46863378 6.2452991605e-13
6730.99022936 6.17151569948e-13
6735.51074737 6.21516688046e-13
6740.03018643 6.1278500127e-13
6744.54854512 6.11860334485e-13
6749.06582207 6.08483342715e-13
6753.58201583 6.01815077781e-13
6758.09712505 6.01212107513e-13
6762.6111483 6.1081336141e-13
6767.1240842 6.02913659291e-13
6771.63593133 6.00597974396e-13
6776.14668831 6.06953393125e-13
6780.65635371 6.06408067843e-13
6785.16492616 6.0798883451e-13
6789.67240424 6.084945195e-13
6794.17878657 5.99755379536e-13
6798.68407171 6.03548730761e-13
6803.18825831 6.04406922901e-13
6807.69134493 5.97681083245e-13
6812.1933302 5.91749938476e-13
6816.69421269 5.98197786103e-13
6821.19399103 5.99609625941e-13
6825.69266378 5.87244907866e-13
6830.19022959 5.98018404273e-13
6834.68668701 5.91661805783e-13
6839.18203468 5.94798210516e-13
6843.67627117 5.844420756e-13
6848.16939511 5.90836638755e-13
6852.66140506 5.84521538128e-13
6857.15229965 5.76320032713e-13
6861.64207747 5.61230727718e-13
6866.13073712 5.39783523358e-13
6870.6182772 5.14970447909e-13
6875.10469631 4.94012330188e-13
6879.58999305 4.93487539668e-13
6884.07416601 4.93893949171e-13
6888.55721382 5.09689640281e-13
6893.03913503 5.24776811039e-13
6897.5199283 5.07163321974e-13
6901.99959217 5.12933096601e-13
6906.47812528 5.28241896681e-13
6910.95552621 5.32183119724e-13
6915.43179358 5.33710825838e-13
6919.90692595 5.44875565231e-13
6924.38092197 5.29224793296e-13
6928.8537802 5.35720826319e-13
6933.32549926 5.19892355933e-13
6937.79607774 5.18832589639e-13
6942.26551425 5.12797821461e-13
6946.73380738 5.09860227761e-13
6951.20095574 5.20572184298e-13
6955.66695791 5.21483674019e-13
6960.13181252 5.23675247126e-13
6964.59551813 5.31772722688e-13
6969.05807337 5.27690574164e-13
6973.51947684 5.29261652746e-13
6977.97972712 5.30671387353e-13
6982.43882283 5.23271493341e-13
6986.89676255 5.23636139344e-13
6991.35354489 5.18374092253e-13
6995.80916846 5.14448403668e-13
7000.26363183 5.06232093588e-13
7004.71693364 5.13893426259e-13
7009.16907245 5.08889213254e-13
7013.62004689 5.11330283639e-13
7018.06985554 5.04124169371e-13
7022.51849701 5.01118242648e-13
7026.96596989 5.02277090974e-13
7031.4122728 5.14907418673e-13
7035.85740431 5.05925872461e-13
7040.30136304 5.00044245079e-13
7044.74414759 5.12095560248e-13
7049.18575655 5.03169329941e-13
7053.62618853 5.05104095919e-13
7058.06544212 5.12477341554e-13
7062.50351592 5.09633388853e-13
7066.94040853 5.03209861373e-13
7071.37611856 5.12637852661e-13
7075.8106446 5.10908552871e-13
7080.24398526 5.12125344449e-13
7084.67613911 5.06071861531e-13
7089.10710479 5.16114864154e-13
7093.53688087 5.02346274343e-13
7097.96546598 5.24969772021e-13
7102.39285868 5.09318060778e-13
7106.8190576 5.18387734996e-13
7111.24406132 5.23079786154e-13
7115.66786845 5.13513482801e-13
7120.09047758 5.21264233976e-13
7124.51188734 5.24162496524e-13
7128.93209628 5.15921288076e-13
7133.35110305 5.15203765059e-13
7137.76890622 5.05935956378e-13
7142.1855044 5.07962742034e-13
7146.60089618 5.05564849354e-13
7151.01508017 4.94681293458e-13
7155.42805496 4.88832889763e-13
7159.83981915 4.92273809986e-13
7164.25037135 4.72868729209e-13
7168.65971017 4.58893545176e-13
7173.06783417 4.42999154586e-13
7177.47474198 4.18330200716e-13
7181.88043219 4.02485111227e-13
7186.28490342 3.88317776659e-13
7190.68815423 3.78881917319e-13
7195.09018325 3.77113779322e-13
7199.49098908 3.75613972757e-13
7203.89057029 3.89755315994e-13
7208.28892552 3.99362886657e-13
7212.68605335 4.11121685427e-13
7217.08195237 4.22699481218e-13
7221.47662119 4.42829128569e-13
7225.87005842 4.47020793099e-13
7230.26226263 4.47296397871e-13
7234.65323245 4.30087438031e-13
7239.04296647 4.12912909684e-13
7243.43146329 4.07575566574e-13
7247.81872149 4.02683012936e-13
7252.20473971 4.02753110421e-13
7256.58951651 4.01483625747e-13
7260.97305051 4.00760071416e-13
7265.3553403 4.01769221504e-13
7269.73638449 4.10456354002e-13
7274.11618168 4.02885128879e-13
7278.49473046 4.09758383497e-13
7282.87202943 4.11775658096e-13
7287.2480772 4.14485577652e-13
7291.62287235 4.32833655123e-13
7295.99641352 4.23491834593e-13
7300.36869926 4.15555146529e-13
7304.7397282 4.09952216251e-13
7309.10949893 4.11123964439e-13
7313.47801005 4.16249270402e-13
7317.84526016 4.12317308861e-13
7322.21124786 4.12515867701e-13
7326.57597175 4.25107268056e-13
7330.93943043 4.27161750086e-13
7335.3016225 4.47140524311e-13
7339.66254657 4.45127787328e-13
7344.0222012 4.44900781716e-13
7348.38058503 4.56768605738e-13
7352.73769666 4.65001386046e-13
7357.09353467 4.72269335231e-13
7361.44809767 4.55930698496e-13
7365.80138425 4.57453462764e-13
7370.15339302 4.68865152074e-13
7374.50412258 4.54773103086e-13
7378.85357153 4.48605892321e-13
7383.20173845 4.41620020053e-13
7387.54862196 4.34650550448e-13
7391.89422065 4.34051400934e-13
7396.23853314 4.25516119634e-13
7400.58155799 4.19772877721e-13
7404.92329385 4.18796709541e-13
7409.26373927 4.18276944199e-13
7413.60289289 4.37462470171e-13
7417.94075328 4.33821916996e-13
7422.27731905 4.35908392401e-13
7426.61258881 4.40334283849e-13
7430.94656115 4.45757008504e-13
7435.27923466 4.52369450278e-13
7439.61060796 4.48631879429e-13
7443.94067964 4.53578705701e-13
7448.2694483 4.46760647874e-13
7452.59691252 4.60799623633e-13
7456.92307094 4.49606222376e-13
7461.24792212 4.64323843944e-13
7465.5714647 4.51147639426e-13
7469.89369724 4.41836969199e-13
7474.21461837 4.40265176851e-13
7478.53422666 4.42329445814e-13
7482.85252074 4.44499227606e-13
7487.16949918 4.24639192794e-13
7491.48516062 4.18000190093e-13
7495.79950361 4.20655221624e-13
7500.1125268 3.99188596964e-13
7504.42422874 4.04491706821e-13
7508.73460806 3.91024538471e-13
7513.04366336 3.78024343246e-13
7517.35139323 3.90800940736e-13
7521.65779627 3.78379232949e-13
7525.96287109 3.89887708462e-13
7530.26661628 3.93023567962e-13
7534.56903043 3.94753300396e-13
7538.87011216 4.03864571161e-13
7543.16986006 4.26032182438e-13
7547.46827274 4.18725036848e-13
7551.76534877 4.15893681066e-13
7556.06108678 4.23621655383e-13
7560.35548536 4.21694426606e-13
7564.64854311 4.31282582989e-13
7568.94025863 4.20754064544e-13
7573.23063051 4.23530688109e-13
7577.51965736 4.14538199936e-13
7581.80733778 4.02814813089e-13
7586.09367036 4.04310760224e-13
7590.37865372 3.84342982894e-13
7594.66228644 3.57754557436e-13
7598.94456713 3.25906687209e-13
7603.22549436 2.79631976434e-13
7607.50506678 2.54780312917e-13
7611.78328296 2.35617125394e-13
7616.0601415 2.3859519956e-13
7620.335641 2.31405074022e-13
7624.60978008 2.53718526141e-13
7628.88255731 2.60217477547e-13
7633.15397131 2.61136447632e-13
7637.42402066 2.59347819649e-13
7641.69270399 2.51729321994e-13
7645.96001986 2.63054462371e-13
7650.22596691 2.76021251704e-13
7654.4905437 2.64607209011e-13
7658.75374886 2.87256019811e-13
7663.01558098 2.96624032554e-13
7667.27603866 2.91223986367e-13
7671.53512051 2.98664790732e-13
7675.79282511 2.95048492357e-13
7680.04915106 3.04602577699e-13
7684.30409697 2.96779355749e-13
7688.55766145 2.88683453217e-13
7692.80984308 3.12082936779e-13
7697.06064047 3.20366157852e-13
7701.3100522 3.38295172106e-13
7705.55807691 3.38613114497e-13
7709.80471317 3.39973632141e-13
7714.04995958 3.47805249952e-13
7718.29381473 3.63995789064e-13
7722.53627726 3.69527038417e-13
7726.77734573 3.74471028779e-13
7731.01701876 3.67097898416e-13
7735.25529493 3.80728390051e-13
7739.49217287 3.69993060864e-13
7743.72765115 3.64845684086e-13
7747.9617284 3.64134582091e-13
7752.19440317 3.81228255012e-13
7756.42567412 3.88010989669e-13
7760.65553981 3.69277324636e-13
7764.88399886 3.67719314029e-13
7769.11104984 3.78296988364e-13
7773.33669139 3.67107317109e-13
7777.56092208 3.70623979134e-13
7781.78374052 3.77038719794e-13
7786.0051453 3.74338022682e-13
7790.22513504 3.83466655926e-13
7794.44370832 3.67843902481e-13
7798.66086376 3.59860013979e-13
7802.87659993 3.70206985356e-13
7807.09091547 3.71828745992e-13
7811.30380894 3.71289813441e-13
7815.51527894 3.78775596506e-13
7819.72532412 3.62459157951e-13
7823.93394302 3.69281543391e-13
7828.14113428 3.68871463122e-13
7832.34689647 3.64181982754e-13
7836.55122822 3.59120964236e-13
7840.7541281 3.60273280004e-13
7844.95559473 3.51528368596e-13
7849.15562669 3.52279510532e-13
7853.35422261 3.53557574782e-13
7857.55138106 3.58861544559e-13
7861.74710067 3.45332525009e-13
7865.94138 3.53900592822e-13
7870.13421769 3.47593367631e-13
7874.3256123 3.50957089447e-13
7878.51556246 3.44953782177e-13
7882.70406676 3.35238619649e-13
7886.8911238 3.48278138994e-13
7891.07673217 3.47055347227e-13
7895.2608905 3.36378661044e-13
7899.44359734 3.38102917249e-13
7903.62485135 3.22591079891e-13
7907.80465106 3.25733664651e-13
7911.98299514 3.34918120811e-13
7916.15988214 3.29699727519e-13
7920.33531069 3.24555840414e-13
7924.50927936 3.20140566044e-13
7928.68178676 3.30680768051e-13
7932.8528315 3.07165842354e-13
7937.02241219 3.14389067822e-13
7941.1905274 3.03718446554e-13
7945.35717576 2.84573513326e-13
7949.52235584 2.84141550452e-13
7953.68606625 2.79423749314e-13
7957.8483056 2.75265191842e-13
7962.00907247 2.52541357841e-13
7966.16836549 2.50146852072e-13
7970.32618322 2.76009639994e-13
7974.48252431 2.78727241094e-13
7978.6373873 2.84872283237e-13
7982.79077085 2.96213696927e-13
7986.9426735 3.07925575737e-13
7991.09309391 3.25256026514e-13
7995.24203063 3.28712017761e-13
7999.38948229 3.27006799174e-13
8003.53544746 3.27031373594e-13
8007.67992478 3.35798769349e-13
8011.82291281 3.52032624459e-13
8015.96441018 3.31425127997e-13
8020.10441547 3.15089393409e-13
8024.24292729 3.27876201416e-13
8028.37994424 3.31186485221e-13
8032.51546491 3.34564404727e-13
8036.6494879 3.33467922596e-13
8040.78201182 3.35257450036e-13
8044.91303527 3.38374405829e-13
8049.04255684 3.45646249392e-13
8053.17057512 3.37851549657e-13
8057.29708875 3.20438293946e-13
8061.42209629 3.38578801342e-13
8065.54559635 3.33173020024e-13
8069.66758753 3.54852539226e-13
8073.78806845 3.29684461627e-13
8077.90703766 3.42263704206e-13
8082.02449382 3.47152484366e-13
8086.14043548 3.51921406666e-13
8090.25486128 3.47400482707e-13
8094.36776978 3.45162701087e-13
8098.47915962 3.20936142554e-13
8102.58902936 3.50963366452e-13
8106.69737762 3.29948828384e-13
8110.80420301 3.19723052347e-13
8114.90950412 3.35508225236e-13
8119.01327954 3.25861183862e-13
8123.11552787 3.16617400627e-13
8127.21624774 3.22565085559e-13
8131.3154377 3.36675477034e-13
8135.41309639 3.34647908746e-13
8139.50922239 3.30585594192e-13
8143.60381432 3.28422815052e-13
8147.69687074 3.30218413712e-13
8151.7883903 3.10164913356e-13
8155.87837156 3.25560565122e-13
8159.96681314 3.11331077836e-13
8164.05371362 3.11367085196e-13
8168.13907163 3.00298203197e-13
8172.22288574 3.08778529851e-13
8176.30515457 3.04147483939e-13
8180.3858767 3.06475122066e-13
8184.46505076 3.07651321556e-13
8188.54267532 3.24518725049e-13
8192.618749 3.28607702116e-13
8196.69327037 3.32797941864e-13
8200.76623807 3.15388547686e-13
8204.83765067 3.20748902829e-13
8208.90750678 3.36404752526e-13
8212.975805 3.25381195476e-13
8217.04254393 3.46917664126e-13
8221.10772216 3.16657277259e-13
8225.17133831 3.36802904476e-13
8229.23339096 3.51160580629e-13
8233.29387872 3.27942150552e-13
8237.35280018 3.41234403446e-13
8241.41015395 3.15590168634e-13
8245.46593862 3.54860926056e-13
8249.52015281 3.31728110759e-13
8253.57279508 3.51282655386e-13
8257.62386407 3.45027914516e-13
8261.67335838 3.37601297191e-13
8265.72127657 3.42960952337e-13
8269.76761727 3.44192585431e-13
8273.81237907 3.33726363409e-13
8277.85556058 3.42258225196e-13
8281.89716039 3.33445824932e-13
8285.9371771 3.62345915692e-13
8289.97560931 3.21981052431e-13
8294.01245562 3.65539122029e-13
8298.04771463 3.64990747832e-13
8302.08138494 3.55009927246e-13
8306.11346516 3.62554930337e-13
8310.14395387 3.55613769142e-13
8314.17284967 3.67767150941e-13
8318.20015119 3.63109362082e-13
