1668 1.1401E-009
1668 1.1401E-009
1670 1.0755E-009
1671 1.0269E-009
1672 1.0168E-009
1674 1.0731E-009
1675 1.1655E-009
1677 1.1786E-009
1678 1.2606E-009
1679 1.3067E-009
1681 1.2856E-009
1682 1.2378E-009
1683 1.2783E-009
1685 1.2940E-009
1686 1.2610E-009
1688 1.1638E-009
1689 1.1579E-009
1690 1.1560E-009
1692 1.1760E-009
1693 1.1973E-009
1694 1.1737E-009
1696 1.1315E-009
1697 1.1571E-009
1698 1.1470E-009
1700 1.1288E-009
1701 1.1352E-009
1703 1.1730E-009
1704 1.1665E-009
1705 1.1682E-009
1707 1.1680E-009
1708 1.1516E-009
1709 1.1694E-009
1711 1.1541E-009
1712 1.1561E-009
1714 1.1762E-009
1715 1.1896E-009
1716 1.1529E-009
1718 1.0384E-009
1719 9.5052E-010
1720 1.0158E-009
1722 1.0360E-009
1723 1.0071E-009
1725 1.0009E-009
1726 1.0301E-009
1727 1.0744E-009
1729 1.1048E-009
1730 1.1186E-009
1731 1.1149E-009
1733 1.1383E-009
1734 1.1540E-009
1735 1.1716E-009
1737 1.1664E-009
1738 1.1603E-009
1740 1.1155E-009
1741 1.1005E-009
1742 1.0964E-009
1744 1.1442E-009
1745 1.1698E-009
1746 1.1580E-009
1748 1.1303E-009
1749 1.1294E-009
1751 1.1222E-009
1752 1.0665E-009
1753 1.0747E-009
1755 1.1049E-009
1756 1.1511E-009
1757 1.1668E-009
1759 1.1492E-009
1760 1.1211E-009
1762 1.0883E-009
1763 1.1056E-009
1764 1.0946E-009
1766 1.0859E-009
1767 1.0794E-009
1768 1.0476E-009
1770 1.0651E-009
1771 1.0753E-009
1773 1.0938E-009
1774 1.1026E-009
1775 1.1018E-009
1777 1.0959E-009
1778 1.0975E-009
1779 1.0947E-009
1781 1.0880E-009
1782 1.0716E-009
1783 1.0639E-009
1785 1.0600E-009
1786 1.0597E-009
1788 1.0647E-009
1789 1.0495E-009
1790 1.0454E-009
1792 1.0158E-009
1793 1.0008E-009
1794 1.0046E-009
1796 1.0408E-009
1797 1.0496E-009
1799 1.0433E-009
1800 1.0457E-009
1801 1.0586E-009
1803 1.0433E-009
1804 1.0309E-009
1805 1.0100E-009
1807 1.0109E-009
1808 9.9737E-010
1810 9.9774E-010
1811 9.8282E-010
1812 9.8495E-010
1814 1.0073E-009
1815 1.0311E-009
1816 1.0256E-009
1818 1.0319E-009
1819 1.0274E-009
1821 1.0058E-009
1822 1.0217E-009
1823 1.0355E-009
1825 1.0438E-009
1826 1.0378E-009
1827 1.0040E-009
1829 9.9325E-010
1830 1.0161E-009
1832 1.0204E-009
1833 1.0598E-009
1834 1.0753E-009
1836 1.0868E-009
1837 1.0777E-009
1838 1.0420E-009
1840 1.0127E-009
1841 9.8455E-010
1842 9.7573E-010
1844 9.5951E-010
1845 9.7193E-010
1847 9.8738E-010
1848 9.9477E-010
1849 9.8856E-010
1851 9.7121E-010
1852 9.5770E-010
1853 9.5360E-010
1855 9.2968E-010
1856 9.4004E-010
1858 9.8301E-010
1859 9.8485E-010
1860 9.6273E-010
1862 9.3963E-010
1863 9.3733E-010
1864 9.5538E-010
1866 9.9262E-010
1867 1.0029E-009
1869 1.0057E-009
1870 9.7145E-010
1871 9.5017E-010
1873 9.3053E-010
1874 8.8513E-010
1875 8.7004E-010
1877 8.9909E-010
1878 9.5017E-010
1880 9.8318E-010
1881 9.8910E-010
1882 9.5543E-010
1884 9.2777E-010
1885 8.9142E-010
1886 8.8800E-010
1888 9.0441E-010
1889 8.9561E-010
1891 9.1299E-010
1892 9.0461E-010
1893 8.8950E-010
1895 9.1006E-010
1896 8.9403E-010
1897 8.9734E-010
1899 9.2903E-010
1900 9.3063E-010
1901 9.3059E-010
1903 9.2668E-010
1904 9.3567E-010
1906 9.4130E-010
1907 9.3434E-010
1908 9.1099E-010
1910 9.1079E-010
1911 9.2150E-010
1912 9.2805E-010
1914 9.2163E-010
1915 8.7712E-010
1917 8.8332E-010
1918 8.7607E-010
1919 8.7021E-010
1921 8.7349E-010
1922 8.6121E-010
1923 8.0982E-010
1925 7.9664E-010
1926 8.3555E-010
1928 8.3603E-010
1929 8.5235E-010
1930 8.5370E-010
1932 8.6820E-010
1933 9.0553E-010
1934 9.2700E-010
1936 9.2522E-010
1937 8.8929E-010
1939 8.7321E-010
1940 8.7224E-010
1941 8.8469E-010
1943 9.0614E-010
1944 8.8753E-010
1945 8.6349E-010
1947 8.7242E-010
1948 8.9690E-010
1950 8.9538E-010
1951 8.7643E-010
1952 8.6030E-010
1954 8.2261E-010
1955 7.9322E-010
1956 8.0946E-010
1958 8.2838E-010
1959 8.2433E-010
1961 8.1067E-010
1962 8.2071E-010
1963 8.3584E-010
1965 8.2046E-010
1966 8.0716E-010
1967 8.2692E-010
1969 8.3963E-010
1970 8.6715E-010
1971 8.8302E-010
1973 8.7464E-010
1974 8.7255E-010
1976 8.7632E-010
1977 8.6733E-010
1978 8.5920E-010
1980 8.3520E-010
1981 8.2969E-010
1982 8.3953E-010
1984 8.3306E-010
1985 8.2848E-010
1987 8.2886E-010
1988 8.3216E-010
1989 8.3095E-010
1991 8.1898E-010
1992 7.9924E-010
1993 7.8218E-010
1995 7.8918E-010
1996 7.9834E-010
1998 8.0727E-010
1999 8.2315E-010
2000 8.1306E-010
2002 8.0763E-010
2003 8.1473E-010
2004 8.2165E-010
2006 8.2669E-010
2007 8.2516E-010
2009 8.2326E-010
2010 8.0557E-010
2011 7.7590E-010
2013 7.8682E-010
2014 7.9892E-010
2015 8.0421E-010
2017 8.0820E-010
2018 8.0439E-010
2020 8.1107E-010
2021 8.2647E-010
2022 8.3391E-010
2024 8.2922E-010
2025 8.1544E-010
2026 7.9516E-010
2028 7.8830E-010
2029 7.9746E-010
2031 8.0847E-010
2032 8.1548E-010
2033 8.2095E-010
2035 8.1561E-010
2036 7.9869E-010
2037 7.9112E-010
2039 7.8627E-010
2040 7.8482E-010
2042 7.8333E-010
2043 7.9014E-010
2044 7.9513E-010
2046 7.8654E-010
2047 7.7606E-010
2048 7.7951E-010
2050 7.8709E-010
2051 7.8237E-010
2053 7.7456E-010
2054 7.5993E-010
2055 7.6838E-010
2057 7.6295E-010
2058 7.4755E-010
2059 7.4098E-010
2061 7.4211E-010
2062 7.4548E-010
2063 7.3858E-010
2065 7.5339E-010
2066 7.5738E-010
2068 7.5203E-010
2069 7.2596E-010
2070 7.1943E-010
2072 7.4419E-010
2073 7.5795E-010
2074 7.6824E-010
2076 7.6990E-010
2077 7.6911E-010
2079 7.5827E-010
2080 7.3635E-010
2081 7.3050E-010
2083 7.4681E-010
2084 7.4742E-010
2085 7.3894E-010
2087 7.3094E-010
2088 7.3629E-010
2090 7.2790E-010
2091 7.1301E-010
2092 7.0481E-010
2094 7.0520E-010
2095 7.2396E-010
2096 7.3218E-010
2098 7.2220E-010
2099 6.9826E-010
2101 7.0176E-010
2102 7.1489E-010
2103 7.1517E-010
2105 6.9935E-010
2106 6.9614E-010
2107 7.1452E-010
2109 7.1331E-010
2110 7.1851E-010
2112 7.2772E-010
2113 7.3392E-010
2114 7.3204E-010
2116 7.2147E-010
2117 7.1670E-010
2118 7.2124E-010
2120 7.2251E-010
2121 7.1664E-010
2123 7.0981E-010
2124 7.1173E-010
2125 7.0608E-010
2127 7.0207E-010
2128 7.0377E-010
2129 7.0306E-010
2131 7.1205E-010
2132 7.1756E-010
2134 7.1415E-010
2135 7.0494E-010
2136 6.9284E-010
2138 6.8842E-010
2139 6.9669E-010
2140 7.0382E-010
2142 7.0826E-010
2143 7.0362E-010
2145 6.9910E-010
2146 6.9367E-010
2147 6.8573E-010
2149 6.7526E-010
2150 6.6557E-010
2151 6.6648E-010
2153 6.7501E-010
2154 6.8193E-010
2156 6.9118E-010
2157 6.9812E-010
2158 6.9755E-010
2160 6.9037E-010
2161 6.8416E-010
2162 6.7505E-010
2164 6.5762E-010
2165 6.3742E-010
2167 6.3853E-010
2168 6.4591E-010
2169 6.6628E-010
2171 6.7649E-010
2172 6.8031E-010
2173 6.7930E-010
2175 6.7510E-010
2176 6.6711E-010
2177 6.6915E-010
2179 6.6956E-010
2180 6.7028E-010
2182 6.6641E-010
2183 6.6739E-010
2184 6.6575E-010
2186 6.6183E-010
2187 6.4430E-010
2188 6.2940E-010
2190 6.3581E-010
2191 6.5141E-010
2193 6.5989E-010
2194 6.6206E-010
2195 6.6581E-010
2197 6.6487E-010
2198 6.6399E-010
2199 6.6355E-010
2201 6.5879E-010
2202 6.5715E-010
2204 6.5559E-010
2205 6.5380E-010
2206 6.5626E-010
2208 6.5567E-010
2209 6.5282E-010
2210 6.4928E-010
2212 6.4573E-010
2213 6.4011E-010
2215 6.2603E-010
2216 6.0116E-010
2217 5.9960E-010
2219 6.1755E-010
2220 6.3186E-010
2221 6.3487E-010
2223 6.3821E-010
2224 6.4067E-010
2226 6.3957E-010
2227 6.3691E-010
2228 6.3460E-010
2230 6.3039E-010
2231 6.3179E-010
2232 6.3222E-010
2234 6.3243E-010
2235 6.2797E-010
2237 6.2590E-010
2238 6.2623E-010
2239 6.2400E-010
2241 6.2101E-010
2242 6.2098E-010
2243 6.1867E-010
2245 6.1606E-010
2246 6.1632E-010
2248 6.1868E-010
2249 6.1265E-010
2250 6.0251E-010
2252 5.9707E-010
2253 5.8161E-010
2254 5.5987E-010
2256 5.7162E-010
2257 5.8952E-010
2259 5.9966E-010
2260 6.0237E-010
2261 6.0133E-010
2263 6.0293E-010
2264 6.0213E-010
2265 6.0041E-010
2267 6.0043E-010
2268 6.0198E-010
2270 6.0121E-010
2271 5.9361E-010
2272 5.7724E-010
2274 5.7459E-010
2275 5.8126E-010
2276 5.8832E-010
2278 5.9156E-010
2279 5.9103E-010
2281 5.8864E-010
2282 5.9221E-010
2283 5.9083E-010
2285 5.8461E-010
2286 5.8046E-010
2287 5.7468E-010
2289 5.6215E-010
2290 5.6566E-010
2292 5.7129E-010
2293 5.7271E-010
2294 5.7009E-010
2296 5.6083E-010
2297 5.2955E-010
2298 4.6842E-010
2300 4.7613E-010
2301 5.2777E-010
2303 5.5041E-010
2304 5.5999E-010
2305 5.5538E-010
2307 5.3686E-010
2308 5.1597E-010
2309 5.2531E-010
2311 5.4625E-010
2312 5.5511E-010
2313 5.5961E-010
2315 5.6128E-010
2316 5.5784E-010
2318 5.5340E-010
2319 5.4854E-010
2320 5.4913E-010
2322 5.5124E-010
2323 5.5517E-010
2324 5.5362E-010
2326 5.5293E-010
2327 5.4700E-010
2329 5.4853E-010
2330 5.4587E-010
2331 5.4689E-010
2333 5.4554E-010
2334 5.4509E-010
2335 5.4318E-010
2337 5.4075E-010
2338 5.4139E-010
2340 5.4308E-010
2341 5.4402E-010
2342 5.3758E-010
2344 5.1967E-010
2345 4.9407E-010
2346 5.2328E-010
2348 5.3304E-010
2349 5.3539E-010
2351 5.3861E-010
2352 5.3568E-010
2353 5.3536E-010
2355 5.3573E-010
2356 5.3361E-010
2357 5.3329E-010
2359 5.3336E-010
2360 5.3077E-010
2362 5.2822E-010
2363 5.2845E-010
2364 5.2538E-010
2366 5.2294E-010
2367 5.2021E-010
2368 5.1838E-010
2370 5.1835E-010
2371 5.2088E-010
2373 5.1773E-010
2374 5.0521E-010
2375 4.9005E-010
2377 5.0439E-010
2378 5.0795E-010
2379 5.0816E-010
2381 5.0410E-010
2382 4.8535E-010
2384 4.4499E-010
2385 4.6446E-010
2386 4.6018E-010
2388 4.5128E-010
2389 4.6287E-010
2390 4.7920E-010
2392 4.8616E-010
2393 4.9175E-010
2395 4.9703E-010
2396 4.9599E-010
2397 4.9651E-010
2399 4.9458E-010
2400 4.8274E-010
2401 4.7730E-010
2403 4.8879E-010
2404 4.9166E-010
2406 4.8992E-010
2407 4.8779E-010
2408 4.8977E-010
2410 4.9025E-010
2411 4.9003E-010
2412 4.8679E-010
2414 4.8336E-010
2415 4.7929E-010
2417 4.8227E-010
2418 4.8447E-010
2419 4.8693E-010
2421 4.8685E-010
2422 4.8313E-010
2423 4.8368E-010
2425 4.8066E-010
2426 4.7818E-010
2428 4.8011E-010
2429 4.8056E-010
2430 4.8207E-010
2432 4.8042E-010
2433 4.7873E-010
2434 4.7758E-010
2436 4.7318E-010
2437 4.7206E-010
2439 4.7374E-010
2440 4.7300E-010
2441 4.7363E-010
2443 4.7370E-010
2444 4.7274E-010
2445 4.7198E-010
2447 4.7072E-010
2448 4.6534E-010
2450 4.6636E-010
2451 4.6327E-010
2452 4.6764E-010
2454 4.6659E-010
2455 4.6455E-010
2456 4.5775E-010
2458 4.5572E-010
2459 4.6007E-010
2460 4.6059E-010
2462 4.6080E-010
2463 4.5675E-010
2465 4.6061E-010
2466 4.6044E-010
2467 4.5878E-010
2469 4.6050E-010
2470 4.5762E-010
2471 4.5924E-010
2473 4.5752E-010
2474 4.5481E-010
2476 4.5238E-010
2477 4.5433E-010
2478 4.5364E-010
2480 4.5339E-010
2481 4.4921E-010
2482 4.4304E-010
2484 4.4336E-010
2485 4.4715E-010
2487 4.4829E-010
2488 4.4988E-010
2489 4.4708E-010
2491 4.4407E-010
2492 4.4598E-010
2493 4.4463E-010
2495 4.4401E-010
2496 4.4301E-010
2498 4.4352E-010
2499 4.4049E-010
2500 4.3966E-010
2502 4.3999E-010
2503 4.4011E-010
2504 4.3928E-010
2506 4.3666E-010
2507 4.3598E-010
2509 4.3336E-010
2510 4.2705E-010
2511 4.1495E-010
2513 3.9520E-010
2514 3.8963E-010
2515 4.0717E-010
2517 4.1761E-010
2518 4.1538E-010
2520 4.0189E-010
2521 4.1181E-010
2522 4.2165E-010
2524 4.2460E-010
2525 4.2259E-010
2526 4.1914E-010
2528 4.2256E-010
2529 4.2225E-010
2531 4.2061E-010
2532 4.1809E-010
2533 4.1891E-010
2535 4.2049E-010
2536 4.1924E-010
2537 4.2106E-010
2539 4.1884E-010
2540 4.1641E-010
2542 4.1535E-010
2543 4.0988E-010
2544 4.0747E-010
2546 4.1054E-010
2547 4.1353E-010
2548 4.1234E-010
2550 4.1167E-010
2551 4.1220E-010
2553 4.1060E-010
2554 4.1018E-010
2555 4.0847E-010
2557 4.0993E-010
2558 4.0735E-010
2559 4.0551E-010
2561 4.0317E-010
2562 4.0413E-010
2564 4.0231E-010
2565 4.0467E-010
2566 4.0241E-010
2568 4.0317E-010
2569 4.0166E-010
2570 4.0015E-010
2572 3.9975E-010
2573 4.0031E-010
2574 4.0066E-010
2576 3.9766E-010
2577 3.9084E-010
2579 3.9194E-010
2580 3.9636E-010
2581 3.9716E-010
2583 3.9737E-010
2584 3.9417E-010
2585 3.8692E-010
2587 3.6495E-010
2588 3.6636E-010
2590 3.8273E-010
2591 3.8370E-010
2592 3.8236E-010
2594 3.8321E-010
2595 3.7851E-010
2596 3.7927E-010
2598 3.7697E-010
2599 3.7219E-010
2601 3.4087E-010
2602 3.5532E-010
2603 3.7573E-010
2605 3.8153E-010
2606 3.8018E-010
2607 3.7862E-010
2609 3.8167E-010
2610 3.8006E-010
2612 3.7851E-010
2613 3.7790E-010
2614 3.7790E-010
2616 3.7772E-010
2617 3.7519E-010
2618 3.7502E-010
2620 3.7552E-010
2621 3.7422E-010
2623 3.7334E-010
2624 3.7245E-010
2625 3.7215E-010
2627 3.7206E-010
2628 3.7238E-010
2629 3.7193E-010
2631 3.7010E-010
2632 3.7146E-010
2634 3.7142E-010
2635 3.6716E-010
2636 3.6460E-010
2638 3.6494E-010
2639 3.6580E-010
2640 3.6604E-010
2642 3.6372E-010
2643 3.6204E-010
2645 3.6415E-010
2646 3.6377E-010
2647 3.6221E-010
2649 3.6263E-010
2650 3.6236E-010
2651 3.6089E-010
2653 3.6062E-010
2654 3.5923E-010
2655 3.5727E-010
2657 3.5819E-010
2658 3.5930E-010
2660 3.5787E-010
2661 3.5684E-010
2662 3.5330E-010
2664 3.5238E-010
2665 3.5156E-010
2666 3.5066E-010
2668 3.4872E-010
2669 3.4993E-010
2671 3.5175E-010
2672 3.5141E-010
2673 3.4916E-010
2675 3.4733E-010
2676 3.4605E-010
2677 3.4410E-010
2679 3.4015E-010
2680 3.3664E-010
2682 3.4012E-010
2683 3.4383E-010
2684 3.4641E-010
2686 3.4625E-010
2687 3.4474E-010
2688 3.4040E-010
2690 3.4199E-010
2691 3.4275E-010
2693 3.4387E-010
2694 3.4180E-010
2695 3.3953E-010
2697 3.3553E-010
2698 3.3293E-010
2699 3.3287E-010
2701 3.3539E-010
2702 3.3765E-010
2704 3.3604E-010
2705 3.3639E-010
2706 3.3710E-010
2708 3.3592E-010
2709 3.3633E-010
2710 3.3505E-010
2712 3.3592E-010
2713 3.3425E-010
2715 3.3397E-010
2716 3.3346E-010
2717 3.3401E-010
2719 3.3312E-010
2720 3.3193E-010
2721 3.3097E-010
2723 3.2918E-010
2724 3.2591E-010
2725 3.2110E-010
2727 3.1855E-010
2728 3.1948E-010
2730 3.2426E-010
2731 3.2576E-010
2732 3.2021E-010
2734 3.1266E-010
2735 2.9905E-010
2736 2.9822E-010
2738 3.1134E-010
2739 3.1791E-010
2741 3.2016E-010
2742 3.2228E-010
2743 3.2231E-010
2745 3.2226E-010
2746 3.2211E-010
2747 3.2148E-010
2749 3.1928E-010
2750 3.1782E-010
2752 3.1808E-010
2753 3.1951E-010
2754 3.1828E-010
2756 3.1851E-010
2757 3.1809E-010
2758 3.1515E-010
2760 3.1426E-010
2761 3.1481E-010
2763 3.1483E-010
2764 3.1259E-010
2765 3.0906E-010
2767 3.0797E-010
2768 3.1008E-010
2769 3.1169E-010
2771 3.1286E-010
2772 3.1281E-010
2774 3.1190E-010
2775 3.1104E-010
2776 3.1115E-010
2778 3.1039E-010
2779 3.0794E-010
2780 3.0660E-010
2782 3.0713E-010
2783 3.0751E-010
2785 3.0666E-010
2786 3.0456E-010
2787 3.0425E-010
2789 3.0319E-010
2790 3.0267E-010
2791 3.0035E-010
2793 2.9441E-010
2794 2.9031E-010
2795 2.7860E-010
2797 2.4432E-010
2798 2.5001E-010
2800 2.7317E-010
2801 2.8094E-010
2802 2.8102E-010
2804 2.5624E-010
2805 2.5075E-010
2806 2.8041E-010
2808 2.9063E-010
2809 2.9331E-010
2811 2.9481E-010
2812 2.9409E-010
2813 2.9381E-010
2815 2.9454E-010
2816 2.9434E-010
2817 2.9404E-010
2819 2.9489E-010
2820 2.9431E-010
2822 2.9370E-010
2823 2.9280E-010
2824 2.9320E-010
2826 2.9369E-010
2827 2.9168E-010
2828 2.8945E-010
2830 2.8781E-010
2831 2.8366E-010
2833 2.8278E-010
2834 2.8577E-010
2835 2.8728E-010
2837 2.8624E-010
2838 2.8578E-010
2839 2.8492E-010
2841 2.8661E-010
2842 2.8644E-010
2843 2.8600E-010
2845 2.8655E-010
2846 2.8521E-010
2848 2.8518E-010
2849 2.8522E-010
2850 2.8262E-010
2852 2.7786E-010
2853 2.6588E-010
2854 2.6457E-010
2856 2.7766E-010
2857 2.7904E-010
2859 2.7793E-010
2860 2.7920E-010
2861 2.8028E-010
2863 2.7923E-010
2864 2.7717E-010
2865 2.7509E-010
2867 2.7516E-010
2868 2.7748E-010
2870 2.7620E-010
2871 2.7661E-010
2872 2.7608E-010
2874 2.7580E-010
2875 2.7551E-010
2876 2.7422E-010
2878 2.7432E-010
2879 2.7469E-010
2881 2.7409E-010
2882 2.7317E-010
2883 2.7067E-010
2885 2.6999E-010
2886 2.7139E-010
2887 2.7175E-010
2889 2.7080E-010
2890 2.6998E-010
2891 2.6974E-010
2893 2.6997E-010
2894 2.6842E-010
2896 2.6792E-010
2897 2.6531E-010
2898 2.6564E-010
2900 2.6602E-010
2901 2.6558E-010
2902 2.6410E-010
2904 2.6489E-010
2905 2.6344E-010
2907 2.6100E-010
2908 2.6216E-010
2909 2.6201E-010
2911 2.6263E-010
2912 2.6192E-010
2913 2.6139E-010
2915 2.6186E-010
2916 2.6189E-010
2918 2.6175E-010
2919 2.6203E-010
2920 2.6130E-010
2922 2.6082E-010
2923 2.6114E-010
2924 2.6039E-010
2926 2.5813E-010
2927 2.5679E-010
2928 2.5693E-010
2930 2.5625E-010
2931 2.5699E-010
2933 2.5713E-010
2934 2.5718E-010
2935 2.5662E-010
2937 2.5599E-010
2938 2.5389E-010
2939 2.5338E-010
2941 2.5459E-010
2942 2.5504E-010
2944 2.5397E-010
2945 2.5208E-010
2946 2.4708E-010
2948 2.4119E-010
2949 2.4698E-010
2950 2.4967E-010
2952 2.5062E-010
2953 2.5088E-010
2955 2.5022E-010
2956 2.5022E-010
2957 2.4856E-010
2959 2.4789E-010
2960 2.4848E-010
2961 2.4666E-010
2963 2.4596E-010
2964 2.4702E-010
2965 2.4702E-010
2967 2.4709E-010
2968 2.4661E-010
2970 2.4585E-010
2971 2.4699E-010
2972 2.4651E-010
2974 2.4594E-010
2975 2.4507E-010
2976 2.4468E-010
2978 2.4435E-010
2979 2.4396E-010
2981 2.4346E-010
2982 2.4247E-010
2983 2.3863E-010
2985 2.3374E-010
2986 2.3075E-010
2987 2.3464E-010
2989 2.3762E-010
2990 2.3709E-010
2992 2.3692E-010
2993 2.3772E-010
2994 2.3860E-010
2996 2.3876E-010
2997 2.3817E-010
2998 2.3625E-010
3000 2.3682E-010
3001 2.3771E-010
3002 2.3623E-010
3004 2.3408E-010
3005 2.3383E-010
3007 2.3316E-010
3008 2.3241E-010
3009 2.3225E-010
3011 2.3258E-010
3012 2.3372E-010
3013 2.3325E-010
3015 2.3168E-010
3016 2.3198E-010
3018 2.3194E-010
3019 2.3071E-010
3020 2.3011E-010
3022 2.3118E-010
3023 2.3055E-010
3024 2.2895E-010
3026 2.2369E-010
3027 2.2283E-010
3028 2.2502E-010
3030 2.2620E-010
3031 2.2560E-010
3033 2.2671E-010
3034 2.2613E-010
3035 2.2536E-010
3037 2.2210E-010
3038 2.1994E-010
3039 2.2266E-010
3041 2.2390E-010
3042 2.2546E-010
3044 2.2499E-010
3045 2.2221E-010
3046 2.2138E-010
3048 2.1980E-010
3049 2.1543E-010
3050 2.1764E-010
3052 2.2262E-010
3053 2.2410E-010
3055 2.2356E-010
3056 2.2363E-010
3057 2.2246E-010
3059 2.2247E-010
3060 2.2076E-010
3061 2.1876E-010
3063 2.2015E-010
3064 2.2055E-010
3065 2.1858E-010
3068 2.1880E-010
3070 2.1834E-010
3073 2.1735E-010
3076 2.1729E-010
3079 2.1710E-010
3081 2.1573E-010
3084 2.1455E-010
3087 2.1385E-010
3090 2.1266E-010
3092 2.1192E-010
3095 2.0915E-010
3098 2.0671E-010
3101 2.0884E-010
3103 2.1100E-010
3106 2.1063E-010
3109 2.1031E-010
3112 2.0822E-010
3114 2.0483E-010
3117 2.0343E-010
3120 2.0310E-010
3123 2.0474E-010
3125 2.0455E-010
3128 2.0552E-010
3131 2.0383E-010
3134 2.0084E-010
3136 2.0071E-010
3139 2.0172E-010
3142 2.0193E-010
3145 2.0187E-010
3147 1.9957E-010
3150 1.9719E-010
3153 1.9877E-010
3156 1.9942E-010
3158 1.9863E-010
3161 1.9839E-010
3164 1.9641E-010
3167 1.9249E-010
3169 1.9442E-010
3172 1.9546E-010
3175 1.9582E-010
3178 1.9479E-010
3180 1.9353E-010
3183 1.9258E-010
3186 1.9030E-010
3189 1.8792E-010
3191 1.8936E-010
3194 1.9043E-010
3197 1.8891E-010
3200 1.8631E-010
3202 1.8017E-010
3205 1.7838E-010
3208 1.8427E-010
3211 1.8609E-010
3213 1.8485E-010
3216 1.8435E-010
3219 1.8342E-010
3222 1.8425E-010
3224 1.8324E-010
3227 1.8369E-010
3230 1.8189E-010
3233 1.8056E-010
3235 1.8125E-010
3238 1.8083E-010
3241 1.8014E-010
3244 1.7986E-010
3246 1.7962E-010
3249 1.7935E-010
3252 1.7916E-010
3255 1.7859E-010
3257 1.7801E-010
3260 1.7696E-010
3263 1.7475E-010
3265 1.7324E-010
3268 1.7304E-010
3271 1.7532E-010
3274 1.7572E-010
3276 1.7524E-010
3279 1.7491E-010
3282 1.7344E-010
3285 1.7203E-010
3287 1.7210E-010
3290 1.7072E-010
3293 1.7149E-010
3296 1.7065E-010
3298 1.6864E-010
3301 1.6737E-010
3304 1.6819E-010
3307 1.6826E-010
3309 1.6749E-010
3312 1.6540E-010
3315 1.6588E-010
3318 1.6624E-010
3320 1.6658E-010
3323 1.6513E-010
3326 1.6383E-010
3329 1.6331E-010
3331 1.6260E-010
3334 1.6120E-010
3337 1.6018E-010
3340 1.5940E-010
3342 1.5649E-010
3345 1.5810E-010
3348 1.5952E-010
3351 1.5954E-010
3353 1.5827E-010
3356 1.5577E-010
3359 1.5647E-010
3362 1.5733E-010
3364 1.5626E-010
3367 1.5701E-010
3370 1.5700E-010
3373 1.5703E-010
3375 1.5693E-010
3378 1.5545E-010
3381 1.5560E-010
3384 1.5560E-010
3386 1.5549E-010
3389 1.5405E-010
3392 1.5345E-010
3395 1.5365E-010
3397 1.5385E-010
3400 1.5372E-010
3403 1.5327E-010
3406 1.5164E-010
3408 1.5104E-010
3411 1.5131E-010
3414 1.5048E-010
3417 1.4981E-010
3419 1.4948E-010
3422 1.4971E-010
3425 1.4964E-010
3428 1.4906E-010
3430 1.4863E-010
3433 1.4832E-010
3436 1.4853E-010
3439 1.4751E-010
3441 1.4674E-010
3444 1.4577E-010
3447 1.4487E-010
3450 1.4425E-010
3452 1.4462E-010
3455 1.4397E-010
3458 1.4377E-010
3461 1.4401E-010
3463 1.4417E-010
3466 1.4365E-010
3469 1.4314E-010
3472 1.4239E-010
3474 1.4151E-010
3477 1.4174E-010
3480 1.4044E-010
3483 1.3932E-010
3485 1.3935E-010
3488 1.3930E-010
3491 1.3949E-010
3494 1.3986E-010
3496 1.3932E-010
3499 1.3802E-010
3502 1.3715E-010
3505 1.3647E-010
3507 1.3598E-010
3510 1.3594E-010
3513 1.3498E-010
3516 1.3535E-010
3518 1.3614E-010
3521 1.3671E-010
3524 1.3631E-010
3527 1.3540E-010
3529 1.3367E-010
3532 1.3282E-010
3535 1.3283E-010
3538 1.3380E-010
3540 1.3293E-010
3543 1.3309E-010
3546 1.3271E-010
3549 1.3221E-010
3551 1.3205E-010
3554 1.2999E-010
3557 1.2901E-010
3560 1.2952E-010
3562 1.2935E-010
3565 1.3016E-010
3568 1.2938E-010
3571 1.2846E-010
3573 1.2827E-010
3576 1.2787E-010
3579 1.2756E-010
3582 1.2817E-010
3584 1.2712E-010
3587 1.2466E-010
3590 1.2372E-010
3593 1.2533E-010
3595 1.2589E-010
3598 1.2638E-010
3601 1.2612E-010
3604 1.2553E-010
3606 1.2549E-010
3609 1.2461E-010
3612 1.2359E-010
3614 1.2290E-010
3617 1.2318E-010
3620 1.2390E-010
3623 1.2316E-010
3625 1.2333E-010
3628 1.2249E-010
3631 1.2160E-010
3634 1.1913E-010
3636 1.1746E-010
3639 1.1908E-010
3642 1.2083E-010
3645 1.2002E-010
3647 1.2003E-010
3650 1.1984E-010
3653 1.1941E-010
3656 1.1885E-010
3658 1.1946E-010
3661 1.1875E-010
3664 1.1834E-010
3667 1.1742E-010
3669 1.1817E-010
3672 1.1827E-010
3675 1.1824E-010
3678 1.1779E-010
3680 1.1703E-010
3683 1.1638E-010
3686 1.1620E-010
3689 1.1557E-010
3691 1.1549E-010
3694 1.1442E-010
3697 1.1351E-010
3700 1.1247E-010
3702 1.1244E-010
3705 1.0851E-010
3708 1.0706E-010
3711 1.0943E-010
3713 1.0978E-010
3716 1.0987E-010
3719 1.1194E-010
3722 1.1108E-010
3724 1.0967E-010
3727 1.1064E-010
3730 1.1223E-010
3733 1.1103E-010
3735 1.0787E-010
3738 1.0881E-010
3741 1.1312E-010
3744 1.1535E-010
3746 1.1327E-010
3749 1.0773E-010
3752 1.0290E-010
3755 1.0504E-010
3757 1.0913E-010
3760 1.1135E-010
3763 1.1212E-010
3766 1.1170E-010
3768 1.0720E-010
3771 1.0003E-010
3774 9.8710E-011
3777 1.0606E-010
3779 1.1294E-010
3782 1.1626E-010
3785 1.1748E-010
3788 1.1729E-010
3790 1.1542E-010
3793 1.1058E-010
3796 1.0371E-010
3799 9.5939E-011
3801 9.5684E-011
3804 1.0341E-010
3807 1.1028E-010
3810 1.1262E-010
3812 1.1452E-010
3815 1.1468E-010
3818 1.1143E-010
3821 1.0537E-010
3823 1.0659E-010
3826 1.1128E-010
3829 1.1052E-010
3832 1.0518E-010
3834 9.6106E-011
3837 8.8873E-011
3840 9.3186E-011
3843 1.0253E-010
3845 1.0809E-010
3848 1.1133E-010
3851 1.1264E-010
3854 1.1280E-010
3856 1.1285E-010
3859 1.1254E-010
3862 1.1221E-010
3865 1.1152E-010
3867 1.1037E-010
3870 1.0942E-010
3873 1.0965E-010
3876 1.0927E-010
3878 1.0842E-010
3881 1.0708E-010
3884 1.0295E-010
3887 9.5831E-011
3889 8.6117E-011
3892 8.3273E-011
3895 9.2018E-011
3898 1.0061E-010
3900 1.0469E-010
3903 1.0682E-010
3906 1.0772E-010
3909 1.0854E-010
3911 1.0798E-010
3914 1.0732E-010
3917 1.0725E-010
3920 1.0628E-010
3922 1.0476E-010
3925 1.0417E-010
3928 1.0334E-010
3931 1.0375E-010
3933 1.0416E-010
3936 1.0373E-010
3939 1.0537E-010
3942 1.0517E-010
3944 1.0503E-010
3947 1.0436E-010
3950 1.0404E-010
3953 1.0343E-010
3955 1.0262E-010
3958 1.0172E-010
3961 9.9903E-011
3964 9.6573E-011
3966 9.0299E-011
3969 8.2264E-011
3972 7.5373E-011
3975 8.0030E-011
3977 8.9862E-011
3980 9.5326E-011
3983 9.7957E-011
3986 9.8962E-011
3988 9.9932E-011
3991 1.0017E-010
3994 1.0054E-010
3997 1.0012E-010
3999 9.9713E-011
4002 9.9486E-011
4005 9.8688E-011
4008 9.7624E-011
4010 9.6452E-011
4013 9.6349E-011
4016 9.7591E-011
4019 9.7713E-011
4021 9.6232E-011
4024 9.3896E-011
4027 8.7511E-011
4030 8.6463E-011
4032 9.1917E-011
4035 9.4679E-011
4038 9.5543E-011
4041 9.5902E-011
4043 9.5426E-011
4046 9.5126E-011
4049 9.5589E-011
4052 9.5217E-011
4054 9.4952E-011
4057 9.4253E-011
4060 9.3461E-011
4063 9.3296E-011
4065 9.2971E-011
4068 9.0720E-011
4071 8.8566E-011
4074 8.7772E-011
4076 8.9611E-011
4079 9.0580E-011
4082 9.0815E-011
4085 9.0838E-011
4087 8.9472E-011
4090 8.6230E-011
4093 8.5444E-011
4096 8.5139E-011
4098 8.0066E-011
4101 7.2390E-011
4104 6.6847E-011
4107 7.1611E-011
4109 7.9865E-011
4112 8.4463E-011
4115 8.6030E-011
4118 8.5127E-011
4120 8.4344E-011
4123 8.4671E-011
4126 8.7260E-011
4129 8.8758E-011
4131 8.8581E-011
4134 8.8265E-011
4137 8.8045E-011
4140 8.8068E-011
4142 8.6245E-011
4145 8.4015E-011
4148 8.4313E-011
4151 8.5973E-011
4153 8.6030E-011
4156 8.5371E-011
4159 8.5638E-011
4162 8.5914E-011
4164 8.5965E-011
4167 8.5359E-011
4170 8.5593E-011
4173 8.5381E-011
4175 8.5640E-011
4178 8.5245E-011
4181 8.5049E-011
4184 8.4943E-011
4186 8.3476E-011
4189 8.2726E-011
4192 8.2856E-011
4195 8.3138E-011
4197 8.2436E-011
4200 8.1095E-011
4203 8.0716E-011
4206 8.1758E-011
4208 8.2550E-011
4211 8.2400E-011
4214 8.1945E-011
4217 8.2240E-011
4219 8.2032E-011
4222 8.1671E-011
4225 8.1996E-011
4228 8.2303E-011
4230 8.1559E-011
4233 8.1424E-011
4236 8.1358E-011
4239 8.1105E-011
4241 8.0888E-011
4244 8.0655E-011
4247 8.0285E-011
4250 8.0165E-011
4252 7.9816E-011
4255 7.8954E-011
4258 7.8655E-011
4261 7.9495E-011
4263 7.9437E-011
4266 7.9003E-011
4269 7.8350E-011
4272 7.8603E-011
4274 7.8352E-011
4277 7.7374E-011
4280 7.6777E-011
4283 7.7194E-011
4285 7.6822E-011
4288 7.6329E-011
4291 7.6284E-011
4294 7.6154E-011
4296 7.6206E-011
4299 7.6412E-011
4302 7.6463E-011
4305 7.5982E-011
4307 7.5542E-011
4310 7.5417E-011
4313 7.5067E-011
4316 7.4578E-011
4318 7.4188E-011
4321 7.3593E-011
4324 7.3582E-011
4327 7.2886E-011
4329 7.1962E-011
4332 7.1327E-011
4335 6.9747E-011
4338 6.5771E-011
4340 5.9515E-011
4343 5.4570E-011
4346 5.8259E-011
4349 6.3939E-011
4351 6.7310E-011
4354 6.9480E-011
4357 7.0978E-011
4360 7.1555E-011
4362 7.1894E-011
4365 7.1789E-011
4368 7.1159E-011
4371 7.0391E-011
4373 7.0963E-011
4376 7.1425E-011
4379 7.1030E-011
4382 7.0366E-011
4384 7.0413E-011
4387 6.9170E-011
4390 6.6861E-011
4393 6.7289E-011
4395 6.9419E-011
4398 7.0089E-011
4401 6.9955E-011
4404 7.0075E-011
4406 7.0370E-011
4409 7.0306E-011
4412 6.9806E-011
4415 6.9291E-011
4417 6.8565E-011
4420 6.8711E-011
4423 6.9070E-011
4426 6.9220E-011
4428 6.9281E-011
4431 6.8653E-011
4434 6.8471E-011
4437 6.8311E-011
4439 6.7877E-011
4442 6.7902E-011
4445 6.7802E-011
4448 6.7722E-011
4450 6.6939E-011
4453 6.7512E-011
4456 6.7178E-011
4459 6.6967E-011
4461 6.7088E-011
4464 6.6653E-011
4467 6.5893E-011
4470 6.3615E-011
4472 5.9850E-011
4475 5.8363E-011
4478 6.2522E-011
4480 6.4719E-011
4483 6.4647E-011
4486 6.5112E-011
4489 6.5585E-011
4491 6.5247E-011
4494 6.5106E-011
4497 6.5268E-011
4500 6.5267E-011
4502 6.5153E-011
4505 6.5178E-011
4508 6.4658E-011
4511 6.4574E-011
4513 6.4019E-011
4516 6.3664E-011
4519 6.3263E-011
4522 6.3563E-011
4524 6.3505E-011
4527 6.3487E-011
4530 6.3074E-011
4533 6.2983E-011
4535 6.2908E-011
4538 6.2174E-011
4541 6.1085E-011
4544 5.9971E-011
4546 6.0203E-011
4549 6.0879E-011
4552 6.1359E-011
4555 6.1058E-011
4557 6.1257E-011
4560 6.1727E-011
4563 6.1570E-011
4566 6.1932E-011
4568 6.1743E-011
4571 6.0850E-011
4574 6.1020E-011
4577 6.1066E-011
4579 6.1198E-011
4582 6.1050E-011
4585 6.1097E-011
4588 6.0728E-011
4590 6.0523E-011
4593 5.9757E-011
4596 5.9586E-011
4599 5.9598E-011
4601 5.9769E-011
4604 5.9763E-011
4607 5.9539E-011
4610 5.9314E-011
4612 5.9155E-011
4615 5.9362E-011
4618 5.9270E-011
4621 5.9056E-011
4623 5.9006E-011
4626 5.9134E-011
4629 5.8722E-011
4632 5.8305E-011
4634 5.7608E-011
4637 5.7548E-011
4640 5.7358E-011
4643 5.6492E-011
4645 5.5753E-011
4648 5.5022E-011
4651 5.2369E-011
4654 5.1591E-011
4656 5.3983E-011
4659 5.5776E-011
4662 5.6116E-011
4665 5.6276E-011
4667 5.6290E-011
4670 5.6252E-011
4673 5.6451E-011
4676 5.6045E-011
4678 5.5589E-011
4681 5.5641E-011
4684 5.4680E-011
4687 5.2218E-011
4689 5.1101E-011
4692 5.3634E-011
4695 5.5256E-011
4698 5.5312E-011
4700 5.5219E-011
4703 5.4862E-011
4706 5.4749E-011
4709 5.4328E-011
4711 5.4350E-011
4714 5.3488E-011
4717 5.2923E-011
4720 5.3854E-011
4722 5.4391E-011
4725 5.4524E-011
4728 5.4406E-011
4731 5.4498E-011
4733 5.4421E-011
4736 5.4217E-011
4739 5.4156E-011
4742 5.3873E-011
4744 5.3843E-011
4747 5.3912E-011
4750 5.3781E-011
4753 5.3586E-011
4755 5.3326E-011
4758 5.3342E-011
4761 5.3139E-011
4764 5.3031E-011
4766 5.2926E-011
4769 5.2914E-011
4772 5.2699E-011
4775 5.2474E-011
4777 5.2569E-011
4780 5.2152E-011
4783 5.2263E-011
4786 5.2174E-011
4788 5.1798E-011
4791 5.1852E-011
4794 5.1650E-011
4796 5.1622E-011
4799 5.1651E-011
4802 5.1148E-011
4805 5.0987E-011
4807 5.1013E-011
4810 5.0871E-011
4813 5.0839E-011
4816 5.0641E-011
4818 5.0504E-011
4821 5.0446E-011
4824 5.0341E-011
4827 5.0385E-011
4829 5.0291E-011
4832 5.0048E-011
4835 4.9950E-011
4838 4.9778E-011
4840 4.9716E-011
4843 4.9554E-011
4846 4.9128E-011
4849 4.8630E-011
4851 4.8113E-011
4854 4.7299E-011
4857 4.5306E-011
4860 4.1912E-011
4862 3.7654E-011
4865 3.6848E-011
4868 4.0332E-011
4871 4.3969E-011
4873 4.5819E-011
4876 4.6863E-011
4879 4.7361E-011
4882 4.7694E-011
4884 4.7708E-011
4887 4.7643E-011
4890 4.7859E-011
4893 4.7746E-011
4895 4.7741E-011
4898 4.7580E-011
4901 4.7485E-011
4904 4.7575E-011
4906 4.7363E-011
4909 4.7119E-011
4912 4.7043E-011
4915 4.7133E-011
4917 4.6668E-011
4920 4.5781E-011
4923 4.4179E-011
4926 4.3360E-011
4928 4.4879E-011
4931 4.6070E-011
4934 4.6422E-011
4937 4.6495E-011
4939 4.6376E-011
4942 4.6239E-011
4945 4.5919E-011
4948 4.6120E-011
4950 4.6062E-011
4953 4.5911E-011
4956 4.5879E-011
4959 4.5948E-011
4961 4.5757E-011
4964 4.5645E-011
4967 4.5670E-011
4970 4.5432E-011
4972 4.5512E-011
4975 4.5316E-011
4978 4.5304E-011
4980 4.5207E-011
4983 4.5245E-011
4986 4.5198E-011
4989 4.4896E-011
4991 4.4875E-011
4994 4.4803E-011
4997 4.4622E-011
5000 4.4560E-011
5002 4.4367E-011
5005 4.4199E-011
5008 4.4161E-011
5011 4.4015E-011
5013 4.3477E-011
5016 4.2927E-011
5019 4.2409E-011
5022 4.3180E-011
5024 4.3544E-011
5027 4.3547E-011
5030 4.3452E-011
5033 4.3255E-011
5035 4.3415E-011
5038 4.3386E-011
5041 4.3235E-011
5044 4.3200E-011
5046 4.2795E-011
5049 4.2368E-011
5052 4.2242E-011
5055 4.2533E-011
5057 4.2591E-011
5060 4.2531E-011
5063 4.2361E-011
5066 4.2493E-011
5068 4.2457E-011
5071 4.2349E-011
5074 4.2310E-011
5077 4.2090E-011
5079 4.2037E-011
5082 4.1950E-011
5085 4.1830E-011
5088 4.1713E-011
5090 4.1702E-011
5093 4.1593E-011
5096 4.1376E-011
5099 4.1291E-011
5101 4.1258E-011
5104 4.1186E-011
5107 4.1181E-011
5109 4.1054E-011
5112 4.1094E-011
5115 4.1061E-011
5118 4.0741E-011
5120 4.0697E-011
5123 4.0681E-011
5126 4.0665E-011
5129 4.0444E-011
5131 4.0419E-011
5134 4.0112E-011
5137 4.0179E-011
5140 4.0119E-011
5142 4.0015E-011
5145 3.9993E-011
5148 3.9908E-011
5151 3.9942E-011
5153 3.9740E-011
5156 3.9766E-011
5159 3.9638E-011
5162 3.9449E-011
5164 3.9267E-011
5167 3.9401E-011
5170 3.9324E-011
5173 3.9255E-011
5175 3.9204E-011
5178 3.9096E-011
5181 3.8987E-011
5184 3.8933E-011
5186 3.8837E-011
5189 3.8729E-011
5192 3.8746E-011
5195 3.8539E-011
5197 3.8601E-011
5200 3.8645E-011
5203 3.8557E-011
5206 3.8363E-011
5208 3.8242E-011
5211 3.8277E-011
5214 3.8294E-011
5217 3.8136E-011
5219 3.8029E-011
5222 3.7962E-011
5225 3.8042E-011
5227 3.7882E-011
5230 3.7761E-011
5233 3.7542E-011
5236 3.7688E-011
5238 3.7566E-011
5241 3.7529E-011
5244 3.7417E-011
5247 3.7237E-011
5249 3.7242E-011
5252 3.7102E-011
5255 3.7056E-011
5258 3.7004E-011
5260 3.6964E-011
5263 3.6868E-011
5266 3.6746E-011
5269 3.6614E-011
5271 3.6473E-011
5274 3.6481E-011
5277 3.6332E-011
5280 3.6408E-011
5282 3.6291E-011
5285 3.6305E-011
5288 3.6219E-011
5291 3.6228E-011
5293 3.6150E-011
5296 3.6047E-011
5299 3.6025E-011
5302 3.5873E-011
5304 3.5691E-011
5307 3.5588E-011
5310 3.5615E-011
5313 3.5596E-011
5315 3.5399E-011
5318 3.5505E-011
5321 3.5412E-011
5323 3.5252E-011
5326 3.5145E-011
5329 3.5181E-011
5332 3.5202E-011
5334 3.5142E-011
5337 3.4970E-011
5340 3.4885E-011
5343 3.4798E-011
5345 3.4754E-011
5348 3.4722E-011
5351 3.4727E-011
5354 3.4635E-011
5356 3.4541E-011
5359 3.4496E-011
5362 3.4457E-011
5365 3.4461E-011
5367 3.4366E-011
5370 3.4176E-011
5373 3.4113E-011
5376 3.4136E-011
5378 3.4093E-011
5381 3.3983E-011
5384 3.3838E-011
5387 3.3739E-011
5389 3.3726E-011
5392 3.3680E-011
5395 3.3624E-011
5398 3.3457E-011
5400 3.3375E-011
5403 3.3212E-011
5406 3.3132E-011
5408 3.2836E-011
5411 3.1998E-011
5414 3.1337E-011
5417 3.1818E-011
5419 3.2456E-011
5422 3.2716E-011
5425 3.2817E-011
5428 3.2859E-011
5430 3.2810E-011
5433 3.2817E-011
5436 3.2635E-011
5439 3.2687E-011
5441 3.2594E-011
5444 3.2529E-011
5447 3.2467E-011
5450 3.2406E-011
5453 3.2138E-011
5458 3.2161E-011
5463 3.2230E-011
5468 3.1938E-011
5473 3.1695E-011
5478 3.1854E-011
5482 3.1675E-011
5487 3.1420E-011
5492 3.1358E-011
5497 3.1390E-011
5502 3.1239E-011
5507 3.1218E-011
5512 3.1029E-011
5517 3.1068E-011
5521 3.0978E-011
5526 3.0944E-011
5531 3.0731E-011
5536 3.0370E-011
5541 3.0197E-011
5546 3.0369E-011
5551 3.0396E-011
5556 3.0063E-011
5560 3.0131E-011
5565 2.9883E-011
5570 2.9908E-011
5575 2.9759E-011
5580 2.9750E-011
5585 2.9489E-011
5590 2.9229E-011
5594 2.8948E-011
5599 2.9059E-011
5604 2.9130E-011
5609 2.9060E-011
5614 2.8932E-011
5619 2.8824E-011
5624 2.8909E-011
5629 2.8820E-011
5633 2.8562E-011
5638 2.8213E-011
5643 2.8335E-011
5648 2.8283E-011
5653 2.8131E-011
5658 2.8141E-011
5663 2.7989E-011
5668 2.7982E-011
5672 2.7826E-011
5677 2.7839E-011
5682 2.7694E-011
5687 2.7648E-011
5692 2.7581E-011
5697 2.7231E-011
5702 2.7224E-011
5707 2.7269E-011
5711 2.7164E-011
5716 2.7185E-011
5721 2.6986E-011
5726 2.6892E-011
5731 2.6769E-011
5736 2.6673E-011
5741 2.6658E-011
5746 2.6573E-011
5750 2.6512E-011
5755 2.6548E-011
5760 2.6327E-011
5765 2.6299E-011
5770 2.6133E-011
5775 2.6104E-011
5780 2.6210E-011
5785 2.5916E-011
5789 2.5807E-011
5794 2.5838E-011
5799 2.5659E-011
5804 2.5480E-011
5809 2.5321E-011
5814 2.5350E-011
5819 2.5364E-011
5824 2.5236E-011
5828 2.5182E-011
5833 2.5039E-011
5838 2.5142E-011
5843 2.4939E-011
5848 2.4866E-011
5853 2.4814E-011
5858 2.4756E-011
5863 2.4513E-011
5867 2.4382E-011
5872 2.4033E-011
5877 2.2912E-011
5882 2.3161E-011
5887 2.3826E-011
5892 2.3878E-011
5897 2.4041E-011
5902 2.3997E-011
5906 2.3980E-011
5911 2.4016E-011
5916 2.3920E-011
5921 2.3903E-011
5926 2.3670E-011
5931 2.3598E-011
5936 2.3621E-011
5941 2.3652E-011
5945 2.3291E-011
5950 2.3401E-011
5955 2.3353E-011
5960 2.3246E-011
5965 2.3233E-011
5970 2.3135E-011
5975 2.3007E-011
5980 2.2993E-011
5984 2.2836E-011
5989 2.2914E-011
5994 2.2657E-011
5999 2.2705E-011
6004 2.2593E-011
6009 2.2502E-011
6014 2.2479E-011
6019 2.2424E-011
6023 2.2347E-011
6028 2.2353E-011
6033 2.2292E-011
6038 2.2116E-011
6043 2.2303E-011
6048 2.1958E-011
6053 2.1987E-011
6058 2.1867E-011
6062 2.1738E-011
6067 2.1714E-011
6072 2.1576E-011
6077 2.1618E-011
6082 2.1601E-011
6087 2.1402E-011
6092 2.1305E-011
6097 2.1274E-011
6101 2.1269E-011
6106 2.1231E-011
6111 2.1097E-011
6116 2.1062E-011
6121 2.0973E-011
6126 2.0856E-011
6131 2.0832E-011
6136 2.0966E-011
6140 2.0865E-011
6145 2.0775E-011
6150 2.0636E-011
6155 2.0592E-011
6160 2.0564E-011
6165 2.0564E-011
6170 2.0445E-011
6175 2.0436E-011
6180 2.0374E-011
6184 2.0165E-011
6189 2.0235E-011
6194 2.0171E-011
6199 2.0160E-011
6204 2.0103E-011
6209 1.9936E-011
6214 1.9938E-011
6219 1.9822E-011
6223 1.9738E-011
6228 1.9761E-011
6233 1.9756E-011
6238 1.9713E-011
6243 1.9490E-011
6248 1.9476E-011
6253 1.9473E-011
6258 1.9531E-011
6262 1.9303E-011
6267 1.9215E-011
6272 1.9329E-011
6277 1.9255E-011
6282 1.9089E-011
6287 1.9067E-011
6292 1.9121E-011
6297 1.9121E-011
6301 1.9015E-011
6306 1.8746E-011
6311 1.8707E-011
6316 1.8584E-011
6321 1.8346E-011
6326 1.8263E-011
6331 1.8221E-011
6336 1.8171E-011
6340 1.8276E-011
6345 1.8390E-011
6350 1.8341E-011
6355 1.8369E-011
6360 1.8306E-011
6365 1.8298E-011
6370 1.8086E-011
6375 1.8064E-011
6380 1.7983E-011
6384 1.8054E-011
6389 1.8024E-011
6394 1.7909E-011
6399 1.7989E-011
6404 1.7770E-011
6409 1.7581E-011
6414 1.7555E-011
6419 1.7594E-011
6423 1.7644E-011
6428 1.7489E-011
6433 1.7459E-011
6438 1.7436E-011
6443 1.7361E-011
6448 1.7218E-011
6453 1.7245E-011
6458 1.7159E-011
6462 1.7117E-011
6467 1.7145E-011
6472 1.7072E-011
6477 1.7011E-011
6482 1.6890E-011
6487 1.6910E-011
6492 1.6841E-011
6497 1.6871E-011
6502 1.6763E-011
6506 1.6662E-011
6511 1.6675E-011
6516 1.6613E-011
6521 1.6515E-011
6526 1.6414E-011
6531 1.6416E-011
6536 1.6425E-011
6541 1.6310E-011
6545 1.6132E-011
6550 1.5941E-011
6555 1.5328E-011
6560 1.4605E-011
6565 1.3375E-011
6570 1.3625E-011
6575 1.4712E-011
6580 1.5349E-011
6584 1.5681E-011
6589 1.5877E-011
6594 1.5786E-011
6599 1.5897E-011
6604 1.5734E-011
6609 1.5794E-011
6614 1.5692E-011
6619 1.5767E-011
6624 1.5646E-011
6628 1.5639E-011
6633 1.5521E-011
6638 1.5472E-011
6643 1.5426E-011
6648 1.5364E-011
6653 1.5333E-011
6658 1.5354E-011
6663 1.5370E-011
6667 1.5259E-011
6672 1.5010E-011
6677 1.4717E-011
6682 1.4303E-011
6687 1.4648E-011
6692 1.4941E-011
6697 1.4991E-011
6702 1.4967E-011
6707 1.4891E-011
6711 1.4898E-011
6716 1.4961E-011
6721 1.4899E-011
6726 1.4762E-011
6731 1.4839E-011
6736 1.4728E-011
6741 1.4721E-011
6746 1.4750E-011
6750 1.4657E-011
6755 1.4612E-011
6760 1.4579E-011
6765 1.4548E-011
6770 1.4515E-011
6775 1.4456E-011
6780 1.4441E-011
6785 1.4332E-011
6789 1.4295E-011
6794 1.4316E-011
6799 1.4249E-011
6804 1.4237E-011
6809 1.4116E-011
6814 1.4176E-011
6819 1.4106E-011
6824 1.4090E-011
6829 1.4033E-011
6833 1.3991E-011
6838 1.3934E-011
6843 1.3935E-011
6848 1.3861E-011
6853 1.3831E-011
6858 1.3784E-011
6863 1.3733E-011
6868 1.3749E-011
6872 1.3729E-011
6877 1.3686E-011
6882 1.3550E-011
6887 1.3554E-011
6892 1.3411E-011
6897 1.3490E-011
6902 1.3463E-011
6907 1.3387E-011
6912 1.3387E-011
6916 1.3318E-011
6921 1.3324E-011
6926 1.3304E-011
6931 1.3280E-011
6936 1.3208E-011
6941 1.3209E-011
6946 1.3182E-011
6951 1.3076E-011
6955 1.3091E-011
6960 1.3070E-011
6965 1.3119E-011
6970 1.3031E-011
6975 1.2972E-011
6980 1.2943E-011
6985 1.2935E-011
6990 1.2900E-011
6995 1.2846E-011
6999 1.2751E-011
7004 1.2730E-011
7009 1.2736E-011
7014 1.2745E-011
7019 1.2646E-011
7024 1.2632E-011
7029 1.2589E-011
7034 1.2565E-011
7039 1.2527E-011
7043 1.2481E-011
7048 1.2409E-011
7053 1.2397E-011
7058 1.2336E-011
7063 1.2179E-011
7068 1.1828E-011
7073 1.1830E-011
7078 1.2092E-011
7082 1.2216E-011
7087 1.2104E-011
7092 1.2173E-011
7097 1.2148E-011
7102 1.2101E-011
7107 1.2076E-011
7112 1.2037E-011
7117 1.2003E-011
7122 1.2009E-011
7126 1.2008E-011
7131 1.1900E-011
7136 1.1903E-011
7141 1.1867E-011
7146 1.1879E-011
7151 1.1807E-011
7156 1.1798E-011
7161 1.1734E-011
7165 1.1745E-011
7170 1.1601E-011
7175 1.1537E-011
7180 1.1481E-011
7185 1.1497E-011
7190 1.1500E-011
7195 1.1474E-011
7200 1.1488E-011
7205 1.1514E-011
7209 1.1461E-011
7214 1.1471E-011
7219 1.1414E-011
7224 1.1382E-011
7229 1.1342E-011
7234 1.1321E-011
7239 1.1307E-011
7244 1.1214E-011
7248 1.1165E-011
7253 1.1158E-011
7258 1.1140E-011
7263 1.1136E-011
7268 1.1095E-011
7273 1.1117E-011
7278 1.0964E-011
7283 1.0863E-011
7288 1.0716E-011
7292 1.0871E-011
7297 1.0840E-011
7302 1.0852E-011
7307 1.0827E-011
7312 1.0805E-011
7317 1.0853E-011
7322 1.0803E-011
7327 1.0751E-011
7332 1.0741E-011
7336 1.0719E-011
7341 1.0709E-011
7346 1.0691E-011
7351 1.0692E-011
7356 1.0621E-011
7361 1.0652E-011
7366 1.0577E-011
7371 1.0527E-011
7375 1.0510E-011
7380 1.0480E-011
7385 1.0481E-011
7390 1.0409E-011
7395 1.0430E-011
7400 1.0406E-011
7405 1.0369E-011
7410 1.0311E-011
7415 1.0293E-011
7419 1.0270E-011
7424 1.0256E-011
7429 1.0192E-011
7434 1.0186E-011
7439 1.0171E-011
7444 1.0163E-011
7449 1.0106E-011
7454 1.0088E-011
7458 1.0048E-011
7463 1.0100E-011
7468 1.0004E-011
7473 1.0008E-011
7478 9.9521E-012
7483 9.9563E-012
7488 9.9053E-012
7493 9.8816E-012
7498 9.8449E-012
7502 9.8270E-012
7507 9.8130E-012
7512 9.7892E-012
7517 9.8126E-012
7522 9.7772E-012
7527 9.7325E-012
7532 9.7200E-012
7537 9.6743E-012
7542 9.6845E-012
7546 9.6873E-012
7551 9.6173E-012
7556 9.5904E-012
7561 9.5876E-012
7566 9.5674E-012
7571 9.5439E-012
7576 9.4908E-012
7581 9.4758E-012
7585 9.4243E-012
7590 9.4327E-012
7595 9.2716E-012
7600 9.2421E-012
7605 9.2481E-012
7610 9.2843E-012
7615 9.2630E-012
7620 9.3184E-012
7625 9.2897E-012
7629 9.2446E-012
7634 9.2287E-012
7639 9.2371E-012
7644 9.1959E-012
7649 9.1547E-012
7654 9.1446E-012
7659 9.1257E-012
7664 9.0657E-012
7669 9.0747E-012
7673 9.1022E-012
7678 9.0949E-012
7683 9.0352E-012
7688 8.9960E-012
7693 8.9843E-012
7698 8.9892E-012
7703 8.9635E-012
7708 8.9524E-012
7712 8.8967E-012
7717 8.8743E-012
7722 8.8686E-012
7727 8.8477E-012
7732 8.8682E-012
7737 8.8382E-012
7742 8.8371E-012
7747 8.7305E-012
7752 8.7812E-012
7756 8.7356E-012
7761 8.7815E-012
7766 8.7306E-012
7771 8.6849E-012
7776 8.6111E-012
7781 8.5577E-012
7786 8.5310E-012
7791 8.5740E-012
7796 8.5722E-012
7800 8.5732E-012
7805 8.5500E-012
7810 8.4982E-012
7815 8.4962E-012
7820 8.4755E-012
7825 8.4214E-012
7830 8.4729E-012
7835 8.4162E-012
7839 8.4271E-012
7844 8.3658E-012
7849 8.2852E-012
7854 8.3534E-012
7859 8.3192E-012
7864 8.3054E-012
7869 8.2888E-012
7874 8.2402E-012
7879 8.2093E-012
7883 8.1601E-012
7888 8.1953E-012
7893 8.2112E-012
7898 8.2254E-012
7903 8.2026E-012
7908 8.1334E-012
7913 8.0992E-012
7918 8.0755E-012
7923 8.0757E-012
7927 8.0545E-012
7932 8.0119E-012
7937 8.0448E-012
7942 8.0425E-012
7947 7.9628E-012
7952 8.0128E-012
7957 7.9408E-012
7962 7.8881E-012
7966 7.8672E-012
7971 7.7977E-012
7976 7.9171E-012
7981 7.8936E-012
7986 7.8882E-012
7991 7.8339E-012
7996 7.7635E-012
8001 7.7428E-012
8006 7.7382E-012
8010 7.7200E-012
8015 7.7109E-012
8020 7.7588E-012
8025 7.6927E-012
8030 7.7093E-012
8035 7.6213E-012
8040 7.6304E-012
8045 7.6257E-012
8050 7.5527E-012
8054 7.5568E-012
8059 7.5629E-012
8064 7.5273E-012
8069 7.4965E-012
8074 7.4444E-012
8079 7.4477E-012
8084 7.4412E-012
8089 7.4238E-012
8093 7.4512E-012
8098 7.4152E-012
8103 7.3905E-012
8108 7.3752E-012
8113 7.3663E-012
8118 7.3739E-012
8123 7.3526E-012
8128 7.3373E-012
8133 7.3198E-012
8137 7.2411E-012
8142 7.2286E-012
8147 7.2419E-012
8152 7.2070E-012
8157 7.2323E-012
8162 7.2209E-012
8167 7.1899E-012
8172 7.1695E-012
8177 7.1617E-012
8181 7.1743E-012
8186 7.0938E-012
8191 7.1641E-012
8196 7.1457E-012
8201 7.1644E-012
8206 7.0825E-012
8211 7.0698E-012
8216 7.0209E-012
8220 6.9649E-012
8225 6.8993E-012
8230 6.9573E-012
8235 6.8790E-012
8240 6.8633E-012
8245 6.9070E-012
8250 6.9100E-012
8255 6.8841E-012
8260 6.8600E-012
8264 6.8453E-012
8269 6.7996E-012
8274 6.8048E-012
8279 6.8375E-012
8284 6.7962E-012
8289 6.7916E-012
8294 6.7505E-012
8299 6.7543E-012
8303 6.7593E-012
8308 6.7604E-012
8313 6.7123E-012
8318 6.7003E-012
8323 6.6685E-012
8328 6.6872E-012
8333 6.6506E-012
8338 6.6477E-012
8343 6.6029E-012
8347 6.5670E-012
8352 6.5861E-012
8357 6.5555E-012
8362 6.5314E-012
8367 6.4465E-012
8372 6.4748E-012
8377 6.5229E-012
8382 6.4905E-012
8387 6.5363E-012
8391 6.4705E-012
8396 6.4643E-012
8401 6.4839E-012
8406 6.4317E-012
8411 6.4516E-012
8416 6.4352E-012
8421 6.4110E-012
8426 6.4513E-012
8430 6.3528E-012
8435 6.4112E-012
8440 6.3237E-012
8445 6.2576E-012
8450 6.2653E-012
8455 6.2685E-012
8460 6.2517E-012
8465 6.2895E-012
8470 6.2710E-012
8474 6.2614E-012
8479 6.2630E-012
8484 6.2365E-012
8489 6.2974E-012
8494 6.2287E-012
8499 6.1828E-012
8504 6.1244E-012
8509 6.0937E-012
8513 6.1258E-012
8518 6.1225E-012
8523 6.1147E-012
8528 6.1170E-012
8533 6.0412E-012
8538 6.0339E-012
8543 6.0247E-012
8548 5.9865E-012
8553 6.0388E-012
8557 6.0082E-012
8562 6.0085E-012
8567 6.0702E-012
8572 6.0602E-012
8577 6.0634E-012
8582 6.0216E-012
8587 5.9845E-012
8592 5.9313E-012
8597 5.9151E-012
8601 5.8444E-012
8606 5.8138E-012
8611 5.8128E-012
8616 5.8715E-012
8621 5.9152E-012
8626 5.8666E-012
8631 5.8853E-012
8636 5.8639E-012
8640 5.8542E-012
8645 5.8819E-012
8650 5.8784E-012
8655 5.7669E-012
8660 5.7142E-012
8665 5.6967E-012
8670 5.6434E-012
8675 5.6502E-012
8680 5.6485E-012
8684 5.7349E-012
8689 5.7784E-012
8694 5.7557E-012
8699 5.7539E-012
8704 5.8150E-012
8709 5.7904E-012
8714 5.7637E-012
8719 5.7032E-012
8723 5.7060E-012
8728 5.6462E-012
8733 5.6284E-012
8738 5.6144E-012
8743 5.5136E-012
8748 5.4544E-012
8753 5.3696E-012
8758 5.3862E-012
8763 5.4594E-012
8767 5.5066E-012
8772 5.5515E-012
8777 5.5465E-012
8782 5.5244E-012
8787 5.4919E-012
8792 5.5326E-012
8797 5.5470E-012
8802 5.5342E-012
8806 5.5488E-012
8811 5.5631E-012
8816 5.5216E-012
8821 5.5147E-012
8826 5.5634E-012
8831 5.4813E-012
8836 5.4254E-012
8841 5.4115E-012
8846 5.3639E-012
8850 5.2887E-012
8855 5.2382E-012
8860 5.1649E-012
8865 5.0500E-012
8870 5.0187E-012
8875 5.1077E-012
8880 5.1966E-012
8885 5.2437E-012
8889 5.2869E-012
8894 5.3022E-012
8899 5.3107E-012
8904 5.2512E-012
8909 5.3325E-012
8914 5.2995E-012
8919 5.3106E-012
8924 5.3557E-012
8929 5.3044E-012
8933 5.2505E-012
8938 5.2621E-012
8943 5.2196E-012
8948 5.2397E-012
8953 5.2170E-012
8958 5.2766E-012
8963 5.2612E-012
8968 5.2556E-012
8972 5.1740E-012
8977 5.2157E-012
8982 5.1875E-012
8987 5.1303E-012
8992 5.0868E-012
8997 4.9981E-012
9002 4.9466E-012
9007 4.8915E-012
9012 4.7660E-012
9016 4.6834E-012
9021 4.6624E-012
9026 4.7611E-012
9031 4.8041E-012
9036 4.9428E-012
9041 4.9666E-012
9046 4.9721E-012
9051 5.0026E-012
9055 4.9579E-012
9060 4.9617E-012
9065 4.9597E-012
9070 4.9097E-012
9075 5.0046E-012
9080 5.0232E-012
9085 4.9529E-012
9090 4.9081E-012
9094 4.9400E-012
9099 4.8946E-012
9104 4.9127E-012
9109 4.9195E-012
9114 4.9524E-012
9119 4.9192E-012
9124 4.9047E-012
9129 4.9064E-012
9134 4.8952E-012
9138 4.8925E-012
9143 4.9070E-012
9148 4.9306E-012
9153 4.8889E-012
9158 4.9120E-012
9163 4.8697E-012
9168 4.8208E-012
9173 4.7670E-012
9177 4.7550E-012
9182 4.7068E-012
9187 4.7832E-012
9192 4.7990E-012
9197 4.7842E-012
9202 4.7348E-012
9207 4.6465E-012
9212 4.5987E-012
9217 4.5095E-012
9221 4.4667E-012
9226 4.4023E-012
9231 4.2608E-012
9236 4.2115E-012
9241 4.2609E-012
9246 4.3279E-012
9251 4.4263E-012
9256 4.5191E-012
9260 4.5628E-012
9265 4.5530E-012
9270 4.5397E-012
9275 4.5657E-012
9280 4.5836E-012
9285 4.5960E-012
9290 4.6605E-012
9295 4.6445E-012
9299 4.5967E-012
9304 4.5634E-012
9309 4.5328E-012
9314 4.5115E-012
9319 4.4649E-012
9324 4.4886E-012
9329 4.4801E-012
9334 4.4597E-012
9338 4.4368E-012
9343 4.4012E-012
9348 4.3628E-012
9353 4.3553E-012
9358 4.4249E-012
9363 4.4332E-012
9368 4.4245E-012
9373 4.4346E-012
9378 4.4063E-012
9382 4.4015E-012
9387 4.3688E-012
9392 4.4056E-012
9397 4.3703E-012
9402 4.3915E-012
9407 4.3515E-012
9412 4.3458E-012
9417 4.3114E-012
9421 4.2600E-012
9426 4.3083E-012
9431 4.3020E-012
9436 4.2969E-012
9441 4.3019E-012
9446 4.2940E-012
9451 4.2824E-012
9456 4.2596E-012
9460 4.3040E-012
9465 4.2918E-012
9470 4.2891E-012
9475 4.2465E-012
9480 4.2583E-012
9485 4.1852E-012
9490 4.1957E-012
9495 4.1785E-012
9499 4.1895E-012
9504 4.1449E-012
9509 4.1645E-012
9514 4.0747E-012
9519 4.0475E-012
9524 3.9231E-012
9529 3.9434E-012
9534 3.9406E-012
9539 3.8461E-012
9543 3.8137E-012
9548 3.7193E-012
9553 3.6237E-012
9558 3.6592E-012
9563 3.7994E-012
9568 3.8617E-012
9573 3.9379E-012
9578 3.9876E-012
9582 3.9794E-012
9587 3.9894E-012
9592 4.0165E-012
9597 4.0209E-012
9602 4.0229E-012
9607 4.0110E-012
9612 3.9902E-012
9617 4.1465E-012
9621 4.1435E-012
9626 4.0538E-012
9631 3.9801E-012
9636 3.9714E-012
9641 3.9502E-012
9646 3.8983E-012
9651 3.9106E-012
9656 3.8625E-012
9660 3.9055E-012
9665 3.9190E-012
9670 3.9190E-012
9675 3.9127E-012
9680 3.9185E-012
9685 3.9034E-012
9690 3.9364E-012
9695 3.9398E-012
9699 3.9571E-012
9704 3.9006E-012
9709 3.8527E-012
9714 3.8260E-012
9719 3.8021E-012
9724 3.8173E-012
9729 3.8536E-012
9734 3.8657E-012
9738 3.8127E-012
9743 3.7974E-012
9748 3.7697E-012
9753 3.8629E-012
9758 3.8167E-012
9763 3.7805E-012
9768 3.8058E-012
9773 3.8008E-012
9777 3.8109E-012
9782 3.7880E-012
9787 3.7880E-012
9792 3.7775E-012
9797 3.7251E-012
9802 3.7292E-012
9807 3.6883E-012
9812 3.6976E-012
9816 3.6753E-012
9821 3.6526E-012
9826 3.6231E-012
9831 3.6270E-012
9836 3.6517E-012
9841 3.6668E-012
9846 3.6650E-012
9851 3.6914E-012
9855 3.6713E-012
9860 3.6812E-012
9865 3.7082E-012
9870 3.5505E-012
9875 3.6145E-012
9880 3.6514E-012
9885 3.5965E-012
9890 3.6058E-012
9894 3.6186E-012
9899 3.5822E-012
9904 3.5275E-012
9909 3.5510E-012
9914 3.5218E-012
9919 3.4976E-012
9924 3.5851E-012
9929 3.5511E-012
9933 3.5617E-012
9938 3.4749E-012
9943 3.5454E-012
9948 3.5394E-012
9953 3.4784E-012
9958 3.4727E-012
9963 3.5314E-012
9968 3.5217E-012
9972 3.4704E-012
9977 3.4729E-012
9982 3.5019E-012
9987 3.4627E-012
9992 3.4705E-012
9997 3.4815E-012
1E+004 3.4594E-012
1.001E+004 3.4527E-012
1.001E+004 3.4043E-012
1.002E+004 3.3986E-012
1.002E+004 3.3041E-012
1.003E+004 3.3230E-012
1.003E+004 3.2612E-012
1.004E+004 3.2302E-012
1.004E+004 3.1774E-012
1.005E+004 3.1335E-012
1.005E+004 3.0055E-012
1.006E+004 2.9948E-012
1.006E+004 3.0437E-012
1.007E+004 3.1296E-012
1.007E+004 3.1503E-012
1.007E+004 3.2233E-012
1.008E+004 3.2304E-012
1.008E+004 3.2181E-012
1.009E+004 3.2477E-012
1.009E+004 3.2705E-012
1.01E+004 3.2347E-012
1.01E+004 3.2498E-012
1.011E+004 3.2382E-012
1.011E+004 3.3007E-012
1.012E+004 3.2351E-012
1.013E+004 3.1952E-012
1.018E+004 3.1553E-012
1.023E+004 3.0943E-012
1.028E+004 3.0376E-012
1.033E+004 2.9718E-012
1.038E+004 2.9266E-012
1.043E+004 2.8724E-012
1.048E+004 2.8199E-012
1.053E+004 2.7675E-012
1.058E+004 2.7180E-012
1.063E+004 2.6686E-012
1.068E+004 2.6171E-012
1.073E+004 2.5738E-012
1.078E+004 2.5276E-012
1.083E+004 2.4592E-012
1.088E+004 2.4349E-012
1.093E+004 2.2474E-012
1.098E+004 2.3202E-012
1.103E+004 2.3019E-012
1.108E+004 2.2715E-012
1.113E+004 2.2326E-012
1.118E+004 2.1946E-012
1.123E+004 2.1560E-012
1.128E+004 2.1197E-012
1.133E+004 2.0812E-012
1.138E+004 2.0478E-012
1.143E+004 2.0126E-012
1.148E+004 1.9796E-012
1.153E+004 1.9470E-012
1.158E+004 1.9134E-012
1.163E+004 1.8806E-012
1.168E+004 1.8486E-012
1.173E+004 1.8212E-012
1.178E+004 1.7910E-012
1.183E+004 1.7614E-012
1.188E+004 1.7331E-012
1.193E+004 1.7050E-012
1.198E+004 1.6636E-012
1.203E+004 1.6506E-012
1.208E+004 1.6242E-012
1.213E+004 1.5979E-012
1.218E+004 1.5728E-012
1.223E+004 1.5480E-012
1.228E+004 1.5237E-012
1.233E+004 1.4994E-012
1.238E+004 1.4760E-012
1.243E+004 1.4533E-012
1.248E+004 1.4301E-012
1.253E+004 1.4051E-012
1.258E+004 1.3861E-012
1.263E+004 1.3650E-012
1.268E+004 1.3447E-012
1.273E+004 1.3242E-012
1.278E+004 1.2867E-012
1.283E+004 1.2054E-012
1.288E+004 1.2607E-012
1.293E+004 1.2461E-012
1.298E+004 1.2206E-012
1.303E+004 1.2083E-012
1.308E+004 1.1913E-012
1.313E+004 1.1738E-012
1.318E+004 1.1564E-012
1.323E+004 1.1395E-012
1.328E+004 1.1228E-012
1.333E+004 1.1061E-012
1.338E+004 1.0896E-012
1.343E+004 1.0734E-012
1.348E+004 1.0589E-012
1.353E+004 1.0431E-012
1.358E+004 1.0288E-012
1.363E+004 1.0132E-012
1.368E+004 9.9973E-013
1.373E+004 9.8470E-013
1.378E+004 9.7185E-013
1.383E+004 9.5818E-013
1.388E+004 9.4465E-013
1.393E+004 9.3065E-013
1.398E+004 9.1835E-013
1.403E+004 9.0523E-013
1.408E+004 8.9336E-013
1.413E+004 8.8086E-013
1.418E+004 8.6889E-013
1.423E+004 8.5709E-013
1.428E+004 8.4528E-013
1.433E+004 8.3385E-013
1.438E+004 8.2251E-013
1.443E+004 8.1153E-013
1.448E+004 8.0063E-013
1.453E+004 7.8974E-013
1.457E+004 7.8035E-013
1.462E+004 7.6983E-013
1.468E+004 7.5867E-013
1.473E+004 7.4865E-013
1.478E+004 7.3843E-013
1.483E+004 7.2915E-013
1.488E+004 7.1963E-013
1.493E+004 7.1027E-013
1.498E+004 7.0104E-013
1.503E+004 6.9178E-013
1.508E+004 6.8197E-013
1.513E+004 6.7421E-013
1.518E+004 6.6550E-013
1.523E+004 6.5702E-013
1.528E+004 6.4836E-013
1.533E+004 6.3999E-013
1.538E+004 6.3222E-013
1.543E+004 6.2319E-013
1.548E+004 6.1633E-013
1.553E+004 6.0846E-013
1.558E+004 5.9858E-013
1.563E+004 5.9468E-013
1.568E+004 5.8460E-013
1.573E+004 5.7519E-013
1.578E+004 5.7340E-013
1.583E+004 5.6600E-013
1.588E+004 5.4914E-013
1.593E+004 5.5045E-013
1.598E+004 5.4676E-013
1.605E+004 5.3481E-013
1.615E+004 5.1579E-013
1.625E+004 5.1264E-013
1.635E+004 4.9669E-013
1.645E+004 4.7782E-013
1.655E+004 4.7725E-013
1.665E+004 4.6610E-013
1.675E+004 4.5117E-013
1.685E+004 4.3337E-013
1.695E+004 4.3442E-013
1.705E+004 4.2247E-013
1.715E+004 4.1489E-013
1.725E+004 4.0530E-013
1.735E+004 3.8288E-013
1.745E+004 3.8641E-013
1.755E+004 3.7892E-013
1.765E+004 3.7054E-013
1.775E+004 3.6235E-013
1.785E+004 3.5417E-013
1.795E+004 3.4674E-013
1.805E+004 3.3912E-013
1.815E+004 3.2072E-013
1.825E+004 3.2288E-013
1.835E+004 3.1787E-013
1.845E+004 3.1110E-013
1.855E+004 3.0418E-013
1.865E+004 2.9600E-013
1.875E+004 2.8177E-013
1.885E+004 2.8575E-013
1.895E+004 2.7986E-013
1.905E+004 2.7338E-013
1.915E+004 2.6864E-013
1.925E+004 2.6320E-013
1.935E+004 2.5751E-013
1.945E+004 2.4270E-013
1.955E+004 2.4695E-013
1.965E+004 2.4267E-013
1.975E+004 2.3786E-013
1.985E+004 2.3316E-013
1.995E+004 2.2858E-013
2.005E+004 2.2411E-013
2.015E+004 2.1975E-013
2.025E+004 2.1550E-013
2.035E+004 2.1134E-013
2.045E+004 2.0723E-013
2.055E+004 2.0292E-013
2.065E+004 1.9947E-013
2.075E+004 1.9566E-013
2.085E+004 1.9201E-013
2.095E+004 1.8838E-013
2.105E+004 1.8485E-013
2.115E+004 1.8079E-013
2.125E+004 1.7811E-013
2.135E+004 1.7483E-013
2.145E+004 1.7159E-013
2.155E+004 1.6831E-013
2.165E+004 1.5865E-013
2.175E+004 1.6200E-013
2.185E+004 1.5944E-013
2.195E+004 1.5667E-013
2.205E+004 1.5388E-013
2.215E+004 1.5115E-013
2.225E+004 1.4844E-013
2.235E+004 1.4587E-013
2.245E+004 1.4331E-013
2.255E+004 1.4081E-013
2.265E+004 1.3837E-013
2.275E+004 1.3598E-013
2.285E+004 1.3362E-013
2.295E+004 1.3134E-013
2.305E+004 1.2907E-013
2.315E+004 1.2690E-013
2.325E+004 1.2476E-013
2.335E+004 1.2266E-013
2.345E+004 1.2060E-013
2.355E+004 1.1859E-013
2.365E+004 1.1661E-013
2.375E+004 1.1468E-013
2.385E+004 1.1279E-013
2.395E+004 1.1093E-013
2.405E+004 1.0911E-013
2.415E+004 1.0733E-013
2.425E+004 1.0558E-013
2.435E+004 1.0387E-013
2.445E+004 1.0218E-013
2.455E+004 1.0057E-013
2.465E+004 9.8918E-014
2.475E+004 9.7206E-014
2.485E+004 9.5883E-014
2.495E+004 9.4146E-014
2.505E+004 9.2898E-014
2.515E+004 9.1453E-014
2.525E+004 8.9647E-014
2.535E+004 8.8588E-014
2.545E+004 8.7402E-014
2.555E+004 8.5857E-014
2.565E+004 8.3983E-014
2.575E+004 8.3307E-014
2.585E+004 8.2189E-014
2.595E+004 8.0913E-014
2.605E+004 7.9348E-014
2.615E+004 7.7180E-014
2.625E+004 7.4037E-014
2.635E+004 7.5857E-014
2.645E+004 7.5031E-014
2.655E+004 7.3852E-014
2.665E+004 7.2603E-014
2.675E+004 7.0249E-014
2.685E+004 7.0444E-014
2.695E+004 6.9652E-014
2.705E+004 6.8634E-014
2.715E+004 6.7637E-014
2.725E+004 6.6655E-014
2.735E+004 6.5692E-014
2.745E+004 6.4674E-014
2.755E+004 6.2309E-014
2.765E+004 6.2339E-014
2.775E+004 6.2004E-014
2.785E+004 6.1128E-014
2.795E+004 6.0263E-014
2.805E+004 5.9401E-014
2.815E+004 5.8578E-014
2.825E+004 5.7759E-014
2.835E+004 5.6953E-014
2.845E+004 5.6161E-014
2.855E+004 5.5358E-014
2.865E+004 5.4257E-014
2.875E+004 5.2197E-014
2.885E+004 5.3032E-014
2.895E+004 5.2401E-014
2.905E+004 5.1688E-014
2.915E+004 5.0985E-014
2.925E+004 5.0295E-014
2.935E+004 4.9616E-014
2.945E+004 4.8948E-014
2.955E+004 4.8295E-014
2.965E+004 4.7649E-014
2.975E+004 4.7016E-014
2.985E+004 4.6393E-014
2.995E+004 4.5776E-014
3.005E+004 4.5176E-014
3.015E+004 4.4564E-014
3.025E+004 4.3958E-014
3.035E+004 4.2223E-014
3.045E+004 4.2210E-014
3.055E+004 4.2280E-014
3.065E+004 4.1747E-014
3.075E+004 4.1188E-014
3.085E+004 4.0667E-014
3.095E+004 4.0168E-014
3.105E+004 3.9654E-014
3.115E+004 3.9147E-014
3.125E+004 3.8645E-014
3.135E+004 3.8165E-014
3.145E+004 3.7682E-014
3.155E+004 3.7212E-014
3.165E+004 3.6745E-014
3.175E+004 3.6287E-014
3.185E+004 3.5835E-014
3.195E+004 3.5391E-014
3.21E+004 3.4737E-014
3.23E+004 3.3887E-014
3.25E+004 3.3064E-014
3.27E+004 3.2265E-014
3.29E+004 3.0755E-014
3.31E+004 3.0594E-014
3.33E+004 2.9991E-014
3.35E+004 2.9297E-014
3.37E+004 2.8612E-014
3.39E+004 2.7945E-014
3.41E+004 2.7323E-014
3.43E+004 2.6694E-014
3.45E+004 2.6082E-014
3.47E+004 2.5496E-014
3.49E+004 2.4918E-014
3.51E+004 2.4359E-014
3.53E+004 2.3815E-014
3.55E+004 2.3285E-014
3.57E+004 2.2764E-014
3.59E+004 2.2270E-014
3.61E+004 2.1764E-014
3.63E+004 2.1306E-014
3.65E+004 2.0817E-014
3.67E+004 2.0396E-014
3.69E+004 1.9917E-014
3.71E+004 1.9498E-014
3.73E+004 1.8884E-014
3.75E+004 1.8362E-014
3.77E+004 1.8312E-014
3.79E+004 1.7939E-014
3.81E+004 1.7523E-014
3.83E+004 1.7168E-014
3.85E+004 1.6849E-014
3.87E+004 1.6504E-014
3.89E+004 1.6156E-014
3.91E+004 1.5751E-014
3.93E+004 1.5519E-014
3.95E+004 1.5209E-014
3.97E+004 1.4905E-014
3.99E+004 1.4609E-014
4.01E+004 1.4259E-014
4.03E+004 1.3923E-014
4.05E+004 1.3454E-014
4.07E+004 1.3490E-014
4.09E+004 1.3234E-014
4.11E+004 1.2978E-014
4.13E+004 1.2720E-014
4.15E+004 1.2477E-014
4.17E+004 1.2085E-014
4.19E+004 1.2004E-014
4.21E+004 1.1789E-014
4.23E+004 1.1568E-014
4.25E+004 1.1348E-014
4.27E+004 1.1141E-014
4.29E+004 1.0920E-014
4.31E+004 1.0734E-014
4.33E+004 1.0537E-014
4.35E+004 1.0344E-014
4.37E+004 1.0001E-014
4.39E+004 9.9308E-015
4.41E+004 9.7932E-015
4.43E+004 9.6177E-015
4.45E+004 9.4460E-015
4.47E+004 9.2860E-015
4.49E+004 9.1217E-015
4.51E+004 8.9609E-015
4.53E+004 8.8036E-015
4.55E+004 8.6500E-015
4.57E+004 8.4996E-015
4.59E+004 8.3524E-015
4.61E+004 8.2058E-015
4.63E+004 8.0591E-015
4.65E+004 7.6969E-015
4.67E+004 7.6134E-015
4.69E+004 7.6309E-015
4.71E+004 7.5329E-015
4.73E+004 7.4065E-015
4.75E+004 7.2822E-015
4.77E+004 7.1610E-015
4.79E+004 7.0423E-015
4.81E+004 6.9258E-015
4.83E+004 6.8117E-015
4.85E+004 6.7000E-015
4.87E+004 6.5906E-015
4.89E+004 6.4834E-015
4.91E+004 6.3783E-015
4.93E+004 6.2754E-015
4.95E+004 6.1745E-015
4.97E+004 6.0756E-015
4.99E+004 5.9788E-015
5.01E+004 5.8838E-015
5.03E+004 5.7906E-015
5.05E+004 5.6994E-015
5.07E+004 5.6099E-015
5.09E+004 5.5221E-015
5.11E+004 5.4217E-015
5.13E+004 5.2162E-015
5.15E+004 5.2601E-015
5.17E+004 5.1873E-015
5.19E+004 5.1083E-015
5.21E+004 5.0303E-015
5.23E+004 4.9538E-015
5.25E+004 4.8785E-015
5.27E+004 4.8032E-015
5.29E+004 4.7325E-015
5.31E+004 4.6616E-015
5.33E+004 4.5919E-015
5.35E+004 4.5235E-015
5.37E+004 4.4525E-015
5.39E+004 4.3868E-015
5.41E+004 4.3259E-015
5.43E+004 4.2624E-015
5.45E+004 4.2001E-015
5.47E+004 4.1390E-015
5.49E+004 4.0788E-015
5.51E+004 4.0172E-015
5.53E+004 3.9504E-015
5.55E+004 3.9050E-015
5.57E+004 3.8492E-015
5.59E+004 3.7943E-015
5.61E+004 3.7404E-015
5.63E+004 3.6874E-015
5.65E+004 3.6354E-015
5.67E+004 3.5843E-015
5.69E+004 3.5333E-015
5.71E+004 3.4659E-015
5.73E+004 3.4338E-015
5.75E+004 3.3886E-015
5.77E+004 3.3418E-015
5.79E+004 3.2957E-015
5.81E+004 3.2506E-015
5.83E+004 3.2061E-015
5.85E+004 3.1640E-015
5.87E+004 3.1210E-015
5.89E+004 3.0685E-015
5.91E+004 2.9486E-015
5.93E+004 2.9876E-015
5.95E+004 2.9308E-015
5.97E+004 2.9045E-015
5.99E+004 2.8778E-015
6.01E+004 2.8396E-015
6.03E+004 2.8021E-015
6.05E+004 2.7651E-015
6.07E+004 2.7288E-015
6.09E+004 2.6930E-015
6.11E+004 2.6578E-015
6.13E+004 2.6232E-015
6.15E+004 2.5892E-015
6.17E+004 2.5557E-015
6.19E+004 2.5228E-015
6.21E+004 2.4903E-015
6.23E+004 2.4584E-015
6.25E+004 2.4270E-015
6.27E+004 2.3919E-015
6.29E+004 2.3306E-015
6.31E+004 2.3287E-015
6.33E+004 2.3063E-015
6.35E+004 2.2773E-015
6.37E+004 2.2488E-015
6.39E+004 2.2207E-015
6.42E+004 2.1794E-015
6.46E+004 2.1258E-015
6.5E+004 2.0738E-015
6.54E+004 2.0233E-015
6.58E+004 1.9744E-015
6.62E+004 1.9270E-015
6.66E+004 1.8810E-015
6.7E+004 1.8363E-015
6.74E+004 1.7908E-015
6.78E+004 1.7304E-015
6.82E+004 1.7100E-015
6.86E+004 1.6704E-015
6.9E+004 1.6319E-015
6.94E+004 1.5944E-015
6.98E+004 1.5581E-015
7.02E+004 1.5227E-015
7.06E+004 1.4884E-015
7.1E+004 1.4550E-015
7.14E+004 1.4226E-015
7.18E+004 1.3910E-015
7.22E+004 1.3603E-015
7.26E+004 1.3304E-015
7.3E+004 1.3014E-015
7.34E+004 1.2732E-015
7.38E+004 1.2457E-015
7.42E+004 1.2169E-015
7.46E+004 1.1697E-015
7.5E+004 1.1348E-015
7.54E+004 1.1403E-015
7.58E+004 1.1189E-015
7.62E+004 1.0955E-015
7.66E+004 1.0727E-015
7.7E+004 1.0505E-015
7.74E+004 1.0289E-015
7.78E+004 1.0056E-015
7.82E+004 9.8725E-016
7.86E+004 9.6723E-016
7.9E+004 9.4771E-016
7.94E+004 9.2868E-016
7.98E+004 9.1012E-016
8.02E+004 8.9202E-016
8.06E+004 8.7435E-016
8.1E+004 8.5713E-016
8.14E+004 8.3774E-016
8.18E+004 8.2300E-016
8.22E+004 8.0794E-016
8.26E+004 7.9233E-016
8.3E+004 7.7708E-016
8.34E+004 7.6221E-016
8.38E+004 7.4768E-016
8.42E+004 7.3350E-016
8.46E+004 7.1966E-016
8.5E+004 7.0612E-016
8.54E+004 6.9291E-016
8.58E+004 6.8002E-016
8.62E+004 6.6740E-016
8.66E+004 6.5062E-016
8.7E+004 6.4259E-016
8.74E+004 6.2513E-016
8.78E+004 6.1374E-016
8.82E+004 6.0858E-016
8.86E+004 5.9759E-016
8.9E+004 5.8685E-016
8.94E+004 5.7636E-016
8.98E+004 5.6610E-016
9.02E+004 5.5606E-016
9.06E+004 5.4625E-016
9.1E+004 5.3664E-016
9.14E+004 5.2724E-016
9.18E+004 5.1805E-016
9.22E+004 5.0906E-016
9.26E+004 5.0025E-016
9.3E+004 4.9165E-016
9.34E+004 4.8322E-016
9.38E+004 4.7028E-016
9.42E+004 4.6573E-016
9.46E+004 4.5903E-016
9.5E+004 4.5129E-016
9.54E+004 4.4373E-016
9.58E+004 4.3633E-016
9.62E+004 4.2907E-016
9.66E+004 4.2196E-016
9.7E+004 4.1500E-016
9.74E+004 4.0819E-016
9.78E+004 4.0151E-016
9.82E+004 3.9498E-016
9.86E+004 3.8854E-016
9.9E+004 3.8230E-016
9.94E+004 3.7616E-016
9.98E+004 3.7013E-016
1.002E+005 3.6423E-016
1.005E+005 3.5986E-016
1.01E+005 3.5273E-016
1.015E+005 3.4579E-016
1.02E+005 3.3904E-016
1.025E+005 3.3243E-016
1.03E+005 3.2600E-016
1.035E+005 3.1970E-016
1.04E+005 3.1357E-016
1.045E+005 3.0756E-016
1.05E+005 3.0171E-016
1.055E+005 2.9598E-016
1.06E+005 2.9040E-016
1.065E+005 2.8498E-016
1.07E+005 2.7961E-016
1.075E+005 2.7444E-016
1.08E+005 2.6936E-016
1.085E+005 2.6437E-016
1.09E+005 2.5953E-016
1.095E+005 2.5481E-016
1.1E+005 2.5018E-016
1.105E+005 2.4563E-016
1.11E+005 2.4121E-016
1.115E+005 2.3690E-016
1.12E+005 2.3268E-016
1.125E+005 2.2853E-016
1.13E+005 2.2449E-016
1.135E+005 2.2052E-016
1.14E+005 2.1666E-016
1.145E+005 2.1291E-016
1.15E+005 2.0918E-016
1.155E+005 2.0555E-016
1.16E+005 2.0202E-016
1.165E+005 1.9855E-016
1.17E+005 1.9518E-016
1.175E+005 1.9182E-016
1.18E+005 1.8859E-016
1.185E+005 1.8542E-016
1.19E+005 1.8229E-016
1.195E+005 1.7922E-016
1.2E+005 1.7624E-016
1.205E+005 1.7333E-016
1.21E+005 1.7046E-016
1.215E+005 1.6765E-016
1.22E+005 1.6491E-016
1.225E+005 1.6222E-016
1.23E+005 1.5957E-016
1.235E+005 1.5698E-016
1.24E+005 1.5445E-016
1.245E+005 1.5197E-016
1.25E+005 1.4954E-016
1.255E+005 1.4715E-016
1.26E+005 1.4482E-016
1.265E+005 1.4252E-016
1.27E+005 1.4026E-016
1.275E+005 1.3806E-016
1.28E+005 1.3590E-016
1.285E+005 1.3379E-016
1.29E+005 1.3172E-016
1.295E+005 1.2967E-016
1.3E+005 1.2768E-016
1.305E+005 1.2573E-016
1.31E+005 1.2380E-016
1.315E+005 1.2192E-016
1.32E+005 1.2007E-016
1.325E+005 1.1824E-016
1.33E+005 1.1647E-016
1.335E+005 1.1472E-016
1.34E+005 1.1302E-016
1.345E+005 1.1132E-016
1.35E+005 1.0967E-016
1.355E+005 1.0806E-016
1.36E+005 1.0646E-016
1.365E+005 1.0489E-016
1.37E+005 1.0337E-016
1.375E+005 1.0186E-016
1.38E+005 1.0038E-016
1.385E+005 9.8921E-017
1.39E+005 9.7502E-017
1.395E+005 9.6104E-017
1.4E+005 9.4725E-017
1.405E+005 9.3383E-017
1.41E+005 9.2043E-017
1.415E+005 9.0754E-017
1.42E+005 8.9468E-017
1.425E+005 8.8215E-017
1.43E+005 8.6979E-017
1.435E+005 8.5761E-017
1.44E+005 8.4559E-017
1.445E+005 8.3389E-017
1.45E+005 8.2235E-017
1.455E+005 8.1111E-017
1.46E+005 7.9988E-017
1.465E+005 7.8894E-017
1.47E+005 7.7829E-017
1.475E+005 7.6765E-017
1.48E+005 7.5728E-017
1.485E+005 7.4706E-017
1.49E+005 7.3697E-017
1.495E+005 7.2714E-017
1.5E+005 7.1744E-017
1.505E+005 7.0787E-017
1.51E+005 6.9843E-017
1.515E+005 6.8923E-017
1.52E+005 6.8015E-017
1.525E+005 6.7120E-017
1.53E+005 6.6236E-017
1.535E+005 6.5375E-017
1.54E+005 6.4525E-017
1.545E+005 6.3686E-017
1.55E+005 6.2858E-017
1.555E+005 6.2051E-017
1.56E+005 6.1254E-017
1.565E+005 6.0468E-017
1.57E+005 5.9692E-017
1.575E+005 5.8936E-017
1.58E+005 5.8190E-017
1.585E+005 5.7453E-017
1.59E+005 5.6725E-017
1.595E+005 5.6016E-017
1.6E+005 5.5316E-017
1.605E+005 5.4624E-017
1.61E+005 5.3942E-017
1.615E+005 5.3276E-017
1.62E+005 5.2610E-017
1.625E+005 5.1962E-017
1.63E+005 5.1321E-017
1.635E+005 5.0697E-017
1.64E+005 5.0072E-017
1.645E+005 4.9463E-017
1.65E+005 4.8861E-017
1.655E+005 4.8275E-017
1.66E+005 4.7688E-017
1.665E+005 4.7116E-017
1.67E+005 4.6550E-017
1.675E+005 4.5992E-017
1.68E+005 4.5440E-017
1.685E+005 4.4903E-017
1.69E+005 4.4364E-017
1.695E+005 4.3839E-017
1.7E+005 4.3328E-017
1.705E+005 4.2816E-017
1.71E+005 4.2317E-017
1.715E+005 4.1816E-017
1.72E+005 4.1329E-017
1.725E+005 4.0854E-017
1.73E+005 4.0377E-017
1.735E+005 3.9913E-017
1.74E+005 3.9448E-017
1.745E+005 3.8995E-017
1.75E+005 3.8546E-017
1.755E+005 3.8110E-017
1.76E+005 3.7672E-017
1.765E+005 3.7245E-017
1.77E+005 3.6824E-017
1.775E+005 3.6407E-017
1.78E+005 3.5994E-017
1.785E+005 3.5593E-017
1.79E+005 3.5196E-017
1.795E+005 3.4803E-017
1.8E+005 3.4415E-017
1.805E+005 3.4031E-017
1.81E+005 3.3651E-017
1.815E+005 3.3282E-017
1.82E+005 3.2916E-017
1.825E+005 3.2554E-017
1.83E+005 3.2197E-017
1.835E+005 3.1843E-017
1.84E+005 3.1498E-017
1.845E+005 3.1152E-017
1.85E+005 3.0815E-017
1.855E+005 3.0482E-017
1.86E+005 3.0152E-017
1.865E+005 2.9831E-017
1.87E+005 2.9508E-017
1.875E+005 2.9194E-017
1.88E+005 2.8883E-017
1.885E+005 2.8576E-017
1.89E+005 2.8271E-017
1.895E+005 2.7970E-017
1.9E+005 2.7677E-017
1.905E+005 2.7387E-017
1.91E+005 2.7095E-017
1.915E+005 2.6816E-017
1.92E+005 2.6535E-017
1.925E+005 2.6257E-017
1.93E+005 2.5986E-017
1.935E+005 2.5714E-017
1.94E+005 2.5449E-017
1.945E+005 2.5186E-017
1.95E+005 2.4927E-017
1.955E+005 2.4670E-017
1.96E+005 2.4419E-017
1.965E+005 2.4172E-017
1.97E+005 2.3922E-017
1.975E+005 2.3680E-017
1.98E+005 2.3440E-017
1.985E+005 2.3202E-017
1.99E+005 2.2970E-017
1.995E+005 2.2737E-017
2E+005 2.2511E-017
2.01E+005 2.2062E-017
2.02E+005 2.1625E-017
2.03E+005 2.1197E-017
2.04E+005 2.0782E-017
2.05E+005 2.0374E-017
2.06E+005 1.9978E-017
2.07E+005 1.9593E-017
2.08E+005 1.9215E-017
2.09E+005 1.8848E-017
2.1E+005 1.8487E-017
2.11E+005 1.8134E-017
2.12E+005 1.7794E-017
2.13E+005 1.7457E-017
2.14E+005 1.7132E-017
2.15E+005 1.6813E-017
2.16E+005 1.6500E-017
2.17E+005 1.6196E-017
2.18E+005 1.5897E-017
2.19E+005 1.5607E-017
2.2E+005 1.5321E-017
2.21E+005 1.5044E-017
2.22E+005 1.4772E-017
2.23E+005 1.4507E-017
2.24E+005 1.4246E-017
2.25E+005 1.3993E-017
2.26E+005 1.3745E-017
2.27E+005 1.3503E-017
2.28E+005 1.3265E-017
2.29E+005 1.3031E-017
2.3E+005 1.2804E-017
2.31E+005 1.2583E-017
2.32E+005 1.2366E-017
2.33E+005 1.2152E-017
2.34E+005 1.1944E-017
2.35E+005 1.1740E-017
2.36E+005 1.1541E-017
2.37E+005 1.1346E-017
2.38E+005 1.1154E-017
2.39E+005 1.0967E-017
2.4E+005 1.0783E-017
2.41E+005 1.0604E-017
2.42E+005 1.0428E-017
2.43E+005 1.0257E-017
2.44E+005 1.0088E-017
2.45E+005 9.9226E-018
2.46E+005 9.7612E-018
2.47E+005 9.6025E-018
2.48E+005 9.4464E-018
2.49E+005 9.2944E-018
2.5E+005 9.1464E-018
2.51E+005 8.9992E-018
2.52E+005 8.8559E-018
2.53E+005 8.7163E-018
2.54E+005 8.5775E-018
2.55E+005 8.4424E-018
2.56E+005 8.3108E-018
2.57E+005 8.1812E-018
2.58E+005 8.0537E-018
2.59E+005 7.9295E-018
2.6E+005 7.8059E-018
2.61E+005 7.6868E-018
2.62E+005 7.5683E-018
2.63E+005 7.4529E-018
2.64E+005 7.3404E-018
2.65E+005 7.2285E-018
2.66E+005 7.1194E-018
2.67E+005 7.0121E-018
2.68E+005 6.9075E-018
2.69E+005 6.8044E-018
2.7E+005 6.7029E-018
2.71E+005 6.6041E-018
2.72E+005 6.5067E-018
2.73E+005 6.4107E-018
2.74E+005 6.3172E-018
2.75E+005 6.2251E-018
2.76E+005 6.1344E-018
2.77E+005 6.0449E-018
2.78E+005 5.9578E-018
2.79E+005 5.8719E-018
2.8E+005 5.7883E-018
2.81E+005 5.7059E-018
2.82E+005 5.6246E-018
2.83E+005 5.5445E-018
2.84E+005 5.4655E-018
2.85E+005 5.3886E-018
2.86E+005 5.3136E-018
2.87E+005 5.2388E-018
2.88E+005 5.1660E-018
2.89E+005 5.0941E-018
2.9E+005 5.0233E-018
2.91E+005 4.9543E-018
2.92E+005 4.8862E-018
2.93E+005 4.8191E-018
2.94E+005 4.7529E-018
2.95E+005 4.6884E-018
2.96E+005 4.6248E-018
2.97E+005 4.5628E-018
2.98E+005 4.5009E-018
2.99E+005 4.4406E-018
3E+005 4.3810E-018
3.01E+005 4.3223E-018
3.02E+005 4.2651E-018
3.03E+005 4.2087E-018
3.04E+005 4.1530E-018
3.05E+005 4.0980E-018
3.06E+005 4.0445E-018
3.07E+005 3.9917E-018
3.08E+005 3.9395E-018
3.09E+005 3.8881E-018
3.1E+005 3.8379E-018
3.11E+005 3.7884E-018
3.12E+005 3.7396E-018
3.13E+005 3.6913E-018
3.14E+005 3.6444E-018
3.15E+005 3.5980E-018
3.16E+005 3.5522E-018
3.17E+005 3.5070E-018
3.18E+005 3.4629E-018
3.19E+005 3.4189E-018
3.2E+005 3.3759E-018
3.21E+005 3.3341E-018
3.22E+005 3.2922E-018
3.23E+005 3.2514E-018
3.24E+005 3.2112E-018
3.25E+005 3.1714E-018
3.26E+005 3.1321E-018
3.27E+005 3.0938E-018
3.28E+005 3.0560E-018
3.29E+005 3.0186E-018
3.3E+005 2.9818E-018
3.31E+005 2.9458E-018
3.32E+005 2.9098E-018
3.33E+005 2.8748E-018
3.34E+005 2.8401E-018
3.35E+005 2.8064E-018
3.36E+005 2.7725E-018
3.37E+005 2.7396E-018
3.38E+005 2.7070E-018
3.39E+005 2.6749E-018
3.4E+005 2.6431E-018
3.41E+005 2.6121E-018
3.42E+005 2.5815E-018
3.43E+005 2.5513E-018
3.44E+005 2.5214E-018
3.45E+005 2.4918E-018
3.46E+005 2.4631E-018
3.47E+005 2.4346E-018
3.48E+005 2.4065E-018
3.49E+005 2.3787E-018
3.5E+005 2.3513E-018
3.51E+005 2.3245E-018
3.52E+005 2.2981E-018
3.53E+005 2.2719E-018
3.54E+005 2.2461E-018
3.55E+005 2.2205E-018
3.56E+005 2.1956E-018
3.57E+005 2.1706E-018
3.58E+005 2.1463E-018
3.59E+005 2.1222E-018
3.6E+005 2.0984E-018
3.61E+005 2.0753E-018
3.62E+005 2.0520E-018
3.63E+005 2.0293E-018
3.64E+005 2.0069E-018
3.65E+005 1.9848E-018
3.66E+005 1.9632E-018
3.67E+005 1.9415E-018
3.68E+005 1.9204E-018
3.69E+005 1.8995E-018
3.7E+005 1.8789E-018
3.71E+005 1.8585E-018
3.72E+005 1.8382E-018
3.73E+005 1.8186E-018
3.74E+005 1.7991E-018
3.75E+005 1.7795E-018
3.76E+005 1.7608E-018
3.77E+005 1.7420E-018
3.78E+005 1.7233E-018
3.79E+005 1.7052E-018
3.8E+005 1.6869E-018
3.81E+005 1.6691E-018
3.82E+005 1.6515E-018
3.83E+005 1.6344E-018
3.84E+005 1.6172E-018
3.85E+005 1.6002E-018
3.86E+005 1.5836E-018
3.87E+005 1.5672E-018
3.88E+005 1.5509E-018
3.89E+005 1.5348E-018
3.9E+005 1.5189E-018
3.91E+005 1.5034E-018
3.92E+005 1.4881E-018
3.93E+005 1.4727E-018
3.94E+005 1.4577E-018
3.95E+005 1.4428E-018
3.96E+005 1.4283E-018
3.97E+005 1.4138E-018
3.98E+005 1.3994E-018
3.99E+005 1.3853E-018
