N0002032 SA 114-654         22 41 26.1   +01 10 11   G 0568-1416  11.83   0.66   0.37   0.71
N0002032 SA 114-656         22 41 35.1   +01 11 10   U 0568-1464  12.64   0.97   0.55   1.05
N0002032 SA 114-548         22 41 36.8   +00 59 06   G 0568-1298 *11.60   1.36   0.74   1.39
N0002032 SA 114-750         22 41 44.7   +01 12 37   G 0568-1069 *11.91  -0.04   0.03   0.01
N0002032 SA 114-670         22 42 09.3   +01 10 17   P 0568-1417 *11.10   1.21   0.65   1.21
N0111220 XZ_CYG             19 31 53.8   +56 23 55   h 3929-1625  10.58   1.25   0.64   1.17
N0111220 XZ_CYG             19 32 00.9   +56 27 11   h            14.30   0.56   0.35   0.67
N0111220 XZ_CYG             19 32 01.0   +56 28 52   h            14.62   1.00   0.56   1.06
N0111220 XZ_CYG             19 32 03.4   +56 24 52   h            12.22   0.83   0.48   0.90
N0111220 XZ_CYG             19 32 17.1   +56 22 17   h            15.04   0.70   0.43   0.78
N0111220 XZ_CYG             19 32 20.7   +56 20 51   h 3929-1737  12.65   1.30   0.71   1.34
N0111220 XZ_CYG             19 32 33.1   +56 23 29   h 3929-1649  13.22   0.51   0.31   0.60
N0111220 XZ_CYG             19 32 37.7   +56 23 20   h            15.22   0.79   0.46   0.88
N0111220 XZ_CYG             19 32 45.4   +56 23 20   h 3929-1811  10.92   0.18   0.09   0.19
N0111220 XZ_CYG             19 32 51.2   +56 22 59   h 3929-1785  13.77   1.00   0.54   1.03
N0111220 XZ_CYG             19 32 51.5   +56 23 50   h 3929-1637  14.08   0.63   0.38   0.73
N0121210 NGC 7790  28       23 57 53.6   +61 10 14   h 4281-1650  12.78   1.35   0.75   1.45
N0121210 NGC 7790  27       23 58 03.1   +61 08 14   h 4281-2118  12.46   0.69   0.43   0.87
N0121210 NGC 7790   4       23 58 04.6   +61 16 17   h 4281-0998  13.47   0.43   0.26   0.54
N0121210 NGC 7790 g         23 58 06.5   +61 14 02   A            16.20   0.95   0.58   1.05
N0121210 NGC 7790   8       23 58 07.4   +61 11 45   h 4281-2012  11.05   0.25   0.18   0.39
N0121210 NGC 7790   9       23 58 09.1   +61 11 26   h 4281-2439  13.24   0.51   0.31   0.66
N0121210 NGC 7790  10       23 58 13.2   +61 11 25   h 4281-1300  13.11   1.22   0.71   1.41
N0121210 NGC 7790  12       23 58 13.7   +61 10 36   h 4281-1448  12.62   0.44   0.27   0.58
N0121210 NGC 7790 Y         23 58 15.7   +61 13 49   A            14.75   1.26   0.74   1.40
N0121210 NGC 7790   1       23 58 15.9   +61 16 49   h 4281-0826  11.66   0.57   0.35   0.70
N0121210 NGC 7790  26       23 58 17.0   +61 09 42   h 4281-2585  14.50   1.21   0.70   1.36
N0121210 NGC 7790  11       23 58 17.4   +61 11 37   h 4281-1780  12.13   0.41   0.28   0.61
N0121210 NGC 7790   6       23 58 22.6   +61 14 13   h 4281-2398  13.63   0.75   0.45   0.93
N0121210 NGC 7790  19       23 58 30.3   +61 13 41   h 4281-1396  13.26   0.69   0.43   0.88
N0121210 NGC 7790  15       23 58 30.8   +61 07 54   h 4281-1636  13.45   1.49   0.84   1.65
N0121210 NGC 7790  23       23 58 37.8   +61 15 39   h 4281-1032  13.45   1.52   0.87   1.69
N0121210 NGC 7790  18       23 58 48.7   +61 12 35   h 4281-1468  13.18   0.49   0.29   0.63
N0121210 NGC 7790  22       23 58 50.2   +61 10 02   h 4281-1554  13.72   1.38   0.78   1.54
N0121210 NGC 7790  17       23 58 53.6   +61 11 02   h 4281-2072  13.20   1.49   0.84   1.63
N0121210 NGC 7790  21       23 58 57.6   +61 09 45   h 4281-1662  13.34   1.48   0.81   1.57
N0121210 NGC 7790  16       23 59 01.6   +61 07 59   h 4281-1876  11.72   1.41   0.77   1.51
N0121210 NGC 7790  30       23 59 14.0   +61 09 17   h 4281-2028  12.81   0.79   0.49   1.01
N0121210 NGC 7790  31       23 59 15.0   +61 09 59   h 4281-1560  12.59   1.73   0.95   1.84
N0122022 LkHa 349 C5        21 36 26.55  +57 37 00.6 G 3975-0006  11.08   1.49   0.82   1.62
N0122022 Trumpler 37 63     21 36 36.9   +57 34 06   G 3975-0569  11.03   0.48   0.30   0.65
N0122022 Trumpler 37 23     21 36 46.3   +57 18 48   A            14.42   0.88   0.52   1.02
N0122022 Trumpler 37 60     21 36 50.7   +57 31 11   G 3975-0396  13.41   1.71   1.06   2.13
N0122022 Trumpler 37 266    21 38 05.9   +57 14 42   G 3975-1175  13.65   0.51   0.29   0.63
N0122022 Trumpler 37 302    21 39 09.4   +57 15 35   A            14.84   1.61   0.87   1.68
N0200100 SA 110-229         18 40 45.7   +00 01 50   G 0447-0230 *13.65   1.91   1.20   2.36
N0200100 SA 110-230         18 40 51.5   +00 02 23   G 0447-0152 *14.28   1.08   0.62   1.22
N0200100 HD 176652          18 41 28.5   +00 15 23   P 0447-0541 *10.03   0.30   0.17   0.35
N0200100 HD 172829          18 42 17.7   +00 09 18   P 0447-0014 * 8.45   2.00   1.19   2.31
N0200100 SA 110-355         18 42 18.9   +00 08 24   G 0447-0096 *11.94   1.02   0.65   1.38
N0200100 SA 110-499         18 43 07.7   +00 28 01   G 0447-0246 *11.74   0.99   0.60   1.27
N0200100 SA 110-502         18 43 10.1   +00 27 42   G 0447-0549 *12.33   2.33   1.37   2.63
N0200100 SA 110-441         18 43 33.6   +00 19 41   G 0447-0098 *11.12   0.56   0.32   0.66
N0200100 SA 110-446         18 43 39.0   +00 19 35   h 0447-0644 *13.95   2.89   2.06   4.07
N0200100 SA 110-447         18 43 42.6   +00 19 36   h 0447-0060 *13.02   1.27   0.80   1.60
N0211010 QW_SGE             19 45 26.6   +18 39 56   h            14.42   0.80   0.52   0.98
N0211010 QW_SGE             19 45 27.6   +18 37 06   h 1619-1567  12.93   0.57   0.37   0.71
N0211010 QW_SGE             19 45 27.7   +18 41 08   h            14.18   0.64   0.39   0.77
N0211010 QW_SGE             19 45 28.9   +18 37 32   h 1619-0997  11.33   0.21   0.12   0.24
N0211010 QW_SGE             19 45 29.2   +18 40 22   h            15.88   0.75   0.51   0.95
N0211010 QW_SGE             19 45 30.6   +18 38 39   h            14.99   1.52   0.86   1.63
N0211010 QW_SGE             19 45 33.6   +18 40 46   h 1619-0357  12.81   0.46   0.30   0.60
N0211010 QW_SGE             19 45 34.5   +18 40 30   h 1619-2513  12.01   0.56   0.34   0.66
N0211010 QW_SGE             19 45 34.8   +18 38 21   h            13.62   1.47   0.82   1.60
N0211010 QW_SGE             19 45 36.2   +18 36 37   h 1619-2167  12.70   1.06   0.64   1.15
N0211010 QW_SGE             19 45 38.3   +18 30 55   h            14.04   0.80   0.49   0.95
N0211010 QW_SGE             19 45 38.4   +18 32 17   h 1619-0333  12.07   2.08   1.29   2.59
N0211010 QW_SGE             19 45 40.2   +18 40 14   h            14.25   1.56   0.87   1.67
N0211010 QW_SGE             19 45 41.1   +18 38 23   h            14.39   1.93   1.11   2.12
N0211010 QW_SGE             19 45 51.2   +18 32 04   h 1619-0229  10.52   0.69   0.38   0.73
N0211010 QW_SGE             19 45 52.2   +18 34 00   h 1619-1449  13.62   0.86   0.50   0.97
N0211010 QW_SGE             19 45 54.7   +18 39 42   h            14.64   1.10   0.63   1.23
N0211010 QW_SGE             19 45 57.7   +18 39 27   h            16.31   1.65   0.92   1.76
N0211010 QW_SGE             19 46 00.5   +18 40 07   h 1619-1706  11.67   0.50   0.29   0.59
N0211010 QW_SGE             19 46 01.7   +18 35 17   h 1619-1977  12.61   1.38   0.78   1.50
N0211010 QW_SGE             19 46 01.9   +18 33 50   h 1619-1641  10.78   0.40   0.25   0.52
N0211010 QW_SGE             19 46 05.9   +18 36 45   h            13.82   0.59   0.37   0.74
N0211010 QW_SGE             19 46 07.6   +18 30 18   h            16.13   1.22   0.72   1.45
N0211010 QW_SGE             19 46 09.5   +18 33 08   h 1619-1704  10.27   1.05   0.59   1.17
N0211010 QW_SGE             19 46 10.2   +18 31 40   h 1619-1746  10.01   1.12   0.62   1.20
N0211010 QW_SGE             19 46 13.4   +18 30 45   h            15.55   1.39   0.83   1.60
N0211210 WZ Sge CS          20 07 33.57  +17 39 15.9 h 1621-1758  11.755  0.192  0.088  0.20
N0211210 WZ Sge C           20 07 33.73  +17 40 00.3 h 1621-1830   8.737  0.168  0.075  0.15
N0211210 WZ Sge companion   20 07 35.75  +17 42 16.8 B            13.89   1.51   0.80   1.49
N0211210 WZ Sge B           20 08 05.41  +17 37 01.3 h 1622-1112  11.770  0.393  0.215  0.42
N0212001 HD 185025          19 37 15.8   +00 10 58   P 0478-1575 * 8.96   0.21   0.12   0.26
N0212001 SA 111-775         19 37 16.4   +00 12 06   P 0478-1348 *10.74   1.73   0.97   1.86
N0212001 SA 111-1925        19 37 28.6   +00 25 03   G 0478-1393 *12.39   0.40   0.22   0.47
N0212001 SA 111-1965        19 37 41.5   +00 26 51   G 0479-1283 *11.42   1.71   0.95   1.83
N0212001 SA 111-2088        19 38 21.2   +00 31 01   G 0479-0968 *13.19   1.61   0.89   1.71
N0212001 SA 111-2093        19 38 23.4   +00 31 26   G 0479-1551 *12.54   0.64   0.37   0.77
N0221010 V443_HERA          18 21 50.9   +23 27 02   h 2093-0913  12.41   0.98   0.58   1.06
N0221010 V443_HERA          18 21 52.7   +23 28 06   h            14.42   0.82   0.47   0.88
N0221010 V443_HERA          18 22 03.1   +23 31 41   h 2093-1099  12.99   1.38   0.75   1.39
N0221010 V443_HERA          18 22 06.2   +23 35 03   h 2093-0216  12.12   0.69   0.39   0.74
N0221010 V443_HERA          18 22 07.8   +23 28 23   h 2093-1749  11.55   1.18   0.65   1.18
N0221010 V443_HERA          18 22 07.9   +23 27 20   h 2093-0472  11.37   1.06   1.30   2.82
N0221010 V443_HERA          18 22 09.7   +23 35 16   h            14.95   0.68   0.43   0.84
N0221010 V443_HERA          18 22 10.0   +23 29 10   h 2093-1187  13.69   0.71   0.44   0.82
N0221010 V443_HERA          18 22 15.4   +23 33 00   h            15.35   1.04   0.63   1.11
N0221010 V443_HERA          18 22 23.3   +23 33 12   h            15.14   0.68   0.42   0.78
N0221010 V443_HERA          18 22 25.6   +23 29 40   h 2093-1410  12.81   1.14   0.63   1.19
N0221010 V443_HERA          18 22 25.7   +23 30 28   h 2093-0430  14.21   1.10   0.59   1.16
N0221010 V443_HERA          18 22 26.3   +23 33 34   h            15.30   0.78   0.46   0.87
N0221010 V443_HERA          18 22 30.5   +23 28 26   h 2093-1058  12.66   0.40   0.24   0.48
N0222020 V335_VUL           19 22 47.5   +24 28 12   h            13.78   0.43   0.27   0.57
N0222020 V335_VUL           19 22 47.6   +24 32 54   h 2128-0156  13.64   0.86   0.51   0.99
N0222020 V335_VUL           19 22 47.9   +24 29 48   h 2128-0544  13.16   1.76   1.00   1.89
N0222020 V335_VUL           19 22 48.3   +24 27 55   h 2128-0286  11.96   1.18   0.65   1.21
N0222020 V335_VUL           19 22 48.5   +24 35 28   h 2128-0724  13.18   0.77   0.46   0.89
N0222020 V335_VUL           19 22 54.4   +24 26 30   h            15.01   1.73   0.99   1.89
N0222020 V335_VUL           19 23 01.0   +24 32 32   h 2128-0084  12.45   1.57   0.87   1.66
N0222020 V335_VUL           19 23 02.9   +24 36 00   h 2128-0708  13.13   2.01   1.15   2.24
N0222020 V335_VUL           19 23 07.7   +24 34 43   h            16.20   1.06   0.60   1.19
N0222020 V335_VUL           19 23 08.6   +24 28 27   h 2128-0350  13.20   1.97   1.17   2.33
N0222020 V335_VUL           19 23 11.0   +24 34 43   h            14.60   0.98   0.56   1.11
N0222020 V335_VUL           19 23 13.7   +24 29 44   h 2128-0446  13.83   2.02   1.19   2.40
N0222020 V335_VUL           19 23 13.8   +24 27 15   h            14.18   1.77   0.98   1.89
N0222020 V335_VUL           19 23 24.4   +24 35 20   h 2128-0426  12.89   0.84   0.47   0.95
N0222020 V335_VUL           19 23 28.9   +24 36 50   h 2128-0328  12.13   1.54   0.83   1.60
N0222020 V335_VUL           19 23 30.4   +24 27 34   h 2128-0699  12.72   1.60   0.87   1.69
N0222020 V335_VUL           19 23 32.3   +24 34 29   h            15.59   1.51   0.84   1.64
N0223131 NGC 6720           18 53 07.98  +33 04 35.5 h 2642-0274  14.058  0.498  0.297  0.59
N0223131 NGC 6720           18 53 10.24  +32 57 04.2 h            15.248  1.076  0.590  1.10
N0223131 NGC 6720           18 53 11.63  +33 03 13.2 h 2642-0509  11.098  1.312  0.664  1.21
N0223131 NGC 6720           18 53 11.81  +33 04 27.5 h            14.601  1.043  0.605  1.09
N0223131 NGC 6720           18 53 12.11  +32 57 18.1 h 2642-2550  12.642  1.292  0.707  1.32
N0223131 NGC 6720           18 53 13.09  +32 56 57.0 h            16.035  1.113  0.612  1.16
N0223131 NGC 6720           18 53 13.48  +32 58 44.0 h            16.203  0.421  0.253  0.51
N0223131 NGC 6720           18 53 15.01  +33 00 03.1 h 2642-2506  12.342  0.336  0.184  0.37
N0223131 NGC 6720           18 53 17.25  +32 58 21.8 h 2642-1568  11.583  1.255  0.658  1.23
N0223131 NGC 6720           18 53 18.44  +33 02 48.5 h 2642-0590  12.847  0.964  0.554  1.04
N0223131 NGC 6720           18 53 19.44  +33 02 25.7 h            15.780  0.771  0.428  0.85
N0223131 NGC 6720           18 53 26.20  +32 57 50.2 h 2642-1860  13.341  1.023  0.543  1.02
N0223131 NGC 6720           18 53 34.22  +33 05 49.3 h 2642-0065  12.455  0.704  0.420  0.83
N0223131 NGC 6720           18 53 35.14  +32 57 11.7 h            14.214  1.016  0.575  1.07
N0223131 NGC 6720           18 53 39.85  +33 01 46.6 h 2642-0433  13.032  0.603  0.353  0.70
N0223131 NGC 6720           18 53 48.04  +32 58 58.0 h 2642-1934  13.360  0.682  0.367  0.73
N0223131 NGC 6720           18 53 52.45  +33 06 05.4 h 2642-0032  13.838  1.304  0.642  1.23
N0223131 NGC 6720           18 53 53.39  +33 07 09.2 h 2642-0041  13.590  0.906  0.523  1.04
N0223131 NGC 6720           18 53 53.93  +33 04 26.5 h 2642-0315  13.788  0.630  0.352  0.71
N0223131 NGC 6720           18 53 54.75  +33 07 27.7 h 2642-0069  12.380  1.409  0.744  1.40
N0223131 NGC 6720           18 53 55.13  +32 56 47.2 h            14.382  0.654  0.381  0.78
N0312332 BP_VUL             20 25 32.61  +21 07 54.7 h 1644-1975  12.733  0.561  0.337  0.69
N0312332 BP_VUL             20 25 36.40  +21 08 24.2 h 1644-1837   9.485  0.724  0.400  0.78
N0312332 BP_VUL             20 25 39.02  +21 09 13.7 h 1644-2055  13.387  0.578  0.330  0.65
N0312332 BP_VUL             20 25 41.87  +21 02 42.0 h            15.777  0.607  0.406  0.80
N0312332 BP_VUL             20 25 46.02  +21 02 58.8 h 1644-2124  12.862  0.642  0.361  0.74
N0312332 BP_VUL             20 25 46.63  +21 02 02.6 h 1644-2101  11.829  0.528  0.299  0.72
N0312332 BP_VUL             20 25 47.89  +21 08 23.1 h 1644-2182  12.530  0.407  0.258  0.52
N0312332 BP_VUL             20 25 49.23  +21 10 10.2 h 1644-2017  11.764  1.250  0.671  1.29
N0312332 BP_VUL             20 25 51.87  +21 01 48.9 h            13.989  0.968  0.549  1.04
N0312332 BP_VUL             20 25 54.19  +21 08 07.5 h            14.420  0.467  0.268  0.58
N0312332 BP_VUL             20 25 56.47  +21 09 24.5 h 1644-1961  11.983  0.521  0.302  0.62
N0312333 BP_VUL             20 25 14.69  +21 01 45.5 h            13.886  1.133  0.619  1.15
N0312333 BP_VUL             20 25 16.21  +21 04 34.8 h            15.172  0.666  0.387  0.69
N0312333 BP_VUL             20 25 19.46  +21 02 40.4 h            15.137  0.639  0.384  0.77
N0312333 BP_VUL             20 25 26.35  +21 01 58.2 h            14.606  0.680  0.388  0.74
N0312333 BP_VUL             20 25 26.84  +21 05 43.6 h            14.239  0.582  0.336  0.66
N0312333 BP_VUL             20 25 26.95  +21 06 24.9 h 1644-1633  13.615  1.400  0.753  1.42
N0312333 BP_VUL             20 25 29.01  +21 05 15.0 h            14.784  0.802  0.456  0.85
N0312333 BP_VUL             20 25 33.23  +21 02 17.9 h 1644-2113   9.789  0.248  0.125  0.28
N0312333 BP_VUL             20 25 36.69  +21 03 13.9 h            13.739  0.648  0.369  0.74
N0312333 BP_VUL             20 25 37.07  +21 00 02.2 h 1644-2128  11.228  1.117  0.589  1.12
N0312333 BP_VUL             20 25 40.91  +21 01 35.0 h 1644-2122  13.048  1.464  0.775  1.47
N0321131 P235-R             21 42 27.2   +43 33 44   G 3196-0857  10.85   0.52   0.32   0.58
N0321131 SS_CYG             21 42 32.34  +43 36 15.3 h 3196-0801  13.632  0.766  0.472  0.90
N0321131 SS_CYG             21 42 33.24  +43 34 02.5 h 3196-1143  12.072  1.878  1.071  2.05
N0321131 SS_CYG             21 42 33.64  +43 30 33.7 h            15.139  0.627  0.417  0.87
N0321131 SS_CYG             21 42 34.97  +43 39 17.1 h 3196-0829  11.864  0.620  0.358  0.68
N0321131 SS_CYG             21 42 37.30  +43 32 25.4 h 3196-1315  13.476  0.744  0.431  0.81
N0321131 SS_CYG             21 42 38.20  +43 31 52.5 h 3196-0903  13.041  1.839  1.045  1.96
N0321131 SS_CYG             21 42 43.38  +43 34 23.5 h 3196-0941  13.362  0.445  0.262  0.53
N0321131 SS_CYG             21 42 44.96  +43 40 28.2 h 3196-0831  12.279  0.617  0.347  0.72
N0321131 SS_CYG             21 42 48.70  +43 40 55.3 h            15.309  0.882  0.492  1.01
N0321131 SS_CYG             21 42 54.89  +43 31 05.8 h            15.651  0.888  0.534  1.07
N0321131 SS_CYG             21 42 56.54  +43 37 04.8 h            15.038  0.934  0.540  1.09
N0321131 SS_CYG             21 42 58.75  +43 35 17.8 h 3196-0697  12.968  0.612  0.358  0.70
N0321131 SS_CYG             21 42 59.25  +43 36 45.9 h            14.587  0.848  0.474  0.92
N0321131 SS_CYG             21 43 03.30  +43 35 54.7 h            14.018  1.517  0.828  1.57
N0321131 SS_CYG             21 43 03.85  +43 40 57.4 h            14.753  0.557  0.302  0.66
N0321131 SS_CYG             21 43 04.02  +43 35 27.5 h 3196-0715  12.807  0.650  0.390  0.78
N0321131 SS_CYG             21 43 04.57  +43 32 34.6 h            14.194  0.897  0.514  0.99
N0321131 SS_CYG             21 43 04.59  +43 34 07.2 h            15.024  0.868  0.521  1.05
N0321131 SS_CYG             21 43 13.55  +43 34 57.9 h            14.989  0.933  0.554  1.08
N0321131 SS_CYG             21 43 14.64  +43 36 26.1 h 3196-1229  13.179  1.748  0.972  1.84
N1000302 HD 161242          17 44 13.1   +05 15 02     0423-1302 * 7.81   1.28   0.66   1.30
N1000302 HD 161445          17 45 23.1   +05 33 45   T 0424-0170 *10.09   0.12   0.08   0.16
N1000302 BD+05 3489         17 46 33.8   +05 17 39   T 0424-0443 *10.28   1.28   0.69   1.35
N1000302 BD+05 3492         17 46 48.3   +05 11 54   T 0424-1611 *10.67   0.58   0.33   0.68
N1000331 BD+05 3495         17 47 08.6   +05 13 31   T 0424-0174 *10.74   0.37   0.20   0.43
N1000331 BD+04 3508         17 47 33.3   +04 50 20     0424-1716 * 9.33   1.75   0.97   1.87
N1000331 HD 161834          17 47 39.2   +05 06 59   T 0424-0223 *10.19   0.27   0.15   0.31
N1000331 IC 4665 MM 32      17 47 55.7   +05 16 45   T 0424-0229 *10.90   0.94   0.53   1.04
N1200133 3C 273 B           12 28 23.7   +02 00 14   G 0282-0101  12.25   0.44   0.25   0.53
N1200133 3C 273 I           12 28 37.3   +01 57 19   G 0282-0187  13.84   1.41   0.92   1.89
N1200133 3C 273 C           12 28 45.9   +02 02 15   G 0282-0183  11.88   0.99   0.57   1.13
N1200133 3C 273 D           12 28 50.9   +02 06 31   G 0282-0115  12.64   0.55   0.31   0.63
N1200133 3C 273 F           12 28 59.1   +01 56 49   G 0282-0423  12.93   1.10   0.59   1.17
N1200133 3C 273 B'          12 29 02.9   +02 02 17   G 0282-1090  14.92   1.11   0.70   1.29
N1200133 3C 273 G           12 29 03.2   +02 03 18   G 0282-0337  13.53   0.59   0.34   0.66
N1200133 3C 273 E           12 29 08.4   +02 00 19   G 0282-0238  12.71   0.66   0.39   0.79
N1200133 3C 273 H           12 29 10.0   +01 54 46   G 0282-0150  14.08   1.27   0.80   1.50
N1333023 RR Boo 3           14 46 20.5   +39 23 18   G 3043-0369  10.68   0.37   0.25   0.54
N1333023 RR Boo 5           14 46 28.8   +39 19 57   G 3043-0115  13.13   0.73   0.38   0.77
N1333023 BD+39 2800         14 46 45.8   +39 15 04   T 3043-0190   9.66   1.21   0.62   1.20
N1333023 RR Boo 4           14 46 55.5   +39 19 06   G 3043-0005  13.07   1.06   0.55   1.09
N1333023 RR Boo 6           14 47 04.4   +39 18 29   G 3043-0032  13.76   1.02   0.60   1.13
N2201201 SA 98-563           6 51 31.5   -00 26 26   A           *14.16   0.42   0.29   0.61
N2201201 HD 292561           6 51 33.7   -00 11 31   G 4800-0469 *10.57   0.61   0.35   0.67
N2201201 SA 98-581           6 51 39.9   -00 25 43   U            14.56   0.24   0.12   0.36
N2201201 SA 98-618           6 51 49.6   -00 21 16   G 4800-1503 *12.72   2.19   1.25   2.41
N2201201 HD 292574           6 52 01.9   -00 27 22   P 4800-0923 *10.54   0.20   0.11   0.23
N2201201 HD 292575           6 52 03.4   -00 27 18   P 4800-1475 *10.03   1.18   0.62   1.15
N2201201 SA 98-666           6 52 09.9   -00 23 32   G 4800-0216 *12.73   0.16   0.09   0.20
N2201201 SA 98-670           6 52 11.5   -00 19 16   G 4800-0963 *11.93   1.36   0.72   1.38
N2201201 SA 98-675           6 52 13.3   -00 19 41   A           *13.40   1.91   1.08   2.09
N2201201 SA 98-676           6 52 13.7   -00 19 20   G 4800-0093 *13.07   1.15   0.68   1.35
N2201201 SA 98-685           6 52 18.5   -00 20 19   G 4800-0330 *11.95   0.46   0.29   0.57
N2201201 HD 292584           6 52 27.9   -00 32 21   N 4800-0537  10.93   0.22   0.13   0.29
N2201201 SA 98-1112          6 52 34.9   -00 15 26   G 4801-0445  13.98   0.81   0.44   0.87
N2201201 SA 98-724           6 52 37.2   -00 19 20   G 4801-0048 *11.12   1.10   0.58   1.10
N2201201 SA 98-733           6 52 40.1   -00 17 15   G 4801-0539 *12.24   1.29   0.70   1.35
N2201220 NSV 3217            6 48 07.7   +04 52 16   h 0156-1180  11.73   0.50   0.28   0.60
N2201220 NSV 3217            6 48 08.1   +04 55 51   h 0156-0238  10.05   1.05   0.53   1.03
N2201220 NSV 3217            6 48 08.8   +04 58 45   h 0156-0110  12.62   0.60   0.33   0.65
N2201220 NSV 3217            6 48 09.2   +04 55 53   h 0156-1446  13.35   0.77   0.46   0.95
N2201220 NSV 3217            6 48 11.6   +04 56 49   h 0156-0878  11.25   0.47   0.28   0.57
N2201220 NSV 3217            6 48 17.8   +04 52 54   h 0156-0234  13.03   1.26   0.73   1.48
N2201220 NSV 3217            6 48 25.5   +04 51 49   h            14.06   0.68   0.36   0.75
N2201220 NSV 3217            6 48 27.7   +04 55 27   h            14.35   0.50   0.30   0.67
N2201220 NSV 3217            6 48 30.1   +05 00 27   h 0156-1457   9.38   1.31   0.68   1.30
N2201220 NSV 3217            6 48 34.7   +04 56 46   h            14.89   0.75   0.38   0.84
N2201220 NSV 3217            6 48 39.3   +04 58 30   h            13.72   0.47   0.31   0.69
N2201220 NSV 3217            6 48 50.4   +04 55 03   h            15.54   1.46   0.73   1.46
N2210003 BD-00 2081          8 52 34.0   -00 39 49   P 4865-0136 *10.14   0.16   0.08   0.16
N2210003 BD-00 2084          8 53 14.4   -00 43 30   P 4865-0508 * 9.15   1.28   0.65   1.20
N2210003 SA 100-267          8 53 17.2   -00 41 30   G 4865-0798 *13.03   0.49   0.31   0.61
N2210003 SA 100-269          8 53 18.5   -00 41 10   G 4865-1293 *12.35   0.55   0.34   0.67
N2210003 SA 100-280          8 53 35.5   -00 36 41   G 4865-0384 *11.80   0.49   0.30   0.59
N2210003 SA 100-394          8 53 54.5   -00 32 22   G 4865-0678 *11.38   1.32   0.71   1.34
N2232232 UY_MON              6 58 26.9   +09 36 24   h            15.10   0.75   0.43   0.90
N2232232 UY_MON              6 58 27.5   +09 38 44   h            14.85   0.64   0.35   0.75
N2232232 UY_MON              6 58 41.2   +09 34 50   h            14.54   1.05   0.57   1.13
N2232232 UY_MON              6 58 43.7   +09 39 19   h 0752-1274  13.40   0.97   0.56   1.07
N2232232 UY_MON              6 58 46.6   +09 40 55   h 0752-0324  12.60   0.90   0.49   0.93
N2232232 UY_MON              6 58 46.8   +09 35 53   h 0752-1042  11.92   1.39   0.77   1.43
N2232232 UY_MON              6 58 49.0   +09 38 02   h            13.85   0.47   0.30   0.58
N2232232 UY_MON              6 58 59.7   +09 38 35   h 0752-1596  13.02   0.50   0.29   0.60
N2232232 UY_MON              6 58 59.8   +09 33 34   h 0752-1082  11.36   0.71   0.46   0.91
N2232232 UY_MON              6 59 00.0   +09 41 24   h 0752-0092  11.96   0.51   0.27   0.58
N2232232 UY_MON              6 59 04.2   +09 40 02   h 0752-1706   9.38   1.06   0.53   1.03
N2232232 UY_MON              6 59 07.8   +09 38 49   h 0752-0738  12.22   1.20   0.64   1.24
N2232232 UY_MON              6 59 11.2   +09 33 33   h            14.21   0.47   0.30   0.58
N2303223 TZ_AUR              7 11 27.3   +40 47 57   h            14.84   0.54   0.31   0.64
N2303223 TZ_AUR              7 11 29.8   +40 52 44   h            13.29   0.41   0.27   0.58
N2303223 TZ_AUR              7 11 39.1   +40 49 58   h 2948-0171  10.90   0.34   0.22   0.43
N2303223 TZ_AUR              7 11 46.6   +40 46 59   h            14.25   0.52   0.33   0.66
N2303223 TZ_AUR              7 11 47.0   +40 45 56   h            14.64   0.47   0.30   0.60
N2303223 TZ_AUR              7 11 54.7   +40 46 00   h 2948-0546  13.95   0.59   0.36   0.73
N2303223 TZ_AUR              7 11 59.2   +40 45 42   h 2948-0401  12.67   0.60   0.35   0.66
N2303223 TZ_AUR              7 12 05.5   +40 46 45   h 2948-1134  10.50   0.40   0.24   0.49
N2303223 TZ_AUR              7 12 06.4   +40 52 23   h 2948-0370  13.41   0.53   0.32   0.67
N2303223 TZ_AUR              7 12 11.8   +40 44 20   h 2948-1157  11.82   1.31   0.72   1.36
N2303223 TZ_AUR              7 12 12.6   +40 51 27   h 2948-0423  12.39   0.51   0.31   0.62
N2310223 NGC 2682 F81        8 51 11.8   +11 45 22   G 0814-1795 *10.03  -0.09  -0.03  -0.07
N2310223 NGC 2682 I-242      8 51 14.4   +11 45 01   G 0814-1931 *10.88          0.27   0.53
N2310223 NGC 2682 F132       8 51 20.8   +11 45 02   G 0814-1775 *13.09   0.61   0.35   0.71
N2310223 NGC 2682 I-51       8 51 25.0   +11 45 43   G 0814-1903 *14.20          0.34   0.67
N2310223 NGC 2682 F170       8 51 29.9   +11 47 17   G 0814-1515 * 9.66   1.36   0.70   1.33
N2310223 HD 75700            8 51 49.4   +11 53 39     0814-0795 * 7.85   1.12   0.57   1.09
N2312031 SS_CNC              8 06 03.2   +23 13 02   h 1927-0593  15.09   0.68   0.39   0.78
N2312031 SS_CNC              8 06 03.4   +23 18 46   h 1927-0821  12.62   1.11   0.57   1.11
N2312031 SS_CNC              8 06 04.0   +23 15 11   h 1927-0357  14.67   0.53   0.31   0.67
N2312031 SS_CNC              8 06 04.5   +23 14 53   h 1927-0232  10.96   1.25   0.66   1.25
N2312031 SS_CNC              8 06 14.0   +23 15 50   h 1927-0133  13.95   0.59   0.34   0.67
N2312031 SS_CNC              8 06 14.2   +23 16 35   h 1927-0963  15.45   0.65   0.35   0.71
N2312031 SS_CNC              8 06 15.9   +23 18 11   h 1927-0053  13.49   0.59   0.36   0.70
N2312031 SS_CNC              8 06 17.3   +23 20 07   h 1927-0704  11.75   1.17   0.61   1.15
N2312031 SS_CNC              8 06 21.2   +23 12 16   h 1927-0744  12.72   0.62   0.36   0.70
N2312031 SS_CNC              8 06 23.7   +23 16 52   h 1927-0170  12.87   0.88   0.50   0.95
N2312031 SS_CNC              8 06 34.0   +23 10 43   h 1927-0832  13.84   0.45   0.28   0.58
N2312031 SS_CNC              8 06 35.2   +23 16 28   h            14.84   0.83   0.44   0.85
N2312031 SS_CNC              8 06 37.0   +23 20 27   h 1927-0504  11.97   0.75   0.40   0.77
N2312031 SS_CNC              8 06 37.1   +23 20 09   h 1927-0548  14.35   0.50   0.32   0.66
N2312031 SS_CNC              8 06 39.6   +23 14 08   h 1927-0877  14.54   0.50   0.29   0.60
N2312031 SS_CNC              8 06 43.5   +23 20 26   h 1927-0621  14.17   0.54   0.32   0.66
N3000000 SA 97-249           5 57 07.5   +00 01 12   G 0117-0895 *11.73   0.65   0.37   0.72
N3000000 SA 97-345           5 57 33.2   +00 21 16   G 0117-0815 *11.61   1.66   0.93   1.77
N3000000 HD 290984           5 57 37.3   +00 13 44   P 0117-0727 * 9.78   0.20   0.12   0.26
N3000000 SA 97 Henden a      5 57 46.8   +00 12 43   h 0117-1514 *14.82   1.10   0.70   1.36
N3000000 SA 97-75            5 57 55.1   -00 09 28   G 4769-0827 *11.48   1.87   1.05   2.00
N3000000 SA 97 Henden b      5 58 07.1   +00 12 19   h 0117-1364 *14.71   1.94   1.08   2.13
N3000000 SA 97 Henden c      5 58 09.0   +00 19 00   h 0117-0693 *12.97   0.81   0.52   1.00
N3000000 BD+00 1237          5 58 25.0   +00 05 14   G 0117-1044 *10.79   1.36   0.77   1.50
N3002320 SA 96-737           4 52 35.3   +00 22 30   G 0085-0158 *11.72   1.33   0.73   1.43
N3002320 SA 96-406           4 52 50.4   +00 07 04   P 0085-0076 * 9.30   0.22   0.12   0.24
N3002320 SA 96-409           4 52 58.5   +00 09 05   G 0085-0041  13.78   0.54   0.34   0.68
N3002320 SA 96-83            4 52 58.9   -00 14 41   G 4737-0023 *11.72   0.18   0.09   0.19
N3100010 NGC 188 Kamel 2     0 42 03.6   +85 22 52   A 4619-0908  13.12   0.98   0.57   1.08
N3100010 NGC 188 Kamel 1     0 42 03.8   +85 20 50   A 4619-1262   9.87   1.45   0.85   1.62
N3100010 NGC 188 Kamel 3     0 42 23.3   +85 20 34   A 4619-1795  13.96   1.06   0.58   1.11
N3100010 NGC 188 Kamel 6     0 43 30.3   +85 19 51   A 4619-2206  12.75   0.53   0.33   0.64
N3100010 NGC 188 Kamel 7     0 43 48.7   +85 22 23   A 4619-0606  12.36   0.59   0.37   0.71
N3100010 NGC 188 Kamel 8     0 44 24.0   +85 19 42   A 4619-2526  14.83   0.43   0.27   0.56
N3100010 NGC 188 Kamel 9     0 44 30.0   +85 20 55   A            14.93   0.69   0.38   0.74
N3100010 NGC 188 Kamel 10    0 45 18.5   +85 19 20   A 4619-2157  13.86   0.47   0.30   0.57
N3100010 NGC 188 Kamel 11    0 45 44.1   +85 18 38   A 4619-2859  14.99   0.64   0.41   0.78
N3100010 NGC 188 Kamel 12    0 45 54.0   +85 19 56   A 4619-1695  10.88   1.22   0.71   1.35
N3111320 S Per 6             2 22 31.4   +58 33 01   G 3698-1368  14.40   0.63   0.41   0.87
N3111320 S Per 7             2 22 38.3   +58 35 44   G 3698-0798  14.42   1.17   0.74   1.48
N3111320 S Per 3             2 22 49.9   +58 30 59   G 3698-1822  11.96   0.53   0.28   0.62
N3111320 AG+58 256           2 22 54.8   +58 36 16   P 3698-2480  11.41   0.54   0.29   0.67
N3111320 S Per 4             2 23 01.4   +58 37 10   G 3698-3053  13.24   1.02   0.62   1.24
N3111320 S Per 5             2 23 07.6   +58 33 05   G 3698-1364  13.57   0.54   0.36   0.75
N3331231 NGC 1275 C5         3 19 44.5   +41 30 58   G 2856-0314  14.56          0.57   1.10
N3331231 NGC 1275 C1         3 19 48.2   +41 32 50   G 2856-0334  12.40   0.59   0.35   0.71
N3331231 NGC 1275 C3         3 19 51.2   +41 31 26   G 2856-1162  13.76          0.61   1.22
N3331231 NGC 1275 C2         3 19 57.3   +41 31 34   G 2856-0342  12.90   0.46   0.28   0.54
N3331231 NGC 1275 C4         3 20 02.6   +41 30 59   G 2869-2844  14.04   0.56   0.36   0.71
S0102011 NGC 104 G           0 23 30.0   -72 22 36   G 9137-0071  12.01   1.72   1.06   2.56
S0102011 NGC 104 K           0 23 35.8   -72 22 44   G 9137-0045  13.16   0.67   0.36   0.73
S0102011 Kron 3 AA D         0 25 08.8   -72 47 37   A 9140-0203  14.63   0.84   0.44   0.82
S0102011 Kron 3 AA F         0 25 12.6   -72 49 06   A            15.42   0.82   0.45   0.91
S0102011 NGC 104 M           0 19 05.7   -72 03 31   G 9137-1339  13.80   0.87   0.50   0.95
S0102011 NGC 104 N           0 19 13.4   -72 08 09   G 9137-1371  13.99   0.76   0.43   0.88
S0102011 NGC 104 U           0 19 17.1   -72 01 52   G 9137-0991  14.62   0.93   0.52   1.04
S0102011 NGC 104 P           0 19 20.8   -72 02 02   G 9137-1851  14.11   0.79   0.46   0.92
S0102011 NGC 104 V           0 19 59.6   -72 00 32   G 9137-1935  15.05   0.88   0.49   0.96
S0102011 NGC 104 A           0 20 43.5   -71 58 41   G 9137-1119   8.31   1.15   0.60   1.14
S0102011 NGC 104 O           0 21 30.1   -72 26 01   G 9137-0453  14.07   0.83   0.39   0.90
S0102011 NGC 104 E           0 22 13.0   -72 21 33   G 9137-1345  11.68   0.45   0.27   0.55
S0102011 NGC 104 H           0 22 17.9   -72 15 42   G 9137-0773  12.16   1.49   0.78   1.55
S0102030 NGC 104 R           0 24 58.8   -71 50 15   G 9137-1713  14.15   1.00   0.52   1.05
S0102030 NGC 104 S           0 25 06.4   -71 51 55   G 9137-1297  14.18   1.01   0.52   1.06
S0102030 NGC 104 F           0 26 04.0   -71 53 23   G 9137-1651  11.91   1.58   0.86   1.77
S0102030 NGC 104 B           0 27 38.2   -71 52 57   G 9137-1349   8.53   0.51   0.29   0.59
S0102030 NGC 104 C           0 27 53.3   -72 07 47   G 9137-0471   9.58   1.10   0.56   1.08
S0102311 [VA82] I-2          0 47 29.2   -73 01 37   G 9141-7557  12.08   0.28   0.20   0.43
S0102311 [VA82] I-3          0 47 41.7   -72 57 02   A            14.88   1.34   0.63   1.28
S0102311 [VA82] I-7          0 48 32.0   -72 54 30   A            15.35   0.43   0.27   0.47
S0102311 [VA82] I-9          0 48 47.8   -73 04 57   A 9141-7833  12.63   0.91   0.48   0.95
S0102311 [VA82] I-10         0 49 32.0   -73 01 37   A            14.87   0.37   0.17   0.44
S0102311 [VA82] I-11         0 49 51.3   -72 55 45   A 9141-7595  11.16   0.00   0.05   0.08
S0102311 [VA82] I-13         0 50 06.9   -73 00 10   G 9141-7577  12.55   0.97   0.52   0.95
S0102311 [VA82] I-14         0 50 33.29  -72 57 45.0 D            13.17   0.19   0.14   0.32
S0102311 [VA82] II-1         0 55 47.5   -72 39 30   A            13.27   0.01   0.06   0.17
S0102311 [VA82] II-2         0 55 55.1   -72 40 31   A 9141-7723  12.02   1.40   0.68   1.27
S0102311 [VA82] II-3         0 56 58.3   -72 31 18   A 9141-7686  13.42   0.16   0.13   0.27
S0102311 [VA82] II-4         0 57 00.1   -72 30 10   A            14.90  -0.15  -0.03  -0.04
S0102311 [VA82] II-5         0 57 23.75  -72 39 59.5 D            12.83   0.42   0.25   0.50
S0102311 [VA82] II-6         0 57 27.0   -72 33 14   A            13.98  -0.20  -0.08  -0.15
S0102311 [VA82] II-7         0 57 29.98  -72 32 23.5 D            14.64   0.14   0.25  -0.09
S0102311 [VA82] II-9         0 58 01.6   -72 41 59   A            14.20  -0.05  -0.03  -0.09
S0102311 [VA82] II-12        0 58 29.7   -72 41 09   A            14.62  -0.04   0.01   0.07
S0130021 NGC 1252 28         3 10 38.5   -57 47 19   G 8498-1322  11.95   0.47   0.29   0.56
S0130021 NGC 1252 19         3 10 42.4   -57 42 05   G 8498-1334  13.21   0.83   0.46   0.83
S0130021 NGC 1252 18         3 10 44.9   -57 43 22   G 8498-1040  12.49   0.73   0.40   0.82
S0130021 NGC 1252 12         3 10 50.1   -57 47 09   G 8498-0949  11.95   0.50   0.30   0.58
S0130021 NGC 1252 27         3 10 56.5   -57 47 48   G 8498-0938  13.17   0.49   0.31   0.62
S0130021 NGC 1252 16         3 10 59.8   -57 44 42   G 8498-1036  13.21   0.78   0.44   0.85
S0130021 NGC 1252 14         3 11 04.4   -57 46 22   G 8498-1017  12.91   0.60   0.30   0.64
S0130021 NGC 1252 11         3 11 09.0   -57 47 38   G 8498-0947  10.50   1.05   0.56   1.04
S0130021 NGC 1252 15         3 11 10.7   -57 44 38   G 8498-1035  11.47   1.21   0.65   1.24
S0130021 NGC 1252 21         3 11 36.0   -57 40 23   G 8498-0992  13.17   0.78   0.38   0.68
S0130021 NGC 1252 22         3 11 45.3   -57 37 47   G 8498-0967  12.50   0.82   0.44   0.76
S0130021 NGC 1252 9          3 12 08.2   -57 34 17   G 8498-1231  11.03   0.75   0.41   0.78
S0130021 NGC 1252 7          3 13 00.1   -57 33 57   G 8498-1195  11.97   0.93   0.51   0.98
S0130021 NGC 1252 6          3 13 05.7   -57 34 00   G 8498-1184  11.19   0.73   0.40   0.76
S0130021 NGC 1252 5          3 13 06.4   -57 37 21   G 8498-1243  10.38   0.47   0.29   0.55
S0130021 NGC 1252 37         3 13 18.0   -57 43 19   G 8498-1066  11.14   0.31   0.24   0.36
S0130021 NGC 1252 36         3 13 55.3   -57 45 02   G 8498-1034  10.62   0.79   0.46   0.87
S0131010 NGC 362 B           1 03 22.0   -71 02 48   G 9138-1565  11.12   1.08   0.56   1.08
S0131010 NGC 362 U           1 04 22.8   -71 02 00   A            15.20   0.94   0.49   0.92
S0131010 NGC 362 A           1 04 26.6   -70 58 17   G 9139-1208  10.90   0.85   0.46   0.86
S0131010 NGC 362 AA          1 04 29.2   -71 01 29   A            15.97   0.06   0.00   0.13
S0131010 NGC 362 C           1 04 31.4   -70 56 22   G 9139-1359  11.59   0.61   0.33   0.70
S0131010 NGC 362 Y           1 04 36.8   -70 57 15   A            15.71   0.17   0.08   0.16
S0131010 NGC 362 P           1 04 51.8   -70 50 43   G 9139-1227  14.59   0.79   0.43   0.93
S0131010 NGC 362 M           1 05 00.8   -70 50 36   G 9139-1023  13.83   0.66   0.37   0.82
S0131010 NGC 362 F           1 05 01.9   -70 56 46   G 9139-1094  12.87   0.97   0.51   1.06
S0131010 NGC 362 D           1 05 33.3   -70 54 57   G 9139-1070  12.34   0.54   0.31   0.63
S0131010 NGC 362 N           1 05 33.6   -70 53 49   G 9139-1181  14.17   0.79   0.41   0.89
S0131010 NGC 458 A           1 13 03.9   -71 34 39   G 9139-0869  11.59   0.55   0.32   0.63
S0131010 NGC 458 F           1 13 21.0   -71 37 06   G 9139-0440  14.26  -0.03   0.01  -0.01
S0131010 NGC 458 E           1 13 31.1   -71 34 52   G 9139-0879  13.98   0.76   0.45   0.93
S0131010 NGC 458 G           1 13 58.2   -71 35 26   G 9139-0854  14.66   1.16   0.72   1.30
S0131010 NGC 458 B           1 14 18.8   -71 36 57   G 9139-0230  12.63   0.72   0.40   0.78
S0132002 SN 1987A H          5 31 34.4   -69 14 26   G 9162-0597  12.34   0.76   0.43   0.84
S0132002 SN 1987A F          5 31 49.4   -69 13 15   G 9162-0730  12.08   0.05   0.10   0.16
S0132002 SN 1987A E          5 32 22.8   -69 12 45   G 9162-0119  11.93  -0.04   0.02   0.05
S0132002 SN 1987A A          5 32 28.6   -69 13 06   G 9162-0234   9.78   0.51   0.29   0.59
S0132002 SN 1987A M          5 33 50.3   -69 12 29   A            13.63   0.09   0.08   0.15
S0132002 SN 1987A N          5 33 57.0   -69 12 02   A            13.92   0.70   0.39   0.72
S0132002 SN 1987A S8         5 35 14.4   -69 17 04   A            13.74   1.27   0.81   1.59
S0132002 SN 1987A S2         5 35 30.5   -69 16 18   A            16.04  -0.15  -0.05  -0.10
S0132002 SN 1987A S7         5 35 32.6   -69 15 48   A            15.16   0.72   0.42   0.82
S0132002 SN 1987A S1         5 35 36.0   -69 16 09   A            14.47  -0.09  -0.01  -0.03
S0132002 SN 1987A S4         5 35 43.11  -69 17 06.5 D            14.00  -0.16  -0.04  -0.09
S0132030 Bok-Tifft 5         5 08 21.2   -69 01 18   G 9161-1304  12.67   0.79   0.44   0.87
S0132030 Bok-Tifft 4         5 09 08.7   -68 59 08   G 9161-0859  12.34   0.69   0.36   0.71
S0132030 Bok-Tifft 1         5 09 26.3   -69 09 34   G 9161-0746   9.37   0.21   0.12   0.27
S0132030 Bok-Tifft 3         5 09 27.3   -68 58 39   G 9161-1189  11.08   0.94   0.53   0.98
S0132030 Bok-Tifft B         5 09 44.4   -68 46 37   G 9161-1343  12.71   2.04   1.05   2.17
S0132030 Bok-Tifft A         5 09 45.2   -68 46 10   G 9161-0815  12.06  -0.03   0.00   0.03
S0233110 HD 29701            4 40 03.8   -16 34 47   G 5892-1321   9.98   0.13   0.08   0.18
S0233110 BD-16 920           4 40 17.3   -16 34 32   G 5892-1576  10.23   1.52   0.80   1.53
S0233110 1E 0438.2-1636 G    4 40 27.6   -16 33 11   G 5892-1128  12.51   0.83   0.47   0.92
S0233110 1E 0438.2-1636 H    4 40 53.2   -16 35 24   G 5892-1827  12.89   1.05   0.65   1.23
S0233110 BD-16 922           4 41 30.0   -16 35 34   G 5892-1906  10.25   0.31   0.20   0.39
S0333033 NGC 1316 2          3 22 13.1   -37 15 59   G 7026-0111  14.08   0.75   0.44   0.86
S0333033 NGC 1316 1          3 22 21.4   -37 15 04   G 7026-0224  12.89   0.55   0.34   0.67
S0333033 NGC 1316 16         3 23 00.5   -37 24 16   G 7026-0156  13.73   0.82   0.47   0.88
S0333033 NGC 1316 17         3 23 11.3   -37 08 06   G 7026-0123  14.06   0.70   0.41   0.80
S0333033 NGC 1316 3          3 23 15.3   -37 16 07   G 7026-0110  14.45   0.69   0.38   0.72
S0333033 NGC 1316 4          3 23 21.7   -37 17 06   G 7026-0121  12.75   0.70   0.40   0.75
S0333033 NGC 1316 5          3 23 24.9   -37 17 06   G 7026-0117  13.53   0.58   0.33   0.66
S0333033 NGC 1316 7          3 23 31.8   -37 14 35   G 7026-0084  13.79   0.77   0.42   0.81
S0333033 NGC 1316 6          3 23 33.8   -37 15 50   G 7026-0099  13.35   1.00   0.62   1.17
S0333033 NGC 1316 12         3 23 40.9   -37 23 39   G 7026-0152  10.88   1.18   0.63   1.21
S0333033 NGC 1316 13         3 23 46.6   -37 25 50   G 7026-0167  12.36   0.51   0.28   0.58
S0333033 NGC 1316 9          3 23 54.1   -37 14 48   G 7026-0081  10.60   0.51   0.33   0.67
S0333033 NGC 1316 10         3 23 59.4   -37 14 40   G 7026-0071  14.47   0.79   0.44   0.84
S0333033 NGC 1316 8          3 24 01.2   -37 18 42   G 7027-0165  11.57   0.93   0.51   1.01
S0333033 NGC 1316 14         3 24 10.6   -37 12 39   G 7027-0076  13.18   0.98   0.52   0.98
S0333033 NGC 1316 15         3 24 19.5   -37 16 21   G 7027-0141  14.65   0.60   0.33   0.67
S1022123 LX_PUP              8 08 00.0   -16 27 13   h            15.52   0.73   0.39   0.85
S1022123 LX_PUP              8 08 04.5   -16 29 50   h 5996-0915  13.17   1.14   0.59   1.14
S1022123 LX_PUP              8 08 07.3   -16 29 22   h 5996-0159  12.53   0.55   0.33   0.66
S1022123 LX_PUP              8 08 08.9   -16 25 25   h 5996-1085  11.11   0.40   0.23   0.46
S1022123 LX_PUP              8 08 11.2   -16 29 52   h 5996-0701  11.63   0.42   0.25   0.50
S1022123 LX_PUP              8 08 11.5   -16 32 35   h            13.91   0.54   0.31   0.64
S1022123 LX_PUP              8 08 14.4   -16 31 18   h 5996-0413  11.89   0.47   0.29   0.58
S1022123 LX_PUP              8 08 15.1   -16 28 01   h            14.56   0.68   0.41   0.79
S1022123 LX_PUP              8 08 17.2   -16 24 08   h            15.90   0.77   0.42   0.86
S1022123 LX_PUP              8 08 23.4   -16 28 16   h 5996-0713  10.67   1.64   0.92   1.83
S1022123 LX_PUP              8 08 25.0   -16 28 01   h            15.05   0.96   0.53   1.04
S1022123 LX_PUP              8 08 26.9   -16 28 36   h 5996-0487  12.70   1.03   0.56   1.07
S1022123 LX_PUP              8 08 27.4   -16 27 49   h            16.38   0.80   0.52   1.03
S1022123 LX_PUP              8 08 28.1   -16 29 03   h            14.80   0.61   0.37   0.74
S1022123 LX_PUP              8 08 36.3   -16 31 57   h 5996-0827  13.49   0.55   0.32   0.67
S1022123 LX_PUP              8 08 37.8   -16 22 13   h 5996-0245  12.06   0.04  -0.01   0.05
S1022123 LX_PUP              8 08 40.6   -16 32 10   h            14.20   0.53   0.32   0.65
S1022123 LX_PUP              8 08 42.7   -16 27 19   h 5996-0171  11.53   0.36   0.20   0.43
S1022123 LX_PUP              8 08 44.6   -16 24 05   h            16.14   0.98   0.53   0.94
S1031131 AC_MON              7 00 41.5   -08 44 06   h 5380-2591  11.34   1.35   0.73   1.39
S1031131 AC_MON              7 00 46.3   -08 46 12   h 5380-1909  13.66   0.56   0.38   0.72
S1031131 AC_MON              7 00 50.0   -08 41 23   h            14.26   0.88   0.46   0.98
S1031131 AC_MON              7 00 50.0   -08 43 40   h 5380-2010  12.04   0.98   0.56   1.00
S1031131 AC_MON              7 01 03.1   -08 47 21   h            13.39   1.34   0.71   1.43
S1031131 AC_MON              7 01 06.8   -08 44 22   h 5380-2101  11.61   0.18   0.12   0.27
S1031131 AC_MON              7 01 16.5   -08 41 43   h 5380-2181  10.49   0.11   0.04   0.12
S1031131 AC_MON              7 01 19.0   -08 44 05   h 5381-2966  14.06   0.70   0.41   0.82
S1031131 AC_MON              7 01 21.1   -08 45 18   h            14.49   0.76   0.46   0.92
S1112300 Trumpler 18 93     11 10 56.6   -60 40 11   A            12.38   0.20   0.12   0.26
S1112300 Trumpler 18 109    11 11 03.1   -60 42 52   A            13.44   0.48   0.21   0.54
S1112300 Trumpler 18 77     11 11 12.3   -60 38 00   A            13.58   1.27   0.71   1.39
S1112300 Trumpler 18 108    11 11 12.5   -60 42 06   A            13.84   0.36   0.20   0.41
S1112300 Trumpler 18 28     11 11 28.6   -60 41 28   G 8959-1122  11.86   1.31   0.70   1.33
S1112300 Trumpler 18 63     11 11 44.3   -60 38 12   A            13.31   0.45   0.35   0.72
S1112300 Trumpler 18 62     11 11 50.4   -60 37 51   G 8959-0661  12.74   0.27   0.14   0.30
S1112300 Trumpler 18 87     11 11 50.6   -60 44 39   G 8959-0131  11.94   0.57   0.34   0.66
S1112300 Trumpler 18 107    11 11 50.7   -60 40 30   A            13.50   0.55   0.29   0.66
S1112300 Trumpler 18 72     11 11 50.8   -60 36 14   G 8959-0874   9.40   1.24   0.64   1.23
S1112300 Trumpler 18 106    11 12 10.6   -60 40 17   G 8959-0840  12.63   0.35   0.24   0.49
S1113022 vdB-H 99 9         10 37 28.6   -59 09 53   A            16.41   1.16   0.78   1.52
S1113022 vdB-H 99 7         10 37 39.1   -59 09 12   A            16.63   0.77   0.50   0.96
S1113022 vdB-H 99 11        10 37 50.0   -59 12 12   A            13.05   0.50   0.43   0.91
S1113022 vdB-H 99 5         10 37 52.9   -59 10 42   A            14.49   0.44   0.28   0.58
S1113022 vdB-H 99 1         10 38 06.4   -59 13 59   A            14.34   0.54   0.34   0.65
S1113022 vdB-H 99 2         10 38 09.6   -59 14 55   A            15.21   0.64   0.40   0.82
S1113022 HD 303111          10 38 13.9   -59 09 41   G 8613-0841  11.08   0.33   0.19   0.40
S1113022 CPD-58 2447        10 38 24.3   -59 10 56   G 8613-1249  10.78   0.65   0.35   0.65
S1113022 HD 303199          10 38 27.3   -59 09 45   G 8613-1111  10.08   0.11   0.06   0.13
S1113022 CPD-58 2452        10 38 29.4   -59 10 32   G 8613-0444  10.10   1.07   0.56   1.06
S1113022 HD 303209          10 40 12.2   -59 24 42   G 8626-2437  10.37  -0.00   0.02   0.02
S1331123 Graham E4 n         9 23 24.2   -45 24 11   A            15.01   0.82   0.52   1.00
S1331123 Graham E4 d         9 23 26.4   -45 24 53   A 8167-1053 *12.59   0.64   0.39   0.78
S1331123 HD 296853           9 23 30.8   -45 32 42   G 8167-0639 *10.00   0.55   0.31   0.62
S1331123 Graham E4 h         9 23 50.0   -45 26 22   A 8167-0076 *13.75   0.62   0.41   0.81
S1331123 Graham E4 57        9 23 51.0   -45 22 27   A 8167-0468 *11.34   1.29   0.77   1.52
S1331123 Graham E4 48-T      9 25 03.7   -45 17 40   G 8167-0288 *10.59   0.20   0.10   0.19
S2013012 NGC 4590 G         12 38 46.2   -26 48 56   G 6691-0119  14.16   1.28   0.77   1.42
S2013012 NGC 4590 B         12 38 54.7   -26 49 48   G 6691-0017  11.71   0.92   0.48   0.96
S2013012 NGC 4590 EE        12 39 11.5   -26 45 16   G 6691-0319  14.62   0.83   0.49   1.04
S2013012 NGC 4590 GG        12 39 15.9   -26 46 11   G 6691-0308  14.71   0.63   0.42   0.85
S2013012 NGC 4590 C         12 39 35.4   -26 53 28   G 6691-0628  12.43   0.54   0.32   0.64
S2013012 NGC 4590 A         12 39 47.0   -26 54 44   G 6691-0574   8.87   1.17   0.62   1.16
S2013012 NGC 4590 E         12 39 51.5   -26 51 46   G 6691-0427  13.41   1.10   0.62   1.25
S2013012 NGC 4590 D         12 39 53.7   -26 53 05   G 6691-0659  12.96   0.44   0.29   0.62
S2110230 NGC 6397 Ma        17 39 47.2   -53 51 02   G 8729-2597  12.83   1.30   0.70   1.35
S2110230 NGC 6397 Oa        17 40 01.7   -53 40 22   G 8729-1209  13.46   0.16   0.11   0.27
S2110230 NGC 6397 Ka        17 40 02.2   -53 46 31   G 8729-2471  12.65   0.95   0.57   1.17
S2110230 NGC 6397 Ha        17 40 05.5   -53 39 49   G 8729-2273  12.20   0.97   0.59   1.20
S2110230 NGC 6397 Ia        17 40 06.6   -53 40 28   G 8729-2287  12.53   0.93   0.57   1.16
S2110230 NGC 6397 Ea        17 40 07.3   -53 42 32   G 8729-1613  11.19   1.07   0.65   1.30
S2110230 NGC 6397 Ja        17 40 11.7   -53 39 26   G 8729-1542  12.64   0.93   0.57   1.17
S2110230 NGC 6397 Sa        17 40 16.0   -53 30 58   A            14.72   1.25   0.67   1.26
S2110230 NGC 6397 Va        17 40 17.2   -53 30 15   A            15.52   0.79   0.46   0.77
S2110230 NGC 6397 La        17 40 19.5   -53 34 29   G 8729-2188  12.78   0.92   0.55   1.14
S2110230 NGC 6397 Wa        17 40 26.1   -53 30 47   A            15.86   0.80   0.43   0.82
S2110230 NGC 6397 Ta        17 40 29.7   -53 31 47   A            14.85   0.70   0.40   0.80
S2110230 NGC 6397 Ua        17 40 35.3   -53 29 37   A            15.32   0.74   0.42   0.91
S2110230 NGC 6397 Ca        17 40 42.0   -53 50 01   G 8729-1464  10.51   1.28   0.72   1.43
S2110230 NGC 6397 Aa        17 41 18.9   -53 49 20   G 8729-2566   9.07   1.16   0.61   1.15
S2110230 NGC 6397 Ba        17 41 27.7   -53 48 10   G 8729-2663   9.41   0.88   0.48   0.91
S2110230 NGC 6397 Da        17 41 37.5   -53 41 04   G 8729-2136  10.78   1.02   0.56   1.09
S2110230 NGC 6397 Ga        17 41 42.6   -53 43 17   G 8729-2107  12.01   0.99   0.59   1.21
S2130120 NGC 5606 64        14 26 47.3   -59 40 36   G 8691-0471  10.48   0.12   0.10   0.20
S2130120 NGC 5606 65        14 26 48.6   -59 40 05   G 8691-0192  10.92   0.12   0.06   0.12
S2130120 NGC 5606 49        14 27 18.8   -59 45 08   G 8691-1114  13.35   0.68   0.41   0.83
S2130120 NGC 5606 67        14 27 23.3   -59 47 12   G 8691-0859  12.73   0.51   0.42   0.91
S2130120 NGC 5606 11        14 27 40.9   -59 37 15   G 8691-0726  13.22   0.37   0.25   0.43
S2130120 NGC 5606 9         14 27 40.9   -59 36 45   G 8691-0675  13.34   0.37   0.24   0.45
S2130120 NGC 5606 51        14 27 54.3   -59 44 35   G 8691-1183  12.14   1.16   0.73   1.41
S2130120 NGC 5606 50        14 27 55.9   -59 43 48   G 8691-0420  12.59   0.44   0.27   0.57
S2130120 NGC 5606 55        14 27 56.8   -59 41 52   G 8691-0489  12.19   1.60   0.91   1.73
S2130120 NGC 5606 54        14 28 02.0   -59 42 47   G 8691-1011  13.11   0.44   0.25   0.56
S2130120 NGC 5606 53        14 28 05.4   -59 43 55   G 8691-0120  11.18   1.57   0.90   1.73
S2130120 NGC 5606 36        14 28 07.7   -59 36 36   G 8691-0249  12.31   0.34   0.23   0.48
S2130120 NGC 5606 43        14 28 25.5   -59 40 11   G 8691-1391  13.15   0.33   0.23   0.30
S2130120 NGC 5606 40        14 28 42.9   -59 34 29   G 8691-0408  11.70   0.33   0.25   0.48
S2130120 NGC 5606 27        14 28 48.2   -59 42 24   G 8691-1442  11.20   0.11   0.10   0.26
S2202030 ALS2               17 50 39.3   -17 50 26   h            15.20   1.05   0.68   1.32
S2202030 ALS2               17 50 42.1   -17 49 34   h            16.40   1.49   0.88   1.70
S2202030 ALS2               17 50 42.6   -17 42 44   h 6253-2630  12.41   1.47   0.83   1.55
S2202030 ALS2               17 50 43.1   -17 44 40   h            13.41   1.64   0.95   1.79
S2202030 ALS2               17 50 47.1   -17 45 55   h            13.60   2.00   1.18   2.24
S2202030 ALS2               17 50 49.7   -17 48 59   h 6253-0476  12.87   1.42   0.84   1.59
S2202030 ALS2               17 50 56.4   -17 44 19   h 6253-0554  12.42   0.44   0.27   0.57
S2202030 ALS2               17 50 57.3   -17 50 11   h 6253-0230  13.41   0.86   0.57   1.12
S2202030 ALS2               17 51 00.6   -17 45 28   h            14.50   0.80   0.53   1.02
S2202030 ALS2               17 51 02.6   -17 43 18   h            16.00   1.99   1.42   3.01
S2202030 ALS2               17 51 04.6   -17 50 42   h 6253-0780  12.98   1.56   0.93   1.80
S2202030 ALS2               17 51 08.8   -17 49 20   h            15.01   0.95   0.61   1.21
S2202030 ALS2               17 51 09.1   -17 51 02   h 6253-2214  13.09   0.74   0.48   0.98
S2202030 ALS2               17 51 15.4   -17 47 50   h            16.69   1.15   0.65   1.30
S2202030 ALS2               17 51 20.0   -17 47 52   h 6253-0192  13.29   0.55   0.37   0.80
S2222001 NGC 6121 I         16 22 44.5   -26 28 26   A 6802-0388  13.67   0.48   0.33   0.74
S2222001 NGC 6121 J         16 22 45.3   -26 28 13   A 6802-0499  13.74   0.96   0.61   1.21
S2222001 NGC 6121 Q         16 22 48.3   -26 29 21   A            15.75   1.12   0.73   1.40
S2222001 NGC 6121 M         16 22 49.0   -26 29 34   A            15.04   1.13   0.76   1.55
S2222001 NGC 6121 P         16 22 50.8   -26 30 51   A            15.56   1.69   1.04   2.04
S2222001 NGC 6121 E         16 22 58.0   -26 28 46   A            12.84   1.29   0.78   1.57
S2222001 NGC 6121 N         16 22 59.6   -26 28 13   A            15.13   0.81   0.53   1.17
S2222001 NGC 6121 2207      16 23 01.3   -26 23 31   A            10.27   1.77   1.01   1.99
S2222001 NGC 6121 2206      16 23 04.4   -26 23 43   A            11.88   1.50   0.85   1.72
S2222001 NGC 6121 1411      16 23 14.4   -26 36 07   A            11.04   1.77   1.00   1.97
S2222001 NGC 6121 1         16 23 47.2   -26 16 15   G 6802-0121   8.92   0.29   0.18   0.39
S2222001 NGC 6121 3216      16 23 53.2   -26 22 24   A            12.67   0.61   0.38   0.81
S2222001 NGC 6121 3105      16 24 10.4   -26 22 34   A 6802-0271  11.23   0.64   0.42   0.84
S2222001 NGC 6121 2         16 24 12.4   -26 19 42   A 6802-0259  11.66   1.13   0.65   1.28
S2222001 Ichikawa 3-2       16 24 17.6   -26 05 57   A 6798-0445  14.06   1.60   0.94   1.81
S2222001 Ichikawa 3-3       16 24 17.9   -26 06 23   A 6798-0110  13.15   1.30   0.80   1.51
S2222001 Ichikawa 3-4       16 24 21.0   -26 04 13   A            14.66   0.92   0.57   1.13
S2300022 Graham E7 8        17 26 15.8   -45 10 28   G 8342-0669 *10.55   0.17   0.13   0.26
S2300022 CoD-45 11536       17 27 06.5   -45 07 53   G 8342-0233 *10.41   1.13   0.64   1.22
S2300022 Graham E7 m        17 27 21.6   -45 01 26   A            12.50   1.32   0.69   1.30
S2300022 Graham E7 s        17 27 24.1   -45 01 52   A            14.23   0.66   0.39   0.77
S2300022 Graham E7 b        17 27 24.4   -45 05 27   G 8342-0068  10.96   0.61   0.41   0.84
S2302022 NGC 5927 Alv 5     15 28 07.5   -50 40 44   G 8307-1265  13.28   0.65   0.40   0.81
S2302022 NGC 5927 Alv 4     15 28 59.8   -50 42 28   A            13.05   0.57   0.33   0.66
S2302022 NGC 5927 Alv 1     15 29 01.8   -50 41 30   G 8307-1121  11.28   0.38   0.22   0.44
S2302022 NGC 5927 Alv 3     15 29 03.6   -50 42 29   G 8307-0807  12.92   1.64   0.91   1.73
S2302022 NGC 5927 Alv 2     15 29 06.2   -50 43 21   G 8307-1169  12.53   0.30   0.15   0.32
S2320000 Graham E5 46       12 04 30.1   -45 28 49   G 8229-2076  10.59   0.59   0.34   0.68
S2320000 Graham E5 o        12 05 04.6   -45 33 49   A            16.53   0.70   0.40   0.81
S2320000 Graham E5 k        12 05 11.1   -45 33 51   A            15.38   0.50   0.30   0.63
S2320000 Graham E5 h        12 05 22.1   -45 36 44   A            14.23   1.26   0.66   1.31
S2320000 Graham E5 59       12 05 24.4   -45 31 35   G 8229-1432  12.87   0.06   0.02   0.06
S2320000 Graham E5 c        12 05 27.7   -45 32 33   G 8229-0790 *13.40   0.89   0.49   0.98
S2320000 CoD-44 7774        12 06 16.3   -45 32 40   G 8229-1530 *10.82   0.65   0.36   0.71
S2320000 CoD-44 7777        12 06 32.8   -45 27 12   G 8229-0200 *10.00   0.37   0.21   0.41
S2323331 NGC 5128-NE 1      13 26 00.3   -42 40 53   A 7795-1295   9.72   0.27   0.16   0.32
S2323331 NGC 5128-NE 10     13 26 08.7   -42 44 48   A            16.58   0.69   0.43   0.87
S2323331 NGC 5128-NE 5      13 26 08.9   -42 50 39   A 7795-1937  13.07   1.39   0.70   1.37
S2323331 NGC 5128-NE 3      13 26 10.9   -42 47 52   A 7795-2119  11.75   0.67   0.38   0.73
S2323331 NGC 5128-NE 9      13 26 16.6   -42 46 45   A            15.22   0.76   0.43   0.84
S2323331 NGC 5128-NE 6      13 26 17.9   -42 47 51   A 7795-2073  13.56   1.36   0.72   1.36
S2331312 Graham E6 50       14 45 52.0   -45 15 28   G 8279-0755  10.71   0.35   0.20   0.42
S2331312 Graham E6 r        14 46 15.4   -45 25 08   A            14.17   0.99   0.54   1.09
S2331312 Graham E6 g        14 46 23.1   -45 35 19   G 8279-1121 *12.18   0.56   0.34   0.68
S2331312 Graham E6 l        14 46 25.1   -45 28 49   G 8279-0029 *12.36   1.32   0.72   1.36
S2331312 Graham E6 n        14 46 35.4   -45 24 18   G 8279-0507 *12.83   1.06   0.59   1.15
S2331312 CoD-44 9594        14 46 39.1   -45 12 05   T 8279-0417 *10.15   1.24   0.65   1.22
S2331312 Graham E6 49       14 47 44.4   -45 16 16   G 8279-0549 *10.53   0.27   0.14   0.29
S2331312 HD 130201          14 48 19.9   -45 40 11     8279-0002 *10.10   0.07   0.04   0.09
S3002223 AS 323             18 48 14.0   -06 37 04   h 5126-4026  12.37   1.88   1.05   2.00
S3002223 AS 323             18 48 17.9   -06 37 04   h            15.93   1.86   1.06   1.98
S3002223 AS 323             18 48 25.0   -06 37 26   h            15.36   0.93   0.55   1.09
S3002223 AS 323             18 48 29.0   -06 40 17   h 5126-0223  13.18   1.76   0.97   1.81
S3002223 AS 323             18 48 29.7   -06 35 00   h            15.40   1.46   0.84   1.59
S3002223 AS 323             18 48 29.9   -06 40 05   h            13.64   0.60   0.39   0.78
S3002223 AS 323             18 48 31.1   -06 36 21   h 5126-2798  13.27   0.80   0.47   0.92
S3002223 AS 323             18 48 31.1   -06 38 28   h            14.00   1.64   0.88   1.66
S3002223 AS 323             18 48 35.0   -06 37 15   h 5126-4049  12.95   0.98   0.59   1.15
S3002223 AS 323             18 48 37.3   -06 40 56   h 5126-2544  12.57   0.37   0.20   0.43
S3002223 AS 323             18 48 38.0   -06 34 57   h            14.54   0.80   0.48   0.95
S3002223 AS 323             18 48 49.9   -06 39 12   h            12.80   0.29   0.16   0.36
S3002223 AS 323             18 48 52.6   -06 38 39   h            13.89   0.67   0.41   0.82
S3002223 AS 323             18 48 54.5   -06 35 08   h            14.21   0.76   0.46   0.96
S3002223 AS 323             18 48 55.3   -06 39 58   h 5126-2591  12.66   0.37   0.20   0.44
S3002223 AS 323             18 48 55.9   -06 38 04   h            15.05   2.02   1.28   2.59
S3002223 AS 323             18 48 56.4   -06 40 25   h            13.24   1.74   0.96   1.81
S3002223 AS 323             18 48 58.4   -06 41 35   h            16.80   1.87   1.01   1.92
S3002223 AS 323             18 48 59.0   -06 34 57   h            15.58   0.83   0.48   0.96
S3012212 NGC 6656 B         18 35 19.5   -23 36 58   G 6858-0885   9.98   1.53   0.83   1.58
S3012212 NGC 6656 F         18 35 49.2   -23 36 12   G 6858-0167  10.60   1.15   0.64   1.28
S3012212 NGC 6656 C         18 35 54.9   -23 38 57   G 6858-0703  10.16   1.72   0.96   1.88
S3012212 NGC 6656 Q         18 36 02.0   -23 45 58   G 6858-2964  13.32   0.74   0.43   0.86
S3012212 NGC 6656 N         18 36 04.5   -23 46 13   G 6858-0331  13.08   1.21   0.66   1.31
S3012212 NGC 6656 G         18 36 10.2   -23 48 44   G 6858-0386  11.21   1.90   1.01   1.95
S3012212 NGC 6656 E         18 36 10.5   -23 46 27   G 6858-1070  10.55   0.38   0.21   0.45
S3012212 NGC 6656 J         18 36 14.7   -24 00 53   G 6858-1052  12.01   1.14   0.64   1.22
S3012212 NGC 6656 D         18 36 17.3   -23 41 47   G 6858-0662  10.23   0.39   0.22   0.48
S3012212 NGC 6656 M         18 36 23.2   -23 46 37   G 6858-0088  12.96   1.24   0.79   1.47
S3012212 NGC 6656 I         18 36 34.4   -24 02 13   G 6858-0377  11.30   1.73   0.94   1.88
S3012212 NGC 6656 K         18 36 36.6   -23 47 30   G 6858-0303  12.16   1.40   0.80   1.60
S3012212 NGC 6656 O         18 36 42.4   -23 47 14   G 6858-0670  13.17   1.18   0.69   1.42
S3133323 2E 2110.4-6801 H   21 11 49.3   -67 44 25   G 9321-0343  13.95   0.55   0.39   0.77
S3133323 2E 2110.4-6801 I   21 11 55.4   -67 44 05   G 9321-0312  10.15   1.55   1.15   2.29
S3133323 2E 2110.4-6801 K   21 12 35.2   -67 43 06   G 9322-0279  12.15   0.59   0.35   0.71
S3133323 2E 2110.4-6801 M   21 13 59.8   -67 48 42   G 9322-0354  13.91   0.61   0.35   0.71
S3133323 2E 2110.4-6801 L   21 14 03.0   -67 41 49   G 9322-0259  12.95   0.48   0.31   0.63
S3133323 2E 2110.4-6801 C   21 15 26.2   -67 41 15   G 9322-0223  12.07   0.47   0.31   0.63
S3133323 2E 2110.4-6801 F   21 15 34.2   -67 39 35   G 9322-0171  14.70   0.66   0.42   0.80
S3133323 2E 2110.4-6801 B   21 15 44.0   -67 39 54   G 9322-0264  10.43   0.42   0.27   0.56
S3133323 2E 2110.4-6801 E   21 16 01.6   -67 39 27   G 9322-0149  13.68   0.82   0.45   0.86
S3133323 2E 2110.4-6801 T   21 16 19.7   -67 54 06   G 9322-0094  11.68   1.14   0.58   1.11
S3133323 2E 2110.4-6801 D   21 16 19.9   -67 38 12   G 9322-0206  12.15   0.51   0.29   0.63
S3133323 2E 2110.4-6801 S   21 16 40.6   -67 54 08   G 9322-0248  14.64   0.83   0.45   0.86
S3133323 2E 2110.4-6801 R   21 16 42.4   -67 51 40   G 9322-0287  14.28   0.98   0.53   1.02
S3133323 2E 2110.4-6801 O   21 16 44.8   -67 49 17   G 9322-0366  12.05   0.39   0.25   0.52
S3133323 2E 2110.4-6801 Z   21 17 10.1   -67 50 32   G 9322-0254  14.43   0.99   0.53   1.01
S3221200 NGC 7793 I         23 57 12.5   -32 26 59   G 7516-0261  13.93   0.62   0.37   0.75
S3221200 NGC 7793 H         23 57 17.8   -32 37 52   G 7519-0033  13.14   0.61   0.35   0.70
S3221200 NGC 7793 F         23 57 18.6   -32 44 21   G 7519-0170  12.55   0.65   0.37   0.70
S3221200 NGC 7793 A         23 57 41.2   -32 26 06   G 7516-0405  10.85   1.27   0.67   1.23
S3221200 NGC 7793 B         23 57 45.5   -32 27 04   G 7516-0345  10.92   0.41   0.25   0.49
S3221200 NGC 7793 E         23 57 46.9   -32 28 43   G 7516-0319  12.36   0.70   0.39   0.76
S3221200 NGC 7793 G         23 58 40.1   -32 39 26   G 7519-0036  13.05   0.72   0.42   0.80
S3221200 NGC 7793 D         23 58 47.9   -32 46 15   G 7519-0113  12.17   0.60   0.35   0.69
S3302110 NGC 7213 5         22 08 46.4   -47 10 37   G 8438-1138  14.09   0.63   0.36   0.71
S3302110 NGC 7213 3         22 08 51.9   -47 10 27   G 8438-1140  12.52   1.09   0.65   1.14
S3302110 NGC 7213 4         22 08 52.0   -47 07 21   A            12.78   0.68   0.37   0.72
S3302110 NGC 7213 2         22 09 45.9   -47 13 15   G 8438-0219  10.80   0.46   0.27   0.54
S3302110 NGC 7213 1         22 09 51.8   -47 10 16   G 8438-0057  10.99   0.57   0.33   0.65
