
 0 
 531 
C:\ccd\Cbspec\training\etoiles\betelgeuse_res12_M1I.spc
08/11/98

 15 
alp Ori - betelgeuse  - type M1 i
 0 
 0 
 0 
 0 
 0 
.spc
 pixel        anstrom       intensite     Argon1        Argon2        noir          repere
 1             3486.378      0             0             0             0             0 
 2             3498.659      0             0             0             0             0 
 3             3510.939      0             0             0             0             0 
 4             3523.22       0             0             0             0             0 
 5             3535.501      0             0             0             0             0 
 6             3547.781      0             0             0             0             0 
 7             3560.062      0             0             0             0             0 
 8             3572.342      0             0             0             0             0 
 9             3584.623      0             0             0             0             0 
 10            3596.904     -29           -29            0             0             0 
 11            3609.184      23            23            0             0             0 
 12            3621.465      60            60            0             0             0 
 13            3633.745      74            74            0             0             0 
 14            3646.026      66            66            0             0             0 
 15            3658.306      48            48            0             0             0 
 16            3670.587      25            25            0             0             0 
 17            3682.867      3             3             0             0             0 
 18            3695.148     -16           -16            0             0             0 
 19            3707.428     -32           -32            0             0             0 
 20            3719.709     -49           -49            0             0             0 
 21            3731.99      -63           -63            0             0             0 
 22            3744.27      -82           -82            0             0             0 
 23            3756.551     -91           -91            0             0             0 
 24            3768.831     -94           -94            0             0             0 
 25            3781.112     -82           -82            0             0             0 
 26            3793.393     -50           -50            0             0             0 
 27            3805.673     -5            -5             0             0             0 
 28            3817.954      52            52            0             0             0 
 29            3830.234      109           109           0             0             0 
 30            3842.515      125           125           0             0             0 
 31            3854.795      90            90            0             0             0 
 32            3867.076      37            37            0             0             0 
 33            3879.356     -3            -3             0             0             0 
 34            3891.637      9             9             0             0             0 
 35            3903.918      46            46            0             0             0 
 36            3916.198      80            80            0             0             0 
 37            3928.479      88            88            0             0             0 
 38            3940.759      84            84            0             0             0 
 39            3953.04       85            85            0             0             0 
 40            3965.321      116           116           0             0             0 
 41            3977.601      163           163           0             0             0 
 42            3989.882      219           219           0             0             0 
 43            4002.162      272           272           0             0             0 
 44            4014.443      325           325           0             0             0 
 45            4026.723      370           370           0             0             0 
 46            4039.004      407           407           0             0             0 
 47            4051.284      430           430           0             0             0 
 48            4063.565      442           442           0             0             0 
 49            4075.845      435           435           0             0             0 
 50            4088.126      435           435           0             0             0 
 51            4100.407      459           459           0             0             0 
 52            4112.688      528           528           0             0             0 
 53            4124.968      633           633           0             0             0 
 54            4137.248      764           764           0             0             0 
 55            4149.529      909           909           0             0             0 
 56            4161.81       1059          1059          0             0             0 
 57            4174.09       1205          1205          0             0             0 
 58            4186.371      1344          1344          0             0             0 
 59            4198.651      1487          1487          0             0             0 
 60            4210.932      1651          1651          0             0             0 
 61            4223.212      1843          1843          0             0             0 
 62            4235.493      2052          2052          0             0             0 
 63            4247.773      2256          2256          0             0             0 
 64            4260.054      2438          2438          0             0             0 
 65            4272.335      2604          2604          0             0             0 
 66            4284.615      2763          2763          0             0             0 
 67            4296.896      2926          2926          0             0             0 
 68            4309.176      3092          3092          0             0             0 
 69            4321.457      3266          3266          0             0             0 
 70            4333.737      3453          3453          0             0             0 
 71            4346.018      3656          3656          0             0             0 
 72            4358.299      3883          3883          0             0             0 
 73            4370.579      4132          4132          0             0             0 
 74            4382.859      4382          4382          0             0             0 
 75            4395.141      4600          4600          0             0             0 
 76            4407.421      4771          4771          0             0             0 
 77            4419.701      4905          4905          0             0             0 
 78            4431.982      5021          5021          0             0             0 
 79            4444.263      5142          5142          0             0             0 
 80            4456.543      5278          5278          0             0             0 
 81            4468.824      5442          5442          0             0             0 
 82            4481.104      5641          5641          0             0             0 
 83            4493.385      5858          5858          0             0             0 
 84            4505.665      6070          6070          0             0             0 
 85            4517.946      6261          6261          0             0             0 
 86            4530.227      6432          6432          0             0             0 
 87            4542.507      6576          6576          0             0             0 
 88            4554.788      6699          6699          0             0             0 
 89            4567.068      6795          6795          0             0             0 
 90            4579.349      6866          6866          0             0             0 
 91            4591.629      6907          6907          0             0             0 
 92            4603.91       6943          6943          0             0             0 
 93            4616.19       6995          6995          0             0             0 
 94            4628.471      7084          7084          0             0             0 
 95            4640.752      7210          7210          0             0             0 
 96            4653.032      7369          7369          0             0             0 
 97            4665.313      7553          7553          0             0             0 
 98            4677.593      7731          7731          0             0             0 
 99            4689.874      7866          7866          0             0             0 
 100           4702.154      7932          7932          0             0             0 
 101           4714.435      7972          7972          0             0             0 
 102           4726.716      8037          8037          0             0             0 
 103           4738.996      8171          8171          0             0             0 
 104           4751.276      8372          8372          0             0             0 
 105           4763.558      8626          8626          0             0             0 
 106           4775.838      8924          8924          0             0             0 
 107           4788.118      9258          9258          0             0             0 
 108           4800.399      9625          9625          0             0             0 
 109           4812.68       10018         10018         0             0             0 
 110           4824.96       10441         10441         0             0             0 
 111           4837.241      10903         10903         0             0             0 
 112           4849.521      11392         11392         0             0             0 
 113           4861.802      11867         11867         0             0             0 
 114           4874.082      12260         12260         0             0             0 
 115           4886.363      12523         12523         0             0             0 
 116           4898.644      12700         12700         0             0             0 
 117           4910.924      12840         12840         0             0             0 
 118           4923.205      13000         13000         0             0             0 
 119           4935.485      13261         13261         0             0             0 
 120           4947.766      13704         13704         0             0             0 
 121           4960.046      14388         14388         0             0             0 
 122           4972.327      15277         15277         0             0             0 
 123           4984.607      16314         16314         0             0             0 
 124           4996.888      17434         17434         0             0             0 
 125           5009.169      18547         18547         0             0             0 
 126           5021.449      19547         19547         0             0             0 
 127           5033.729      20361         20361         0             0             0 
 128           5046.01       20996         20996         0             0             0 
 129           5058.291      21486         21486         0             0             0 
 130           5070.571      21856         21856         0             0             0 
 131           5082.852      22112         22112         0             0             0 
 132           5095.133      22247         22247         0             0             0 
 133           5107.413      22280         22280         0             0             0 
 134           5119.693      22336         22336         0             0             0 
 135           5131.975      22569         22569         0             0             0 
 136           5144.255      23102         23102         0             0             0 
 137           5156.535      23940         23940         0             0             0 
 138           5168.816      25067         25067         0             0             0 
 139           5181.097      26448         26448         0             0             0 
 140           5193.377      27991         27991         0             0             0 
 141           5205.658      29589         29589         0             0             0 
 142           5217.938      31161         31161         0             0             0 
 143           5230.219      32709         32709         0             0             0 
 144           5242.499      34261         34261         0             0             0 
 145           5254.78       35835         35835         0             0             0 
 146           5267.061      37389         37389         0             0             0 
 147           5279.341      38876         38876         0             0             0 
 148           5291.622      40238         40238         0             0             0 
 149           5303.902      41408         41408         0             0             0 
 150           5316.183      42304         42304         0             0             0 
 151           5328.463      42885         42885         0             0             0 
 152           5340.744      43235         43235         0             0             0 
 153           5353.024      43475         43475         0             0             0 
 154           5365.305      43694         43694         0             0             0 
 155           5377.586      43892         43892         0             0             0 
 156           5389.866      44044         44044         0             0             0 
 157           5402.146      44136         44136         0             0             0 
 158           5414.427      44208         44208         0             0             0 
 159           5426.708      44320         44320         0             0             0 
 160           5438.988      44526         44526         0             0             0 
 161           5451.269      44927         44927         0             0             0 
 162           5463.55       45622         45622         0             0             0 
 163           5475.83       46640         46640         0             0             0 
 164           5488.11       47751         47751         0             0             0 
 165           5500.392      48652         48652         0             0             0 
 166           5512.672      49104         49104         0             0             0 
 167           5524.952      49121         49121         0             0             0 
 168           5537.233      48789         48789         0             0             0 
 169           5549.514      48206         48206         0             0             0 
 170           5561.794      47566         47566         0             0             0 
 171           5574.075      47090         47090         0             0             0 
 172           5586.355      46941         46941         0             0             0 
 173           5598.636      47081         47081         0             0             0 
 174           5610.917      47421         47421         0             0             0 
 175           5623.197      47870         47870         0             0             0 
 176           5635.478      48337         48337         0             0             0 
 177           5647.758      48730         48730         0             0             0 
 178           5660.039      48995         48995         0             0             0 
 179           5672.319      49207         49207         0             0             0 
 180           5684.6        49482         49482         0             0             0 
 181           5696.88       49880         49880         0             0             0 
 182           5709.161      50273         50273         0             0             0 
 183           5721.441      50477         50477         0             0             0 
 184           5733.722      50363         50363         0             0             0 
 185           5746.002      49990         49990         0             0             0 
 186           5758.283      49470         49470         0             0             0 
 187           5770.563      48868         48868         0             0             0 
 188           5782.844      48133         48133         0             0             0 
 189           5795.125      47171         47171         0             0             0 
 190           5807.405      45921         45921         0             0             0 
 191           5819.686      44458         44458         0             0             0 
 192           5831.967      42888         42888         0             0             0 
 193           5844.247      41340         41340         0             0             0 
 194           5856.528      39989         39989         0             0             0 
 195           5868.808      39035         39035         0             0             0 
 196           5881.089      38625         38625         0             0             0 
 197           5893.369      38727         38727         0             0             0 
 198           5905.65       39250         39250         0             0             0 
 199           5917.931      40102         40102         0             0             0 
 200           5930.211      41106         41106         0             0             0 
 201           5942.492      42082         42082         0             0             0 
 202           5954.772      42886         42886         0             0             0 
 203           5967.053      43530         43530         0             0             0 
 204           5979.333      44076         44076         0             0             0 
 205           5991.614      44565         44565         0             0             0 
 206           6003.895      45008         45008         0             0             0 
 207           6016.175      45394         45394         0             0             0 
 208           6028.456      45702         45702         0             0             0 
 209           6040.736      45814         45814         0             0             0 
 210           6053.017      45601         45601         0             0             0 
 211           6065.297      44973         44973         0             0             0 
 212           6077.578      44035         44035         0             0             0 
 213           6089.858      42943         42943         0             0             0 
 214           6102.139      41806         41806         0             0             0 
 215           6114.419      40595         40595         0             0             0 
 216           6126.7        39237         39237         0             0             0 
 217           6138.98       37710         37710         0             0             0 
 218           6151.261      36196         36196         0             0             0 
 219           6163.542      34926         34926         0             0             0 
 220           6175.822      34098         34098         0             0             0 
 221           6188.103      33786         33786         0             0             0 
 222           6200.384      34028         34028         0             0             0 
 223           6212.664      34834         34834         0             0             0 
 224           6224.945      36100         36100         0             0             0 
 225           6237.225      37701         37701         0             0             0 
 226           6249.506      39504         39504         0             0             0 
 227           6261.786      41396         41396         0             0             0 
 228           6274.067      43264         43264         0             0             0 
 229           6286.348      45023         45023         0             0             0 
 230           6298.628      46724         46724         0             0             0 
 231           6310.909      48440         48440         0             0             0 
 232           6323.189      50211         50211         0             0             0 
 233           6335.47       51894         51894         0             0             0 
 234           6347.75       53318         53318         0             0             0 
 235           6360.031      54368         54368         0             0             0 
 236           6372.312      55203         55203         0             0             0 
 237           6384.592      56048         56048         0             0             0 
 238           6396.873      57066         57066         0             0             0 
 239           6409.153      58138         58138         0             0             0 
 240           6421.434      59077         59077         0             0             0 
 241           6433.714      59719         59719         0             0             0 
 242           6445.995      59985         59985         0             0             0 
 243           6458.275      59809         59809         0             0             0 
 244           6470.556      59196         59196         0             0             0 
 245           6482.836      58378         58378         0             0             0 
 246           6495.117      57664         57664         0             0             0 
 247           6507.397      57288         57288         0             0             0 
 248           6519.678      57226         57226         0             0             0 
 249           6531.959      57396         57396         0             0             0 
 250           6544.239      57681         57681         0             0             0 
 251           6556.52       57839         57839         0             0             0 
 252           6568.801      57599         57599         0             0             0 
 253           6581.081      56783         56783         0             0             0 
 254           6593.362      55544         55544         0             0             0 
 255           6605.642      54131         54131         0             0             0 
 256           6617.923      52747         52747         0             0             0 
 257           6630.203      51430         51430         0             0             0 
 258           6642.484      50177         50177         0             0             0 
 259           6654.765      49001         49001         0             0             0 
 260           6667.045      47968         47968         0             0             0 
 261           6679.326      47170         47170         0             0             0 
 262           6691.606      46685         46685         0             0             0 
 263           6703.887      46583         46583         0             0             0 
 264           6716.167      46929         46929         0             0             0 
 265           6728.448      47706         47706         0             0             0 
 266           6740.729      48590         48590         0             0             0 
 267           6753.009      49164         49164         0             0             0 
 268           6765.29       49135         49135         0             0             0 
 269           6777.57       48637         48637         0             0             0 
 270           6789.851      47909         47909         0             0             0 
 271           6802.131      47192         47192         0             0             0 
 272           6814.412      46684         46684         0             0             0 
 273           6826.692      46589         46589         0             0             0 
 274           6838.973      47039         47039         0             0             0 
 275           6851.253      47938         47938         0             0             0 
 276           6863.534      49133         49133         0             0             0 
 277           6875.814      50474         50474         0             0             0 
 278           6888.095      51833         51833         0             0             0 
 279           6900.376      53087         53087         0             0             0 
 280           6912.656      54146         54146         0             0             0 
 281           6924.937      55053         55053         0             0             0 
 282           6937.217      55888         55888         0             0             0 
 283           6949.498      56657         56657         0             0             0 
 284           6961.779      57138         57138         0             0             0 
 285           6974.059      57038         57038         0             0             0 
 286           6986.34       56169         56169         0             0             0 
 287           6998.62       54710         54710         0             0             0 
 288           7010.901      52946         52946         0             0             0 
 289           7023.182      51128         51128         0             0             0 
 290           7035.462      49374         49374         0             0             0 
 291           7047.743      47784         47784         0             0             0 
 292           7060.023      46410         46410         0             0             0 
 293           7072.304      45198         45198         0             0             0 
 294           7084.584      44055         44055         0             0             0 
 295           7096.865      42960         42960         0             0             0 
 296           7109.146      42105         42105         0             0             0 
 297           7121.426      41752         41752         0             0             0 
 298           7133.707      42090         42090         0             0             0 
 299           7145.987      43036         43036         0             0             0 
 300           7158.268      44443         44443         0             0             0 
 301           7170.548      46165         46165         0             0             0 
 302           7182.829      48110         48110         0             0             0 
 303           7195.109      50197         50197         0             0             0 
 304           7207.39       52354         52354         0             0             0 
 305           7219.67       54529         54529         0             0             0 
 306           7231.951      56688         56688         0             0             0 
 307           7244.231      58781         58781         0             0             0 
 308           7256.512      60743         60743         0             0             0 
 309           7268.793      62509         62509         0             0             0 
 310           7281.073      64046         64046         0             0             0 
 311           7293.354      65470         65470         0             0             0 
 312           7305.634      66936         66936         0             0             0 
 313           7317.915      68580         68580         0             0             0 
 314           7330.196      70436         70436         0             0             0 
 315           7342.476      72533         72533         0             0             0 
 316           7354.757      74797         74797         0             0             0 
 317           7367.037      76813         76813         0             0             0 
 318           7379.318      78078         78078         0             0             0 
 319           7391.599      78263         78263         0             0             0 
 320           7403.879      77744         77744         0             0             0 
 321           7416.16       77073         77073         0             0             0 
 322           7428.44       76692         76692         0             0             0 
 323           7440.721      76600         76600         0             0             0 
 324           7453.001      76687         76687         0             0             0 
 325           7465.282      76786         76786         0             0             0 
 326           7477.563      76512         76512         0             0             0 
 327           7489.843      75429         75429         0             0             0 
 328           7502.124      73151         73151         0             0             0 
 329           7514.404      69543         69543         0             0             0 
 330           7526.685      64523         64523         0             0             0 
 331           7538.965      58222         58222         0             0             0 
 332           7551.246      51606         51606         0             0             0 
 333           7563.526      45840         45840         0             0             0 
 334           7575.807      41887         41887         0             0             0 
 335           7588.087      39842         39842         0             0             0 
 336           7600.368      39585         39585         0             0             0 
 337           7612.648      40925         40925         0             0             0 
 338           7624.929      43367         43367         0             0             0 
 339           7637.21       46338         46338         0             0             0 
 340           7649.49       49327         49327         0             0             0 
 341           7661.771      52048         52048         0             0             0 
 342           7674.051      54274         54274         0             0             0 
 343           7686.332      55830         55830         0             0             0 
 344           7698.613      56791         56791         0             0             0 
 345           7710.893      57284         57284         0             0             0 
 346           7723.174      57443         57443         0             0             0 
 347           7735.454      57428         57428         0             0             0 
 348           7747.735      57404         57404         0             0             0 
 349           7760.016      57479         57479         0             0             0 
 350           7772.296      57540         57540         0             0             0 
 351           7784.577      57415         57415         0             0             0 
 352           7796.857      56981         56981         0             0             0 
 353           7809.138      56333         56333         0             0             0 
 354           7821.418      55612         55612         0             0             0 
 355           7833.699      54939         54939         0             0             0 
 356           7845.979      54345         54345         0             0             0 
 357           7858.26       53832         53832         0             0             0 
 358           7870.541      53399         53399         0             0             0 
 359           7882.821      53028         53028         0             0             0 
 360           7895.102      52696         52696         0             0             0 
 361           7907.382      52392         52392         0             0             0 
 362           7919.663      52174         52174         0             0             0 
 363           7931.943      52109         52109         0             0             0 
 364           7944.224      52246         52246         0             0             0 
 365           7956.504      52568         52568         0             0             0 
 366           7968.785      53031         53031         0             0             0 
 367           7981.065      53571         53571         0             0             0 
 368           7993.346      53981         53981         0             0             0 
 369           8005.627      54031         54031         0             0             0 
 370           8017.907      53562         53562         0             0             0 
 371           8030.188      52730         52730         0             0             0 
 372           8042.468      51762         51762         0             0             0 
 373           8054.749      50850         50850         0             0             0 
 374           8067.03       49974         49974         0             0             0 
 375           8079.31       49080         49080         0             0             0 
 376           8091.591      48139         48139         0             0             0 
 377           8103.871      47225         47225         0             0             0 
 378           8116.152      46437         46437         0             0             0 
 379           8128.433      45859         45859         0             0             0 
 380           8140.713      45525         45525         0             0             0 
 381           8152.994      45450         45450         0             0             0 
 382           8165.274      45618         45618         0             0             0 
 383           8177.555      45912         45912         0             0             0 
 384           8189.835      46184         46184         0             0             0 
 385           8202.116      46308         46308         0             0             0 
 386           8214.396      46272         46272         0             0             0 
 387           8226.677      46076         46076         0             0             0 
 388           8238.957      45752         45752         0             0             0 
 389           8251.238      45398         45398         0             0             0 
 390           8263.519      45123         45123         0             0             0 
 391           8275.799      45009         45009         0             0             0 
 392           8288.08       45004         45004         0             0             0 
 393           8300.36       45012         45012         0             0             0 
 394           8312.641      44962         44962         0             0             0 
 395           8324.922      44849         44849         0             0             0 
 396           8337.202      44693         44693         0             0             0 
 397           8349.482      44498         44498         0             0             0 
 398           8361.764      44253         44253         0             0             0 
 399           8374.044      43941         43941         0             0             0 
 400           8386.324      43542         43542         0             0             0 
 401           8398.604      43044         43044         0             0             0 
 402           8410.886      42444         42444         0             0             0 
 403           8423.166      41745         41745         0             0             0 
 404           8435.446      41010         41010         0             0             0 
 405           8447.728      40313         40313         0             0             0 
 406           8460.008      39724         39724         0             0             0 
 407           8472.288      39293         39293         0             0             0 
 408           8484.568      39057         39057         0             0             0 
 409           8496.85       39026         39026         0             0             0 
 410           8509.13       39112         39112         0             0             0 
 411           8521.41       39184         39184         0             0             0 
 412           8533.691      39144         39144         0             0             0 
 413           8545.972      38967         38967         0             0             0 
 414           8558.252      38649         38649         0             0             0 
 415           8570.533      38203         38203         0             0             0 
 416           8582.813      37675         37675         0             0             0 
 417           8595.094      37126         37126         0             0             0 
 418           8607.375      36605         36605         0             0             0 
 419           8619.655      36127         36127         0             0             0 
 420           8631.936      35699         35699         0             0             0 
 421           8644.216      35323         35323         0             0             0 
 422           8656.497      35011         35011         0             0             0 
 423           8668.777      34780         34780         0             0             0 
 424           8681.058      34623         34623         0             0             0 
 425           8693.339      34469         34469         0             0             0 
 426           8705.619      34219         34219         0             0             0 
 427           8717.899      33810         33810         0             0             0 
 428           8730.18       33287         33287         0             0             0 
 429           8742.461      32715         32715         0             0             0 
 430           8754.741      32156         32156         0             0             0 
 431           8767.021      31612         31612         0             0             0 
 432           8779.303      31075         31075         0             0             0 
 433           8791.583      30540         30540         0             0             0 
 434           8803.863      29984         29984         0             0             0 
 435           8816.145      29390         29390         0             0             0 
 436           8828.425      28735         28735         0             0             0 
 437           8840.705      27998         27998         0             0             0 
 438           8852.986      27161         27161         0             0             0 
 439           8865.267      26214         26214         0             0             0 
 440           8877.547      25206         25206         0             0             0 
 441           8889.827      24209         24209         0             0             0 
 442           8902.108      23274         23274         0             0             0 
 443           8914.389      22436         22436         0             0             0 
 444           8926.669      21714         21714         0             0             0 
 445           8938.95       21124         21124         0             0             0 
 446           8951.23       20630         20630         0             0             0 
 447           8963.511      20184         20184         0             0             0 
 448           8975.791      19753         19753         0             0             0 
 449           8988.072      19335         19335         0             0             0 
 450           9000.353      18942         18942         0             0             0 
 451           9012.633      18571         18571         0             0             0 
 452           9024.914      18174         18174         0             0             0 
 453           9037.194      17702         17702         0             0             0 
 454           9049.475      17115         17115         0             0             0 
 455           9061.756      16460         16460         0             0             0 
 456           9074.036      15807         15807         0             0             0 
 457           9086.316      15205         15205         0             0             0 
 458           9098.598      14670         14670         0             0             0 
 459           9110.878      14203         14203         0             0             0 
 460           9123.158      13798         13798         0             0             0 
 461           9135.438      13431         13431         0             0             0 
 462           9147.72       13079         13079         0             0             0 
 463           9160          12714         12714         0             0             0 
 464           9172.28       12333         12333         0             0             0 
 465           9184.562      11930         11930         0             0             0 
 466           9196.842      11497         11497         0             0             0 
 467           9209.122      11006         11006         0             0             0 
 468           9221.402      10424         10424         0             0             0 
 469           9233.684      9726          9726          0             0             0 
 470           9245.964      8965          8965          0             0             0 
 471           9258.244      8194          8194          0             0             0 
 472           9270.525      7471          7471          0             0             0 
 473           9282.806      6836          6836          0             0             0 
 474           9295.086      6327          6327          0             0             0 
 475           9307.367      5959          5959          0             0             0 
 476           9319.647      5711          5711          0             0             0 
 477           9331.928      5528          5528          0             0             0 
 478           9344.209      5371          5371          0             0             0 
 479           9356.489      5245          5245          0             0             0 
 480           9368.77       5158          5158          0             0             0 
 481           9381.05       5111          5111          0             0             0 
 482           9393.331      5090          5090          0             0             0 
 483           9405.611      5074          5074          0             0             0 
 484           9417.892      5044          5044          0             0             0 
 485           9430.173      5002          5002          0             0             0 
 486           9442.453      4956          4956          0             0             0 
 487           9454.733      4913          4913          0             0             0 
 488           9467.014      4885          4885          0             0             0 
 489           9479.295      4880          4880          0             0             0 
 490           9491.575      4902          4902          0             0             0 
 491           9503.855      4929          4929          0             0             0 
 492           9516.137      4938          4938          0             0             0 
 493           9528.417      4906          4906          0             0             0 
 494           9540.697      4860          4860          0             0             0 
 495           9552.979      4825          4825          0             0             0 
 496           9565.259      4822          4822          0             0             0 
 497           9577.539      4842          4842          0             0             0 
 498           9589.82       4861          4861          0             0             0 
 499           9602.101      4857          4857          0             0             0 
 500           9614.381      4842          4842          0             0             0 
 501           9626.661      4809          4809          0             0             0 
 502           9638.942      4768          4768          0             0             0 
 503           9651.223      4720          4720          0             0             0 
 504           9663.503      4656          4656          0             0             0 
 505           9675.783      4579          4579          0             0             0 
 506           9688.064      4490          4490          0             0             0 
 507           9700.345      4400          4400          0             0             0 
 508           9712.625      4311          4311          0             0             0 
 509           9724.906      4227          4227          0             0             0 
 510           9737.187      4142          4142          0             0             0 
 511           9749.467      4062          4062          0             0             0 
 512           9761.748      3988          3988          0             0             0 
 513           9774.028      3927          3927          0             0             0 
 514           9786.309      3879          3879          0             0             0 
 515           9798.59       3840          3840          0             0             0 
 516           9810.87       3801          3801          0             0             0 
 517           9823.15       3755          3755          0             0             0 
 518           9835.432      3694          3694          0             0             0 
 519           9847.712      3611          3611          0             0             0 
 520           9859.992      3506          3506          0             0             0 
 521           9872.272      3397          3397          0             0             0 
 522           9884.554      3293          3293          0             0             0 
 523           9896.834      3211          3211          0             0             0 
 524           9909.114      3133          3133          0             0             0 
 525           9921.395      3038          3038          0             0             0 
 526           9933.676      2911          2911          0             0             0 
 527           9945.956      2773          2773          0             0             0 
 528           9958.236      2650          2650          0             0             0 
 529           9970.518      2563          2563          0             0             0 
 530           9982.798      2494          2494          0             0             0 
 531           9995.078      2430          2430          0             0             0 

