#
# VizieR Astronomical Server: http://vizier.u-strasbg.fr 2006-11-17T21:24:24
# Explanations and Statistics of UCDs: See LINK below
# In case of problem, please report to: question@simbad.u-strasbg.fr
# (link)
#
#Coosys J2000: eq_FK5 2000
#INFO -ref=Vxml2846

#RESOURCE=1239
#Name: I/239
#Title: The Hipparcos and Tycho Catalogues (ESA 1997)
#Table I_239_hip_main:
#Name: I/239/hip_main
#Title: The Hipparcos Main Catalogue\vizContent{timeSerie}
#Coosys J2000_1991.250: eq_FK5 2000_1991.250
#Column HIP (I6) Identifier (HIP number) (H1) [ucd=meta.id;meta.main]
#Column _RAJ2000 (F10.6) Right ascension (FK5) Equinox=J2000.0 Epoch=J2000.000, proper motions taken into account (computed by VizieR, not part of the original data) [ucd=pos.eq.ra;meta.main]
#Column _DEJ2000 (F10.6) Declination (FK5) Equinox=J2000.0 Epoch=J2000.000, proper motions taken into account (computed by VizieR, not part of the original data) [ucd=pos.eq.dec;meta.main]
#Column Vmag (F5.2) ? Magnitude in Johnson V (H5)
#---List of values: [ucd=phot.mag;em.opt.V]
#Column B-V (F6.3) ? Johnson B-V colour (H37)
#---List of values: [ucd=phot.color;em.opt.B;em.opt.V]
#Column pmRA (F8.2) Proper motion mu_alpha.cos(delta), ICRS(H12) {\em(for J1991.25 epoch)}
#---List of values: [ucd=pos.pm.ra]
#Column pmDE (F8.2) ? Proper motion mu_delta, ICRS (H13) {\em(for J1991.25 epoch)}
#---List of values: [ucd=pos.pm.dec]
#Column Plx (F7.2) ? Trigonometric parallax (H11)
#---List of values: [ucd=pos.parallax.trig]
#HIP;_RAJ2000;_DEJ2000;Vmag;B-V;pmRA;pmDE;Plx
#;deg;deg;mag;mag;mas/yr;mas/yr;mas
#------;----------;----------;-----;------;--------;--------;-------
   154;  0.490079; -6.014072; 4.37; 1.631;   46.62;  -41.32;   7.86
   301;  0.934958;-17.335988; 4.55;-0.047;   28.57;   -7.28;  14.31
   443;  1.333920; -5.707618; 4.61; 1.029;   -8.29;   88.19;  25.38
   677;  2.096911; 29.090432; 2.07;-0.038;  135.68; -162.95;  33.60
   746;  2.294521; 59.149780; 2.28; 0.380;  523.39; -180.42;  59.89
   765;  2.352675;-45.747426; 3.88; 1.013;  122.15; -180.13;  23.28
  1067;  3.308970; 15.183596; 2.83;-0.190;    4.70;   -8.24;   9.79
  1168;  3.650685; 20.206702; 4.79; 1.572;   90.66;    1.88;  10.01
  1170;  3.660067;-18.932866; 4.44; 1.640;  -27.15;  -73.78;   6.62
  1366;  4.272909; 38.681636; 4.61; 0.059;  -50.01;  -17.90;  12.88
  1473;  4.581904; 36.785224; 4.51; 0.054;  -66.51;  -42.48;  23.11
  1562;  4.856977; -8.823921; 3.56; 1.214;  -14.37;  -37.84;  11.26
  2072;  6.550841;-43.679830; 3.93; 0.175;  106.14;   32.83;  42.51
  2081;  6.571046;-42.305982; 2.40; 1.083;  232.76; -353.64;  42.14
  2472;  7.854086;-48.803514; 4.76; 0.018;  140.74;   19.47;  18.97
  2505;  7.943162; 54.522289; 4.74;-0.098;   40.78;  -14.81;   9.20
  2912;  9.220207; 33.719344; 4.34;-0.123;   15.23;   -3.56;   4.97
  2920;  9.242853; 53.896909; 3.69;-0.196;   17.77;   -9.15;   5.46
  3031;  9.638941; 29.311751; 4.34; 0.871; -229.41; -254.08;  19.34
  3092;  9.831982; 30.861024; 3.27; 1.268;  115.38;  -83.05;  32.19
  3179; 10.126835; 56.537331; 2.24; 1.170;   50.36;  -32.17;  14.27
  3245; 10.331465;-46.085007; 4.59; 0.953;  -28.92;    1.04;  13.19
  3405; 10.838494;-57.463060; 4.36; 0.024;   -5.16;   15.50;  13.57
  3419; 10.897379;-17.986605; 2.04; 1.019;  232.79;   32.71;  34.04
  3455; 11.047506;-10.609550; 4.77; 0.998;   -6.96; -113.88;  15.54
  3504; 11.181324; 48.284364; 4.48;-0.069;   17.79;   -7.62;   3.60
  3693; 11.834689; 24.267178; 4.08; 1.100; -101.23;  -81.89;  17.98
  3786; 12.170601;  7.585079; 4.44; 1.500;   83.14;  -50.48;  10.69
  3821; 12.276213; 57.815187; 3.46; 0.587; 1087.11; -559.65; 167.99
  3881; 12.453530; 41.078911; 4.53;-0.136;   22.68;  -18.05;   4.80
  4147; 13.252060; -1.144260; 4.78; 1.550;    6.49;  -16.29;   6.28
  4422; 14.166271; 59.181056; 4.62; 0.957;  -92.56;  -45.33;  15.84
  4436; 14.188381; 38.499345; 3.86; 0.130;  152.78;   36.82;  23.93
  4463; 14.301667; 23.417648; 4.40; 0.940;  -43.72;  -46.06;  13.44
  4577; 14.651504;-29.357449; 4.30;-0.154;   22.44;    6.30;   4.85
  4906; 15.735868;  7.890135; 4.27; 0.952;  -80.57;   25.88;  17.14
  5165; 16.521028;-46.718414; 3.32; 0.885;  -70.16;   31.60;  16.46
  5348; 17.096174;-55.245760; 3.94;-0.120;   21.17;   29.70;  11.66
  5364; 17.147465;-10.182264; 3.46; 1.161;  215.81; -138.33;  27.73
  5434; 17.375523; 47.241792; 4.26; 0.012;    3.81;  -13.02;   4.43
  5447; 17.433015; 35.620558; 2.07; 1.576;  175.59; -112.23;  16.36
  5542; 17.775675; 55.149901; 4.34; 0.170;  226.62;  -19.34;  23.73
  5571; 17.863417; 21.034650; 4.66; 1.024;   41.66;  -10.55;   7.42
  5586; 17.915153; 30.089638; 4.51; 1.092;   74.29;  -37.61;  20.11
  5742; 18.437280; 24.583713; 4.67; 1.047;   18.58;  -21.26;   8.64
  6193; 19.866646; 27.264059; 4.74; 0.032;   26.21;  -11.62;  10.49
  6537; 21.005854; -8.183257; 3.60; 1.065;  -78.38; -206.88;  28.48
  6867; 22.091363;-43.318234; 3.41; 1.542;  -18.21; -207.71;  13.94
  7083; 22.812936;-49.072702; 3.93; 0.972;  138.22;  154.20;  22.15
  7097; 22.870873; 15.345823; 3.62; 0.974;   25.73;   -3.29;  11.09
  7294; 23.482820; 59.232040; 4.68; 0.991;  -43.06;  -23.18;  15.96
  7513; 24.199345; 41.405459; 4.10; 0.536; -172.57; -381.01;  74.25
  7588; 24.428527;-57.236757; 0.45;-0.158;   88.02;  -40.08;  22.68
  7607; 24.498150; 48.628213; 3.59; 1.275;   60.90; -112.42;  18.76
  7884; 25.357893;  5.487613; 4.45; 1.347;  -22.73;    3.61;   8.86
  8068; 25.915156; 50.688732; 4.01;-0.098;   24.08;  -13.59;   4.55
  8102; 26.017012;-15.937480; 3.49; 0.727;-1721.82;  854.07; 274.17
  8198; 26.348461;  9.157736; 4.26; 0.942;   70.82;   38.99;  12.63
  8497; 27.396261;-10.686410; 4.66; 0.333; -148.90;  -94.47;  42.35
  8645; 27.865140;-10.335038; 3.74; 1.136;   38.78;  -38.04;  12.59
  8796; 28.270450; 29.578829; 3.42; 0.488;   12.02; -233.69;  50.87
  8832; 28.382560; 19.293852; 3.88;-0.047;   79.43;  -99.10;  15.96
  8833; 28.388960;  3.187537; 4.61; 0.928;   23.69;   23.90;  17.11
  8837; 28.411424;-46.302669; 4.39; 1.597;  -92.38;  -91.46;  10.15
  8903; 28.660038; 20.808035; 2.64; 0.165;   96.32; -108.80;  54.74
  9007; 28.989468;-51.608896; 3.69; 0.844;  681.24;  284.23;  57.19
  9153; 29.482155; 23.596061; 4.79; 0.290;  -91.51;  -14.45;  24.49
  9347; 30.001283;-21.077832; 3.99; 1.554;  133.01;  -24.53;  10.84
  9487; 30.511750;  2.763759; 3.82; 0.024;   33.29;   -0.42;  23.45
  9640; 30.974804; 42.329725; 2.10; 1.370;   43.08;  -50.85;   9.19
  9677; 31.122660;-29.296819; 4.68;-0.156;   12.56;    8.54;   9.03
  9884; 31.793363; 23.462423; 2.01; 1.151;  190.73; -145.77;  49.48
  9977; 32.121916; 37.859077; 4.78; 0.120;  154.22;  -43.64;  16.48
 10064; 32.385945; 34.987297; 3.00; 0.140;  148.78;  -39.13;  26.24
 10324; 33.249981;  8.846717; 4.36; 0.878;  -26.23;  -14.40;   9.01
 10602; 34.127439;-51.512165; 3.56;-0.120;   90.75;  -21.90;  21.06
 10670; 34.328614; 33.847194; 4.03; 0.019;   44.91;  -52.42;  27.73
 11313; 36.405928; 50.278631; 4.73; 1.532;   23.79;  -14.35;   9.46
 11407; 36.746343;-47.703840; 4.24;-0.136;   19.97;   -5.44;   6.17
 11484; 37.039760;  8.460054; 4.30;-0.053;   41.72;  -14.46;  18.53
 11783; 38.021785;-15.244677; 4.74; 0.454;  -80.92; -146.84;  38.73
 12387; 39.870653;  0.328511; 4.08;-0.212;   14.44;   -2.53;   5.04
 12413; 39.949969;-42.891670; 4.74; 0.061;   92.11;  -15.07;  25.15
 12486; 40.166810;-39.855376; 4.11; 1.006;  135.17;  -27.34;  22.42
 12706; 40.825162;  3.235819; 3.47; 0.093; -146.43; -145.27;  39.78
 12719; 40.862970; 27.707147; 4.65;-0.122;    3.51;   -9.97;   8.82
 12770; 41.030625;-13.858696; 4.24;-0.122;   -7.58;   -8.40;   7.40
 12777; 41.049943; 49.228448; 4.10; 0.514;  334.03;  -89.96;  89.03
 12828; 41.235593; 10.114146; 4.27; 0.311;  285.17;  -30.40;  38.71
 12843; 41.275771;-18.572563; 4.47; 0.481;  330.93;   36.28;  71.56
 13061; 41.977253; 29.247118; 4.52; 1.112;  148.42; -125.76;  18.06
 13147; 42.272581;-32.405898; 4.45; 0.981;   86.96;  158.96;  19.31
 13209; 42.495968; 27.260507; 3.61;-0.100;   65.47; -116.59;  20.45
 13254; 42.646082; 38.318644; 4.22; 0.343;  195.68; -108.92;  25.54
 13268; 42.674209; 55.895496; 3.77; 1.690;   16.64;  -13.76;   2.45
 13288; 42.759673;-21.004019; 4.76; 0.906;  -39.00;  -16.63;  17.85
 13328; 42.878490; 35.059741; 4.56; 1.554;    9.29;  -63.02;   7.97
 13531; 43.564419; 52.762479; 3.93; 0.758;   -1.99;   -4.53;  13.15
 13701; 44.106874; -8.898144; 3.89; 1.088;   77.73; -219.99;  24.49
 13847; 44.565311;-40.304672; 2.88; 0.128;  -53.53;   25.71;  20.22
 13879; 44.690292; 39.662729; 4.68; 0.065;   25.88;  -40.67;  10.02
 13914; 44.803024; 21.340429; 4.63; 0.048;  -13.04;   -6.55;  11.15
 13954; 44.928757;  8.907365; 4.71;-0.109;    9.22;  -14.92;   7.69
 14135; 45.569884;  4.089734; 2.54; 1.630;  -11.81;  -78.76;  14.82
 14146; 45.597917;-23.624472; 4.08; 0.163; -145.96;  -55.76;  37.85
 14328; 46.199128; 53.506440; 2.91; 0.716;    0.50;   -4.19;  12.72
 14354; 46.294139; 38.840274; 3.32; 1.528;  128.69; -106.61;  10.03
 14382; 46.385047; 56.705719; 4.77; 1.018;  -13.49;   70.34;  15.95
 14576; 47.042215; 40.955648; 2.09;-0.003;    2.39;   -1.44;  35.14
 14632; 47.266749; 49.613278; 4.05; 0.595; 1262.29;  -91.53;  94.93
 14668; 47.374048; 44.857544; 3.79; 0.980;  173.01; -142.05;  29.05
 14817; 47.822423; 39.611582; 4.61; 1.115;  -26.21;    4.78;  10.69
 14838; 47.907356; 19.726677; 4.35; 1.033;  154.61;   -8.39;  19.44
 14879; 48.018866;-28.987618; 3.80; 0.543;  371.49;  612.26;  70.86
 15474; 49.879175;-21.757864; 3.70; 1.614;   51.35;   32.20;  12.63
 15510; 49.981878;-43.069783; 4.26; 0.711; 3038.08;  726.34; 165.02
 15549; 50.084837; 29.048458; 4.47; 1.555;   -8.21;  -16.42;   5.09
 15863; 51.080710; 49.861180; 1.79; 0.481;   24.11;  -26.01;   5.51
 15900; 51.203307;  9.028870; 3.61; 0.887;  -74.25;  -80.31;  15.42
 16083; 51.792303;  9.732680; 3.73;-0.082;   53.61;  -38.12;  14.68
 16228; 52.267223; 59.940330; 4.21; 0.419;   -0.82;   -1.85;   0.76
 16244; 52.341876; 49.508948; 4.67;-0.096;   22.16;  -29.18;   5.84
 16281; 52.478099; 58.878750; 4.55; 0.489;   -1.94;   -1.14;   1.32
 16335; 52.643682; 47.995216; 4.36; 1.367;    1.56;   18.13;   9.23
 16341; 52.654407; -5.075145; 4.74;-0.092;   13.31;    7.34;   8.57
 16369; 52.718243; 12.936678; 4.14; 1.112;   18.94;   -1.55;   9.05
 16537; 53.232684; -9.458262; 3.72; 0.881; -976.44;   17.97; 310.75
 16611; 53.446984;-21.632883; 4.26;-0.106;   44.91;  -27.47;  11.02
 16826; 54.122412; 48.192634; 4.32;-0.058;   21.41;  -27.58;   4.66
 16852; 54.218263;  0.401662; 4.29; 0.575; -232.69; -482.00;  72.89
 16870; 54.273668;-40.274545; 4.57; 1.023;    2.77;  -14.23;  14.88
 17351; 55.708564;-37.313518; 4.59; 1.191;  -90.81;  -71.42;  18.34
 17358; 55.731262; 47.787551; 3.01;-0.125;   23.83;  -41.93;   6.18
 17378; 55.812091; -9.763395; 3.52; 0.915;  -91.71;  742.23; 110.58
 17448; 56.079717; 32.288248; 3.84; 0.022;    8.11;  -10.32;   2.21
 17499; 56.218905; 24.113339; 3.72;-0.105;   21.55;  -44.92;   8.80
 17529; 56.298466; 42.578549; 3.77; 0.425;  -14.59;    1.75;   5.86
 17531; 56.302060; 24.467278; 4.30;-0.110;   19.35;  -41.63;   8.75
 17573; 56.456694; 24.367749; 3.87;-0.063;   21.09;  -45.03;   9.06
 17593; 56.535565;-12.101589; 4.43; 1.604;   55.59;   60.03;   6.56
 17608; 56.581558; 23.948358; 4.14;-0.051;   21.17;  -42.67;   9.08
 17651; 56.712031;-23.249723; 4.22; 0.434; -159.86; -528.54;  55.79
 17702; 56.871152; 24.105137; 2.85;-0.086;   19.35;  -43.11;   8.87
 17797; 57.149495;-37.620155; 4.30;-0.038;   75.83;  -10.69;  20.23
 17847; 57.290594; 24.053415; 3.62;-0.070;   17.77;  -44.70;   8.57
 17874; 57.363521;-36.200250; 4.17; 0.927;  -49.42;  -56.63;  15.54
 18216; 58.427928;-24.612230; 4.64;-0.136;   30.93;   -7.18;   8.46
 18246; 58.533006; 31.883636; 2.84; 0.271;    4.41;   -9.15;   3.32
 18255; 58.572925; -2.954730; 4.46; 0.672;   26.42;    1.49;   9.46
 18532; 59.463461; 40.010215; 2.90;-0.199;   12.61;  -24.06;   6.06
 18543; 59.507360;-13.508515; 2.97; 1.588;   60.51; -111.34;  14.75
 18614; 59.741255; 35.791033; 3.98; 0.016;    1.92;    2.30;   1.84
 18673; 59.981181;-24.016215; 4.62;-0.121;   11.41;   17.08;   9.85
 18724; 60.170066; 12.490347; 3.41;-0.099;   -8.15;  -11.98;   8.81
 18907; 60.789084;  5.989305; 3.91; 0.032;    5.52;   -1.63;  25.24
 19038; 61.173815; 22.081926; 4.36; 1.064;   91.73;  -58.52;  18.04
 19167; 61.646014; 50.351262; 4.25;-0.011;  -13.03;  -36.37;   9.41
 19343; 62.165378; 47.712513; 3.96;-0.025;   20.19;  -33.26;   5.89
 19587; 62.966418; -6.837581; 4.04; 0.327;   11.92;   81.28;  25.98
 19747; 63.500476;-42.294368; 3.85; 1.085;   41.89; -203.65;  27.85
 19811; 63.722157; 40.483671; 4.67; 1.007;    9.72;  -21.58;   5.20
 19812; 63.724426; 48.409331; 4.12; 0.935;    5.04;  -17.35;   4.51
 19849; 63.818001; -7.652871; 4.43; 0.820;-2239.33;-3419.86; 198.24
 19860; 63.883572;  8.892357; 4.27;-0.054;   20.39;  -21.75;   7.50
 19893; 64.006607;-51.486648; 4.26; 0.312;  100.57;  184.23;  49.26
 19921; 64.120953;-59.302156; 4.44; 1.078;  -47.99; -167.81;  54.84
 20042; 64.473593;-33.798348; 3.55;-0.108;   62.31;   -6.75;  18.27
 20070; 64.560908; 50.295502; 4.60; 0.043;   46.59;  -56.43;  10.25
 20205; 64.948349; 15.627642; 3.65; 0.981;  115.29;  -23.86;  21.17
 20455; 65.733722; 17.542514; 3.77; 0.983;  107.75;  -28.84;  21.29
 20535; 66.009239;-34.016846; 3.97; 1.468;   73.77;   57.57;  11.95
 20635; 66.342355; 22.293874; 4.21; 0.136;  105.49;  -44.14;  21.27
 20648; 66.372432; 17.927910; 4.30; 0.049;  108.26;  -32.47;  22.05
 20711; 66.576931; 22.813583; 4.28; 0.263;  108.66;  -45.83;  21.07
 20713; 66.586422; 15.618265; 4.48; 0.262;  114.66;  -33.30;  20.86
 20732; 66.651551; 14.713782; 4.69; 0.979;   -7.57;  -31.15;   7.17
 20885; 67.143733; 15.962181; 3.84; 0.952;  104.76;  -15.01;  20.66
 20889; 67.154165; 19.180432; 3.53; 1.014;  107.23;  -36.77;  21.04
 20894; 67.165587; 15.870883; 3.40; 0.179;  108.66;  -26.39;  21.89
 21029; 67.640137; 16.194014; 4.78; 0.170;  104.98;  -25.14;  22.54
 21248; 68.377303;-29.766492; 4.49; 0.972; -114.35; -271.56;  26.22
 21273; 68.462157; 14.844424; 4.65; 0.255;  103.69;  -25.94;  21.39
 21281; 68.499073;-55.044975; 3.30;-0.079;   58.06;   12.73;  18.56
 21393; 68.887661;-30.562341; 3.81; 0.957;  -48.92;  -12.75;  15.62
 21402; 68.913584; 10.160790; 4.25; 0.184;   44.89;  -52.42;  21.68
 21421; 68.980161; 16.509301; 0.87; 1.538;   62.78; -189.36;  50.09
 21444; 69.079757; -3.352459; 3.93;-0.210;    1.73;   -4.54;   5.56
 21476; 69.172623; 41.264808; 4.25; 1.171;   -5.42;  -19.19;   5.08
 21589; 69.539427; 12.510838; 4.27; 0.122;  101.73;  -14.90;  21.79
 21594; 69.545100;-14.304020; 3.86; 1.082;  -77.86; -178.06;  29.84
 21683; 69.818758; 15.917977; 4.67; 0.147;   82.40;  -19.53;  20.51
 21763; 70.110464;-19.671493; 4.32; 1.599;   28.21;  -97.09;   9.03
 21770; 70.140469;-41.863753; 4.44; 0.342; -141.18;  -74.95;  49.67
 21881; 70.561257; 22.956926; 4.27;-0.112;   -2.84;  -20.33;   8.14
 22109; 71.375630; -3.254657; 4.01;-0.148;   17.27;  -13.51;   6.13
 22449; 72.460044;  6.961276; 3.19; 0.484;  463.44;   11.62; 124.60
 22509; 72.653007;  8.900176; 4.35; 0.010;   -0.87;  -31.57;  16.84
 22549; 72.801516;  5.605104; 3.68;-0.157;   -3.62;    1.03;   2.59
 22667; 73.133176; 14.250642; 4.71; 1.773;   -2.62;  -56.13;   6.02
 22678; 73.158251; 36.703187; 4.79; 1.414;  -25.97;   -3.89;   5.81
 22701; 73.223624; -5.452695; 4.36; 0.257;  -18.01;   25.03;  14.39
 22797; 73.562902;  2.440672; 3.71;-0.179;    1.43;    0.23;   2.43
 22845; 73.723866; 10.150833; 4.64; 0.085;   40.08; -128.37;  27.04
 22957; 74.092810; 13.514466; 4.06; 1.158;  -77.77;  -45.97;  19.26
 23015; 74.248412; 33.166090; 2.69; 1.490;    3.63;  -18.54;   6.37
 23040; 74.321652; 53.752101; 4.43;-0.017;  -24.17;    7.53;   8.68
 23123; 74.637091;  1.714016; 4.47; 1.369;   -1.59;   -7.93;   3.42
 23231; 74.982238;-12.537416; 4.78; 0.267;   40.37;  -86.89;  11.21
 23416; 75.492226; 43.823308; 3.03; 0.537;    0.18;   -2.31;   1.60
 23453; 75.619529; 41.075837; 3.69; 1.154;    8.88;  -21.43;   4.14
 23497; 75.773947; 21.589962; 4.62; 0.155;   68.94;  -40.85;  20.01
 23595; 76.101676;-35.482978; 4.55; 1.177;  126.17;  -44.36;  17.63
 23607; 76.142290; 15.404105; 4.65;-0.064;   18.40;  -30.99;   8.15
 23685; 76.365268;-22.371033; 3.19; 1.460;   19.27;  -72.35;  14.39
 23693; 76.377732;-57.472704; 4.71; 0.526;  -31.87;  117.42;  85.83
 23767; 76.628720; 41.234474; 3.18;-0.148;   30.60;  -68.41;  14.87
 23875; 76.962438; -5.086446; 2.78; 0.161;  -83.39;  -75.44;  36.71
 23972; 77.286596; -8.754081; 4.25;-0.187;    0.00;   -2.01;   1.86
 24244; 78.074593;-11.869219; 4.45;-0.099;   24.95;  -31.22;  13.53
 24305; 78.232920;-16.205468; 3.29;-0.110;   45.66;  -16.13;  17.69
 24327; 78.307824;-12.941292; 4.36;-0.094;  -12.22;   -1.32;   5.83
 24331; 78.322839;  2.861265; 4.46; 1.166;    3.05;    4.94;   9.49
 24436; 78.634468; -8.201641; 0.18;-0.030;    1.87;   -0.56;   4.22
 24608; 79.172329; 45.997991; 0.08; 0.795;   75.52; -427.13;  77.29
 24674; 79.401625; -6.844409; 3.59;-0.115;  -15.31;   -9.57;   5.88
 24727; 79.544037; 33.371613; 4.54; 1.252;   29.86; -160.98;  13.92
 24813; 79.785310; 40.099051; 4.69; 0.630;  519.39; -664.79;  79.08
 24845; 79.893852;-13.176789; 4.29;-0.235;   -2.49;   -4.74;   3.03
 24927; 80.112160;-21.239763; 4.70;-0.048;   10.78;   -9.91;   7.11
 25044; 80.440616; -0.382465; 4.72;-0.168;    0.45;    1.67;   2.53
 25247; 80.986784; -7.808065; 4.13; 0.943;  -13.91;  -44.80;  18.71
 25281; 81.119236; -2.397146; 3.35;-0.240;   -0.54;   -3.21;   3.62
 25336; 81.282763;  6.349702; 1.64;-0.224;   -8.75;  -13.28;  13.42
 25428; 81.572972; 28.607450; 1.65;-0.130;   23.28; -174.22;  24.89
 25473; 81.709285;  3.095674; 4.59;-0.199;    0.34;   -1.11;   2.30
 25606; 82.061347;-20.759441; 2.81; 0.807;   -5.03;  -85.92;  20.49
 25737; 82.433257; -1.092239; 4.71; 1.592;    0.19;  -26.08;   7.15
 25813; 82.696049;  5.948139; 4.20;-0.143;    6.57;  -32.45;  11.30
 25859; 82.803149;-35.470519; 3.86; 1.130;   28.36;  -34.11;  11.77
 25923; 82.982750; -7.301537; 4.62;-0.261;   -0.54;   -4.44;   2.11
 25930; 83.001670; -0.299092; 2.25;-0.175;    1.67;    0.56;   3.56
 25945; 83.053129; 18.594234; 4.32; 2.060;   -0.34;   -4.51;   1.70
 25984; 83.181971; 32.192022; 4.71; 0.281;   -1.81;   -4.00;   0.80
 25985; 83.182566;-17.822289; 2.58; 0.211;    3.27;    1.54;   2.54
 26176; 83.705155;  9.489579; 4.39;-0.157;   -1.24;   -2.49;   3.31
 26199; 83.761173; -6.002027; 4.78;-0.248;    0.59;    0.68;   1.75
 26207; 83.784488;  9.934158; 3.39;-0.160;   -1.03;   -1.86;   3.09
 26237; 83.846517; -4.838358; 4.58;-0.183;    4.29;   -7.15;   4.15
 26241; 83.858260; -5.909901; 2.75;-0.210;    2.27;   -0.62;   2.46
 26311; 84.053389; -1.201920; 1.69;-0.184;    1.49;   -1.06;   2.43
 26366; 84.226616;  9.290673; 4.09; 0.951;   96.84; -304.18;  28.10
 26451; 84.411191; 21.142549; 2.97;-0.148;    2.39;  -18.04;   7.82
 26549; 84.686533; -2.600069; 3.77;-0.190;    4.61;   -0.40;   2.84
 26563; 84.721179; -7.212829; 4.77; 0.139;  -15.00;  -49.55;  21.24
 26594; 84.796443;  4.121467; 4.50;-0.098;    0.76;    0.07;   2.01
 26634; 84.912249;-34.074108; 2.65;-0.120;   -0.10;  -24.05;  12.16
 26727; 85.189696; -1.942572; 1.74;-0.199;    3.99;    2.54;   3.99
 27072; 86.115793;-22.448382; 3.59; 0.481; -292.42; -368.45; 111.49
 27288; 86.738920;-14.821950; 3.55; 0.104;  -14.84;   -1.18;  46.47
 27321; 86.821199;-51.066514; 3.85; 0.171;    4.65;   81.96;  51.87
 27366; 86.939120; -9.669605; 2.07;-0.168;    1.55;   -1.20;   4.52
 27483; 87.293492; 39.181071; 4.51; 0.949;  -28.42;  -25.55;  15.34
 27530; 87.456926;-56.166663; 4.50; 1.075;   81.61;  -71.77;  18.78
 27628; 87.739970;-35.768309; 3.12; 1.146;   55.74;  404.68;  37.94
 27639; 87.760156; 37.305573; 4.72; 1.621;   36.96;  -44.76;   6.86
 27654; 87.830399;-20.879089; 3.76; 0.984;  228.96; -647.96;  29.05
 27673; 87.872496; 39.148480; 3.97; 1.132;    8.48;    0.39;  15.17
 27750; 88.110161;  1.855134; 4.76; 1.382;   -7.09;   -9.91;   2.93
 27830; 88.331859; 27.612262; 4.56;-0.008;    3.82;   -9.58;   7.45
 27913; 88.595760; 20.276175; 4.39; 0.594; -163.17;  -98.92; 115.43
 27989; 88.792939;  7.407063; 0.45; 1.500;   27.33;   10.86;   7.63
 28103; 89.101220;-14.167700; 3.71; 0.337;  -42.23;  139.02;  66.47
 28199; 89.384208;-35.283280; 4.36;-0.165;   -2.65;   11.19;   3.82
 28328; 89.786689;-42.815135; 3.96; 1.146;   18.53;  -11.45;   6.14
 28358; 89.881819; 54.284656; 3.72; 1.010;   86.31; -134.05;  23.22
 28360; 89.882179; 44.947433; 1.90; 0.077;  -56.41;   -0.88;  39.72
 28380; 89.930287; 37.212585; 2.65;-0.083;   42.09;  -73.61;  18.83
 28404; 89.983747; 45.936736; 4.30; 1.701;   -2.42;   -7.32;   3.88
 28413; 90.013956; -3.074254; 4.53; 1.202;    6.87;  -72.71;   7.77
 28614; 90.595828;  9.647277; 4.12; 0.170;   14.19;  -37.44;  21.49
 28716; 90.979937; 20.138452; 4.64; 0.236;    2.19;   -2.81;   0.10
 28734; 91.030062; 23.263341; 4.16; 0.835;   -2.60; -119.72;  21.64
 28910; 91.538849;-14.935254; 4.67; 0.046;  -16.87;   13.16;  19.14
 29038; 91.893020; 14.768472; 4.42;-0.164;    4.95;  -21.18;   6.10
 29276; 92.574621;-54.968645; 4.72;-0.229;   -4.11;    6.53;   1.97
 29426; 92.984983; 14.208765; 4.45;-0.180;   -1.59;  -20.23;   5.14
 29651; 93.713887; -6.274776; 3.99; 1.319;   -6.18;  -20.06;   5.06
 29655; 93.719405; 22.506799; 3.31; 1.600;  -62.53;  -10.24;   9.34
 29696; 93.844538; 29.498076; 4.32; 1.021;  -70.90; -261.73;  19.31
 29807; 94.138065;-35.140519; 4.37; 0.978;    0.39;   87.58;  17.83
 30060; 94.905778; 59.010965; 4.44; 0.032;   -3.51;   24.43;  21.88
 30122; 95.078302;-30.063367; 3.02;-0.160;    8.00;    3.81;   9.70
 30277; 95.528451;-33.436400; 3.85; 0.858;  -24.19;  -52.48;  13.75
 30324; 95.674939;-17.955918; 1.98;-0.240;   -3.45;   -0.47;   6.53
 30343; 95.740113; 22.513586; 2.87; 1.621;   56.84; -108.79;  14.07
 30419; 95.942023;  4.592865; 4.39; 0.215;  -20.88;   10.75;  25.39
 30438; 95.987958;-52.695660;-0.62; 0.164;   19.99;   23.67;  10.43
 30788; 97.042533;-32.580071; 4.47;-0.169;  -13.78;   24.24;   8.03
 30867; 97.204458; -7.033062; 3.76;-0.113;   -7.00;   -4.97;   4.72
 30883; 97.240778; 20.212133; 4.13;-0.115;   -5.98;  -14.08;   6.49
 31125; 97.964027;-23.418422; 4.34;-0.245;   -2.72;    6.45;   1.59
 31216; 98.225947;  7.332965; 4.47; 0.023;   -3.89;   -5.80;   2.16
 31407; 98.744083;-52.975607; 4.35;-0.021;   -7.65;   11.33;   1.85
 31416; 98.764118;-22.964793; 4.54;-0.035;   13.11;   16.52;   7.92
 31592; 99.170989;-19.255879; 3.95; 1.037;   62.32;  -69.91;  50.41
 31681; 99.427921; 16.399252; 1.93; 0.001;   -2.04;  -66.92;  31.12
 31685; 99.440297;-43.195934; 3.17;-0.103;   -0.43;   -3.99;   7.71
 31700; 99.472590;-18.237478; 4.42; 1.137;   -6.86;   -8.47;   7.03
 31978;100.244419;  9.895754; 4.66;-0.233;   -0.66;   -2.51;   3.19
 32246;100.983025; 25.131124; 3.06; 1.377;   -5.93;  -12.81;   3.61
 32249;100.997053; 13.228017; 4.49; 1.167;   -2.29;  -51.80;  11.82
 32349;101.287155;-16.716116;-1.44; 0.009; -546.01;-1223.08; 379.21
 32362;101.322353; 12.895591; 3.35; 0.443; -115.16; -190.91;  57.02
 32533;101.832627;  8.037254; 4.77; 1.396;  -23.34;  -11.84;   6.73
 32578;101.965205;  2.412159; 4.48; 1.099;  -12.97;  -12.36;   8.74
 32759;102.460246;-32.508478; 3.50;-0.116;   -9.18;    4.04;   4.13
 32761;102.463808;-53.622450; 4.41; 0.899;   -2.27;   17.57;   5.90
 32768;102.484035;-50.614560; 2.94; 1.207;   34.23;  -65.85;  17.85
 33018;103.197243; 33.961254; 3.60; 0.102;   -2.66;  -47.67;  16.59
 33152;103.533136;-24.184211; 3.89; 1.740;   -3.46;    5.02;   1.65
 33160;103.547491;-12.038628; 4.08; 1.418; -139.04;  -14.47;  12.94
 33202;103.660983; 13.177827; 4.73; 0.321;   70.19;  -77.79;  35.79
 33302;103.905962;-20.136497; 4.66; 0.374;   51.35;   39.75;  34.21
 33347;104.034270;-17.054242; 4.36;-0.063;   -2.46;    1.91;   1.06
 33449;104.319191; 58.422759; 4.35; 0.850;    6.58; -123.53;  19.14
 33579;104.656452;-28.972084; 1.50;-0.211;    2.63;    2.29;   7.57
 33856;105.429782;-27.934830; 3.49; 1.729;   -6.01;    4.64;   2.68
 33977;105.756136;-23.833291; 3.02;-0.077;   -1.56;    4.28;   1.27
 34045;105.939553;-15.633286; 4.11;-0.112;   -0.81;  -11.20;   8.11
 34088;106.027216; 20.570297; 4.01; 0.899;   -5.72;   -0.96;   2.79
 34444;107.097851;-26.393200; 1.83; 0.671;   -2.75;    3.33;   1.82
 34693;107.784878; 30.245163; 4.41; 1.261;  -31.00;  -48.40;  10.81
 34769;107.966084; -0.492764; 4.15;-0.005;   -0.22;    6.68;   8.70
 34834;108.140106;-46.759305; 4.49; 0.324; -135.60;  106.79;  47.22
 34922;108.384661;-44.639739; 4.42; 1.331;  107.12;  325.32;  16.46
 34981;108.563384;-26.352507; 4.42;-0.170;   -6.58;    3.89;   2.07
 35020;108.658920;-48.271927; 4.75;-0.091;   -4.18;    0.63;   9.20
 35037;108.702725;-26.772667; 4.01;-0.150;  -11.50;    7.67;   3.53
 35205;109.145805;-27.881179; 4.66; 1.589;  -12.48;   38.83;   7.20
 35264;109.285652;-37.097470; 2.71; 1.616;  -10.57;    7.00;   2.98
 35350;109.523245; 16.540383; 3.58; 0.106;  -46.09;  -37.90;  34.59
 35363;109.576636;-36.733962; 4.65;-0.099;  -11.29;    1.85;   3.85
 35415;109.677028;-24.954375; 4.37;-0.132;   -1.82;    3.74;   1.02
 35550;110.030740; 21.982321; 3.50; 0.374;  -18.72;   -7.76;  55.45
 35904;111.023761;-29.303104; 2.45;-0.083;   -3.76;    6.66;   1.02
 36046;111.431650; 27.798080; 3.78; 1.024; -121.28;  -84.43;  25.90
 36145;111.678547; 49.211527; 4.61;-0.001;  -10.79;  -48.57;  13.11
 36188;111.787678;  8.289315; 2.89;-0.097;  -50.28;  -38.45;  19.16
 36284;112.040810;  8.925530; 4.33; 1.425;  -59.29;   10.76;   8.20
 36366;112.277996; 31.784550; 4.16; 0.320;  159.33;  193.82;  54.06
 36377;112.307626;-43.301433; 3.25; 1.509;  -59.86;  188.73;  17.74
 36425;112.449095; 12.006564; 4.55; 1.276;    1.26;  -19.26;   5.82
 36514;112.677509;-30.962281; 4.65; 0.904;  -11.74;    0.84;   1.86
 36795;113.513252;-22.296067; 4.44; 0.521;  -40.38;   46.84;  38.91
 36850;113.649428; 31.888276; 1.58; 0.034; -206.33; -148.18;  63.27
 36917;113.845387;-28.369323; 4.65;-0.111;  -66.90;  -18.71;  14.50
 36962;113.980610; 26.895741; 4.06; 1.540;  -39.58; -108.08;  13.57
 37096;114.342126;-34.968530; 4.53;-0.081;  -13.65;   16.53;   9.10
 37173;114.575191;-25.364804; 4.69;-0.100;   -2.28;   -6.70;   5.92
 37229;114.707792;-26.803836; 3.80;-0.159;  -17.00;   23.08;   7.18
 37279;114.825493;  5.224993; 0.40; 0.432; -716.57;-1034.58; 285.93
 37447;115.311802; -9.551131; 3.94; 1.022;  -74.80;  -19.64;  22.61
 37629;115.828027; 28.883510; 4.23; 1.118;   61.84; -231.26;  26.68
 37648;115.884944;-28.410885; 4.63; 1.632;  -13.62;   29.79;   3.34
 37677;115.951954;-28.954826; 3.94; 0.160;   -4.57;    3.88;  -0.37
 37740;116.111892; 24.397993; 3.57; 0.932;  -22.45;  -56.24;  22.73
 37819;116.313733;-37.968584; 3.62; 1.706;  -10.77;    5.97;   2.35
 37826;116.328960; 28.026199; 1.16; 0.991; -625.69;  -45.95;  96.74
 38070;117.021534;-25.937169; 4.40;-0.070;  -10.22;    4.92;   1.32
 38089;117.084004;-47.077722; 4.69; 1.039; -101.31;  -78.38;  14.36
 38164;117.309563;-46.373205; 4.10;-0.160;   -4.62;    9.04;   1.66
 38170;117.323563;-24.859786; 3.34; 1.218;   -5.56;   -0.71;   2.42
 38414;118.054312;-40.575786; 3.71; 1.012;  -13.89;    5.30;   9.46
 38455;118.161026;-38.862812; 4.49;-0.188;   -9.49;    4.02;   5.09
 38500;118.265145;-49.613044; 4.63;-0.228;   -8.44;   14.65;   4.53
 38518;118.325661;-48.102934; 4.22;-0.130;   -4.90;    5.89;   1.68
 38827;119.194643;-52.982360; 3.46;-0.177;  -28.38;   16.76;   8.43
 38835;119.214748;-22.880119; 4.20; 0.718;  -29.61;   12.28;   6.49
 38901;119.417110;-30.334570; 4.76; 0.151;   -8.11;    7.14;   2.26
 38957;119.560155;-49.244912; 4.47;-0.180;   -7.48;    6.91;   2.80
 39095;119.966878;-18.399228; 4.61; 0.087;   -7.29;  -35.07;  13.69
 39211;120.305562; -1.392608; 4.69; 1.475;   65.97;  -75.73;   6.90
 39311;120.566404;  2.334571; 4.39; 1.252;  -28.04;  105.49;  12.49
 39429;120.896028;-40.003148; 2.21;-0.269;  -30.82;   16.77;   2.33
 39757;121.886037;-24.304324; 2.83; 0.458;  -83.29;   46.38;  51.99
 39847;122.114363; 51.506671; 4.78; 0.048;  -60.10;   -2.15;  14.96
 39863;122.148533; -2.983786; 4.36; 0.970;  -16.79;   -3.89;   1.76
 39906;122.256822;-19.245014; 4.40;-0.160;   -9.97;   -5.46;   6.90
 39953;122.383126;-47.336588; 1.75;-0.145;   -5.93;    9.90;   3.88
 40084;122.817941;-12.926999; 4.72; 0.939;  -26.04;    8.08;  17.64
 40091;122.839556;-39.618546; 4.44; 1.590;   -8.91;    3.10;   1.74
 40096;122.857886;-42.987278; 4.73; 0.164;   -5.33;    4.60;   0.70
 40167;123.053026; 17.647771; 4.67; 0.531;   28.29; -150.94;  39.11
 40274;123.372988;-35.899518; 4.78;-0.110;   -7.30;   10.07;   3.33
 40326;123.512173;-40.347890; 4.42; 1.170;   44.84;  -65.79;  10.50
 40526;124.128836;  9.185545; 3.53; 1.481;  -46.80;  -48.65;  11.23
 40706;124.638801;-36.659288; 4.44; 0.222; -111.27;  100.62;  35.06
 41037;125.628482;-59.509483; 1.86; 1.196;  -25.34;   22.72;   5.16
 41039;125.632055;-48.490381; 4.79;-0.146;   -6.28;    6.81;   2.16
 41075;125.708790; 43.188131; 4.25; 1.550;  -25.62;  -99.44;   8.39
 41307;126.415135; -3.906424; 3.91;-0.012;  -66.05;  -24.20;  26.09
 42312;129.410971;-42.989081; 4.11; 0.109;  -10.38;    9.47;   2.27
 42313;129.414026;  5.703782; 4.14; 0.003;  -70.27;   -6.99;  18.21
 42402;129.689324;  3.341435; 4.45; 1.216;  -19.03;  -16.29;   9.25
 42515;130.025598;-35.308352; 3.97; 0.936;    9.68;  -21.18;   8.40
 42536;130.073272;-52.921887; 3.60;-0.168;  -24.62;   35.09;   6.59
 42568;130.154280;-59.761003; 4.31;-0.117;   -6.87;    4.92;   2.31
 42570;130.156541;-46.648744; 3.77; 0.670;   -6.30;    4.29;   1.05
 42624;130.304713;-47.317125; 4.74; 0.137;  -10.53;    6.87;   1.72
 42799;130.806147;  3.398662; 4.30;-0.192;  -19.14;   -1.29;   6.99
 42806;130.821442; 21.468501; 4.66; 0.010; -106.94;  -39.25;  20.58
 42828;130.898073;-33.186386; 3.68;-0.180;  -14.28;   10.60;   3.86
 42835;130.918223; -7.233730; 4.63; 0.840;  -11.68;   -1.05;   5.40
 42884;131.099779;-42.649276; 4.05; 0.874;  -23.88;   19.46;  14.27
 42911;131.171248; 18.154309; 3.94; 1.083;  -17.10; -228.46;  23.97
 42913;131.175943;-54.708821; 1.93; 0.043;   28.78; -104.14;  40.90
 43023;131.506852;-46.041527; 3.87; 0.015;  -12.23;    4.82;   2.10
 43067;131.593908;-13.547720; 4.32; 0.900;   17.57;   -6.22;  14.38
 43103;131.674252; 28.759898; 4.03; 1.007;  -20.69;  -43.95;  10.94
 43105;131.677288;-56.769776; 4.50;-0.169;   -9.40;    8.64;   5.97
 43109;131.693794;  6.418809; 3.38; 0.685; -231.04;  -40.17;  24.13
 43234;132.108211;  5.837812; 4.35;-0.044;  -17.51;  -29.79;   9.67
 43409;132.633014;-27.709844; 4.02; 1.272; -133.49;   88.16;  15.63
 43813;133.848443;  5.945563; 3.11; 0.978;  -99.76;   14.65;  21.64
 43878;134.080259;-52.723475; 4.68;-0.115;  -16.58;   14.60;   8.68
 44066;134.621757; 11.857701; 4.26; 0.141;   41.45;  -29.22;  18.79
 44127;134.801891; 48.041826; 3.12; 0.223; -441.12; -215.21;  68.32
 44191;135.022536;-41.253605; 4.45; 0.646;  -40.67;   54.59;  16.19
 44248;135.159878; 41.782911; 3.96; 0.463; -487.67; -219.29;  60.86
 44471;135.906361; 47.156525; 3.57; 0.007;  -37.37;  -55.39;   7.71
 44511;136.038668;-47.097737; 3.75; 1.174;  -46.82;   -9.57;  10.55
 44700;136.632362; 38.452215; 4.56; 1.037;  -28.37;  -14.34;   4.81
 44816;136.998994;-43.432589; 2.23; 1.665;  -23.21;   14.28;   5.69
 44824;137.012002;-25.858536; 4.62; 1.594;   35.83;    0.49;   6.69
 44901;137.217734; 51.604648; 4.46; 0.288; -137.81;  -32.48;  34.12
 45080;137.742022;-58.966896; 3.43;-0.190;  -17.67;   14.14;   7.79
 45336;138.591079;  2.314280; 3.89;-0.060;  112.57; -306.07;  25.34
 45448;138.937832;-37.413144; 4.63; 0.473;   13.85;   -7.26;  19.69
 45496;139.050301;-57.541474; 4.34; 1.602;  -27.77;  -14.77;   6.08
 45556;139.272528;-59.275229; 2.21; 0.189;  -19.03;   13.11;   4.71
 45688;139.711015; 36.802597; 3.82; 0.066;  -32.61; -123.78;  26.75
 45751;139.943259;-11.974853; 4.77; 0.927;  -27.92;   12.16;  10.20
 45860;140.263755; 34.392562; 3.14; 1.550; -222.80;   14.78;  14.69
 45902;140.373295;-25.965439; 4.71; 1.633;  -12.28;   -9.20;   6.25
 45941;140.528410;-55.010668; 2.47;-0.141;  -10.72;   11.24;   6.05
 46026;140.801044;-28.833873; 4.71; 0.892; -128.65;   20.58;  17.92
 46146;141.163580; 26.182324; 4.47; 1.222;  -31.13;  -48.06;  15.28
 46371;141.826690;-22.343783; 4.72; 1.154;  171.66; -150.17;  18.53
 46390;141.896847; -8.658603; 1.99; 1.440;  -14.49;   33.25;  18.40
 46509;142.287074; -2.768964; 4.59; 0.411;  100.93;   -3.15;  58.48
 46515;142.311332;-35.951335; 4.51; 1.408;  -24.74;    5.07;   4.66
 46651;142.675001;-40.466769; 3.60; 0.371; -147.14;   48.65;  53.89
 46701;142.805495;-57.034377; 3.16; 1.538;  -32.58;    6.08;  13.72
 46750;142.930117; 22.967971; 4.32; 1.541;  -19.38;  -39.04;   9.69
 46776;142.995534; -1.184664; 4.54; 0.109;  -11.42;   -3.87;   7.11
 46853;143.214310; 51.677300; 3.17; 0.475; -947.06; -535.60;  74.15
 46952;143.555758; 36.397558; 4.54; 0.914;    6.82;  -22.89;  18.52
 46974;143.611043;-59.229753; 4.08;-0.013;  -11.23;    6.02;   1.65
 47006;143.705972; 52.051477; 4.47; 0.027;  -65.07;  -37.30;  12.21
 47175;144.206417;-49.355026; 4.34; 0.173; -130.56;   42.29;  30.35
 47310;144.613701;  4.649293; 4.68; 1.310; -165.45;  -49.93;  11.90
 47431;144.964008; -1.142810; 3.90; 1.313;   47.81;  -62.92;  11.83
 47508;145.287637;  9.892308; 3.52; 0.516; -143.67;  -37.45;  24.12
 47522;145.320864;-23.591514; 4.76;-0.117;  -29.14;    3.02;   6.56
 47758;146.050397;-27.769471; 4.78; 0.516;  -53.06;   37.76;   8.49
 47908;146.462804; 23.774255; 2.97; 0.808;  -46.09;   -9.57;  13.01
 48319;147.747324; 59.038736; 3.78; 0.291; -294.45; -151.75;  28.35
 48356;147.869557;-14.846603; 4.11; 0.918;   18.68;  -21.88;  11.92
 48374;147.919449;-46.547620; 4.58; 1.172;  -24.41;    9.80;   3.01
 48402;148.026483; 54.064332; 4.55; 0.038;   -4.21;   19.18;   7.47
 48455;148.190905; 26.006951; 3.88; 1.222; -216.29;  -54.92;  24.52
 48774;149.215590;-54.567790; 3.52;-0.067;  -13.13;    2.83;   1.69
 49029;150.053361;  8.044223; 4.68; 1.589;  -30.06;  -22.11;   6.21
 49402;151.281125;-13.064626; 4.60;-0.087;  -37.48;   19.90;  11.77
 49583;151.833135; 16.762664; 3.48;-0.031;   -1.94;   -0.53;   1.53
 49593;151.857340; 35.244693; 4.49; 0.190;   50.97;    0.64;  35.78
 49637;151.976128;  9.997508; 4.39; 1.448;  -81.10;  -64.20;  11.89
 49641;151.984501; -0.371637; 4.48;-0.032;  -26.17;   -3.65;  11.35
 49669;152.092961; 11.967207; 1.36;-0.087; -249.40;    4.91;  42.09
 49841;152.646989;-12.354083; 3.61; 1.007; -200.33; -100.28;  28.44
 50191;153.683980;-42.121942; 3.85; 0.051; -150.68;   49.84;  31.72
 50335;154.172571; 23.417311; 3.43; 0.307;   19.84;   -7.30;  12.56
 50372;154.274131; 42.914365; 3.45; 0.029; -170.11;  -42.64;  24.27
 50555;154.903126;-55.029305; 4.59; 1.600;  -14.79;    4.03;   2.19
 50564;154.934033; 19.470914; 4.78; 0.452; -229.99; -214.66;  47.24
 50583;154.993144; 19.841489; 2.01; 1.128;  310.77; -152.88;  25.96
 50676;155.228317;-56.043220; 4.50;-0.102;  -18.15;    1.49;   2.34
 50801;155.582252; 41.499516; 3.06; 1.603;  -80.47;   34.10;  13.11
 51056;156.478393; 33.796120; 4.72; 0.260;  -75.28;  -59.00;  15.76
 51069;156.522611;-16.836290; 3.83; 1.456; -128.51;  -80.06;  13.14
 51172;156.787921;-31.067779; 4.28; 1.429;  -80.42;    9.63;   8.90
 51192;156.851962;-57.638805; 4.65; 0.474;   -6.71;    3.72;  -0.01
 51232;156.969709;-58.739403; 3.81; 0.317;  -13.25;    2.21;   3.13
 51233;156.970832; 36.707212; 4.20; 0.908; -127.52; -109.62;  22.34
 51624;158.202799;  9.306586; 3.84;-0.148;   -5.57;   -3.59;   0.57
 51658;158.307868; 40.425560; 4.72; 0.222; -142.04;    8.00;  29.13
 51849;158.897074;-57.557636; 4.45; 1.604;  -15.43;   -0.16;   2.37
 51986;159.325590;-48.225620; 3.84; 0.300; -131.48;   -1.58;  37.71
 52098;159.680053; 31.976238; 4.68; 0.823;    0.10;    7.18;   6.88
 52102;159.687484;-59.182997; 4.69; 1.562;  -14.29;    0.79;   1.76
 52154;159.826638;-55.603269; 4.29; 1.025;  -18.87;    4.31;   3.62
 52727;161.692409;-49.420255; 2.69; 0.901;   62.55;  -53.57;  28.18
 52943;162.406202;-16.193648; 3.11; 1.232;   92.77;  199.02;  23.54
 53229;163.327938; 34.214871; 3.79; 1.040;   92.47; -286.06;  33.40
 53253;163.373567;-58.853171; 3.78; 0.945;   79.75;   38.65;  33.71
 53295;163.494758; 43.189956; 4.66;-0.039;   44.78;  -24.43;  12.22
 53417;163.903324; 24.749718; 4.30; 0.016;  -78.41;  -14.89;  11.29
 53502;164.179380;-37.137766; 4.60; 1.006;   74.96; -124.50;  16.40
 53740;164.943603;-18.298783; 4.08; 1.079; -462.39;  129.11;  18.71
 53773;165.038600;-42.225859; 4.37; 0.116;   23.00;    4.50;  15.99
 53907;165.456977; -2.484585; 4.73; 1.593;    9.58;  -36.11;   6.34
 53910;165.460320; 56.382427; 2.34; 0.033;   81.66;   33.74;  41.07
 53954;165.582397; 20.179842; 4.42; 0.053;   -9.60;   39.57;  26.37
 54182;166.254281;  7.336007; 4.62; 0.332; -344.41;  -47.40;  34.54
 54463;167.147458;-58.975037; 3.93; 1.225;   -5.03;    2.09;   0.55
 54539;167.415868; 44.498487; 3.00; 1.144;  -62.35;  -27.38;  22.21
 54682;167.914539;-22.825847; 4.46; 0.025;    4.73;  -99.06;  12.26
 54872;168.527089; 20.523717; 2.56; 0.128;  143.31; -130.43;  56.52
 54879;168.560022; 15.429570; 3.33;-0.003;  -59.01;  -79.37;  18.36
 54951;168.800954; 23.095502; 4.56; 1.657;  -22.24;   -9.48;   0.49
 55084;169.165420; -3.651601; 4.45; 0.210; -108.15;  -35.76;  16.69
 55219;169.619737; 33.094306; 3.49; 1.400;  -26.61;   27.51;   7.74
 55266;169.782921; 38.185557; 4.76; 0.113;  -57.15;  -68.10;  17.82
 55282;169.835198;-14.778541; 3.56; 1.112; -124.47;  206.61;  16.75
 55425;170.251695;-54.491019; 3.90;-0.157;  -35.32;   -2.20;  10.15
 55434;170.284143;  6.029322; 4.05;-0.058;  -91.76;  -12.83;  15.24
 55642;170.981051; 10.529509; 4.00; 0.423;  140.75;  -77.80;  41.26
 55705;171.220516;-17.684010; 4.06; 0.216;  -97.01;    3.22;  38.90
 56127;172.578722; -3.003501; 4.77; 1.529;   19.78;  -17.14;   5.40
 56343;173.250481;-31.857625; 3.54; 0.947; -209.09;  -41.60;  25.23
 56480;173.690235;-54.264091; 4.62;-0.077;  -55.55;   16.64;   7.04
 56633;174.170472; -9.802247; 4.70;-0.073;  -59.32;    2.82;  10.70
 56647;174.237211; -0.823749; 4.30; 0.983;    1.30;   43.43;  18.31
 56922;175.053288;-34.744660; 4.70;-0.070;  -44.04;   -1.84;   6.59
 57283;176.190732;-18.350674; 4.71; 0.958;   27.15;  -24.56;   9.31
 57380;176.464829;  6.529376; 4.04; 1.501;  -19.65; -180.02;  10.42
 57399;176.512558; 47.779406; 3.69; 1.181; -138.38;   28.37;  16.64
 57565;176.996400; 20.218931; 4.50; 0.547; -145.47;   -4.04;  14.40
 57632;177.264907; 14.572060; 2.14; 0.090; -499.02; -113.78;  90.16
 57757;177.673827;  1.764718; 3.59; 0.518;  740.96; -271.18;  91.74
 57803;177.786215;-45.173470; 4.47; 1.283;  -72.42;   -8.62;   7.03
 57936;178.227169;-33.908124; 4.29;-0.100;  -58.02;    2.40;   8.93
 58001;178.457698; 53.694760; 2.41; 0.044;  107.76;   11.16;  38.99
 58590;180.218292;  6.614322; 4.65; 0.122;   -0.25;  -29.71;   9.16
 58948;181.302248;  8.732985; 4.12; 0.967; -220.32;   57.52;  19.08
 59173;182.021771;-50.661278; 4.46;-0.163;  -34.07;   -9.85;   8.68
 59196;182.089583;-50.722426; 2.58;-0.128;  -47.53;   -6.42;   8.25
 59199;182.103404;-24.728876; 4.02; 0.334;  100.18;  -39.33;  67.71
 59316;182.531169;-22.619766; 3.02; 1.326;  -71.52;   10.55;  10.75
 59449;182.912963;-52.368460; 3.97;-0.156;  -42.17;  -18.39;   9.53
 59747;183.786315;-58.748928; 2.79;-0.193;  -36.68;  -10.72;   8.96
 59774;183.856501; 57.032617; 3.32; 0.077;  103.56;    7.81;  40.05
 59803;183.951543;-17.541929; 2.58;-0.107; -159.58;   22.31;  19.78
 60129;184.976487; -0.666803; 3.89; 0.026;  -59.14;  -23.13;  13.06
 60202;185.179275; 17.792868; 4.72; 1.010; -109.67;   88.50;   9.04
 60351;185.626301; 25.846160; 4.78; 0.515;  -10.75;   -8.85;  11.93
 60485;186.006228; 51.562257; 4.76; 0.877;   13.15;   11.32;   8.30
 60742;186.734468; 28.268423; 4.35; 1.128;  -83.41;  -80.99;  19.18
 60823;187.009925;-50.230635; 3.91;-0.192;  -32.49;  -12.41;   7.36
 60965;187.466064;-16.515433; 2.94;-0.012; -209.97; -139.30;  37.11
 61084;187.791497;-57.113212; 1.59; 1.600;   27.94; -264.33;  37.09
 61174;188.017612;-16.196008; 4.30; 0.388; -424.37;  -58.41;  54.92
 61317;188.435603; 41.357480; 4.24; 0.588; -705.06;  292.93; 119.46
 61359;188.596811;-23.396759; 2.65; 0.893;    0.86;  -56.00;  23.34
 61622;189.425681;-48.541304; 3.85; 0.049; -186.61;   -6.45;  24.77
 61740;189.811529; -7.995564; 4.66; 1.240;  -77.30;  -24.66;  10.24
 61789;189.968873;-39.987302; 4.63;-0.082;  -42.01;  -24.94;   9.19
 61932;190.379328;-48.959888; 2.20;-0.023; -187.28;   -1.20;  25.01
 61941;190.415176; -1.449375; 2.74; 0.368; -616.66;   60.66;  84.53
 62012;190.647716;-48.813109; 4.66; 1.075; -123.27;  -30.36;  17.31
 62327;191.594644;-56.488815; 4.62;-0.150;  -33.11;  -14.62;   8.24
 62434;191.930263;-59.688764; 1.25;-0.238;  -48.24;  -12.82;   9.25
 62867;193.278776;-48.943315; 4.33; 1.344;  -79.18;  -25.34;  10.77
 62896;193.359163;-40.178872; 4.25; 0.224;   69.64;  -21.83;  21.03
 62956;193.507289; 55.959821; 1.76;-0.022;  111.74;   -8.99;  40.30
 62985;193.588181; -9.538994; 4.77; 1.590;  -18.26;  -19.72;   7.82
 63003;193.648437;-57.177924; 4.03;-0.180;  -30.45;  -13.55;   8.64
 63007;193.663259;-59.146701; 4.62;-0.153;  -33.35;  -14.75;   9.06
 63090;193.900866;  3.397470; 3.39; 1.571; -471.44;  -52.81;  16.11
 63125;194.006947; 38.318380; 2.89;-0.115; -233.43;   54.98;  29.60
 63355;194.731009; 17.409446; 4.76; 1.568;  -38.66;   34.95;  10.91
 63608;195.544155; 10.959150; 2.85; 0.934; -275.05;   19.96;  31.90
 63945;196.569601;-48.463289; 4.71;-0.148;  -29.72;  -14.68;   7.88
 64004;196.727664;-49.906246; 4.27;-0.182;  -26.24;  -12.43;   7.92
 64238;197.487464; -5.539010; 4.38;-0.008;  -35.08;  -32.80;   7.86
 64241;197.496986; 17.529431; 4.32; 0.455; -445.95;  129.69;  69.81
 64394;197.968306; 27.878183; 4.23; 0.572; -801.94;  882.70; 109.23
 64425;198.073317;-59.920579; 4.58;-0.073;  -28.54;  -17.46;   9.42
 64844;199.385586; 40.572608; 4.72; 0.306; -125.67;   18.45;  11.39
 64852;199.401178;  5.469869; 4.78; 1.638;   -7.16;   10.00;   6.03
 64924;199.601311;-18.311196; 4.74; 0.709;-1069.90;-1063.78; 117.30
 64962;199.730403;-23.171512; 2.99; 0.920;   68.41;  -41.09;  24.69
 65109;200.149240;-36.712295; 2.75; 0.068; -340.76;  -87.98;  55.64
 65378;200.981429; 54.925362; 2.23; 0.057;  121.23;  -22.01;  41.73
 65474;201.298247;-11.161322; 0.98;-0.235;  -42.50;  -31.73;  12.44
 65477;201.306408; 54.987958; 3.99; 0.169;  120.35;  -16.94;  40.19
 65639;201.863183;-15.973578; 4.76; 1.096; -122.13;   21.61;  12.63
 65936;202.761069;-39.407307; 3.90; 1.186;  -15.65;  -11.25;   2.60
 66006;202.991188; -6.255816; 4.68; 1.606; -103.80;  -43.40;   7.55
 66234;203.613581; 49.015973; 4.68; 0.132; -128.28;   27.39;  17.12
 66249;203.673300; -0.595820; 3.38; 0.114; -278.89;   48.56;  44.55
 66657;204.971910;-53.466394; 2.29;-0.171;  -14.60;  -12.79;   8.68
 66738;205.184472; 54.681634; 4.63; 1.630;  -19.14;  -11.37;   5.94
 67153;206.421855;-33.043721; 4.23; 0.390; -461.85; -146.17;  51.91
 67234;206.664075;-51.432766; 4.64; 0.955;   10.33;  -27.98;  12.68
 67275;206.815596; 17.456906; 4.50; 0.508; -480.33;   54.18;  64.12
 67301;206.885157; 49.313265; 1.85;-0.099; -121.23;  -15.56;  32.39
 67457;207.361338;-34.450776; 4.19; 1.520;  -42.59;  -59.87;  18.39
 67459;207.369338; 15.797905; 4.05; 1.520;  -93.64;   40.76;  13.29
 67464;207.376155;-41.687709; 3.41;-0.225;  -26.01;  -20.38;   6.87
 67472;207.404121;-42.473732; 3.47;-0.170;  -23.85;  -19.22;   6.19
 67665;207.947813; 34.444240; 4.76; 1.611;  -20.49;  -31.82;   5.40
 67669;207.956668;-32.994090; 4.32;-0.146;  -35.74;  -30.14;  10.96
 67786;208.302246;-31.927612; 4.75;-0.111;  -13.53;  -10.74;   4.87
 67927;208.671161; 18.397717; 2.68; 0.580;  -60.95; -358.10;  88.17
 68002;208.884941;-47.288375; 2.55;-0.176;  -57.14;  -44.75;   8.48
 68245;209.567775;-42.100753; 3.83;-0.224;  -23.68;  -19.82;   7.01
 68282;209.669785;-44.803584; 3.87;-0.208;  -27.97;  -21.69;   7.81
 68520;210.411639;  1.544532; 4.23; 0.121;   17.41;  -21.20;  14.94
 68523;210.431230;-45.603421; 4.34; 0.598;    3.89;  -20.94;   7.28
 68862;211.511530;-41.179633; 4.36;-0.198;  -24.42;  -21.63;   7.31
 68895;211.592904;-26.682361; 3.25; 1.091;   43.05; -140.82;  32.17
 68933;211.670619;-36.369954; 2.06; 1.011; -519.29; -517.87;  53.52
 69191;212.478398;-53.438946; 4.74; 0.938; -144.17;  -90.54;  17.93
 69427;213.223941;-10.273702; 4.18; 1.323;    8.04;  140.79;  14.59
 69483;213.370866; 51.789965; 4.53; 0.233;   61.39;  -10.57;  21.03
 69673;213.915300; 19.182410;-0.05; 1.239;-1093.45;-1999.40;  88.85
 69701;214.003624; -6.000547; 4.07; 0.511;  -25.84; -419.84;  46.74
 69713;214.041372; 51.367231; 4.75; 0.236; -149.98;   89.42;  33.54
 69732;214.095911; 46.088305; 4.18; 0.087; -187.42;  159.01;  33.58
 69974;214.777465;-13.371095; 4.52; 0.128;  -17.12;   29.39;  17.47
 69996;214.850925;-46.058093; 3.55;-0.184;  -12.81;   -3.79;   9.27
 70069;215.081429;-56.386497; 4.30; 0.082;   -9.29;   -7.57;   2.75
 70090;215.139298;-37.885295; 4.05;-0.030;  -64.50;  -11.39;  13.19
 70104;215.177424;-45.187060; 4.78; 0.310;   37.17;  -73.61;  21.95
 70264;215.654456;-58.459117; 4.76; 0.795;  -47.03;   17.03;  11.56
 70300;215.759329;-39.511819; 4.41;-0.185;  -24.32;  -21.81;   7.79
 70306;215.774062;-27.754017; 4.78; 1.300; -201.57; -116.63;  18.67
 70497;216.299152; 51.850744; 4.04; 0.497; -236.06; -399.07;  68.63
 70574;216.534266;-45.221424; 4.56;-0.147;  -13.51;  -14.02;   3.15
 70576;216.545053;-45.379276; 4.33; 0.434;   13.55;   -6.35;  10.38
 71053;217.957458; 30.371437; 3.57; 1.298; -100.44;  120.22;  21.92
 71075;218.019466; 38.308253; 3.04; 0.191; -115.55;  151.87;  38.29
 71121;218.154402;-50.457157; 4.44;-0.177;  -29.55;  -14.85;   5.68
 71284;218.670071; 29.745130; 4.47; 0.364;  188.32;  132.72;  64.66
 71352;218.876766;-42.157824; 2.33;-0.157;  -35.31;  -32.44;  10.57
 71536;219.471776;-49.425828; 4.05;-0.152;  -27.78;  -29.05;  10.51
 71762;220.181528; 16.418324; 4.49;-0.002;    9.64;    9.46;  10.28
 71795;220.287299; 13.728300; 3.78; 0.044;   52.36;  -12.71;  18.07
 71860;220.482315;-47.388200; 2.30;-0.154;  -21.15;  -24.22;   5.95
 71865;220.489962;-37.793499; 4.01;-0.157;  -29.56;  -30.68;  10.69
 71957;220.765097; -5.658207; 3.87; 0.385;  104.23; -319.90;  53.54
 72010;220.914333;-35.173655; 4.06; 1.356;  -60.93; -176.82;  15.89
 72105;221.246740; 27.074222; 2.35; 0.966;  -50.65;   20.00;  15.55
 72125;221.310250; 16.964280; 4.60; 0.972;  -60.87;  -50.69;  14.48
 72220;221.562184;  1.892885; 3.73;-0.005; -116.04;  -21.75;  25.35
 72571;222.572125;-27.960371; 4.42; 1.366; -237.37;  -62.37;  10.68
 72622;222.719638;-16.041778; 2.75; 0.147; -105.69;  -69.00;  42.25
 72659;222.847411; 19.100460; 4.54; 0.720;  152.81;  -71.28; 149.26
 72683;222.909597;-43.575359; 4.32;-0.154;  -24.79;  -26.80;   8.00
 73165;224.295831; -4.346462; 4.47; 0.318;  -97.83; -154.56;  35.83
 73273;224.633028;-43.133960; 2.68;-0.184;  -34.06;  -38.30;   6.23
 73334;224.790354;-42.104194; 3.13;-0.208;  -17.76;  -21.33;   6.05
 73555;225.486510; 40.390566; 3.49; 0.956;  -40.20;  -29.22;  14.91
 73620;225.725156;  2.091303; 4.39; 1.026;  -55.93;   12.94;  17.78
 73714;226.017565;-25.281965; 3.25; 1.674;  -71.85;  -44.69;  11.17
 73745;226.111424; 26.947649; 4.52; 1.240; -176.31;   -4.52;  13.04
 73807;226.279524;-47.051245; 3.91;-0.144;  -23.39;  -21.11;   6.56
 74117;227.210897;-45.279858; 4.07;-0.162;  -17.32;  -26.11;   8.02
 74376;227.983649;-48.737819; 3.88;-0.029;  -96.52;  -47.97;  17.89
 74392;228.055375;-19.791711; 4.54;-0.071;  -35.59;  -32.55;   8.66
 74395;228.071229;-52.099247; 3.41; 0.918; -113.94;  -71.00;  28.06
 74666;228.875679; 33.314833; 3.46; 0.961;   84.84; -110.57;  27.94
 74785;229.251728; -9.382917; 2.61;-0.071;  -96.39;  -20.76;  20.38
 74824;229.378539;-58.801208; 4.07; 0.088;  -98.39; -135.46;  33.75
 74857;229.457663;-30.148673; 4.35; 1.100;   -8.71;   -4.47;  10.59
 74911;229.633421;-47.875272; 4.27;-0.086;  -31.74;  -32.82;  11.22
 75141;230.343007;-40.647518; 3.22;-0.227;  -19.11;  -24.05;   6.39
 75177;230.451542;-36.261376; 3.57; 1.534;  -91.85;  -86.03;   9.99
 75264;230.670295;-44.689622; 3.37;-0.191;  -20.25;  -20.13;   6.47
 75304;230.788959;-36.858489; 4.54;-0.155;  -18.05;  -21.53;   5.38
 75323;230.844358;-59.320787; 4.48; 0.169;  -10.29;  -36.57;   6.40
 75411;231.122616; 37.377167; 4.31; 0.309; -147.68;   84.69;  26.96
 75458;231.232395; 58.966066; 3.29; 1.166;   -8.27;   17.30;  31.92
 75501;231.334242;-38.733621; 4.60; 0.000;  -46.05;  -13.35;   8.72
 75695;231.957212; 29.105703; 3.66; 0.319; -181.39;   86.84;  28.60
 76127;233.232427; 31.359133; 4.14;-0.127;  -19.62;   -8.94;  10.49
 76219;233.544587;-10.064529; 4.61; 1.000;  305.62; -234.12;  34.54
 76267;233.671950; 26.714693; 2.22; 0.032;  120.38;  -89.44;  43.65
 76276;233.700613; 10.538867; 3.80; 0.268;  -72.63;    3.17;  15.54
 76297;233.785200;-41.166757; 2.80;-0.216;  -16.05;  -25.52;   5.75
 76333;233.881579;-14.789537; 3.91; 1.007;   65.67;    6.93;  21.42
 76371;233.971867;-44.958389; 4.55;-0.175;  -20.42;  -21.48;   7.51
 76470;234.256041;-28.135079; 3.60; 1.361;  -13.26;   -3.48;  16.76
 76552;234.513356;-42.567348; 4.34; 1.412; -147.60;   56.35;  14.19
 76600;234.664040;-29.777754; 3.66;-0.177;  -22.10;  -26.54;   7.33
 76669;234.844470; 36.635812; 4.64;-0.103;  -15.29;   -6.51;   6.89
 76705;234.941579;-34.411926; 4.66; 0.964;    5.65;  -13.70;  13.32
 76829;235.297406;-44.661205; 4.64; 0.413; -168.70; -265.69;  57.09
 76852;235.387730; 19.670401; 4.51; 0.062;  -59.86;  -43.23;  16.97
 76880;235.486659;-19.678828; 4.75; 1.574;  -33.21; -104.33;   8.16
 76945;235.670917;-34.710407; 4.75;-0.151;  -23.96;  -30.43;   8.24
 76952;235.685688; 26.295637; 3.81; 0.020; -112.52;   50.70;  22.48
 77070;236.066979;  6.425627; 2.63; 1.167;  134.66;   44.14;  44.54
 77233;236.546902; 15.421826; 3.65; 0.073;   68.54;  -41.31;  21.31
 77257;236.610889;  7.353073; 4.42; 0.604; -225.51;  -68.52;  85.08
 77450;237.184903; 18.141564; 4.09; 1.616;  -51.78;  -88.72;   9.36
 77512;237.398526; 26.068394; 4.59; 0.794;  -79.85;  -63.78;  19.71
 77516;237.405035; -3.430208; 3.54;-0.036;  -98.07;  -27.41;  20.94
 77622;237.704025;  4.477730; 3.71; 0.147;  127.98;   61.87;  46.39
 77634;237.739740;-33.627165; 3.97;-0.045;   -5.92;  -24.91;  15.86
 77635;237.744770;-25.751295; 4.63;-0.072;  -13.64;  -24.91;   6.25
 77655;237.808048; 35.657382; 4.79; 0.996;   -8.07; -347.41;  32.13
 77661;237.816287; 20.977919; 4.74; 1.534;  -54.70;   17.99;   8.26
 77760;238.168923; 42.451518; 4.60; 0.563;  438.97;  629.52;  63.08
 77840;238.402996;-25.327142; 4.59;-0.073;  -14.42;  -25.40;   7.52
 77853;238.456408;-16.729294; 4.13; 1.003;  100.12;  135.27;  20.02
 78072;239.113262; 15.661617; 3.85; 0.478;  311.20;-1282.17;  89.92
 78104;239.221152;-29.214073; 3.87;-0.199;  -15.20;  -25.10;   7.97
 78159;239.396883; 26.877880; 4.14; 1.231;  -76.55;  -60.24;  14.20
 78265;239.712970;-26.114105; 2.89;-0.180;  -12.00;  -25.71;   7.10
 78384;240.030534;-38.396707; 3.42;-0.206;  -16.58;  -27.06;   6.61
 78401;240.083359;-22.621710; 2.29;-0.117;   -8.67;  -36.90;   8.12
 78527;240.472274; 58.565252; 4.01; 0.528; -320.07;  334.96;  47.79
 78592;240.699576; 46.036705; 4.72;-0.094;   56.01;  -61.25;   8.68
 78639;240.803737;-49.229695; 4.65; 0.902;   41.18;   10.39;  14.97
 78662;240.883715;-57.775064; 4.63; 0.252; -118.32;  -78.34;  23.26
 78820;241.359295;-19.805453; 2.56;-0.065;   -6.75;  -24.89;   6.15
 78914;241.622659;-45.173185; 4.73; 0.230;   17.47;   37.03;  26.41
 78918;241.648103;-36.802288; 4.22;-0.184;  -15.84;  -31.06;   7.94
 78933;241.701775;-20.669192; 3.93;-0.046;  -10.55;  -23.73;   7.70
 78990;241.851364;-20.868764; 4.31; 0.831;   43.68;  -45.30;  12.32
 79101;242.192408; 44.934906; 4.23;-0.045;  -25.98;   35.86;  14.27
 79119;242.242913; 36.490944; 4.73; 1.015;  -40.71;  343.47;  28.84
 79374;242.998894;-19.460708; 4.00; 0.076;   -9.70;  -25.25;   7.47
 79404;243.075854;-27.926372; 4.58;-0.172;  -10.31;  -23.17;   6.97
 79593;243.586414; -3.694323; 2.73; 1.584;  -45.83; -142.91;  19.16
 79882;244.580371; -4.692511; 3.23; 0.966;   82.39;   40.08;  30.34
 79992;244.935153; 46.313366; 3.91;-0.151;  -13.15;   39.31;  10.37
 80000;244.960094;-50.155508; 4.01; 1.080; -159.36;  -52.84;  25.58
 80079;245.159086;-24.169320; 4.55; 0.758;   -4.23;  -14.71;   2.77
 80112;245.297150;-25.592796; 2.90; 0.299;  -10.03;  -18.03;   4.44
 80170;245.480060; 19.153130; 3.74; 0.299;  -47.44;   44.61;  16.69
 80343;246.025766;-20.037327; 4.48; 0.996;  -21.48;  -47.53;  18.32
 80463;246.353972; 14.033270; 4.57; 0.002;   39.39;  -59.89;  13.87
 80473;246.396323;-23.447179; 4.57; 0.227;   -5.61;  -25.04;   8.27
 80569;246.755979;-18.456251; 4.22; 0.217;   -5.58;  -22.22;   6.67
 80582;246.795983;-47.554786; 4.46;-0.070;  -13.72;  -20.63;   8.16
 80628;246.950780; -8.371731; 4.62; 0.185;  -67.26;  -12.60;  26.67
 80763;247.351920;-26.432002; 1.06; 1.865;  -10.16;  -23.21;   5.40
 80815;247.551982;-25.115224; 4.79;-0.116;   -3.42;  -26.52;   8.30
 80816;247.555000; 21.489613; 2.78; 0.947;  -98.43;  -14.49;  22.07
 80883;247.728429;  1.983923; 3.82; 0.022;  -31.37;  -73.00;  19.63
 80894;247.784866;-16.612733; 4.29; 0.924;  -44.57;  -38.04;  15.53
 80911;247.845556;-34.704366; 4.24;-0.168;  -11.51;  -18.56;   4.37
 80975;248.034164;-21.466390; 4.45; 0.130;   20.21;   36.23;  18.66
 81126;248.525759; 42.437041; 4.20;-0.013;   -9.03;   59.80;  10.79
 81266;248.970641;-28.216016; 2.82;-0.206;   -8.59;  -22.50;   7.59
 81304;249.093631;-35.255326; 4.18; 1.535;   14.72;   12.14;   9.63
 81377;249.289741;-10.567090; 2.54; 0.038;   13.07;   25.44;   7.12
 81693;250.321501; 31.602726; 2.81; 0.650; -462.58;  345.05;  92.63
 81833;250.724022; 38.922254; 3.48; 0.916;   35.58;  -84.98;  29.11
 82363;252.446485;-59.041378; 3.77; 1.562;   39.59;  -25.28;  10.41
 82369;252.458453;-10.783000; 4.64; 0.478;   93.70;  -81.94;  27.04
 82396;252.540887;-34.293232; 2.29; 1.144; -611.83; -255.87;  49.85
 82514;252.967635;-38.047380; 3.00;-0.200;   -8.84;  -21.60;   3.97
 82545;253.083933;-38.017536; 3.56;-0.210;  -12.92;  -23.80;   6.31
 82671;253.498862;-42.362025; 4.70; 0.444;   -0.48;   -2.17;  -1.13
 82673;253.501965; 10.165359; 4.39;-0.088;  -53.75;  -34.68;  13.95
 82729;253.645855;-42.361313; 3.62; 1.393; -126.55; -227.77;  21.67
 83000;254.417072;  9.375033; 3.19; 1.160; -293.03;   -9.70;  37.99
 83081;254.655049;-55.990141; 3.12; 1.552;  -18.31;  -35.29;   5.68
 83153;254.896032;-53.160438; 4.06; 1.452;    1.12;   21.53;  10.72
 83207;255.072391; 30.926405; 3.92;-0.018;  -47.68;   26.89;  20.04
 84012;257.594531;-15.724910; 2.43; 0.059;   41.16;   97.65;  38.77
 84143;258.038306;-43.239189; 3.32; 0.441;   22.01; -287.41;  45.56
 84345;258.661910; 14.390333; 2.78; 1.164;   -6.71;   32.78;   8.53
 84379;258.757961; 24.839204; 3.12; 0.080;  -21.14; -157.68;  41.55
 84380;258.761810; 36.809162; 3.16; 1.437;  -27.35;    2.70;   8.89
 84405;258.837409;-26.602829; 4.33; 0.855; -473.69;-1143.93; 167.08
 84514;259.152860; -0.445297; 4.72; 1.119;  -33.09;  -63.92;  14.97
 84606;259.417727; 37.291498; 4.64; 0.043;  -42.74;   63.76;  18.34
 84880;260.206921;-12.846875; 4.32; 0.037;   42.75;    2.72;  16.86
 84893;260.251559;-21.112933; 4.39; 0.394;  262.01; -204.74;  57.48
 84970;260.502410;-24.999545; 3.27;-0.186;   -8.84;  -23.64;   5.79
 85112;260.920603; 37.145946; 4.15;-0.011;  -38.58;    9.19;   8.12
 85258;261.324953;-55.529884; 2.84; 1.479;   -8.23;  -24.71;   5.41
 85267;261.348579;-56.377727; 3.31;-0.150;   -0.77;  -15.85;   2.87
 85340;261.592567;-24.175310; 4.16; 0.283;   -1.97; -117.69;  38.96
 85355;261.628668;  4.140360; 4.34; 1.480;    1.25;    7.09;   2.78
 85365;261.657839; -5.086596; 4.53; 0.385;  -91.53;  -42.75;  33.28
 85423;261.838640;-29.867033; 4.28; 0.402;   14.38; -137.41;  29.26
 85670;262.608175; 52.301387; 2.79; 0.954;  -15.59;   11.57;   9.02
 85693;262.684625; 26.110645; 4.41; 1.434;   18.39;   16.78;   8.88
 85696;262.690982;-37.295811; 2.70;-0.179;   -4.19;  -29.14;   6.29
 85755;262.853975;-23.962643; 4.78; 0.016;    4.91;  -25.90;   7.65
 85792;262.960389;-49.876145; 2.84;-0.136;  -31.27;  -67.15;  13.46
 85927;263.402167;-37.103821; 1.62;-0.231;   -8.90;  -29.95;   4.64
 86032;263.733627; 12.560035; 2.08; 0.155;  110.08; -222.61;  69.84
 86092;263.914958;-46.505684; 4.56;-0.020;  -25.13;  -38.32;   8.46
 86170;264.136804;-38.635308; 4.26; 1.075;  -18.47; -182.29;  22.64
 86228;264.329711;-42.997824; 1.86; 0.406;    6.06;   -0.95;  11.99
 86263;264.396673;-15.398557; 3.54; 0.262;  -39.30;  -61.27;  30.93
 86284;264.461304; -8.118771; 4.58; 0.132;  -11.70;  -20.38;   5.94
 86414;264.866193; 46.006332; 3.82;-0.179;   -7.17;    3.97;   6.58
 86486;265.099274;-49.415587; 4.76; 0.415;  104.28; -177.67;  45.72
 86565;265.353639;-12.875307; 4.24; 0.086;  -72.16;  -55.22;  19.41
 86670;265.621979;-39.029983; 2.39;-0.171;   -6.49;  -25.55;   7.03
 86742;265.868138;  4.567303; 2.76; 1.168;  -40.67;  158.80;  39.78
 86974;266.614695; 27.720676; 3.42; 0.750; -291.42; -750.00; 119.05
 87072;266.890103;-27.830788; 4.53; 0.600;   -3.62;  -10.67;   3.03
 87073;266.896173;-40.126998; 2.99; 0.509;    0.44;   -6.40;   1.82
 87108;266.973169;  2.707276; 3.75; 0.043;  -23.15;  -75.12;  34.42
 87220;267.293651;-31.703204; 4.79;-0.028;    4.22;   -7.89;   5.37
 87261;267.464508;-37.043304; 3.19; 1.192;   42.09;   27.77;  25.71
 87294;267.546303;-40.090435; 4.78; 0.259;    3.63;   -2.73;   0.88
 87585;268.382206; 56.872643; 3.73; 1.177;   93.65;   78.44;  29.26
 87808;269.063252; 37.250539; 3.86; 1.350;    2.74;    7.24;   4.87
 87833;269.151541; 51.488895; 2.24; 1.521;   -8.52;  -23.05;  22.10
 87933;269.441190; 29.247880; 3.70; 0.935;   82.33;  -18.73;  24.12
 87998;269.625623; 30.189277; 4.41; 0.380;   -0.48;    3.23;   4.10
 88048;269.756631; -9.773632; 3.32; 0.987;  -10.31; -116.12;  21.35
 88116;269.948139;-23.816134; 4.74;-0.030;   -5.40;  -50.30;   7.47
 88128;270.014234; 16.750919; 4.67; 1.254;   -7.53;  -10.61;   4.97
 88149;270.065828;  4.368615; 4.79;-0.100;    1.78;  -12.95;   4.82
 88175;270.120877; -3.690269; 4.62; 0.390;  154.17;  -44.43;  43.11
 88192;270.161316;  2.931568; 3.93; 0.029;    0.41;   -8.22;   2.30
 88267;270.376699; 21.595782; 4.26; 0.406;    7.55;   38.79;   6.93
 88290;270.438327;  1.305076; 4.42; 0.046;   15.43;  -13.61;  12.31
 88404;270.770499; -8.180349; 4.77; 0.410;   15.11;  -37.61;  19.22
 88567;271.255105;-29.580087; 4.66; 0.774;    4.03;   -4.61;   1.57
 88601;271.363690;  2.500099; 4.03; 0.860;  124.56; -962.66; 196.62
 88635;271.452029;-30.424091; 2.98; 0.981;  -55.75; -181.53;  33.94
 88714;271.657796;-50.091477; 3.65;-0.101;   -8.43;   -9.26;   3.22
 88765;271.826501;  8.733867; 4.64; 0.951;    9.79;   30.24;  13.71
 88771;271.837434;  9.563847; 3.71; 0.159;  -61.60;   79.71;  39.40
 88794;271.885628; 28.762489; 3.84;-0.018;   -0.17;    7.51;   9.39
 88839;272.020748;-28.457093; 4.55; 0.938;   24.77;  -31.59;   9.38
 88886;272.189546; 20.814557; 4.37;-0.164;   -2.71;   -6.20;   2.14
 89112;272.807344;-45.954418; 4.52; 1.009;  -16.28;  -37.26;   7.98
 89341;273.440874;-21.058834; 3.84; 0.195;    1.72;   -1.39;   0.11
 89642;274.406813;-36.761686; 3.10; 1.582; -129.27; -166.61;  21.87
 89678;274.513295;-27.042641; 4.66; 1.629;    4.48;   -2.76;   4.66
 89826;274.965457; 36.064547; 4.33; 1.162;  -16.14;   41.32;  13.71
 89931;275.248507;-29.828103; 2.72; 1.380;   29.96;  -26.38;  10.67
 89962;275.327503; -2.898825; 3.23; 0.941; -547.57; -700.72;  52.81
 90135;275.914935; -8.934383; 4.66; 0.932;   51.89;   52.29;  17.08
 90139;275.924540; 21.769752; 3.85; 1.168;  195.54; -242.92;  25.40
 90185;276.042993;-34.384616; 1.79;-0.031;  -39.61; -124.05;  22.55
 90422;276.743401;-45.968459; 3.49;-0.179;  -16.68;  -53.33;  13.08
 90496;276.992669;-25.421700; 2.82; 1.025;  -44.81; -186.29;  42.20
 90568;277.207745;-49.070588; 4.10; 0.995;  137.90; -229.14;  25.60
 90595;277.299391;-14.565813; 4.67; 0.076;    3.07;   -3.48;  11.19
 90905;278.143844; 57.045599; 4.77; 0.611;    0.32;   -7.09;   1.13
 90982;278.375774;-42.312510; 4.62; 0.994;   32.48;  -21.03;   3.76
 91117;278.801778; -8.244073; 3.85; 1.317;  -18.98; -314.63;  18.72
 91262;279.234735; 38.783692; 0.03;-0.001;  201.02;  287.46; 128.93
 91726;280.568445; -9.052549; 4.70; 0.358;    7.87;    2.02;  17.44
 91919;281.084772; 39.670123; 4.67; 0.170;   10.55;   60.23;  20.10
 91926;281.094918; 39.612722; 4.59; 0.180;    5.83;   51.83;  20.34
 91971;281.193156; 37.605115; 4.34; 0.192;   29.26;   26.57;  21.23
 92041;281.414110;-26.990778; 3.17;-0.107;   51.15;    0.45;  14.14
 92043;281.415523; 20.546308; 4.19; 0.483;   -9.25; -335.65;  52.37
 92161;281.755307; 18.181519; 4.34; 0.148;   83.74;  119.01;  35.17
 92175;281.793637; -4.747867; 4.22; 1.087;   -7.71;  -15.89;   4.73
 92420;282.519978; 33.362667; 3.52; 0.003;    1.10;   -4.46;   3.70
 92512;282.800398; 59.388351; 4.63; 1.185;   77.56;   25.43;  10.12
 92791;283.626182; 36.898613; 4.22; 1.575;   -6.73;    3.26;   3.63
 92818;283.687022; 22.645076; 4.57; 0.782;    6.40;    1.03;   6.71
 92855;283.816357;-26.296722; 2.05;-0.134;   13.87;  -52.65;  14.54
 92862;283.833756; 43.946089; 4.08; 1.397;   19.94;   80.60;   9.33
 92946;284.054927;  4.203595; 4.62; 0.161;   37.69;   26.98;  24.73
 93085;284.432507;-21.106654; 3.52; 1.151;   34.91;  -12.33;   8.76
 93194;284.735928; 32.689557; 3.25;-0.049;   -2.76;    1.77;   5.14
 93244;284.905656; 15.068298; 4.02; 1.082;  -52.68;  -73.81;  21.22
 93429;285.420113; -5.739115; 4.02; 1.079;  -24.15;  -39.73;  21.95
 93506;285.652975;-29.880105; 2.60; 0.062;  -14.10;    3.66;  36.61
 93542;285.778652;-42.095105; 4.74;-0.027;   55.74;  -45.33;  17.75
 93683;286.170757;-21.741496; 3.76; 1.012;   76.26;  -58.08;  23.49
 93747;286.352534; 13.863478; 2.99; 0.014;   -7.04;  -95.31;  39.18
 93805;286.562243; -4.882554; 3.43;-0.096;  -19.68;  -90.37;  26.05
 93825;286.604627;-37.063437; 4.23; 0.523;   96.93; -279.67;  55.89
 93864;286.735037;-27.670423; 3.32; 1.169;  -50.79; -250.51;  27.09
 94005;287.087374;-40.496703; 4.57; 1.070;   48.05;  -26.84;  18.67
 94114;287.368090;-37.904474; 4.11; 0.042;   85.73;  -96.65;  25.15
 94141;287.440971;-21.023615; 2.88; 0.377;   -1.17;  -36.83;   7.41
 94160;287.507320;-39.340796; 4.10; 1.163;    5.89;  -36.78;   6.42
 94481;288.439531; 39.145968; 4.43;-0.150;   -1.59;   -0.61;   3.13
 94703;289.054333; 21.390428; 4.76;-0.058;    0.73;   -6.12;   3.58
 94713;289.092063; 38.133731; 4.35; 1.258;   -0.49;    1.23;   4.24
 94779;289.275703; 53.368459; 3.80; 0.950;   60.22;  122.93;  26.48
 95168;290.418162;-17.847197; 3.92; 0.228;  -26.95;   22.24;  26.79
 95176;290.431763;-15.955018; 4.52; 0.079;    1.79;   -6.27;   1.95
 95241;290.659552;-44.458965; 3.96;-0.085;    7.31;  -22.43;   8.62
 95294;290.804737;-44.799778; 4.27; 0.350;   92.78;  -53.73;  23.52
 95347;290.971569;-40.615940; 3.96;-0.105;   32.67; -120.81;  19.20
 95501;291.374585;  3.114775; 3.36; 0.319;  253.06;   80.67;  65.05
 95585;291.629538;  0.338570; 4.64; 0.576;   -0.86;   -2.30;   0.28
 95771;292.176374; 24.664905; 4.44; 1.502; -126.45; -106.99;  11.00
 95853;292.426496; 51.729779; 3.76; 0.148;   20.92;  128.12;  26.63
 95947;292.680336; 27.959681; 3.05; 1.088;   -7.09;   -5.63;   8.46
 96052;292.943007; 34.452968; 4.74;-0.150;    1.06;   -3.58;   5.20
 96229;293.522304;  7.378941; 4.45; 1.176;  212.76; -155.39;  29.50
 96441;294.110562; 50.221103; 4.49; 0.395;   -8.15;  262.98;  53.78
 96465;294.176805;-24.883623; 4.59;-0.075;   68.70;  -23.19;  17.24
 96468;294.180324; -1.286601; 4.36;-0.079;    1.89;  -20.75;  10.61
 96683;294.844190; 30.153321; 4.68; 0.971;    1.95;   36.07;  13.00
 96757;295.024133; 18.013890; 4.39; 0.777;   15.09;  -19.72;   6.89
 96837;295.262247; 17.476041; 4.39; 1.041;    9.06;  -33.90;   6.99
 97165;296.243658; 45.130810; 2.86;-0.002;   43.22;   48.44;  19.07
 97278;296.564915; 10.613261; 2.72; 1.507;   15.72;   -3.08;   7.08
 97365;296.846927; 18.534286; 3.68; 1.313;   -4.58;   11.10;   7.28
 97649;297.695829;  8.868322; 0.76; 0.221;  536.82;  385.54; 194.44
 97804;298.118199;  1.005661; 3.87; 0.630;    6.94;   -7.30;   2.78
 97886;298.365397; 24.079614; 4.57;-0.047;   22.78;   36.29;   9.08
 97938;298.562007;  8.461453; 4.71; 1.023;  101.43;  -81.28;  15.96
 98032;298.815406;-41.868288; 4.12; 1.063;   23.37;   51.60;  17.24
 98036;298.828306;  6.406763; 3.71; 0.855;   46.35; -481.32;  72.95
 98066;298.959824;-26.299506; 4.70; 0.748;  203.96;   74.40;  42.03
 98110;299.076550; 35.083424; 3.89; 1.019;  -34.00;  -27.60;  23.40
 98162;299.236797;-27.169899; 4.54; 1.462;    9.60;  -14.95;   2.70
 98337;299.689281; 19.492148; 3.51; 1.571;   64.37;   22.58;  11.90
 98412;299.934078;-35.276305; 4.37;-0.150;    6.02;  -25.15;   5.28
 98543;300.275201; 27.753573; 4.66; 0.184;   57.99;    3.76;  14.67
 98688;300.664502;-27.709845; 4.43; 1.640;   32.28;   14.35;   7.28
 98761;300.889413;-37.940699; 4.77; 1.417;   64.71;  -85.44;   8.05
 99473;302.826190; -0.821461; 3.24;-0.066;   35.48;    6.05;  11.36
 99655;303.349440; 56.567722; 4.28; 0.114;   60.85;   82.26;  21.41
 99675;303.407943; 46.741329; 3.80; 1.270;    4.20;    1.87;   2.41
 99824;303.816231; 25.591957; 4.79;-0.181;    6.90;   -5.02;   2.72
 99848;303.868007; 47.714208; 3.96; 1.451;    3.88;    1.20;   2.94
 99874;303.942228; 27.814243; 4.50; 1.258;  -34.37;    5.77;   9.94
100027;304.411956;-12.508212; 4.30; 0.928;   22.24;    0.75;   4.75
100044;304.446674; 38.032930; 4.77; 0.377;   -3.53;   -6.88;   0.52
100064;304.513564;-12.544852; 3.58; 0.883;   61.78;    2.85;  30.01
100310;305.165901;-12.759080; 4.77;-0.047;   15.71;  -14.63;  11.98
100345;305.252815;-14.781367; 3.05; 0.790;   48.42;   14.00;   9.48
100453;305.557091; 40.256679; 2.23; 0.673;    2.43;   -0.93;   2.14
100587;305.965086; 32.190172; 4.43; 1.331;   35.71;   -5.81;  12.77
100751;306.411908;-56.735090; 1.94;-0.118;    7.71;  -86.15;  17.80
101027;307.215058;-17.813687; 4.77; 0.386;  -15.79;   -7.66;  33.04
101076;307.348898; 30.368555; 4.01; 0.404;    6.87;   -0.64;   4.30
101421;308.303213; 11.303263; 4.03;-0.123;   10.75;  -28.54;   9.09
101474;308.475778; 35.250852; 4.61; 1.593;   -2.26;   -5.35;   3.51
101589;308.827231; 14.674213; 4.64; 0.120;   45.08;   11.71;  14.36
101769;309.387254; 14.595087; 3.64; 0.425;  118.28;  -47.65;  33.49
101772;309.391800;-47.291502; 3.11; 0.998;   49.20;   66.07;  32.21
101847;309.584511; -1.105121; 4.31; 0.949;   15.66;  -17.01;   8.50
101958;309.909531; 15.912072; 3.77;-0.057;   54.14;    7.91;  13.55
102098;310.357978; 45.280338; 1.25; 0.092;    1.56;    1.55;   1.01
102281;310.864724; 15.074581; 4.43; 0.302;  -19.61;  -41.74;  16.03
102333;311.009724;-51.920971; 4.51; 0.278;  155.49;  -53.64;  41.38
102431;311.338034; 57.579725; 4.52; 0.535;  -62.95; -235.56;  36.87
102453;311.415640; 30.719715; 4.22; 1.051;   -8.01;   24.04;  15.84
102485;311.523887;-25.270898; 4.13; 0.426;  -51.38; -156.66;  68.16
102488;311.552845; 33.970256; 2.48; 1.021;  356.16;  330.28;  45.26
102532;311.664593; 16.124296; 4.27; 1.042;  -25.88; -196.27;  32.14
102589;311.852241; 36.490717; 4.53;-0.083;   14.93;   -8.20;   3.71
102618;311.918964; -9.495776; 3.78; 0.000;   31.89;  -35.32;  14.21
102624;311.934317; -5.027701; 4.43; 1.639;   -3.30;  -40.24;   7.33
102978;312.955379;-26.919133; 4.12; 1.633;   -7.97;   -2.54;   5.19
103004;313.031992; 27.096980; 4.56; 0.835;  -72.33;  -60.95;  15.06
103045;313.163473; -8.983318; 4.73; 0.325;   47.06;  -32.91;  21.01
103227;313.702513;-58.454155; 3.67; 1.250;   21.06;  -24.75;   5.41
103413;314.293409; 41.167136; 3.94; 0.027;    8.51;  -23.97;   9.17
103632;314.956486; 47.520951; 4.74;-0.084;    7.25;    2.47;   2.90
103738;315.322751;-32.257767; 4.67; 0.890;   -2.09;   -0.19;  14.59
104060;316.232762; 43.927852; 3.72; 1.609;    8.60;    0.35;   2.77
104139;316.486783;-17.232861; 4.08;-0.010;   79.64;  -61.64;  20.61
104194;316.650391; 47.648404; 4.56; 1.569;    6.51;   -0.99;   3.32
104234;316.781950;-25.005853; 4.49; 1.604;  -27.19;  -43.37;   6.24
104459;317.398532;-11.371693; 4.50; 0.926;   92.31;  -15.76;  19.93
104521;317.585417; 10.131580; 4.70; 0.262;   49.07; -151.85;  28.38
104732;318.234109; 30.226916; 3.21; 0.990;    6.87;  -68.12;  21.62
104858;318.620063; 10.006981; 4.47; 0.529;   42.32; -303.43;  54.11
104887;318.697882; 38.045317; 3.74; 0.393;  195.74;  410.02;  47.80
104987;318.955965;  5.247845; 3.92; 0.549;   59.63;  -94.33;  17.51
105102;319.353970; 39.394681; 4.22; 0.098;    0.43;   -3.61;   0.72
105138;319.479485; 34.896898; 4.41;-0.103;   11.96;    6.85;   3.62
105140;319.484520;-32.172539; 4.71; 0.070;   55.46;  -22.12;  19.76
105319;319.966621;-53.449427; 4.39; 0.191;  107.37;  -67.12;  33.58
105502;320.521665; 19.804508; 4.08; 1.108;  105.94;   62.61;  21.19
105515;320.561651;-16.834542; 4.28; 0.888;   30.83;    5.26;  15.13
105881;321.666775;-22.411332; 3.77; 1.002;   -2.61;   18.88;   8.19
106039;322.180834;-21.807180; 4.50; 0.889;  133.97;   -5.47;  18.18
106140;322.487063; 23.638838; 4.52; 1.618;   24.39;    3.52;   7.37
106278;322.889725; -5.571172; 2.90; 0.828;   22.79;   -6.70;   5.33
106481;323.495219; 45.591837; 3.98; 0.885;  -24.48;  -93.88;  26.20
106723;324.270130;-19.466012; 4.51;-0.180;   13.48;    0.81;   4.92
106786;324.437956; -7.854202; 4.68; 0.175;  114.29;  -24.44;  18.26
106985;325.022735;-16.662308; 3.69; 0.320;  187.39;  -22.33;  23.48
107136;325.523602; 51.189622; 4.69;-0.119;    5.25;   -2.11;   1.94
107188;325.664613;-18.866323; 4.72; 0.868;  145.90;   -9.05;  11.22
107259;325.876920; 58.780046; 4.23; 2.242;    5.24;   -2.88;   0.62
107310;326.035740; 28.742632; 4.49; 0.512;  260.33; -242.73;  44.64
107315;326.046492;  9.875011; 2.38; 1.520;   30.02;    1.38;   4.85
107348;326.127897; 17.350017; 4.34; 1.161;    7.90;  -10.75;   3.62
107354;326.161393; 25.645036; 4.14; 0.425;   46.66;   13.47;  28.34
107380;326.236708;-33.025782; 4.35;-0.053;   31.79;  -94.00;  15.93
107533;326.698371; 49.309570; 4.23;-0.120;    3.61;   -1.86;   2.82
107556;326.760188;-16.127286; 2.85; 0.180;  263.26; -296.23;  84.58
108085;328.482185;-37.364852; 3.00;-0.084;   95.88;  -12.10;  16.07
108431;329.479478;-54.992576; 4.40; 0.297;   43.00;   -3.67;  17.65
108874;330.828517; -2.155363; 4.74;-0.100;   24.81;  -11.14;   8.56
108870;330.840236;-56.785976; 4.69; 1.056; 3959.97;-2538.84; 275.76
109074;331.445982; -0.319851; 2.95; 0.969;   17.90;   -9.93;   4.30
109111;331.528689;-39.543353; 4.47; 1.349;  -24.16; -125.17;  13.20
109139;331.609290;-13.869679; 4.29;-0.075;   40.45;  -57.16;  18.90
109176;331.752775; 25.345112; 3.77; 0.435;  296.73;   26.93;  85.06
109268;332.058273;-46.960975; 1.73;-0.070;  127.60; -147.91;  32.16
109285;332.095870;-32.988468; 4.50; 0.054;   80.05;  -28.88;  25.01
109410;332.496850; 33.178224; 4.28; 0.471;  -12.34;  -17.94;  12.96
109427;332.549938;  6.197865; 3.52; 0.086;  281.96;   31.23;  33.77
109492;332.713653; 58.201261; 3.39; 1.558;   13.35;    4.49;   4.49
109754;333.469708; 39.714927; 4.50; 1.385;   37.65;   15.55;   5.79
109857;333.759125; 57.043587; 4.18; 0.278;  476.45;   50.00;  38.86
109908;333.903836;-41.346701; 4.79; 0.790;   46.04;   20.45;  12.44
109937;333.992403; 37.748737; 4.14; 1.447;    8.74;    0.76;   5.20
110003;334.208485; -7.783290; 4.17; 0.979;  118.95;  -21.91;  17.04
110351;335.256445; 46.536570; 4.55;-0.100;   21.72;    1.92;   6.40
110371;335.330580; 28.330530; 4.78;-0.010;   17.42;    5.60;   5.37
110395;335.414064; -1.387332; 3.86;-0.057;  129.24;    8.90;  20.67
110538;335.890098; 52.229047; 4.42; 1.015;  -13.56; -186.37;  19.21
110609;336.129130; 49.476393; 4.55; 0.092;   -5.12;   -3.37;   1.54
110882;336.964676;  4.695664; 4.78; 1.039;   77.29; -307.36;  20.39
110960;337.207967; -0.019972; 3.65; 0.406;  191.32;   37.47;  31.53
110991;337.292776; 58.415199; 4.07; 0.778;   16.47;    3.55;   3.32
110997;337.317395;-43.495565; 3.97; 1.022;   25.62;   -4.23;  11.03
111022;337.382593; 47.706887; 4.34; 1.679;   -0.60;   -3.37;   2.80
111043;337.439306;-43.749224; 4.12; 1.570;  -14.93;    1.79;  10.04
111104;337.621917; 43.123376; 4.52;-0.086;   -2.05;   -5.76;   2.38
111169;337.822921; 50.282491; 3.76; 0.031;  137.22;   17.15;  31.86
111188;337.876378;-32.346073; 4.29; 0.011;   59.64;  -18.70;  21.99
111497;338.839086; -0.117498; 4.04;-0.083;   88.56;  -56.10;  17.77
111674;339.343407; 51.545123; 4.64; 0.254;  -51.31; -103.34;  18.95
111944;340.128580; 44.276305; 4.50; 1.318;   94.18;   10.00;  10.81
111954;340.163917;-27.043617; 4.18;-0.105;   22.01;   -0.88;   4.38
112029;340.365503; 10.831364; 3.41;-0.086;   77.38;  -10.98;  15.64
112122;340.666878;-46.884577; 2.07; 1.610;  135.68;   -4.51;  19.17
112158;340.750573; 30.221245; 2.93; 0.852;   13.11;  -26.11;  15.18
112211;340.896805;-18.830375; 4.68; 1.358;  -31.40;  -28.02;   6.73
112440;341.632828; 23.565654; 3.97; 1.070;   56.99;  -10.46;   8.26
112447;341.673252; 12.172888; 4.20; 0.502;  233.06; -492.04;  61.54
112623;342.138743;-51.316864; 3.49; 0.083;  108.47;  -65.93;  25.16
112716;342.397926;-13.592632; 4.05; 1.570;  -12.58;  -38.80;   8.58
112748;342.500803; 24.601579; 3.51; 0.933;  144.11;  -43.44;  27.95
112948;343.131395;-32.875504; 4.46;-0.037;  -33.32;  -22.15;  14.67
112961;343.153650; -7.579599; 3.73; 1.626;   19.51;   32.71;   8.33
113136;343.662552;-15.820820; 3.27; 0.066;  -44.08;  -24.81;  20.44
113246;343.987081;-32.539628; 4.20; 0.952;   10.84;   30.32;  19.14
113368;344.412694;-29.622236; 1.17; 0.145;  329.22; -164.22; 130.08
113638;345.220048;-52.754137; 4.11; 0.960;  -65.09;  -12.91;  28.99
113726;345.480268; 42.325979; 3.62;-0.099;   22.47;    0.24;   4.71
113881;345.943573; 28.082789; 2.44; 1.655;  187.76;  137.61;  16.37
113889;345.969225;  3.820045; 4.48;-0.115;   12.86;  -10.13;   6.62
113919;346.045763; 50.052091; 4.64; 1.058;  166.70;  167.30;  18.20
113963;346.190224; 15.205264; 2.49;-0.002;   61.10;  -42.56;  23.36
114119;346.670189;-23.743116; 4.48; 0.892;   59.90;    0.53;  17.32
114131;346.719707;-43.520358; 4.28; 0.423;  -48.35;  -13.98;  24.51
114144;346.751083;  9.409492; 4.54; 1.559;    6.73;  -12.76;  10.13
114155;346.778081; 25.468259; 4.76; 1.285;    0.26;  -33.31;   6.07
114341;347.361655;-21.172410; 3.68; 1.202;   55.99;   31.25;  13.96
114375;347.478748;-22.457611; 4.71; 0.674;   35.92;   -7.79;   6.26
114421;347.589740;-45.246711; 3.88; 0.998;  132.42;  -26.27;  17.63
114570;348.137514; 49.406207; 4.53; 0.302;   89.78;   95.57;  40.82
114724;348.580665; -6.049003; 4.22; 1.545;   46.22; -195.85;  14.68
114855;348.972894; -9.087737; 4.24; 1.107;  368.56;  -17.02;  21.97
114971;349.291408;  3.282289; 3.70; 0.916;  760.35;   17.96;  24.92
114996;349.357389;-58.235734; 3.99; 0.410;  -34.93;   79.59;  45.40
115033;349.475897; -9.182513; 4.41;-0.144;   19.63;   -9.64;  10.13
115102;349.706002;-32.532027; 4.41; 1.109;   19.65;  -78.57;  18.24
115250;350.159344; 23.740337; 4.58; 0.180;   30.48;   -9.14;  19.50
115438;350.742612;-20.100580; 3.96; 1.082; -120.27;  -96.70;  20.14
115623;351.344934; 23.404101; 4.42; 0.617;  193.12;   36.47;  18.83
115669;351.511609;-20.642014; 4.38; 1.460;  -50.13;  -62.97;  10.57
115830;351.992063;  6.378992; 4.27; 1.062; -123.83;  -43.26;  20.54
115919;352.288733; 12.760554; 4.54; 0.939;   59.62;   25.18;  18.34
116231;353.242747;-37.818268; 4.38;-0.095;   96.39;   37.58;  18.28
116247;353.319265;-20.914504; 4.70; 0.020;   -2.55;    8.64;  10.18
116389;353.769017;-42.615075; 4.69; 0.078;   42.18;   10.78;  11.92
116584;354.391010; 46.458152; 3.81; 0.984;  159.22; -421.46;  38.74
116602;354.462478;-45.492351; 4.74; 0.082;   71.36;  -12.34;  16.26
116631;354.534172; 43.268073; 4.29;-0.083;   27.72;   -1.21;   6.49
116771;354.987670;  5.626292; 4.13; 0.507;  376.32; -437.00;  72.51
116805;355.102117; 44.333932; 4.15;-0.071;   81.33;  -18.96;  19.22
116928;355.511692;  1.780041; 4.49; 0.200; -129.55; -154.87;  32.38
116971;355.680601;-14.544905; 4.49;-0.032;   98.35;  -66.78;  21.16
117452;357.231442;-28.130268; 4.59; 0.001;  100.03; -104.04;  22.73
117863;358.595968; 57.499382; 4.51; 1.190;   -4.54;   -3.45;   0.28
118131;359.439693; 25.141401; 4.63; 1.584;  -36.06;  -32.25;   7.54
118268;359.827873;  6.863321; 4.03; 0.419;  148.49; -112.16;  30.78
