5103.46	0.000000
5105.27738	0.000000
5107.09476	3.000000
5108.91214	1.000000
5110.72952	3.000000
5112.5469	4.000000
5114.36428	3.000000
5116.18166	3.000000
5117.99904	1.000000
5119.81642	0.000000
5121.6338	0.000000
5123.45118	0.000000
5125.26856	0.000000
5127.08594	0.000000
5128.90332	0.000000
5130.7207	0.000000
5132.53808	0.000000
5134.35546	2.000000
5136.17284	0.000000
5137.99022	0.000000
5139.8076	0.000000
5141.62498	0.000000
5143.44236	0.000000
5145.25974	0.000000
5147.07712	0.000000
5148.8945	0.000000
5150.71188	0.000000
5152.52926	1.000000
5154.34664	3.000000
5156.16402	1.000000
5157.9814	2.000000
5159.79878	3.000000
5161.61616	3.000000
5163.43354	2.000000
5165.25092	4.000000
5167.0683	2.000000
5168.88568	0.000000
5170.70306	4.000000
5172.52044	4.000000
5174.33782	0.000000
5176.1552	0.000000
5177.97258	2.000000
5179.78996	0.000000
5181.60734	2.000000
5183.42472	0.000000
5185.2421	3.000000
5187.05948	12.000000
5188.87686	5.000000
5190.69424	2.000000
5192.51162	2.000000
5194.329	0.000000
5196.14638	0.000000
5197.96376	0.000000
5199.78114	0.000000
5201.59852	0.000000
5203.4159	1.000000
5205.23328	2.000000
5207.05066	2.000000
5208.86804	0.000000
5210.68542	0.000000
5212.5028	0.000000
5214.32018	0.000000
5216.13756	0.000000
5217.95494	0.000000
5219.77232	1.000000
5221.5897	1.000000
5223.40708	8.000000
5225.22446	3.000000
5227.04184	2.000000
5228.85922	1.000000
5230.6766	4.000000
5232.49398	3.000000
5234.31136	2.000000
5236.12874	0.000000
5237.94612	0.000000
5239.7635	7.000000
5241.58088	12.000000
5243.39826	6.000000
5245.21564	0.000000
5247.03302	0.000000
5248.8504	1.000000
5250.66778	3.000000
5252.48516	2.000000
5254.30254	2.000000
5256.11992	3.000000
5257.9373	3.000000
5259.75468	2.000000
5261.57206	0.000000
5263.38944	0.000000
5265.20682	0.000000
5267.0242	3.000000
5268.84158	1.000000
5270.65896	1.000000
5272.47634	1.000000
5274.29372	1.000000
5276.1111	0.000000
5277.92848	1.000000
5279.74586	1.000000
5281.56324	0.000000
5283.38062	0.000000
5285.198	0.000000
5287.01538	0.000000
5288.83276	0.000000
5290.65014	0.000000
5292.46752	0.000000
5294.2849	0.000000
5296.10228	0.000000
5297.91966	4.000000
5299.73704	4.000000
5301.55442	0.000000
5303.3718	1.000000
5305.18918	4.000000
5307.00656	2.000000
5308.82394	0.000000
5310.64132	0.000000
5312.4587	0.000000
5314.27608	0.000000
5316.09346	0.000000
5317.91084	0.000000
5319.72822	0.000000
5321.5456	0.000000
5323.36298	0.000000
5325.18036	10.000000
5326.99774	3.000000
5328.81512	2.000000
5330.6325	11.000000
5332.44988	17.000000
5334.26726	7.000000
5336.08464	1.000000
5337.90202	2.000000
5339.7194	19.000000
5341.53678	17.000000
5343.35416	23.000000
5345.17154	25.000000
5346.98892	12.000000
5348.8063	0.000000
5350.62368	2.000000
5352.44106	9.000000
5354.25844	0.000000
5356.07582	0.000000
5357.8932	0.000000
5359.71058	1.000000
5361.52796	3.000000
5363.34534	6.000000
5365.16272	4.000000
5366.9801	3.000000
5368.79748	0.000000
5370.61486	0.000000
5372.43224	0.000000
5374.24962	0.000000
5376.067	0.000000
5377.88438	0.000000
5379.70176	0.000000
5381.51914	0.000000
5383.33652	0.000000
5385.1539	0.000000
5386.97128	1.000000
5388.78866	2.000000
5390.60604	5.000000
5392.42342	1.000000
5394.2408	12.000000
5396.05818	49.000000
5397.87556	152.000000
5399.69294	234.000000
5401.51032	243.000000
5403.3277	174.000000
5405.14508	42.000000
5406.96246	0.000000
5408.77984	0.000000
5410.59722	3.000000
5412.4146	1.000000
5414.23198	0.000000
5416.04936	0.000000
5417.86674	5.000000
5419.68412	0.000000
5421.5015	0.000000
5423.31888	0.000000
5425.13626	0.000000
5426.95364	1.000000
5428.77102	1.000000
5430.5884	2.000000
5432.40578	1.000000
5434.22316	1.000000
5436.04054	1.000000
5437.85792	4.000000
5439.6753	8.000000
5441.49268	0.000000
5443.31006	0.000000
5445.12744	0.000000
5446.94482	0.000000
5448.7622	0.000000
5450.57958	0.000000
5452.39696	0.000000
5454.21434	0.000000
5456.03172	0.000000
5457.8491	0.000000
5459.66648	0.000000
5461.48386	0.000000
5463.30124	0.000000
5465.11862	0.000000
5466.936	0.000000
5468.75338	0.000000
5470.57076	3.000000
5472.38814	2.000000
5474.20552	0.000000
5476.0229	0.000000
5477.84028	0.000000
5479.65766	0.000000
5481.47504	0.000000
5483.29242	0.000000
5485.1098	5.000000
5486.92718	1.000000
5488.74456	0.000000
5490.56194	3.000000
5492.37932	3.000000
5494.1967	0.000000
5496.01408	0.000000
5497.83146	4.000000
5499.64884	3.000000
5501.46622	2.000000
5503.2836	2.000000
5505.10098	4.000000
5506.91836	3.000000
5508.73574	0.000000
5510.55312	1.000000
5512.3705	3.000000
5514.18788	1.000000
5516.00526	1.000000
5517.82264	2.000000
5519.64002	2.000000
5521.4574	2.000000
5523.27478	1.000000
5525.09216	1.000000
5526.90954	2.000000
5528.72692	0.000000
5530.5443	2.000000
5532.36168	1.000000
5534.17906	0.000000
5535.99644	2.000000
5537.81382	9.000000
5539.6312	6.000000
5541.44858	1.000000
5543.26596	0.000000
5545.08334	0.000000
5546.90072	0.000000
5548.7181	0.000000
5550.53548	0.000000
5552.35286	0.000000
5554.17024	1.000000
5555.98762	2.000000
5557.805	6.000000
5559.62238	3.000000
5561.43976	0.000000
5563.25714	2.000000
5565.07452	2.000000
5566.8919	0.000000
5568.70928	1.000000
5570.52666	4.000000
5572.34404	7.000000
5574.16142	5.000000
5575.9788	3.000000
5577.79618	0.000000
5579.61356	0.000000
5581.43094	0.000000
5583.24832	0.000000
5585.0657	0.000000
5586.88308	2.000000
5588.70046	4.000000
5590.51784	3.000000
5592.33522	3.000000
5594.1526	0.000000
5595.96998	0.000000
5597.78736	1.000000
5599.60474	3.000000
5601.42212	5.000000
5603.2395	4.000000
5605.05688	3.000000
5606.87426	1.000000
5608.69164	0.000000
5610.50902	0.000000
5612.3264	0.000000
5614.14378	0.000000
5615.96116	6.000000
5617.77854	4.000000
5619.59592	1.000000
5621.4133	0.000000
5623.23068	1.000000
5625.04806	1.000000
5626.86544	2.000000
5628.68282	2.000000
5630.5002	2.000000
5632.31758	0.000000
5634.13496	0.000000
5635.95234	0.000000
5637.76972	0.000000
5639.5871	0.000000
5641.40448	0.000000
5643.22186	0.000000
5645.03924	2.000000
5646.85662	3.000000
5648.674	0.000000
5650.49138	2.000000
5652.30876	14.000000
5654.12614	9.000000
5655.94352	2.000000
5657.7609	3.000000
5659.57828	0.000000
5661.39566	3.000000
5663.21304	4.000000
5665.03042	2.000000
5666.8478	0.000000
5668.66518	1.000000
5670.48256	3.000000
5672.29994	2.000000
5674.11732	3.000000
5675.9347	3.000000
5677.75208	2.000000
5679.56946	1.000000
5681.38684	1.000000
5683.20422	3.000000
5685.0216	6.000000
5686.83898	7.000000
5688.65636	1.000000
5690.47374	0.000000
5692.29112	1.000000
5694.1085	0.000000
5695.92588	2.000000
5697.74326	8.000000
5699.56064	6.000000
5701.37802	7.000000
5703.1954	1.000000
5705.01278	0.000000
5706.83016	0.000000
5708.64754	3.000000
5710.46492	5.000000
5712.2823	0.000000
5714.09968	0.000000
5715.91706	3.000000
5717.73444	6.000000
5719.55182	1.000000
5721.3692	0.000000
5723.18658	2.000000
5725.00396	3.000000
5726.82134	4.000000
5728.63872	1.000000
5730.4561	0.000000
5732.27348	1.000000
5734.09086	3.000000
5735.90824	3.000000
5737.72562	0.000000
5739.543	1.000000
5741.36038	7.000000
5743.17776	8.000000
5744.99514	6.000000
5746.81252	7.000000
5748.6299	2.000000
5750.44728	2.000000
5752.26466	1.000000
5754.08204	3.000000
5755.89942	0.000000
5757.7168	6.000000
5759.53418	38.000000
5761.35156	89.000000
5763.16894	100.000000
5764.98632	70.000000
5766.8037	33.000000
5768.62108	2.000000
5770.43846	0.000000
5772.25584	3.000000
5774.07322	4.000000
5775.8906	5.000000
5777.70798	3.000000
5779.52536	0.000000
5781.34274	1.000000
5783.16012	5.000000
5784.9775	4.000000
5786.79488	6.000000
5788.61226	4.000000
5790.42964	7.000000
5792.24702	2.000000
5794.0644	4.000000
5795.88178	2.000000
5797.69916	1.000000
5799.51654	14.000000
5801.33392	22.000000
5803.1513	13.000000
5804.96868	9.000000
5806.78606	22.000000
5808.60344	27.000000
5810.42082	8.000000
5812.2382	0.000000
5814.05558	5.000000
5815.87296	37.000000
5817.69034	67.000000
5819.50772	88.000000
5821.3251	90.000000
5823.14248	53.000000
5824.95986	32.000000
5826.77724	21.000000
5828.59462	23.000000
5830.412	60.000000
5832.22938	72.000000
5834.04676	70.000000
5835.86414	60.000000
5837.68152	90.000000
5839.4989	66.000000
5841.31628	151.000000
5843.13366	175.000000
5844.95104	565.000000
5846.76842	1823.000000
5848.5858	1807.000000
5850.40318	1802.000000
5852.22056	1800.000000
5854.03794	1800.000000
5855.85532	1890.000000
5857.6727	278.000000
5859.49008	103.000000
5861.30746	95.000000
5863.12484	23.000000
5864.94222	35.000000
5866.7596	39.000000
5868.57698	46.000000
5870.39436	61.000000
5872.21174	40.000000
5874.02912	76.000000
5875.8465	228.000000
5877.66388	561.000000
5879.48126	922.000000
5881.29864	976.000000
5883.11602	761.000000
5884.9334	440.000000
5886.75078	35.000000
5888.56816	16.000000
5890.38554	20.000000
5892.20292	13.000000
5894.0203	7.000000
5895.83768	7.000000
5897.65506	22.000000
5899.47244	42.000000
5901.28982	54.000000
5903.1072	57.000000
5904.92458	49.000000
5906.74196	37.000000
5908.55934	23.000000
5910.37672	14.000000
5912.1941	9.000000
5914.01148	14.000000
5915.82886	16.000000
5917.64624	12.000000
5919.46362	8.000000
5921.281	9.000000
5923.09838	6.000000
5924.91576	7.000000
5926.73314	4.000000
5928.55052	22.000000
5930.3679	22.000000
5932.18528	54.000000
5934.00266	42.000000
5935.82004	116.000000
5937.63742	129.000000
5939.4548	517.000000
5941.27218	1119.000000
5943.08956	1302.000000
5944.90694	1279.000000
5946.72432	1003.000000
5948.5417	154.000000
5950.35908	52.000000
5952.17646	29.000000
5953.99384	17.000000
5955.81122	29.000000
5957.6286	11.000000
5959.44598	11.000000
5961.26336	24.000000
5963.08074	28.000000
5964.89812	67.000000
5966.7155	55.000000
5968.53288	66.000000
5970.35026	226.000000
5972.16764	344.000000
5973.98502	471.000000
5975.8024	440.000000
5977.61978	188.000000
5979.43716	34.000000
5981.25454	19.000000
5983.07192	13.000000
5984.8893	28.000000
5986.70668	15.000000
5988.52406	17.000000
5990.34144	6.000000
5992.15882	11.000000
5993.9762	6.000000
5995.79358	3.000000
5997.61096	3.000000
5999.42834	8.000000
6001.24572	11.000000
6003.0631	4.000000
6004.88048	1.000000
6006.69786	2.000000
6008.51524	7.000000
6010.33262	11.000000
6012.15	0.000000
6013.96738	10.000000
6015.78476	20.000000
6017.60214	16.000000
6019.41952	28.000000
6021.2369	35.000000
6023.05428	96.000000
6024.87166	246.000000
6026.68904	368.000000
6028.50642	466.000000
6030.3238	419.000000
6032.14118	178.000000
6033.95856	57.000000
6035.77594	49.000000
6037.59332	16.000000
6039.4107	23.000000
6041.22808	0.000000
6043.04546	0.000000
6044.86284	11.000000
6046.68022	8.000000
6048.4976	12.000000
6050.31498	11.000000
6052.13236	0.000000
6053.94974	6.000000
6055.76712	22.000000
6057.5845	24.000000
6059.40188	40.000000
6061.21926	41.000000
6063.03664	88.000000
6064.85402	97.000000
6066.6714	183.000000
6068.48878	361.000000
6070.30616	637.000000
6072.12354	988.000000
6073.94092	989.000000
6075.7583	598.000000
6077.57568	276.000000
6079.39306	104.000000
6081.21044	65.000000
6083.02782	68.000000
6084.8452	137.000000
6086.66258	146.000000
6088.47996	262.000000
6090.29734	547.000000
6092.11472	958.000000
6093.9321	1344.000000
6095.74948	1367.000000
6097.56686	816.000000
6099.38424	380.000000
6101.20162	168.000000
6103.019	62.000000
6104.83638	48.000000
6106.65376	28.000000
6108.47114	25.000000
6110.28852	20.000000
6112.1059	20.000000
6113.92328	1.000000
6115.74066	13.000000
6117.55804	22.000000
6119.37542	25.000000
6121.1928	44.000000
6123.01018	62.000000
6124.82756	82.000000
6126.64494	86.000000
6128.46232	107.000000
6130.2797	116.000000
6132.09708	209.000000
6133.91446	242.000000
6135.73184	393.000000
6137.54922	1018.000000
6139.3666	1342.000000
6141.18398	1411.000000
6143.00136	1504.000000
6144.81874	862.000000
6146.63612	256.000000
6148.4535	203.000000
6150.27088	116.000000
6152.08826	97.000000
6153.90564	122.000000
6155.72302	136.000000
6157.5404	229.000000
6159.35778	588.000000
6161.17516	730.000000
6162.99254	754.000000
6164.80992	596.000000
6166.6273	165.000000
6168.44468	72.000000
6170.26206	71.000000
6172.07944	16.000000
6173.89682	16.000000
6175.7142	17.000000
6177.53158	17.000000
6179.34896	0.000000
6181.16634	6.000000
6182.98372	11.000000
6184.8011	12.000000
6186.61848	2.000000
6188.43586	10.000000
6190.25324	1.000000
6192.07062	2.000000
6193.888	22.000000
6195.70538	12.000000
6197.52276	0.000000
6199.34014	0.000000
6201.15752	12.000000
6202.9749	16.000000
6204.79228	67.000000
6206.60966	67.000000
6208.42704	85.000000
6210.24442	102.000000
6212.0618	191.000000
6213.87918	442.000000
6215.69656	511.000000
6217.51394	388.000000
6219.33132	275.000000
6221.1487	82.000000
6222.96608	32.000000
6224.78346	30.000000
6226.60084	26.000000
6228.41822	19.000000
6230.2356	2.000000
6232.05298	0.000000
6233.87036	9.000000
6235.68774	2.000000
6237.50512	4.000000
6239.3225	0.000000
6241.13988	5.000000
6242.95726	2.000000
6244.77464	16.000000
6246.59202	26.000000
6248.4094	16.000000
6250.22678	17.000000
6252.04416	27.000000
6253.86154	40.000000
6255.67892	136.000000
6257.4963	154.000000
6259.31368	277.000000
6261.13106	583.000000
6262.94844	888.000000
6264.76582	1202.000000
6266.5832	1144.000000
6268.40058	563.000000
6270.21796	232.000000
6272.03534	145.000000
6273.85272	48.000000
6275.6701	29.000000
6277.48748	21.000000
6279.30486	22.000000
6281.12224	15.000000
6282.93962	13.000000
6284.757	26.000000
6286.57438	29.000000
6288.39176	16.000000
6290.20914	11.000000
6292.02652	34.000000
6293.8439	22.000000
6295.66128	57.000000
6297.47866	69.000000
6299.29604	157.000000
6301.11342	373.000000
6302.9308	500.000000
6304.74818	465.000000
6306.56556	380.000000
6308.38294	106.000000
6310.20032	24.000000
6312.0177	15.000000
6313.83508	0.000000
6315.65246	10.000000
6317.46984	27.000000
6319.28722	15.000000
6321.1046	43.000000
6322.92198	57.000000
6324.73936	127.000000
6326.55674	153.000000
6328.37412	274.000000
6330.1915	817.000000
6332.00888	985.000000
6333.82626	949.000000
6335.64364	833.000000
6337.46102	230.000000
6339.2784	94.000000
6341.09578	65.000000
6342.91316	8.000000
6344.73054	10.000000
6346.54792	17.000000
6348.3653	3.000000
6350.18268	15.000000
6352.00006	31.000000
6353.81744	15.000000
6355.63482	13.000000
6357.4522	12.000000
6359.26958	22.000000
6361.08696	18.000000
6362.90434	10.000000
6364.72172	27.000000
6366.5391	32.000000
6368.35648	40.000000
6370.17386	54.000000
6371.99124	145.000000
6373.80862	184.000000
6375.626	330.000000
6377.44338	684.000000
6379.26076	1008.000000
6381.07814	1234.000000
6382.89552	1243.000000
6384.7129	627.000000
6386.53028	272.000000
6388.34766	219.000000
6390.16504	184.000000
6391.98242	199.000000
6393.7998	319.000000
6395.61718	344.000000
6397.43456	697.000000
6399.25194	1302.000000
6401.06932	1269.000000
6402.8867	1251.000000
6404.70408	1365.000000
6406.52146	340.000000
6408.33884	151.000000
6410.15622	107.000000
6411.9736	31.000000
6413.79098	30.000000
6415.60836	19.000000
6417.42574	31.000000
6419.24312	34.000000
6421.0605	20.000000
6422.87788	8.000000
6424.69526	9.000000
6426.51264	33.000000
6428.33002	37.000000
6430.1474	24.000000
6431.96478	12.000000
6433.78216	13.000000
6435.59954	23.000000
6437.41692	32.000000
6439.2343	20.000000
6441.05168	12.000000
6442.86906	10.000000
6444.68644	4.000000
6446.50382	11.000000
6448.3212	21.000000
6450.13858	21.000000
6451.95596	17.000000
6453.77334	14.000000
6455.59072	13.000000
6457.4081	15.000000
6459.22548	14.000000
6461.04286	17.000000
6462.86024	16.000000
6464.67762	10.000000
6466.495	13.000000
6468.31238	22.000000
6470.12976	22.000000
6471.94714	11.000000
6473.76452	21.000000
6475.5819	12.000000
6477.39928	12.000000
6479.21666	17.000000
6481.03404	24.000000
6482.85142	21.000000
6484.6688	23.000000
6486.48618	21.000000
6488.30356	2.000000
6490.12094	11.000000
6491.93832	38.000000
6493.7557	56.000000
6495.57308	144.000000
6497.39046	169.000000
6499.20784	315.000000
6501.02522	748.000000
6502.8426	1025.000000
6504.65998	1177.000000
6506.47736	1163.000000
6508.29474	498.000000
6510.11212	205.000000
6511.9295	147.000000
6513.74688	46.000000
6515.56426	30.000000
6517.38164	16.000000
6519.19902	27.000000
6521.0164	32.000000
6522.83378	40.000000
6524.65116	117.000000
6526.46854	146.000000
6528.28592	269.000000
6530.1033	574.000000
6531.92068	656.000000
6533.73806	448.000000
6535.55544	281.000000
6537.37282	121.000000
6539.1902	16.000000
6541.00758	5.000000
6542.82496	13.000000
6544.64234	9.000000
6546.45972	5.000000
6548.2771	10.000000
6550.09448	16.000000
6551.91186	21.000000
6553.72924	33.000000
6555.54662	29.000000
6557.364	17.000000
6559.18138	14.000000
6560.99876	16.000000
6562.81614	20.000000
6564.63352	17.000000
6566.4509	18.000000
6568.26828	24.000000
6570.08566	28.000000
6571.90304	21.000000
6573.72042	14.000000
6575.5378	17.000000
6577.35518	22.000000
6579.17256	26.000000
6580.98994	20.000000
6582.80732	12.000000
6584.6247	8.000000
6586.44208	45.000000
6588.25946	51.000000
6590.07684	127.000000
6591.89422	150.000000
6593.7116	289.000000
6595.52898	774.000000
6597.34636	823.000000
6599.16374	690.000000
6600.98112	523.000000
6602.7985	168.000000
6604.61588	30.000000
6606.43326	19.000000
6608.25064	3.000000
6610.06802	0.000000
6611.8854	5.000000
6613.70278	7.000000
6615.52016	19.000000
6617.33754	15.000000
6619.15492	17.000000
6620.9723	22.000000
6622.78968	32.000000
6624.60706	30.000000
6626.42444	20.000000
6628.24182	14.000000
6630.0592	13.000000
6631.87658	26.000000
6633.69396	16.000000
6635.51134	14.000000
6637.32872	12.000000
6639.1461	29.000000
6640.96348	23.000000
6642.78086	24.000000
6644.59824	10.000000
6646.41562	12.000000
6648.233	24.000000
6650.05038	17.000000
6651.86776	13.000000
6653.68514	20.000000
6655.50252	22.000000
6657.3199	11.000000
6659.13728	10.000000
6660.95466	11.000000
6662.77204	24.000000
6664.58942	46.000000
6666.4068	101.000000
6668.22418	128.000000
6670.04156	244.000000
6671.85894	350.000000
6673.67632	646.000000
6675.4937	1181.000000
6677.31108	1206.000000
6679.12846	789.000000
6680.94584	501.000000
6682.76322	213.000000
6684.5806	77.000000
6686.39798	50.000000
6688.21536	16.000000
6690.03274	18.000000
6691.85012	4.000000
6693.6675	5.000000
6695.48488	33.000000
6697.30226	39.000000
6699.11964	21.000000
6700.93702	12.000000
6702.7544	32.000000
6704.57178	50.000000
6706.38916	95.000000
6708.20654	122.000000
6710.02392	247.000000
6711.8413	667.000000
6713.65868	843.000000
6715.47606	905.000000
6717.29344	805.000000
6719.11082	310.000000
6720.9282	109.000000
6722.74558	72.000000
6724.56296	16.000000
6726.38034	17.000000
6728.19772	6.000000
6730.0151	4.000000
6731.83248	26.000000
6733.64986	28.000000
6735.46724	42.000000
6737.28462	40.000000
6739.102	23.000000
6740.91938	21.000000
6742.73676	30.000000
6744.55414	17.000000
6746.37152	9.000000
6748.1889	16.000000
6750.00628	32.000000
6751.82366	41.000000
6753.64104	33.000000
6755.45842	19.000000
6757.2758	14.000000
6759.09318	13.000000
6760.91056	11.000000
6762.72794	16.000000
6764.54532	23.000000
6766.3627	17.000000
6768.18008	24.000000
6769.99746	28.000000
6771.81484	18.000000
6773.63222	14.000000
6775.4496	15.000000
6777.26698	12.000000
6779.08436	20.000000
6780.90174	19.000000
6782.71912	16.000000
6784.5365	18.000000
6786.35388	24.000000
6788.17126	20.000000
6789.98864	14.000000
6791.80602	14.000000
6793.6234	14.000000
6795.44078	25.000000
6797.25816	24.000000
6799.07554	13.000000
6800.89292	13.000000
6802.7103	14.000000
6804.52768	15.000000
6806.34506	17.000000
6808.16244	16.000000
6809.97982	27.000000
6811.7972	19.000000
6813.61458	11.000000
6815.43196	14.000000
6817.24934	22.000000
6819.06672	19.000000
6820.8841	16.000000
6822.70148	11.000000
6824.51886	26.000000
6826.33624	28.000000
6828.15362	9.000000
6829.971	6.000000
6831.78838	18.000000
6833.60576	32.000000
6835.42314	31.000000
6837.24052	27.000000
6839.0579	15.000000
6840.87528	19.000000
6842.69266	23.000000
6844.51004	17.000000
6846.32742	20.000000
6848.1448	22.000000
6849.96218	14.000000
6851.77956	13.000000
6853.59694	29.000000
6855.41432	21.000000
6857.2317	16.000000
6859.04908	17.000000
6860.86646	13.000000
6862.68384	14.000000
6864.50122	27.000000
6866.3186	32.000000
6868.13598	28.000000
6869.95336	26.000000
6871.77074	34.000000
6873.58812	36.000000
6875.4055	17.000000
6877.22288	2.000000
6879.04026	24.000000
6880.85764	39.000000
6882.67502	18.000000
6884.4924	6.000000
6886.30978	13.000000
6888.12716	20.000000
6889.94454	29.000000
6891.76192	19.000000
6893.5793	18.000000
6895.39668	51.000000
6897.21406	49.000000
6899.03144	9.000000
6900.84882	8.000000
6902.6662	19.000000
6904.48358	14.000000
6906.30096	24.000000
6908.11834	26.000000
6909.93572	27.000000
6911.7531	0.000000
6913.57048	15.000000
6915.38786	50.000000
6917.20524	79.000000
6919.02262	84.000000
6920.84	162.000000
6922.65738	256.000000
6924.47476	588.000000
6926.29214	1036.000000
6928.10952	1077.000000
6929.9269	763.000000
6931.74428	505.000000
6933.56166	173.000000
6935.37904	69.000000
6937.19642	53.000000
6939.0138	2.000000
6940.83118	12.000000
6942.64856	42.000000
6944.46594	45.000000
6946.28332	20.000000
6948.1007	15.000000
6949.91808	15.000000
6951.73546	29.000000
6953.55284	23.000000
6955.37022	6.000000
6957.1876	18.000000
6959.00498	48.000000
6960.82236	124.000000
6962.63974	156.000000
6964.45712	161.000000
6966.2745	111.000000
6968.09188	66.000000
6969.90926	20.000000
6971.72664	9.000000
6973.54402	3.000000
6975.3614	20.000000
6977.17878	11.000000
6978.99616	25.000000
6980.81354	40.000000
6982.63092	32.000000
6984.4483	20.000000
6986.26568	23.000000
6988.08306	27.000000
6989.90044	23.000000
6991.71782	17.000000
6993.5352	20.000000
6995.35258	16.000000
6997.16996	23.000000
6998.98734	25.000000
7000.80472	24.000000
7002.6221	27.000000
7004.43948	23.000000
7006.25686	21.000000
7008.07424	15.000000
7009.89162	17.000000
7011.709	28.000000
7013.52638	8.000000
7015.34376	41.000000
7017.16114	83.000000
7018.97852	155.000000
7020.7959	169.000000
7022.61328	269.000000
7024.43066	271.000000
7026.24804	788.000000
7028.06542	1543.000000
7029.8828	1539.000000
7031.70018	1496.000000
7033.51756	1478.000000
7035.33494	665.000000
7037.15232	186.000000
7038.9697	171.000000
7040.78708	33.000000
7042.60446	14.000000
7044.42184	12.000000
7046.23922	9.000000
7048.0566	28.000000
7049.87398	29.000000
7051.69136	34.000000
7053.50874	20.000000
7055.32612	53.000000
7057.1435	51.000000
7058.96088	44.000000
7060.77826	45.000000
7062.59564	82.000000
7064.41302	110.000000
7066.2304	106.000000
7068.04778	91.000000
7069.86516	40.000000
7071.68254	16.000000
7073.49992	10.000000
7075.3173	13.000000
7077.13468	14.000000
7078.95206	15.000000
7080.76944	14.000000
7082.58682	17.000000
7084.4042	14.000000
7086.22158	14.000000
7088.03896	27.000000
7089.85634	32.000000
7091.67372	23.000000
7093.4911	17.000000
7095.30848	22.000000
7097.12586	27.000000
7098.94324	10.000000
7100.76062	15.000000
7102.578	27.000000
7104.39538	35.000000
7106.21276	23.000000
7108.03014	8.000000
7109.84752	4.000000
7111.6649	12.000000
7113.48228	44.000000
7115.29966	29.000000
7117.11704	11.000000
7118.93442	8.000000
7120.7518	14.000000
7122.56918	14.000000
7124.38656	15.000000
7126.20394	18.000000
7128.02132	24.000000
7129.8387	26.000000
7131.65608	17.000000
7133.47346	15.000000
7135.29084	15.000000
7137.10822	18.000000
7138.9256	17.000000
7140.74298	14.000000
7142.56036	38.000000
7144.37774	24.000000
7146.19512	17.000000
7148.0125	20.000000
7149.82988	18.000000
7151.64726	17.000000
7153.46464	17.000000
7155.28202	13.000000
7157.0994	11.000000
7158.91678	26.000000
7160.73416	26.000000
7162.55154	10.000000
7164.36892	5.000000
7166.1863	16.000000
7168.00368	59.000000
7169.82106	110.000000
7171.63844	171.000000
7173.45582	186.000000
7175.2732	173.000000
7177.09058	155.000000
7178.90796	48.000000
7180.72534	9.000000
7182.54272	13.000000
7184.3601	17.000000
7186.17748	20.000000
7187.99486	31.000000
7189.81224	31.000000
7191.62962	37.000000
7193.447	33.000000
7195.26438	15.000000
7197.08176	21.000000
7198.89914	24.000000
7200.71652	18.000000
7202.5339	16.000000
7204.35128	17.000000
7206.16866	20.000000
7207.98604	28.000000
7209.80342	25.000000
7211.6208	25.000000
7213.43818	33.000000
7215.25556	30.000000
7217.07294	31.000000
7218.89032	20.000000
7220.7077	11.000000
7222.52508	12.000000
7224.34246	24.000000
7226.15984	29.000000
7227.97722	18.000000
7229.7946	16.000000
7231.61198	33.000000
7233.42936	34.000000
7235.24674	78.000000
7237.06412	93.000000
7238.8815	188.000000
7240.69888	481.000000
7242.51626	741.000000
7244.33364	1062.000000
7246.15102	1033.000000
7247.9684	625.000000
7249.78578	335.000000
7251.60316	103.000000
7253.42054	23.000000
7255.23792	4.000000
7257.0553	10.000000
7258.87268	6.000000
7260.69006	20.000000
7262.50744	14.000000
7264.32482	19.000000
7266.1422	19.000000
7267.95958	19.000000
7269.77696	39.000000
7271.59434	33.000000
7273.41172	41.000000
7275.2291	40.000000
7277.04648	25.000000
7278.86386	15.000000
7280.68124	19.000000
7282.49862	21.000000
7284.316	16.000000
7286.13338	18.000000
7287.95076	30.000000
7289.76814	23.000000
7291.58552	16.000000
7293.4029	17.000000
7295.22028	20.000000
7297.03766	14.000000
7298.85504	16.000000
7300.67242	22.000000
7302.4898	17.000000
7304.30718	24.000000
7306.12456	20.000000
7307.94194	21.000000
7309.75932	23.000000
7311.5767	25.000000
7313.39408	26.000000
7315.21146	18.000000
7317.02884	25.000000
7318.84622	33.000000
7320.6636	31.000000
7322.48098	22.000000
7324.29836	22.000000
7326.11574	17.000000
7327.93312	14.000000
7329.7505	14.000000
7331.56788	18.000000
7333.38526	16.000000
7335.20264	19.000000
7337.02002	17.000000
7338.8374	14.000000
7340.65478	22.000000
7342.47216	26.000000
7344.28954	19.000000
7346.10692	23.000000
7347.9243	31.000000
7349.74168	20.000000
7351.55906	16.000000
7353.37644	19.000000
7355.19382	23.000000
7357.0112	18.000000
7358.82858	22.000000
7360.64596	17.000000
7362.46334	26.000000
7364.28072	25.000000
7366.0981	24.000000
7367.91548	25.000000
7369.73286	29.000000
7371.55024	46.000000
7373.36762	41.000000
7375.185	14.000000
7377.00238	25.000000
7378.81976	35.000000
7380.63714	97.000000
7382.45452	172.000000
7384.2719	204.000000
7386.08928	184.000000
7387.90666	110.000000
7389.72404	16.000000
7391.54142	0.000000
7393.3588	10.000000
7395.17618	22.000000
7396.99356	23.000000
7398.81094	25.000000
7400.62832	34.000000
7402.4457	27.000000
7404.26308	15.000000
7406.08046	16.000000
7407.89784	24.000000
7409.71522	22.000000
7411.5326	12.000000
7413.34998	13.000000
7415.16736	25.000000
7416.98474	22.000000
7418.80212	23.000000
7420.6195	33.000000
7422.43688	32.000000
7424.25426	17.000000
7426.07164	28.000000
7427.88902	29.000000
7429.7064	6.000000
7431.52378	21.000000
7433.34116	29.000000
7435.15854	166.000000
7436.97592	384.000000
7438.7933	420.000000
7440.61068	396.000000
7442.42806	295.000000
7444.24544	17.000000
7446.06282	4.000000
7447.8802	2.000000
7449.69758	22.000000
7451.51496	19.000000
7453.33234	16.000000
7455.14972	23.000000
7456.9671	28.000000
7458.78448	24.000000
7460.60186	22.000000
7462.41924	19.000000
7464.23662	20.000000
7466.054	19.000000
7467.87138	15.000000
7469.68876	29.000000
7471.50614	37.000000
7473.32352	51.000000
7475.1409	67.000000
7476.95828	15.000000
7478.77566	3.000000
7480.59304	6.000000
7482.41042	29.000000
7484.2278	80.000000
7486.04518	209.000000
7487.86256	358.000000
7489.67994	368.000000
7491.49732	273.000000
7493.3147	157.000000
7495.13208	42.000000
7496.94946	61.000000
7498.76684	88.000000
7500.58422	365.000000
7502.4016	836.000000
7504.21898	865.000000
7506.03636	688.000000
7507.85374	413.000000
7509.67112	104.000000
7511.4885	97.000000
7513.30588	424.000000
7515.12326	513.000000
7516.94064	405.000000
7518.75802	254.000000
7520.5754	18.000000
7522.39278	2.000000
7524.21016	15.000000
7526.02754	12.000000
7527.84492	5.000000
7529.6623	32.000000
7531.47968	122.000000
7533.29706	240.000000
7535.11444	390.000000
7536.93182	382.000000
7538.7492	225.000000
7540.56658	135.000000
7542.38396	152.000000
7544.20134	155.000000
7546.01872	180.000000
7547.8361	118.000000
7549.65348	9.000000
7551.47086	8.000000
7553.28824	15.000000
7555.10562	27.000000
7556.923	29.000000
7558.74038	21.000000
7560.55776	21.000000
7562.37514	30.000000
7564.19252	32.000000
7566.0099	33.000000
7567.82728	28.000000
7569.64466	23.000000
7571.46204	25.000000
7573.27942	27.000000
7575.0968	26.000000
7576.91418	27.000000
7578.73156	17.000000
7580.54894	10.000000
7582.36632	25.000000
7584.1837	23.000000
7586.00108	19.000000
7587.81846	36.000000
7589.63584	33.000000
7591.45322	19.000000
7593.2706	27.000000
7595.08798	24.000000
7596.90536	18.000000
7598.72274	33.000000
7600.54012	15.000000
7602.3575	16.000000
7604.17488	16.000000
7605.99226	40.000000
7607.80964	32.000000
7609.62702	31.000000
7611.4444	38.000000
7613.26178	23.000000
7615.07916	15.000000
7616.89654	30.000000
7618.71392	19.000000
7620.5313	22.000000
7622.34868	18.000000
7624.16606	26.000000
7625.98344	21.000000
7627.80082	32.000000
7629.6182	36.000000
7631.43558	213.000000
7633.25296	685.000000
7635.07034	785.000000
7636.88772	696.000000
7638.7051	481.000000
7640.52248	43.000000
7642.33986	8.000000
7644.15724	0.000000
7645.97462	12.000000
7647.792	5.000000
7649.60938	23.000000
7651.42676	36.000000
7653.24414	25.000000
7655.06152	26.000000
7656.8789	34.000000
7658.69628	32.000000
7660.51366	24.000000
7662.33104	19.000000
7664.14842	23.000000
7665.9658	15.000000
7667.78318	17.000000
7669.60056	19.000000
7671.41794	20.000000
7673.23532	19.000000
7675.0527	19.000000
7676.87008	21.000000
7678.68746	25.000000
7680.50484	19.000000
7682.32222	20.000000
7684.1396	16.000000
7685.95698	15.000000
7687.77436	23.000000
7689.59174	24.000000
7691.40912	17.000000
7693.2265	18.000000
7695.04388	19.000000
7696.86126	25.000000
7698.67864	23.000000
7700.49602	21.000000
7702.3134	23.000000
7704.13078	21.000000
7705.94816	21.000000
7707.76554	8.000000
7709.58292	19.000000
7711.4003	22.000000
7713.21768	29.000000
7715.03506	2.000000
7716.85244	0.000000
7718.66982	30.000000
7720.4872	198.000000
7722.30458	310.000000
7724.12196	376.000000
7725.93934	334.000000
7727.75672	178.000000
7729.5741	48.000000
7731.39148	10.000000
7733.20886	5.000000
7735.02624	24.000000
7736.84362	26.000000
7738.661	24.000000
7740.47838	25.000000
7742.29576	27.000000
7744.11314	33.000000
7745.93052	34.000000
7747.7479	23.000000
7749.56528	15.000000
7751.38266	14.000000
7753.20004	18.000000
7755.01742	28.000000
7756.8348	39.000000
7758.65218	39.000000
7760.46956	25.000000
7762.28694	19.000000
7764.10432	14.000000
7765.9217	18.000000
7767.73908	22.000000
7769.55646	17.000000
7771.37384	17.000000
7773.19122	25.000000
7775.0086	16.000000
7776.82598	16.000000
7778.64336	20.000000
7780.46074	20.000000
7782.27812	24.000000
7784.0955	24.000000
7785.91288	27.000000
7787.73026	29.000000
7789.54764	24.000000
7791.36502	22.000000
7793.1824	20.000000
7794.99978	13.000000
7796.81716	16.000000
7798.63454	30.000000
7800.45192	29.000000
7802.2693	17.000000
7804.08668	19.000000
7805.90406	25.000000
7807.72144	30.000000
7809.53882	44.000000
7811.3562	12.000000
7813.17358	16.000000
7814.99096	18.000000
7816.80834	20.000000
7818.62572	20.000000
7820.4431	20.000000
7822.26048	25.000000
7824.07786	30.000000
7825.89524	38.000000
7827.71262	32.000000
7829.53	20.000000
7831.34738	18.000000
7833.16476	23.000000
7834.98214	28.000000
7836.79952	22.000000
7838.6169	21.000000
7840.43428	31.000000
7842.25166	22.000000
7844.06904	19.000000
7845.88642	14.000000
7847.7038	11.000000
7849.52118	18.000000
7851.33856	24.000000
7853.15594	21.000000
7854.97332	14.000000
7856.7907	18.000000
7858.60808	18.000000
7860.42546	17.000000
7862.24284	18.000000
7864.06022	22.000000
7865.8776	28.000000
7867.69498	28.000000
7869.51236	18.000000
7871.32974	22.000000
7873.14712	26.000000
7874.9645	25.000000
7876.78188	15.000000
7878.59926	17.000000
7880.41664	26.000000
7882.23402	21.000000
7884.0514	11.000000
7885.86878	10.000000
7887.68616	17.000000
7889.50354	31.000000
7891.32092	39.000000
7893.1383	32.000000
7894.95568	25.000000
7896.77306	25.000000
7898.59044	25.000000
7900.40782	20.000000
7902.2252	15.000000
7904.04258	17.000000
7905.85996	21.000000
7907.67734	19.000000
7909.49472	22.000000
7911.3121	23.000000
7913.12948	13.000000
7914.94686	15.000000
7916.76424	17.000000
7918.58162	19.000000
7920.399	23.000000
7922.21638	28.000000
7924.03376	26.000000
7925.85114	22.000000
7927.66852	26.000000
7929.4859	35.000000
7931.30328	29.000000
7933.12066	15.000000
7934.93804	24.000000
7936.75542	36.000000
7938.5728	18.000000
7940.39018	5.000000
7942.20756	2.000000
7944.02494	107.000000
7945.84232	330.000000
7947.6597	438.000000
7949.47708	435.000000
7951.29446	345.000000
7953.11184	149.000000
7954.92922	13.000000
7956.7466	10.000000
7958.56398	5.000000
7960.38136	15.000000
7962.19874	18.000000
7964.01612	40.000000
7965.8335	42.000000
7967.65088	22.000000
7969.46826	23.000000
7971.28564	25.000000
7973.10302	24.000000
7974.9204	29.000000
7976.73778	23.000000
7978.55516	15.000000
7980.37254	18.000000
7982.18992	29.000000
7984.0073	27.000000
7985.82468	23.000000
7987.64206	20.000000
7989.45944	19.000000
7991.27682	21.000000
7993.0942	23.000000
7994.91158	23.000000
7996.72896	21.000000
7998.54634	21.000000
8000.36372	15.000000
8002.1811	44.000000
8003.99848	112.000000
8005.81586	151.000000
8007.63324	149.000000
8009.45062	132.000000
8011.268	129.000000
8013.08538	160.000000
8014.90276	205.000000
8016.72014	212.000000
8018.53752	150.000000
8020.3549	63.000000
8022.17228	15.000000
8023.98966	9.000000
8025.80704	15.000000
8027.62442	32.000000
8029.4418	26.000000
8031.25918	20.000000
8033.07656	10.000000
8034.89394	19.000000
8036.71132	45.000000
8038.5287	41.000000
8040.34608	26.000000
8042.16346	21.000000
8043.98084	19.000000
8045.79822	21.000000
8047.6156	22.000000
8049.43298	18.000000
8051.25036	29.000000
8053.06774	24.000000
8054.88512	5.000000
8056.7025	1.000000
8058.51988	0.000000
8060.33726	2.000000
8062.15464	9.000000
8063.97202	10.000000
8065.7894	4.000000
8067.60678	2.000000
8069.42416	5.000000
8071.24154	3.000000
8073.05892	6.000000
8074.8763	5.000000
8076.69368	13.000000
8078.51106	21.000000
8080.32844	12.000000
8082.14582	6.000000
8083.9632	9.000000
8085.78058	4.000000
8087.59796	20.000000
8089.41534	15.000000
8091.23272	10.000000
8093.0501	8.000000
8094.86748	8.000000
8096.68486	15.000000
8098.50224	48.000000
8100.31962	217.000000
8102.137	348.000000
8103.95438	435.000000
8105.77176	416.000000
8107.58914	202.000000
8109.40652	64.000000
8111.2239	161.000000
8113.04128	593.000000
8114.85866	953.000000
8116.67604	999.000000
8118.49342	804.000000
8120.3108	456.000000
8122.12818	45.000000
8123.94556	8.000000
8125.76294	7.000000
8127.58032	5.000000
8129.3977	16.000000
8131.21508	17.000000
8133.03246	20.000000
8134.84984	57.000000
8136.66722	89.000000
8138.4846	68.000000
8140.30198	29.000000
8142.11936	8.000000
8143.93674	7.000000
8145.75412	0.000000
8147.5715	0.000000
8149.38888	4.000000
8151.20626	15.000000
8153.02364	11.000000
8154.84102	1.000000
8156.6584	2.000000
8158.47578	13.000000
8160.29316	11.000000
8162.11054	6.000000
8163.92792	4.000000
8165.7453	6.000000
8167.56268	4.000000
8169.38006	2.000000
8171.19744	10.000000
8173.01482	22.000000
8174.8322	6.000000
8176.64958	1.000000
8178.46696	0.000000
8180.28434	5.000000
8182.10172	7.000000
8183.9191	4.000000
8185.73648	4.000000
8187.55386	6.000000
8189.37124	3.000000
8191.18862	5.000000
8193.006	4.000000
8194.82338	0.000000
8196.64076	1.000000
8198.45814	3.000000
8200.27552	5.000000
8202.0929	3.000000
8203.91028	4.000000
8205.72766	5.000000
8207.54504	13.000000
8209.36242	7.000000
8211.1798	2.000000
8212.99718	5.000000
8214.81456	3.000000
8216.63194	4.000000
8218.44932	10.000000
8220.2667	13.000000
8222.08408	4.000000
8223.90146	0.000000
8225.71884	1.000000
8227.53622	3.000000
8229.3536	7.000000
8231.17098	2.000000
8232.98836	3.000000
8234.80574	3.000000
8236.62312	3.000000
8238.4405	1.000000
8240.25788	1.000000
8242.07526	2.000000
8243.89264	5.000000
8245.71002	6.000000
8247.5274	10.000000
8249.34478	1.000000
8251.16216	1.000000
8252.97954	5.000000
8254.79692	2.000000
8256.6143	0.000000
8258.43168	8.000000
8260.24906	8.000000
8262.06644	135.000000
8263.88382	299.000000
8265.7012	352.000000
8267.51858	280.000000
8269.33596	168.000000
8271.15334	9.000000
8272.97072	2.000000
8274.7881	8.000000
8276.60548	0.000000
8278.42286	2.000000
8280.24024	0.000000
8282.05762	2.000000
8283.875	3.000000
8285.69238	13.000000
8287.50976	8.000000
8289.32714	0.000000
8291.14452	7.000000
8292.9619	4.000000
8294.77928	1.000000
8296.59666	4.000000
8298.41404	118.000000
8300.23142	255.000000
8302.0488	247.000000
8303.86618	188.000000
8305.68356	104.000000
8307.50094	1.000000
8309.31832	0.000000
8311.1357	13.000000
8312.95308	0.000000
8314.77046	0.000000
8316.58784	3.000000
8318.40522	8.000000
8320.2226	9.000000
8322.03998	7.000000
8323.85736	6.000000
8325.67474	10.000000
8327.49212	8.000000
8329.3095	6.000000
8331.12688	10.000000
8332.94426	7.000000
8334.76164	11.000000
8336.57902	3.000000
8338.3964	3.000000
8340.21378	8.000000
8342.03116	16.000000
8343.84854	9.000000
8345.66592	4.000000
8347.4833	11.000000
8349.30068	20.000000
8351.11806	25.000000
8352.93544	10.000000
8354.75282	0.000000
8356.5702	2.000000
8358.38758	5.000000
8360.20496	7.000000
8362.02234	13.000000
8363.83972	19.000000
8365.6571	52.000000
8367.47448	50.000000
8369.29186	43.000000
8371.10924	12.000000
8372.92662	10.000000
8374.744	109.000000
8376.56138	777.000000
8378.37876	1028.000000
8380.19614	967.000000
8382.01352	698.000000
8383.8309	98.000000
8385.64828	8.000000
8387.46566	2.000000
8389.28304	3.000000
8391.10042	14.000000
8392.9178	14.000000
8394.73518	14.000000
8396.55256	14.000000
8398.36994	10.000000
8400.18732	2.000000
8402.0047	8.000000
8403.82208	2.000000
8405.63946	103.000000
8407.45684	329.000000
8409.27422	498.000000
8411.0916	450.000000
8412.90898	225.000000
8414.72636	12.000000
8416.54374	21.000000
8418.36112	130.000000
8420.1785	145.000000
8421.99588	227.000000
8423.81326	376.000000
8425.63064	460.000000
8427.44802	436.000000
8429.2654	307.000000
8431.08278	32.000000
8432.90016	6.000000
8434.71754	2.000000
8436.53492	2.000000
8438.3523	17.000000
8440.16968	19.000000
8441.98706	2.000000
8443.80444	3.000000
8445.62182	16.000000
8447.4392	20.000000
8449.25658	7.000000
8451.07396	8.000000
8452.89134	11.000000
8454.70872	1.000000
8456.5261	2.000000
8458.34348	13.000000
8460.16086	3.000000
8461.97824	6.000000
8463.79562	50.000000
8465.613	49.000000
8467.43038	15.000000
8469.24776	4.000000
8471.06514	8.000000
8472.88252	11.000000
8474.6999	7.000000
8476.51728	6.000000
8478.33466	7.000000
8480.15204	8.000000
8481.96942	15.000000
8483.7868	4.000000
8485.60418	12.000000
8487.42156	14.000000
8489.23894	0.000000
8491.05632	8.000000
8492.8737	67.000000
8494.69108	452.000000
8496.50846	704.000000
8498.32584	677.000000
8500.14322	393.000000
8501.9606	14.000000
8503.77798	1.000000
8505.59536	1.000000
8507.41274	4.000000
8509.23012	5.000000
8511.0475	4.000000
8512.86488	5.000000
8514.68226	11.000000
8516.49964	2.000000
8518.31702	2.000000
8520.1344	127.000000
8521.95178	319.000000
8523.76916	362.000000
8525.58654	265.000000
8527.40392	97.000000
8529.2213	0.000000
8531.03868	0.000000
8532.85606	0.000000
8534.67344	0.000000
8536.49082	4.000000
8538.3082	14.000000
8540.12558	10.000000
8541.94296	6.000000
8543.76034	8.000000
8545.57772	15.000000
8547.3951	17.000000
8549.21248	12.000000
8551.02986	3.000000
8552.84724	3.000000
8554.66462	9.000000
8556.482	5.000000
8558.29938	4.000000
8560.11676	7.000000
8561.93414	6.000000
8563.75152	4.000000
8565.5689	13.000000
8567.38628	14.000000
8569.20366	2.000000
8571.02104	6.000000
8572.83842	12.000000
8574.6558	3.000000
8576.47318	1.000000
8578.29056	3.000000
8580.10794	2.000000
8581.92532	11.000000
8583.7427	16.000000
8585.56008	2.000000
8587.37746	1.000000
8589.19484	18.000000
8591.01222	119.000000
8592.8296	164.000000
8594.64698	157.000000
8596.46436	102.000000
8598.28174	5.000000
8600.09912	0.000000
8601.9165	4.000000
8603.73388	2.000000
8605.55126	12.000000
8607.36864	14.000000
8609.18602	4.000000
8611.0034	1.000000
8612.82078	13.000000
8614.63816	3.000000
8616.45554	1.000000
8618.27292	19.000000
8620.0903	12.000000
8621.90768	0.000000
8623.72506	8.000000
8625.54244	13.000000
8627.35982	4.000000
8629.1772	0.000000
8630.99458	0.000000
8632.81196	20.000000
8634.62934	192.000000
8636.44672	255.000000
8638.2641	230.000000
8640.08148	149.000000
8641.89886	17.000000
8643.71624	1.000000
8645.53362	12.000000
8647.351	17.000000
8649.16838	2.000000
8650.98576	0.000000
8652.80314	77.000000
8654.62052	213.000000
8656.4379	287.000000
8658.25528	245.000000
8660.07266	129.000000
8661.89004	10.000000
8663.70742	1.000000
8665.5248	5.000000
8667.34218	32.000000
8669.15956	34.000000
8670.97694	43.000000
8672.79432	33.000000
8674.6117	15.000000
8676.42908	0.000000
8678.24646	1.000000
8680.06384	55.000000
8681.88122	119.000000
8683.6986	124.000000
8685.51598	111.000000
8687.33336	64.000000
8689.15074	16.000000
8690.96812	1.000000
8692.7855	2.000000
8694.60288	3.000000
8696.42026	5.000000
8698.23764	5.000000
8700.05502	3.000000
8701.8724	4.000000
8703.68978	9.000000
8705.50716	13.000000
8707.32454	27.000000
8709.14192	24.000000
8710.9593	6.000000
8712.77668	3.000000
8714.59406	3.000000
8716.41144	3.000000
8718.22882	3.000000
8720.0462	3.000000
8721.86358	1.000000
8723.68096	1.000000
8725.49834	10.000000
8727.31572	14.000000
8729.1331	3.000000
8730.95048	2.000000
8732.76786	7.000000
8734.58524	10.000000
8736.40262	5.000000
8738.22	1.000000
8740.03738	3.000000
8741.85476	7.000000
8743.67214	7.000000
8745.48952	1.000000
8747.3069	1.000000
8749.12428	5.000000
8750.94166	10.000000
8752.75904	6.000000
8754.57642	2.000000
8756.3938	4.000000
8758.21118	5.000000
8760.02856	13.000000
8761.84594	16.000000
8763.66332	15.000000
8765.4807	5.000000
8767.29808	2.000000
8769.11546	2.000000
8770.93284	6.000000
8772.75022	48.000000
8774.5676	27.000000
8776.38498	10.000000
8778.20236	10.000000
8780.01974	149.000000
8781.83712	304.000000
8783.6545	375.000000
8785.47188	357.000000
8787.28926	238.000000
8789.10664	136.000000
8790.92402	44.000000
8792.7414	0.000000
8794.55878	0.000000
8796.37616	1.000000
8798.19354	8.000000
8800.01092	1.000000
8801.8283	9.000000
8803.64568	17.000000
8805.46306	13.000000
8807.28044	6.000000
8809.09782	6.000000
8810.9152	4.000000
8812.73258	5.000000
8814.54996	3.000000
8816.36734	3.000000
8818.18472	6.000000
8820.0021	6.000000
8821.81948	7.000000
8823.63686	2.000000
8825.45424	3.000000
8827.27162	4.000000
8829.089	9.000000
8830.90638	7.000000
8832.72376	4.000000
8834.54114	8.000000
8836.35852	7.000000
8838.1759	18.000000
8839.99328	23.000000
8841.81066	6.000000
8843.62804	1.000000
8845.44542	3.000000
8847.2628	4.000000
8849.08018	1.000000
8850.89756	9.000000
8852.71494	59.000000
8854.53232	132.000000
8856.3497	174.000000
8858.16708	149.000000
8859.98446	86.000000
8861.80184	22.000000
8863.61922	7.000000
8865.4366	26.000000
8867.25398	83.000000
8869.07136	106.000000
8870.88874	95.000000
8872.70612	50.000000
8874.5235	10.000000
8876.34088	3.000000
8878.15826	2.000000
8879.97564	0.000000
8881.79302	5.000000
8883.6104	5.000000
8885.42778	5.000000
8887.24516	2.000000
8889.06254	5.000000
8890.87992	2.000000
8892.6973	0.000000
8894.51468	0.000000
8896.33206	9.000000
8898.14944	7.000000
8899.96682	2.000000
8901.7842	6.000000
8903.60158	4.000000
8905.41896	2.000000
8907.23634	0.000000
8909.05372	7.000000
8910.8711	10.000000
8912.68848	6.000000
8914.50586	4.000000
8916.32324	0.000000
8918.14062	7.000000
8919.958	42.000000
8921.77538	48.000000
8923.59276	38.000000
8925.41014	15.000000
8927.22752	4.000000
8929.0449	8.000000
8930.86228	10.000000
8932.67966	4.000000
8934.49704	6.000000
8936.31442	4.000000
8938.1318	0.000000
8939.94918	10.000000
8941.76656	15.000000
8943.58394	1.000000
8945.40132	1.000000
8947.2187	7.000000
8949.03608	15.000000
8950.85346	13.000000
8952.67084	7.000000
8954.48822	5.000000
8956.3056	5.000000
8958.12298	7.000000
8959.94036	15.000000
8961.75774	8.000000
8963.57512	4.000000
8965.3925	8.000000
8967.20988	25.000000
8969.02726	11.000000
8970.84464	1.000000
8972.66202	5.000000
8974.4794	13.000000
8976.29678	14.000000
8978.11416	9.000000
8979.93154	6.000000
8981.74892	2.000000
8983.5663	1.000000
8985.38368	1.000000
8987.20106	2.000000
8989.01844	5.000000
8990.83582	2.000000
8992.6532	12.000000
8994.47058	25.000000
8996.28796	17.000000
8998.10534	3.000000
8999.92272	1.000000
9001.7401	10.000000
9003.55748	8.000000
9005.37486	3.000000
9007.19224	2.000000
9009.00962	6.000000
9010.827	7.000000
9012.64438	7.000000
9014.46176	5.000000
9016.27914	5.000000
9018.09652	8.000000
9019.9139	1.000000
9021.73128	2.000000
9023.54866	4.000000
9025.36604	4.000000
9027.18342	12.000000
9029.0008	19.000000
9030.81818	11.000000
9032.63556	9.000000
9034.45294	5.000000
9036.27032	4.000000
9038.0877	9.000000
9039.90508	11.000000
9041.72246	8.000000
9043.53984	5.000000
9045.35722	3.000000
9047.1746	0.000000
9048.99198	7.000000
9050.80936	16.000000
9052.62674	12.000000
9054.44412	7.000000
9056.2615	8.000000
9058.07888	8.000000
9059.89626	4.000000
9061.71364	12.000000
9063.53102	3.000000
9065.3484	3.000000
9067.16578	15.000000
9068.98316	11.000000
9070.80054	3.000000
9072.61792	2.000000
9074.4353	11.000000
9076.25268	2.000000
9078.07006	3.000000
9079.88744	2.000000
9081.70482	0.000000
9083.5222	6.000000
9085.33958	11.000000
9087.15696	12.000000
9088.97434	11.000000
9090.79172	17.000000
9092.6091	6.000000
9094.42648	0.000000
9096.24386	5.000000
9098.06124	11.000000
9099.87862	8.000000
9101.696	6.000000
9103.51338	11.000000
9105.33076	15.000000
9107.14814	4.000000
9108.96552	3.000000
9110.7829	20.000000
9112.60028	18.000000
9114.41766	7.000000
9116.23504	3.000000
9118.05242	1.000000
9119.8698	67.000000
9121.68718	180.000000
9123.50456	276.000000
9125.32194	384.000000
9127.13932	448.000000
9128.9567	439.000000
9130.77408	340.000000
9132.59146	165.000000
9134.40884	45.000000
9136.22622	12.000000
9138.0436	4.000000
9139.86098	2.000000
9141.67836	8.000000
9143.49574	10.000000
9145.31312	4.000000
9147.1305	11.000000
9148.94788	16.000000
9150.76526	8.000000
9152.58264	18.000000
9154.40002	32.000000
9156.2174	24.000000
9158.03478	10.000000
9159.85216	11.000000
9161.66954	10.000000
9163.48692	5.000000
9165.3043	4.000000
9167.12168	5.000000
9168.93906	4.000000
9170.75644	0.000000
9172.57382	3.000000
9174.3912	4.000000
9176.20858	10.000000
9178.02596	9.000000
9179.84334	8.000000
9181.66072	5.000000
9183.4781	6.000000
9185.29548	4.000000
9187.11286	2.000000
9188.93024	3.000000
9190.74762	5.000000
9192.565	11.000000
9194.38238	2.000000
9196.19976	3.000000
9198.01714	3.000000
9199.83452	46.000000
9201.6519	25.000000
9203.46928	14.000000
9205.28666	3.000000
